1
32 1 3.0 0.0 1000.0 3 160 240 100

6.5 13.5 29.3 58.5
13.0 27.0 58.5 117.0
19.5 40.5 87.8 175.5
26.0 54.0 117.0 234.0
39.0 81.0 175.5 351.0
52.0 108.0 234.0 468.0
58.5 121.5 263.3 526.5
65.0 135.0 292.5 585.0
78.0 162.0 351.0 702.0
0.0 180.0 390.0 780.0

2.0 5.0 8.0 11.0
5.0 8.0 11.0 14.0
9.0 12.0 15.0 18.0
11.0 14.0 17.0 20.0
15.0 18.0 21.0 24.0
18.0 21.0 24.0 27.0
20.0 23.0 26.0 29.0
25.0 28.0 31.0 34.0
29.0 32.0 35.0 38.0
0.0 34.0 37.0 40.0

55.0 130.0
74.0 47.0
245.0 51.0
218.0 70.0
118.0 140.0
207.0 240.0
159.0 30.0
220.0 165.0
53.0 24.0
196.0 187.0
37.0 227.0
69.0 243.0
75.0 78.0
237.0 126.0
250.0 239.0
49.0 5.0
70.0 117.0
181.0 153.0
199.0 92.0
56.0 91.0
188.0 106.0
47.0 235.0
101.0 63.0
4.0 121.0
221.0 74.0
219.0 177.0
119.0 105.0
231.0 243.0
139.0 207.0
222.0 164.0
211.0 3.0
37.0 70.0

59.0 135.0
79.0 51.0
251.0 57.0
224.0 75.0
123.0 146.0
213.0 245.0
165.0 34.0
225.0 170.0
57.0 29.0
201.0 192.0
42.0 232.0
75.0 248.0
79.0 83.0
242.0 131.0
255.0 245.0
54.0 11.0
75.0 122.0
187.0 158.0
204.0 96.0
60.0 95.0
193.0 111.0
53.0 240.0
107.0 68.0
10.0 126.0
226.0 79.0
223.0 183.0
124.0 110.0
235.0 248.0
145.0 212.0
228.0 170.0
217.0 9.0
42.0 75.0
