1
32 1 3.0 0.0 1000.0 3 160 240 100

6.5 13.5 29.3 58.5
13.0 27.0 58.5 117.0
19.5 40.5 87.8 175.5
26.0 54.0 117.0 234.0
39.0 81.0 175.5 351.0
52.0 108.0 234.0 468.0
58.5 121.5 263.3 526.5
65.0 135.0 292.5 585.0
78.0 162.0 351.0 702.0
0.0 180.0 390.0 780.0

2.0 5.0 8.0 11.0
5.0 8.0 11.0 14.0
9.0 12.0 15.0 18.0
11.0 14.0 17.0 20.0
15.0 18.0 21.0 24.0
18.0 21.0 24.0 27.0
20.0 23.0 26.0 29.0
25.0 28.0 31.0 34.0
29.0 32.0 35.0 38.0
0.0 34.0 37.0 40.0

195.0 62.0
190.0 121.0
200.0 67.0
39.0 207.0
119.0 34.0
183.0 138.0
238.0 194.0
72.0 141.0
241.0 20.0
72.0 12.0
181.0 117.0
109.0 87.0
107.0 219.0
126.0 67.0
233.0 3.0
134.0 66.0
95.0 226.0
235.0 56.0
219.0 36.0
11.0 196.0
110.0 82.0
27.0 98.0
217.0 152.0
241.0 148.0
60.0 98.0
166.0 53.0
39.0 126.0
219.0 108.0
249.0 115.0
226.0 231.0
185.0 147.0
129.0 132.0

200.0 67.0
195.0 125.0
205.0 72.0
44.0 212.0
124.0 38.0
187.0 143.0
243.0 199.0
76.0 146.0
246.0 25.0
76.0 16.0
187.0 122.0
114.0 92.0
111.0 224.0
131.0 71.0
238.0 9.0
140.0 71.0
100.0 230.0
239.0 61.0
224.0 41.0
16.0 200.0
115.0 87.0
32.0 102.0
221.0 157.0
246.0 154.0
66.0 104.0
171.0 57.0
44.0 131.0
224.0 114.0
254.0 121.0
231.0 235.0
190.0 151.0
135.0 137.0
