1
32 1 3.0 0.0 1000.0 3 160 240 100

6.5 13.5 29.3 58.5
13.0 27.0 58.5 117.0
19.5 40.5 87.8 175.5
26.0 54.0 117.0 234.0
39.0 81.0 175.5 351.0
52.0 108.0 234.0 468.0
58.5 121.5 263.3 526.5
65.0 135.0 292.5 585.0
78.0 162.0 351.0 702.0
0.0 180.0 390.0 780.0

2.0 5.0 8.0 11.0
5.0 8.0 11.0 14.0
9.0 12.0 15.0 18.0
11.0 14.0 17.0 20.0
15.0 18.0 21.0 24.0
18.0 21.0 24.0 27.0
20.0 23.0 26.0 29.0
25.0 28.0 31.0 34.0
29.0 32.0 35.0 38.0
0.0 34.0 37.0 40.0

119.0 106.0
125.0 73.0
194.0 134.0
135.0 116.0
243.0 185.0
20.0 49.0
139.0 166.0
57.0 116.0
21.0 179.0
39.0 207.0
148.0 67.0
129.0 48.0
34.0 188.0
124.0 110.0
6.0 128.0
219.0 120.0
117.0 110.0
89.0 97.0
199.0 208.0
231.0 139.0
113.0 235.0
42.0 32.0
99.0 28.0
170.0 29.0
163.0 148.0
5.0 240.0
18.0 75.0
219.0 106.0
162.0 43.0
96.0 29.0
218.0 232.0
187.0 247.0

124.0 111.0
131.0 78.0
199.0 138.0
141.0 121.0
247.0 190.0
25.0 53.0
144.0 172.0
61.0 121.0
26.0 184.0
43.0 212.0
152.0 71.0
134.0 53.0
40.0 194.0
130.0 115.0
10.0 134.0
223.0 126.0
121.0 115.0
94.0 102.0
205.0 213.0
236.0 143.0
117.0 240.0
47.0 36.0
103.0 33.0
176.0 33.0
168.0 152.0
9.0 245.0
23.0 80.0
223.0 112.0
167.0 49.0
101.0 34.0
223.0 237.0
191.0 252.0
