1
32 1 3.0 0.0 1000.0 3 160 240 100

6.5 13.5 29.3 58.5
13.0 27.0 58.5 117.0
19.5 40.5 87.8 175.5
26.0 54.0 117.0 234.0
39.0 81.0 175.5 351.0
52.0 108.0 234.0 468.0
58.5 121.5 263.3 526.5
65.0 135.0 292.5 585.0
78.0 162.0 351.0 702.0
0.0 180.0 390.0 780.0

2.0 5.0 8.0 11.0
5.0 8.0 11.0 14.0
9.0 12.0 15.0 18.0
11.0 14.0 17.0 20.0
15.0 18.0 21.0 24.0
18.0 21.0 24.0 27.0
20.0 23.0 26.0 29.0
25.0 28.0 31.0 34.0
29.0 32.0 35.0 38.0
0.0 34.0 37.0 40.0

235.0 64.0
30.0 214.0
155.0 163.0
213.0 3.0
198.0 81.0
52.0 143.0
8.0 166.0
37.0 236.0
236.0 220.0
147.0 242.0
197.0 209.0
63.0 216.0
185.0 217.0
188.0 28.0
105.0 91.0
57.0 201.0
103.0 79.0
200.0 39.0
222.0 0.0
168.0 20.0
155.0 134.0
169.0 29.0
222.0 8.0
131.0 30.0
40.0 120.0
40.0 101.0
135.0 168.0
219.0 89.0
74.0 196.0
36.0 168.0
6.0 94.0
81.0 170.0

239.0 69.0
36.0 219.0
161.0 168.0
219.0 8.0
203.0 85.0
57.0 148.0
13.0 170.0
42.0 242.0
240.0 226.0
153.0 246.0
203.0 215.0
67.0 222.0
190.0 222.0
192.0 33.0
110.0 96.0
63.0 207.0
109.0 84.0
206.0 43.0
228.0 5.0
172.0 24.0
160.0 139.0
173.0 33.0
228.0 13.0
135.0 35.0
45.0 125.0
45.0 106.0
141.0 174.0
223.0 93.0
79.0 201.0
41.0 172.0
12.0 100.0
87.0 176.0
