1
32 1 3.0 0.0 1000.0 3 160 240 100

6.5 13.5 29.3 58.5
13.0 27.0 58.5 117.0
19.5 40.5 87.8 175.5
26.0 54.0 117.0 234.0
39.0 81.0 175.5 351.0
52.0 108.0 234.0 468.0
58.5 121.5 263.3 526.5
65.0 135.0 292.5 585.0
78.0 162.0 351.0 702.0
0.0 180.0 390.0 780.0

2.0 5.0 8.0 11.0
5.0 8.0 11.0 14.0
9.0 12.0 15.0 18.0
11.0 14.0 17.0 20.0
15.0 18.0 21.0 24.0
18.0 21.0 24.0 27.0
20.0 23.0 26.0 29.0
25.0 28.0 31.0 34.0
29.0 32.0 35.0 38.0
0.0 34.0 37.0 40.0

24.0 116.0
246.0 126.0
246.0 30.0
61.0 246.0
245.0 211.0
156.0 200.0
137.0 115.0
30.0 71.0
155.0 217.0
92.0 23.0
24.0 202.0
38.0 92.0
155.0 43.0
214.0 116.0
57.0 194.0
3.0 187.0
161.0 157.0
86.0 51.0
71.0 18.0
15.0 179.0
66.0 82.0
57.0 88.0
244.0 79.0
118.0 248.0
248.0 199.0
95.0 19.0
104.0 54.0
87.0 108.0
227.0 200.0
176.0 81.0
2.0 179.0
96.0 69.0

28.0 120.0
251.0 130.0
251.0 34.0
66.0 251.0
251.0 215.0
161.0 204.0
142.0 119.0
35.0 76.0
160.0 223.0
97.0 28.0
30.0 207.0
44.0 97.0
161.0 48.0
218.0 122.0
62.0 200.0
8.0 192.0
165.0 162.0
90.0 55.0
77.0 23.0
20.0 184.0
72.0 86.0
61.0 94.0
249.0 83.0
122.0 254.0
254.0 205.0
99.0 24.0
108.0 59.0
92.0 113.0
232.0 205.0
181.0 86.0
8.0 183.0
102.0 74.0
