1
32 1 3.0 0.0 1000.0 3 160 240 100

6.5 13.5 29.3 58.5
13.0 27.0 58.5 117.0
19.5 40.5 87.8 175.5
26.0 54.0 117.0 234.0
39.0 81.0 175.5 351.0
52.0 108.0 234.0 468.0
58.5 121.5 263.3 526.5
65.0 135.0 292.5 585.0
78.0 162.0 351.0 702.0
0.0 180.0 390.0 780.0

2.0 5.0 8.0 11.0
5.0 8.0 11.0 14.0
9.0 12.0 15.0 18.0
11.0 14.0 17.0 20.0
15.0 18.0 21.0 24.0
18.0 21.0 24.0 27.0
20.0 23.0 26.0 29.0
25.0 28.0 31.0 34.0
29.0 32.0 35.0 38.0
0.0 34.0 37.0 40.0

178.0 239.0
243.0 168.0
64.0 231.0
81.0 220.0
27.0 179.0
210.0 71.0
48.0 126.0
192.0 26.0
120.0 183.0
217.0 180.0
63.0 130.0
17.0 75.0
90.0 87.0
162.0 173.0
221.0 187.0
35.0 243.0
35.0 38.0
100.0 108.0
247.0 57.0
123.0 221.0
189.0 64.0
80.0 142.0
95.0 94.0
46.0 9.0
123.0 207.0
174.0 201.0
147.0 119.0
183.0 166.0
116.0 56.0
78.0 223.0
152.0 34.0
155.0 202.0

183.0 244.0
247.0 173.0
69.0 235.0
87.0 226.0
32.0 184.0
216.0 76.0
52.0 130.0
197.0 31.0
125.0 188.0
223.0 184.0
68.0 136.0
22.0 79.0
96.0 92.0
167.0 178.0
227.0 193.0
40.0 248.0
41.0 43.0
105.0 112.0
251.0 62.0
127.0 226.0
195.0 68.0
86.0 146.0
101.0 99.0
51.0 14.0
128.0 212.0
180.0 206.0
152.0 123.0
187.0 171.0
122.0 61.0
83.0 228.0
158.0 40.0
161.0 206.0
