1
32 1 3.0 0.0 1000.0 3 160 240 100

6.5 13.5 29.3 58.5
13.0 27.0 58.5 117.0
19.5 40.5 87.8 175.5
26.0 54.0 117.0 234.0
39.0 81.0 175.5 351.0
52.0 108.0 234.0 468.0
58.5 121.5 263.3 526.5
65.0 135.0 292.5 585.0
78.0 162.0 351.0 702.0
0.0 180.0 390.0 780.0

2.0 5.0 8.0 11.0
5.0 8.0 11.0 14.0
9.0 12.0 15.0 18.0
11.0 14.0 17.0 20.0
15.0 18.0 21.0 24.0
18.0 21.0 24.0 27.0
20.0 23.0 26.0 29.0
25.0 28.0 31.0 34.0
29.0 32.0 35.0 38.0
0.0 34.0 37.0 40.0

89.0 2.0
166.0 204.0
75.0 115.0
110.0 155.0
183.0 43.0
49.0 100.0
4.0 68.0
89.0 36.0
115.0 173.0
203.0 15.0
17.0 3.0
196.0 87.0
183.0 244.0
179.0 183.0
94.0 158.0
98.0 42.0
228.0 19.0
182.0 117.0
2.0 39.0
210.0 195.0
244.0 193.0
103.0 25.0
95.0 130.0
113.0 87.0
19.0 204.0
231.0 160.0
208.0 209.0
227.0 188.0
187.0 206.0
44.0 1.0
24.0 150.0
116.0 232.0

93.0 7.0
172.0 208.0
80.0 119.0
115.0 161.0
188.0 49.0
53.0 104.0
10.0 72.0
95.0 41.0
119.0 178.0
208.0 20.0
22.0 9.0
202.0 91.0
188.0 249.0
183.0 188.0
99.0 163.0
104.0 47.0
232.0 24.0
187.0 122.0
8.0 45.0
216.0 200.0
249.0 198.0
108.0 29.0
100.0 135.0
119.0 93.0
23.0 210.0
237.0 164.0
213.0 215.0
231.0 192.0
192.0 211.0
50.0 6.0
30.0 154.0
121.0 237.0
