1
32 1 3.0 0.0 1000.0 3 160 240 100

6.5 13.5 29.3 58.5
13.0 27.0 58.5 117.0
19.5 40.5 87.8 175.5
26.0 54.0 117.0 234.0
39.0 81.0 175.5 351.0
52.0 108.0 234.0 468.0
58.5 121.5 263.3 526.5
65.0 135.0 292.5 585.0
78.0 162.0 351.0 702.0
0.0 180.0 390.0 780.0

2.0 5.0 8.0 11.0
5.0 8.0 11.0 14.0
9.0 12.0 15.0 18.0
11.0 14.0 17.0 20.0
15.0 18.0 21.0 24.0
18.0 21.0 24.0 27.0
20.0 23.0 26.0 29.0
25.0 28.0 31.0 34.0
29.0 32.0 35.0 38.0
0.0 34.0 37.0 40.0

13.0 122.0
185.0 143.0
151.0 67.0
41.0 230.0
42.0 220.0
74.0 11.0
94.0 224.0
184.0 37.0
139.0 143.0
125.0 203.0
200.0 184.0
126.0 88.0
9.0 117.0
159.0 1.0
162.0 93.0
150.0 83.0
109.0 145.0
247.0 161.0
238.0 197.0
62.0 72.0
142.0 218.0
110.0 20.0
184.0 3.0
249.0 84.0
85.0 71.0
225.0 43.0
28.0 40.0
234.0 13.0
119.0 107.0
245.0 202.0
76.0 99.0
112.0 139.0

18.0 127.0
190.0 149.0
156.0 72.0
45.0 234.0
47.0 226.0
78.0 17.0
100.0 228.0
188.0 42.0
145.0 148.0
129.0 208.0
206.0 190.0
130.0 93.0
14.0 123.0
165.0 7.0
166.0 99.0
156.0 88.0
114.0 150.0
253.0 166.0
244.0 201.0
67.0 78.0
147.0 224.0
114.0 26.0
190.0 8.0
254.0 89.0
90.0 75.0
230.0 48.0
34.0 46.0
239.0 17.0
123.0 112.0
249.0 207.0
81.0 103.0
117.0 145.0
