1
32 1 3.0 0.0 1000.0 3 160 240 100

6.5 13.5 29.3 58.5
13.0 27.0 58.5 117.0
19.5 40.5 87.8 175.5
26.0 54.0 117.0 234.0
39.0 81.0 175.5 351.0
52.0 108.0 234.0 468.0
58.5 121.5 263.3 526.5
65.0 135.0 292.5 585.0
78.0 162.0 351.0 702.0
0.0 180.0 390.0 780.0

2.0 5.0 8.0 11.0
5.0 8.0 11.0 14.0
9.0 12.0 15.0 18.0
11.0 14.0 17.0 20.0
15.0 18.0 21.0 24.0
18.0 21.0 24.0 27.0
20.0 23.0 26.0 29.0
25.0 28.0 31.0 34.0
29.0 32.0 35.0 38.0
0.0 34.0 37.0 40.0

30.0 192.0
26.0 108.0
71.0 3.0
82.0 41.0
65.0 225.0
175.0 0.0
85.0 248.0
124.0 225.0
214.0 197.0
229.0 243.0
162.0 201.0
43.0 74.0
4.0 238.0
171.0 14.0
181.0 1.0
148.0 96.0
207.0 74.0
233.0 182.0
105.0 238.0
61.0 144.0
139.0 53.0
116.0 216.0
229.0 180.0
81.0 104.0
5.0 211.0
160.0 53.0
14.0 90.0
54.0 94.0
141.0 13.0
66.0 34.0
155.0 35.0
120.0 48.0

34.0 196.0
31.0 114.0
76.0 8.0
88.0 47.0
70.0 230.0
181.0 5.0
89.0 254.0
129.0 230.0
218.0 201.0
234.0 247.0
166.0 206.0
48.0 79.0
10.0 243.0
176.0 20.0
185.0 6.0
154.0 101.0
213.0 80.0
237.0 187.0
110.0 244.0
67.0 149.0
144.0 58.0
120.0 221.0
233.0 185.0
86.0 109.0
9.0 217.0
166.0 57.0
20.0 95.0
58.0 100.0
146.0 19.0
71.0 39.0
160.0 39.0
126.0 53.0
