1
32 1 3.0 0.0 1000.0 3 160 240 100

6.5 13.5 29.3 58.5
13.0 27.0 58.5 117.0
19.5 40.5 87.8 175.5
26.0 54.0 117.0 234.0
39.0 81.0 175.5 351.0
52.0 108.0 234.0 468.0
58.5 121.5 263.3 526.5
65.0 135.0 292.5 585.0
78.0 162.0 351.0 702.0
0.0 180.0 390.0 780.0

2.0 5.0 8.0 11.0
5.0 8.0 11.0 14.0
9.0 12.0 15.0 18.0
11.0 14.0 17.0 20.0
15.0 18.0 21.0 24.0
18.0 21.0 24.0 27.0
20.0 23.0 26.0 29.0
25.0 28.0 31.0 34.0
29.0 32.0 35.0 38.0
0.0 34.0 37.0 40.0

249.0 48.0
246.0 215.0
51.0 139.0
54.0 128.0
159.0 241.0
162.0 200.0
239.0 107.0
144.0 10.0
19.0 227.0
81.0 128.0
200.0 12.0
194.0 120.0
126.0 58.0
150.0 138.0
111.0 221.0
82.0 212.0
113.0 236.0
171.0 179.0
22.0 8.0
223.0 229.0
137.0 181.0
208.0 119.0
224.0 216.0
65.0 185.0
95.0 246.0
129.0 52.0
230.0 27.0
89.0 59.0
12.0 150.0
225.0 182.0
217.0 211.0
196.0 76.0

253.0 53.0
251.0 221.0
57.0 143.0
59.0 134.0
163.0 245.0
166.0 205.0
244.0 113.0
148.0 14.0
24.0 232.0
85.0 133.0
205.0 17.0
199.0 125.0
130.0 64.0
155.0 144.0
116.0 226.0
88.0 216.0
118.0 241.0
177.0 184.0
27.0 13.0
229.0 234.0
143.0 185.0
214.0 124.0
230.0 222.0
70.0 190.0
101.0 251.0
135.0 57.0
235.0 31.0
94.0 64.0
18.0 155.0
229.0 187.0
221.0 216.0
201.0 81.0
