1
32 1 3.0 0.0 1000.0 3 160 240 100

6.5 13.5 29.3 58.5
13.0 27.0 58.5 117.0
19.5 40.5 87.8 175.5
26.0 54.0 117.0 234.0
39.0 81.0 175.5 351.0
52.0 108.0 234.0 468.0
58.5 121.5 263.3 526.5
65.0 135.0 292.5 585.0
78.0 162.0 351.0 702.0
0.0 180.0 390.0 780.0

2.0 5.0 8.0 11.0
5.0 8.0 11.0 14.0
9.0 12.0 15.0 18.0
11.0 14.0 17.0 20.0
15.0 18.0 21.0 24.0
18.0 21.0 24.0 27.0
20.0 23.0 26.0 29.0
25.0 28.0 31.0 34.0
29.0 32.0 35.0 38.0
0.0 34.0 37.0 40.0

148.0 43.0
221.0 227.0
86.0 162.0
84.0 59.0
70.0 91.0
24.0 156.0
230.0 235.0
143.0 35.0
102.0 198.0
176.0 188.0
169.0 133.0
134.0 24.0
183.0 227.0
165.0 178.0
184.0 0.0
147.0 68.0
141.0 208.0
131.0 99.0
241.0 173.0
61.0 31.0
148.0 193.0
234.0 44.0
125.0 231.0
59.0 122.0
203.0 164.0
217.0 180.0
184.0 162.0
140.0 178.0
30.0 106.0
37.0 18.0
40.0 247.0
22.0 89.0

154.0 48.0
226.0 233.0
91.0 167.0
89.0 63.0
75.0 97.0
29.0 162.0
236.0 240.0
148.0 40.0
108.0 202.0
181.0 192.0
174.0 137.0
138.0 30.0
187.0 233.0
170.0 184.0
189.0 6.0
152.0 72.0
146.0 214.0
136.0 104.0
247.0 177.0
66.0 35.0
153.0 198.0
238.0 49.0
130.0 236.0
64.0 127.0
208.0 169.0
221.0 186.0
189.0 167.0
145.0 183.0
35.0 111.0
42.0 23.0
44.0 251.0
27.0 95.0
