1
32 1 3.0 0.0 1000.0 3 160 240 100

6.5 13.5 29.3 58.5
13.0 27.0 58.5 117.0
19.5 40.5 87.8 175.5
26.0 54.0 117.0 234.0
39.0 81.0 175.5 351.0
52.0 108.0 234.0 468.0
58.5 121.5 263.3 526.5
65.0 135.0 292.5 585.0
78.0 162.0 351.0 702.0
0.0 180.0 390.0 780.0

2.0 5.0 8.0 11.0
5.0 8.0 11.0 14.0
9.0 12.0 15.0 18.0
11.0 14.0 17.0 20.0
15.0 18.0 21.0 24.0
18.0 21.0 24.0 27.0
20.0 23.0 26.0 29.0
25.0 28.0 31.0 34.0
29.0 32.0 35.0 38.0
0.0 34.0 37.0 40.0

154.0 133.0
39.0 188.0
67.0 29.0
156.0 8.0
59.0 110.0
176.0 100.0
247.0 144.0
98.0 10.0
146.0 64.0
248.0 77.0
211.0 50.0
114.0 145.0
23.0 72.0
227.0 244.0
245.0 110.0
119.0 98.0
58.0 54.0
239.0 134.0
83.0 143.0
218.0 247.0
121.0 56.0
234.0 103.0
91.0 149.0
17.0 106.0
123.0 74.0
90.0 206.0
59.0 141.0
185.0 30.0
206.0 50.0
42.0 145.0
204.0 209.0
153.0 62.0

160.0 138.0
44.0 192.0
72.0 33.0
161.0 13.0
65.0 116.0
181.0 105.0
252.0 149.0
102.0 14.0
151.0 69.0
253.0 83.0
215.0 54.0
120.0 150.0
28.0 77.0
232.0 249.0
249.0 114.0
125.0 102.0
64.0 59.0
243.0 139.0
89.0 149.0
223.0 252.0
127.0 60.0
239.0 109.0
96.0 155.0
22.0 111.0
128.0 78.0
96.0 211.0
64.0 146.0
190.0 35.0
211.0 54.0
47.0 150.0
209.0 214.0
157.0 67.0
