1
32 1 3.0 0.0 1000.0 3 160 240 100

6.5 13.5 29.3 58.5
13.0 27.0 58.5 117.0
19.5 40.5 87.8 175.5
26.0 54.0 117.0 234.0
39.0 81.0 175.5 351.0
52.0 108.0 234.0 468.0
58.5 121.5 263.3 526.5
65.0 135.0 292.5 585.0
78.0 162.0 351.0 702.0
0.0 180.0 390.0 780.0

2.0 5.0 8.0 11.0
5.0 8.0 11.0 14.0
9.0 12.0 15.0 18.0
11.0 14.0 17.0 20.0
15.0 18.0 21.0 24.0
18.0 21.0 24.0 27.0
20.0 23.0 26.0 29.0
25.0 28.0 31.0 34.0
29.0 32.0 35.0 38.0
0.0 34.0 37.0 40.0

165.0 229.0
182.0 249.0
86.0 141.0
230.0 134.0
11.0 203.0
105.0 173.0
128.0 245.0
45.0 223.0
152.0 127.0
99.0 129.0
170.0 235.0
74.0 231.0
3.0 200.0
167.0 106.0
241.0 61.0
73.0 149.0
144.0 128.0
183.0 180.0
166.0 139.0
25.0 62.0
196.0 101.0
197.0 130.0
130.0 23.0
79.0 45.0
241.0 67.0
173.0 8.0
104.0 187.0
4.0 59.0
146.0 171.0
50.0 30.0
229.0 27.0
9.0 244.0

170.0 234.0
187.0 255.0
91.0 146.0
235.0 138.0
17.0 209.0
110.0 178.0
134.0 249.0
49.0 229.0
157.0 132.0
105.0 134.0
174.0 239.0
79.0 235.0
8.0 205.0
173.0 110.0
245.0 65.0
78.0 154.0
149.0 134.0
188.0 184.0
171.0 144.0
29.0 67.0
201.0 106.0
201.0 135.0
136.0 27.0
83.0 49.0
247.0 72.0
178.0 13.0
110.0 192.0
9.0 64.0
151.0 176.0
56.0 36.0
234.0 32.0
14.0 250.0
