1
32 1 3.0 0.0 1000.0 3 160 240 100

6.5 13.5 29.3 58.5
13.0 27.0 58.5 117.0
19.5 40.5 87.8 175.5
26.0 54.0 117.0 234.0
39.0 81.0 175.5 351.0
52.0 108.0 234.0 468.0
58.5 121.5 263.3 526.5
65.0 135.0 292.5 585.0
78.0 162.0 351.0 702.0
0.0 180.0 390.0 780.0

2.0 5.0 8.0 11.0
5.0 8.0 11.0 14.0
9.0 12.0 15.0 18.0
11.0 14.0 17.0 20.0
15.0 18.0 21.0 24.0
18.0 21.0 24.0 27.0
20.0 23.0 26.0 29.0
25.0 28.0 31.0 34.0
29.0 32.0 35.0 38.0
0.0 34.0 37.0 40.0

47.0 47.0
8.0 44.0
146.0 242.0
82.0 4.0
237.0 99.0
167.0 236.0
183.0 192.0
144.0 247.0
128.0 24.0
37.0 70.0
203.0 38.0
116.0 134.0
96.0 52.0
22.0 75.0
106.0 89.0
189.0 88.0
152.0 115.0
182.0 8.0
233.0 20.0
114.0 104.0
174.0 235.0
130.0 136.0
41.0 205.0
241.0 47.0
176.0 212.0
127.0 211.0
119.0 166.0
69.0 221.0
235.0 226.0
243.0 34.0
186.0 239.0
176.0 71.0

52.0 52.0
13.0 49.0
151.0 247.0
86.0 8.0
241.0 104.0
172.0 241.0
189.0 197.0
148.0 253.0
132.0 28.0
42.0 76.0
208.0 43.0
122.0 140.0
101.0 57.0
27.0 80.0
111.0 93.0
195.0 93.0
156.0 121.0
188.0 12.0
239.0 25.0
120.0 109.0
179.0 240.0
135.0 141.0
47.0 211.0
247.0 51.0
180.0 217.0
132.0 216.0
123.0 170.0
74.0 227.0
241.0 231.0
248.0 38.0
190.0 245.0
182.0 76.0
