1
32 1 3.0 0.0 1000.0 3 160 240 100

6.5 13.5 29.3 58.5
13.0 27.0 58.5 117.0
19.5 40.5 87.8 175.5
26.0 54.0 117.0 234.0
39.0 81.0 175.5 351.0
52.0 108.0 234.0 468.0
58.5 121.5 263.3 526.5
65.0 135.0 292.5 585.0
78.0 162.0 351.0 702.0
0.0 180.0 390.0 780.0

2.0 5.0 8.0 11.0
5.0 8.0 11.0 14.0
9.0 12.0 15.0 18.0
11.0 14.0 17.0 20.0
15.0 18.0 21.0 24.0
18.0 21.0 24.0 27.0
20.0 23.0 26.0 29.0
25.0 28.0 31.0 34.0
29.0 32.0 35.0 38.0
0.0 34.0 37.0 40.0

195.0 170.0
163.0 249.0
10.0 191.0
220.0 90.0
13.0 8.0
85.0 108.0
13.0 177.0
43.0 212.0
46.0 91.0
27.0 153.0
65.0 221.0
160.0 199.0
122.0 179.0
193.0 154.0
218.0 88.0
178.0 75.0
246.0 16.0
191.0 128.0
47.0 51.0
51.0 58.0
161.0 180.0
10.0 80.0
150.0 170.0
199.0 67.0
196.0 216.0
196.0 184.0
248.0 198.0
135.0 241.0
19.0 194.0
83.0 41.0
4.0 197.0
226.0 97.0

200.0 176.0
167.0 254.0
15.0 196.0
226.0 96.0
18.0 13.0
89.0 112.0
18.0 182.0
49.0 217.0
52.0 96.0
31.0 159.0
71.0 227.0
165.0 203.0
127.0 183.0
199.0 158.0
223.0 93.0
183.0 80.0
252.0 21.0
196.0 134.0
51.0 57.0
55.0 64.0
166.0 184.0
15.0 85.0
154.0 175.0
204.0 72.0
202.0 221.0
202.0 188.0
253.0 202.0
139.0 246.0
24.0 198.0
87.0 46.0
10.0 201.0
230.0 103.0
