1
32 1 3.0 0.0 1000.0 3 160 240 100

6.5 13.5 29.3 58.5
13.0 27.0 58.5 117.0
19.5 40.5 87.8 175.5
26.0 54.0 117.0 234.0
39.0 81.0 175.5 351.0
52.0 108.0 234.0 468.0
58.5 121.5 263.3 526.5
65.0 135.0 292.5 585.0
78.0 162.0 351.0 702.0
0.0 180.0 390.0 780.0

2.0 5.0 8.0 11.0
5.0 8.0 11.0 14.0
9.0 12.0 15.0 18.0
11.0 14.0 17.0 20.0
15.0 18.0 21.0 24.0
18.0 21.0 24.0 27.0
20.0 23.0 26.0 29.0
25.0 28.0 31.0 34.0
29.0 32.0 35.0 38.0
0.0 34.0 37.0 40.0

246.0 77.0
155.0 158.0
32.0 26.0
220.0 60.0
190.0 157.0
191.0 125.0
199.0 94.0
133.0 206.0
94.0 4.0
12.0 168.0
55.0 11.0
6.0 223.0
234.0 149.0
187.0 75.0
196.0 104.0
153.0 240.0
189.0 215.0
183.0 209.0
234.0 116.0
102.0 210.0
138.0 123.0
86.0 99.0
37.0 105.0
196.0 20.0
194.0 88.0
1.0 234.0
56.0 194.0
209.0 126.0
137.0 38.0
31.0 184.0
134.0 63.0
85.0 62.0

252.0 81.0
159.0 163.0
37.0 31.0
224.0 65.0
195.0 163.0
196.0 130.0
203.0 99.0
139.0 211.0
99.0 9.0
17.0 174.0
60.0 15.0
11.0 229.0
239.0 153.0
192.0 79.0
202.0 108.0
157.0 244.0
195.0 221.0
189.0 214.0
238.0 122.0
107.0 215.0
143.0 129.0
91.0 103.0
41.0 111.0
201.0 25.0
199.0 93.0
6.0 238.0
61.0 199.0
213.0 131.0
142.0 43.0
36.0 188.0
139.0 68.0
89.0 66.0
