1
32 1 3.0 0.0 1000.0 3 160 240 100

6.5 13.5 29.3 58.5
13.0 27.0 58.5 117.0
19.5 40.5 87.8 175.5
26.0 54.0 117.0 234.0
39.0 81.0 175.5 351.0
52.0 108.0 234.0 468.0
58.5 121.5 263.3 526.5
65.0 135.0 292.5 585.0
78.0 162.0 351.0 702.0
0.0 180.0 390.0 780.0

2.0 5.0 8.0 11.0
5.0 8.0 11.0 14.0
9.0 12.0 15.0 18.0
11.0 14.0 17.0 20.0
15.0 18.0 21.0 24.0
18.0 21.0 24.0 27.0
20.0 23.0 26.0 29.0
25.0 28.0 31.0 34.0
29.0 32.0 35.0 38.0
0.0 34.0 37.0 40.0

206.0 237.0
210.0 208.0
178.0 107.0
153.0 149.0
101.0 52.0
92.0 221.0
72.0 63.0
165.0 221.0
249.0 184.0
147.0 228.0
42.0 122.0
20.0 130.0
118.0 136.0
8.0 159.0
103.0 125.0
119.0 53.0
180.0 221.0
56.0 24.0
99.0 191.0
157.0 16.0
176.0 59.0
108.0 52.0
159.0 155.0
208.0 51.0
175.0 108.0
54.0 17.0
8.0 113.0
61.0 112.0
42.0 127.0
49.0 151.0
2.0 193.0
189.0 133.0

211.0 243.0
214.0 213.0
183.0 112.0
157.0 155.0
107.0 57.0
96.0 226.0
77.0 68.0
171.0 226.0
255.0 189.0
153.0 233.0
48.0 128.0
25.0 134.0
122.0 141.0
13.0 164.0
109.0 130.0
125.0 58.0
185.0 227.0
60.0 28.0
103.0 196.0
161.0 20.0
182.0 65.0
113.0 58.0
164.0 160.0
213.0 56.0
179.0 113.0
59.0 21.0
13.0 118.0
67.0 118.0
48.0 131.0
53.0 156.0
7.0 197.0
193.0 137.0
