1
32 1 3.0 0.0 1000.0 3 160 240 100

6.5 13.5 29.3 58.5
13.0 27.0 58.5 117.0
19.5 40.5 87.8 175.5
26.0 54.0 117.0 234.0
39.0 81.0 175.5 351.0
52.0 108.0 234.0 468.0
58.5 121.5 263.3 526.5
65.0 135.0 292.5 585.0
78.0 162.0 351.0 702.0
0.0 180.0 390.0 780.0

2.0 5.0 8.0 11.0
5.0 8.0 11.0 14.0
9.0 12.0 15.0 18.0
11.0 14.0 17.0 20.0
15.0 18.0 21.0 24.0
18.0 21.0 24.0 27.0
20.0 23.0 26.0 29.0
25.0 28.0 31.0 34.0
29.0 32.0 35.0 38.0
0.0 34.0 37.0 40.0

21.0 171.0
134.0 149.0
229.0 60.0
6.0 231.0
248.0 73.0
166.0 159.0
134.0 117.0
146.0 78.0
104.0 74.0
188.0 45.0
18.0 77.0
175.0 101.0
69.0 74.0
174.0 110.0
60.0 112.0
117.0 10.0
216.0 137.0
3.0 110.0
52.0 121.0
12.0 210.0
115.0 178.0
31.0 79.0
239.0 116.0
134.0 147.0
20.0 200.0
107.0 113.0
11.0 210.0
213.0 175.0
225.0 188.0
152.0 219.0
72.0 84.0
33.0 52.0

26.0 177.0
139.0 154.0
234.0 64.0
12.0 236.0
254.0 78.0
171.0 164.0
138.0 121.0
150.0 84.0
108.0 80.0
193.0 50.0
22.0 82.0
180.0 107.0
74.0 79.0
179.0 115.0
66.0 118.0
121.0 16.0
221.0 142.0
8.0 116.0
56.0 125.0
16.0 215.0
119.0 183.0
36.0 85.0
245.0 120.0
140.0 152.0
25.0 206.0
112.0 118.0
15.0 215.0
218.0 180.0
230.0 193.0
157.0 223.0
78.0 89.0
38.0 57.0
