1
32 1 3.0 0.0 1000.0 3 160 240 100

6.5 13.5 29.3 58.5
13.0 27.0 58.5 117.0
19.5 40.5 87.8 175.5
26.0 54.0 117.0 234.0
39.0 81.0 175.5 351.0
52.0 108.0 234.0 468.0
58.5 121.5 263.3 526.5
65.0 135.0 292.5 585.0
78.0 162.0 351.0 702.0
0.0 180.0 390.0 780.0

2.0 5.0 8.0 11.0
5.0 8.0 11.0 14.0
9.0 12.0 15.0 18.0
11.0 14.0 17.0 20.0
15.0 18.0 21.0 24.0
18.0 21.0 24.0 27.0
20.0 23.0 26.0 29.0
25.0 28.0 31.0 34.0
29.0 32.0 35.0 38.0
0.0 34.0 37.0 40.0

44.0 196.0
218.0 178.0
221.0 207.0
168.0 222.0
176.0 19.0
47.0 34.0
23.0 169.0
171.0 63.0
190.0 76.0
129.0 65.0
168.0 208.0
2.0 18.0
13.0 204.0
237.0 244.0
230.0 141.0
220.0 86.0
240.0 233.0
144.0 81.0
200.0 38.0
105.0 113.0
245.0 67.0
152.0 93.0
36.0 7.0
78.0 43.0
80.0 72.0
72.0 238.0
65.0 76.0
136.0 178.0
44.0 116.0
16.0 160.0
113.0 66.0
166.0 81.0

48.0 201.0
222.0 183.0
226.0 212.0
172.0 228.0
180.0 25.0
52.0 39.0
28.0 174.0
177.0 67.0
195.0 80.0
133.0 70.0
172.0 213.0
8.0 23.0
17.0 209.0
241.0 249.0
235.0 147.0
224.0 91.0
245.0 239.0
150.0 86.0
205.0 43.0
110.0 118.0
250.0 73.0
156.0 98.0
40.0 11.0
84.0 47.0
85.0 77.0
76.0 242.0
70.0 81.0
142.0 182.0
50.0 122.0
20.0 165.0
118.0 72.0
171.0 86.0
