1
32 1 3.0 0.0 1000.0 3 160 240 100

6.5 13.5 29.3 58.5
13.0 27.0 58.5 117.0
19.5 40.5 87.8 175.5
26.0 54.0 117.0 234.0
39.0 81.0 175.5 351.0
52.0 108.0 234.0 468.0
58.5 121.5 263.3 526.5
65.0 135.0 292.5 585.0
78.0 162.0 351.0 702.0
0.0 180.0 390.0 780.0

2.0 5.0 8.0 11.0
5.0 8.0 11.0 14.0
9.0 12.0 15.0 18.0
11.0 14.0 17.0 20.0
15.0 18.0 21.0 24.0
18.0 21.0 24.0 27.0
20.0 23.0 26.0 29.0
25.0 28.0 31.0 34.0
29.0 32.0 35.0 38.0
0.0 34.0 37.0 40.0

55.0 88.0
149.0 101.0
1.0 37.0
185.0 235.0
247.0 170.0
18.0 206.0
232.0 73.0
107.0 28.0
25.0 109.0
134.0 105.0
135.0 137.0
119.0 45.0
3.0 119.0
138.0 105.0
72.0 62.0
166.0 144.0
124.0 83.0
167.0 249.0
157.0 161.0
85.0 30.0
121.0 234.0
236.0 136.0
152.0 99.0
124.0 100.0
9.0 127.0
56.0 194.0
215.0 130.0
215.0 43.0
242.0 34.0
172.0 22.0
118.0 52.0
134.0 88.0

60.0 92.0
154.0 106.0
6.0 43.0
189.0 240.0
253.0 175.0
23.0 211.0
236.0 79.0
113.0 34.0
31.0 113.0
139.0 109.0
141.0 142.0
125.0 50.0
8.0 125.0
143.0 111.0
78.0 68.0
172.0 149.0
129.0 88.0
172.0 255.0
162.0 166.0
90.0 36.0
126.0 239.0
241.0 141.0
156.0 105.0
128.0 104.0
14.0 132.0
62.0 198.0
220.0 136.0
220.0 49.0
247.0 39.0
176.0 27.0
122.0 58.0
140.0 94.0
