1
64 1 3.0 0.0 1000.0 3 160 240 100

6.5 13.5 29.3 58.5
13.0 27.0 58.5 117.0
19.5 40.5 87.8 175.5
26.0 54.0 117.0 234.0
39.0 81.0 175.5 351.0
52.0 108.0 234.0 468.0
58.5 121.5 263.3 526.5
65.0 135.0 292.5 585.0
78.0 162.0 351.0 702.0
0.0 180.0 390.0 780.0

2.0 5.0 8.0 11.0
5.0 8.0 11.0 14.0
9.0 12.0 15.0 18.0
11.0 14.0 17.0 20.0
15.0 18.0 21.0 24.0
18.0 21.0 24.0 27.0
20.0 23.0 26.0 29.0
25.0 28.0 31.0 34.0
29.0 32.0 35.0 38.0
0.0 34.0 37.0 40.0

7179.0 3666.0
4130.0 3035.0
9208.0 3885.0
1267.0 9293.0
3912.0 6903.0
7434.0 9516.0
2512.0 591.0
2167.0 563.0
1376.0 3490.0
8256.0 1273.0
6795.0 4450.0
8736.0 4403.0
1410.0 1690.0
9056.0 9199.0
7497.0 6810.0
5901.0 6350.0
4806.0 1758.0
6591.0 9588.0
3132.0 9249.0
5510.0 689.0
2337.0 9662.0
6509.0 7129.0
5002.0 9900.0
2733.0 4164.0
9408.0 2247.0
7810.0 5582.0
3045.0 3707.0
4852.0 9883.0
9342.0 8846.0
2207.0 1160.0
2811.0 1640.0
7424.0 6417.0
305.0 4336.0
3352.0 3602.0
8579.0 3842.0
2837.0 7098.0
857.0 8637.0
959.0 9940.0
7595.0 1731.0
6242.0 4509.0
9136.0 7661.0
4804.0 5965.0
455.0 4046.0
3871.0 5173.0
682.0 702.0
3609.0 385.0
2612.0 1829.0
8733.0 9431.0
9883.0 9273.0
3805.0 6678.0
2022.0 7369.0
8703.0 1521.0
64.0 2389.0
3183.0 7646.0
7918.0 2075.0
1984.0 4852.0
7202.0 3295.0
4427.0 7656.0
5718.0 8304.0
4952.0 7470.0
2277.0 2638.0
3527.0 7584.0
3067.0 131.0
7393.0 2723.0

7185.0 3670.0
4136.0 3039.0
9213.0 3890.0
1272.0 9299.0
3917.0 6907.0
7440.0 9520.0
2516.0 595.0
2171.0 569.0
1381.0 3496.0
8262.0 1277.0
6799.0 4456.0
8740.0 4407.0
1414.0 1695.0
9060.0 9203.0
7501.0 6816.0
5905.0 6355.0
4811.0 1763.0
6595.0 9592.0
3138.0 9253.0
5514.0 694.0
2343.0 9667.0
6513.0 7134.0
5007.0 9906.0
2737.0 4169.0
9413.0 2252.0
7814.0 5587.0
3050.0 3713.0
4857.0 9887.0
9347.0 8851.0
2212.0 1165.0
2816.0 1644.0
7430.0 6422.0
310.0 4341.0
3357.0 3606.0
8584.0 3848.0
2842.0 7103.0
863.0 8643.0
965.0 9946.0
7600.0 1736.0
6248.0 4514.0
9141.0 7666.0
4809.0 5970.0
460.0 4051.0
3875.0 5177.0
688.0 707.0
3613.0 389.0
2616.0 1833.0
8738.0 9435.0
9888.0 9278.0
3809.0 6683.0
2028.0 7373.0
8709.0 1527.0
70.0 2394.0
3188.0 7652.0
7922.0 2080.0
1989.0 4857.0
7206.0 3301.0
4433.0 7662.0
5723.0 8310.0
4958.0 7474.0
2283.0 2643.0
3532.0 7589.0
3072.0 135.0
7398.0 2727.0
