1
64 1 3.0 0.0 1000.0 3 160 240 100

6.5 13.5 29.3 58.5
13.0 27.0 58.5 117.0
19.5 40.5 87.8 175.5
26.0 54.0 117.0 234.0
39.0 81.0 175.5 351.0
52.0 108.0 234.0 468.0
58.5 121.5 263.3 526.5
65.0 135.0 292.5 585.0
78.0 162.0 351.0 702.0
0.0 180.0 390.0 780.0

2.0 5.0 8.0 11.0
5.0 8.0 11.0 14.0
9.0 12.0 15.0 18.0
11.0 14.0 17.0 20.0
15.0 18.0 21.0 24.0
18.0 21.0 24.0 27.0
20.0 23.0 26.0 29.0
25.0 28.0 31.0 34.0
29.0 32.0 35.0 38.0
0.0 34.0 37.0 40.0

689.0 9461.0
1634.0 5702.0
2263.0 173.0
9297.0 7670.0
521.0 631.0
9256.0 9583.0
1584.0 1036.0
4041.0 9987.0
2453.0 7782.0
7062.0 3852.0
5187.0 1560.0
255.0 4238.0
5257.0 7406.0
9426.0 7088.0
9238.0 2184.0
8730.0 916.0
9561.0 7531.0
8236.0 5627.0
6503.0 8751.0
1020.0 7244.0
121.0 2689.0
8732.0 7798.0
7315.0 69.0
7088.0 2128.0
1727.0 327.0
5221.0 5860.0
6663.0 9426.0
5345.0 1318.0
3738.0 3674.0
1680.0 625.0
2429.0 5050.0
68.0 7756.0
8255.0 6041.0
2246.0 3787.0
9744.0 4509.0
1201.0 2124.0
6923.0 1577.0
6575.0 2936.0
6486.0 8064.0
1538.0 8582.0
1369.0 7460.0
5101.0 4271.0
4905.0 5957.0
6293.0 710.0
2267.0 2543.0
9164.0 8017.0
4386.0 4658.0
47.0 2634.0
2044.0 7439.0
1029.0 1518.0
340.0 7041.0
6081.0 355.0
6212.0 1054.0
8782.0 5049.0
4231.0 1522.0
3093.0 8274.0
8337.0 8566.0
1115.0 5301.0
9735.0 5129.0
4294.0 5907.0
3635.0 5843.0
6990.0 1578.0
30.0 5524.0
3891.0 9801.0

694.0 9466.0
1638.0 5708.0
2268.0 178.0
9301.0 7675.0
526.0 636.0
9262.0 9588.0
1589.0 1042.0
4046.0 9992.0
2459.0 7787.0
7067.0 3857.0
5192.0 1564.0
259.0 4244.0
5263.0 7410.0
9431.0 7093.0
9242.0 2188.0
8736.0 921.0
9566.0 7536.0
8240.0 5633.0
6508.0 8755.0
1026.0 7249.0
125.0 2694.0
8737.0 7804.0
7321.0 73.0
7093.0 2132.0
1732.0 331.0
5227.0 5865.0
6669.0 9432.0
5351.0 1323.0
3742.0 3679.0
1685.0 631.0
2433.0 5055.0
74.0 7761.0
8260.0 6045.0
2250.0 3791.0
9750.0 4514.0
1207.0 2129.0
6927.0 1582.0
6581.0 2941.0
6490.0 8070.0
1543.0 8587.0
1374.0 7465.0
5107.0 4276.0
4911.0 5962.0
6299.0 715.0
2273.0 2549.0
9169.0 8022.0
4392.0 4663.0
53.0 2640.0
2049.0 7444.0
1034.0 1522.0
346.0 7047.0
6085.0 360.0
6217.0 1060.0
8788.0 5055.0
4235.0 1528.0
3099.0 8280.0
8342.0 8570.0
1120.0 5305.0
9740.0 5135.0
4299.0 5913.0
3641.0 5848.0
6995.0 1584.0
35.0 5529.0
3896.0 9805.0
