1
64 1 3.0 0.0 1000.0 3 160 240 100

6.5 13.5 29.3 58.5
13.0 27.0 58.5 117.0
19.5 40.5 87.8 175.5
26.0 54.0 117.0 234.0
39.0 81.0 175.5 351.0
52.0 108.0 234.0 468.0
58.5 121.5 263.3 526.5
65.0 135.0 292.5 585.0
78.0 162.0 351.0 702.0
0.0 180.0 390.0 780.0

2.0 5.0 8.0 11.0
5.0 8.0 11.0 14.0
9.0 12.0 15.0 18.0
11.0 14.0 17.0 20.0
15.0 18.0 21.0 24.0
18.0 21.0 24.0 27.0
20.0 23.0 26.0 29.0
25.0 28.0 31.0 34.0
29.0 32.0 35.0 38.0
0.0 34.0 37.0 40.0

6784.0 9145.0
8347.0 9811.0
2384.0 1637.0
6209.0 3855.0
8080.0 6762.0
7659.0 9229.0
8823.0 2638.0
67.0 5908.0
647.0 9872.0
5134.0 7009.0
5095.0 4269.0
4274.0 2574.0
2794.0 6489.0
6692.0 1468.0
1390.0 4143.0
1592.0 3176.0
5529.0 4343.0
8483.0 3736.0
9086.0 7211.0
2003.0 2574.0
2327.0 3354.0
222.0 9500.0
9214.0 823.0
7866.0 3622.0
2534.0 9541.0
8405.0 8431.0
7057.0 3742.0
1451.0 9825.0
3410.0 5387.0
4416.0 6315.0
7876.0 4105.0
9862.0 3190.0
5794.0 1640.0
2510.0 4876.0
8773.0 1323.0
2332.0 2271.0
8408.0 5571.0
2681.0 4292.0
1687.0 6932.0
4910.0 5410.0
5798.0 665.0
3411.0 3414.0
2518.0 9386.0
7530.0 4176.0
4895.0 2763.0
9305.0 2670.0
1392.0 7795.0
8457.0 1994.0
5224.0 7651.0
8606.0 4672.0
9049.0 9612.0
1122.0 2973.0
7734.0 5092.0
5596.0 7517.0
4373.0 7264.0
8337.0 5929.0
7268.0 4300.0
2876.0 5780.0
8051.0 8721.0
8892.0 8603.0
3661.0 5870.0
8531.0 4205.0
7358.0 7024.0
1539.0 7073.0

6788.0 9150.0
8351.0 9817.0
2388.0 1642.0
6214.0 3860.0
8086.0 6767.0
7665.0 9234.0
8828.0 2642.0
73.0 5913.0
652.0 9878.0
5139.0 7015.0
5099.0 4273.0
4279.0 2579.0
2798.0 6493.0
6698.0 1473.0
1396.0 4147.0
1597.0 3182.0
5534.0 4348.0
8487.0 3741.0
9091.0 7215.0
2009.0 2579.0
2331.0 3359.0
228.0 9506.0
9219.0 829.0
7871.0 3627.0
2538.0 9546.0
8410.0 8437.0
7061.0 3746.0
1456.0 9830.0
3416.0 5392.0
4420.0 6320.0
7881.0 4110.0
9866.0 3194.0
5798.0 1644.0
2514.0 4881.0
8778.0 1329.0
2336.0 2275.0
8414.0 5576.0
2686.0 4296.0
1692.0 6937.0
4914.0 5416.0
5803.0 671.0
3416.0 3419.0
2523.0 9392.0
7535.0 4181.0
4900.0 2768.0
9310.0 2674.0
1397.0 7800.0
8463.0 2000.0
5228.0 7657.0
8611.0 4676.0
9055.0 9617.0
1127.0 2977.0
7738.0 5098.0
5601.0 7521.0
4378.0 7269.0
8342.0 5934.0
7274.0 4304.0
2880.0 5785.0
8055.0 8726.0
8896.0 8609.0
3666.0 5875.0
8536.0 4209.0
7364.0 7029.0
1543.0 7079.0
