1
64 1 3.0 0.0 1000.0 3 160 240 100

6.5 13.5 29.3 58.5
13.0 27.0 58.5 117.0
19.5 40.5 87.8 175.5
26.0 54.0 117.0 234.0
39.0 81.0 175.5 351.0
52.0 108.0 234.0 468.0
58.5 121.5 263.3 526.5
65.0 135.0 292.5 585.0
78.0 162.0 351.0 702.0
0.0 180.0 390.0 780.0

2.0 5.0 8.0 11.0
5.0 8.0 11.0 14.0
9.0 12.0 15.0 18.0
11.0 14.0 17.0 20.0
15.0 18.0 21.0 24.0
18.0 21.0 24.0 27.0
20.0 23.0 26.0 29.0
25.0 28.0 31.0 34.0
29.0 32.0 35.0 38.0
0.0 34.0 37.0 40.0

8262.0 1633.0
9498.0 561.0
6669.0 2719.0
5649.0 972.0
215.0 5075.0
9049.0 829.0
3250.0 846.0
5188.0 2201.0
2516.0 9866.0
5589.0 2544.0
2677.0 9269.0
4929.0 999.0
2263.0 1282.0
2107.0 4066.0
5217.0 4721.0
6693.0 2418.0
5739.0 8184.0
4718.0 3101.0
6629.0 5454.0
237.0 3891.0
3810.0 6120.0
1623.0 9060.0
2251.0 6930.0
4025.0 8309.0
953.0 1863.0
1948.0 3120.0
7225.0 1460.0
8390.0 7304.0
2920.0 4392.0
9481.0 974.0
7847.0 6787.0
6081.0 9728.0
8034.0 7328.0
6272.0 3282.0
9057.0 8613.0
5186.0 320.0
7116.0 7807.0
1131.0 8813.0
3057.0 2074.0
9441.0 3572.0
7045.0 6806.0
8006.0 5284.0
4064.0 7159.0
925.0 7794.0
2957.0 5901.0
9233.0 2894.0
4195.0 3074.0
131.0 4368.0
4065.0 5488.0
8686.0 5557.0
5485.0 6550.0
8427.0 7202.0
8124.0 9434.0
9796.0 4821.0
3040.0 9102.0
7892.0 7375.0
9520.0 1185.0
3458.0 1491.0
4318.0 8226.0
3546.0 7984.0
5995.0 6306.0
823.0 9948.0
9546.0 7543.0
2948.0 4176.0

8268.0 1638.0
9503.0 565.0
6675.0 2724.0
5655.0 977.0
220.0 5080.0
9055.0 834.0
3256.0 851.0
5194.0 2205.0
2522.0 9870.0
5595.0 2550.0
2681.0 9274.0
4935.0 1004.0
2268.0 1286.0
2113.0 4071.0
5222.0 4725.0
6698.0 2423.0
5745.0 8189.0
4722.0 3106.0
6635.0 5460.0
243.0 3896.0
3815.0 6125.0
1627.0 9065.0
2256.0 6934.0
4031.0 8315.0
958.0 1869.0
1953.0 3125.0
7230.0 1466.0
8395.0 7308.0
2924.0 4397.0
9486.0 979.0
7852.0 6791.0
6087.0 9733.0
8040.0 7332.0
6277.0 3287.0
9063.0 8618.0
5191.0 326.0
7122.0 7812.0
1135.0 8819.0
3063.0 2078.0
9446.0 3576.0
7050.0 6812.0
8011.0 5290.0
4068.0 7165.0
931.0 7799.0
2963.0 5905.0
9237.0 2898.0
4200.0 3080.0
136.0 4372.0
4071.0 5493.0
8691.0 5562.0
5489.0 6556.0
8433.0 7208.0
8130.0 9439.0
9801.0 4826.0
3045.0 9107.0
7897.0 7379.0
9525.0 1191.0
3463.0 1495.0
4324.0 8232.0
3551.0 7990.0
6000.0 6311.0
829.0 9952.0
9550.0 7549.0
2953.0 4180.0
