1
64 1 3.0 0.0 1000.0 3 160 240 100

6.5 13.5 29.3 58.5
13.0 27.0 58.5 117.0
19.5 40.5 87.8 175.5
26.0 54.0 117.0 234.0
39.0 81.0 175.5 351.0
52.0 108.0 234.0 468.0
58.5 121.5 263.3 526.5
65.0 135.0 292.5 585.0
78.0 162.0 351.0 702.0
0.0 180.0 390.0 780.0

2.0 5.0 8.0 11.0
5.0 8.0 11.0 14.0
9.0 12.0 15.0 18.0
11.0 14.0 17.0 20.0
15.0 18.0 21.0 24.0
18.0 21.0 24.0 27.0
20.0 23.0 26.0 29.0
25.0 28.0 31.0 34.0
29.0 32.0 35.0 38.0
0.0 34.0 37.0 40.0

4104.0 1662.0
6429.0 9991.0
5598.0 8613.0
4086.0 4393.0
3677.0 1538.0
3952.0 4983.0
3916.0 2249.0
6996.0 3412.0
2558.0 2460.0
1617.0 1032.0
464.0 7282.0
3557.0 8454.0
6229.0 5654.0
8505.0 3231.0
3638.0 3228.0
8847.0 7434.0
1189.0 5693.0
8493.0 9366.0
3844.0 3070.0
2238.0 6183.0
9727.0 7970.0
8594.0 6664.0
6960.0 3325.0
7548.0 5912.0
8322.0 7612.0
7175.0 6218.0
3937.0 8057.0
5577.0 865.0
4686.0 4844.0
7060.0 119.0
1526.0 1833.0
4027.0 1171.0
8431.0 1788.0
8512.0 6280.0
9136.0 6630.0
9802.0 5888.0
376.0 5720.0
7105.0 5949.0
6835.0 7682.0
8692.0 1245.0
5477.0 3765.0
1472.0 8931.0
9472.0 3272.0
7440.0 9082.0
4402.0 4036.0
5940.0 1491.0
1944.0 3476.0
3193.0 476.0
8731.0 8224.0
3041.0 1959.0
580.0 2842.0
5333.0 9571.0
4787.0 628.0
921.0 9036.0
5675.0 2025.0
4694.0 2603.0
1108.0 8636.0
610.0 7780.0
144.0 3359.0
5157.0 7114.0
4545.0 9643.0
8196.0 8303.0
9317.0 5378.0
2636.0 6367.0

4109.0 1667.0
6435.0 9996.0
5603.0 8618.0
4090.0 4397.0
3683.0 1543.0
3957.0 4987.0
3922.0 2255.0
7001.0 3417.0
2562.0 2464.0
1622.0 1036.0
469.0 7287.0
3563.0 8458.0
6234.0 5658.0
8510.0 3236.0
3642.0 3233.0
8853.0 7438.0
1194.0 5698.0
8499.0 9370.0
3850.0 3075.0
2242.0 6188.0
9731.0 7976.0
8600.0 6668.0
6965.0 3330.0
7552.0 5918.0
8327.0 7618.0
7181.0 6224.0
3941.0 8062.0
5582.0 871.0
4691.0 4849.0
7066.0 124.0
1532.0 1839.0
4033.0 1176.0
8436.0 1794.0
8517.0 6285.0
9141.0 6636.0
9808.0 5893.0
381.0 5725.0
7109.0 5954.0
6839.0 7686.0
8697.0 1250.0
5481.0 3769.0
1477.0 8936.0
9477.0 3277.0
7444.0 9088.0
4406.0 4041.0
5945.0 1496.0
1950.0 3480.0
3197.0 481.0
8736.0 8229.0
3045.0 1963.0
584.0 2846.0
5338.0 9577.0
4791.0 634.0
926.0 9042.0
5680.0 2031.0
4700.0 2608.0
1113.0 8641.0
615.0 7786.0
149.0 3365.0
5163.0 7119.0
4549.0 9649.0
8202.0 8307.0
9322.0 5382.0
2640.0 6371.0
