1
64 1 3.0 0.0 1000.0 3 160 240 100

6.5 13.5 29.3 58.5
13.0 27.0 58.5 117.0
19.5 40.5 87.8 175.5
26.0 54.0 117.0 234.0
39.0 81.0 175.5 351.0
52.0 108.0 234.0 468.0
58.5 121.5 263.3 526.5
65.0 135.0 292.5 585.0
78.0 162.0 351.0 702.0
0.0 180.0 390.0 780.0

2.0 5.0 8.0 11.0
5.0 8.0 11.0 14.0
9.0 12.0 15.0 18.0
11.0 14.0 17.0 20.0
15.0 18.0 21.0 24.0
18.0 21.0 24.0 27.0
20.0 23.0 26.0 29.0
25.0 28.0 31.0 34.0
29.0 32.0 35.0 38.0
0.0 34.0 37.0 40.0

5674.0 2903.0
6480.0 9025.0
6753.0 7406.0
2976.0 3386.0
6860.0 3165.0
3338.0 6167.0
1901.0 6372.0
7737.0 8522.0
2097.0 8725.0
5796.0 6693.0
5817.0 8617.0
2639.0 5514.0
5070.0 1766.0
130.0 2543.0
7855.0 6790.0
4747.0 4579.0
5055.0 3729.0
6055.0 826.0
2082.0 6038.0
2186.0 9450.0
7951.0 9032.0
1315.0 6808.0
6998.0 325.0
544.0 1082.0
926.0 236.0
6152.0 4596.0
1375.0 2696.0
1661.0 1560.0
5713.0 9655.0
2654.0 512.0
1242.0 4484.0
9794.0 3199.0
5522.0 2412.0
3994.0 4172.0
2993.0 8463.0
172.0 7840.0
602.0 5942.0
8548.0 2250.0
7633.0 947.0
4925.0 1341.0
7420.0 934.0
3892.0 9943.0
1156.0 7834.0
1405.0 8264.0
6482.0 8727.0
5688.0 5133.0
6055.0 9595.0
7887.0 1756.0
3789.0 143.0
6450.0 237.0
8966.0 211.0
1646.0 3628.0
914.0 774.0
9192.0 6760.0
9441.0 5048.0
4426.0 9624.0
8725.0 7703.0
962.0 7540.0
4859.0 2688.0
291.0 4894.0
9734.0 2686.0
1253.0 1687.0
6469.0 5696.0
848.0 4654.0

5680.0 2907.0
6484.0 9031.0
6757.0 7412.0
2981.0 3391.0
6865.0 3170.0
3344.0 6173.0
1906.0 6378.0
7741.0 8527.0
2102.0 8730.0
5801.0 6697.0
5822.0 8621.0
2644.0 5519.0
5075.0 1772.0
134.0 2549.0
7859.0 6795.0
4752.0 4585.0
5061.0 3734.0
6060.0 831.0
2087.0 6044.0
2191.0 9455.0
7956.0 9036.0
1320.0 6813.0
7002.0 331.0
548.0 1088.0
932.0 240.0
6156.0 4602.0
1380.0 2701.0
1667.0 1565.0
5718.0 9660.0
2658.0 517.0
1247.0 4489.0
9798.0 3205.0
5528.0 2416.0
3999.0 4177.0
2997.0 8469.0
177.0 7845.0
607.0 5946.0
8554.0 2256.0
7639.0 951.0
4930.0 1346.0
7426.0 940.0
3898.0 9948.0
1160.0 7838.0
1411.0 8270.0
6487.0 8732.0
5692.0 5137.0
6059.0 9599.0
7892.0 1761.0
3793.0 149.0
6454.0 242.0
8972.0 217.0
1651.0 3633.0
920.0 779.0
9197.0 6765.0
9446.0 5054.0
4432.0 9630.0
8730.0 7708.0
967.0 7546.0
4863.0 2693.0
297.0 4900.0
9740.0 2691.0
1258.0 1693.0
6475.0 5700.0
853.0 4658.0
