1
64 1 3.0 0.0 1000.0 3 160 240 100

6.5 13.5 29.3 58.5
13.0 27.0 58.5 117.0
19.5 40.5 87.8 175.5
26.0 54.0 117.0 234.0
39.0 81.0 175.5 351.0
52.0 108.0 234.0 468.0
58.5 121.5 263.3 526.5
65.0 135.0 292.5 585.0
78.0 162.0 351.0 702.0
0.0 180.0 390.0 780.0

2.0 5.0 8.0 11.0
5.0 8.0 11.0 14.0
9.0 12.0 15.0 18.0
11.0 14.0 17.0 20.0
15.0 18.0 21.0 24.0
18.0 21.0 24.0 27.0
20.0 23.0 26.0 29.0
25.0 28.0 31.0 34.0
29.0 32.0 35.0 38.0
0.0 34.0 37.0 40.0

5346.0 5279.0
7518.0 1757.0
6843.0 9285.0
1446.0 8835.0
2716.0 1544.0
9208.0 3426.0
1531.0 2953.0
9709.0 2430.0
7419.0 7664.0
2013.0 8173.0
5317.0 1942.0
7793.0 4559.0
7869.0 2443.0
8982.0 3866.0
9181.0 9448.0
2054.0 5916.0
3120.0 3044.0
2896.0 3894.0
6362.0 2766.0
8702.0 3565.0
8880.0 3709.0
5852.0 5154.0
7063.0 4612.0
5200.0 9643.0
7170.0 5927.0
8734.0 3736.0
9304.0 8382.0
4047.0 268.0
4612.0 5039.0
5561.0 3296.0
898.0 2361.0
3953.0 9641.0
4348.0 8297.0
7728.0 1136.0
7563.0 7880.0
3386.0 4339.0
6592.0 9367.0
3119.0 6967.0
2167.0 6408.0
1505.0 2808.0
2822.0 4270.0
5110.0 9376.0
108.0 602.0
1482.0 5050.0
8590.0 3778.0
6450.0 4983.0
5819.0 4294.0
1196.0 7504.0
9981.0 7251.0
3030.0 5300.0
5415.0 6423.0
6321.0 8123.0
8694.0 2915.0
2530.0 6275.0
469.0 3921.0
786.0 6646.0
761.0 9594.0
2951.0 5540.0
7918.0 8532.0
9627.0 5069.0
3897.0 4883.0
6033.0 2353.0
1108.0 2588.0
9219.0 3304.0

5351.0 5284.0
7523.0 1763.0
6847.0 9289.0
1451.0 8839.0
2720.0 1548.0
9213.0 3432.0
1536.0 2957.0
9713.0 2436.0
7424.0 7669.0
2018.0 8178.0
5322.0 1947.0
7799.0 4563.0
7873.0 2447.0
8987.0 3870.0
9185.0 9453.0
2058.0 5921.0
3125.0 3049.0
2901.0 3899.0
6366.0 2772.0
8706.0 3571.0
8885.0 3714.0
5858.0 5160.0
7069.0 4617.0
5204.0 9649.0
7176.0 5931.0
8738.0 3741.0
9309.0 8387.0
4053.0 273.0
4617.0 5044.0
5567.0 3300.0
903.0 2366.0
3958.0 9646.0
4352.0 8301.0
7733.0 1140.0
7568.0 7885.0
3391.0 4345.0
6597.0 9372.0
3124.0 6972.0
2172.0 6413.0
1510.0 2813.0
2827.0 4274.0
5116.0 9381.0
113.0 607.0
1486.0 5056.0
8595.0 3782.0
6455.0 4989.0
5824.0 4298.0
1200.0 7509.0
9985.0 7256.0
3035.0 5305.0
5419.0 6428.0
6326.0 8127.0
8699.0 2920.0
2535.0 6280.0
474.0 3927.0
791.0 6652.0
767.0 9599.0
2956.0 5544.0
7923.0 8538.0
9632.0 5073.0
3902.0 4887.0
6038.0 2357.0
1114.0 2593.0
9223.0 3309.0
