1
64 1 3.0 0.0 1000.0 3 160 240 100

6.5 13.5 29.3 58.5
13.0 27.0 58.5 117.0
19.5 40.5 87.8 175.5
26.0 54.0 117.0 234.0
39.0 81.0 175.5 351.0
52.0 108.0 234.0 468.0
58.5 121.5 263.3 526.5
65.0 135.0 292.5 585.0
78.0 162.0 351.0 702.0
0.0 180.0 390.0 780.0

2.0 5.0 8.0 11.0
5.0 8.0 11.0 14.0
9.0 12.0 15.0 18.0
11.0 14.0 17.0 20.0
15.0 18.0 21.0 24.0
18.0 21.0 24.0 27.0
20.0 23.0 26.0 29.0
25.0 28.0 31.0 34.0
29.0 32.0 35.0 38.0
0.0 34.0 37.0 40.0

8975.0 9634.0
4556.0 649.0
7425.0 9599.0
1321.0 5371.0
7668.0 3306.0
1520.0 8727.0
9675.0 6409.0
9925.0 4355.0
3357.0 3943.0
6114.0 6146.0
3100.0 5347.0
3720.0 8080.0
8965.0 3916.0
9875.0 9683.0
9740.0 6209.0
6291.0 8876.0
5534.0 9400.0
5927.0 6462.0
125.0 7092.0
1681.0 9017.0
5742.0 6601.0
6065.0 9440.0
5481.0 3211.0
3291.0 6924.0
1058.0 9418.0
7726.0 590.0
6078.0 9661.0
5164.0 3573.0
7534.0 3554.0
5841.0 6778.0
713.0 3126.0
661.0 4098.0
5222.0 2073.0
4567.0 3335.0
2317.0 7533.0
3502.0 9582.0
6229.0 7398.0
3909.0 330.0
4701.0 8650.0
6210.0 4053.0
6401.0 4760.0
6218.0 6530.0
5436.0 2628.0
920.0 1667.0
5643.0 2091.0
7575.0 6062.0
9860.0 3495.0
7584.0 9092.0
1873.0 1354.0
9058.0 2763.0
1224.0 4584.0
4552.0 8085.0
3601.0 6335.0
2889.0 7236.0
1965.0 8921.0
6536.0 3264.0
6153.0 1863.0
8467.0 1591.0
1117.0 3544.0
4961.0 76.0
6517.0 9487.0
3283.0 6887.0
2852.0 2774.0
5691.0 7959.0

8980.0 9639.0
4560.0 654.0
7431.0 9603.0
1326.0 5376.0
7673.0 3311.0
1526.0 8732.0
9681.0 6414.0
9930.0 4360.0
3361.0 3949.0
6118.0 6152.0
3105.0 5353.0
3724.0 8085.0
8969.0 3922.0
9880.0 9687.0
9744.0 6215.0
6297.0 8882.0
5539.0 9404.0
5932.0 6467.0
131.0 7097.0
1685.0 9022.0
5746.0 6605.0
6069.0 9444.0
5486.0 3216.0
3297.0 6929.0
1063.0 9422.0
7732.0 594.0
6083.0 9667.0
5169.0 3578.0
7538.0 3559.0
5847.0 6784.0
719.0 3132.0
667.0 4103.0
5228.0 2078.0
4573.0 3340.0
2323.0 7538.0
3508.0 9587.0
6234.0 7403.0
3913.0 334.0
4706.0 8656.0
6215.0 4057.0
6405.0 4766.0
6222.0 6535.0
5440.0 2633.0
924.0 1673.0
5648.0 2095.0
7580.0 6067.0
9864.0 3500.0
7590.0 9097.0
1878.0 1358.0
9063.0 2769.0
1229.0 4590.0
4556.0 8089.0
3605.0 6340.0
2894.0 7241.0
1970.0 8926.0
6540.0 3270.0
6158.0 1868.0
8472.0 1596.0
1122.0 3549.0
4966.0 81.0
6521.0 9491.0
3288.0 6893.0
2857.0 2778.0
5695.0 7965.0
