1
64 1 3.0 0.0 1000.0 3 160 240 100

6.5 13.5 29.3 58.5
13.0 27.0 58.5 117.0
19.5 40.5 87.8 175.5
26.0 54.0 117.0 234.0
39.0 81.0 175.5 351.0
52.0 108.0 234.0 468.0
58.5 121.5 263.3 526.5
65.0 135.0 292.5 585.0
78.0 162.0 351.0 702.0
0.0 180.0 390.0 780.0

2.0 5.0 8.0 11.0
5.0 8.0 11.0 14.0
9.0 12.0 15.0 18.0
11.0 14.0 17.0 20.0
15.0 18.0 21.0 24.0
18.0 21.0 24.0 27.0
20.0 23.0 26.0 29.0
25.0 28.0 31.0 34.0
29.0 32.0 35.0 38.0
0.0 34.0 37.0 40.0

73.0 1064.0
8050.0 4674.0
3985.0 6608.0
432.0 6885.0
7867.0 5123.0
8666.0 9958.0
4033.0 6423.0
7842.0 4677.0
4318.0 7122.0
953.0 8636.0
4149.0 6429.0
2679.0 1853.0
3271.0 6391.0
3356.0 8010.0
8332.0 2073.0
4596.0 3084.0
5010.0 9697.0
478.0 5611.0
9889.0 3235.0
776.0 5365.0
4774.0 2472.0
5163.0 9685.0
8642.0 8047.0
9828.0 9225.0
4918.0 1474.0
466.0 7378.0
4282.0 654.0
8076.0 129.0
5695.0 3895.0
6508.0 5609.0
842.0 7922.0
3228.0 5082.0
9682.0 7922.0
7207.0 9650.0
7312.0 93.0
426.0 9421.0
4827.0 9737.0
1898.0 4390.0
9383.0 382.0
5683.0 8812.0
1143.0 1959.0
6831.0 3300.0
7325.0 8522.0
1694.0 1430.0
6019.0 8540.0
1559.0 91.0
4995.0 3252.0
1043.0 5348.0
3176.0 1101.0
5200.0 8073.0
4984.0 8754.0
1780.0 6106.0
252.0 1714.0
7588.0 2198.0
4890.0 32.0
389.0 9493.0
16.0 7129.0
304.0 8813.0
9726.0 2235.0
7137.0 4505.0
221.0 9448.0
2590.0 8094.0
5466.0 8930.0
8801.0 1517.0

77.0 1069.0
8056.0 4680.0
3990.0 6613.0
437.0 6891.0
7871.0 5127.0
8671.0 9964.0
4037.0 6427.0
7847.0 4682.0
4322.0 7127.0
959.0 8640.0
4154.0 6434.0
2685.0 1858.0
3276.0 6396.0
3361.0 8016.0
8336.0 2078.0
4602.0 3089.0
5015.0 9702.0
484.0 5616.0
9894.0 3241.0
781.0 5370.0
4778.0 2477.0
5168.0 9691.0
8647.0 8052.0
9833.0 9229.0
4922.0 1479.0
472.0 7383.0
4287.0 659.0
8080.0 134.0
5700.0 3899.0
6513.0 5615.0
848.0 7926.0
3234.0 5088.0
9688.0 7927.0
7212.0 9654.0
7316.0 98.0
432.0 9427.0
4833.0 9742.0
1903.0 4395.0
9388.0 388.0
5689.0 8817.0
1149.0 1963.0
6836.0 3305.0
7330.0 8527.0
1699.0 1436.0
6024.0 8544.0
1564.0 95.0
5001.0 3256.0
1047.0 5353.0
3181.0 1107.0
5204.0 8078.0
4989.0 8759.0
1786.0 6110.0
257.0 1718.0
7593.0 2204.0
4894.0 37.0
394.0 9498.0
22.0 7134.0
308.0 8818.0
9731.0 2239.0
7142.0 4511.0
226.0 9453.0
2596.0 8099.0
5471.0 8936.0
8806.0 1523.0
