1
64 1 3.0 0.0 1000.0 3 160 240 100

6.5 13.5 29.3 58.5
13.0 27.0 58.5 117.0
19.5 40.5 87.8 175.5
26.0 54.0 117.0 234.0
39.0 81.0 175.5 351.0
52.0 108.0 234.0 468.0
58.5 121.5 263.3 526.5
65.0 135.0 292.5 585.0
78.0 162.0 351.0 702.0
0.0 180.0 390.0 780.0

2.0 5.0 8.0 11.0
5.0 8.0 11.0 14.0
9.0 12.0 15.0 18.0
11.0 14.0 17.0 20.0
15.0 18.0 21.0 24.0
18.0 21.0 24.0 27.0
20.0 23.0 26.0 29.0
25.0 28.0 31.0 34.0
29.0 32.0 35.0 38.0
0.0 34.0 37.0 40.0

631.0 7616.0
729.0 2823.0
1367.0 7941.0
9722.0 4528.0
2312.0 4239.0
3398.0 7498.0
4588.0 5574.0
3338.0 3175.0
1033.0 2373.0
5806.0 6311.0
1314.0 2971.0
336.0 5076.0
1222.0 2093.0
6010.0 4290.0
1297.0 6773.0
6874.0 3543.0
2523.0 7741.0
442.0 4458.0
9250.0 6752.0
5726.0 3852.0
2067.0 2898.0
9742.0 2065.0
5807.0 3385.0
3938.0 8198.0
377.0 6797.0
4481.0 6526.0
4624.0 9359.0
2862.0 852.0
5908.0 7184.0
5756.0 6042.0
604.0 40.0
5576.0 8514.0
3211.0 4624.0
5683.0 9930.0
4263.0 7865.0
6683.0 856.0
9747.0 3251.0
2761.0 3639.0
7219.0 5698.0
9498.0 6266.0
6311.0 2966.0
7120.0 1462.0
3824.0 4123.0
5613.0 7780.0
6110.0 8078.0
660.0 1947.0
3925.0 7680.0
1846.0 4220.0
7462.0 7391.0
7063.0 1005.0
1752.0 5052.0
9578.0 1516.0
5128.0 735.0
6694.0 7703.0
5949.0 8197.0
1462.0 9232.0
5282.0 6946.0
1379.0 7762.0
5731.0 5418.0
526.0 7281.0
9112.0 8286.0
4078.0 9753.0
8174.0 3389.0
6653.0 7842.0

636.0 7621.0
733.0 2828.0
1373.0 7947.0
9726.0 4532.0
2318.0 4244.0
3402.0 7504.0
4593.0 5580.0
3342.0 3179.0
1039.0 2378.0
5811.0 6316.0
1320.0 2976.0
341.0 5080.0
1227.0 2098.0
6015.0 4296.0
1303.0 6779.0
6880.0 3547.0
2529.0 7746.0
447.0 4464.0
9255.0 6756.0
5732.0 3858.0
2073.0 2903.0
9747.0 2070.0
5812.0 3390.0
3942.0 8202.0
382.0 6802.0
4487.0 6531.0
4628.0 9364.0
2867.0 857.0
5914.0 7190.0
5760.0 6048.0
609.0 46.0
5581.0 8519.0
3215.0 4629.0
5688.0 9936.0
4268.0 7870.0
6688.0 862.0
9752.0 3257.0
2765.0 3644.0
7224.0 5703.0
9502.0 6271.0
6316.0 2971.0
7125.0 1467.0
3829.0 4128.0
5617.0 7784.0
6116.0 8084.0
665.0 1951.0
3930.0 7684.0
1851.0 4225.0
7467.0 7396.0
7068.0 1010.0
1757.0 5058.0
9583.0 1522.0
5133.0 741.0
6699.0 7708.0
5953.0 8201.0
1466.0 9238.0
5287.0 6950.0
1385.0 7767.0
5736.0 5422.0
531.0 7286.0
9116.0 8290.0
4084.0 9757.0
8178.0 3395.0
6658.0 7846.0
