1
64 1 3.0 0.0 1000.0 3 160 240 100

6.5 13.5 29.3 58.5
13.0 27.0 58.5 117.0
19.5 40.5 87.8 175.5
26.0 54.0 117.0 234.0
39.0 81.0 175.5 351.0
52.0 108.0 234.0 468.0
58.5 121.5 263.3 526.5
65.0 135.0 292.5 585.0
78.0 162.0 351.0 702.0
0.0 180.0 390.0 780.0

2.0 5.0 8.0 11.0
5.0 8.0 11.0 14.0
9.0 12.0 15.0 18.0
11.0 14.0 17.0 20.0
15.0 18.0 21.0 24.0
18.0 21.0 24.0 27.0
20.0 23.0 26.0 29.0
25.0 28.0 31.0 34.0
29.0 32.0 35.0 38.0
0.0 34.0 37.0 40.0

6212.0 5316.0
5184.0 9680.0
1222.0 6970.0
5950.0 5640.0
4923.0 8291.0
8722.0 8483.0
6901.0 5241.0
643.0 5547.0
2877.0 8710.0
9188.0 4220.0
8834.0 6477.0
2875.0 5588.0
5560.0 3348.0
5923.0 7448.0
8783.0 4991.0
8300.0 8465.0
2609.0 3473.0
5102.0 7718.0
6462.0 5010.0
1714.0 6401.0
8201.0 2931.0
3696.0 934.0
8631.0 1371.0
2834.0 9233.0
5088.0 7694.0
3316.0 4416.0
4307.0 4159.0
4458.0 2684.0
7255.0 1838.0
8942.0 4648.0
1129.0 2287.0
8006.0 1846.0
6222.0 4981.0
7529.0 2728.0
7837.0 1028.0
1453.0 4845.0
5965.0 6154.0
1503.0 2514.0
7895.0 8486.0
4630.0 1712.0
1482.0 9123.0
2137.0 6458.0
9242.0 6017.0
6923.0 3440.0
5986.0 4159.0
7805.0 4145.0
5180.0 7592.0
2343.0 6247.0
1730.0 1245.0
2130.0 8519.0
1389.0 3107.0
6986.0 6021.0
9469.0 9738.0
7001.0 4812.0
4079.0 638.0
3872.0 7972.0
1549.0 9467.0
5483.0 7159.0
4275.0 2641.0
170.0 6477.0
3637.0 8287.0
9610.0 7916.0
3232.0 1098.0
1801.0 110.0

6217.0 5322.0
5190.0 9686.0
1226.0 6974.0
5956.0 5645.0
4929.0 8296.0
8727.0 8488.0
6906.0 5245.0
647.0 5552.0
2881.0 8715.0
9193.0 4225.0
8838.0 6482.0
2881.0 5593.0
5565.0 3352.0
5928.0 7454.0
8788.0 4997.0
8305.0 8471.0
2615.0 3478.0
5108.0 7723.0
6467.0 5014.0
1719.0 6406.0
8207.0 2935.0
3700.0 939.0
8635.0 1375.0
2839.0 9239.0
5092.0 7699.0
3321.0 4420.0
4311.0 4163.0
4463.0 2689.0
7259.0 1843.0
8947.0 4654.0
1134.0 2292.0
8011.0 1850.0
6227.0 4985.0
7535.0 2733.0
7842.0 1032.0
1459.0 4850.0
5971.0 6160.0
1509.0 2518.0
7900.0 8490.0
4635.0 1716.0
1488.0 9128.0
2143.0 6462.0
9246.0 6021.0
6929.0 3446.0
5990.0 4164.0
7809.0 4151.0
5186.0 7596.0
2349.0 6251.0
1734.0 1251.0
2135.0 8523.0
1394.0 3112.0
6990.0 6025.0
9474.0 9743.0
7006.0 4817.0
4085.0 643.0
3876.0 7977.0
1553.0 9472.0
5488.0 7165.0
4279.0 2645.0
176.0 6482.0
3641.0 8292.0
9616.0 7920.0
3236.0 1102.0
1806.0 115.0
