1
64 1 3.0 0.0 1000.0 3 160 240 100

6.5 13.5 29.3 58.5
13.0 27.0 58.5 117.0
19.5 40.5 87.8 175.5
26.0 54.0 117.0 234.0
39.0 81.0 175.5 351.0
52.0 108.0 234.0 468.0
58.5 121.5 263.3 526.5
65.0 135.0 292.5 585.0
78.0 162.0 351.0 702.0
0.0 180.0 390.0 780.0

2.0 5.0 8.0 11.0
5.0 8.0 11.0 14.0
9.0 12.0 15.0 18.0
11.0 14.0 17.0 20.0
15.0 18.0 21.0 24.0
18.0 21.0 24.0 27.0
20.0 23.0 26.0 29.0
25.0 28.0 31.0 34.0
29.0 32.0 35.0 38.0
0.0 34.0 37.0 40.0

7254.0 3084.0
8076.0 7446.0
2015.0 8067.0
114.0 116.0
9701.0 386.0
452.0 1735.0
2319.0 2714.0
9938.0 1369.0
1035.0 5887.0
879.0 2444.0
885.0 2380.0
7087.0 6661.0
3404.0 5478.0
5376.0 4787.0
2343.0 9625.0
9942.0 6082.0
203.0 9996.0
3581.0 620.0
5749.0 1760.0
2187.0 1264.0
5220.0 2072.0
1467.0 4547.0
2425.0 288.0
7340.0 2222.0
5415.0 4414.0
3935.0 7735.0
9932.0 4294.0
5662.0 4383.0
2332.0 4550.0
2287.0 4411.0
7171.0 2778.0
8451.0 810.0
7149.0 1005.0
1594.0 6064.0
5621.0 929.0
4717.0 4624.0
4349.0 5926.0
2931.0 8338.0
1710.0 5356.0
5241.0 6622.0
9039.0 9157.0
5506.0 5617.0
5316.0 3251.0
9021.0 3086.0
2887.0 8752.0
3670.0 8316.0
9404.0 505.0
7092.0 8789.0
3703.0 2939.0
3805.0 7856.0
5791.0 3769.0
8736.0 203.0
3649.0 8528.0
6100.0 4340.0
2050.0 1458.0
5072.0 3889.0
1077.0 760.0
6204.0 1921.0
4543.0 8701.0
5027.0 5096.0
1008.0 9609.0
1774.0 6874.0
2586.0 1237.0
8696.0 1545.0

7259.0 3090.0
8082.0 7451.0
2019.0 8071.0
120.0 122.0
9706.0 391.0
458.0 1740.0
2325.0 2718.0
9944.0 1374.0
1040.0 5892.0
885.0 2448.0
889.0 2384.0
7092.0 6666.0
3409.0 5483.0
5381.0 4791.0
2347.0 9629.0
9947.0 6086.0
209.0 10002.0
3586.0 626.0
5754.0 1764.0
2192.0 1268.0
5225.0 2077.0
1473.0 4551.0
2430.0 294.0
7345.0 2227.0
5421.0 4418.0
3939.0 7740.0
9936.0 4298.0
5666.0 4389.0
2337.0 4555.0
2292.0 4415.0
7177.0 2783.0
8457.0 815.0
7154.0 1011.0
1599.0 6069.0
5626.0 933.0
4721.0 4628.0
4354.0 5930.0
2937.0 8342.0
1715.0 5360.0
5246.0 6626.0
9044.0 9161.0
5511.0 5623.0
5321.0 3255.0
9025.0 3092.0
2891.0 8757.0
3674.0 8321.0
9409.0 509.0
7097.0 8793.0
3708.0 2944.0
3810.0 7861.0
5797.0 3774.0
8742.0 209.0
3655.0 8533.0
6105.0 4346.0
2055.0 1463.0
5077.0 3894.0
1082.0 764.0
6209.0 1926.0
4547.0 8707.0
5032.0 5101.0
1014.0 9614.0
1779.0 6879.0
2591.0 1242.0
8700.0 1551.0
