1
64 1 3.0 0.0 1000.0 3 160 240 100

6.5 13.5 29.3 58.5
13.0 27.0 58.5 117.0
19.5 40.5 87.8 175.5
26.0 54.0 117.0 234.0
39.0 81.0 175.5 351.0
52.0 108.0 234.0 468.0
58.5 121.5 263.3 526.5
65.0 135.0 292.5 585.0
78.0 162.0 351.0 702.0
0.0 180.0 390.0 780.0

2.0 5.0 8.0 11.0
5.0 8.0 11.0 14.0
9.0 12.0 15.0 18.0
11.0 14.0 17.0 20.0
15.0 18.0 21.0 24.0
18.0 21.0 24.0 27.0
20.0 23.0 26.0 29.0
25.0 28.0 31.0 34.0
29.0 32.0 35.0 38.0
0.0 34.0 37.0 40.0

5557.0 7704.0
9969.0 8205.0
3280.0 589.0
462.0 6057.0
5228.0 7274.0
9996.0 4843.0
8403.0 728.0
1861.0 9508.0
4537.0 2008.0
5703.0 3527.0
4397.0 673.0
9036.0 6635.0
3745.0 4628.0
3957.0 3172.0
6156.0 4921.0
484.0 2818.0
386.0 3484.0
496.0 7980.0
2474.0 4337.0
8689.0 4565.0
5296.0 1267.0
9515.0 5428.0
749.0 7468.0
1533.0 8225.0
2261.0 5180.0
3135.0 1949.0
7837.0 5809.0
6075.0 8894.0
6310.0 3549.0
5756.0 1312.0
2028.0 8012.0
9722.0 4517.0
5631.0 3872.0
8292.0 695.0
1157.0 8034.0
3784.0 179.0
2128.0 7326.0
7287.0 9448.0
1851.0 2242.0
4400.0 7601.0
5603.0 4713.0
3917.0 5569.0
4905.0 454.0
5863.0 4825.0
6581.0 8849.0
7874.0 4849.0
1793.0 5927.0
1315.0 1095.0
2754.0 8401.0
1130.0 7738.0
7308.0 9296.0
5830.0 1936.0
4072.0 8173.0
6589.0 8889.0
3344.0 1448.0
6882.0 9425.0
1458.0 829.0
6616.0 4404.0
8800.0 354.0
7191.0 2660.0
4157.0 5069.0
6452.0 1776.0
622.0 6832.0
4954.0 3421.0

5563.0 7709.0
9975.0 8211.0
3286.0 593.0
466.0 6062.0
5232.0 7280.0
10001.0 4848.0
8407.0 732.0
1865.0 9513.0
4543.0 2013.0
5709.0 3531.0
4401.0 679.0
9041.0 6641.0
3750.0 4633.0
3961.0 3176.0
6160.0 4926.0
490.0 2823.0
391.0 3490.0
500.0 7986.0
2479.0 4342.0
8695.0 4570.0
5300.0 1271.0
9521.0 5433.0
755.0 7473.0
1539.0 8230.0
2265.0 5185.0
3140.0 1955.0
7842.0 5814.0
6080.0 8899.0
6316.0 3553.0
5761.0 1317.0
2034.0 8017.0
9727.0 4522.0
5635.0 3878.0
8297.0 701.0
1162.0 8038.0
3790.0 184.0
2133.0 7331.0
7292.0 9452.0
1856.0 2248.0
4405.0 7605.0
5609.0 4717.0
3922.0 5575.0
4910.0 459.0
5867.0 4830.0
6586.0 8854.0
7879.0 4854.0
1797.0 5932.0
1320.0 1100.0
2758.0 8405.0
1135.0 7742.0
7313.0 9302.0
5834.0 1941.0
4076.0 8178.0
6593.0 8894.0
3350.0 1454.0
6887.0 9430.0
1463.0 833.0
6620.0 4410.0
8805.0 358.0
7197.0 2665.0
4162.0 5075.0
6457.0 1782.0
627.0 6838.0
4958.0 3427.0
