1
64 1 3.0 0.0 1000.0 3 160 240 100

6.5 13.5 29.3 58.5
13.0 27.0 58.5 117.0
19.5 40.5 87.8 175.5
26.0 54.0 117.0 234.0
39.0 81.0 175.5 351.0
52.0 108.0 234.0 468.0
58.5 121.5 263.3 526.5
65.0 135.0 292.5 585.0
78.0 162.0 351.0 702.0
0.0 180.0 390.0 780.0

2.0 5.0 8.0 11.0
5.0 8.0 11.0 14.0
9.0 12.0 15.0 18.0
11.0 14.0 17.0 20.0
15.0 18.0 21.0 24.0
18.0 21.0 24.0 27.0
20.0 23.0 26.0 29.0
25.0 28.0 31.0 34.0
29.0 32.0 35.0 38.0
0.0 34.0 37.0 40.0

721.0 5248.0
7513.0 7523.0
982.0 4269.0
6461.0 2031.0
8624.0 7435.0
5571.0 7521.0
5576.0 7281.0
6087.0 8410.0
7508.0 6925.0
8811.0 5028.0
8075.0 4318.0
8678.0 3320.0
1071.0 2195.0
786.0 1409.0
5688.0 9214.0
9308.0 4815.0
2573.0 299.0
3238.0 4550.0
875.0 6690.0
5424.0 4877.0
8990.0 8716.0
3814.0 9971.0
4181.0 6791.0
6380.0 1251.0
8789.0 8640.0
3657.0 9635.0
3209.0 3276.0
5340.0 9478.0
8345.0 4713.0
9887.0 3450.0
2724.0 951.0
8576.0 117.0
1980.0 6209.0
7957.0 8469.0
888.0 6947.0
7144.0 6170.0
651.0 4657.0
8898.0 779.0
6635.0 945.0
5940.0 5695.0
4250.0 2914.0
6444.0 5096.0
3165.0 9342.0
5148.0 4619.0
2557.0 682.0
9042.0 7045.0
2588.0 8369.0
9059.0 4744.0
9811.0 1468.0
1738.0 3141.0
6686.0 1147.0
7280.0 1952.0
7923.0 5995.0
2959.0 3463.0
8819.0 3695.0
3327.0 9597.0
3316.0 7051.0
1162.0 2028.0
1951.0 4880.0
5595.0 2105.0
2402.0 786.0
6378.0 9848.0
7827.0 5308.0
5716.0 3756.0

727.0 5252.0
7518.0 7527.0
988.0 4274.0
6467.0 2036.0
8629.0 7441.0
5577.0 7526.0
5581.0 7285.0
6092.0 8414.0
7512.0 6930.0
8817.0 5033.0
8079.0 4324.0
8683.0 3326.0
1077.0 2200.0
791.0 1414.0
5694.0 9220.0
9313.0 4821.0
2579.0 304.0
3242.0 4554.0
881.0 6696.0
5428.0 4881.0
8996.0 8720.0
3819.0 9977.0
4187.0 6796.0
6385.0 1256.0
8795.0 8645.0
3663.0 9641.0
3213.0 3281.0
5345.0 9483.0
8350.0 4718.0
9893.0 3455.0
2728.0 955.0
8581.0 123.0
1985.0 6215.0
7961.0 8474.0
893.0 6951.0
7148.0 6176.0
656.0 4663.0
8904.0 784.0
6639.0 951.0
5946.0 5699.0
4255.0 2919.0
6449.0 5102.0
3171.0 9348.0
5153.0 4624.0
2563.0 687.0
9048.0 7050.0
2592.0 8374.0
9064.0 4749.0
9816.0 1474.0
1743.0 3146.0
6690.0 1152.0
7284.0 1956.0
7929.0 6000.0
2965.0 3469.0
8824.0 3699.0
3332.0 9601.0
3320.0 7055.0
1168.0 2033.0
1956.0 4884.0
5600.0 2109.0
2408.0 791.0
6382.0 9854.0
7833.0 5312.0
5722.0 3761.0
