1
64 1 3.0 0.0 1000.0 3 160 240 100

6.5 13.5 29.3 58.5
13.0 27.0 58.5 117.0
19.5 40.5 87.8 175.5
26.0 54.0 117.0 234.0
39.0 81.0 175.5 351.0
52.0 108.0 234.0 468.0
58.5 121.5 263.3 526.5
65.0 135.0 292.5 585.0
78.0 162.0 351.0 702.0
0.0 180.0 390.0 780.0

2.0 5.0 8.0 11.0
5.0 8.0 11.0 14.0
9.0 12.0 15.0 18.0
11.0 14.0 17.0 20.0
15.0 18.0 21.0 24.0
18.0 21.0 24.0 27.0
20.0 23.0 26.0 29.0
25.0 28.0 31.0 34.0
29.0 32.0 35.0 38.0
0.0 34.0 37.0 40.0

9996.0 9424.0
6869.0 2157.0
6860.0 1284.0
6437.0 3953.0
8770.0 6943.0
3849.0 1409.0
1835.0 6356.0
8009.0 3598.0
588.0 618.0
7202.0 5426.0
1887.0 9307.0
2069.0 9159.0
4211.0 1018.0
7535.0 338.0
7570.0 2586.0
5118.0 9818.0
1707.0 5017.0
9575.0 6211.0
2801.0 6625.0
6333.0 5475.0
1350.0 6389.0
8631.0 6910.0
6449.0 3033.0
5848.0 7330.0
4143.0 7844.0
6935.0 7650.0
55.0 1730.0
5413.0 8665.0
8987.0 9520.0
4874.0 5257.0
6688.0 7034.0
6437.0 818.0
1476.0 8906.0
2097.0 6111.0
5930.0 7687.0
416.0 9358.0
1320.0 7225.0
3506.0 6791.0
9996.0 5831.0
6738.0 5444.0
3412.0 7250.0
5136.0 2415.0
5990.0 9924.0
2884.0 7394.0
7519.0 7576.0
4912.0 7673.0
9283.0 6606.0
1991.0 7437.0
1610.0 8325.0
3286.0 5557.0
3040.0 6509.0
2818.0 8670.0
3813.0 3310.0
8769.0 8786.0
8862.0 9010.0
7086.0 7198.0
8012.0 3635.0
3328.0 8926.0
3578.0 935.0
9194.0 4485.0
8066.0 7742.0
2684.0 8205.0
7156.0 4201.0
3334.0 4886.0

10001.0 9428.0
6874.0 2162.0
6866.0 1290.0
6442.0 3957.0
8774.0 6948.0
3854.0 1413.0
1840.0 6361.0
8015.0 3603.0
593.0 623.0
7208.0 5432.0
1893.0 9313.0
2075.0 9164.0
4215.0 1023.0
7541.0 342.0
7576.0 2592.0
5123.0 9822.0
1713.0 5023.0
9581.0 6216.0
2807.0 6630.0
6338.0 5481.0
1355.0 6394.0
8635.0 6915.0
6453.0 3038.0
5854.0 7336.0
4148.0 7849.0
6940.0 7655.0
59.0 1735.0
5418.0 8670.0
8992.0 9525.0
4879.0 5262.0
6694.0 7038.0
6443.0 823.0
1481.0 8911.0
2103.0 6117.0
5936.0 7693.0
422.0 9364.0
1325.0 7230.0
3511.0 6796.0
10001.0 5836.0
6743.0 5450.0
3416.0 7255.0
5141.0 2421.0
5995.0 9928.0
2888.0 7400.0
7523.0 7582.0
4916.0 7677.0
9288.0 6611.0
1995.0 7442.0
1614.0 8331.0
3292.0 5562.0
3046.0 6513.0
2822.0 8674.0
3817.0 3315.0
8773.0 8790.0
8867.0 9015.0
7091.0 7202.0
8017.0 3640.0
3334.0 8932.0
3584.0 939.0
9198.0 4489.0
8071.0 7748.0
2689.0 8211.0
7160.0 4206.0
3339.0 4891.0
