1
64 1 3.0 0.0 1000.0 3 160 240 100

6.5 13.5 29.3 58.5
13.0 27.0 58.5 117.0
19.5 40.5 87.8 175.5
26.0 54.0 117.0 234.0
39.0 81.0 175.5 351.0
52.0 108.0 234.0 468.0
58.5 121.5 263.3 526.5
65.0 135.0 292.5 585.0
78.0 162.0 351.0 702.0
0.0 180.0 390.0 780.0

2.0 5.0 8.0 11.0
5.0 8.0 11.0 14.0
9.0 12.0 15.0 18.0
11.0 14.0 17.0 20.0
15.0 18.0 21.0 24.0
18.0 21.0 24.0 27.0
20.0 23.0 26.0 29.0
25.0 28.0 31.0 34.0
29.0 32.0 35.0 38.0
0.0 34.0 37.0 40.0

9010.0 6485.0
5970.0 153.0
8270.0 897.0
8193.0 3390.0
2727.0 9961.0
3457.0 2358.0
7040.0 5381.0
5274.0 776.0
6643.0 3415.0
5765.0 9506.0
3219.0 8328.0
5847.0 4827.0
6837.0 295.0
5616.0 2328.0
9935.0 3233.0
6361.0 8194.0
864.0 595.0
8175.0 2134.0
7162.0 9624.0
9580.0 8704.0
1278.0 7069.0
8141.0 6302.0
3929.0 1883.0
3487.0 5566.0
2783.0 2901.0
6711.0 1459.0
6673.0 2008.0
2569.0 5778.0
8025.0 5812.0
3438.0 9361.0
8712.0 1317.0
6483.0 5731.0
7009.0 3618.0
7959.0 463.0
5861.0 6108.0
1113.0 3000.0
5152.0 6230.0
6619.0 194.0
3172.0 2252.0
6999.0 3336.0
4974.0 9101.0
8968.0 2911.0
7819.0 3740.0
156.0 7857.0
6411.0 3116.0
9145.0 8569.0
3100.0 172.0
274.0 5425.0
770.0 5933.0
7146.0 7068.0
8585.0 8190.0
1300.0 5225.0
3313.0 9760.0
4971.0 5304.0
1392.0 1860.0
9404.0 4538.0
9474.0 585.0
2654.0 1919.0
3594.0 6997.0
3325.0 6707.0
9709.0 3850.0
9183.0 4736.0
760.0 4434.0
2106.0 4305.0

9015.0 6489.0
5975.0 158.0
8274.0 903.0
8199.0 3396.0
2732.0 9965.0
3462.0 2362.0
7044.0 5387.0
5280.0 780.0
6648.0 3419.0
5771.0 9511.0
3224.0 8334.0
5852.0 4832.0
6843.0 299.0
5622.0 2332.0
9939.0 3237.0
6366.0 8199.0
868.0 600.0
8181.0 2138.0
7167.0 9629.0
9586.0 8710.0
1284.0 7074.0
8145.0 6307.0
3933.0 1888.0
3493.0 5570.0
2787.0 2907.0
6715.0 1464.0
6677.0 2013.0
2573.0 5783.0
8029.0 5817.0
3443.0 9366.0
8717.0 1323.0
6487.0 5736.0
7013.0 3623.0
7964.0 468.0
5866.0 6113.0
1118.0 3004.0
5158.0 6236.0
6625.0 199.0
3176.0 2257.0
7005.0 3342.0
4979.0 9105.0
8974.0 2916.0
7825.0 3745.0
160.0 7862.0
6416.0 3121.0
9150.0 8573.0
3105.0 177.0
280.0 5430.0
775.0 5938.0
7151.0 7072.0
8589.0 8195.0
1304.0 5230.0
3319.0 9766.0
4975.0 5310.0
1397.0 1865.0
9409.0 4543.0
9480.0 590.0
2660.0 1923.0
3599.0 7002.0
3330.0 6712.0
9713.0 3854.0
9188.0 4740.0
765.0 4439.0
2111.0 4310.0
