1
64 1 3.0 0.0 1000.0 3 160 240 100

6.5 13.5 29.3 58.5
13.0 27.0 58.5 117.0
19.5 40.5 87.8 175.5
26.0 54.0 117.0 234.0
39.0 81.0 175.5 351.0
52.0 108.0 234.0 468.0
58.5 121.5 263.3 526.5
65.0 135.0 292.5 585.0
78.0 162.0 351.0 702.0
0.0 180.0 390.0 780.0

2.0 5.0 8.0 11.0
5.0 8.0 11.0 14.0
9.0 12.0 15.0 18.0
11.0 14.0 17.0 20.0
15.0 18.0 21.0 24.0
18.0 21.0 24.0 27.0
20.0 23.0 26.0 29.0
25.0 28.0 31.0 34.0
29.0 32.0 35.0 38.0
0.0 34.0 37.0 40.0

3855.0 7537.0
2912.0 6090.0
6357.0 2412.0
7606.0 5740.0
7025.0 2390.0
8973.0 2264.0
327.0 9509.0
2587.0 3853.0
2599.0 2761.0
1428.0 2277.0
6991.0 6180.0
3669.0 8912.0
1327.0 7622.0
6904.0 2643.0
4063.0 3722.0
263.0 1397.0
6047.0 9077.0
8364.0 1577.0
8273.0 117.0
3545.0 2142.0
8326.0 6706.0
5318.0 2602.0
708.0 6971.0
8492.0 6672.0
8746.0 3353.0
3918.0 5860.0
8280.0 408.0
8287.0 9731.0
5812.0 7360.0
1937.0 2114.0
6334.0 899.0
6115.0 5009.0
8502.0 6254.0
3627.0 4446.0
7383.0 7038.0
9339.0 5063.0
7441.0 6867.0
9460.0 2651.0
978.0 8273.0
1059.0 6432.0
9715.0 6910.0
5758.0 5325.0
9710.0 1568.0
4053.0 4952.0
2313.0 2989.0
9198.0 4652.0
6346.0 7019.0
2104.0 6258.0
9206.0 67.0
1203.0 8881.0
7095.0 7417.0
3706.0 6489.0
7054.0 7372.0
7220.0 7500.0
6014.0 6751.0
3153.0 8186.0
4550.0 5748.0
5870.0 4110.0
5536.0 2654.0
4017.0 6384.0
395.0 1455.0
2995.0 1986.0
8140.0 7807.0
9997.0 9900.0

3860.0 7542.0
2918.0 6094.0
6362.0 2417.0
7610.0 5744.0
7030.0 2395.0
8977.0 2268.0
333.0 9514.0
2592.0 3857.0
2603.0 2766.0
1434.0 2281.0
6997.0 6184.0
3674.0 8916.0
1333.0 7628.0
6908.0 2649.0
4067.0 3726.0
269.0 1403.0
6051.0 9082.0
8369.0 1582.0
8277.0 122.0
3550.0 2148.0
8331.0 6710.0
5323.0 2608.0
714.0 6976.0
8498.0 6677.0
8751.0 3359.0
3922.0 5866.0
8285.0 413.0
8293.0 9736.0
5817.0 7366.0
1942.0 2120.0
6339.0 905.0
6120.0 5014.0
8508.0 6258.0
3632.0 4451.0
7388.0 7043.0
9343.0 5069.0
7446.0 6873.0
9465.0 2656.0
983.0 8279.0
1063.0 6437.0
9721.0 6915.0
5763.0 5329.0
9716.0 1572.0
4058.0 4958.0
2318.0 2995.0
9204.0 4657.0
6352.0 7024.0
2109.0 6263.0
9211.0 73.0
1208.0 8885.0
7101.0 7422.0
3711.0 6494.0
7059.0 7377.0
7226.0 7505.0
6019.0 6756.0
3158.0 8191.0
4555.0 5753.0
5874.0 4116.0
5542.0 2659.0
4021.0 6389.0
400.0 1460.0
3001.0 1991.0
8146.0 7813.0
10003.0 9906.0
