1
64 1 3.0 0.0 1000.0 3 160 240 100

6.5 13.5 29.3 58.5
13.0 27.0 58.5 117.0
19.5 40.5 87.8 175.5
26.0 54.0 117.0 234.0
39.0 81.0 175.5 351.0
52.0 108.0 234.0 468.0
58.5 121.5 263.3 526.5
65.0 135.0 292.5 585.0
78.0 162.0 351.0 702.0
0.0 180.0 390.0 780.0

2.0 5.0 8.0 11.0
5.0 8.0 11.0 14.0
9.0 12.0 15.0 18.0
11.0 14.0 17.0 20.0
15.0 18.0 21.0 24.0
18.0 21.0 24.0 27.0
20.0 23.0 26.0 29.0
25.0 28.0 31.0 34.0
29.0 32.0 35.0 38.0
0.0 34.0 37.0 40.0

3270.0 2952.0
6668.0 824.0
3195.0 1510.0
6008.0 7019.0
9991.0 5381.0
6136.0 6383.0
6738.0 9675.0
6599.0 9908.0
8431.0 7155.0
5080.0 8622.0
7346.0 9394.0
3713.0 5800.0
7555.0 4867.0
8103.0 7310.0
3794.0 9481.0
472.0 1838.0
2386.0 7565.0
898.0 5264.0
4404.0 3817.0
3081.0 5934.0
3774.0 9217.0
3581.0 91.0
5514.0 6419.0
5981.0 9230.0
1801.0 2625.0
3912.0 3618.0
6069.0 452.0
9386.0 8755.0
7819.0 9792.0
5395.0 4021.0
3354.0 6188.0
4198.0 5272.0
120.0 3719.0
5265.0 5646.0
4854.0 2909.0
9310.0 1325.0
8239.0 6664.0
7356.0 1531.0
1249.0 9754.0
6291.0 4484.0
893.0 9833.0
4848.0 3618.0
5542.0 516.0
6454.0 775.0
2545.0 9523.0
7905.0 5663.0
3318.0 7379.0
5302.0 3319.0
3610.0 4710.0
1190.0 3841.0
9139.0 8604.0
9363.0 1152.0
9288.0 1082.0
6260.0 42.0
4068.0 5157.0
407.0 3254.0
2029.0 6513.0
3853.0 2872.0
9329.0 1288.0
2039.0 2764.0
2639.0 2990.0
1050.0 1341.0
1099.0 4046.0
3687.0 6392.0

3275.0 2956.0
6674.0 829.0
3200.0 1515.0
6013.0 7024.0
9996.0 5385.0
6141.0 6388.0
6744.0 9679.0
6604.0 9914.0
8436.0 7159.0
5085.0 8627.0
7352.0 9398.0
3717.0 5805.0
7559.0 4872.0
8108.0 7315.0
3798.0 9486.0
477.0 1844.0
2391.0 7570.0
903.0 5269.0
4410.0 3822.0
3086.0 5938.0
3779.0 9222.0
3585.0 96.0
5520.0 6423.0
5986.0 9235.0
1806.0 2629.0
3916.0 3623.0
6074.0 457.0
9391.0 8759.0
7824.0 9798.0
5399.0 4026.0
3359.0 6193.0
4202.0 5278.0
124.0 3723.0
5269.0 5652.0
4859.0 2913.0
9314.0 1329.0
8245.0 6669.0
7361.0 1536.0
1253.0 9758.0
6295.0 4489.0
898.0 9838.0
4853.0 3622.0
5548.0 522.0
6459.0 779.0
2549.0 9528.0
7909.0 5667.0
3322.0 7384.0
5307.0 3324.0
3615.0 4716.0
1195.0 3846.0
9143.0 8608.0
9368.0 1156.0
9294.0 1088.0
6266.0 46.0
4074.0 5161.0
411.0 3258.0
2033.0 6519.0
3858.0 2878.0
9334.0 1293.0
2044.0 2770.0
2644.0 2996.0
1055.0 1345.0
1105.0 4052.0
3692.0 6398.0
