1
64 1 3.0 0.0 1000.0 3 160 240 100

6.5 13.5 29.3 58.5
13.0 27.0 58.5 117.0
19.5 40.5 87.8 175.5
26.0 54.0 117.0 234.0
39.0 81.0 175.5 351.0
52.0 108.0 234.0 468.0
58.5 121.5 263.3 526.5
65.0 135.0 292.5 585.0
78.0 162.0 351.0 702.0
0.0 180.0 390.0 780.0

2.0 5.0 8.0 11.0
5.0 8.0 11.0 14.0
9.0 12.0 15.0 18.0
11.0 14.0 17.0 20.0
15.0 18.0 21.0 24.0
18.0 21.0 24.0 27.0
20.0 23.0 26.0 29.0
25.0 28.0 31.0 34.0
29.0 32.0 35.0 38.0
0.0 34.0 37.0 40.0

4904.0 1410.0
5575.0 7341.0
4148.0 5272.0
8165.0 2816.0
250.0 4879.0
536.0 5282.0
662.0 2783.0
9583.0 1159.0
4336.0 6606.0
3436.0 3458.0
6621.0 975.0
2308.0 9775.0
3301.0 6396.0
2040.0 8413.0
9007.0 564.0
1782.0 4397.0
7660.0 137.0
9767.0 9621.0
5171.0 3463.0
3599.0 3910.0
7074.0 7273.0
4032.0 6228.0
6297.0 2856.0
3659.0 7814.0
8759.0 9715.0
4465.0 1484.0
6999.0 7209.0
703.0 3874.0
4520.0 7205.0
6009.0 9868.0
6050.0 3226.0
6234.0 976.0
1421.0 4120.0
1910.0 1917.0
3244.0 2752.0
6816.0 2169.0
1094.0 2722.0
1580.0 1739.0
7390.0 8625.0
3759.0 2909.0
2668.0 7857.0
8351.0 2229.0
440.0 4470.0
5183.0 9493.0
4341.0 8095.0
2108.0 2980.0
2748.0 3432.0
5475.0 2694.0
8582.0 8316.0
1804.0 5885.0
4467.0 869.0
7114.0 1586.0
5966.0 8745.0
2857.0 3439.0
8069.0 5977.0
9890.0 2565.0
2640.0 5429.0
4438.0 4731.0
7011.0 7367.0
2502.0 8572.0
6424.0 7155.0
1630.0 4137.0
5517.0 7583.0
1538.0 3501.0

4908.0 1414.0
5580.0 7346.0
4153.0 5277.0
8171.0 2822.0
254.0 4885.0
541.0 5286.0
667.0 2789.0
9589.0 1163.0
4342.0 6611.0
3441.0 3463.0
6626.0 981.0
2313.0 9781.0
3305.0 6401.0
2045.0 8418.0
9012.0 569.0
1786.0 4403.0
7666.0 141.0
9771.0 9627.0
5176.0 3468.0
3605.0 3914.0
7079.0 7278.0
4037.0 6233.0
6302.0 2862.0
3664.0 7819.0
8764.0 9721.0
4470.0 1489.0
7004.0 7215.0
708.0 3879.0
4525.0 7211.0
6014.0 9872.0
6056.0 3232.0
6240.0 981.0
1426.0 4125.0
1915.0 1923.0
3249.0 2758.0
6822.0 2173.0
1098.0 2728.0
1584.0 1743.0
7396.0 8630.0
3765.0 2915.0
2673.0 7861.0
8357.0 2234.0
445.0 4474.0
5188.0 9498.0
4346.0 8101.0
2112.0 2984.0
2753.0 3436.0
5479.0 2699.0
8586.0 8321.0
1810.0 5889.0
4472.0 875.0
7118.0 1592.0
5972.0 8750.0
2862.0 3444.0
8075.0 5982.0
9894.0 2569.0
2644.0 5434.0
4443.0 4737.0
7015.0 7373.0
2507.0 8577.0
6429.0 7160.0
1634.0 4142.0
5523.0 7588.0
1543.0 3506.0
