1
64 1 3.0 0.0 1000.0 3 160 240 100

6.5 13.5 29.3 58.5
13.0 27.0 58.5 117.0
19.5 40.5 87.8 175.5
26.0 54.0 117.0 234.0
39.0 81.0 175.5 351.0
52.0 108.0 234.0 468.0
58.5 121.5 263.3 526.5
65.0 135.0 292.5 585.0
78.0 162.0 351.0 702.0
0.0 180.0 390.0 780.0

2.0 5.0 8.0 11.0
5.0 8.0 11.0 14.0
9.0 12.0 15.0 18.0
11.0 14.0 17.0 20.0
15.0 18.0 21.0 24.0
18.0 21.0 24.0 27.0
20.0 23.0 26.0 29.0
25.0 28.0 31.0 34.0
29.0 32.0 35.0 38.0
0.0 34.0 37.0 40.0

49.0 6315.0
8422.0 8972.0
1642.0 3117.0
5443.0 7463.0
9638.0 4200.0
3151.0 4030.0
342.0 4856.0
4462.0 4371.0
7031.0 479.0
6424.0 1128.0
5017.0 6960.0
1871.0 5965.0
7124.0 9260.0
5015.0 1024.0
4765.0 3689.0
2435.0 1516.0
2317.0 1874.0
3392.0 3706.0
4996.0 6953.0
5925.0 5051.0
2913.0 4969.0
7677.0 5749.0
6523.0 7007.0
2887.0 3445.0
1147.0 49.0
9495.0 5377.0
779.0 7085.0
2812.0 4693.0
3850.0 9460.0
4694.0 214.0
6175.0 6988.0
9671.0 1394.0
8743.0 3822.0
1962.0 2733.0
583.0 607.0
9847.0 4415.0
9365.0 5902.0
6313.0 8399.0
4960.0 2401.0
7442.0 1761.0
3636.0 5941.0
2470.0 1507.0
3097.0 7816.0
1971.0 7639.0
1050.0 3412.0
3115.0 3720.0
2506.0 2645.0
3433.0 6706.0
3500.0 241.0
7039.0 292.0
1437.0 6341.0
9770.0 8532.0
4741.0 458.0
2158.0 9001.0
7030.0 4273.0
1711.0 7240.0
3479.0 1302.0
8425.0 6762.0
9599.0 3922.0
9990.0 1352.0
5099.0 771.0
5618.0 8947.0
8048.0 33.0
9955.0 8827.0

53.0 6320.0
8427.0 8977.0
1647.0 3123.0
5448.0 7469.0
9644.0 4205.0
3157.0 4035.0
348.0 4862.0
4467.0 4376.0
7035.0 485.0
6430.0 1133.0
5021.0 6965.0
1876.0 5970.0
7129.0 9265.0
5019.0 1030.0
4770.0 3695.0
2440.0 1522.0
2322.0 1879.0
3397.0 3712.0
5002.0 6959.0
5931.0 5057.0
2919.0 4975.0
7682.0 5754.0
6528.0 7012.0
2893.0 3451.0
1153.0 53.0
9499.0 5383.0
785.0 7089.0
2818.0 4699.0
3855.0 9465.0
4698.0 219.0
6181.0 6992.0
9676.0 1399.0
8749.0 3827.0
1967.0 2737.0
588.0 612.0
9853.0 4420.0
9370.0 5906.0
6317.0 8404.0
4966.0 2406.0
7447.0 1767.0
3640.0 5947.0
2476.0 1512.0
3101.0 7821.0
1975.0 7644.0
1055.0 3416.0
3120.0 3726.0
2511.0 2649.0
3438.0 6711.0
3505.0 245.0
7043.0 297.0
1441.0 6347.0
9775.0 8538.0
4745.0 464.0
2164.0 9006.0
7034.0 4277.0
1715.0 7246.0
3483.0 1307.0
8431.0 6767.0
9605.0 3926.0
9994.0 1356.0
5104.0 777.0
5624.0 8952.0
8054.0 38.0
9959.0 8831.0
