1
64 1 3.0 0.0 1000.0 3 160 240 100

6.5 13.5 29.3 58.5
13.0 27.0 58.5 117.0
19.5 40.5 87.8 175.5
26.0 54.0 117.0 234.0
39.0 81.0 175.5 351.0
52.0 108.0 234.0 468.0
58.5 121.5 263.3 526.5
65.0 135.0 292.5 585.0
78.0 162.0 351.0 702.0
0.0 180.0 390.0 780.0

2.0 5.0 8.0 11.0
5.0 8.0 11.0 14.0
9.0 12.0 15.0 18.0
11.0 14.0 17.0 20.0
15.0 18.0 21.0 24.0
18.0 21.0 24.0 27.0
20.0 23.0 26.0 29.0
25.0 28.0 31.0 34.0
29.0 32.0 35.0 38.0
0.0 34.0 37.0 40.0

8480.0 4761.0
545.0 5231.0
6967.0 8720.0
9884.0 5040.0
7173.0 9663.0
474.0 2282.0
4309.0 8522.0
5893.0 8797.0
8164.0 1979.0
3080.0 9233.0
8281.0 5158.0
7846.0 9173.0
7056.0 16.0
1848.0 150.0
5929.0 4912.0
2429.0 3291.0
2377.0 3395.0
9314.0 5856.0
7907.0 2686.0
4564.0 7435.0
9727.0 4894.0
4776.0 5042.0
1314.0 6442.0
6934.0 8889.0
9556.0 3741.0
1890.0 3076.0
8668.0 5591.0
1896.0 7967.0
3583.0 5346.0
1147.0 3506.0
8007.0 8324.0
772.0 5234.0
4836.0 2486.0
2229.0 7257.0
9127.0 2892.0
5528.0 8933.0
6329.0 2928.0
1258.0 4526.0
951.0 7830.0
7831.0 7597.0
3380.0 8500.0
7917.0 4372.0
5034.0 6125.0
491.0 2864.0
4548.0 610.0
7460.0 6995.0
194.0 8329.0
6289.0 7480.0
6214.0 7205.0
2603.0 3724.0
3285.0 9623.0
9179.0 3504.0
5788.0 6183.0
298.0 9682.0
1095.0 5816.0
2884.0 5706.0
8553.0 240.0
8390.0 4166.0
8379.0 3301.0
1866.0 5157.0
3139.0 8172.0
7157.0 3705.0
7028.0 7947.0
9681.0 8019.0

8484.0 4767.0
551.0 5236.0
6973.0 8725.0
9888.0 5045.0
7178.0 9667.0
478.0 2287.0
4314.0 8528.0
5899.0 8802.0
8169.0 1984.0
3085.0 9238.0
8286.0 5163.0
7851.0 9178.0
7061.0 21.0
1852.0 156.0
5934.0 4918.0
2434.0 3296.0
2382.0 3399.0
9320.0 5860.0
7912.0 2690.0
4569.0 7440.0
9733.0 4899.0
4780.0 5047.0
1318.0 6446.0
6939.0 8894.0
9562.0 3746.0
1895.0 3080.0
8674.0 5596.0
1900.0 7972.0
3587.0 5351.0
1152.0 3512.0
8012.0 8328.0
777.0 5240.0
4841.0 2490.0
2234.0 7262.0
9133.0 2896.0
5533.0 8939.0
6335.0 2934.0
1263.0 4532.0
956.0 7834.0
7835.0 7601.0
3385.0 8506.0
7922.0 4377.0
5039.0 6130.0
497.0 2869.0
4552.0 616.0
7464.0 7000.0
199.0 8335.0
6295.0 7484.0
6220.0 7209.0
2608.0 3728.0
3290.0 9628.0
9185.0 3510.0
5793.0 6188.0
303.0 9686.0
1101.0 5821.0
2889.0 5712.0
8557.0 245.0
8395.0 4171.0
8384.0 3306.0
1871.0 5161.0
3143.0 8178.0
7163.0 3709.0
7033.0 7952.0
9686.0 8025.0
