1
64 1 3.0 0.0 1000.0 3 160 240 100

6.5 13.5 29.3 58.5
13.0 27.0 58.5 117.0
19.5 40.5 87.8 175.5
26.0 54.0 117.0 234.0
39.0 81.0 175.5 351.0
52.0 108.0 234.0 468.0
58.5 121.5 263.3 526.5
65.0 135.0 292.5 585.0
78.0 162.0 351.0 702.0
0.0 180.0 390.0 780.0

2.0 5.0 8.0 11.0
5.0 8.0 11.0 14.0
9.0 12.0 15.0 18.0
11.0 14.0 17.0 20.0
15.0 18.0 21.0 24.0
18.0 21.0 24.0 27.0
20.0 23.0 26.0 29.0
25.0 28.0 31.0 34.0
29.0 32.0 35.0 38.0
0.0 34.0 37.0 40.0

7634.0 5706.0
3169.0 1425.0
7261.0 1865.0
895.0 7600.0
7809.0 1770.0
7560.0 996.0
661.0 1984.0
6632.0 9067.0
8753.0 1591.0
3809.0 7768.0
1171.0 3360.0
3204.0 9409.0
8158.0 3113.0
7472.0 9899.0
1721.0 2776.0
3322.0 7112.0
9542.0 5135.0
6371.0 4659.0
2375.0 803.0
1769.0 7802.0
7645.0 404.0
9553.0 787.0
4417.0 7485.0
6176.0 7334.0
7460.0 157.0
6136.0 8556.0
575.0 1982.0
186.0 5067.0
1897.0 5106.0
9033.0 2519.0
6370.0 1152.0
3997.0 2347.0
3074.0 7870.0
8566.0 1963.0
7611.0 2076.0
7287.0 1170.0
2250.0 1849.0
956.0 4047.0
9008.0 3536.0
9524.0 8055.0
3383.0 1544.0
6698.0 4646.0
8925.0 1433.0
2655.0 8101.0
5328.0 9328.0
3825.0 1884.0
5269.0 3148.0
1188.0 4246.0
7657.0 3657.0
1039.0 7360.0
7506.0 5857.0
4641.0 6719.0
5124.0 3723.0
5745.0 79.0
9811.0 3782.0
7389.0 7687.0
5757.0 5561.0
1952.0 8065.0
353.0 9391.0
883.0 6097.0
7581.0 4595.0
3065.0 2684.0
1711.0 3548.0
3257.0 7719.0

7638.0 5712.0
3173.0 1429.0
7267.0 1870.0
901.0 7605.0
7814.0 1776.0
7565.0 1000.0
666.0 1989.0
6637.0 9071.0
8759.0 1595.0
3815.0 7774.0
1177.0 3364.0
3208.0 9414.0
8164.0 3117.0
7477.0 9904.0
1727.0 2781.0
3326.0 7117.0
9547.0 5140.0
6376.0 4663.0
2381.0 808.0
1774.0 7808.0
7649.0 409.0
9559.0 793.0
4421.0 7490.0
6180.0 7339.0
7466.0 163.0
6141.0 8560.0
580.0 1987.0
191.0 5073.0
1902.0 5112.0
9037.0 2524.0
6374.0 1157.0
4001.0 2352.0
3079.0 7875.0
8571.0 1968.0
7616.0 2081.0
7292.0 1175.0
2255.0 1854.0
960.0 4052.0
9013.0 3540.0
9530.0 8061.0
3388.0 1548.0
6703.0 4650.0
8930.0 1437.0
2660.0 8107.0
5333.0 9333.0
3829.0 1888.0
5275.0 3152.0
1193.0 4251.0
7661.0 3663.0
1045.0 7365.0
7511.0 5861.0
4645.0 6723.0
5129.0 3729.0
5750.0 83.0
9816.0 3788.0
7394.0 7693.0
5762.0 5566.0
1957.0 8070.0
358.0 9397.0
889.0 6101.0
7585.0 4600.0
3071.0 2689.0
1716.0 3552.0
3262.0 7724.0
