1
64 1 3.0 0.0 1000.0 3 160 240 100

6.5 13.5 29.3 58.5
13.0 27.0 58.5 117.0
19.5 40.5 87.8 175.5
26.0 54.0 117.0 234.0
39.0 81.0 175.5 351.0
52.0 108.0 234.0 468.0
58.5 121.5 263.3 526.5
65.0 135.0 292.5 585.0
78.0 162.0 351.0 702.0
0.0 180.0 390.0 780.0

2.0 5.0 8.0 11.0
5.0 8.0 11.0 14.0
9.0 12.0 15.0 18.0
11.0 14.0 17.0 20.0
15.0 18.0 21.0 24.0
18.0 21.0 24.0 27.0
20.0 23.0 26.0 29.0
25.0 28.0 31.0 34.0
29.0 32.0 35.0 38.0
0.0 34.0 37.0 40.0

7980.0 1569.0
3294.0 5897.0
6632.0 7240.0
5204.0 2486.0
8870.0 5889.0
9148.0 9693.0
8930.0 6877.0
9990.0 7544.0
8331.0 4102.0
1903.0 8093.0
1294.0 3313.0
1624.0 5663.0
3066.0 97.0
8151.0 8964.0
6354.0 4069.0
323.0 6855.0
3545.0 7260.0
6250.0 1988.0
4937.0 7218.0
1001.0 9109.0
5647.0 7821.0
1537.0 7272.0
6408.0 3326.0
299.0 7716.0
5947.0 3640.0
1421.0 1663.0
5137.0 1341.0
5997.0 4807.0
5621.0 3445.0
5359.0 7741.0
8104.0 3427.0
3805.0 4077.0
8000.0 1513.0
4719.0 527.0
8641.0 3739.0
6541.0 5702.0
4739.0 2795.0
7517.0 6870.0
1292.0 6151.0
689.0 6460.0
5634.0 9487.0
3051.0 2537.0
2825.0 5921.0
5342.0 39.0
7067.0 4050.0
1400.0 2001.0
4362.0 309.0
8528.0 2549.0
4078.0 3665.0
2824.0 5915.0
9649.0 3134.0
5913.0 8218.0
1077.0 1148.0
2030.0 1292.0
4455.0 8278.0
6896.0 293.0
6186.0 7299.0
2336.0 9371.0
2108.0 7140.0
3081.0 2133.0
4215.0 9698.0
4704.0 6186.0
163.0 5031.0
4130.0 3494.0

7985.0 1574.0
3299.0 5901.0
6637.0 7246.0
5209.0 2491.0
8875.0 5895.0
9153.0 9698.0
8934.0 6882.0
9995.0 7549.0
8336.0 4106.0
1907.0 8098.0
1298.0 3319.0
1629.0 5668.0
3071.0 102.0
8157.0 8969.0
6359.0 4074.0
329.0 6860.0
3550.0 7264.0
6256.0 1993.0
4942.0 7223.0
1006.0 9114.0
5652.0 7827.0
1542.0 7277.0
6413.0 3331.0
304.0 7722.0
5951.0 3646.0
1425.0 1669.0
5141.0 1346.0
6002.0 4812.0
5626.0 3450.0
5363.0 7747.0
8109.0 3432.0
3809.0 4081.0
8005.0 1518.0
4724.0 532.0
8645.0 3743.0
6546.0 5708.0
4744.0 2800.0
7522.0 6875.0
1296.0 6156.0
693.0 6465.0
5639.0 9491.0
3057.0 2542.0
2830.0 5927.0
5348.0 43.0
7073.0 4055.0
1406.0 2005.0
4366.0 313.0
8532.0 2554.0
4083.0 3670.0
2829.0 5920.0
9654.0 3138.0
5918.0 8223.0
1082.0 1153.0
2036.0 1297.0
4459.0 8282.0
6901.0 299.0
6191.0 7303.0
2341.0 9375.0
2114.0 7144.0
3086.0 2138.0
4219.0 9703.0
4709.0 6191.0
168.0 5036.0
4135.0 3499.0
