1
64 1 3.0 0.0 1000.0 3 160 240 100

6.5 13.5 29.3 58.5
13.0 27.0 58.5 117.0
19.5 40.5 87.8 175.5
26.0 54.0 117.0 234.0
39.0 81.0 175.5 351.0
52.0 108.0 234.0 468.0
58.5 121.5 263.3 526.5
65.0 135.0 292.5 585.0
78.0 162.0 351.0 702.0
0.0 180.0 390.0 780.0

2.0 5.0 8.0 11.0
5.0 8.0 11.0 14.0
9.0 12.0 15.0 18.0
11.0 14.0 17.0 20.0
15.0 18.0 21.0 24.0
18.0 21.0 24.0 27.0
20.0 23.0 26.0 29.0
25.0 28.0 31.0 34.0
29.0 32.0 35.0 38.0
0.0 34.0 37.0 40.0

9238.0 7524.0
8887.0 3347.0
8750.0 3254.0
3080.0 7414.0
5082.0 3616.0
3354.0 1827.0
294.0 4179.0
5203.0 2518.0
7741.0 9293.0
1902.0 5285.0
6727.0 9407.0
7623.0 1680.0
1317.0 340.0
8249.0 8024.0
8509.0 9978.0
1316.0 9305.0
3445.0 442.0
9054.0 2224.0
1879.0 6198.0
944.0 4140.0
2569.0 1154.0
4757.0 7175.0
4820.0 210.0
7512.0 9236.0
8845.0 3317.0
296.0 6212.0
9156.0 2503.0
3402.0 2104.0
3679.0 4918.0
711.0 6344.0
3778.0 7372.0
4790.0 65.0
2899.0 396.0
6625.0 5576.0
4011.0 2321.0
6451.0 5797.0
8557.0 6391.0
4618.0 2925.0
2101.0 6411.0
3940.0 8072.0
4364.0 8944.0
7471.0 6140.0
3851.0 2557.0
8158.0 2698.0
9761.0 7135.0
9304.0 2106.0
6375.0 8762.0
7306.0 8650.0
7619.0 8173.0
591.0 4951.0
1995.0 3305.0
1214.0 4394.0
577.0 8927.0
8056.0 6846.0
3265.0 8874.0
3059.0 9412.0
1002.0 8901.0
4460.0 6497.0
4130.0 634.0
3459.0 5918.0
9599.0 9662.0
3263.0 340.0
2217.0 3252.0
1960.0 5776.0

9243.0 7528.0
8892.0 3352.0
8756.0 3260.0
3084.0 7420.0
5088.0 3621.0
3358.0 1831.0
300.0 4183.0
5208.0 2523.0
7746.0 9298.0
1906.0 5290.0
6732.0 9413.0
7628.0 1685.0
1323.0 344.0
8255.0 8030.0
8515.0 9982.0
1321.0 9311.0
3450.0 446.0
9058.0 2229.0
1884.0 6203.0
950.0 4145.0
2574.0 1159.0
4761.0 7181.0
4825.0 214.0
7517.0 9242.0
8850.0 3322.0
301.0 6217.0
9161.0 2509.0
3406.0 2108.0
3683.0 4924.0
716.0 6349.0
3782.0 7376.0
4795.0 69.0
2905.0 400.0
6629.0 5582.0
4016.0 2327.0
6456.0 5802.0
8561.0 6395.0
4623.0 2930.0
2107.0 6416.0
3945.0 8077.0
4369.0 8948.0
7475.0 6146.0
3856.0 2562.0
8164.0 2704.0
9766.0 7140.0
9309.0 2110.0
6381.0 8766.0
7310.0 8654.0
7624.0 8178.0
596.0 4956.0
2000.0 3311.0
1219.0 4399.0
582.0 8931.0
8062.0 6851.0
3271.0 8879.0
3064.0 9416.0
1006.0 8907.0
4464.0 6502.0
4136.0 638.0
3464.0 5923.0
9604.0 9666.0
3268.0 346.0
2223.0 3257.0
1966.0 5781.0
