1
512 1 3.0 0.0 1000.0 3 160 240 100

6.5 13.5 29.3 58.5
13.0 27.0 58.5 117.0
19.5 40.5 87.8 175.5
26.0 54.0 117.0 234.0
39.0 81.0 175.5 351.0
52.0 108.0 234.0 468.0
58.5 121.5 263.3 526.5
65.0 135.0 292.5 585.0
78.0 162.0 351.0 702.0
0.0 180.0 390.0 780.0

2.0 5.0 8.0 11.0
5.0 8.0 11.0 14.0
9.0 12.0 15.0 18.0
11.0 14.0 17.0 20.0
15.0 18.0 21.0 24.0
18.0 21.0 24.0 27.0
20.0 23.0 26.0 29.0
25.0 28.0 31.0 34.0
29.0 32.0 35.0 38.0
0.0 34.0 37.0 40.0

7089.0 1194.0
5034.0 1563.0
2258.0 585.0
8771.0 4624.0
2657.0 62.0
9497.0 4871.0
7239.0 7557.0
6157.0 4610.0
6643.0 7635.0
7217.0 452.0
1370.0 4626.0
4651.0 9121.0
2721.0 6076.0
7043.0 67.0
7322.0 2623.0
8856.0 7277.0
8544.0 2957.0
5464.0 5158.0
653.0 4977.0
5998.0 5877.0
3999.0 6785.0
8581.0 8047.0
2069.0 3652.0
5030.0 9130.0
3722.0 9588.0
4587.0 6451.0
6435.0 4644.0
8746.0 4202.0
8862.0 1583.0
1761.0 6315.0
3551.0 8055.0
3892.0 7591.0
3112.0 2902.0
6962.0 7970.0
5681.0 7736.0
4300.0 7317.0
7989.0 7404.0
9637.0 613.0
6845.0 5501.0
2020.0 5933.0
2382.0 3537.0
6331.0 97.0
8858.0 4908.0
1459.0 9360.0
1349.0 7292.0
712.0 5054.0
9145.0 9614.0
1535.0 6535.0
9177.0 2207.0
4098.0 6332.0
5292.0 1299.0
834.0 4886.0
1695.0 1461.0
1492.0 4749.0
1375.0 2158.0
774.0 6628.0
2851.0 7019.0
8130.0 2175.0
1032.0 6970.0
1780.0 871.0
542.0 863.0
1531.0 929.0
2300.0 9727.0
7464.0 6557.0
6704.0 3284.0
4057.0 6498.0
9210.0 9846.0
1815.0 1212.0
6659.0 3249.0
981.0 8578.0
5136.0 2936.0
4394.0 522.0
2719.0 5835.0
9065.0 5427.0
2905.0 1153.0
8542.0 3727.0
7052.0 1736.0
640.0 6555.0
6662.0 8108.0
7591.0 9837.0
8800.0 3839.0
8201.0 8714.0
499.0 3360.0
4081.0 9664.0
455.0 5870.0
4504.0 225.0
8831.0 1466.0
6992.0 8681.0
8502.0 8113.0
3172.0 8615.0
3544.0 615.0
1982.0 5695.0
3308.0 5193.0
4811.0 6582.0
2884.0 5821.0
9622.0 2347.0
3276.0 938.0
3636.0 1272.0
7121.0 1690.0
6657.0 8423.0
8253.0 5304.0
9594.0 1881.0
5956.0 9761.0
5260.0 7997.0
7199.0 8373.0
1011.0 581.0
2699.0 5413.0
5301.0 1382.0
5113.0 6424.0
2728.0 1758.0
193.0 9343.0
4622.0 7912.0
4214.0 5070.0
4766.0 4578.0
3502.0 8615.0
2316.0 4538.0
4382.0 4464.0
6479.0 3865.0
4359.0 2280.0
26.0 5246.0
7861.0 1586.0
1226.0 4309.0
2365.0 6563.0
6235.0 6295.0
3211.0 4585.0
6550.0 2989.0
7950.0 4629.0
8575.0 2276.0
3522.0 4203.0
4864.0 5213.0
2096.0 5905.0
9143.0 7991.0
3892.0 7264.0
9638.0 8685.0
7805.0 9986.0
7821.0 1154.0
3149.0 7237.0
2107.0 992.0
8341.0 104.0
8606.0 906.0
4847.0 6861.0
3474.0 5402.0
7215.0 1170.0
3947.0 7161.0
2505.0 7855.0
7629.0 9995.0
4941.0 7383.0
2092.0 5760.0
4114.0 2680.0
9374.0 5106.0
7538.0 4414.0
2438.0 4456.0
897.0 3388.0
3154.0 4090.0
1797.0 1159.0
3895.0 4715.0
5331.0 2533.0
7294.0 2411.0
2306.0 6058.0
1252.0 4332.0
3419.0 1150.0
8751.0 43.0
5228.0 2988.0
4557.0 5879.0
6227.0 8810.0
3369.0 2204.0
3841.0 1731.0
6498.0 5962.0
5678.0 744.0
6638.0 3395.0
835.0 8000.0
2797.0 307.0
9602.0 7036.0
9969.0 9774.0
2364.0 8049.0
608.0 9658.0
1041.0 8884.0
7473.0 4838.0
8861.0 2841.0
9928.0 1504.0
6818.0 6940.0
8246.0 3435.0
7605.0 6797.0
3010.0 2617.0
362.0 6708.0
9163.0 9092.0
2051.0 6109.0
6787.0 7423.0
3785.0 6021.0
3182.0 9659.0
2916.0 1624.0
3305.0 7177.0
4226.0 9588.0
8153.0 6284.0
6018.0 1300.0
3156.0 4973.0
9445.0 5607.0
1138.0 697.0
1883.0 7229.0
6935.0 1565.0
7680.0 9451.0
3232.0 5823.0
2098.0 2239.0
9685.0 7015.0
6760.0 9423.0
9903.0 4708.0
7435.0 1053.0
3364.0 3154.0
7473.0 9587.0
1827.0 2775.0
2717.0 1029.0
2316.0 1869.0
6198.0 4656.0
1243.0 8388.0
3457.0 7465.0
6747.0 4210.0
1789.0 1969.0
8806.0 6747.0
9247.0 8480.0
9210.0 5312.0
1720.0 5518.0
5951.0 2095.0
8903.0 4456.0
9104.0 147.0
2486.0 7064.0
7772.0 3255.0
2374.0 7059.0
168.0 5084.0
9265.0 9309.0
1393.0 7475.0
4404.0 2824.0
5996.0 279.0
9831.0 6149.0
4866.0 7606.0
4953.0 6319.0
8553.0 7884.0
7736.0 4987.0
1559.0 7591.0
1378.0 7867.0
4698.0 1070.0
9737.0 6125.0
5065.0 1277.0
7371.0 848.0
5719.0 8878.0
2490.0 4224.0
9612.0 9550.0
3649.0 3569.0
4872.0 1887.0
3498.0 6831.0
980.0 786.0
5412.0 702.0
7930.0 3699.0
1319.0 4979.0
2934.0 9627.0
1550.0 9294.0
1741.0 3252.0
27.0 858.0
4153.0 9073.0
613.0 4347.0
5788.0 2946.0
2939.0 7556.0
679.0 896.0
8538.0 8970.0
1765.0 7595.0
592.0 5867.0
8860.0 9377.0
3130.0 4099.0
6153.0 9191.0
7979.0 3174.0
3818.0 3355.0
306.0 2785.0
811.0 2503.0
6051.0 9399.0
8408.0 1610.0
7094.0 4061.0
6569.0 6477.0
2462.0 5026.0
7693.0 6552.0
6392.0 1368.0
4830.0 6476.0
6589.0 6190.0
3930.0 1239.0
8480.0 564.0
2186.0 2322.0
3795.0 1845.0
7057.0 4713.0
4294.0 2488.0
3030.0 7175.0
3957.0 7990.0
5691.0 656.0
5460.0 5108.0
5187.0 2219.0
9254.0 3974.0
3633.0 4369.0
6077.0 235.0
3548.0 2177.0
6204.0 5870.0
6882.0 3063.0
1269.0 9800.0
6710.0 6640.0
6970.0 1921.0
6156.0 4483.0
7485.0 6714.0
1627.0 2224.0
4914.0 5045.0
9919.0 8842.0
9566.0 5290.0
1270.0 538.0
9417.0 7430.0
2923.0 9077.0
9558.0 6236.0
288.0 6979.0
4947.0 2181.0
5245.0 4434.0
2296.0 1218.0
3686.0 5346.0
9397.0 7046.0
6845.0 2359.0
2735.0 2001.0
3503.0 3274.0
6670.0 5213.0
2624.0 3721.0
47.0 9147.0
8503.0 3484.0
8527.0 8173.0
2991.0 6349.0
3470.0 5294.0
1870.0 5863.0
694.0 5659.0
4943.0 1894.0
4918.0 8004.0
1916.0 5355.0
8223.0 7647.0
8642.0 1006.0
3345.0 7173.0
789.0 677.0
5113.0 3436.0
4512.0 1836.0
5873.0 2022.0
6196.0 8853.0
3190.0 2793.0
5836.0 6857.0
675.0 2654.0
1131.0 571.0
5240.0 4171.0
1860.0 3000.0
6610.0 1177.0
6609.0 1359.0
7407.0 4994.0
6416.0 122.0
4627.0 7406.0
2414.0 3579.0
5841.0 9018.0
7035.0 2781.0
5917.0 4128.0
845.0 4248.0
2611.0 5754.0
9584.0 341.0
1826.0 6939.0
8479.0 3667.0
5871.0 6971.0
3402.0 395.0
532.0 3655.0
938.0 9887.0
9286.0 5261.0
1946.0 503.0
5468.0 8290.0
5662.0 3981.0
5715.0 9681.0
3944.0 3259.0
511.0 4603.0
7693.0 1141.0
150.0 3456.0
59.0 9670.0
6930.0 4218.0
3466.0 2601.0
6919.0 8766.0
58.0 5863.0
7084.0 4315.0
7607.0 3371.0
6138.0 3591.0
5486.0 8105.0
9886.0 9889.0
7739.0 797.0
4429.0 5632.0
2856.0 1150.0
3018.0 5578.0
2295.0 8939.0
4891.0 8300.0
2338.0 4901.0
6911.0 2068.0
6342.0 3773.0
1328.0 3779.0
6963.0 4393.0
5476.0 2058.0
411.0 4208.0
1741.0 8157.0
7328.0 8104.0
8599.0 806.0
7331.0 3926.0
6069.0 3624.0
6816.0 9572.0
1384.0 6239.0
2077.0 9044.0
3198.0 2747.0
2317.0 7345.0
5169.0 3634.0
9622.0 6593.0
2217.0 9809.0
5463.0 8247.0
5286.0 9868.0
5800.0 8819.0
2938.0 4224.0
9364.0 8962.0
583.0 2245.0
6172.0 8306.0
677.0 1019.0
5861.0 941.0
9709.0 6887.0
7903.0 8913.0
285.0 3382.0
8274.0 3629.0
9149.0 1693.0
9647.0 7543.0
4440.0 2294.0
4675.0 1013.0
8023.0 8878.0
4441.0 1716.0
1201.0 8214.0
6648.0 6486.0
4638.0 2074.0
601.0 7980.0
5811.0 9848.0
8578.0 1037.0
9803.0 3001.0
5633.0 6127.0
1770.0 4979.0
2430.0 9759.0
1896.0 2718.0
8147.0 4242.0
6152.0 8377.0
3049.0 1677.0
8691.0 2432.0
2780.0 9561.0
4188.0 1766.0
8958.0 7894.0
949.0 8883.0
3130.0 158.0
8111.0 878.0
3672.0 3065.0
2755.0 9303.0
7691.0 2447.0
5245.0 4559.0
2511.0 5180.0
3623.0 938.0
3803.0 9508.0
367.0 962.0
9933.0 8678.0
7352.0 144.0
4606.0 5232.0
7314.0 5800.0
2360.0 5875.0
2647.0 6055.0
4000.0 9281.0
4858.0 7670.0
1523.0 1715.0
489.0 3818.0
4620.0 7880.0
1834.0 5455.0
3313.0 6839.0
3271.0 2401.0
3810.0 5420.0
6524.0 2784.0
7134.0 3975.0
685.0 1965.0
2610.0 1880.0
5303.0 4577.0
769.0 2653.0
7373.0 5821.0
2750.0 1080.0
5539.0 645.0
5756.0 7231.0
7331.0 1938.0
6652.0 4742.0
7756.0 1374.0
8262.0 3252.0
73.0 9036.0
5439.0 7378.0
2049.0 466.0
479.0 7110.0
3552.0 2244.0
9952.0 7000.0
3760.0 9766.0
7513.0 4047.0
8842.0 3326.0
9774.0 6643.0
3409.0 1145.0
4793.0 9466.0
1569.0 483.0
5265.0 1717.0
5891.0 459.0
978.0 8559.0
5115.0 2720.0
7601.0 8170.0
3917.0 8583.0
1381.0 9264.0
560.0 3788.0
1821.0 6484.0
728.0 4503.0
6895.0 3538.0
8401.0 690.0
7889.0 6473.0

7093.0 1199.0
5040.0 1568.0
2262.0 590.0
8776.0 4629.0
2662.0 68.0
9502.0 4875.0
7243.0 7562.0
6162.0 4616.0
6648.0 7640.0
7222.0 457.0
1376.0 4631.0
4657.0 9126.0
2726.0 6081.0
7049.0 71.0
7327.0 2628.0
8861.0 7281.0
8548.0 2962.0
5468.0 5163.0
657.0 4982.0
6003.0 5881.0
4004.0 6791.0
8585.0 8053.0
2074.0 3658.0
5035.0 9136.0
3727.0 9593.0
4592.0 6456.0
6440.0 4650.0
8750.0 4207.0
8868.0 1588.0
1765.0 6320.0
3556.0 8060.0
3897.0 7596.0
3118.0 2907.0
6967.0 7976.0
5686.0 7742.0
4305.0 7321.0
7994.0 7409.0
9641.0 617.0
6850.0 5507.0
2025.0 5939.0
2387.0 3543.0
6335.0 102.0
8862.0 4912.0
1465.0 9365.0
1354.0 7298.0
717.0 5058.0
9151.0 9619.0
1540.0 6540.0
9181.0 2212.0
4104.0 6336.0
5297.0 1303.0
839.0 4891.0
1700.0 1467.0
1498.0 4754.0
1381.0 2163.0
779.0 6632.0
2855.0 7025.0
8135.0 2179.0
1037.0 6974.0
1785.0 875.0
547.0 869.0
1535.0 933.0
2305.0 9732.0
7469.0 6561.0
6708.0 3289.0
4061.0 6503.0
9215.0 9851.0
1821.0 1218.0
6664.0 3255.0
986.0 8583.0
5141.0 2942.0
4400.0 528.0
2724.0 5841.0
9070.0 5431.0
2911.0 1157.0
8548.0 3732.0
7057.0 1740.0
644.0 6560.0
6667.0 8113.0
7595.0 9842.0
8805.0 3844.0
8206.0 8719.0
505.0 3365.0
4085.0 9670.0
461.0 5876.0
4508.0 230.0
8836.0 1471.0
6997.0 8686.0
8507.0 8117.0
3177.0 8621.0
3550.0 620.0
1987.0 5699.0
3313.0 5198.0
4816.0 6588.0
2890.0 5827.0
9627.0 2352.0
3281.0 943.0
3640.0 1277.0
7126.0 1695.0
6662.0 8428.0
8257.0 5310.0
9599.0 1886.0
5962.0 9766.0
5265.0 8002.0
7204.0 8378.0
1017.0 586.0
2704.0 5418.0
5307.0 1387.0
5117.0 6430.0
2733.0 1763.0
199.0 9347.0
4628.0 7916.0
4219.0 5074.0
4772.0 4583.0
3507.0 8620.0
2322.0 4544.0
4386.0 4468.0
6484.0 3869.0
4364.0 2284.0
31.0 5251.0
7867.0 1591.0
1231.0 4314.0
2369.0 6568.0
6241.0 6300.0
3215.0 4590.0
6555.0 2993.0
7956.0 4634.0
8581.0 2282.0
3528.0 4209.0
4870.0 5219.0
2100.0 5910.0
9148.0 7996.0
3896.0 7269.0
9644.0 8690.0
7810.0 9991.0
7825.0 1160.0
3155.0 7242.0
2112.0 998.0
8346.0 109.0
8611.0 911.0
4853.0 6867.0
3479.0 5408.0
7221.0 1175.0
3951.0 7166.0
2509.0 7860.0
7634.0 10001.0
4945.0 7388.0
2097.0 5765.0
4119.0 2686.0
9379.0 5111.0
7544.0 4418.0
2442.0 4461.0
903.0 3394.0
3159.0 4096.0
1802.0 1165.0
3901.0 4721.0
5336.0 2539.0
7299.0 2416.0
2310.0 6062.0
1257.0 4338.0
3424.0 1155.0
8755.0 48.0
5232.0 2993.0
4563.0 5884.0
6232.0 8816.0
3374.0 2209.0
3845.0 1736.0
6502.0 5966.0
5683.0 749.0
6642.0 3400.0
840.0 8005.0
2801.0 312.0
9608.0 7041.0
9974.0 9780.0
2369.0 8055.0
613.0 9663.0
1045.0 8889.0
7477.0 4844.0
8866.0 2846.0
9933.0 1509.0
6822.0 6944.0
8251.0 3440.0
7610.0 6802.0
3014.0 2622.0
367.0 6714.0
9169.0 9098.0
2056.0 6113.0
6792.0 7428.0
3789.0 6026.0
3187.0 9665.0
2920.0 1630.0
3310.0 7181.0
4231.0 9593.0
8158.0 6290.0
6024.0 1304.0
3160.0 4979.0
9451.0 5613.0
1143.0 703.0
1888.0 7235.0
6940.0 1571.0
7685.0 9456.0
3236.0 5829.0
2104.0 2244.0
9691.0 7019.0
6765.0 9428.0
9909.0 4713.0
7440.0 1059.0
3369.0 3159.0
7479.0 9592.0
1831.0 2779.0
2721.0 1035.0
2320.0 1875.0
6203.0 4660.0
1247.0 8392.0
3462.0 7470.0
6752.0 4215.0
1795.0 1974.0
8812.0 6752.0
9253.0 8485.0
9216.0 5317.0
1725.0 5524.0
5957.0 2100.0
8908.0 4462.0
9110.0 151.0
2490.0 7068.0
7777.0 3260.0
2379.0 7063.0
173.0 5088.0
9270.0 9314.0
1399.0 7479.0
4410.0 2828.0
6001.0 285.0
9836.0 6153.0
4870.0 7610.0
4958.0 6324.0
8557.0 7889.0
7740.0 4992.0
1563.0 7597.0
1383.0 7872.0
4702.0 1076.0
9742.0 6130.0
5071.0 1282.0
7376.0 852.0
5724.0 8882.0
2494.0 4229.0
9616.0 9555.0
3653.0 3574.0
4878.0 1893.0
3503.0 6836.0
985.0 790.0
5417.0 706.0
7935.0 3704.0
1324.0 4984.0
2938.0 9633.0
1555.0 9299.0
1746.0 3257.0
32.0 864.0
4157.0 9079.0
618.0 4352.0
5794.0 2950.0
2944.0 7561.0
683.0 900.0
8542.0 8975.0
1770.0 7600.0
598.0 5871.0
8865.0 9383.0
3134.0 4104.0
6158.0 9196.0
7983.0 3178.0
3824.0 3361.0
312.0 2791.0
816.0 2507.0
6056.0 9405.0
8414.0 1615.0
7099.0 4066.0
6575.0 6482.0
2466.0 5032.0
7697.0 6558.0
6397.0 1374.0
4834.0 6481.0
6593.0 6195.0
3936.0 1245.0
8485.0 569.0
2191.0 2327.0
3800.0 1850.0
7062.0 4718.0
4299.0 2494.0
3034.0 7180.0
3961.0 7995.0
5696.0 661.0
5465.0 5112.0
5192.0 2223.0
9260.0 3979.0
3637.0 4373.0
6082.0 240.0
3552.0 2182.0
6209.0 5874.0
6887.0 3068.0
1273.0 9805.0
6715.0 6646.0
6974.0 1925.0
6162.0 4488.0
7490.0 6719.0
1633.0 2229.0
4919.0 5050.0
9925.0 8847.0
9571.0 5294.0
1274.0 542.0
9421.0 7435.0
2929.0 9082.0
9563.0 6242.0
293.0 6983.0
4952.0 2186.0
5249.0 4438.0
2300.0 1224.0
3691.0 5352.0
9401.0 7051.0
6850.0 2364.0
2740.0 2007.0
3508.0 3279.0
6674.0 5219.0
2629.0 3727.0
51.0 9151.0
8507.0 3489.0
8532.0 8179.0
2996.0 6354.0
3475.0 5299.0
1874.0 5867.0
698.0 5664.0
4948.0 1899.0
4923.0 8008.0
1921.0 5359.0
8228.0 7653.0
8648.0 1010.0
3350.0 7179.0
793.0 683.0
5119.0 3442.0
4518.0 1841.0
5878.0 2027.0
6201.0 8859.0
3195.0 2799.0
5840.0 6862.0
681.0 2660.0
1137.0 576.0
5246.0 4176.0
1865.0 3005.0
6615.0 1182.0
6614.0 1365.0
7412.0 4999.0
6420.0 126.0
4632.0 7411.0
2418.0 3583.0
5845.0 9022.0
7039.0 2786.0
5922.0 4134.0
850.0 4252.0
2616.0 5759.0
9588.0 347.0
1831.0 6944.0
8483.0 3672.0
5876.0 6976.0
3407.0 399.0
536.0 3660.0
944.0 9892.0
9291.0 5265.0
1951.0 508.0
5473.0 8295.0
5667.0 3986.0
5720.0 9685.0
3949.0 3263.0
516.0 4608.0
7697.0 1147.0
155.0 3462.0
65.0 9674.0
6934.0 4222.0
3470.0 2606.0
6923.0 8770.0
64.0 5869.0
7089.0 4320.0
7612.0 3377.0
6142.0 3596.0
5490.0 8110.0
9891.0 9894.0
7743.0 803.0
4434.0 5637.0
2862.0 1155.0
3024.0 5583.0
2301.0 8944.0
4897.0 8304.0
2342.0 4906.0
6916.0 2073.0
6348.0 3779.0
1334.0 3784.0
6967.0 4398.0
5480.0 2062.0
415.0 4212.0
1747.0 8161.0
7333.0 8110.0
8605.0 811.0
7336.0 3932.0
6074.0 3629.0
6821.0 9576.0
1389.0 6244.0
2081.0 9049.0
3203.0 2752.0
2322.0 7351.0
5174.0 3640.0
9626.0 6599.0
2221.0 9814.0
5468.0 8252.0
5291.0 9873.0
5805.0 8824.0
2943.0 4229.0
9369.0 8968.0
587.0 2251.0
6178.0 8311.0
681.0 1024.0
5867.0 946.0
9713.0 6892.0
7907.0 8918.0
290.0 3387.0
8279.0 3634.0
9155.0 1699.0
9653.0 7547.0
4445.0 2298.0
4680.0 1019.0
8028.0 8884.0
4445.0 1720.0
1205.0 8219.0
6654.0 6490.0
4643.0 2079.0
606.0 7985.0
5815.0 9853.0
8583.0 1042.0
9808.0 3007.0
5639.0 6132.0
1775.0 4984.0
2435.0 9764.0
1902.0 2723.0
8153.0 4247.0
6158.0 8383.0
3055.0 1681.0
8695.0 2437.0
2786.0 9565.0
4192.0 1772.0
8964.0 7899.0
954.0 8887.0
3136.0 162.0
8116.0 883.0
3678.0 3070.0
2760.0 9308.0
7696.0 2452.0
5250.0 4564.0
2517.0 5186.0
3627.0 943.0
3808.0 9514.0
372.0 968.0
9939.0 8683.0
7357.0 149.0
4610.0 5236.0
7319.0 5804.0
2365.0 5880.0
2652.0 6061.0
4005.0 9286.0
4863.0 7676.0
1529.0 1720.0
494.0 3823.0
4625.0 7884.0
1840.0 5459.0
3318.0 6845.0
3275.0 2407.0
3816.0 5425.0
6529.0 2789.0
7139.0 3981.0
690.0 1970.0
2615.0 1884.0
5307.0 4582.0
774.0 2658.0
7378.0 5826.0
2755.0 1084.0
5543.0 650.0
5762.0 7237.0
7335.0 1942.0
6658.0 4748.0
7761.0 1380.0
8266.0 3257.0
78.0 9041.0
5445.0 7383.0
2054.0 470.0
484.0 7116.0
3557.0 2249.0
9956.0 7006.0
3764.0 9771.0
7518.0 4052.0
8848.0 3331.0
9779.0 6648.0
3414.0 1150.0
4798.0 9472.0
1574.0 489.0
5270.0 1721.0
5897.0 465.0
983.0 8565.0
5119.0 2725.0
7605.0 8174.0
3923.0 8589.0
1385.0 9269.0
565.0 3793.0
1827.0 6490.0
733.0 4509.0
6900.0 3543.0
8405.0 695.0
7893.0 6478.0
