1
512 1 3.0 0.0 1000.0 3 160 240 100

6.5 13.5 29.3 58.5
13.0 27.0 58.5 117.0
19.5 40.5 87.8 175.5
26.0 54.0 117.0 234.0
39.0 81.0 175.5 351.0
52.0 108.0 234.0 468.0
58.5 121.5 263.3 526.5
65.0 135.0 292.5 585.0
78.0 162.0 351.0 702.0
0.0 180.0 390.0 780.0

2.0 5.0 8.0 11.0
5.0 8.0 11.0 14.0
9.0 12.0 15.0 18.0
11.0 14.0 17.0 20.0
15.0 18.0 21.0 24.0
18.0 21.0 24.0 27.0
20.0 23.0 26.0 29.0
25.0 28.0 31.0 34.0
29.0 32.0 35.0 38.0
0.0 34.0 37.0 40.0

3782.0 2746.0
962.0 9994.0
642.0 6881.0
3284.0 280.0
1385.0 1435.0
5114.0 5701.0
9966.0 8730.0
6071.0 212.0
1890.0 6377.0
4697.0 1511.0
6457.0 6975.0
6505.0 3408.0
1761.0 8117.0
1139.0 5006.0
3273.0 8837.0
5712.0 9070.0
9332.0 1125.0
3895.0 4470.0
9350.0 7651.0
2829.0 93.0
3065.0 9319.0
2422.0 79.0
1660.0 8801.0
4114.0 2797.0
4057.0 8659.0
8664.0 8418.0
4226.0 5219.0
5051.0 2478.0
7811.0 1803.0
5036.0 5319.0
8899.0 7462.0
473.0 9778.0
263.0 9847.0
2929.0 2016.0
2881.0 3347.0
7687.0 2874.0
3067.0 6122.0
6707.0 9621.0
8022.0 2171.0
7605.0 497.0
3137.0 7069.0
8229.0 6922.0
6860.0 8493.0
8894.0 756.0
1448.0 5186.0
6862.0 6497.0
429.0 483.0
116.0 795.0
6091.0 9034.0
16.0 4159.0
2818.0 7852.0
4896.0 2264.0
4594.0 5329.0
9178.0 6706.0
7496.0 4342.0
5078.0 7616.0
494.0 8091.0
6457.0 3003.0
384.0 9792.0
6907.0 2212.0
9165.0 9870.0
6633.0 3380.0
4693.0 6773.0
5203.0 7265.0
7913.0 44.0
9726.0 2350.0
2518.0 6792.0
554.0 8584.0
5320.0 5179.0
9052.0 9651.0
8189.0 1070.0
4515.0 6155.0
4849.0 6470.0
9810.0 4600.0
8378.0 885.0
7805.0 9535.0
7708.0 9241.0
3156.0 8778.0
3968.0 2489.0
6527.0 4063.0
9970.0 9529.0
803.0 2028.0
8677.0 1595.0
1385.0 2899.0
8952.0 2721.0
5113.0 6775.0
9438.0 2432.0
4912.0 9878.0
3851.0 9281.0
9708.0 5667.0
3544.0 6376.0
1707.0 8186.0
5637.0 2528.0
5585.0 7537.0
7542.0 5142.0
6678.0 9856.0
1207.0 3500.0
7735.0 6682.0
2890.0 3555.0
6294.0 1086.0
6793.0 7878.0
7277.0 466.0
3371.0 6887.0
7843.0 8371.0
5632.0 9988.0
4096.0 244.0
9264.0 7767.0
1700.0 468.0
4887.0 8863.0
4986.0 600.0
3274.0 7655.0
1604.0 1166.0
6835.0 1390.0
2309.0 1912.0
3217.0 7896.0
7938.0 7887.0
9305.0 7510.0
8152.0 1237.0
6469.0 5338.0
9019.0 1106.0
376.0 2507.0
8997.0 6510.0
1164.0 7518.0
5400.0 9583.0
2337.0 1349.0
5902.0 9067.0
9158.0 2426.0
2172.0 6430.0
9899.0 113.0
5182.0 9497.0
5743.0 7834.0
4283.0 982.0
7668.0 9476.0
4604.0 1794.0
1131.0 5195.0
9854.0 1502.0
1875.0 5269.0
87.0 852.0
8679.0 3115.0
6513.0 3699.0
1363.0 1117.0
7912.0 8264.0
4886.0 5394.0
5731.0 66.0
2833.0 8134.0
7435.0 1448.0
6141.0 8637.0
168.0 5042.0
5350.0 6695.0
9316.0 1093.0
7232.0 4437.0
9024.0 993.0
9099.0 5282.0
4247.0 1927.0
6610.0 1125.0
6402.0 10.0
3409.0 1392.0
7193.0 1796.0
3409.0 94.0
7676.0 6535.0
9029.0 9520.0
2141.0 4079.0
1233.0 1690.0
8869.0 5798.0
9661.0 1214.0
2353.0 8409.0
3691.0 5676.0
4033.0 3081.0
7751.0 2195.0
1131.0 4720.0
6692.0 1267.0
5646.0 8798.0
9546.0 1554.0
8087.0 5619.0
2502.0 1729.0
3010.0 4402.0
4395.0 8014.0
5925.0 2067.0
556.0 8557.0
3658.0 4101.0
3320.0 8262.0
2722.0 7392.0
27.0 219.0
2772.0 7408.0
1835.0 2357.0
4726.0 4614.0
9153.0 466.0
5603.0 7498.0
2033.0 1202.0
4660.0 2097.0
6323.0 1225.0
7904.0 398.0
8920.0 1091.0
529.0 2512.0
7922.0 5044.0
9371.0 9984.0
6018.0 322.0
9937.0 134.0
7929.0 2127.0
5085.0 3812.0
5216.0 2884.0
4919.0 1445.0
4280.0 6923.0
9973.0 4758.0
5881.0 4214.0
2265.0 4064.0
6979.0 9296.0
1264.0 3485.0
8236.0 4021.0
4371.0 9003.0
2980.0 5259.0
3963.0 6726.0
5980.0 1184.0
5582.0 1231.0
2813.0 2283.0
4330.0 6394.0
3181.0 5718.0
9051.0 3567.0
3976.0 4171.0
6361.0 4503.0
417.0 2812.0
9103.0 8892.0
6086.0 509.0
6289.0 8916.0
5178.0 3935.0
4110.0 5678.0
2781.0 5679.0
78.0 4913.0
1524.0 16.0
4869.0 1843.0
5385.0 2452.0
8938.0 7576.0
4008.0 1691.0
3488.0 1919.0
3329.0 5143.0
7839.0 9995.0
845.0 1621.0
7790.0 2546.0
6333.0 7341.0
2037.0 2300.0
1351.0 3881.0
6209.0 1288.0
3338.0 9207.0
6607.0 6502.0
2628.0 5420.0
8204.0 3758.0
3206.0 9342.0
3983.0 2167.0
519.0 4587.0
5181.0 4079.0
2169.0 6232.0
4508.0 7901.0
9808.0 1737.0
6916.0 3654.0
3042.0 4249.0
4986.0 3661.0
8690.0 6895.0
8495.0 3258.0
1190.0 9239.0
251.0 8882.0
2492.0 9498.0
2752.0 3456.0
2253.0 8670.0
2738.0 1424.0
1649.0 5206.0
3224.0 8335.0
6633.0 1350.0
5059.0 2350.0
8949.0 4786.0
2607.0 7561.0
5735.0 1723.0
595.0 1506.0
1022.0 56.0
1722.0 1751.0
4963.0 3725.0
7086.0 8937.0
9096.0 1914.0
3993.0 6168.0
8481.0 9220.0
8240.0 7117.0
4010.0 5424.0
423.0 7743.0
729.0 6000.0
8342.0 8997.0
481.0 6984.0
89.0 402.0
9692.0 358.0
4869.0 6880.0
5630.0 8553.0
1137.0 3730.0
6935.0 9230.0
4121.0 7111.0
6770.0 3955.0
7289.0 9943.0
9388.0 6909.0
4853.0 5585.0
3446.0 2257.0
4854.0 4187.0
7894.0 1327.0
4920.0 9087.0
8738.0 3206.0
5252.0 3154.0
7517.0 4910.0
5921.0 7437.0
4813.0 9745.0
8039.0 7021.0
4596.0 4999.0
865.0 1465.0
7749.0 2598.0
9447.0 9706.0
5572.0 8849.0
9829.0 1808.0
6603.0 1924.0
1429.0 2448.0
2562.0 8190.0
8636.0 3516.0
1747.0 1042.0
6208.0 5706.0
697.0 8361.0
5535.0 1493.0
7452.0 7225.0
1339.0 4374.0
2212.0 7018.0
888.0 1746.0
3740.0 4564.0
278.0 1323.0
2301.0 7409.0
4872.0 3460.0
2487.0 3908.0
3455.0 4263.0
1722.0 1218.0
8177.0 6895.0
2787.0 4865.0
4859.0 918.0
1168.0 5982.0
724.0 2099.0
570.0 4882.0
9132.0 7526.0
2388.0 2077.0
3383.0 3443.0
7484.0 389.0
4162.0 5665.0
1070.0 4277.0
7699.0 4978.0
4028.0 5019.0
4197.0 2387.0
6483.0 2877.0
8632.0 1609.0
1950.0 9888.0
8455.0 8684.0
2875.0 9394.0
5300.0 1093.0
895.0 964.0
248.0 1266.0
7626.0 1832.0
4726.0 1855.0
4316.0 8484.0
1611.0 2665.0
1164.0 4523.0
3603.0 1622.0
9643.0 3457.0
8446.0 4655.0
3636.0 7530.0
3059.0 1885.0
7707.0 6233.0
1159.0 9995.0
3336.0 632.0
1430.0 3172.0
6423.0 2140.0
5822.0 7493.0
1896.0 6869.0
45.0 6150.0
3732.0 9193.0
829.0 5387.0
1224.0 660.0
7018.0 3538.0
4798.0 2875.0
4071.0 8047.0
7214.0 5499.0
4043.0 7849.0
8467.0 2986.0
5607.0 1002.0
5203.0 6205.0
1201.0 9948.0
7981.0 7561.0
854.0 9283.0
2188.0 762.0
4777.0 3430.0
946.0 8863.0
9278.0 4084.0
805.0 6712.0
3077.0 9820.0
3570.0 6441.0
3593.0 2749.0
61.0 7129.0
5263.0 9593.0
4142.0 2266.0
4476.0 7077.0
7827.0 1162.0
8185.0 4012.0
786.0 2926.0
5773.0 4948.0
86.0 4143.0
6232.0 2791.0
8458.0 3899.0
5235.0 263.0
1942.0 2267.0
9178.0 2574.0
210.0 899.0
5740.0 6216.0
5386.0 6852.0
3052.0 1234.0
7709.0 3285.0
2038.0 6877.0
8816.0 3153.0
8997.0 2999.0
6014.0 4541.0
7998.0 2100.0
3319.0 8757.0
5155.0 9388.0
7611.0 4834.0
9362.0 746.0
711.0 6550.0
6545.0 977.0
705.0 634.0
7010.0 7233.0
8333.0 7245.0
7959.0 4979.0
6769.0 6408.0
5731.0 6405.0
5604.0 6488.0
4860.0 3647.0
2356.0 3384.0
3498.0 1714.0
7333.0 1531.0
7291.0 8495.0
159.0 384.0
6262.0 1733.0
8791.0 2478.0
1790.0 5345.0
4343.0 1731.0
3238.0 9980.0
7538.0 3097.0
6313.0 5186.0
5117.0 7220.0
7715.0 3073.0
7007.0 6207.0
3166.0 5861.0
7583.0 9166.0
8362.0 2190.0
6847.0 8631.0
4944.0 9569.0
9825.0 1517.0
6044.0 2864.0
5028.0 725.0
8477.0 1189.0
5270.0 6042.0
1154.0 8093.0
6695.0 5468.0
1785.0 2427.0
4298.0 586.0
6440.0 9766.0
4789.0 2135.0
9041.0 6778.0
111.0 4394.0
352.0 3415.0
7419.0 9527.0
8542.0 313.0
3867.0 5511.0
5887.0 1285.0
6995.0 3784.0
8684.0 3284.0
4060.0 5247.0
9947.0 8726.0
6117.0 5754.0
6951.0 7550.0
5170.0 4714.0
8204.0 8903.0
5226.0 2949.0
6907.0 4824.0
559.0 8434.0
476.0 826.0
7008.0 1057.0
8199.0 737.0
4636.0 19.0
1600.0 5703.0
2557.0 31.0
4565.0 9726.0
9270.0 4913.0
2828.0 6614.0
4298.0 9748.0
4852.0 5744.0
9470.0 5217.0
8717.0 6499.0
664.0 239.0
2041.0 3782.0
3315.0 1574.0
4539.0 9472.0
7536.0 1485.0
5277.0 7221.0
1144.0 7130.0
9185.0 457.0
1435.0 7786.0
9914.0 5998.0
9008.0 8561.0
8592.0 8137.0
9477.0 1705.0
562.0 596.0
1376.0 9175.0
4665.0 6229.0
1084.0 2572.0
2141.0 6850.0

3788.0 2752.0
968.0 10000.0
646.0 6886.0
3289.0 285.0
1391.0 1440.0
5120.0 5706.0
9971.0 8735.0
6076.0 217.0
1894.0 6382.0
4702.0 1517.0
6462.0 6979.0
6509.0 3412.0
1766.0 8123.0
1144.0 5011.0
3279.0 8843.0
5717.0 9075.0
9336.0 1129.0
3901.0 4475.0
9355.0 7656.0
2834.0 98.0
3070.0 9325.0
2427.0 85.0
1664.0 8807.0
4118.0 2802.0
4062.0 8665.0
8669.0 8423.0
4231.0 5225.0
5055.0 2483.0
7816.0 1808.0
5041.0 5324.0
8905.0 7467.0
478.0 9783.0
269.0 9851.0
2933.0 2021.0
2887.0 3353.0
7691.0 2880.0
3072.0 6127.0
6713.0 9625.0
8027.0 2175.0
7611.0 503.0
3142.0 7075.0
8235.0 6927.0
6864.0 8499.0
8899.0 762.0
1452.0 5191.0
6868.0 6503.0
434.0 487.0
122.0 799.0
6096.0 9040.0
21.0 4165.0
2824.0 7858.0
4900.0 2268.0
4599.0 5335.0
9183.0 6710.0
7501.0 4346.0
5083.0 7621.0
499.0 8096.0
6461.0 3008.0
390.0 9797.0
6912.0 2216.0
9171.0 9875.0
6637.0 3385.0
4698.0 6778.0
5207.0 7270.0
7919.0 49.0
9731.0 2355.0
2524.0 6797.0
558.0 8588.0
5325.0 5184.0
9057.0 9657.0
8193.0 1074.0
4519.0 6159.0
4854.0 6475.0
9815.0 4605.0
8382.0 890.0
7809.0 9540.0
7714.0 9246.0
3161.0 8783.0
3973.0 2494.0
6532.0 4069.0
9974.0 9534.0
808.0 2032.0
8682.0 1600.0
1391.0 2904.0
8956.0 2727.0
5119.0 6779.0
9444.0 2436.0
4917.0 9883.0
3855.0 9287.0
9714.0 5672.0
3549.0 6382.0
1713.0 8190.0
5643.0 2532.0
5591.0 7541.0
7546.0 5147.0
6683.0 9861.0
1212.0 3506.0
7741.0 6687.0
2895.0 3559.0
6299.0 1090.0
6798.0 7883.0
7282.0 472.0
3376.0 6892.0
7847.0 8377.0
5636.0 9993.0
4102.0 249.0
9270.0 7772.0
1705.0 473.0
4891.0 8868.0
4991.0 605.0
3278.0 7660.0
1608.0 1172.0
6840.0 1396.0
2314.0 1917.0
3223.0 7900.0
7943.0 7892.0
9309.0 7514.0
8156.0 1242.0
6473.0 5343.0
9025.0 1111.0
380.0 2513.0
9002.0 6515.0
1168.0 7524.0
5405.0 9588.0
2342.0 1354.0
5907.0 9073.0
9164.0 2431.0
2178.0 6435.0
9903.0 118.0
5187.0 9501.0
5747.0 7839.0
4287.0 987.0
7674.0 9482.0
4608.0 1800.0
1136.0 5200.0
9860.0 1506.0
1879.0 5275.0
91.0 857.0
8684.0 3121.0
6518.0 3704.0
1369.0 1122.0
7918.0 8269.0
4891.0 5398.0
5736.0 70.0
2838.0 8139.0
7439.0 1452.0
6145.0 8642.0
173.0 5048.0
5355.0 6700.0
9322.0 1097.0
7237.0 4441.0
9030.0 998.0
9103.0 5287.0
4252.0 1933.0
6616.0 1131.0
6407.0 15.0
3413.0 1396.0
7198.0 1801.0
3415.0 100.0
7682.0 6540.0
9034.0 9525.0
2146.0 4085.0
1239.0 1695.0
8875.0 5804.0
9666.0 1219.0
2359.0 8413.0
3695.0 5680.0
4037.0 3085.0
7757.0 2200.0
1135.0 4726.0
6697.0 1272.0
5651.0 8803.0
9552.0 1560.0
8093.0 5625.0
2506.0 1733.0
3015.0 4407.0
4399.0 8018.0
5930.0 2072.0
561.0 8561.0
3664.0 4106.0
3325.0 8268.0
2727.0 7397.0
31.0 224.0
2777.0 7414.0
1840.0 2361.0
4730.0 4620.0
9157.0 472.0
5607.0 7503.0
2038.0 1207.0
4665.0 2102.0
6328.0 1229.0
7909.0 404.0
8924.0 1096.0
535.0 2518.0
7927.0 5048.0
9377.0 9989.0
6023.0 327.0
9943.0 138.0
7933.0 2132.0
5090.0 3816.0
5222.0 2889.0
4925.0 1449.0
4285.0 6928.0
9978.0 4762.0
5885.0 4219.0
2271.0 4070.0
6983.0 9301.0
1269.0 3490.0
8241.0 4026.0
4376.0 9008.0
2985.0 5263.0
3968.0 6732.0
5985.0 1190.0
5587.0 1236.0
2819.0 2289.0
4335.0 6399.0
3186.0 5723.0
9055.0 3573.0
3981.0 4176.0
6366.0 4509.0
423.0 2817.0
9109.0 8896.0
6091.0 515.0
6294.0 8921.0
5182.0 3939.0
4114.0 5683.0
2786.0 5684.0
82.0 4918.0
1529.0 21.0
4874.0 1847.0
5390.0 2457.0
8943.0 7582.0
4014.0 1697.0
3492.0 1924.0
3333.0 5148.0
7843.0 10000.0
851.0 1625.0
7795.0 2551.0
6338.0 7346.0
2042.0 2306.0
1356.0 3887.0
6213.0 1292.0
3343.0 9211.0
6612.0 6507.0
2634.0 5424.0
8208.0 3763.0
3210.0 9346.0
3987.0 2171.0
523.0 4591.0
5186.0 4083.0
2173.0 6237.0
4513.0 7905.0
9813.0 1741.0
6922.0 3659.0
3047.0 4254.0
4991.0 3665.0
8694.0 6900.0
8500.0 3263.0
1195.0 9244.0
257.0 8886.0
2498.0 9504.0
2757.0 3461.0
2258.0 8675.0
2744.0 1429.0
1655.0 5212.0
3229.0 8340.0
6638.0 1355.0
5063.0 2356.0
8953.0 4791.0
2612.0 7565.0
5740.0 1728.0
600.0 1510.0
1027.0 60.0
1728.0 1756.0
4969.0 3729.0
7091.0 8942.0
9102.0 1918.0
3997.0 6174.0
8485.0 9224.0
8245.0 7123.0
4015.0 5429.0
428.0 7749.0
733.0 6004.0
8347.0 9003.0
486.0 6989.0
95.0 406.0
9697.0 363.0
4873.0 6885.0
5636.0 8558.0
1143.0 3735.0
6940.0 9236.0
4125.0 7116.0
6776.0 3960.0
7293.0 9948.0
9393.0 6914.0
4857.0 5590.0
3451.0 2263.0
4859.0 4192.0
7898.0 1331.0
4926.0 9092.0
8742.0 3211.0
5258.0 3159.0
7522.0 4915.0
5926.0 7442.0
4818.0 9749.0
8045.0 7026.0
4601.0 5004.0
870.0 1471.0
7754.0 2603.0
9453.0 9711.0
5577.0 8854.0
9835.0 1813.0
6607.0 1928.0
1434.0 2453.0
2568.0 8195.0
8642.0 3522.0
1753.0 1047.0
6213.0 5711.0
703.0 8367.0
5540.0 1497.0
7456.0 7230.0
1345.0 4378.0
2217.0 7023.0
894.0 1750.0
3746.0 4570.0
283.0 1327.0
2306.0 7414.0
4878.0 3465.0
2492.0 3913.0
3460.0 4269.0
1726.0 1222.0
8182.0 6900.0
2792.0 4870.0
4865.0 923.0
1173.0 5987.0
729.0 2104.0
574.0 4888.0
9137.0 7532.0
2393.0 2083.0
3388.0 3449.0
7489.0 393.0
4167.0 5670.0
1075.0 4282.0
7704.0 4983.0
4034.0 5024.0
4202.0 2392.0
6488.0 2882.0
8636.0 1614.0
1955.0 9894.0
8459.0 8689.0
2879.0 9398.0
5306.0 1098.0
900.0 969.0
253.0 1271.0
7630.0 1836.0
4731.0 1859.0
4322.0 8489.0
1617.0 2670.0
1169.0 4528.0
3608.0 1628.0
9647.0 3461.0
8452.0 4660.0
3641.0 7536.0
3063.0 1889.0
7712.0 6238.0
1164.0 9999.0
3341.0 636.0
1435.0 3177.0
6428.0 2144.0
5826.0 7497.0
1902.0 6875.0
51.0 6155.0
3737.0 9198.0
834.0 5392.0
1228.0 665.0
7022.0 3543.0
4803.0 2879.0
4076.0 8052.0
7220.0 5503.0
4048.0 7854.0
8472.0 2990.0
5612.0 1007.0
5207.0 6210.0
1205.0 9952.0
7986.0 7567.0
859.0 9288.0
2193.0 767.0
4782.0 3434.0
952.0 8869.0
9283.0 4089.0
810.0 6716.0
3083.0 9824.0
3575.0 6445.0
3597.0 2754.0
66.0 7133.0
5269.0 9598.0
4147.0 2272.0
4482.0 7082.0
7832.0 1166.0
8190.0 4018.0
792.0 2930.0
5778.0 4953.0
92.0 4148.0
6237.0 2796.0
8463.0 3905.0
5240.0 267.0
1947.0 2273.0
9183.0 2579.0
215.0 903.0
5745.0 6221.0
5391.0 6856.0
3057.0 1240.0
7714.0 3290.0
2043.0 6881.0
8821.0 3159.0
9003.0 3005.0
6018.0 4546.0
8004.0 2105.0
3325.0 8761.0
5160.0 9393.0
7617.0 4839.0
9366.0 750.0
716.0 6555.0
6550.0 983.0
709.0 639.0
7014.0 7238.0
8338.0 7251.0
7964.0 4983.0
6775.0 6412.0
5736.0 6410.0
5609.0 6493.0
4866.0 3652.0
2362.0 3389.0
3504.0 1719.0
7337.0 1536.0
7296.0 8500.0
164.0 390.0
6267.0 1737.0
8797.0 2483.0
1796.0 5350.0
4348.0 1737.0
3242.0 9986.0
7542.0 3103.0
6319.0 5191.0
5123.0 7224.0
7720.0 3078.0
7012.0 6211.0
3170.0 5866.0
7588.0 9171.0
8368.0 2194.0
6852.0 8636.0
4948.0 9574.0
9830.0 1522.0
6050.0 2869.0
5032.0 729.0
8482.0 1193.0
5275.0 6047.0
1158.0 8098.0
6701.0 5474.0
1790.0 2432.0
4303.0 592.0
6445.0 9771.0
4793.0 2140.0
9047.0 6783.0
115.0 4400.0
357.0 3420.0
7423.0 9532.0
8547.0 318.0
3872.0 5516.0
5892.0 1290.0
7000.0 3790.0
8690.0 3289.0
4065.0 5253.0
9953.0 8730.0
6123.0 5760.0
6956.0 7555.0
5176.0 4719.0
8209.0 8908.0
5231.0 2954.0
6912.0 4829.0
564.0 8440.0
482.0 831.0
7012.0 1063.0
8203.0 742.0
4640.0 23.0
1605.0 5709.0
2561.0 37.0
4571.0 9730.0
9275.0 4918.0
2833.0 6619.0
4302.0 9752.0
4856.0 5749.0
9475.0 5221.0
8722.0 6504.0
670.0 244.0
2045.0 3786.0
3320.0 1578.0
4545.0 9477.0
7541.0 1491.0
5281.0 7226.0
1148.0 7135.0
9190.0 463.0
1441.0 7791.0
9919.0 6002.0
9014.0 8566.0
8597.0 8142.0
9483.0 1710.0
567.0 601.0
1382.0 9179.0
4671.0 6233.0
1090.0 2577.0
2147.0 6855.0
