1
512 1 3.0 0.0 1000.0 3 160 240 100

6.5 13.5 29.3 58.5
13.0 27.0 58.5 117.0
19.5 40.5 87.8 175.5
26.0 54.0 117.0 234.0
39.0 81.0 175.5 351.0
52.0 108.0 234.0 468.0
58.5 121.5 263.3 526.5
65.0 135.0 292.5 585.0
78.0 162.0 351.0 702.0
0.0 180.0 390.0 780.0

2.0 5.0 8.0 11.0
5.0 8.0 11.0 14.0
9.0 12.0 15.0 18.0
11.0 14.0 17.0 20.0
15.0 18.0 21.0 24.0
18.0 21.0 24.0 27.0
20.0 23.0 26.0 29.0
25.0 28.0 31.0 34.0
29.0 32.0 35.0 38.0
0.0 34.0 37.0 40.0

7715.0 1606.0
9891.0 2384.0
9282.0 6768.0
4838.0 403.0
793.0 2033.0
5762.0 9244.0
8392.0 6428.0
4193.0 1094.0
1291.0 4707.0
2494.0 3339.0
7293.0 1586.0
186.0 468.0
1075.0 6280.0
9389.0 2782.0
6050.0 3480.0
6443.0 4294.0
3139.0 9401.0
9280.0 4707.0
2261.0 4033.0
2613.0 2853.0
4862.0 3235.0
5516.0 1464.0
8320.0 6787.0
8469.0 5674.0
5517.0 1059.0
9433.0 130.0
5431.0 7404.0
1021.0 2080.0
3040.0 9923.0
3352.0 349.0
9379.0 8737.0
9635.0 2558.0
5058.0 7380.0
4075.0 5487.0
3065.0 5474.0
4158.0 5956.0
9174.0 291.0
1887.0 2111.0
787.0 3353.0
1051.0 7492.0
7508.0 698.0
72.0 2780.0
9297.0 7940.0
2535.0 2584.0
499.0 3765.0
9934.0 7169.0
595.0 7987.0
3739.0 1504.0
4962.0 2797.0
6326.0 6503.0
1498.0 8354.0
2858.0 9854.0
1404.0 6319.0
8684.0 6315.0
4958.0 7504.0
9317.0 9854.0
5599.0 2233.0
2576.0 2525.0
8137.0 4569.0
4947.0 7456.0
9418.0 4039.0
6750.0 5837.0
2248.0 979.0
3164.0 282.0
5920.0 4137.0
698.0 9461.0
9141.0 1675.0
1160.0 1373.0
3698.0 9186.0
7719.0 5149.0
9663.0 878.0
99.0 3766.0
5484.0 2540.0
8502.0 2556.0
8757.0 7439.0
8320.0 888.0
6014.0 8760.0
202.0 6917.0
2339.0 4752.0
2552.0 7770.0
4144.0 5181.0
6034.0 54.0
913.0 244.0
2134.0 8083.0
4235.0 5568.0
376.0 9687.0
4961.0 9428.0
1241.0 1996.0
1784.0 824.0
4371.0 2082.0
7080.0 9532.0
4121.0 9845.0
8319.0 1784.0
7042.0 3010.0
5877.0 7695.0
8341.0 6638.0
553.0 9070.0
6920.0 2024.0
6632.0 8737.0
1035.0 2363.0
8793.0 5018.0
9167.0 5069.0
3704.0 7494.0
3164.0 3132.0
9605.0 2676.0
3221.0 396.0
9709.0 729.0
6785.0 8134.0
7744.0 6875.0
5936.0 2809.0
6445.0 3610.0
325.0 7411.0
2332.0 2365.0
5241.0 1227.0
2579.0 5755.0
6865.0 5461.0
2304.0 4025.0
9299.0 4562.0
3096.0 1857.0
426.0 5652.0
6102.0 4142.0
6177.0 932.0
5496.0 1871.0
5273.0 460.0
637.0 1763.0
9022.0 5173.0
7759.0 5773.0
3220.0 2532.0
4496.0 9110.0
1750.0 9692.0
3063.0 7892.0
3939.0 1559.0
423.0 77.0
234.0 3627.0
6256.0 5806.0
3289.0 1979.0
2043.0 5782.0
4009.0 5330.0
7095.0 8820.0
4643.0 6497.0
9849.0 2208.0
3478.0 3177.0
5235.0 1002.0
8221.0 423.0
1454.0 4897.0
7627.0 9687.0
1979.0 3795.0
3444.0 1832.0
1089.0 5722.0
7255.0 3973.0
3785.0 3200.0
9278.0 2548.0
3366.0 6733.0
8699.0 7501.0
2533.0 6525.0
7602.0 4941.0
6297.0 6065.0
3079.0 8184.0
7546.0 3713.0
4573.0 9547.0
8570.0 924.0
6042.0 7781.0
4372.0 8230.0
5002.0 8517.0
6086.0 2635.0
3022.0 7628.0
5321.0 2528.0
4743.0 9869.0
2750.0 8771.0
4996.0 7685.0
6765.0 3081.0
6078.0 7578.0
522.0 7342.0
9764.0 3901.0
8188.0 9986.0
1124.0 2474.0
3723.0 8061.0
3719.0 8901.0
8001.0 6139.0
8236.0 8966.0
2605.0 5676.0
9141.0 998.0
1110.0 976.0
6424.0 2585.0
1171.0 376.0
1988.0 6518.0
3244.0 3793.0
2777.0 3348.0
4257.0 267.0
5196.0 447.0
7044.0 1626.0
7895.0 9939.0
8877.0 913.0
2496.0 404.0
4901.0 6705.0
4325.0 9718.0
4810.0 6954.0
7725.0 8929.0
3560.0 8486.0
3011.0 9540.0
9465.0 792.0
4655.0 9089.0
5478.0 5241.0
2747.0 2402.0
1988.0 3347.0
2326.0 8411.0
1943.0 226.0
7638.0 4908.0
1634.0 1879.0
889.0 6132.0
2945.0 7418.0
7576.0 555.0
5397.0 9891.0
2952.0 8769.0
8810.0 1819.0
6710.0 3836.0
9894.0 4091.0
5439.0 9008.0
8594.0 9338.0
4939.0 169.0
2511.0 3432.0
6954.0 2916.0
222.0 1232.0
7401.0 6638.0
6804.0 5217.0
5656.0 476.0
7404.0 8131.0
6978.0 8568.0
7158.0 3281.0
2635.0 4432.0
8291.0 8618.0
4802.0 6902.0
7707.0 3232.0
5804.0 2465.0
901.0 7393.0
3774.0 1416.0
505.0 9778.0
9293.0 7685.0
294.0 8001.0
89.0 4741.0
7965.0 1108.0
3356.0 2442.0
2516.0 5128.0
7770.0 2216.0
4545.0 5356.0
9777.0 462.0
285.0 1471.0
1205.0 2549.0
2699.0 4130.0
7795.0 2295.0
5452.0 4180.0
699.0 4312.0
8084.0 8108.0
5530.0 9095.0
3205.0 5867.0
6027.0 3247.0
9023.0 9712.0
1914.0 9709.0
3041.0 5183.0
3002.0 5393.0
5228.0 7848.0
4139.0 6090.0
1492.0 1972.0
8043.0 1039.0
779.0 9712.0
5608.0 2039.0
1608.0 1991.0
5756.0 4491.0
6366.0 4677.0
9388.0 250.0
4197.0 6200.0
4523.0 4664.0
5778.0 5241.0
2182.0 2693.0
5829.0 9624.0
5096.0 1488.0
1662.0 49.0
3801.0 9304.0
8590.0 4786.0
7198.0 3144.0
5530.0 3984.0
7144.0 5.0
6598.0 4705.0
9139.0 9113.0
7034.0 332.0
3693.0 5035.0
4275.0 474.0
5430.0 4043.0
7486.0 10.0
9505.0 8612.0
1380.0 8397.0
7410.0 7447.0
2647.0 2875.0
6721.0 905.0
9798.0 1708.0
1884.0 4210.0
9770.0 6091.0
5578.0 3333.0
7083.0 1848.0
2761.0 925.0
3896.0 4574.0
1931.0 2183.0
1763.0 4323.0
707.0 3040.0
8418.0 8509.0
5278.0 5545.0
5408.0 4125.0
5800.0 7836.0
4893.0 2931.0
2304.0 8572.0
6439.0 5730.0
8198.0 8218.0
7115.0 4379.0
919.0 2058.0
718.0 2657.0
1812.0 2327.0
4452.0 9624.0
9812.0 9336.0
3874.0 1609.0
5985.0 3977.0
9429.0 1459.0
8513.0 6496.0
399.0 6173.0
184.0 8905.0
4579.0 6569.0
2959.0 926.0
4503.0 5098.0
6694.0 1847.0
3547.0 463.0
1571.0 3170.0
7717.0 141.0
6326.0 9435.0
1453.0 4483.0
6835.0 7108.0
8264.0 8482.0
2127.0 3908.0
9513.0 9878.0
7399.0 3457.0
7182.0 4710.0
6101.0 2648.0
8918.0 3952.0
5664.0 1590.0
6206.0 7380.0
3935.0 8539.0
8967.0 3280.0
5898.0 4677.0
2410.0 5144.0
2741.0 6138.0
4464.0 8994.0
7849.0 3148.0
4602.0 7441.0
6791.0 8675.0
7373.0 9143.0
865.0 1470.0
6482.0 4769.0
6277.0 867.0
7719.0 3120.0
3527.0 3253.0
1558.0 3525.0
4064.0 2556.0
8764.0 3160.0
3787.0 9670.0
4810.0 407.0
5461.0 8166.0
1429.0 7905.0
4614.0 6199.0
6127.0 1400.0
5993.0 6979.0
2975.0 3051.0
145.0 2687.0
491.0 317.0
2187.0 9235.0
4949.0 4048.0
7352.0 1731.0
9921.0 1926.0
361.0 3049.0
5378.0 5884.0
8208.0 382.0
2175.0 4633.0
8420.0 7149.0
229.0 4935.0
7364.0 168.0
1216.0 7747.0
5667.0 4435.0
9120.0 7883.0
335.0 439.0
4424.0 8307.0
5615.0 1357.0
296.0 2708.0
7196.0 32.0
1573.0 2482.0
6806.0 8117.0
9858.0 6748.0
6776.0 2252.0
570.0 6545.0
6644.0 4684.0
248.0 6829.0
6371.0 8179.0
4941.0 2411.0
3233.0 7640.0
2998.0 6466.0
1963.0 3292.0
8083.0 2749.0
219.0 2834.0
732.0 5139.0
3936.0 2418.0
9272.0 665.0
9645.0 8867.0
3428.0 4627.0
3317.0 7990.0
6427.0 8953.0
7814.0 6391.0
3936.0 7428.0
3509.0 6643.0
634.0 3918.0
9152.0 8230.0
7756.0 2237.0
2543.0 9112.0
7424.0 8768.0
3092.0 5323.0
2073.0 1498.0
831.0 8462.0
9817.0 1575.0
8950.0 3482.0
9048.0 6033.0
9429.0 1636.0
8113.0 2814.0
3826.0 5981.0
8369.0 1727.0
3811.0 9318.0
1450.0 7461.0
8496.0 6949.0
4060.0 3300.0
8145.0 9128.0
6113.0 6668.0
6326.0 603.0
546.0 134.0
5080.0 7121.0
5608.0 4010.0
181.0 1281.0
2977.0 9182.0
6043.0 2621.0
7486.0 1296.0
2358.0 9315.0
6812.0 9941.0
7036.0 1370.0
1928.0 8956.0
2506.0 7706.0
1652.0 6497.0
4953.0 1993.0
7093.0 5995.0
8573.0 4635.0
4345.0 1641.0
9393.0 787.0
6215.0 4521.0
5750.0 6780.0
6336.0 8053.0
4986.0 9837.0
1463.0 3836.0
8427.0 8470.0
282.0 1561.0
9230.0 3438.0
9557.0 9107.0
153.0 1641.0
921.0 1463.0
829.0 7848.0
4145.0 9599.0
6609.0 1625.0
5202.0 2927.0
3544.0 9360.0
9934.0 1482.0
6582.0 3757.0
6670.0 6456.0
547.0 5691.0
3579.0 212.0
5958.0 5799.0
9113.0 9426.0
4290.0 5693.0
6332.0 7472.0
9708.0 1184.0
4459.0 4694.0
6877.0 2384.0
3450.0 7694.0
6895.0 8088.0
9940.0 1273.0
5940.0 4302.0
5353.0 9148.0
3679.0 9312.0
9509.0 2086.0
1032.0 173.0
5552.0 4594.0
9340.0 7992.0
4512.0 3777.0
5523.0 1906.0
324.0 6518.0
296.0 4122.0
8626.0 3604.0
9000.0 906.0
5151.0 1926.0
7140.0 6908.0
2045.0 8399.0
5181.0 2705.0
2913.0 1716.0
9682.0 7933.0
9934.0 594.0
336.0 4915.0
8844.0 9615.0
4992.0 142.0
130.0 6323.0
7212.0 3505.0
7237.0 5691.0
3461.0 7658.0

7721.0 1610.0
9897.0 2390.0
9288.0 6774.0
4843.0 407.0
798.0 2037.0
5767.0 9249.0
8397.0 6433.0
4198.0 1100.0
1296.0 4713.0
2499.0 3345.0
7299.0 1591.0
191.0 473.0
1080.0 6285.0
9395.0 2787.0
6055.0 3485.0
6448.0 4298.0
3143.0 9405.0
9285.0 4713.0
2266.0 4038.0
2619.0 2858.0
4866.0 3240.0
5521.0 1469.0
8324.0 6793.0
8473.0 5680.0
5523.0 1063.0
9437.0 135.0
5436.0 7410.0
1025.0 2084.0
3046.0 9927.0
3358.0 354.0
9384.0 8742.0
9641.0 2563.0
5064.0 7385.0
4081.0 5491.0
3071.0 5478.0
4163.0 5962.0
9179.0 295.0
1893.0 2116.0
793.0 3359.0
1056.0 7497.0
7514.0 703.0
78.0 2785.0
9303.0 7945.0
2539.0 2590.0
504.0 3771.0
9938.0 7174.0
599.0 7992.0
3745.0 1508.0
4968.0 2802.0
6331.0 6508.0
1502.0 8359.0
2863.0 9860.0
1409.0 6323.0
8688.0 6320.0
4963.0 7510.0
9323.0 9860.0
5604.0 2238.0
2581.0 2529.0
8143.0 4574.0
4952.0 7461.0
9424.0 4043.0
6755.0 5842.0
2252.0 984.0
3169.0 286.0
5926.0 4142.0
703.0 9467.0
9146.0 1680.0
1165.0 1377.0
3702.0 9192.0
7725.0 5154.0
9668.0 882.0
105.0 3771.0
5489.0 2546.0
8506.0 2560.0
8762.0 7443.0
8326.0 893.0
6019.0 8764.0
207.0 6921.0
2345.0 4757.0
2557.0 7775.0
4149.0 5186.0
6039.0 59.0
917.0 249.0
2139.0 8088.0
4240.0 5573.0
381.0 9693.0
4966.0 9433.0
1246.0 2001.0
1789.0 829.0
4375.0 2087.0
7085.0 9537.0
4126.0 9850.0
8324.0 1790.0
7047.0 3015.0
5883.0 7699.0
8346.0 6643.0
558.0 9076.0
6926.0 2030.0
6638.0 8743.0
1040.0 2368.0
8799.0 5023.0
9173.0 5075.0
3708.0 7499.0
3170.0 3136.0
9610.0 2681.0
3226.0 401.0
9713.0 734.0
6790.0 8140.0
7750.0 6880.0
5942.0 2814.0
6449.0 3615.0
330.0 7417.0
2337.0 2370.0
5246.0 1232.0
2584.0 5759.0
6869.0 5465.0
2310.0 4030.0
9304.0 4566.0
3100.0 1862.0
431.0 5657.0
6107.0 4148.0
6182.0 937.0
5501.0 1875.0
5278.0 466.0
642.0 1768.0
9027.0 5178.0
7765.0 5779.0
3225.0 2538.0
4501.0 9116.0
1755.0 9696.0
3068.0 7897.0
3943.0 1564.0
428.0 82.0
238.0 3631.0
6261.0 5810.0
3294.0 1983.0
2048.0 5787.0
4014.0 5335.0
7100.0 8826.0
4648.0 6502.0
9855.0 2214.0
3483.0 3182.0
5240.0 1007.0
8225.0 429.0
1459.0 4901.0
7632.0 9692.0
1985.0 3799.0
3450.0 1836.0
1094.0 5727.0
7259.0 3978.0
3791.0 3204.0
9283.0 2553.0
3370.0 6739.0
8704.0 7505.0
2537.0 6530.0
7607.0 4946.0
6302.0 6069.0
3084.0 8188.0
7550.0 3718.0
4579.0 9553.0
8575.0 929.0
6047.0 7785.0
4377.0 8236.0
5007.0 8521.0
6090.0 2641.0
3027.0 7633.0
5325.0 2533.0
4748.0 9875.0
2755.0 8776.0
5001.0 7690.0
6771.0 3085.0
6083.0 7583.0
526.0 7347.0
9768.0 3906.0
8193.0 9992.0
1129.0 2480.0
3729.0 8066.0
3725.0 8906.0
8006.0 6144.0
8242.0 8971.0
2610.0 5681.0
9146.0 1002.0
1114.0 982.0
6428.0 2589.0
1176.0 382.0
1992.0 6523.0
3250.0 3798.0
2782.0 3353.0
4262.0 272.0
5200.0 451.0
7050.0 1630.0
7900.0 9944.0
8882.0 918.0
2501.0 410.0
4906.0 6710.0
4331.0 9724.0
4816.0 6959.0
7731.0 8934.0
3565.0 8491.0
3017.0 9545.0
9470.0 796.0
4659.0 9094.0
5482.0 5247.0
2753.0 2407.0
1993.0 3353.0
2332.0 8416.0
1948.0 231.0
7642.0 4912.0
1639.0 1885.0
893.0 6137.0
2951.0 7424.0
7581.0 561.0
5401.0 9896.0
2957.0 8775.0
8816.0 1824.0
6715.0 3841.0
9899.0 4097.0
5444.0 9012.0
8598.0 9343.0
4944.0 173.0
2517.0 3437.0
6959.0 2921.0
227.0 1237.0
7405.0 6643.0
6809.0 5222.0
5662.0 480.0
7408.0 8136.0
6983.0 8573.0
7162.0 3287.0
2640.0 4436.0
8295.0 8622.0
4808.0 6907.0
7711.0 3236.0
5809.0 2471.0
906.0 7397.0
3779.0 1421.0
511.0 9783.0
9297.0 7689.0
299.0 8006.0
94.0 4747.0
7971.0 1114.0
3361.0 2447.0
2521.0 5133.0
7774.0 2222.0
4549.0 5361.0
9783.0 467.0
291.0 1476.0
1210.0 2555.0
2704.0 4136.0
7800.0 2299.0
5458.0 4184.0
703.0 4317.0
8089.0 8113.0
5536.0 9101.0
3211.0 5872.0
6032.0 3251.0
9028.0 9718.0
1920.0 9713.0
3046.0 5187.0
3007.0 5397.0
5233.0 7853.0
4144.0 6096.0
1497.0 1977.0
8048.0 1043.0
783.0 9717.0
5613.0 2044.0
1613.0 1995.0
5761.0 4496.0
6371.0 4682.0
9392.0 254.0
4202.0 6206.0
4528.0 4669.0
5783.0 5246.0
2186.0 2698.0
5835.0 9629.0
5102.0 1493.0
1668.0 54.0
3807.0 9309.0
8595.0 4790.0
7204.0 3150.0
5535.0 3988.0
7149.0 10.0
6603.0 4710.0
9143.0 9118.0
7039.0 336.0
3697.0 5040.0
4281.0 480.0
5434.0 4049.0
7491.0 14.0
9510.0 8617.0
1385.0 8403.0
7415.0 7453.0
2653.0 2880.0
6726.0 910.0
9804.0 1713.0
1890.0 4215.0
9775.0 6096.0
5583.0 3337.0
7087.0 1853.0
2767.0 930.0
3901.0 4579.0
1935.0 2189.0
1768.0 4329.0
712.0 3046.0
8423.0 8514.0
5283.0 5551.0
5412.0 4130.0
5805.0 7842.0
4899.0 2935.0
2308.0 8576.0
6443.0 5735.0
8204.0 8222.0
7120.0 4383.0
923.0 2063.0
723.0 2663.0
1817.0 2331.0
4457.0 9629.0
9817.0 9341.0
3878.0 1614.0
5990.0 3982.0
9434.0 1465.0
8519.0 6501.0
404.0 6177.0
189.0 8910.0
4584.0 6575.0
2964.0 931.0
4507.0 5104.0
6699.0 1851.0
3552.0 467.0
1577.0 3175.0
7723.0 146.0
6331.0 9440.0
1458.0 4488.0
6840.0 7113.0
8268.0 8486.0
2133.0 3914.0
9518.0 9883.0
7405.0 3462.0
7186.0 4714.0
6107.0 2652.0
8923.0 3958.0
5668.0 1595.0
6211.0 7385.0
3939.0 8545.0
8971.0 3285.0
5903.0 4682.0
2415.0 5149.0
2746.0 6143.0
4469.0 8999.0
7855.0 3153.0
4607.0 7446.0
6795.0 8680.0
7379.0 9148.0
869.0 1476.0
6488.0 4774.0
6283.0 871.0
7724.0 3126.0
3531.0 3257.0
1563.0 3531.0
4069.0 2561.0
8769.0 3164.0
3791.0 9676.0
4816.0 412.0
5466.0 8170.0
1434.0 7910.0
4618.0 6203.0
6133.0 1406.0
5999.0 6983.0
2980.0 3057.0
151.0 2692.0
497.0 322.0
2193.0 9241.0
4953.0 4052.0
7357.0 1736.0
9926.0 1931.0
365.0 3053.0
5383.0 5889.0
8213.0 387.0
2180.0 4638.0
8424.0 7154.0
234.0 4940.0
7370.0 172.0
1222.0 7751.0
5671.0 4441.0
9125.0 7888.0
340.0 444.0
4428.0 8313.0
5619.0 1363.0
302.0 2713.0
7201.0 36.0
1578.0 2488.0
6811.0 8121.0
9863.0 6753.0
6780.0 2258.0
576.0 6549.0
6648.0 4689.0
252.0 6834.0
6376.0 8185.0
4947.0 2415.0
3239.0 7646.0
3003.0 6470.0
1968.0 3298.0
8087.0 2755.0
224.0 2839.0
738.0 5143.0
3941.0 2422.0
9277.0 671.0
9650.0 8872.0
3432.0 4633.0
3322.0 7996.0
6432.0 8959.0
7819.0 6396.0
3941.0 7432.0
3514.0 6649.0
638.0 3923.0
9156.0 8236.0
7760.0 2241.0
2547.0 9116.0
7428.0 8773.0
3098.0 5328.0
2078.0 1503.0
836.0 8466.0
9822.0 1580.0
8955.0 3487.0
9052.0 6038.0
9434.0 1641.0
8118.0 2818.0
3831.0 5986.0
8373.0 1732.0
3816.0 9324.0
1454.0 7467.0
8501.0 6953.0
4065.0 3306.0
8150.0 9134.0
6118.0 6673.0
6331.0 608.0
551.0 140.0
5085.0 7126.0
5614.0 4015.0
186.0 1286.0
2981.0 9186.0
6048.0 2627.0
7492.0 1301.0
2363.0 9320.0
6817.0 9946.0
7041.0 1375.0
1933.0 8960.0
2511.0 7710.0
1658.0 6502.0
4958.0 1997.0
7098.0 6000.0
8579.0 4639.0
4351.0 1647.0
9397.0 792.0
6220.0 4526.0
5755.0 6785.0
6340.0 8059.0
4992.0 9841.0
1468.0 3841.0
8433.0 8475.0
287.0 1567.0
9235.0 3444.0
9562.0 9113.0
159.0 1647.0
926.0 1468.0
834.0 7853.0
4149.0 9604.0
6613.0 1629.0
5206.0 2932.0
3549.0 9364.0
9940.0 1487.0
6587.0 3762.0
6674.0 6461.0
552.0 5695.0
3584.0 218.0
5964.0 5804.0
9119.0 9431.0
4296.0 5698.0
6337.0 7476.0
9714.0 1190.0
4465.0 4699.0
6882.0 2389.0
3454.0 7700.0
6900.0 8094.0
9946.0 1278.0
5946.0 4306.0
5357.0 9154.0
3684.0 9316.0
9515.0 2092.0
1037.0 178.0
5558.0 4598.0
9345.0 7996.0
4516.0 3781.0
5529.0 1911.0
330.0 6524.0
301.0 4126.0
8631.0 3610.0
9005.0 911.0
5157.0 1932.0
7145.0 6913.0
2050.0 8403.0
5185.0 2710.0
2918.0 1722.0
9688.0 7938.0
9938.0 600.0
340.0 4919.0
8848.0 9621.0
4997.0 146.0
136.0 6329.0
7217.0 3510.0
7242.0 5696.0
3465.0 7663.0
