1
512 1 3.0 0.0 1000.0 3 160 240 100

6.5 13.5 29.3 58.5
13.0 27.0 58.5 117.0
19.5 40.5 87.8 175.5
26.0 54.0 117.0 234.0
39.0 81.0 175.5 351.0
52.0 108.0 234.0 468.0
58.5 121.5 263.3 526.5
65.0 135.0 292.5 585.0
78.0 162.0 351.0 702.0
0.0 180.0 390.0 780.0

2.0 5.0 8.0 11.0
5.0 8.0 11.0 14.0
9.0 12.0 15.0 18.0
11.0 14.0 17.0 20.0
15.0 18.0 21.0 24.0
18.0 21.0 24.0 27.0
20.0 23.0 26.0 29.0
25.0 28.0 31.0 34.0
29.0 32.0 35.0 38.0
0.0 34.0 37.0 40.0

5113.0 593.0
9470.0 2391.0
4919.0 9431.0
7865.0 1403.0
3221.0 4520.0
1624.0 1350.0
6473.0 7394.0
431.0 5553.0
4135.0 9644.0
9498.0 7257.0
6222.0 430.0
2925.0 9807.0
3617.0 4307.0
6178.0 3641.0
1972.0 5473.0
4734.0 2474.0
2502.0 7107.0
8485.0 3554.0
5511.0 6897.0
3962.0 9383.0
4955.0 2416.0
8943.0 772.0
4868.0 2457.0
6533.0 3620.0
979.0 2977.0
8265.0 4308.0
3324.0 8780.0
8306.0 1070.0
8189.0 4560.0
3341.0 1249.0
191.0 1448.0
5187.0 6795.0
7833.0 7698.0
5735.0 2912.0
8336.0 4632.0
6260.0 7221.0
81.0 1491.0
5694.0 9322.0
3476.0 5311.0
4921.0 3152.0
3567.0 4475.0
6658.0 7005.0
220.0 7052.0
3017.0 8603.0
4187.0 7571.0
5281.0 5110.0
9877.0 8363.0
3001.0 450.0
8160.0 4092.0
1961.0 4843.0
5014.0 620.0
3087.0 3905.0
4342.0 1833.0
6877.0 7228.0
5778.0 560.0
413.0 8805.0
800.0 2222.0
6532.0 4182.0
2974.0 2343.0
7220.0 1731.0
645.0 1547.0
5807.0 7915.0
2901.0 4190.0
5028.0 8937.0
2121.0 9247.0
520.0 3650.0
8942.0 4587.0
1830.0 5109.0
7950.0 8282.0
5495.0 659.0
4921.0 3061.0
7283.0 2931.0
8940.0 2566.0
3136.0 6627.0
5205.0 524.0
918.0 8490.0
6847.0 6474.0
7512.0 327.0
6577.0 4190.0
8351.0 7481.0
1494.0 1417.0
8948.0 7623.0
6856.0 2064.0
499.0 7251.0
7151.0 4488.0
4124.0 5788.0
5281.0 1993.0
816.0 9646.0
3173.0 4183.0
6681.0 1149.0
9654.0 300.0
5521.0 9695.0
3891.0 8183.0
3340.0 5043.0
5232.0 4975.0
1848.0 5101.0
2763.0 8215.0
519.0 3102.0
389.0 8446.0
9292.0 1557.0
5788.0 6977.0
6466.0 2852.0
4026.0 4917.0
8874.0 8887.0
9173.0 2138.0
3899.0 4636.0
9741.0 7275.0
5404.0 3001.0
6253.0 2409.0
8148.0 858.0
1765.0 8569.0
7756.0 8669.0
8680.0 674.0
5812.0 8541.0
7641.0 3059.0
2153.0 8124.0
6861.0 9208.0
8922.0 217.0
2675.0 1837.0
3459.0 478.0
4660.0 1950.0
9604.0 8121.0
1133.0 8011.0
9470.0 6961.0
3348.0 8854.0
265.0 6723.0
9209.0 6472.0
3230.0 6975.0
9827.0 7313.0
4271.0 8568.0
4736.0 3220.0
8338.0 9981.0
4091.0 5644.0
2143.0 8438.0
8665.0 9264.0
2272.0 8191.0
967.0 3650.0
8260.0 842.0
3302.0 4094.0
2718.0 5094.0
1095.0 5253.0
3060.0 5815.0
2295.0 3724.0
1911.0 4789.0
6178.0 8195.0
5766.0 8047.0
7384.0 8299.0
3975.0 7151.0
3483.0 5805.0
2604.0 4326.0
6913.0 4280.0
279.0 3808.0
4602.0 5848.0
5536.0 4306.0
1090.0 6195.0
7798.0 9946.0
3476.0 1432.0
6501.0 9592.0
9013.0 2963.0
5481.0 6922.0
8664.0 8990.0
2161.0 6143.0
2449.0 3782.0
3627.0 717.0
4886.0 8339.0
4158.0 5005.0
1374.0 8597.0
1272.0 1187.0
8808.0 9795.0
9877.0 6353.0
6270.0 8132.0
6577.0 7151.0
4099.0 3371.0
8717.0 1860.0
2176.0 8491.0
5231.0 2292.0
733.0 5043.0
8868.0 384.0
9505.0 5335.0
1859.0 6881.0
3560.0 5078.0
9601.0 1978.0
6609.0 2624.0
9433.0 317.0
5128.0 3441.0
4059.0 5214.0
9109.0 934.0
1704.0 9494.0
7763.0 7272.0
7563.0 2835.0
983.0 338.0
3624.0 7981.0
9911.0 5430.0
6419.0 723.0
2404.0 2865.0
4791.0 1028.0
1734.0 5104.0
2237.0 5189.0
9344.0 9525.0
894.0 1392.0
4964.0 5504.0
6756.0 3578.0
9934.0 6901.0
8167.0 976.0
2019.0 3615.0
2182.0 3204.0
2579.0 8319.0
5853.0 3302.0
9370.0 7022.0
2021.0 3600.0
833.0 4583.0
1672.0 1789.0
171.0 8810.0
7436.0 7083.0
33.0 9283.0
5301.0 8860.0
1146.0 9527.0
4101.0 2651.0
686.0 3669.0
4861.0 873.0
8733.0 1221.0
4564.0 8189.0
3618.0 6101.0
1407.0 3861.0
9485.0 8552.0
1122.0 6004.0
1884.0 1066.0
6432.0 5100.0
9729.0 1966.0
4203.0 6674.0
4424.0 2765.0
7377.0 5498.0
9487.0 7944.0
1248.0 6222.0
6492.0 8273.0
6146.0 7800.0
5647.0 1320.0
1114.0 1607.0
1830.0 5266.0
5632.0 5617.0
9399.0 4671.0
8974.0 9537.0
1607.0 9320.0
9252.0 8271.0
2926.0 9775.0
6731.0 3601.0
5116.0 5781.0
8482.0 6466.0
350.0 6141.0
3935.0 4723.0
7221.0 1206.0
3412.0 3774.0
7943.0 1608.0
4210.0 9937.0
7575.0 9368.0
1296.0 8947.0
8587.0 14.0
2193.0 4477.0
6581.0 6841.0
8122.0 4042.0
5499.0 941.0
5974.0 2195.0
3124.0 3148.0
8180.0 3372.0
211.0 6519.0
47.0 9292.0
9051.0 484.0
6640.0 8276.0
9805.0 311.0
3768.0 6377.0
5414.0 8002.0
147.0 2709.0
8414.0 3264.0
323.0 3838.0
5472.0 5681.0
407.0 4650.0
7969.0 1729.0
1202.0 5539.0
9444.0 2754.0
5796.0 8337.0
3217.0 2555.0
1179.0 5836.0
6026.0 5708.0
5969.0 2312.0
5982.0 249.0
8804.0 4912.0
5667.0 863.0
4479.0 8299.0
3702.0 1209.0
7399.0 7435.0
596.0 6508.0
4405.0 5888.0
7204.0 29.0
1566.0 9534.0
6610.0 9616.0
1983.0 8053.0
2753.0 2868.0
4196.0 9092.0
1625.0 2129.0
3250.0 2480.0
3350.0 2897.0
8995.0 4372.0
5976.0 1810.0
8695.0 3722.0
4290.0 2812.0
3508.0 5945.0
9482.0 2667.0
915.0 1171.0
7978.0 9417.0
7660.0 6955.0
263.0 9948.0
282.0 7849.0
3005.0 5277.0
2798.0 6693.0
319.0 4704.0
3616.0 5026.0
2474.0 2448.0
6244.0 2496.0
2868.0 2925.0
865.0 7648.0
6598.0 3267.0
6353.0 4970.0
6436.0 4246.0
4795.0 5595.0
4538.0 3217.0
3087.0 1522.0
707.0 5220.0
8687.0 5753.0
516.0 867.0
9082.0 3225.0
9137.0 2165.0
7043.0 9912.0
9172.0 9875.0
6240.0 9997.0
3318.0 8581.0
4294.0 3477.0
5187.0 8064.0
2816.0 9098.0
4099.0 2136.0
6526.0 2.0
2163.0 8567.0
6014.0 1954.0
4477.0 6221.0
1204.0 6554.0
5757.0 8051.0
5103.0 4296.0
9227.0 1079.0
9909.0 4878.0
6075.0 6995.0
24.0 4620.0
6309.0 9501.0
9082.0 3400.0
4326.0 7052.0
516.0 5970.0
5017.0 2096.0
3776.0 5043.0
8729.0 479.0
743.0 6040.0
5897.0 7124.0
9415.0 5862.0
4683.0 6630.0
4439.0 593.0
7418.0 9911.0
6560.0 9499.0
4193.0 527.0
5547.0 5208.0
4398.0 6821.0
3685.0 2466.0
9548.0 8502.0
9378.0 337.0
3195.0 8811.0
2960.0 5238.0
6268.0 5898.0
9267.0 4692.0
8648.0 9544.0
4042.0 4174.0
300.0 1857.0
3750.0 1947.0
7785.0 3084.0
871.0 9254.0
4474.0 6164.0
9236.0 5762.0
5278.0 6153.0
6480.0 2636.0
9219.0 3167.0
3191.0 8124.0
5664.0 9960.0
804.0 3039.0
2535.0 7774.0
2836.0 6016.0
7323.0 6605.0
6508.0 938.0
4222.0 8503.0
4345.0 1396.0
3207.0 5047.0
7811.0 9587.0
9369.0 2623.0
7553.0 9507.0
3336.0 1646.0
7327.0 6856.0
6097.0 8348.0
1172.0 498.0
4046.0 274.0
5908.0 2894.0
2569.0 9113.0
3518.0 9371.0
8996.0 6998.0
500.0 8609.0
8241.0 4913.0
3741.0 9247.0
6935.0 4330.0
5000.0 9965.0
4393.0 5717.0
8563.0 2951.0
1222.0 50.0
9130.0 3110.0
8896.0 1951.0
9529.0 7921.0
6110.0 5601.0
306.0 5310.0
251.0 7048.0
5763.0 9429.0
4783.0 9048.0
3530.0 6717.0
5884.0 7073.0
7225.0 7135.0
4151.0 7613.0
4278.0 7949.0
9689.0 2416.0
3490.0 9949.0
1408.0 4781.0
9401.0 8488.0
3845.0 6557.0
3022.0 4219.0
7341.0 6969.0
1031.0 912.0
9876.0 6899.0
7962.0 243.0
1401.0 4774.0
8500.0 5929.0
3975.0 2671.0
9422.0 2093.0
3530.0 3787.0
3262.0 3246.0
1589.0 4904.0
8287.0 5764.0
7749.0 9977.0
1822.0 3249.0
6257.0 3478.0
6528.0 645.0
2496.0 4645.0
1677.0 4509.0
7704.0 6234.0
4015.0 9306.0
2735.0 3952.0
5264.0 2109.0
4202.0 5160.0
5849.0 608.0
8806.0 8013.0
6913.0 1781.0
4177.0 4649.0
5189.0 1133.0
7048.0 4565.0
7808.0 4878.0
2084.0 6824.0
6598.0 9936.0
7174.0 2201.0
3961.0 9156.0
3532.0 8933.0
4890.0 1611.0
1398.0 8176.0
2188.0 381.0
4675.0 7821.0
4487.0 2684.0
329.0 5789.0
9094.0 9753.0
851.0 6459.0
4285.0 6327.0
620.0 6326.0
8069.0 2154.0
9485.0 7560.0
3028.0 382.0
9371.0 576.0
9286.0 213.0
2253.0 9251.0
183.0 3721.0
294.0 4925.0
7716.0 9194.0
1493.0 7822.0
7334.0 5911.0
6635.0 7011.0
4138.0 7702.0
5887.0 2549.0
5074.0 5211.0
5850.0 5949.0
4171.0 9212.0
388.0 7576.0
414.0 9883.0
1049.0 2137.0
302.0 9414.0
5415.0 5877.0
9687.0 7823.0
4182.0 1620.0
1928.0 4383.0
302.0 288.0
1974.0 9518.0
6000.0 32.0
8405.0 4569.0
6000.0 6602.0
8031.0 9314.0
7759.0 1103.0
103.0 9602.0

5118.0 599.0
9475.0 2395.0
4924.0 9437.0
7870.0 1407.0
3226.0 4525.0
1630.0 1356.0
6477.0 7398.0
436.0 5558.0
4140.0 9648.0
9502.0 7261.0
6228.0 436.0
2930.0 9811.0
3622.0 4312.0
6183.0 3646.0
1978.0 5478.0
4739.0 2479.0
2507.0 7111.0
8489.0 3558.0
5515.0 6902.0
3967.0 9389.0
4960.0 2422.0
8948.0 777.0
4873.0 2462.0
6538.0 3624.0
984.0 2983.0
8270.0 4312.0
3329.0 8785.0
8311.0 1075.0
8194.0 4565.0
3346.0 1255.0
197.0 1454.0
5193.0 6800.0
7839.0 7703.0
5740.0 2917.0
8340.0 4638.0
6264.0 7227.0
86.0 1496.0
5700.0 9326.0
3482.0 5317.0
4926.0 3156.0
3573.0 4479.0
6664.0 7011.0
224.0 7057.0
3023.0 8607.0
4192.0 7575.0
5287.0 5116.0
9882.0 8367.0
3006.0 455.0
8165.0 4096.0
1967.0 4847.0
5019.0 625.0
3092.0 3910.0
4347.0 1838.0
6882.0 7233.0
5783.0 566.0
419.0 8810.0
805.0 2227.0
6537.0 4186.0
2979.0 2348.0
7224.0 1736.0
651.0 1552.0
5813.0 7921.0
2906.0 4194.0
5034.0 8942.0
2127.0 9252.0
524.0 3654.0
8947.0 4592.0
1835.0 5114.0
7954.0 8286.0
5500.0 664.0
4926.0 3066.0
7289.0 2936.0
8945.0 2571.0
3141.0 6632.0
5211.0 529.0
923.0 8494.0
6853.0 6479.0
7518.0 332.0
6582.0 4196.0
8356.0 7486.0
1498.0 1422.0
8953.0 7628.0
6860.0 2069.0
504.0 7255.0
7155.0 4493.0
4129.0 5794.0
5286.0 1998.0
820.0 9651.0
3177.0 4189.0
6686.0 1153.0
9659.0 304.0
5525.0 9700.0
3897.0 8189.0
3345.0 5047.0
5238.0 4980.0
1854.0 5106.0
2769.0 8220.0
525.0 3106.0
393.0 8451.0
9297.0 1563.0
5794.0 6981.0
6471.0 2857.0
4031.0 4923.0
8879.0 8891.0
9177.0 2143.0
3904.0 4641.0
9746.0 7279.0
5410.0 3007.0
6257.0 2414.0
8153.0 863.0
1769.0 8574.0
7761.0 8674.0
8685.0 678.0
5817.0 8545.0
7645.0 3065.0
2158.0 8130.0
6866.0 9214.0
8927.0 221.0
2679.0 1842.0
3464.0 483.0
4665.0 1954.0
9609.0 8126.0
1138.0 8017.0
9475.0 6966.0
3353.0 8860.0
269.0 6728.0
9215.0 6477.0
3235.0 6981.0
9833.0 7318.0
4276.0 8572.0
4740.0 3225.0
8344.0 9986.0
4097.0 5649.0
2148.0 8443.0
8669.0 9269.0
2278.0 8197.0
971.0 3655.0
8265.0 847.0
3307.0 4099.0
2724.0 5099.0
1099.0 5258.0
3064.0 5821.0
2301.0 3729.0
1916.0 4794.0
6184.0 8200.0
5772.0 8051.0
7388.0 8305.0
3980.0 7155.0
3487.0 5810.0
2609.0 4330.0
6918.0 4286.0
283.0 3813.0
4608.0 5853.0
5540.0 4312.0
1095.0 6201.0
7803.0 9951.0
3482.0 1437.0
6506.0 9597.0
9019.0 2968.0
5487.0 6927.0
8669.0 8994.0
2166.0 6148.0
2454.0 3787.0
3631.0 721.0
4890.0 8344.0
4163.0 5009.0
1379.0 8602.0
1277.0 1191.0
8813.0 9800.0
9882.0 6357.0
6276.0 8137.0
6583.0 7157.0
4104.0 3377.0
8722.0 1866.0
2180.0 8497.0
5236.0 2296.0
738.0 5048.0
8873.0 388.0
9510.0 5340.0
1864.0 6887.0
3564.0 5083.0
9606.0 1984.0
6614.0 2628.0
9438.0 321.0
5134.0 3447.0
4065.0 5219.0
9113.0 938.0
1710.0 9498.0
7768.0 7278.0
7568.0 2840.0
988.0 344.0
3628.0 7985.0
9916.0 5434.0
6423.0 728.0
2408.0 2869.0
4796.0 1034.0
1739.0 5109.0
2241.0 5195.0
9349.0 9529.0
898.0 1396.0
4970.0 5508.0
6761.0 3583.0
9938.0 6906.0
8172.0 981.0
2024.0 3620.0
2188.0 3208.0
2584.0 8324.0
5859.0 3307.0
9376.0 7026.0
2027.0 3605.0
838.0 4587.0
1677.0 1794.0
176.0 8816.0
7441.0 7087.0
38.0 9288.0
5307.0 8865.0
1152.0 9532.0
4106.0 2657.0
692.0 3675.0
4867.0 877.0
8738.0 1226.0
4568.0 8194.0
3623.0 6107.0
1412.0 3867.0
9490.0 8556.0
1127.0 6009.0
1890.0 1072.0
6438.0 5105.0
9734.0 1972.0
4209.0 6678.0
4429.0 2770.0
7382.0 5502.0
9493.0 7948.0
1254.0 6226.0
6497.0 8278.0
6151.0 7805.0
5652.0 1325.0
1118.0 1612.0
1835.0 5271.0
5637.0 5623.0
9404.0 4676.0
8979.0 9543.0
1613.0 9324.0
9257.0 8276.0
2930.0 9781.0
6736.0 3605.0
5122.0 5787.0
8487.0 6471.0
354.0 6145.0
3940.0 4727.0
7226.0 1211.0
3416.0 3778.0
7947.0 1613.0
4215.0 9942.0
7580.0 9373.0
1300.0 8952.0
8591.0 20.0
2197.0 4482.0
6585.0 6847.0
8127.0 4047.0
5504.0 946.0
5978.0 2200.0
3128.0 3152.0
8184.0 3377.0
217.0 6523.0
52.0 9297.0
9057.0 489.0
6645.0 8282.0
9810.0 316.0
3773.0 6382.0
5420.0 8006.0
151.0 2713.0
8419.0 3268.0
329.0 3843.0
5478.0 5685.0
413.0 4655.0
7973.0 1735.0
1207.0 5544.0
9449.0 2759.0
5800.0 8342.0
3222.0 2560.0
1184.0 5842.0
6032.0 5713.0
5973.0 2317.0
5987.0 255.0
8810.0 4917.0
5672.0 867.0
4485.0 8305.0
3707.0 1214.0
7404.0 7440.0
600.0 6513.0
4410.0 5893.0
7208.0 33.0
1570.0 9540.0
6616.0 9621.0
1988.0 8059.0
2758.0 2873.0
4200.0 9097.0
1630.0 2134.0
3255.0 2485.0
3355.0 2901.0
9001.0 4376.0
5982.0 1814.0
8701.0 3728.0
4296.0 2817.0
3514.0 5950.0
9487.0 2671.0
920.0 1176.0
7983.0 9423.0
7665.0 6960.0
268.0 9952.0
286.0 7853.0
3009.0 5282.0
2802.0 6698.0
325.0 4709.0
3622.0 5030.0
2478.0 2452.0
6248.0 2500.0
2873.0 2931.0
870.0 7653.0
6602.0 3273.0
6358.0 4975.0
6440.0 4252.0
4800.0 5601.0
4542.0 3221.0
3092.0 1528.0
712.0 5225.0
8693.0 5759.0
520.0 872.0
9087.0 3229.0
9143.0 2170.0
7049.0 9917.0
9178.0 9880.0
6245.0 10002.0
3323.0 8586.0
4299.0 3481.0
5192.0 8068.0
2822.0 9102.0
4104.0 2142.0
6530.0 8.0
2168.0 8573.0
6018.0 1958.0
4483.0 6225.0
1209.0 6560.0
5761.0 8056.0
5108.0 4302.0
9231.0 1083.0
9914.0 4883.0
6080.0 7001.0
29.0 4624.0
6314.0 9507.0
9088.0 3405.0
4331.0 7056.0
522.0 5974.0
5023.0 2102.0
3780.0 5049.0
8734.0 485.0
748.0 6046.0
5902.0 7129.0
9420.0 5866.0
4689.0 6635.0
4443.0 597.0
7422.0 9915.0
6564.0 9505.0
4199.0 533.0
5552.0 5213.0
4404.0 6826.0
3690.0 2471.0
9554.0 8508.0
9384.0 343.0
3200.0 8816.0
2965.0 5243.0
6273.0 5902.0
9272.0 4696.0
8653.0 9549.0
4047.0 4178.0
305.0 1862.0
3756.0 1952.0
7791.0 3090.0
875.0 9258.0
4478.0 6170.0
9240.0 5767.0
5283.0 6159.0
6485.0 2641.0
9225.0 3172.0
3197.0 8129.0
5668.0 9966.0
809.0 3044.0
2540.0 7780.0
2840.0 6022.0
7329.0 6610.0
6513.0 944.0
4228.0 8507.0
4351.0 1401.0
3211.0 5051.0
7817.0 9592.0
9374.0 2628.0
7559.0 9512.0
3342.0 1650.0
7332.0 6861.0
6102.0 8353.0
1177.0 503.0
4051.0 278.0
5913.0 2900.0
2573.0 9117.0
3522.0 9376.0
9000.0 7003.0
506.0 8614.0
8246.0 4918.0
3745.0 9252.0
6940.0 4334.0
5005.0 9971.0
4398.0 5721.0
8569.0 2957.0
1228.0 55.0
9136.0 3115.0
8900.0 1957.0
9533.0 7927.0
6115.0 5606.0
312.0 5316.0
256.0 7053.0
5768.0 9434.0
4788.0 9053.0
3536.0 6721.0
5890.0 7078.0
7229.0 7139.0
4157.0 7617.0
4282.0 7955.0
9693.0 2421.0
3496.0 9953.0
1414.0 4787.0
9405.0 8492.0
3849.0 6562.0
3028.0 4224.0
7346.0 6974.0
1036.0 917.0
9881.0 6903.0
7967.0 248.0
1406.0 4779.0
8505.0 5933.0
3979.0 2677.0
9427.0 2098.0
3536.0 3792.0
3266.0 3250.0
1593.0 4909.0
8293.0 5768.0
7755.0 9983.0
1828.0 3255.0
6262.0 3482.0
6534.0 650.0
2502.0 4650.0
1682.0 4515.0
7709.0 6238.0
4019.0 9311.0
2740.0 3956.0
5270.0 2113.0
4207.0 5164.0
5855.0 614.0
8811.0 8019.0
6917.0 1786.0
4183.0 4654.0
5194.0 1138.0
7054.0 4570.0
7814.0 4883.0
2089.0 6829.0
6603.0 9941.0
7179.0 2206.0
3966.0 9160.0
3538.0 8938.0
4895.0 1616.0
1402.0 8181.0
2194.0 386.0
4679.0 7827.0
4493.0 2690.0
335.0 5794.0
9100.0 9757.0
857.0 6464.0
4291.0 6332.0
625.0 6331.0
8075.0 2158.0
9490.0 7565.0
3034.0 387.0
9376.0 581.0
9290.0 219.0
2258.0 9257.0
188.0 3725.0
299.0 4929.0
7720.0 9199.0
1498.0 7828.0
7339.0 5915.0
6640.0 7016.0
4143.0 7707.0
5892.0 2555.0
5078.0 5217.0
5854.0 5954.0
4176.0 9216.0
393.0 7582.0
418.0 9888.0
1055.0 2143.0
307.0 9419.0
5420.0 5882.0
9691.0 7829.0
4186.0 1626.0
1933.0 4387.0
307.0 292.0
1979.0 9522.0
6004.0 37.0
8410.0 4574.0
6006.0 6607.0
8036.0 9318.0
7764.0 1107.0
108.0 9608.0
