1
512 1 3.0 0.0 1000.0 3 160 240 100

6.5 13.5 29.3 58.5
13.0 27.0 58.5 117.0
19.5 40.5 87.8 175.5
26.0 54.0 117.0 234.0
39.0 81.0 175.5 351.0
52.0 108.0 234.0 468.0
58.5 121.5 263.3 526.5
65.0 135.0 292.5 585.0
78.0 162.0 351.0 702.0
0.0 180.0 390.0 780.0

2.0 5.0 8.0 11.0
5.0 8.0 11.0 14.0
9.0 12.0 15.0 18.0
11.0 14.0 17.0 20.0
15.0 18.0 21.0 24.0
18.0 21.0 24.0 27.0
20.0 23.0 26.0 29.0
25.0 28.0 31.0 34.0
29.0 32.0 35.0 38.0
0.0 34.0 37.0 40.0

816.0 636.0
1754.0 8587.0
7758.0 3460.0
6307.0 1701.0
870.0 8479.0
2768.0 5596.0
1607.0 4908.0
3933.0 8373.0
2841.0 5904.0
920.0 1318.0
5172.0 4834.0
5279.0 7829.0
5983.0 1838.0
215.0 9159.0
2096.0 6846.0
7989.0 9351.0
9314.0 7648.0
3073.0 4242.0
4694.0 4186.0
3115.0 1934.0
9865.0 2667.0
2310.0 4597.0
6204.0 5659.0
4216.0 4008.0
5198.0 6781.0
3617.0 5681.0
9810.0 1134.0
9472.0 8998.0
5169.0 5095.0
3549.0 3210.0
9408.0 1618.0
1797.0 1689.0
7959.0 9664.0
8026.0 9320.0
7143.0 8899.0
1974.0 418.0
5357.0 3294.0
6332.0 7040.0
2694.0 9756.0
9782.0 90.0
2302.0 420.0
5636.0 8090.0
9319.0 9746.0
8141.0 1005.0
5684.0 43.0
1008.0 8999.0
1664.0 1556.0
5262.0 8514.0
7403.0 5750.0
5949.0 542.0
321.0 2926.0
9805.0 8489.0
6683.0 7793.0
8428.0 5496.0
8151.0 9144.0
4044.0 3618.0
6649.0 2247.0
7427.0 9723.0
3357.0 5111.0
41.0 5518.0
154.0 2232.0
4991.0 1562.0
4326.0 1975.0
3827.0 7667.0
9873.0 6210.0
8793.0 4555.0
1218.0 3338.0
2588.0 4162.0
7649.0 8348.0
196.0 8479.0
9316.0 6026.0
9869.0 9289.0
8093.0 5957.0
2832.0 3711.0
9138.0 444.0
3772.0 2917.0
1457.0 8994.0
6686.0 3905.0
8306.0 5481.0
3169.0 6719.0
744.0 6641.0
2687.0 1993.0
161.0 3008.0
6929.0 6201.0
8094.0 5952.0
2803.0 4504.0
4158.0 6925.0
1136.0 3561.0
5416.0 7567.0
657.0 9207.0
2996.0 1792.0
9334.0 6362.0
4286.0 3500.0
7632.0 1069.0
1521.0 6029.0
763.0 7031.0
93.0 2000.0
9499.0 1540.0
2381.0 4677.0
1617.0 8175.0
5455.0 4474.0
8549.0 6153.0
3439.0 6744.0
4301.0 8716.0
7884.0 9487.0
6226.0 5442.0
1946.0 2105.0
9696.0 5849.0
6710.0 8832.0
1276.0 4191.0
466.0 2986.0
7437.0 7820.0
4265.0 665.0
8402.0 3994.0
9569.0 5014.0
9192.0 2524.0
6326.0 4719.0
2424.0 4134.0
2274.0 2831.0
9959.0 6921.0
6811.0 4579.0
2948.0 5793.0
5246.0 5287.0
2358.0 2277.0
1738.0 2034.0
4545.0 4569.0
1766.0 5198.0
8940.0 220.0
7436.0 8496.0
7434.0 6325.0
1443.0 8679.0
7502.0 4621.0
8022.0 8491.0
3677.0 1349.0
1691.0 9042.0
4405.0 4292.0
7126.0 219.0
3880.0 1843.0
5964.0 268.0
910.0 1508.0
8882.0 8185.0
9399.0 7721.0
3748.0 5046.0
7507.0 1343.0
3175.0 2901.0
5058.0 5742.0
7308.0 2386.0
1269.0 6833.0
140.0 2657.0
7374.0 6951.0
201.0 9803.0
1200.0 4956.0
8927.0 2361.0
3287.0 7442.0
2535.0 5063.0
6596.0 8432.0
5718.0 4455.0
4400.0 7450.0
7993.0 2513.0
3414.0 8346.0
6005.0 6896.0
1731.0 3755.0
7621.0 8965.0
3652.0 2587.0
6126.0 3205.0
5962.0 406.0
5354.0 4168.0
2729.0 5112.0
9053.0 9597.0
8204.0 2772.0
325.0 834.0
9878.0 1026.0
9448.0 4169.0
6273.0 9906.0
911.0 9245.0
6547.0 2488.0
2968.0 3166.0
1462.0 234.0
5549.0 1427.0
7807.0 428.0
4831.0 9313.0
831.0 5564.0
5304.0 9891.0
1767.0 7096.0
2640.0 7224.0
4.0 8411.0
3197.0 5954.0
1997.0 4421.0
8466.0 871.0
1465.0 7648.0
5292.0 2616.0
7960.0 3196.0
5185.0 8132.0
3373.0 7476.0
8538.0 7021.0
8450.0 8085.0
2079.0 7407.0
3880.0 4710.0
370.0 7479.0
3040.0 3442.0
4685.0 1302.0
5953.0 9389.0
5069.0 66.0
6536.0 4959.0
3915.0 2384.0
7711.0 3708.0
1876.0 9784.0
1441.0 2129.0
9421.0 6011.0
3267.0 4265.0
9871.0 1301.0
3421.0 6533.0
2226.0 5224.0
9072.0 2635.0
4603.0 4260.0
4788.0 946.0
1610.0 2718.0
778.0 9258.0
1478.0 8151.0
984.0 4260.0
1255.0 4876.0
5599.0 5649.0
911.0 1760.0
5073.0 7233.0
9644.0 2877.0
5185.0 9933.0
231.0 2190.0
5246.0 4053.0
9725.0 5876.0
4004.0 695.0
7340.0 8443.0
327.0 4726.0
2823.0 1250.0
8226.0 4149.0
1143.0 4585.0
8293.0 3285.0
1822.0 6918.0
124.0 9635.0
3719.0 7469.0
2796.0 6813.0
8593.0 726.0
2973.0 8428.0
9262.0 4035.0
2699.0 296.0
686.0 1911.0
1466.0 873.0
4777.0 3183.0
9613.0 2286.0
2281.0 9628.0
2631.0 6838.0
7529.0 7208.0
8449.0 6392.0
4392.0 3550.0
2259.0 4486.0
4256.0 7810.0
5971.0 3590.0
9334.0 1536.0
1840.0 2369.0
7139.0 1679.0
2364.0 348.0
4441.0 9376.0
1003.0 9845.0
1522.0 641.0
801.0 7578.0
52.0 7596.0
471.0 808.0
405.0 1377.0
26.0 5407.0
6743.0 343.0
515.0 5746.0
676.0 9722.0
4940.0 8763.0
6827.0 1334.0
9925.0 7116.0
6119.0 4517.0
199.0 8788.0
5105.0 1881.0
480.0 3037.0
2164.0 6046.0
1811.0 5067.0
3878.0 5976.0
1933.0 4308.0
7411.0 4040.0
1755.0 3681.0
7217.0 7460.0
2500.0 9742.0
6892.0 242.0
592.0 6076.0
9488.0 4254.0
9855.0 4826.0
2112.0 558.0
3097.0 3754.0
3138.0 4658.0
7641.0 8693.0
2833.0 1763.0
1890.0 3789.0
739.0 728.0
2478.0 4420.0
5618.0 7788.0
4083.0 153.0
6284.0 3720.0
6485.0 7649.0
4140.0 574.0
5921.0 5874.0
749.0 6599.0
313.0 8521.0
6244.0 494.0
449.0 1005.0
6910.0 8627.0
1675.0 1933.0
2760.0 1347.0
3174.0 1417.0
8411.0 7018.0
4398.0 1120.0
3092.0 4924.0
736.0 3416.0
8102.0 659.0
2968.0 9550.0
2542.0 144.0
7593.0 9173.0
625.0 908.0
7594.0 6145.0
6410.0 1755.0
5708.0 7980.0
4260.0 4458.0
4778.0 8819.0
5847.0 3612.0
2248.0 8322.0
7035.0 3273.0
8385.0 1338.0
455.0 1524.0
283.0 5774.0
2084.0 6595.0
6231.0 8500.0
2664.0 668.0
7506.0 1716.0
7270.0 16.0
7174.0 4632.0
8850.0 2577.0
7950.0 7865.0
4062.0 6631.0
3711.0 417.0
2219.0 6692.0
1712.0 1635.0
673.0 5250.0
5087.0 3026.0
2449.0 1498.0
7697.0 7309.0
4454.0 686.0
5908.0 4589.0
7085.0 214.0
4354.0 8038.0
8545.0 1115.0
5267.0 3965.0
9699.0 6060.0
3434.0 3655.0
7784.0 7501.0
1369.0 6855.0
9797.0 2103.0
1744.0 9313.0
8875.0 93.0
6675.0 9215.0
9497.0 655.0
5917.0 9943.0
9817.0 7000.0
8544.0 9003.0
1957.0 7259.0
5187.0 5530.0
3580.0 9820.0
390.0 1240.0
6557.0 4237.0
7170.0 2212.0
1053.0 1359.0
8339.0 1393.0
5852.0 8803.0
1658.0 4196.0
8240.0 402.0
8405.0 2080.0
9267.0 762.0
7413.0 1497.0
2713.0 8568.0
9160.0 8088.0
8563.0 4761.0
6975.0 8500.0
4333.0 4228.0
4927.0 4726.0
52.0 2127.0
4479.0 8334.0
5219.0 8495.0
4466.0 4479.0
8574.0 7260.0
1472.0 8074.0
3977.0 8287.0
177.0 7001.0
8234.0 3609.0
5745.0 9759.0
9188.0 1454.0
2813.0 7413.0
4887.0 4212.0
8172.0 2235.0
7157.0 8982.0
6689.0 7932.0
5395.0 1806.0
2552.0 8813.0
8912.0 9263.0
410.0 7816.0
8630.0 3510.0
3465.0 5747.0
1470.0 9440.0
8104.0 6629.0
3240.0 5074.0
7130.0 6541.0
8350.0 8815.0
6160.0 5827.0
7171.0 9708.0
276.0 7064.0
4357.0 9334.0
476.0 3664.0
3952.0 6467.0
2019.0 6497.0
9610.0 8138.0
9215.0 8420.0
729.0 3220.0
3744.0 9089.0
7840.0 7190.0
6067.0 4945.0
3061.0 9179.0
1999.0 1745.0
3937.0 4962.0
9021.0 9531.0
1481.0 2005.0
9393.0 2422.0
5758.0 5207.0
9644.0 8094.0
4800.0 4480.0
8506.0 4357.0
5198.0 7783.0
7867.0 2687.0
5182.0 5754.0
3805.0 1111.0
3506.0 6568.0
7282.0 1324.0
9968.0 2158.0
6564.0 7424.0
5872.0 9426.0
5939.0 6132.0
5266.0 2586.0
7798.0 908.0
266.0 5258.0
7661.0 4816.0
6292.0 3457.0
4202.0 9546.0
5533.0 3111.0
8860.0 453.0
9468.0 8232.0
2095.0 18.0
3749.0 8372.0
5863.0 4597.0
1286.0 6516.0
4380.0 1845.0
1835.0 1017.0
7746.0 8710.0
8924.0 7724.0
5500.0 2354.0
7428.0 939.0
9674.0 8913.0
7617.0 4313.0
9415.0 7461.0
4004.0 5345.0
1753.0 9058.0
9793.0 9591.0
5574.0 3282.0
274.0 3226.0
8382.0 7113.0
962.0 5096.0
7904.0 3554.0
8818.0 1887.0
3123.0 9878.0
7362.0 2541.0
1803.0 7882.0
8995.0 561.0
4072.0 1017.0
369.0 5331.0
4144.0 5807.0
9097.0 6084.0
4738.0 7405.0
2657.0 4654.0
1279.0 1693.0
2771.0 5643.0
5432.0 8803.0
1122.0 5135.0
61.0 5431.0
4690.0 1595.0
164.0 5849.0
1558.0 5071.0
6867.0 3970.0
489.0 3356.0
4045.0 1373.0
100.0 6222.0
9632.0 8661.0
5957.0 1361.0
6202.0 28.0
6410.0 8185.0
7886.0 3430.0
482.0 8089.0
3192.0 1241.0
3638.0 2333.0
5807.0 8763.0
9760.0 1167.0
7936.0 492.0
129.0 326.0
3274.0 6512.0

820.0 642.0
1760.0 8592.0
7763.0 3466.0
6313.0 1706.0
876.0 8483.0
2773.0 5602.0
1613.0 4912.0
3938.0 8379.0
2847.0 5909.0
924.0 1324.0
5176.0 4839.0
5285.0 7835.0
5988.0 1843.0
219.0 9165.0
2101.0 6851.0
7994.0 9355.0
9320.0 7652.0
3077.0 4247.0
4699.0 4191.0
3120.0 1938.0
9869.0 2673.0
2315.0 4601.0
6209.0 5665.0
4222.0 4013.0
5202.0 6787.0
3621.0 5686.0
9815.0 1140.0
9477.0 9003.0
5175.0 5099.0
3554.0 3215.0
9414.0 1624.0
1803.0 1694.0
7964.0 9668.0
8031.0 9326.0
7148.0 8903.0
1980.0 423.0
5362.0 3299.0
6338.0 7046.0
2699.0 9761.0
9787.0 95.0
2307.0 425.0
5641.0 8094.0
9324.0 9750.0
8146.0 1009.0
5689.0 48.0
1013.0 9003.0
1670.0 1562.0
5266.0 8519.0
7408.0 5755.0
5954.0 547.0
327.0 2932.0
9810.0 8493.0
6689.0 7798.0
8434.0 5501.0
8155.0 9148.0
4050.0 3624.0
6655.0 2251.0
7433.0 9728.0
3363.0 5116.0
46.0 5523.0
159.0 2237.0
4996.0 1568.0
4331.0 1979.0
3832.0 7672.0
9878.0 6215.0
8799.0 4559.0
1222.0 3342.0
2593.0 4167.0
7654.0 8354.0
202.0 8484.0
9321.0 6030.0
9873.0 9294.0
8098.0 5963.0
2837.0 3716.0
9144.0 450.0
3776.0 2922.0
1462.0 9000.0
6691.0 3909.0
8312.0 5486.0
3173.0 6724.0
750.0 6645.0
2691.0 1999.0
165.0 3014.0
6934.0 6205.0
8099.0 5957.0
2808.0 4509.0
4164.0 6929.0
1142.0 3566.0
5420.0 7572.0
663.0 9212.0
3001.0 1796.0
9338.0 6367.0
4292.0 3504.0
7636.0 1074.0
1527.0 6035.0
768.0 7036.0
99.0 2005.0
9504.0 1544.0
2386.0 4682.0
1622.0 8180.0
5461.0 4479.0
8554.0 6158.0
3445.0 6750.0
4307.0 8721.0
7889.0 9492.0
6230.0 5447.0
1951.0 2111.0
9700.0 5854.0
6715.0 8838.0
1281.0 4197.0
470.0 2991.0
7442.0 7825.0
4270.0 669.0
8408.0 3999.0
9575.0 5018.0
9198.0 2529.0
6332.0 4723.0
2430.0 4139.0
2279.0 2836.0
9964.0 6927.0
6817.0 4585.0
2953.0 5799.0
5251.0 5291.0
2364.0 2283.0
1742.0 2040.0
4550.0 4574.0
1771.0 5203.0
8945.0 225.0
7441.0 8501.0
7440.0 6330.0
1448.0 8685.0
7506.0 4626.0
8028.0 8497.0
3682.0 1354.0
1696.0 9046.0
4410.0 4297.0
7132.0 224.0
3886.0 1849.0
5970.0 272.0
915.0 1513.0
8887.0 8190.0
9403.0 7726.0
3754.0 5052.0
7512.0 1347.0
3179.0 2906.0
5063.0 5747.0
7312.0 2391.0
1275.0 6838.0
145.0 2661.0
7379.0 6957.0
207.0 9807.0
1206.0 4960.0
8931.0 2366.0
3291.0 7447.0
2540.0 5068.0
6600.0 8438.0
5722.0 4459.0
4404.0 7454.0
7998.0 2517.0
3418.0 8351.0
6011.0 6901.0
1736.0 3760.0
7626.0 8971.0
3656.0 2591.0
6131.0 3211.0
5966.0 411.0
5359.0 4174.0
2733.0 5117.0
9057.0 9603.0
8209.0 2777.0
330.0 838.0
9883.0 1031.0
9453.0 4174.0
6277.0 9912.0
916.0 9250.0
6552.0 2493.0
2972.0 3170.0
1467.0 239.0
5553.0 1432.0
7811.0 434.0
4835.0 9318.0
835.0 5570.0
5309.0 9896.0
1771.0 7102.0
2644.0 7229.0
9.0 8415.0
3202.0 5959.0
2001.0 4425.0
8470.0 876.0
1470.0 7654.0
5296.0 2621.0
7964.0 3201.0
5190.0 8137.0
3378.0 7481.0
8542.0 7025.0
8454.0 8090.0
2083.0 7413.0
3884.0 4715.0
376.0 7485.0
3045.0 3447.0
4691.0 1307.0
5958.0 9394.0
5073.0 70.0
6541.0 4965.0
3919.0 2388.0
7716.0 3713.0
1882.0 9790.0
1447.0 2134.0
9427.0 6017.0
3272.0 4269.0
9875.0 1306.0
3426.0 6538.0
2231.0 5229.0
9078.0 2639.0
4607.0 4265.0
4793.0 951.0
1615.0 2723.0
782.0 9262.0
1483.0 8156.0
990.0 4264.0
1261.0 4882.0
5603.0 5655.0
916.0 1765.0
5078.0 7239.0
9648.0 2881.0
5190.0 9938.0
235.0 2196.0
5250.0 4057.0
9730.0 5880.0
4008.0 701.0
7345.0 8447.0
333.0 4732.0
2829.0 1256.0
8232.0 4153.0
1148.0 4589.0
8299.0 3290.0
1826.0 6922.0
130.0 9641.0
3724.0 7475.0
2800.0 6819.0
8598.0 731.0
2978.0 8433.0
9266.0 4040.0
2705.0 301.0
692.0 1915.0
1472.0 878.0
4781.0 3189.0
9618.0 2291.0
2287.0 9632.0
2636.0 6843.0
7534.0 7213.0
8454.0 6397.0
4398.0 3555.0
2263.0 4491.0
4261.0 7814.0
5977.0 3596.0
9340.0 1541.0
1845.0 2375.0
7144.0 1685.0
2369.0 353.0
4446.0 9381.0
1009.0 9850.0
1528.0 647.0
806.0 7583.0
56.0 7602.0
475.0 813.0
411.0 1382.0
30.0 5412.0
6748.0 348.0
519.0 5752.0
680.0 9727.0
4944.0 8767.0
6831.0 1340.0
9929.0 7121.0
6124.0 4522.0
205.0 8792.0
5109.0 1885.0
484.0 3042.0
2169.0 6052.0
1817.0 5071.0
3883.0 5981.0
1938.0 4313.0
7417.0 4044.0
1761.0 3685.0
7222.0 7466.0
2505.0 9747.0
6897.0 246.0
596.0 6080.0
9492.0 4258.0
9860.0 4831.0
2116.0 563.0
3102.0 3758.0
3142.0 4663.0
7646.0 8697.0
2838.0 1767.0
1896.0 3794.0
744.0 734.0
2482.0 4425.0
5622.0 7793.0
4087.0 157.0
6289.0 3725.0
6490.0 7655.0
4145.0 580.0
5927.0 5879.0
753.0 6604.0
317.0 8526.0
6248.0 500.0
454.0 1009.0
6914.0 8632.0
1680.0 1937.0
2765.0 1352.0
3178.0 1423.0
8417.0 7024.0
4403.0 1125.0
3097.0 4929.0
740.0 3420.0
8106.0 665.0
2973.0 9556.0
2548.0 150.0
7599.0 9177.0
630.0 914.0
7599.0 6151.0
6414.0 1760.0
5712.0 7985.0
4265.0 4463.0
4783.0 8824.0
5852.0 3617.0
2252.0 8326.0
7041.0 3278.0
8389.0 1344.0
460.0 1529.0
289.0 5780.0
2088.0 6599.0
6237.0 8505.0
2669.0 673.0
7512.0 1721.0
7276.0 22.0
7180.0 4638.0
8856.0 2582.0
7954.0 7869.0
4068.0 6635.0
3716.0 422.0
2224.0 6697.0
1717.0 1641.0
679.0 5255.0
5092.0 3032.0
2453.0 1502.0
7701.0 7313.0
4459.0 691.0
5912.0 4594.0
7089.0 219.0
4358.0 8043.0
8550.0 1120.0
5272.0 3971.0
9704.0 6064.0
3438.0 3659.0
7789.0 7505.0
1375.0 6859.0
9803.0 2108.0
1749.0 9318.0
8881.0 98.0
6680.0 9219.0
9501.0 661.0
5922.0 9948.0
9822.0 7004.0
8549.0 9007.0
1962.0 7264.0
5191.0 5536.0
3586.0 9826.0
394.0 1246.0
6563.0 4243.0
7174.0 2216.0
1057.0 1363.0
8344.0 1399.0
5856.0 8808.0
1664.0 4201.0
8244.0 407.0
8410.0 2085.0
9272.0 768.0
7418.0 1501.0
2717.0 8572.0
9165.0 8094.0
8569.0 4767.0
6980.0 8504.0
4338.0 4232.0
4932.0 4732.0
57.0 2133.0
4484.0 8339.0
5225.0 8501.0
4471.0 4483.0
8579.0 7265.0
1477.0 8078.0
3982.0 8292.0
182.0 7005.0
8238.0 3613.0
5749.0 9764.0
9192.0 1460.0
2818.0 7418.0
4893.0 4216.0
8177.0 2240.0
7162.0 8988.0
6693.0 7938.0
5400.0 1810.0
2556.0 8818.0
8918.0 9269.0
415.0 7822.0
8635.0 3515.0
3470.0 5752.0
1476.0 9446.0
8110.0 6634.0
3245.0 5079.0
7136.0 6547.0
8355.0 8821.0
6165.0 5833.0
7175.0 9713.0
282.0 7069.0
4361.0 9339.0
480.0 3669.0
3958.0 6471.0
2025.0 6502.0
9614.0 8143.0
9220.0 8426.0
735.0 3225.0
3749.0 9093.0
7845.0 7196.0
6072.0 4949.0
3066.0 9184.0
2004.0 1750.0
3943.0 4966.0
9026.0 9536.0
1485.0 2009.0
9399.0 2427.0
5762.0 5213.0
9649.0 8100.0
4804.0 4486.0
8512.0 4362.0
5203.0 7788.0
7873.0 2692.0
5188.0 5759.0
3811.0 1116.0
3512.0 6573.0
7287.0 1330.0
9973.0 2163.0
6570.0 7429.0
5876.0 9430.0
5944.0 6137.0
5270.0 2591.0
7803.0 912.0
271.0 5262.0
7665.0 4820.0
6298.0 3462.0
4208.0 9550.0
5539.0 3115.0
8865.0 457.0
9474.0 8236.0
2100.0 24.0
3754.0 8376.0
5868.0 4602.0
1292.0 6520.0
4384.0 1849.0
1840.0 1021.0
7750.0 8715.0
8928.0 7729.0
5506.0 2359.0
7433.0 944.0
9678.0 8918.0
7622.0 4318.0
9419.0 7466.0
4008.0 5350.0
1759.0 9063.0
9798.0 9595.0
5579.0 3286.0
280.0 3231.0
8388.0 7117.0
967.0 5101.0
7908.0 3560.0
8823.0 1893.0
3128.0 9882.0
7368.0 2545.0
1808.0 7887.0
9000.0 567.0
4076.0 1022.0
374.0 5337.0
4148.0 5811.0
9101.0 6088.0
4742.0 7411.0
2661.0 4658.0
1284.0 1698.0
2775.0 5648.0
5438.0 8808.0
1127.0 5141.0
66.0 5436.0
4695.0 1601.0
169.0 5855.0
1564.0 5077.0
6872.0 3975.0
495.0 3362.0
4050.0 1379.0
104.0 6227.0
9637.0 8666.0
5962.0 1366.0
6208.0 33.0
6416.0 8190.0
7890.0 3435.0
486.0 8093.0
3198.0 1247.0
3644.0 2337.0
5812.0 8767.0
9766.0 1173.0
7941.0 496.0
135.0 330.0
3280.0 6517.0
