1
512 1 3.0 0.0 1000.0 3 160 240 100

6.5 13.5 29.3 58.5
13.0 27.0 58.5 117.0
19.5 40.5 87.8 175.5
26.0 54.0 117.0 234.0
39.0 81.0 175.5 351.0
52.0 108.0 234.0 468.0
58.5 121.5 263.3 526.5
65.0 135.0 292.5 585.0
78.0 162.0 351.0 702.0
0.0 180.0 390.0 780.0

2.0 5.0 8.0 11.0
5.0 8.0 11.0 14.0
9.0 12.0 15.0 18.0
11.0 14.0 17.0 20.0
15.0 18.0 21.0 24.0
18.0 21.0 24.0 27.0
20.0 23.0 26.0 29.0
25.0 28.0 31.0 34.0
29.0 32.0 35.0 38.0
0.0 34.0 37.0 40.0

2761.0 3541.0
9149.0 3901.0
7891.0 2187.0
9934.0 531.0
7947.0 5710.0
6285.0 1150.0
2820.0 8957.0
7271.0 8120.0
3756.0 5045.0
4986.0 1709.0
1690.0 4911.0
3686.0 7296.0
8339.0 7161.0
8045.0 9398.0
885.0 4356.0
7587.0 4882.0
3552.0 4376.0
6867.0 258.0
1909.0 7984.0
3480.0 421.0
8216.0 6228.0
8447.0 8746.0
8635.0 3811.0
6076.0 900.0
5621.0 7069.0
2848.0 7255.0
1324.0 7675.0
7401.0 1306.0
303.0 5725.0
6196.0 3945.0
2399.0 8309.0
1914.0 5997.0
9063.0 2231.0
4174.0 3900.0
8973.0 1984.0
4632.0 5892.0
1257.0 6633.0
1028.0 8610.0
7140.0 1723.0
7267.0 6479.0
3338.0 4859.0
9082.0 8760.0
3020.0 6080.0
7369.0 1657.0
2655.0 6665.0
3756.0 5354.0
5564.0 2500.0
5472.0 8378.0
5509.0 648.0
9096.0 4148.0
6115.0 240.0
5253.0 7125.0
4474.0 1331.0
8815.0 8411.0
9729.0 7859.0
1701.0 3206.0
9969.0 3315.0
7829.0 4999.0
3253.0 289.0
2287.0 3864.0
1086.0 7503.0
9317.0 8760.0
5159.0 468.0
6146.0 6211.0
685.0 4402.0
2277.0 247.0
2140.0 542.0
6266.0 986.0
9738.0 9479.0
4596.0 1759.0
7457.0 7645.0
9685.0 7125.0
5934.0 5601.0
6623.0 6701.0
6052.0 9240.0
695.0 2156.0
1542.0 7544.0
258.0 7265.0
1412.0 3039.0
2057.0 3416.0
5533.0 3563.0
8535.0 5427.0
9195.0 6489.0
9217.0 5085.0
4957.0 9042.0
730.0 2267.0
2612.0 826.0
2538.0 6041.0
581.0 7211.0
7961.0 616.0
4568.0 4703.0
2535.0 3539.0
1781.0 1933.0
4308.0 6009.0
1557.0 2392.0
3116.0 7700.0
5695.0 7560.0
8432.0 970.0
4324.0 1542.0
7837.0 1837.0
5632.0 862.0
707.0 7616.0
270.0 5528.0
4160.0 3584.0
3743.0 25.0
859.0 3574.0
2631.0 5350.0
719.0 1857.0
2939.0 5721.0
1109.0 6226.0
1405.0 6117.0
2597.0 4630.0
3083.0 9243.0
9831.0 272.0
1035.0 3094.0
9607.0 2532.0
6425.0 2716.0
711.0 3612.0
9862.0 2322.0
2585.0 3269.0
7301.0 6379.0
2416.0 6548.0
6319.0 808.0
2686.0 1858.0
1093.0 7929.0
3776.0 9311.0
6897.0 1281.0
8689.0 1685.0
7441.0 8947.0
9460.0 2900.0
864.0 6527.0
7317.0 1390.0
2715.0 3383.0
1180.0 8252.0
6735.0 8288.0
1552.0 2560.0
6748.0 3121.0
9382.0 8719.0
5513.0 5730.0
1967.0 3250.0
8819.0 5606.0
462.0 880.0
5676.0 8489.0
6068.0 2328.0
7902.0 8550.0
4477.0 8663.0
4930.0 9278.0
630.0 9626.0
2169.0 6699.0
8372.0 5787.0
3714.0 1071.0
2060.0 6929.0
2752.0 5676.0
9712.0 1536.0
5465.0 3854.0
9750.0 4772.0
6760.0 7895.0
5921.0 4835.0
8642.0 5947.0
7451.0 60.0
4556.0 5542.0
4028.0 1665.0
5508.0 4900.0
7647.0 9514.0
6296.0 5628.0
5926.0 785.0
2667.0 2952.0
3938.0 3926.0
2716.0 2112.0
4134.0 2778.0
8359.0 2063.0
6438.0 8248.0
5185.0 95.0
3067.0 7423.0
1518.0 3524.0
5166.0 2491.0
12.0 7082.0
813.0 4377.0
7583.0 7126.0
6463.0 8447.0
2016.0 6319.0
6425.0 2188.0
6063.0 4904.0
7402.0 7233.0
2343.0 7196.0
7711.0 619.0
4873.0 4453.0
3212.0 2656.0
5553.0 7720.0
4540.0 1299.0
6413.0 6815.0
2709.0 5394.0
958.0 4062.0
2647.0 1692.0
414.0 3928.0
6739.0 3002.0
3217.0 2171.0
2955.0 7382.0
8540.0 658.0
4619.0 733.0
7196.0 6462.0
1401.0 7689.0
5742.0 6391.0
3597.0 8187.0
2075.0 569.0
4267.0 9594.0
3382.0 1201.0
6309.0 6775.0
9723.0 5171.0
4023.0 4990.0
9103.0 1583.0
1254.0 3000.0
2324.0 7894.0
674.0 6255.0
8461.0 765.0
1271.0 2567.0
4264.0 270.0
3622.0 5136.0
3319.0 8580.0
5022.0 309.0
3278.0 6779.0
9026.0 9970.0
1990.0 5917.0
6490.0 929.0
5844.0 957.0
7674.0 6205.0
6147.0 8736.0
7477.0 5571.0
1854.0 3571.0
8370.0 5260.0
9484.0 6657.0
8115.0 9203.0
3522.0 7869.0
1814.0 6690.0
3140.0 1120.0
384.0 3828.0
3562.0 6896.0
4.0 8686.0
2875.0 8109.0
9634.0 2508.0
7625.0 7888.0
6138.0 1879.0
3010.0 458.0
9121.0 9214.0
5985.0 8725.0
23.0 1478.0
2119.0 4711.0
2547.0 9492.0
9491.0 1462.0
4000.0 2725.0
5485.0 7570.0
9606.0 6953.0
4771.0 7933.0
4367.0 4662.0
9310.0 6901.0
9542.0 581.0
3699.0 2416.0
3315.0 7230.0
1679.0 2312.0
7714.0 7862.0
2115.0 6374.0
6371.0 6683.0
5291.0 310.0
166.0 8734.0
2808.0 267.0
351.0 4319.0
6942.0 9014.0
1207.0 5355.0
7749.0 7433.0
6814.0 3538.0
8764.0 7451.0
9000.0 2694.0
4593.0 5039.0
6034.0 215.0
6230.0 4417.0
4154.0 4942.0
2425.0 7101.0
6469.0 1398.0
7905.0 1908.0
6332.0 2741.0
1780.0 4577.0
4745.0 7321.0
1964.0 8119.0
3858.0 6233.0
3905.0 7531.0
1147.0 1739.0
4469.0 5023.0
1335.0 8939.0
4287.0 4363.0
5616.0 5590.0
4391.0 5507.0
276.0 7440.0
5443.0 3111.0
9253.0 8965.0
407.0 5089.0
7734.0 1896.0
3954.0 9827.0
6334.0 6410.0
4442.0 3201.0
7947.0 2376.0
6774.0 9020.0
1829.0 538.0
6975.0 9039.0
1985.0 6010.0
1783.0 1166.0
9434.0 8973.0
9100.0 6993.0
412.0 9961.0
7602.0 2297.0
5104.0 9603.0
6346.0 6634.0
3948.0 5221.0
7673.0 653.0
1102.0 9159.0
9256.0 2285.0
7142.0 6221.0
3583.0 5407.0
5547.0 115.0
5720.0 7151.0
58.0 1268.0
2658.0 2458.0
2474.0 907.0
72.0 7029.0
2957.0 8793.0
4811.0 2301.0
7408.0 4470.0
3938.0 8578.0
9002.0 4434.0
3643.0 4957.0
3432.0 97.0
3845.0 7169.0
9954.0 3923.0
6808.0 6983.0
2776.0 3624.0
589.0 9298.0
9891.0 6805.0
636.0 5548.0
8904.0 924.0
5362.0 4575.0
1927.0 5970.0
4008.0 4576.0
4119.0 9729.0
7627.0 2279.0
2937.0 8015.0
6493.0 7966.0
7664.0 4773.0
9767.0 7486.0
1295.0 9410.0
5743.0 4881.0
9340.0 1252.0
3477.0 1767.0
2620.0 3504.0
9144.0 2100.0
3629.0 1603.0
2922.0 3452.0
8524.0 3334.0
4729.0 8449.0
9322.0 608.0
9649.0 2473.0
3371.0 5266.0
6339.0 6300.0
9660.0 3815.0
4263.0 4768.0
4048.0 8452.0
8055.0 5138.0
7978.0 4282.0
9850.0 1262.0
7738.0 5104.0
2877.0 2200.0
3859.0 2637.0
2168.0 6416.0
2699.0 6595.0
667.0 5184.0
4797.0 5462.0
1592.0 1344.0
7062.0 377.0
347.0 2028.0
8367.0 6996.0
1815.0 6505.0
624.0 2718.0
1355.0 2760.0
9899.0 9159.0
309.0 8961.0
4654.0 2259.0
9361.0 8420.0
667.0 4896.0
5544.0 9209.0
4713.0 9398.0
1238.0 2045.0
1578.0 9839.0
5962.0 2580.0
1467.0 6485.0
4292.0 6736.0
7378.0 7295.0
5716.0 209.0
4523.0 3842.0
4753.0 5784.0
6354.0 1548.0
2155.0 4580.0
4266.0 6605.0
513.0 9874.0
556.0 4484.0
79.0 4630.0
6700.0 7383.0
3138.0 6356.0
1519.0 538.0
7743.0 5441.0
6308.0 9738.0
4126.0 5586.0
6495.0 4959.0
9625.0 7481.0
1904.0 7486.0
424.0 9338.0
190.0 397.0
946.0 435.0
511.0 4819.0
4206.0 6289.0
7019.0 6806.0
8953.0 6594.0
4232.0 2247.0
1912.0 9567.0
8854.0 9674.0
5959.0 8817.0
5133.0 3357.0
7534.0 1381.0
3291.0 1568.0
9133.0 8065.0
3141.0 7398.0
5170.0 9707.0
7419.0 2004.0
2063.0 5508.0
1938.0 2681.0
5833.0 2058.0
2102.0 630.0
3061.0 4193.0
7874.0 5806.0
3512.0 1313.0
1762.0 8739.0
5238.0 5293.0
6879.0 1699.0
5503.0 8625.0
4675.0 4093.0
3327.0 3919.0
4385.0 9479.0
1985.0 8394.0
8776.0 4073.0
2273.0 9504.0
3264.0 9142.0
9863.0 312.0
7965.0 2150.0
2572.0 5763.0
4758.0 4062.0
5860.0 3479.0
3925.0 2669.0
7376.0 5212.0
7434.0 4321.0
3880.0 7588.0
8452.0 8963.0
6351.0 3270.0
9134.0 5845.0
1613.0 6181.0
1284.0 9783.0
1289.0 6917.0
6937.0 378.0
1410.0 6976.0
8446.0 9044.0
8493.0 2941.0
134.0 1260.0
413.0 4261.0
6096.0 3899.0
2896.0 736.0
1201.0 38.0
4935.0 8366.0
4884.0 6126.0
8965.0 4682.0
9785.0 8887.0
4111.0 7194.0
9815.0 1846.0
3336.0 1093.0
4704.0 3860.0
7795.0 4833.0
625.0 4544.0
4231.0 4733.0
8941.0 3953.0
3723.0 2231.0
7659.0 6432.0
2613.0 9908.0
2657.0 991.0
8927.0 4946.0
8256.0 3110.0
114.0 1117.0
9207.0 5336.0
416.0 2964.0
8654.0 6568.0
8709.0 8288.0
9167.0 2414.0
103.0 7588.0
6385.0 1492.0
7157.0 1573.0
7364.0 5065.0
8999.0 394.0
8189.0 9897.0
9194.0 716.0
7919.0 6705.0
5662.0 9266.0
8439.0 9087.0
8485.0 3997.0
2294.0 323.0
3904.0 6490.0
3061.0 7919.0
5338.0 1737.0
5347.0 8282.0

2765.0 3546.0
9154.0 3906.0
7896.0 2192.0
9940.0 536.0
7952.0 5716.0
6290.0 1155.0
2825.0 8962.0
7276.0 8125.0
3761.0 5049.0
4990.0 1714.0
1695.0 4916.0
3692.0 7301.0
8344.0 7166.0
8051.0 9403.0
891.0 4361.0
7593.0 4887.0
3556.0 4380.0
6872.0 262.0
1914.0 7988.0
3485.0 426.0
8220.0 6234.0
8451.0 8751.0
8640.0 3816.0
6082.0 905.0
5627.0 7075.0
2853.0 7260.0
1329.0 7680.0
7406.0 1311.0
308.0 5729.0
6201.0 3951.0
2404.0 8315.0
1919.0 6002.0
9068.0 2235.0
4178.0 3904.0
8977.0 1989.0
4637.0 5897.0
1262.0 6637.0
1032.0 8615.0
7145.0 1728.0
7272.0 6485.0
3344.0 4864.0
9087.0 8765.0
3024.0 6085.0
7374.0 1663.0
2660.0 6670.0
3761.0 5358.0
5569.0 2505.0
5476.0 8382.0
5514.0 653.0
9102.0 4153.0
6121.0 244.0
5257.0 7131.0
4480.0 1336.0
8820.0 8416.0
9734.0 7863.0
1706.0 3211.0
9974.0 3320.0
7835.0 5004.0
3259.0 295.0
2293.0 3869.0
1092.0 7509.0
9323.0 8766.0
5165.0 473.0
6151.0 6216.0
690.0 4407.0
2283.0 252.0
2145.0 547.0
6272.0 992.0
9742.0 9483.0
4601.0 1764.0
7462.0 7650.0
9691.0 7130.0
5939.0 5605.0
6627.0 6705.0
6057.0 9244.0
699.0 2162.0
1547.0 7548.0
263.0 7270.0
1418.0 3045.0
2063.0 3421.0
5538.0 3568.0
8540.0 5432.0
9200.0 6493.0
9222.0 5089.0
4963.0 9047.0
736.0 2271.0
2617.0 831.0
2542.0 6046.0
586.0 7215.0
7965.0 620.0
4572.0 4707.0
2540.0 3544.0
1787.0 1938.0
4313.0 6014.0
1563.0 2396.0
3121.0 7706.0
5699.0 7565.0
8437.0 975.0
4329.0 1547.0
7842.0 1842.0
5637.0 867.0
712.0 7621.0
275.0 5534.0
4165.0 3590.0
3748.0 31.0
865.0 3580.0
2636.0 5355.0
723.0 1862.0
2945.0 5725.0
1114.0 6231.0
1409.0 6121.0
2602.0 4635.0
3087.0 9249.0
9835.0 278.0
1040.0 3100.0
9611.0 2537.0
6429.0 2721.0
715.0 3617.0
9866.0 2327.0
2590.0 3274.0
7306.0 6385.0
2421.0 6554.0
6323.0 813.0
2690.0 1862.0
1098.0 7934.0
3780.0 9317.0
6903.0 1286.0
8694.0 1690.0
7445.0 8952.0
9465.0 2905.0
870.0 6532.0
7321.0 1396.0
2721.0 3387.0
1185.0 8256.0
6740.0 8294.0
1558.0 2564.0
6753.0 3126.0
9386.0 8724.0
5517.0 5734.0
1973.0 3255.0
8823.0 5611.0
466.0 885.0
5681.0 8494.0
6072.0 2333.0
7908.0 8555.0
4483.0 8669.0
4935.0 9284.0
635.0 9631.0
2175.0 6703.0
8376.0 5791.0
3720.0 1077.0
2066.0 6934.0
2757.0 5681.0
9718.0 1540.0
5469.0 3858.0
9756.0 4778.0
6765.0 7899.0
5926.0 4840.0
8648.0 5951.0
7455.0 65.0
4560.0 5546.0
4034.0 1670.0
5513.0 4906.0
7651.0 9519.0
6301.0 5633.0
5931.0 790.0
2673.0 2956.0
3942.0 3932.0
2722.0 2117.0
4139.0 2782.0
8363.0 2068.0
6442.0 8254.0
5190.0 99.0
3072.0 7427.0
1523.0 3529.0
5171.0 2497.0
16.0 7087.0
819.0 4381.0
7588.0 7131.0
6467.0 8452.0
2020.0 6324.0
6429.0 2194.0
6067.0 4909.0
7408.0 7239.0
2348.0 7201.0
7716.0 624.0
4878.0 4458.0
3218.0 2660.0
5557.0 7726.0
4545.0 1303.0
6418.0 6821.0
2715.0 5398.0
963.0 4066.0
2653.0 1698.0
420.0 3933.0
6743.0 3008.0
3221.0 2175.0
2960.0 7386.0
8545.0 663.0
4624.0 738.0
7201.0 6467.0
1405.0 7695.0
5746.0 6396.0
3602.0 8192.0
2080.0 575.0
4271.0 9599.0
3387.0 1206.0
6313.0 6780.0
9727.0 5176.0
4028.0 4994.0
9109.0 1587.0
1259.0 3006.0
2329.0 7899.0
678.0 6259.0
8466.0 769.0
1276.0 2571.0
4270.0 275.0
3627.0 5142.0
3324.0 8585.0
5028.0 314.0
3283.0 6785.0
9031.0 9975.0
1996.0 5922.0
6495.0 934.0
5849.0 962.0
7680.0 6211.0
6153.0 8740.0
7482.0 5577.0
1859.0 3576.0
8374.0 5265.0
9489.0 6663.0
8119.0 9208.0
3526.0 7874.0
1820.0 6695.0
3145.0 1125.0
389.0 3832.0
3567.0 6902.0
8.0 8691.0
2881.0 8115.0
9640.0 2513.0
7630.0 7893.0
6142.0 1884.0
3014.0 462.0
9126.0 9219.0
5990.0 8731.0
28.0 1482.0
2123.0 4717.0
2551.0 9498.0
9496.0 1468.0
4005.0 2729.0
5491.0 7575.0
9611.0 6957.0
4776.0 7938.0
4373.0 4666.0
9315.0 6907.0
9546.0 585.0
3703.0 2420.0
3321.0 7235.0
1684.0 2318.0
7718.0 7867.0
2121.0 6379.0
6376.0 6689.0
5295.0 316.0
171.0 8739.0
2813.0 273.0
355.0 4323.0
6947.0 9019.0
1213.0 5360.0
7754.0 7439.0
6819.0 3543.0
8769.0 7455.0
9005.0 2699.0
4598.0 5044.0
6038.0 220.0
6235.0 4422.0
4159.0 4946.0
2429.0 7106.0
6475.0 1403.0
7910.0 1914.0
6338.0 2745.0
1785.0 4583.0
4749.0 7326.0
1970.0 8125.0
3864.0 6239.0
3909.0 7535.0
1152.0 1744.0
4474.0 5027.0
1340.0 8944.0
4293.0 4368.0
5622.0 5595.0
4397.0 5512.0
281.0 7444.0
5447.0 3116.0
9258.0 8970.0
412.0 5095.0
7739.0 1900.0
3959.0 9831.0
6340.0 6414.0
4448.0 3206.0
7951.0 2381.0
6778.0 9025.0
1833.0 543.0
6980.0 9044.0
1991.0 6015.0
1788.0 1172.0
9439.0 8978.0
9105.0 6997.0
416.0 9965.0
7608.0 2303.0
5108.0 9609.0
6350.0 6639.0
3954.0 5226.0
7678.0 659.0
1107.0 9164.0
9262.0 2291.0
7147.0 6226.0
3589.0 5412.0
5551.0 120.0
5725.0 7157.0
62.0 1274.0
2662.0 2464.0
2479.0 911.0
77.0 7033.0
2962.0 8799.0
4817.0 2307.0
7414.0 4475.0
3943.0 8582.0
9006.0 4439.0
3649.0 4962.0
3438.0 103.0
3849.0 7174.0
9959.0 3928.0
6813.0 6989.0
2781.0 3629.0
594.0 9304.0
9895.0 6811.0
641.0 5553.0
8909.0 929.0
5368.0 4580.0
1931.0 5975.0
4014.0 4582.0
4124.0 9734.0
7631.0 2283.0
2942.0 8020.0
6498.0 7971.0
7668.0 4779.0
9772.0 7491.0
1301.0 9414.0
5749.0 4885.0
9346.0 1257.0
3482.0 1773.0
2626.0 3509.0
9149.0 2105.0
3634.0 1609.0
2927.0 3458.0
8529.0 3340.0
4734.0 8455.0
9326.0 613.0
9653.0 2478.0
3375.0 5270.0
6343.0 6305.0
9666.0 3820.0
4268.0 4773.0
4054.0 8457.0
8060.0 5144.0
7982.0 4287.0
9855.0 1266.0
7743.0 5109.0
2881.0 2204.0
3864.0 2642.0
2172.0 6421.0
2703.0 6599.0
672.0 5189.0
4802.0 5467.0
1596.0 1349.0
7066.0 383.0
352.0 2033.0
8373.0 7001.0
1820.0 6510.0
629.0 2724.0
1361.0 2765.0
9904.0 9164.0
313.0 8965.0
4659.0 2265.0
9366.0 8424.0
672.0 4901.0
5548.0 9215.0
4718.0 9403.0
1244.0 2051.0
1582.0 9844.0
5967.0 2585.0
1472.0 6491.0
4297.0 6741.0
7382.0 7300.0
5721.0 215.0
4529.0 3847.0
4757.0 5790.0
6359.0 1554.0
2160.0 4586.0
4272.0 6611.0
518.0 9879.0
560.0 4490.0
84.0 4634.0
6706.0 7388.0
3144.0 6362.0
1523.0 543.0
7749.0 5447.0
6314.0 9743.0
4131.0 5592.0
6500.0 4965.0
9630.0 7486.0
1909.0 7491.0
429.0 9343.0
195.0 402.0
952.0 440.0
516.0 4824.0
4210.0 6293.0
7023.0 6811.0
8958.0 6598.0
4238.0 2252.0
1917.0 9573.0
8860.0 9680.0
5964.0 8823.0
5139.0 3362.0
7539.0 1387.0
3297.0 1573.0
9138.0 8071.0
3146.0 7404.0
5175.0 9712.0
7424.0 2009.0
2068.0 5513.0
1944.0 2687.0
5837.0 2063.0
2106.0 635.0
3065.0 4198.0
7879.0 5812.0
3517.0 1319.0
1766.0 8744.0
5244.0 5297.0
6884.0 1703.0
5509.0 8631.0
4680.0 4099.0
3332.0 3924.0
4390.0 9484.0
1990.0 8399.0
8782.0 4077.0
2278.0 9509.0
3269.0 9146.0
9869.0 317.0
7970.0 2156.0
2577.0 5768.0
4762.0 4067.0
5864.0 3485.0
3929.0 2674.0
7381.0 5218.0
7438.0 4326.0
3885.0 7592.0
8457.0 8968.0
6357.0 3276.0
9139.0 5850.0
1618.0 6185.0
1288.0 9788.0
1294.0 6923.0
6941.0 383.0
1415.0 6980.0
8452.0 9050.0
8498.0 2947.0
139.0 1264.0
418.0 4267.0
6101.0 3903.0
2900.0 740.0
1207.0 43.0
4940.0 8372.0
4889.0 6132.0
8970.0 4687.0
9789.0 8893.0
4116.0 7198.0
9820.0 1850.0
3340.0 1098.0
4710.0 3866.0
7799.0 4838.0
630.0 4549.0
4235.0 4737.0
8946.0 3958.0
3728.0 2236.0
7663.0 6438.0
2618.0 9913.0
2663.0 997.0
8932.0 4951.0
8260.0 3115.0
119.0 1122.0
9212.0 5341.0
421.0 2969.0
8660.0 6572.0
8714.0 8294.0
9172.0 2419.0
108.0 7593.0
6391.0 1498.0
7162.0 1578.0
7369.0 5070.0
9003.0 399.0
8194.0 9903.0
9198.0 722.0
7924.0 6710.0
5667.0 9271.0
8443.0 9092.0
8490.0 4002.0
2300.0 328.0
3909.0 6496.0
3067.0 7923.0
5344.0 1742.0
5351.0 8286.0
