1
512 1 3.0 0.0 1000.0 3 160 240 100

6.5 13.5 29.3 58.5
13.0 27.0 58.5 117.0
19.5 40.5 87.8 175.5
26.0 54.0 117.0 234.0
39.0 81.0 175.5 351.0
52.0 108.0 234.0 468.0
58.5 121.5 263.3 526.5
65.0 135.0 292.5 585.0
78.0 162.0 351.0 702.0
0.0 180.0 390.0 780.0

2.0 5.0 8.0 11.0
5.0 8.0 11.0 14.0
9.0 12.0 15.0 18.0
11.0 14.0 17.0 20.0
15.0 18.0 21.0 24.0
18.0 21.0 24.0 27.0
20.0 23.0 26.0 29.0
25.0 28.0 31.0 34.0
29.0 32.0 35.0 38.0
0.0 34.0 37.0 40.0

2048.0 3743.0
9718.0 16.0
9693.0 4743.0
2471.0 8922.0
2791.0 6003.0
4949.0 5799.0
1236.0 9689.0
8109.0 3231.0
7858.0 2354.0
3140.0 8441.0
8010.0 5730.0
1848.0 1758.0
1908.0 7831.0
6166.0 1882.0
565.0 492.0
3833.0 354.0
8616.0 1980.0
9830.0 94.0
9877.0 5805.0
5627.0 5398.0
3933.0 9379.0
836.0 3279.0
4607.0 8631.0
4306.0 8530.0
3596.0 7235.0
4269.0 7388.0
5119.0 1569.0
9573.0 7200.0
9893.0 5042.0
6591.0 1949.0
9245.0 7924.0
8878.0 6041.0
2696.0 1312.0
9131.0 1230.0
4826.0 6353.0
5541.0 4059.0
9744.0 2382.0
7094.0 3713.0
3991.0 76.0
4891.0 2648.0
1181.0 8286.0
9075.0 4894.0
4212.0 5659.0
3405.0 9414.0
3363.0 695.0
2080.0 8393.0
1101.0 6368.0
5858.0 2839.0
6911.0 7937.0
7053.0 400.0
7977.0 5095.0
5481.0 2744.0
4030.0 2074.0
9914.0 2427.0
7184.0 1848.0
2128.0 1587.0
82.0 3061.0
3102.0 7389.0
8169.0 819.0
3448.0 1574.0
4417.0 4971.0
2631.0 4004.0
7317.0 2018.0
4067.0 2594.0
5463.0 9286.0
5646.0 4504.0
4544.0 2478.0
7775.0 5974.0
5072.0 266.0
3492.0 686.0
1651.0 2028.0
7728.0 9049.0
7128.0 7383.0
5293.0 3262.0
7428.0 8644.0
9646.0 5563.0
5406.0 9828.0
7029.0 9541.0
4526.0 8359.0
3029.0 6878.0
5697.0 8086.0
1135.0 4432.0
3078.0 4756.0
5377.0 9013.0
7181.0 7582.0
1595.0 9762.0
6083.0 3018.0
4420.0 496.0
8070.0 9400.0
9548.0 6916.0
1544.0 3560.0
3349.0 6045.0
495.0 3069.0
4410.0 7800.0
6371.0 224.0
4065.0 1059.0
9664.0 6422.0
5488.0 9121.0
7030.0 8048.0
3425.0 1936.0
2267.0 7518.0
9116.0 4989.0
1964.0 5601.0
7507.0 7214.0
9148.0 3650.0
6292.0 2838.0
756.0 6895.0
8875.0 4520.0
7227.0 2403.0
5821.0 7672.0
5066.0 7861.0
1851.0 8355.0
5682.0 9801.0
7974.0 9621.0
6316.0 2401.0
803.0 3687.0
1396.0 510.0
3647.0 9830.0
5130.0 3003.0
6431.0 372.0
8650.0 5123.0
4030.0 9659.0
7544.0 932.0
5069.0 3390.0
8082.0 9504.0
5784.0 8207.0
2962.0 993.0
5987.0 3905.0
9900.0 1212.0
6728.0 3158.0
8874.0 5855.0
1710.0 6143.0
6356.0 7990.0
7032.0 9940.0
7336.0 4959.0
6337.0 5092.0
8476.0 3325.0
916.0 4214.0
8199.0 2982.0
6869.0 23.0
2046.0 4079.0
3858.0 2679.0
4105.0 2880.0
2551.0 8826.0
7858.0 5193.0
313.0 7194.0
2234.0 8504.0
7215.0 8175.0
1217.0 6453.0
6936.0 7225.0
7813.0 1773.0
9630.0 4503.0
5698.0 6338.0
6314.0 5609.0
4378.0 9436.0
6868.0 810.0
6166.0 7927.0
6203.0 2645.0
5803.0 4386.0
5670.0 4277.0
6054.0 1886.0
9282.0 3493.0
5074.0 6555.0
6823.0 9712.0
3897.0 1517.0
8403.0 3908.0
4833.0 8381.0
7545.0 3810.0
4127.0 4884.0
2356.0 9280.0
4672.0 9837.0
6875.0 5235.0
7118.0 9003.0
7140.0 2007.0
185.0 8034.0
9075.0 5523.0
3500.0 1109.0
7742.0 2180.0
8786.0 6398.0
39.0 5806.0
7720.0 1990.0
5422.0 6590.0
7275.0 8413.0
1704.0 4352.0
5871.0 6388.0
5513.0 1057.0
6163.0 935.0
9479.0 9930.0
2768.0 5478.0
715.0 1080.0
5765.0 2076.0
7670.0 5995.0
3291.0 6409.0
4912.0 5805.0
9037.0 8662.0
7927.0 689.0
2983.0 3924.0
2488.0 311.0
6179.0 8256.0
5682.0 7667.0
2901.0 9039.0
8148.0 1225.0
5994.0 753.0
9610.0 2743.0
3732.0 9805.0
2262.0 648.0
9006.0 4551.0
9090.0 1352.0
4165.0 9133.0
6694.0 3404.0
7332.0 2280.0
4674.0 1837.0
8514.0 4687.0
6162.0 2616.0
6318.0 1116.0
6565.0 9554.0
8610.0 5854.0
87.0 8590.0
2924.0 2651.0
6104.0 6798.0
4943.0 2781.0
9963.0 6029.0
5878.0 7348.0
5265.0 3549.0
2062.0 2483.0
7226.0 4567.0
2577.0 8552.0
9154.0 4038.0
3238.0 7018.0
6639.0 7615.0
7754.0 1082.0
6517.0 4136.0
9380.0 8738.0
174.0 4537.0
8896.0 9385.0
3263.0 4558.0
7209.0 7606.0
6413.0 1141.0
3426.0 271.0
3984.0 4892.0
1694.0 5585.0
451.0 3492.0
2641.0 5207.0
6488.0 3447.0
7740.0 3096.0
9306.0 45.0
7403.0 7187.0
4341.0 7921.0
6140.0 2551.0
7839.0 7096.0
595.0 7171.0
2418.0 1887.0
8779.0 3949.0
183.0 2558.0
1329.0 5099.0
453.0 2106.0
8099.0 7546.0
1677.0 3055.0
5918.0 465.0
9608.0 1652.0
5823.0 8597.0
6307.0 9335.0
598.0 7471.0
7042.0 3864.0
5931.0 9167.0
4660.0 5002.0
1014.0 9749.0
3493.0 2113.0
6903.0 2009.0
7381.0 3577.0
3463.0 9647.0
8865.0 395.0
8211.0 1520.0
9139.0 8868.0
2890.0 7098.0
820.0 9738.0
6074.0 6758.0
8103.0 3665.0
2649.0 3044.0
1386.0 5434.0
3468.0 1534.0
5921.0 1761.0
1016.0 2441.0
6565.0 92.0
9397.0 6579.0
3212.0 8280.0
9464.0 1835.0
3953.0 7506.0
2418.0 8771.0
5564.0 3343.0
7690.0 6498.0
3364.0 2345.0
3428.0 2441.0
5037.0 4034.0
409.0 2146.0
5468.0 672.0
2703.0 7745.0
2179.0 9707.0
895.0 6220.0
3430.0 6268.0
6202.0 1106.0
3546.0 5595.0
6291.0 3742.0
2562.0 7788.0
6125.0 2732.0
9730.0 9754.0
9664.0 2733.0
2980.0 1736.0
725.0 6196.0
8896.0 8316.0
3833.0 4214.0
270.0 6254.0
8385.0 5091.0
827.0 4070.0
1939.0 1768.0
9161.0 735.0
951.0 1756.0
6478.0 3359.0
9787.0 5674.0
5204.0 6262.0
1318.0 3070.0
8032.0 6301.0
4933.0 6613.0
9468.0 1856.0
278.0 8320.0
4471.0 5326.0
7543.0 3941.0
1227.0 1554.0
7627.0 4130.0
7651.0 7035.0
7993.0 3539.0
3674.0 7303.0
2527.0 1474.0
3887.0 2382.0
6243.0 228.0
7626.0 2673.0
8125.0 9749.0
6041.0 172.0
7957.0 9752.0
8250.0 2393.0
5433.0 2922.0
1123.0 8883.0
2389.0 5338.0
9787.0 2710.0
1465.0 2746.0
8400.0 1806.0
7021.0 3823.0
3290.0 7558.0
6629.0 4049.0
3006.0 506.0
3959.0 6348.0
2367.0 5561.0
6380.0 7090.0
71.0 1602.0
3095.0 8631.0
1935.0 2846.0
2132.0 1987.0
4345.0 1871.0
7014.0 5800.0
4973.0 6679.0
6420.0 215.0
340.0 6669.0
2669.0 6805.0
2296.0 4925.0
7332.0 8177.0
7977.0 6673.0
4810.0 3393.0
327.0 6322.0
7185.0 7837.0
8736.0 7942.0
6170.0 8659.0
1880.0 6582.0
475.0 9435.0
7320.0 303.0
9412.0 166.0
4949.0 5308.0
6065.0 1263.0
3826.0 9053.0
5828.0 2634.0
4509.0 8729.0
8651.0 1517.0
1418.0 4982.0
5803.0 5196.0
2323.0 3266.0
4472.0 7214.0
4518.0 7715.0
6031.0 8236.0
9752.0 4902.0
6281.0 5184.0
2491.0 7381.0
8495.0 4781.0
8578.0 9389.0
2581.0 132.0
3856.0 9593.0
6194.0 1478.0
4838.0 8263.0
6103.0 4764.0
5985.0 8754.0
642.0 4132.0
657.0 5685.0
6563.0 6996.0
5324.0 4684.0
6114.0 2817.0
9092.0 1102.0
2657.0 9217.0
3118.0 7561.0
5652.0 1561.0
6990.0 2727.0
8325.0 4639.0
1639.0 6192.0
3834.0 7594.0
847.0 6841.0
8271.0 5702.0
5931.0 4596.0
1295.0 5172.0
673.0 7911.0
7740.0 9562.0
6054.0 1909.0
6006.0 8973.0
6876.0 4534.0
1551.0 5639.0
4839.0 614.0
6316.0 2052.0
5138.0 6200.0
7390.0 245.0
6155.0 8086.0
747.0 3382.0
4314.0 5870.0
8363.0 3273.0
8675.0 6459.0
9547.0 9954.0
2327.0 3383.0
9799.0 1965.0
159.0 5815.0
3006.0 8452.0
5079.0 4674.0
5321.0 6741.0
7241.0 5690.0
1520.0 1495.0
3366.0 1821.0
7169.0 4109.0
5717.0 9903.0
2423.0 3456.0
2800.0 8908.0
5776.0 1635.0
6357.0 9706.0
8573.0 840.0
1740.0 8705.0
3617.0 9989.0
1207.0 251.0
3691.0 2246.0
2236.0 5176.0
8298.0 7065.0
5412.0 5378.0
9466.0 2891.0
8968.0 6802.0
9914.0 9157.0
9538.0 5728.0
9414.0 8699.0
1205.0 5725.0
7663.0 4226.0
7408.0 5170.0
4491.0 4979.0
2770.0 7712.0
716.0 2217.0
4443.0 553.0
5473.0 4650.0
5005.0 7944.0
8343.0 7462.0
1512.0 9772.0
7083.0 1055.0
7751.0 7616.0
4303.0 8143.0
9285.0 3165.0
8886.0 334.0
3337.0 6369.0
487.0 7829.0
8105.0 3220.0
7932.0 8374.0
8567.0 5531.0
4819.0 4089.0
8351.0 7607.0
8167.0 7325.0
9730.0 7185.0
8414.0 9161.0
6329.0 530.0
1592.0 6688.0
5602.0 4059.0
7000.0 7708.0
652.0 7398.0
6190.0 3976.0
3467.0 5227.0
1592.0 6632.0
4139.0 7820.0
5597.0 9938.0
3141.0 2642.0
3420.0 1964.0
6221.0 1912.0
5549.0 3360.0
4004.0 3481.0
8128.0 7824.0
848.0 4938.0
2068.0 435.0
43.0 3313.0
4218.0 2448.0
4913.0 5256.0
6420.0 3704.0
7898.0 5088.0
757.0 6289.0
2177.0 593.0
1825.0 5561.0
2918.0 8945.0

2053.0 3748.0
9724.0 22.0
9698.0 4748.0
2476.0 8927.0
2795.0 6007.0
4954.0 5805.0
1241.0 9695.0
8115.0 3236.0
7863.0 2358.0
3145.0 8447.0
8015.0 5735.0
1853.0 1763.0
1912.0 7836.0
6170.0 1888.0
570.0 497.0
3839.0 359.0
8621.0 1984.0
9834.0 99.0
9883.0 5810.0
5632.0 5403.0
3938.0 9383.0
841.0 3285.0
4612.0 8636.0
4310.0 8535.0
3601.0 7240.0
4274.0 7393.0
5125.0 1574.0
9577.0 7204.0
9899.0 5047.0
6595.0 1953.0
9250.0 7929.0
8882.0 6046.0
2702.0 1316.0
9135.0 1235.0
4830.0 6358.0
5546.0 4064.0
9749.0 2388.0
7100.0 3718.0
3996.0 81.0
4896.0 2653.0
1187.0 8292.0
9079.0 4900.0
4217.0 5665.0
3409.0 9418.0
3368.0 699.0
2084.0 8398.0
1107.0 6373.0
5863.0 2845.0
6916.0 7941.0
7059.0 406.0
7982.0 5099.0
5486.0 2749.0
4035.0 2079.0
9920.0 2431.0
7190.0 1854.0
2133.0 1591.0
86.0 3067.0
3106.0 7394.0
8173.0 824.0
3453.0 1578.0
4421.0 4976.0
2636.0 4009.0
7322.0 2023.0
4072.0 2599.0
5467.0 9291.0
5650.0 4508.0
4549.0 2483.0
7781.0 5979.0
5077.0 271.0
3497.0 690.0
1655.0 2032.0
7733.0 9054.0
7134.0 7389.0
5297.0 3267.0
7432.0 8649.0
9651.0 5568.0
5412.0 9833.0
7034.0 9547.0
4531.0 8364.0
3033.0 6884.0
5702.0 8091.0
1139.0 4436.0
3083.0 4760.0
5383.0 9018.0
7186.0 7587.0
1599.0 9766.0
6088.0 3023.0
4426.0 500.0
8075.0 9406.0
9552.0 6922.0
1549.0 3564.0
3353.0 6050.0
501.0 3074.0
4414.0 7805.0
6375.0 230.0
4071.0 1064.0
9670.0 6428.0
5494.0 9127.0
7034.0 8054.0
3430.0 1941.0
2272.0 7523.0
9121.0 4994.0
1968.0 5605.0
7512.0 7218.0
9153.0 3656.0
6296.0 2843.0
761.0 6901.0
8880.0 4524.0
7233.0 2407.0
5826.0 7677.0
5071.0 7866.0
1857.0 8359.0
5686.0 9806.0
7978.0 9627.0
6321.0 2407.0
809.0 3691.0
1401.0 516.0
3653.0 9836.0
5134.0 3008.0
6436.0 377.0
8655.0 5129.0
4034.0 9663.0
7550.0 936.0
5075.0 3394.0
8086.0 9509.0
5790.0 8211.0
2968.0 998.0
5992.0 3910.0
9905.0 1217.0
6734.0 3163.0
8879.0 5860.0
1714.0 6147.0
6361.0 7994.0
7037.0 9944.0
7341.0 4964.0
6341.0 5097.0
8480.0 3330.0
921.0 4219.0
8204.0 2986.0
6874.0 28.0
2051.0 4083.0
3864.0 2684.0
4111.0 2884.0
2556.0 8831.0
7863.0 5199.0
319.0 7200.0
2239.0 8509.0
7220.0 8180.0
1222.0 6457.0
6941.0 7230.0
7818.0 1778.0
9635.0 4508.0
5703.0 6342.0
6320.0 5614.0
4383.0 9441.0
6872.0 814.0
6171.0 7931.0
6207.0 2649.0
5807.0 4391.0
5674.0 4282.0
6058.0 1891.0
9287.0 3497.0
5080.0 6560.0
6828.0 9716.0
3902.0 1523.0
8408.0 3913.0
4838.0 8386.0
7550.0 3815.0
4131.0 4889.0
2361.0 9286.0
4677.0 9841.0
6880.0 5239.0
7123.0 9007.0
7144.0 2011.0
189.0 8039.0
9081.0 5528.0
3504.0 1113.0
7747.0 2186.0
8791.0 6403.0
45.0 5812.0
7724.0 1995.0
5426.0 6595.0
7280.0 8418.0
1710.0 4356.0
5876.0 6393.0
5518.0 1062.0
6167.0 941.0
9483.0 9935.0
2773.0 5482.0
720.0 1084.0
5771.0 2081.0
7676.0 5999.0
3296.0 6414.0
4917.0 5810.0
9043.0 8667.0
7932.0 693.0
2988.0 3930.0
2494.0 315.0
6184.0 8261.0
5687.0 7672.0
2906.0 9043.0
8152.0 1230.0
5998.0 757.0
9614.0 2747.0
3737.0 9810.0
2267.0 652.0
9012.0 4556.0
9095.0 1356.0
4170.0 9139.0
6700.0 3409.0
7337.0 2284.0
4679.0 1843.0
8519.0 4691.0
6167.0 2620.0
6324.0 1120.0
6569.0 9560.0
8616.0 5858.0
93.0 8594.0
2929.0 2657.0
6109.0 6803.0
4947.0 2786.0
9968.0 6033.0
5882.0 7352.0
5270.0 3553.0
2068.0 2488.0
7231.0 4573.0
2581.0 8556.0
9160.0 4044.0
3243.0 7023.0
6643.0 7620.0
7758.0 1086.0
6522.0 4140.0
9386.0 8743.0
178.0 4542.0
8901.0 9391.0
3267.0 4563.0
7215.0 7610.0
6419.0 1146.0
3431.0 276.0
3988.0 4896.0
1698.0 5590.0
457.0 3498.0
2646.0 5213.0
6493.0 3452.0
7744.0 3101.0
9311.0 50.0
7408.0 7192.0
4346.0 7926.0
6145.0 2557.0
7843.0 7101.0
599.0 7176.0
2424.0 1891.0
8784.0 3954.0
188.0 2562.0
1335.0 5103.0
459.0 2111.0
8105.0 7551.0
1682.0 3059.0
5924.0 469.0
9613.0 1656.0
5827.0 8603.0
6312.0 9339.0
603.0 7476.0
7046.0 3869.0
5935.0 9171.0
4665.0 5008.0
1018.0 9754.0
3498.0 2117.0
6909.0 2014.0
7386.0 3582.0
3467.0 9652.0
8870.0 401.0
8217.0 1525.0
9144.0 8872.0
2894.0 7103.0
825.0 9742.0
6080.0 6763.0
8108.0 3669.0
2654.0 3049.0
1391.0 5439.0
3472.0 1539.0
5927.0 1766.0
1020.0 2445.0
6570.0 97.0
9403.0 6583.0
3217.0 8285.0
9469.0 1840.0
3958.0 7511.0
2422.0 8776.0
5569.0 3349.0
7695.0 6503.0
3368.0 2350.0
3432.0 2447.0
5041.0 4039.0
414.0 2151.0
5473.0 678.0
2708.0 7749.0
2184.0 9711.0
900.0 6225.0
3436.0 6273.0
6208.0 1112.0
3552.0 5600.0
6296.0 3747.0
2567.0 7792.0
6130.0 2737.0
9735.0 9759.0
9669.0 2738.0
2986.0 1741.0
731.0 6202.0
8901.0 8320.0
3838.0 4219.0
276.0 6258.0
8389.0 5096.0
832.0 4074.0
1944.0 1773.0
9165.0 740.0
955.0 1762.0
6484.0 3364.0
9791.0 5678.0
5210.0 6267.0
1323.0 3076.0
8037.0 6306.0
4939.0 6618.0
9474.0 1860.0
282.0 8325.0
4476.0 5332.0
7549.0 3947.0
1232.0 1559.0
7633.0 4136.0
7656.0 7040.0
7998.0 3544.0
3679.0 7308.0
2533.0 1479.0
3893.0 2388.0
6247.0 232.0
7630.0 2677.0
8130.0 9753.0
6047.0 177.0
7962.0 9757.0
8254.0 2398.0
5439.0 2928.0
1127.0 8887.0
2394.0 5344.0
9791.0 2715.0
1470.0 2751.0
8405.0 1810.0
7027.0 3829.0
3295.0 7563.0
6633.0 4054.0
3010.0 511.0
3963.0 6352.0
2372.0 5566.0
6385.0 7095.0
76.0 1606.0
3100.0 8636.0
1939.0 2851.0
2137.0 1992.0
4350.0 1876.0
7020.0 5805.0
4978.0 6684.0
6426.0 221.0
346.0 6674.0
2674.0 6811.0
2302.0 4931.0
7337.0 8181.0
7982.0 6678.0
4815.0 3397.0
331.0 6327.0
7190.0 7842.0
8741.0 7946.0
6175.0 8665.0
1885.0 6587.0
480.0 9441.0
7324.0 309.0
9418.0 171.0
4954.0 5312.0
6069.0 1267.0
3832.0 9058.0
5833.0 2638.0
4515.0 8734.0
8656.0 1523.0
1422.0 4986.0
5808.0 5201.0
2327.0 3270.0
4478.0 7220.0
4524.0 7720.0
6036.0 8242.0
9758.0 4907.0
6286.0 5188.0
2495.0 7387.0
8500.0 4786.0
8584.0 9394.0
2586.0 137.0
3861.0 9598.0
6199.0 1483.0
4843.0 8269.0
6108.0 4769.0
5989.0 8759.0
646.0 4138.0
662.0 5691.0
6568.0 7001.0
5329.0 4690.0
6119.0 2822.0
9097.0 1107.0
2662.0 9223.0
3122.0 7566.0
5656.0 1566.0
6995.0 2732.0
8330.0 4644.0
1644.0 6196.0
3838.0 7599.0
852.0 6847.0
8277.0 5707.0
5937.0 4601.0
1301.0 5178.0
678.0 7916.0
7746.0 9566.0
6059.0 1914.0
6010.0 8977.0
6881.0 4539.0
1557.0 5645.0
4844.0 619.0
6321.0 2057.0
5144.0 6205.0
7395.0 250.0
6160.0 8092.0
752.0 3388.0
4320.0 5874.0
8368.0 3277.0
8681.0 6465.0
9551.0 9959.0
2332.0 3389.0
9803.0 1971.0
165.0 5820.0
3010.0 8457.0
5084.0 4680.0
5325.0 6747.0
7246.0 5694.0
1525.0 1501.0
3371.0 1825.0
7173.0 4114.0
5721.0 9908.0
2427.0 3461.0
2806.0 8912.0
5780.0 1639.0
6362.0 9711.0
8579.0 846.0
1746.0 8710.0
3621.0 9993.0
1212.0 255.0
3696.0 2252.0
2242.0 5181.0
8304.0 7070.0
5417.0 5384.0
9472.0 2896.0
8973.0 6807.0
9918.0 9162.0
9544.0 5733.0
9419.0 8703.0
1211.0 5729.0
7667.0 4232.0
7413.0 5175.0
4496.0 4983.0
2774.0 7717.0
720.0 2221.0
4448.0 558.0
5478.0 4655.0
5011.0 7949.0
8348.0 7467.0
1517.0 9776.0
7089.0 1060.0
7757.0 7621.0
4309.0 8148.0
9289.0 3170.0
8891.0 338.0
3342.0 6374.0
492.0 7834.0
8111.0 3226.0
7937.0 8379.0
8572.0 5537.0
4823.0 4094.0
8355.0 7613.0
8172.0 7330.0
9736.0 7190.0
8419.0 9165.0
6334.0 534.0
1598.0 6693.0
5607.0 4065.0
7006.0 7713.0
657.0 7403.0
6196.0 3982.0
3472.0 5232.0
1596.0 6637.0
4145.0 7826.0
5602.0 9944.0
3146.0 2648.0
3424.0 1968.0
6226.0 1918.0
5553.0 3366.0
4010.0 3485.0
8134.0 7829.0
853.0 4943.0
2072.0 441.0
49.0 3317.0
4222.0 2453.0
4919.0 5261.0
6425.0 3709.0
7902.0 5094.0
763.0 6293.0
2182.0 597.0
1830.0 5566.0
2923.0 8950.0
