1
512 1 3.0 0.0 1000.0 3 160 240 100

6.5 13.5 29.3 58.5
13.0 27.0 58.5 117.0
19.5 40.5 87.8 175.5
26.0 54.0 117.0 234.0
39.0 81.0 175.5 351.0
52.0 108.0 234.0 468.0
58.5 121.5 263.3 526.5
65.0 135.0 292.5 585.0
78.0 162.0 351.0 702.0
0.0 180.0 390.0 780.0

2.0 5.0 8.0 11.0
5.0 8.0 11.0 14.0
9.0 12.0 15.0 18.0
11.0 14.0 17.0 20.0
15.0 18.0 21.0 24.0
18.0 21.0 24.0 27.0
20.0 23.0 26.0 29.0
25.0 28.0 31.0 34.0
29.0 32.0 35.0 38.0
0.0 34.0 37.0 40.0

2468.0 7132.0
8701.0 8204.0
4791.0 6980.0
4553.0 8402.0
4056.0 36.0
6152.0 942.0
4218.0 1674.0
4736.0 6536.0
1444.0 9267.0
3469.0 2448.0
6039.0 9080.0
5178.0 2050.0
7138.0 3459.0
9198.0 1189.0
977.0 4470.0
4398.0 3742.0
6066.0 2596.0
7960.0 1252.0
1084.0 1653.0
1973.0 4022.0
3825.0 3529.0
2424.0 3542.0
1994.0 8906.0
7645.0 8650.0
9198.0 2573.0
5793.0 293.0
1938.0 4481.0
3432.0 2280.0
5921.0 166.0
9789.0 7906.0
2522.0 6670.0
3746.0 4834.0
8708.0 2600.0
3153.0 3109.0
6250.0 3452.0
8519.0 3697.0
8538.0 5831.0
5653.0 7427.0
5822.0 6708.0
4338.0 6721.0
2199.0 6343.0
2591.0 4985.0
170.0 5999.0
8589.0 1063.0
1082.0 4096.0
4830.0 8620.0
2272.0 6922.0
1602.0 2839.0
4248.0 2542.0
9320.0 9324.0
3708.0 9036.0
1814.0 2588.0
736.0 703.0
5134.0 3997.0
980.0 8353.0
8932.0 1574.0
6143.0 2331.0
15.0 6528.0
8595.0 9403.0
107.0 3897.0
8450.0 7130.0
2426.0 7193.0
3894.0 1872.0
4114.0 9422.0
8118.0 9050.0
4113.0 5372.0
8650.0 6802.0
8544.0 2540.0
7427.0 6656.0
8169.0 593.0
2414.0 7371.0
4996.0 1737.0
4089.0 559.0
7611.0 6884.0
2631.0 9236.0
7288.0 4990.0
4107.0 2926.0
9468.0 5459.0
6501.0 5451.0
7664.0 5984.0
8894.0 4052.0
9365.0 717.0
9607.0 952.0
6016.0 6144.0
1655.0 1012.0
1628.0 4558.0
6295.0 1613.0
7113.0 7494.0
8022.0 3374.0
9888.0 4031.0
6814.0 2875.0
838.0 1329.0
5947.0 985.0
3197.0 7288.0
6216.0 2943.0
426.0 7713.0
9857.0 8832.0
2649.0 2869.0
13.0 5554.0
3724.0 798.0
4058.0 3969.0
3514.0 7303.0
1587.0 7310.0
2442.0 4956.0
410.0 9513.0
7873.0 6031.0
6361.0 4595.0
4427.0 6739.0
5245.0 714.0
2765.0 2645.0
7734.0 5045.0
3934.0 7655.0
556.0 8095.0
8839.0 1454.0
9763.0 8605.0
4908.0 2770.0
4434.0 2658.0
4521.0 8365.0
1608.0 3140.0
2280.0 118.0
5771.0 8166.0
679.0 5087.0
8737.0 9630.0
6258.0 5946.0
8211.0 5489.0
799.0 1655.0
5886.0 1929.0
4640.0 772.0
8369.0 4031.0
1676.0 2271.0
6776.0 6094.0
8122.0 1260.0
3301.0 5213.0
9601.0 9472.0
5591.0 4285.0
3626.0 2923.0
2236.0 3037.0
7064.0 1611.0
5209.0 8238.0
625.0 8642.0
7561.0 6716.0
4966.0 8666.0
7199.0 7305.0
5480.0 8004.0
69.0 376.0
5328.0 1358.0
8562.0 6063.0
8791.0 2465.0
3461.0 4828.0
9521.0 8605.0
249.0 6499.0
744.0 1327.0
3109.0 6408.0
6998.0 8282.0
2418.0 9763.0
9474.0 3544.0
4073.0 7891.0
9529.0 6307.0
1460.0 2484.0
7435.0 336.0
3381.0 6472.0
5953.0 9051.0
3780.0 2670.0
776.0 3639.0
1560.0 3820.0
2434.0 4061.0
1335.0 167.0
6722.0 5358.0
8429.0 3201.0
3219.0 4109.0
3932.0 6693.0
3972.0 2457.0
8154.0 8669.0
6915.0 9558.0
3280.0 441.0
1094.0 2856.0
8551.0 1335.0
3264.0 4050.0
3802.0 254.0
7935.0 7155.0
9653.0 7695.0
5432.0 8515.0
5207.0 4368.0
5038.0 1179.0
6537.0 5038.0
2801.0 8498.0
1818.0 8729.0
6061.0 4340.0
1400.0 8922.0
9276.0 9805.0
3653.0 9875.0
8213.0 8818.0
9903.0 7712.0
2087.0 7480.0
4275.0 7392.0
5690.0 4571.0
6769.0 9206.0
6116.0 3082.0
387.0 939.0
1122.0 5153.0
5632.0 4310.0
8716.0 5307.0
8195.0 6845.0
30.0 9363.0
8157.0 2801.0
50.0 8908.0
1522.0 9276.0
3285.0 3708.0
7405.0 6149.0
3927.0 6951.0
6686.0 967.0
2583.0 689.0
465.0 2419.0
4153.0 1381.0
9127.0 8534.0
3916.0 7903.0
5340.0 8231.0
1393.0 6917.0
6805.0 7348.0
4067.0 2976.0
7088.0 2801.0
5526.0 3260.0
5339.0 981.0
5095.0 9304.0
8228.0 9048.0
8528.0 626.0
9920.0 229.0
1842.0 7618.0
8398.0 6774.0
2844.0 3595.0
8971.0 6693.0
7441.0 8376.0
8271.0 2907.0
282.0 8287.0
4570.0 5943.0
1831.0 9966.0
2733.0 3822.0
6406.0 7851.0
4628.0 5244.0
8286.0 7736.0
8314.0 4733.0
5440.0 1278.0
1827.0 855.0
2945.0 8839.0
9881.0 1147.0
681.0 536.0
4314.0 9897.0
2353.0 7903.0
1586.0 7395.0
5420.0 1021.0
3157.0 1797.0
4008.0 8520.0
7070.0 7233.0
9363.0 330.0
1548.0 4292.0
4922.0 5553.0
3932.0 1512.0
5575.0 357.0
781.0 9014.0
3180.0 3264.0
7449.0 7914.0
2913.0 7708.0
7970.0 1636.0
7512.0 4266.0
8555.0 7769.0
8988.0 7429.0
539.0 1597.0
9878.0 4292.0
1081.0 4933.0
8612.0 5069.0
2457.0 6391.0
6049.0 7784.0
3247.0 1736.0
2774.0 2050.0
7246.0 5429.0
9206.0 9301.0
8421.0 7011.0
3107.0 9364.0
2731.0 8467.0
1542.0 5757.0
126.0 1178.0
6877.0 4589.0
2559.0 3617.0
8873.0 4461.0
6311.0 3411.0
7464.0 7223.0
9471.0 9908.0
3258.0 1999.0
7876.0 5870.0
5369.0 7342.0
5334.0 9439.0
8621.0 8917.0
6459.0 1.0
4712.0 2578.0
2927.0 4083.0
4392.0 5239.0
6479.0 9912.0
249.0 8412.0
4491.0 1777.0
2145.0 1795.0
6432.0 7817.0
9894.0 6795.0
2029.0 7374.0
247.0 2373.0
4455.0 6545.0
7744.0 8083.0
4372.0 3062.0
1519.0 1697.0
3137.0 4131.0
2618.0 1298.0
5997.0 3367.0
8901.0 4215.0
8595.0 5463.0
7102.0 7701.0
2604.0 9709.0
4121.0 8713.0
8808.0 6013.0
2102.0 2696.0
8455.0 9542.0
4385.0 3749.0
6201.0 2628.0
1899.0 1046.0
461.0 5058.0
2055.0 8911.0
9496.0 6397.0
4724.0 413.0
4041.0 6462.0
2357.0 6883.0
9817.0 2587.0
3829.0 8215.0
5724.0 4816.0
4075.0 1348.0
6052.0 2645.0
4073.0 6810.0
7520.0 9459.0
8273.0 5699.0
4472.0 3282.0
9012.0 1993.0
8042.0 4991.0
9.0 7571.0
7613.0 7610.0
3496.0 9817.0
5392.0 2829.0
8064.0 4204.0
7411.0 3368.0
6783.0 6733.0
6795.0 2336.0
7682.0 3612.0
7593.0 3202.0
1146.0 8055.0
5.0 6518.0
1307.0 6585.0
333.0 2027.0
1000.0 9734.0
1455.0 7289.0
2342.0 4500.0
2161.0 6452.0
7531.0 8467.0
6170.0 5312.0
6902.0 7960.0
4129.0 1280.0
3837.0 5115.0
4444.0 9406.0
8584.0 1253.0
1237.0 8076.0
5567.0 6444.0
265.0 527.0
1242.0 7628.0
6116.0 805.0
2084.0 193.0
6502.0 5310.0
4769.0 390.0
1970.0 3542.0
3120.0 8451.0
1852.0 4198.0
8890.0 4822.0
9774.0 5249.0
5949.0 4363.0
4542.0 9123.0
9955.0 5922.0
4730.0 6630.0
8061.0 7153.0
7787.0 5770.0
5751.0 6962.0
6983.0 4043.0
351.0 469.0
2013.0 5406.0
3313.0 3865.0
1591.0 5499.0
5810.0 9045.0
8830.0 1283.0
4746.0 406.0
2758.0 3716.0
8725.0 8687.0
1765.0 4604.0
6057.0 9233.0
7319.0 1253.0
9388.0 4576.0
8758.0 5068.0
3989.0 3703.0
2488.0 2711.0
9314.0 2897.0
1405.0 979.0
5868.0 5545.0
2859.0 9004.0
1965.0 779.0
5974.0 3930.0
7455.0 3342.0
1669.0 8699.0
3977.0 9565.0
1162.0 3054.0
3811.0 6827.0
1317.0 1432.0
1908.0 6394.0
7622.0 3844.0
8159.0 2008.0
8141.0 8390.0
9479.0 9113.0
4245.0 6549.0
3767.0 2109.0
6453.0 4860.0
331.0 9499.0
6196.0 9137.0
3827.0 9331.0
6829.0 9855.0
1293.0 9806.0
9710.0 9824.0
4351.0 2434.0
3663.0 7807.0
1144.0 7634.0
8649.0 4184.0
5070.0 5139.0
6971.0 7331.0
9901.0 4116.0
7814.0 1816.0
3340.0 354.0
3464.0 2059.0
3599.0 428.0
8011.0 7593.0
6060.0 5211.0
1862.0 8544.0
9590.0 7613.0
7882.0 2477.0
4593.0 1936.0
7485.0 6234.0
7343.0 4730.0
7492.0 8899.0
7700.0 9526.0
1085.0 4518.0
9754.0 329.0
8667.0 5718.0
7478.0 1261.0
6949.0 1842.0
9964.0 2231.0
7100.0 7747.0
3303.0 3019.0
5251.0 1892.0
8687.0 645.0
1208.0 4846.0
8793.0 7428.0
3664.0 1853.0
7040.0 9593.0
2750.0 5588.0
6761.0 8827.0
3234.0 7732.0
9887.0 1662.0
4198.0 501.0
7193.0 4055.0
3504.0 1760.0
4689.0 1075.0
7874.0 9865.0
3222.0 4050.0
1905.0 6850.0
856.0 80.0
1837.0 1100.0
112.0 1282.0
2397.0 3144.0
4618.0 3662.0
7534.0 703.0
2260.0 7993.0
8372.0 1613.0
4393.0 7575.0
4201.0 5773.0
3187.0 271.0
4815.0 9739.0
1670.0 4692.0
5033.0 97.0
3555.0 2926.0
4717.0 4261.0
2397.0 4677.0
99.0 9806.0
2180.0 209.0
4755.0 5994.0
3875.0 1979.0
1026.0 3606.0
5060.0 7330.0
5225.0 1720.0
2164.0 7143.0
2435.0 2575.0
7406.0 7811.0
9230.0 8142.0
4996.0 6443.0
5133.0 4536.0
3681.0 1653.0
6130.0 2918.0
5189.0 4838.0
6069.0 7992.0
653.0 9322.0
4251.0 7758.0
9581.0 7240.0
45.0 636.0
8446.0 6560.0

2472.0 7137.0
8707.0 8210.0
4797.0 6985.0
4559.0 8406.0
4060.0 41.0
6157.0 947.0
4224.0 1679.0
4740.0 6540.0
1448.0 9272.0
3473.0 2453.0
6044.0 9085.0
5182.0 2055.0
7142.0 3464.0
9204.0 1195.0
982.0 4476.0
4404.0 3748.0
6071.0 2600.0
7965.0 1257.0
1090.0 1657.0
1978.0 4028.0
3830.0 3535.0
2429.0 3548.0
1999.0 8911.0
7650.0 8655.0
9204.0 2577.0
5798.0 299.0
1942.0 4487.0
3437.0 2286.0
5927.0 171.0
9794.0 7912.0
2527.0 6675.0
3752.0 4840.0
8712.0 2606.0
3158.0 3114.0
6256.0 3458.0
8524.0 3703.0
8543.0 5837.0
5658.0 7432.0
5828.0 6714.0
4342.0 6726.0
2203.0 6349.0
2595.0 4990.0
176.0 6004.0
8595.0 1067.0
1088.0 4102.0
4836.0 8625.0
2277.0 6926.0
1607.0 2844.0
4252.0 2548.0
9325.0 9330.0
3713.0 9041.0
1819.0 2593.0
741.0 708.0
5140.0 4003.0
986.0 8358.0
8937.0 1579.0
6149.0 2336.0
19.0 6533.0
8601.0 9408.0
112.0 3901.0
8456.0 7135.0
2432.0 7198.0
3898.0 1877.0
4118.0 9426.0
8124.0 9055.0
4118.0 5377.0
8655.0 6806.0
8550.0 2545.0
7432.0 6661.0
8173.0 598.0
2419.0 7376.0
5001.0 1742.0
4095.0 564.0
7617.0 6889.0
2636.0 9240.0
7293.0 4996.0
4113.0 2931.0
9473.0 5463.0
6506.0 5455.0
7669.0 5990.0
8899.0 4058.0
9371.0 721.0
9612.0 956.0
6021.0 6149.0
1660.0 1017.0
1634.0 4564.0
6299.0 1617.0
7118.0 7499.0
8027.0 3379.0
9893.0 4035.0
6819.0 2879.0
842.0 1335.0
5951.0 990.0
3202.0 7293.0
6221.0 2948.0
432.0 7719.0
9862.0 8836.0
2654.0 2873.0
18.0 5559.0
3730.0 803.0
4063.0 3975.0
3519.0 7308.0
1593.0 7314.0
2447.0 4961.0
415.0 9518.0
7877.0 6036.0
6366.0 4601.0
4432.0 6744.0
5251.0 719.0
2770.0 2651.0
7740.0 5050.0
3940.0 7659.0
560.0 8100.0
8843.0 1459.0
9768.0 8611.0
4914.0 2775.0
4439.0 2664.0
4526.0 8370.0
1612.0 3146.0
2286.0 123.0
5777.0 8170.0
685.0 5091.0
8743.0 9636.0
6263.0 5950.0
8216.0 5495.0
803.0 1659.0
5892.0 1933.0
4645.0 777.0
8375.0 4036.0
1680.0 2276.0
6780.0 6100.0
8126.0 1264.0
3305.0 5218.0
9606.0 9476.0
5597.0 4290.0
3631.0 2927.0
2241.0 3042.0
7070.0 1615.0
5213.0 8243.0
630.0 8646.0
7567.0 6721.0
4971.0 8671.0
7204.0 7310.0
5485.0 8010.0
74.0 381.0
5333.0 1364.0
8566.0 6067.0
8797.0 2470.0
3466.0 4833.0
9525.0 8609.0
253.0 6504.0
750.0 1332.0
3114.0 6412.0
7004.0 8286.0
2422.0 9767.0
9479.0 3548.0
4077.0 7896.0
9534.0 6313.0
1465.0 2488.0
7440.0 340.0
3387.0 6477.0
5959.0 9055.0
3784.0 2675.0
781.0 3644.0
1565.0 3824.0
2440.0 4066.0
1339.0 172.0
6728.0 5362.0
8434.0 3205.0
3225.0 4114.0
3938.0 6699.0
3978.0 2461.0
8158.0 8674.0
6920.0 9563.0
3286.0 445.0
1099.0 2860.0
8555.0 1340.0
3269.0 4055.0
3808.0 259.0
7939.0 7160.0
9657.0 7700.0
5438.0 8520.0
5212.0 4372.0
5044.0 1183.0
6542.0 5044.0
2807.0 8502.0
1822.0 8734.0
6067.0 4345.0
1405.0 8927.0
9281.0 9810.0
3657.0 9880.0
8218.0 8823.0
9909.0 7717.0
2092.0 7486.0
4280.0 7396.0
5696.0 4576.0
6773.0 9212.0
6121.0 3088.0
391.0 945.0
1128.0 5157.0
5637.0 4316.0
8720.0 5312.0
8200.0 6850.0
36.0 9368.0
8163.0 2806.0
55.0 8914.0
1528.0 9281.0
3290.0 3712.0
7411.0 6154.0
3932.0 6956.0
6690.0 971.0
2588.0 694.0
470.0 2424.0
4157.0 1386.0
9132.0 8539.0
3920.0 7909.0
5344.0 8236.0
1399.0 6922.0
6810.0 7353.0
4072.0 2981.0
7093.0 2807.0
5530.0 3264.0
5344.0 987.0
5100.0 9308.0
8233.0 9053.0
8533.0 631.0
9926.0 234.0
1846.0 7624.0
8404.0 6780.0
2849.0 3600.0
8976.0 6699.0
7446.0 8381.0
8277.0 2912.0
287.0 8292.0
4575.0 5947.0
1836.0 9972.0
2738.0 3826.0
6410.0 7856.0
4632.0 5248.0
8292.0 7741.0
8319.0 4739.0
5446.0 1283.0
1832.0 860.0
2950.0 8844.0
9886.0 1153.0
687.0 540.0
4318.0 9902.0
2358.0 7909.0
1591.0 7401.0
5426.0 1026.0
3163.0 1802.0
4013.0 8525.0
7076.0 7238.0
9368.0 334.0
1554.0 4296.0
4927.0 5558.0
3936.0 1516.0
5580.0 361.0
786.0 9019.0
3184.0 3268.0
7454.0 7919.0
2918.0 7714.0
7974.0 1642.0
7518.0 4271.0
8559.0 7774.0
8993.0 7434.0
543.0 1602.0
9883.0 4297.0
1086.0 4937.0
8617.0 5074.0
2462.0 6396.0
6054.0 7790.0
3251.0 1741.0
2778.0 2054.0
7250.0 5434.0
9210.0 9307.0
8425.0 7016.0
3112.0 9370.0
2737.0 8472.0
1546.0 5761.0
130.0 1182.0
6883.0 4595.0
2565.0 3623.0
8878.0 4466.0
6316.0 3416.0
7469.0 7227.0
9476.0 9912.0
3263.0 2003.0
7880.0 5875.0
5374.0 7346.0
5339.0 9444.0
8625.0 8922.0
6465.0 6.0
4716.0 2583.0
2931.0 4088.0
4396.0 5243.0
6484.0 9917.0
254.0 8417.0
4495.0 1781.0
2149.0 1800.0
6437.0 7822.0
9898.0 6801.0
2033.0 7379.0
252.0 2378.0
4460.0 6550.0
7748.0 8088.0
4377.0 3068.0
1523.0 1701.0
3143.0 4135.0
2624.0 1302.0
6001.0 3373.0
8906.0 4220.0
8599.0 5468.0
7106.0 7706.0
2610.0 9714.0
4126.0 8718.0
8812.0 6018.0
2107.0 2701.0
8459.0 9547.0
4390.0 3755.0
6206.0 2632.0
1904.0 1050.0
466.0 5062.0
2060.0 8916.0
9501.0 6403.0
4728.0 418.0
4046.0 6467.0
2363.0 6889.0
9822.0 2593.0
3834.0 8221.0
5728.0 4822.0
4080.0 1352.0
6058.0 2651.0
4078.0 6814.0
7525.0 9464.0
8278.0 5705.0
4476.0 3288.0
9017.0 1999.0
8047.0 4997.0
15.0 7576.0
7618.0 7616.0
3501.0 9822.0
5398.0 2833.0
8068.0 4210.0
7415.0 3373.0
6787.0 6737.0
6800.0 2342.0
7687.0 3618.0
7598.0 3206.0
1152.0 8059.0
9.0 6522.0
1312.0 6590.0
338.0 2032.0
1006.0 9738.0
1459.0 7295.0
2348.0 4504.0
2167.0 6457.0
7536.0 8472.0
6174.0 5318.0
6907.0 7965.0
4134.0 1286.0
3843.0 5120.0
4448.0 9410.0
8589.0 1258.0
1241.0 8081.0
5572.0 6449.0
269.0 532.0
1247.0 7632.0
6121.0 811.0
2089.0 199.0
6508.0 5316.0
4773.0 395.0
1976.0 3547.0
3126.0 8456.0
1857.0 4202.0
8895.0 4827.0
9779.0 5254.0
5953.0 4369.0
4547.0 9128.0
9960.0 5927.0
4735.0 6635.0
8066.0 7158.0
7791.0 5775.0
5756.0 6967.0
6989.0 4049.0
356.0 473.0
2018.0 5412.0
3319.0 3870.0
1595.0 5504.0
5815.0 9051.0
8834.0 1287.0
4750.0 410.0
2764.0 3721.0
8730.0 8691.0
1769.0 4608.0
6062.0 9237.0
7324.0 1257.0
9392.0 4582.0
8763.0 5073.0
3994.0 3707.0
2494.0 2715.0
9320.0 2902.0
1409.0 983.0
5873.0 5551.0
2865.0 9008.0
1971.0 785.0
5978.0 3935.0
7460.0 3347.0
1675.0 8703.0
3983.0 9570.0
1167.0 3059.0
3815.0 6832.0
1321.0 1437.0
1913.0 6399.0
7626.0 3849.0
8164.0 2013.0
8146.0 8394.0
9483.0 9117.0
4249.0 6553.0
3772.0 2114.0
6459.0 4865.0
337.0 9504.0
6201.0 9142.0
3832.0 9336.0
6834.0 9861.0
1298.0 9812.0
9716.0 9830.0
4356.0 2439.0
3668.0 7812.0
1150.0 7638.0
8655.0 4190.0
5075.0 5143.0
6976.0 7335.0
9906.0 4121.0
7819.0 1821.0
3344.0 360.0
3469.0 2064.0
3605.0 434.0
8015.0 7598.0
6066.0 5217.0
1867.0 8549.0
9595.0 7617.0
7886.0 2482.0
4598.0 1940.0
7491.0 6239.0
7348.0 4734.0
7497.0 8905.0
7705.0 9531.0
1090.0 4522.0
9759.0 334.0
8671.0 5723.0
7483.0 1266.0
6954.0 1848.0
9969.0 2236.0
7106.0 7752.0
3308.0 3024.0
5256.0 1896.0
8692.0 650.0
1213.0 4851.0
8798.0 7433.0
3670.0 1859.0
7045.0 9598.0
2754.0 5593.0
6767.0 8832.0
3239.0 7736.0
9891.0 1667.0
4203.0 507.0
7197.0 4060.0
3509.0 1765.0
4695.0 1080.0
7880.0 9871.0
3228.0 4056.0
1909.0 6855.0
860.0 85.0
1841.0 1105.0
117.0 1286.0
2402.0 3150.0
4623.0 3666.0
7539.0 707.0
2264.0 7998.0
8377.0 1619.0
4398.0 7581.0
4206.0 5779.0
3192.0 276.0
4820.0 9744.0
1676.0 4696.0
5038.0 102.0
3561.0 2931.0
4722.0 4267.0
2401.0 4683.0
103.0 9811.0
2185.0 214.0
4759.0 5999.0
3881.0 1984.0
1032.0 3611.0
5066.0 7336.0
5230.0 1725.0
2170.0 7148.0
2440.0 2580.0
7410.0 7815.0
9235.0 8147.0
5001.0 6448.0
5138.0 4540.0
3686.0 1657.0
6135.0 2922.0
5194.0 4842.0
6073.0 7997.0
658.0 9327.0
4256.0 7764.0
9585.0 7246.0
50.0 640.0
8451.0 6565.0
