1
512 1 3.0 0.0 1000.0 3 160 240 100

6.5 13.5 29.3 58.5
13.0 27.0 58.5 117.0
19.5 40.5 87.8 175.5
26.0 54.0 117.0 234.0
39.0 81.0 175.5 351.0
52.0 108.0 234.0 468.0
58.5 121.5 263.3 526.5
65.0 135.0 292.5 585.0
78.0 162.0 351.0 702.0
0.0 180.0 390.0 780.0

2.0 5.0 8.0 11.0
5.0 8.0 11.0 14.0
9.0 12.0 15.0 18.0
11.0 14.0 17.0 20.0
15.0 18.0 21.0 24.0
18.0 21.0 24.0 27.0
20.0 23.0 26.0 29.0
25.0 28.0 31.0 34.0
29.0 32.0 35.0 38.0
0.0 34.0 37.0 40.0

4752.0 3929.0
3971.0 6404.0
168.0 9384.0
4400.0 7951.0
7674.0 258.0
9021.0 3617.0
8723.0 5155.0
6307.0 8155.0
6059.0 5279.0
2448.0 8935.0
4075.0 7265.0
7534.0 1445.0
1951.0 6302.0
831.0 1588.0
353.0 5713.0
2251.0 7184.0
5050.0 1590.0
9560.0 3536.0
3247.0 3646.0
3419.0 463.0
961.0 5890.0
4806.0 665.0
2265.0 3289.0
1901.0 1825.0
3708.0 3018.0
6009.0 7302.0
9747.0 1450.0
8571.0 2824.0
7500.0 521.0
3863.0 9049.0
1641.0 9586.0
4427.0 2386.0
2764.0 1415.0
8816.0 8943.0
5030.0 3454.0
3726.0 9010.0
1421.0 7984.0
5074.0 1931.0
7421.0 7316.0
5112.0 3775.0
6438.0 2651.0
5117.0 2665.0
2797.0 7729.0
5762.0 9171.0
620.0 926.0
9714.0 1623.0
9413.0 1894.0
3534.0 8755.0
9675.0 1417.0
8459.0 4542.0
4363.0 5582.0
2124.0 2622.0
4523.0 7917.0
5803.0 182.0
9901.0 5626.0
4235.0 3697.0
7877.0 8551.0
7603.0 1397.0
6515.0 1990.0
7747.0 9849.0
70.0 7012.0
3167.0 4539.0
7764.0 4398.0
9898.0 6827.0
9146.0 844.0
7821.0 2175.0
1872.0 8545.0
4478.0 7010.0
206.0 1817.0
974.0 4126.0
5078.0 6867.0
7020.0 8984.0
9014.0 3357.0
4695.0 1825.0
1748.0 8891.0
3005.0 2936.0
4861.0 54.0
7793.0 1000.0
6237.0 6148.0
4081.0 6868.0
7683.0 4238.0
415.0 7671.0
1516.0 6663.0
7276.0 8633.0
4442.0 4625.0
4137.0 2474.0
9555.0 4006.0
2228.0 8791.0
9761.0 2033.0
2579.0 8296.0
8463.0 5927.0
1423.0 9285.0
5817.0 7173.0
7514.0 6241.0
1385.0 7544.0
8438.0 2934.0
6497.0 5502.0
5492.0 4911.0
2157.0 4120.0
9190.0 8755.0
801.0 4153.0
9974.0 8003.0
2725.0 8393.0
1199.0 8094.0
517.0 5933.0
3964.0 5238.0
7307.0 7489.0
5852.0 6588.0
7142.0 5392.0
8160.0 1596.0
8332.0 4400.0
8680.0 6938.0
3065.0 1958.0
9607.0 9885.0
9121.0 9031.0
2642.0 7511.0
2009.0 5153.0
5858.0 1618.0
8334.0 3821.0
9409.0 1755.0
3731.0 6865.0
9640.0 1222.0
1173.0 8931.0
3673.0 3438.0
7977.0 5703.0
9040.0 8557.0
2339.0 2006.0
5442.0 2708.0
2696.0 8414.0
8181.0 4760.0
5758.0 7502.0
5363.0 7970.0
1514.0 3374.0
3420.0 6414.0
6048.0 591.0
8038.0 8586.0
5462.0 1150.0
48.0 3027.0
6759.0 626.0
8359.0 3395.0
3967.0 7129.0
4498.0 2837.0
364.0 9188.0
5837.0 54.0
92.0 1220.0
7061.0 1942.0
5005.0 7692.0
1959.0 195.0
5047.0 9627.0
110.0 1740.0
3006.0 9573.0
5529.0 5408.0
6944.0 3686.0
6835.0 9698.0
6134.0 2035.0
1038.0 9042.0
8820.0 785.0
5479.0 8436.0
2622.0 2376.0
5028.0 8825.0
909.0 2339.0
4085.0 8134.0
952.0 3877.0
5470.0 5306.0
2186.0 3847.0
758.0 7259.0
5394.0 6270.0
9149.0 1117.0
6147.0 2013.0
4421.0 6613.0
8298.0 5765.0
2054.0 6053.0
5871.0 3942.0
1088.0 1698.0
4155.0 9661.0
7780.0 2978.0
3322.0 3402.0
646.0 8402.0
401.0 512.0
8936.0 9546.0
7914.0 9156.0
9137.0 7014.0
9997.0 4877.0
6557.0 743.0
9339.0 371.0
1558.0 9544.0
746.0 1633.0
2532.0 7252.0
9647.0 4090.0
157.0 5377.0
6385.0 4859.0
33.0 4635.0
9584.0 9775.0
3248.0 239.0
4430.0 6292.0
6955.0 8339.0
4189.0 5926.0
9527.0 3487.0
5768.0 2349.0
7361.0 9517.0
2652.0 3767.0
2898.0 8718.0
1028.0 730.0
5937.0 6679.0
7425.0 2996.0
2805.0 2701.0
8687.0 1578.0
457.0 8148.0
7592.0 4619.0
5078.0 7623.0
9952.0 8217.0
7251.0 352.0
1499.0 5840.0
8276.0 1663.0
5389.0 2458.0
4684.0 6929.0
3639.0 2032.0
549.0 2881.0
8314.0 9480.0
9640.0 3648.0
796.0 773.0
2000.0 1429.0
9940.0 7272.0
2018.0 4161.0
2449.0 2954.0
7559.0 5083.0
1285.0 5653.0
2233.0 1565.0
430.0 5953.0
5362.0 3094.0
6833.0 9860.0
6725.0 792.0
2841.0 3890.0
5642.0 3360.0
4957.0 3707.0
6477.0 6815.0
7230.0 9939.0
5122.0 7919.0
100.0 7311.0
3537.0 3673.0
8025.0 5721.0
1919.0 1760.0
1707.0 4396.0
556.0 9323.0
3226.0 2760.0
5959.0 9958.0
4925.0 4154.0
8322.0 1306.0
5348.0 1016.0
9893.0 8126.0
8054.0 2692.0
6316.0 8234.0
1635.0 9479.0
5526.0 1187.0
1755.0 9041.0
1260.0 2100.0
8521.0 3845.0
751.0 5471.0
5023.0 731.0
8688.0 6407.0
5350.0 6254.0
1994.0 9126.0
2909.0 3945.0
2515.0 5119.0
2361.0 2099.0
7163.0 5856.0
1006.0 3242.0
7614.0 7426.0
7922.0 8908.0
4105.0 6972.0
1691.0 5844.0
411.0 3337.0
27.0 2297.0
9577.0 6769.0
7124.0 5498.0
2470.0 5093.0
7050.0 3989.0
3716.0 6221.0
4004.0 911.0
2105.0 9390.0
2755.0 6907.0
5022.0 9997.0
5087.0 3747.0
8986.0 5437.0
567.0 2335.0
851.0 1797.0
2456.0 1205.0
6760.0 3823.0
2094.0 4155.0
8407.0 3008.0
7555.0 8155.0
8677.0 1212.0
4921.0 5143.0
1251.0 9680.0
2975.0 3859.0
1222.0 5850.0
4643.0 346.0
6314.0 2825.0
1001.0 8245.0
760.0 8902.0
6170.0 2525.0
6418.0 7031.0
3918.0 2770.0
8187.0 6599.0
9287.0 4670.0
3305.0 2404.0
1071.0 836.0
6584.0 8219.0
3463.0 4581.0
6170.0 4821.0
7686.0 2790.0
6884.0 4869.0
6934.0 6525.0
714.0 9511.0
446.0 484.0
6547.0 4108.0
5026.0 4959.0
3686.0 2954.0
4830.0 6413.0
6240.0 5376.0
2751.0 5325.0
7950.0 8098.0
9203.0 2419.0
9526.0 1248.0
6650.0 6918.0
3053.0 7899.0
669.0 2965.0
560.0 9511.0
900.0 2819.0
6295.0 2181.0
7678.0 7985.0
4797.0 1056.0
2677.0 1899.0
9320.0 2815.0
4394.0 295.0
7699.0 8591.0
1775.0 7900.0
5201.0 2217.0
1822.0 2582.0
6460.0 1182.0
9487.0 580.0
1044.0 175.0
685.0 8962.0
9734.0 9606.0
1738.0 3927.0
1090.0 3981.0
1070.0 6103.0
365.0 7522.0
1482.0 6450.0
5337.0 6899.0
3820.0 8927.0
6140.0 3476.0
5354.0 8533.0
8654.0 9942.0
8696.0 5874.0
3532.0 8710.0
9576.0 1867.0
5419.0 1975.0
4286.0 8741.0
9464.0 5802.0
129.0 5943.0
4653.0 3139.0
4679.0 2092.0
6075.0 3124.0
2177.0 6624.0
665.0 6589.0
7892.0 7235.0
3497.0 117.0
3748.0 1784.0
4211.0 3561.0
1059.0 5769.0
5632.0 8390.0
8677.0 9015.0
9151.0 6752.0
7377.0 7708.0
3949.0 3638.0
3806.0 407.0
9620.0 7023.0
9805.0 9166.0
4279.0 3379.0
5437.0 9398.0
2707.0 8426.0
6527.0 4619.0
1623.0 5517.0
50.0 4695.0
1636.0 6542.0
3170.0 8735.0
7963.0 2715.0
4272.0 6261.0
4464.0 5150.0
6780.0 2775.0
8088.0 7597.0
9111.0 8379.0
3277.0 6212.0
6556.0 560.0
8420.0 3769.0
3439.0 4782.0
8903.0 8172.0
6342.0 9019.0
3854.0 7658.0
1743.0 854.0
6124.0 7586.0
3875.0 8293.0
7601.0 6171.0
1124.0 7901.0
4404.0 9067.0
1795.0 6422.0
9044.0 5175.0
2560.0 4493.0
9118.0 8549.0
5408.0 3596.0
4597.0 3802.0
1425.0 9877.0
8294.0 4874.0
2211.0 973.0
6571.0 9565.0
2268.0 4460.0
9859.0 4697.0
8171.0 9079.0
5058.0 9303.0
2844.0 2358.0
4396.0 5715.0
5763.0 765.0
7808.0 942.0
2407.0 1025.0
8407.0 3212.0
8770.0 3742.0
3124.0 1075.0
9265.0 2941.0
3081.0 4927.0
8834.0 7686.0
763.0 3367.0
2582.0 4380.0
3577.0 9241.0
8768.0 910.0
5843.0 2777.0
3449.0 6240.0
3810.0 1685.0
7629.0 1610.0
757.0 602.0
204.0 1951.0
1743.0 4770.0
2543.0 8677.0
97.0 5336.0
3016.0 7449.0
191.0 6133.0
2291.0 7084.0
3589.0 4360.0
2723.0 8216.0
8132.0 7.0
7652.0 2842.0
2027.0 1441.0
8930.0 8404.0
7521.0 7009.0
3505.0 2522.0
1220.0 5058.0
2365.0 7015.0
623.0 7251.0
7688.0 2352.0
8953.0 2549.0
6489.0 6155.0
2839.0 1769.0
1614.0 1886.0
9940.0 5070.0
3370.0 6366.0
6052.0 7274.0
7646.0 7238.0
3802.0 8387.0
8809.0 4020.0
7473.0 9220.0
8229.0 8886.0
1042.0 4476.0
1727.0 5784.0
9002.0 8197.0
1782.0 9055.0
2031.0 8952.0
2810.0 5159.0
2089.0 4642.0
342.0 3659.0
4001.0 9316.0
7410.0 6087.0
3108.0 6869.0
3974.0 3823.0
1048.0 9016.0
7704.0 8631.0
4240.0 7419.0
6934.0 1968.0
2142.0 2342.0
9114.0 1718.0
4856.0 2737.0
586.0 7468.0
2140.0 5125.0
5981.0 7964.0
8416.0 1160.0
8088.0 6883.0
817.0 6269.0
1495.0 5556.0
9875.0 4232.0
5824.0 3756.0
4893.0 5100.0
6892.0 2216.0
8591.0 6334.0
6602.0 2978.0
8078.0 9530.0
4900.0 6229.0
1745.0 7639.0
9604.0 4736.0
4118.0 45.0
2443.0 9541.0
3272.0 5388.0
2099.0 3015.0
7852.0 4521.0

4758.0 3933.0
3975.0 6408.0
173.0 9389.0
4406.0 7956.0
7679.0 263.0
9026.0 3622.0
8728.0 5160.0
6312.0 8160.0
6063.0 5285.0
2452.0 8940.0
4080.0 7270.0
7538.0 1450.0
1955.0 6307.0
836.0 1593.0
357.0 5719.0
2255.0 7188.0
5056.0 1596.0
9566.0 3540.0
3252.0 3650.0
3423.0 468.0
967.0 5894.0
4811.0 670.0
2269.0 3295.0
1906.0 1830.0
3714.0 3023.0
6013.0 7308.0
9751.0 1455.0
8576.0 2830.0
7504.0 525.0
3868.0 9054.0
1646.0 9592.0
4432.0 2392.0
2769.0 1419.0
8822.0 8949.0
5035.0 3460.0
3731.0 9015.0
1426.0 7988.0
5079.0 1935.0
7426.0 7320.0
5117.0 3780.0
6443.0 2656.0
5122.0 2669.0
2802.0 7734.0
5766.0 9176.0
626.0 930.0
9719.0 1628.0
9418.0 1899.0
3539.0 8760.0
9680.0 1423.0
8464.0 4547.0
4369.0 5587.0
2129.0 2627.0
4528.0 7922.0
5808.0 187.0
9906.0 5632.0
4239.0 3702.0
7882.0 8556.0
7609.0 1402.0
6520.0 1994.0
7752.0 9854.0
74.0 7016.0
3173.0 4545.0
7768.0 4403.0
9903.0 6831.0
9151.0 849.0
7826.0 2179.0
1878.0 8550.0
4484.0 7016.0
211.0 1822.0
979.0 4131.0
5083.0 6872.0
7024.0 8989.0
9019.0 3361.0
4700.0 1830.0
1753.0 8896.0
3010.0 2942.0
4866.0 59.0
7798.0 1006.0
6243.0 6152.0
4086.0 6873.0
7688.0 4243.0
420.0 7675.0
1522.0 6668.0
7282.0 8637.0
4446.0 4630.0
4141.0 2480.0
9561.0 4011.0
2234.0 8796.0
9765.0 2039.0
2585.0 8301.0
8468.0 5933.0
1428.0 9289.0
5822.0 7179.0
7518.0 6245.0
1390.0 7549.0
8444.0 2940.0
6501.0 5506.0
5497.0 4916.0
2163.0 4125.0
9195.0 8760.0
806.0 4158.0
9979.0 8008.0
2729.0 8398.0
1203.0 8099.0
521.0 5939.0
3969.0 5243.0
7312.0 7493.0
5857.0 6594.0
7147.0 5397.0
8165.0 1601.0
8338.0 4404.0
8684.0 6943.0
3070.0 1962.0
9612.0 9890.0
9125.0 9037.0
2647.0 7515.0
2015.0 5157.0
5862.0 1622.0
8338.0 3826.0
9414.0 1760.0
3736.0 6869.0
9644.0 1227.0
1178.0 8936.0
3679.0 3443.0
7982.0 5707.0
9045.0 8563.0
2345.0 2012.0
5448.0 2712.0
2701.0 8420.0
8186.0 4765.0
5763.0 7507.0
5367.0 7974.0
1519.0 3380.0
3426.0 6418.0
6053.0 596.0
8043.0 8590.0
5467.0 1154.0
52.0 3032.0
6765.0 631.0
8365.0 3400.0
3972.0 7135.0
4502.0 2842.0
370.0 9192.0
5842.0 58.0
96.0 1224.0
7066.0 1947.0
5009.0 7696.0
1963.0 201.0
5052.0 9633.0
115.0 1746.0
3011.0 9578.0
5533.0 5413.0
6950.0 3691.0
6839.0 9704.0
6138.0 2040.0
1042.0 9047.0
8826.0 789.0
5484.0 8440.0
2628.0 2380.0
5033.0 8830.0
914.0 2343.0
4090.0 8140.0
957.0 3881.0
5475.0 5312.0
2191.0 3853.0
762.0 7264.0
5398.0 6276.0
9153.0 1122.0
6152.0 2018.0
4427.0 6618.0
8303.0 5771.0
2059.0 6059.0
5877.0 3946.0
1092.0 1703.0
4159.0 9666.0
7786.0 2984.0
3326.0 3407.0
650.0 8407.0
405.0 518.0
8941.0 9552.0
7919.0 9160.0
9142.0 7019.0
10002.0 4882.0
6561.0 748.0
9344.0 375.0
1563.0 9548.0
751.0 1639.0
2538.0 7256.0
9652.0 4094.0
161.0 5381.0
6389.0 4865.0
37.0 4640.0
9589.0 9780.0
3252.0 244.0
4435.0 6297.0
6961.0 8345.0
4194.0 5931.0
9532.0 3492.0
5772.0 2354.0
7365.0 9522.0
2656.0 3772.0
2903.0 8722.0
1033.0 735.0
5941.0 6685.0
7431.0 3001.0
2810.0 2705.0
8691.0 1582.0
462.0 8153.0
7597.0 4625.0
5084.0 7627.0
9958.0 8223.0
7256.0 357.0
1504.0 5846.0
8281.0 1668.0
5394.0 2463.0
4689.0 6933.0
3643.0 2036.0
554.0 2887.0
8320.0 9485.0
9646.0 3653.0
800.0 778.0
2004.0 1434.0
9945.0 7276.0
2023.0 4165.0
2454.0 2958.0
7564.0 5088.0
1291.0 5659.0
2238.0 1569.0
435.0 5958.0
5368.0 3099.0
6838.0 9864.0
6729.0 797.0
2846.0 3895.0
5646.0 3366.0
4962.0 3712.0
6483.0 6820.0
7236.0 9945.0
5126.0 7924.0
105.0 7316.0
3543.0 3678.0
8030.0 5725.0
1923.0 1766.0
1712.0 4401.0
562.0 9328.0
3231.0 2764.0
5964.0 9964.0
4929.0 4160.0
8326.0 1311.0
5354.0 1022.0
9899.0 8131.0
8058.0 2697.0
6321.0 8239.0
1640.0 9484.0
5531.0 1192.0
1760.0 9047.0
1265.0 2104.0
8525.0 3850.0
756.0 5476.0
5028.0 735.0
8693.0 6412.0
5355.0 6259.0
2000.0 9130.0
2915.0 3949.0
2520.0 5125.0
2366.0 2104.0
7167.0 5861.0
1010.0 3248.0
7618.0 7431.0
7928.0 8912.0
4110.0 6976.0
1696.0 5848.0
416.0 3343.0
32.0 2302.0
9581.0 6774.0
7129.0 5504.0
2474.0 5097.0
7054.0 3995.0
3720.0 6226.0
4009.0 915.0
2110.0 9395.0
2761.0 6913.0
5027.0 10003.0
5091.0 3751.0
8992.0 5443.0
572.0 2340.0
856.0 1803.0
2461.0 1209.0
6765.0 3827.0
2099.0 4160.0
8412.0 3013.0
7560.0 8160.0
8681.0 1218.0
4926.0 5148.0
1257.0 9684.0
2980.0 3864.0
1227.0 5855.0
4649.0 352.0
6319.0 2829.0
1007.0 8249.0
765.0 8907.0
6176.0 2530.0
6422.0 7037.0
3923.0 2776.0
8192.0 6604.0
9293.0 4676.0
3310.0 2408.0
1075.0 842.0
6588.0 8224.0
3469.0 4587.0
6175.0 4827.0
7690.0 2795.0
6889.0 4875.0
6940.0 6530.0
718.0 9515.0
451.0 488.0
6552.0 4114.0
5031.0 4964.0
3692.0 2959.0
4835.0 6418.0
6245.0 5380.0
2755.0 5330.0
7954.0 8102.0
9208.0 2425.0
9531.0 1253.0
6654.0 6923.0
3058.0 7905.0
674.0 2970.0
565.0 9517.0
906.0 2824.0
6299.0 2187.0
7683.0 7989.0
4802.0 1062.0
2681.0 1905.0
9324.0 2821.0
4399.0 299.0
7704.0 8596.0
1781.0 7905.0
5206.0 2221.0
1828.0 2587.0
6465.0 1187.0
9492.0 586.0
1049.0 181.0
690.0 8967.0
9738.0 9611.0
1743.0 3933.0
1094.0 3986.0
1074.0 6107.0
371.0 7527.0
1488.0 6456.0
5341.0 6904.0
3826.0 8932.0
6146.0 3481.0
5358.0 8538.0
8659.0 9947.0
8700.0 5879.0
3537.0 8714.0
9580.0 1872.0
5424.0 1981.0
4290.0 8746.0
9469.0 5807.0
135.0 5948.0
4658.0 3144.0
4683.0 2096.0
6080.0 3129.0
2182.0 6628.0
670.0 6593.0
7897.0 7239.0
3501.0 122.0
3754.0 1789.0
4217.0 3567.0
1064.0 5774.0
5637.0 8395.0
8682.0 9020.0
9155.0 6758.0
7382.0 7713.0
3954.0 3643.0
3811.0 411.0
9624.0 7027.0
9811.0 9171.0
4283.0 3385.0
5443.0 9404.0
2712.0 8432.0
6532.0 4624.0
1627.0 5522.0
55.0 4701.0
1641.0 6547.0
3174.0 8740.0
7968.0 2719.0
4276.0 6265.0
4469.0 5155.0
6785.0 2780.0
8094.0 7602.0
9117.0 8383.0
3282.0 6217.0
6561.0 565.0
8425.0 3774.0
3444.0 4788.0
8907.0 8177.0
6347.0 9025.0
3860.0 7662.0
1749.0 859.0
6128.0 7590.0
3880.0 8298.0
7607.0 6176.0
1129.0 7906.0
4408.0 9071.0
1800.0 6427.0
9048.0 5180.0
2565.0 4498.0
9124.0 8555.0
5413.0 3602.0
4602.0 3807.0
1431.0 9882.0
8300.0 4878.0
2217.0 978.0
6576.0 9570.0
2274.0 4466.0
9864.0 4702.0
8176.0 9084.0
5063.0 9309.0
2849.0 2363.0
4402.0 5719.0
5768.0 770.0
7813.0 947.0
2412.0 1030.0
8413.0 3218.0
8774.0 3748.0
3129.0 1080.0
9270.0 2945.0
3087.0 4933.0
8839.0 7691.0
769.0 3371.0
2587.0 4384.0
3581.0 9246.0
8772.0 914.0
5848.0 2783.0
3455.0 6245.0
3814.0 1690.0
7634.0 1615.0
762.0 608.0
209.0 1956.0
1749.0 4776.0
2548.0 8683.0
102.0 5340.0
3020.0 7454.0
195.0 6138.0
2296.0 7089.0
3594.0 4364.0
2728.0 8220.0
8137.0 13.0
7657.0 2846.0
2032.0 1445.0
8935.0 8409.0
7526.0 7014.0
3509.0 2527.0
1224.0 5064.0
2370.0 7021.0
629.0 7257.0
7694.0 2357.0
8958.0 2554.0
6495.0 6159.0
2844.0 1773.0
1620.0 1891.0
9944.0 5076.0
3375.0 6372.0
6057.0 7279.0
7651.0 7242.0
3807.0 8393.0
8814.0 4026.0
7478.0 9224.0
8234.0 8891.0
1048.0 4481.0
1732.0 5789.0
9006.0 8203.0
1788.0 9059.0
2036.0 8958.0
2815.0 5164.0
2093.0 4647.0
347.0 3663.0
4007.0 9322.0
7415.0 6091.0
3113.0 6874.0
3980.0 3829.0
1052.0 9021.0
7709.0 8636.0
4246.0 7424.0
6939.0 1972.0
2147.0 2347.0
9118.0 1723.0
4861.0 2742.0
591.0 7473.0
2145.0 5130.0
5985.0 7968.0
8420.0 1165.0
8092.0 6887.0
822.0 6275.0
1499.0 5562.0
9880.0 4236.0
5828.0 3760.0
4898.0 5106.0
6898.0 2221.0
8596.0 6340.0
6607.0 2984.0
8084.0 9535.0
4904.0 6233.0
1749.0 7645.0
9610.0 4741.0
4122.0 50.0
2448.0 9545.0
3277.0 5392.0
2105.0 3020.0
7857.0 4526.0
