1
512 1 3.0 0.0 1000.0 3 160 240 100

6.5 13.5 29.3 58.5
13.0 27.0 58.5 117.0
19.5 40.5 87.8 175.5
26.0 54.0 117.0 234.0
39.0 81.0 175.5 351.0
52.0 108.0 234.0 468.0
58.5 121.5 263.3 526.5
65.0 135.0 292.5 585.0
78.0 162.0 351.0 702.0
0.0 180.0 390.0 780.0

2.0 5.0 8.0 11.0
5.0 8.0 11.0 14.0
9.0 12.0 15.0 18.0
11.0 14.0 17.0 20.0
15.0 18.0 21.0 24.0
18.0 21.0 24.0 27.0
20.0 23.0 26.0 29.0
25.0 28.0 31.0 34.0
29.0 32.0 35.0 38.0
0.0 34.0 37.0 40.0

7609.0 7933.0
3290.0 8479.0
7909.0 3682.0
9274.0 8843.0
5871.0 3254.0
3049.0 383.0
7636.0 7136.0
5611.0 8361.0
568.0 2742.0
378.0 5380.0
5649.0 527.0
6394.0 5158.0
2640.0 394.0
644.0 3113.0
8820.0 4550.0
6551.0 6139.0
4627.0 5425.0
8220.0 6461.0
2028.0 9804.0
2503.0 6942.0
3921.0 2787.0
3458.0 7738.0
5414.0 7726.0
6263.0 6668.0
277.0 761.0
170.0 8204.0
8400.0 1090.0
2550.0 8433.0
2581.0 616.0
8621.0 5906.0
5455.0 9082.0
3907.0 736.0
9882.0 3349.0
9022.0 6832.0
8633.0 1940.0
8826.0 4656.0
1669.0 8480.0
540.0 4386.0
1857.0 170.0
7885.0 1858.0
2421.0 9929.0
810.0 2187.0
1969.0 3327.0
2889.0 8429.0
5402.0 3959.0
952.0 5187.0
1531.0 3370.0
4018.0 9528.0
722.0 4190.0
1106.0 4106.0
8388.0 7585.0
9988.0 9861.0
2651.0 8682.0
1464.0 8192.0
6989.0 6080.0
6215.0 4972.0
1195.0 4091.0
3819.0 1299.0
6464.0 8846.0
5989.0 8357.0
2927.0 1890.0
8612.0 6282.0
460.0 7399.0
9653.0 9398.0
6075.0 1669.0
2496.0 2723.0
3733.0 5979.0
6795.0 7117.0
4871.0 6496.0
1402.0 2963.0
499.0 7326.0
6444.0 4750.0
8154.0 5357.0
4117.0 1464.0
9548.0 8030.0
273.0 141.0
7234.0 7658.0
1364.0 2492.0
1101.0 8441.0
3814.0 6959.0
8015.0 4801.0
5396.0 1110.0
445.0 2162.0
676.0 1729.0
2370.0 3834.0
5096.0 2506.0
3308.0 100.0
4775.0 1694.0
3776.0 8166.0
1581.0 4628.0
8003.0 4095.0
5568.0 8483.0
2215.0 354.0
9319.0 9149.0
9323.0 5119.0
1298.0 2615.0
3318.0 1960.0
7750.0 5744.0
9203.0 1043.0
5245.0 3810.0
6781.0 5481.0
8419.0 4697.0
9124.0 8972.0
9988.0 2127.0
9028.0 3344.0
2611.0 2817.0
9293.0 7156.0
4665.0 4923.0
5138.0 8976.0
4501.0 7685.0
9569.0 1470.0
258.0 4627.0
5029.0 4944.0
4803.0 5215.0
7148.0 1459.0
7865.0 2343.0
8899.0 3162.0
9936.0 5537.0
6012.0 959.0
5001.0 2261.0
6924.0 2170.0
1690.0 2198.0
3128.0 8289.0
4889.0 1902.0
8212.0 6488.0
2409.0 9689.0
6413.0 1005.0
3768.0 3171.0
4023.0 3030.0
666.0 4288.0
9446.0 238.0
1210.0 9243.0
238.0 9597.0
2469.0 3220.0
7950.0 9585.0
8436.0 2253.0
4089.0 440.0
2949.0 7148.0
3023.0 3590.0
9653.0 6825.0
147.0 3886.0
3578.0 974.0
6130.0 775.0
1386.0 4404.0
568.0 7043.0
9880.0 7963.0
853.0 6261.0
4825.0 3422.0
4595.0 2572.0
4659.0 2192.0
6399.0 8942.0
6176.0 274.0
2325.0 2524.0
1726.0 4311.0
7863.0 8241.0
28.0 6125.0
7719.0 4257.0
5145.0 5635.0
8254.0 5431.0
713.0 4523.0
5885.0 3418.0
8974.0 5544.0
7274.0 4529.0
6692.0 4847.0
9614.0 8993.0
2528.0 7214.0
1856.0 7756.0
2931.0 6567.0
167.0 5433.0
6133.0 6662.0
3463.0 574.0
6297.0 9323.0
7329.0 6845.0
2407.0 114.0
7140.0 1287.0
8959.0 3832.0
3717.0 8259.0
8031.0 4693.0
7326.0 217.0
4793.0 8609.0
8346.0 8957.0
1040.0 7426.0
5425.0 3445.0
3800.0 7509.0
4450.0 2882.0
8615.0 7569.0
4135.0 6128.0
9528.0 3091.0
6569.0 1112.0
387.0 7265.0
3529.0 383.0
4503.0 801.0
1883.0 1403.0
2248.0 5502.0
3904.0 2744.0
8669.0 8979.0
813.0 9805.0
5666.0 407.0
376.0 6185.0
5834.0 9679.0
1872.0 9349.0
7512.0 4859.0
4246.0 1715.0
3127.0 5316.0
5784.0 799.0
5395.0 411.0
6111.0 4547.0
8456.0 6130.0
3848.0 486.0
3502.0 4545.0
5739.0 9834.0
982.0 3474.0
5571.0 195.0
3946.0 6243.0
3707.0 2973.0
9597.0 3914.0
553.0 4138.0
8627.0 4874.0
9783.0 9484.0
4406.0 9160.0
9631.0 7992.0
6591.0 7409.0
3082.0 9458.0
6226.0 6811.0
279.0 4999.0
1908.0 8950.0
8965.0 1574.0
9084.0 6918.0
1273.0 4155.0
7051.0 1580.0
7706.0 1685.0
728.0 9376.0
1601.0 5447.0
6780.0 6540.0
9915.0 980.0
6143.0 7127.0
8646.0 7179.0
7546.0 4716.0
3714.0 8708.0
9077.0 189.0
614.0 357.0
7386.0 455.0
8675.0 4482.0
6572.0 5506.0
8227.0 5152.0
1343.0 3696.0
1516.0 5144.0
1508.0 7611.0
671.0 4421.0
7379.0 5425.0
8553.0 1208.0
8147.0 5118.0
804.0 9319.0
7806.0 1445.0
9911.0 7864.0
5694.0 8030.0
4618.0 1957.0
1220.0 9475.0
491.0 5567.0
4855.0 867.0
9965.0 150.0
9944.0 4559.0
2696.0 5180.0
2417.0 6616.0
9532.0 9225.0
7977.0 7804.0
5919.0 2696.0
8818.0 6502.0
3082.0 5901.0
4457.0 3433.0
7778.0 8534.0
3743.0 575.0
3952.0 9242.0
7623.0 9160.0
2122.0 6393.0
4715.0 4122.0
4800.0 3678.0
4290.0 4888.0
8784.0 6690.0
3698.0 4897.0
7624.0 9097.0
9835.0 4720.0
99.0 9558.0
6709.0 6173.0
3022.0 3005.0
3680.0 7299.0
9176.0 2422.0
1438.0 611.0
3729.0 9763.0
5296.0 9463.0
4927.0 7137.0
7869.0 9953.0
7394.0 1886.0
5703.0 8220.0
8858.0 1704.0
6923.0 5534.0
3625.0 8416.0
9488.0 6049.0
8616.0 1554.0
2093.0 4613.0
292.0 5369.0
2323.0 4512.0
3291.0 5399.0
9097.0 7527.0
4082.0 3244.0
8995.0 1196.0
5478.0 658.0
8533.0 660.0
313.0 6612.0
6944.0 4969.0
5101.0 3449.0
6551.0 242.0
7014.0 765.0
303.0 4558.0
9984.0 8155.0
8520.0 1958.0
8252.0 447.0
9455.0 5447.0
8192.0 1562.0
710.0 1380.0
1722.0 5641.0
1092.0 99.0
7124.0 6555.0
4984.0 228.0
5597.0 9443.0
3782.0 6490.0
4360.0 405.0
1493.0 3436.0
9627.0 2991.0
4044.0 9972.0
5273.0 2605.0
4382.0 2054.0
5510.0 2473.0
7934.0 3454.0
2398.0 7292.0
5499.0 6957.0
1506.0 3206.0
3135.0 897.0
1550.0 5232.0
1120.0 8384.0
6318.0 5777.0
6555.0 9139.0
9713.0 374.0
6673.0 6291.0
7228.0 9266.0
2436.0 3034.0
9677.0 5981.0
4477.0 6528.0
7493.0 6526.0
5968.0 8913.0
6435.0 5326.0
9483.0 7837.0
7993.0 6550.0
7412.0 1366.0
343.0 1957.0
8027.0 4666.0
8145.0 8888.0
1730.0 8341.0
2028.0 4539.0
4592.0 804.0
1066.0 5154.0
8723.0 9569.0
4065.0 1260.0
1568.0 8843.0
8002.0 2590.0
8677.0 3306.0
4403.0 8810.0
7034.0 454.0
7012.0 4704.0
8517.0 6395.0
6551.0 929.0
5539.0 2480.0
903.0 3984.0
3471.0 2646.0
1527.0 1529.0
6889.0 3860.0
9437.0 1672.0
9235.0 4544.0
6557.0 7378.0
7949.0 8365.0
779.0 9614.0
9654.0 3271.0
5537.0 5368.0
2450.0 8157.0
7220.0 9185.0
4905.0 2046.0
6251.0 9338.0
3799.0 3165.0
141.0 2275.0
5193.0 7796.0
9348.0 1477.0
5905.0 1291.0
9251.0 9349.0
4947.0 6134.0
4075.0 3294.0
7005.0 4423.0
1068.0 9581.0
2531.0 4667.0
5768.0 1162.0
1506.0 5276.0
1668.0 8054.0
463.0 9622.0
104.0 1427.0
4825.0 58.0
8690.0 5030.0
1134.0 787.0
9107.0 87.0
6245.0 1942.0
7592.0 2294.0
3044.0 9781.0
3912.0 2051.0
4777.0 372.0
7176.0 1566.0
2541.0 6641.0
9289.0 4954.0
3026.0 1185.0
9363.0 9980.0
6065.0 9721.0
4925.0 2555.0
4069.0 2549.0
8224.0 7644.0
7911.0 3928.0
8463.0 2697.0
6340.0 1727.0
3279.0 2254.0
8484.0 2261.0
5293.0 4841.0
1520.0 7658.0
2040.0 5797.0
8075.0 5683.0
113.0 2170.0
439.0 4360.0
6828.0 8305.0
1140.0 6308.0
5240.0 3262.0
1983.0 153.0
830.0 3697.0
6084.0 8908.0
675.0 8336.0
9.0 7701.0
8430.0 2680.0
5556.0 5739.0
936.0 5065.0
3270.0 9877.0
4784.0 7723.0
2254.0 9695.0
3641.0 8960.0
3345.0 6445.0
9667.0 5103.0
5232.0 771.0
4851.0 3327.0
5578.0 6564.0
564.0 9020.0
1720.0 856.0
6173.0 3793.0
8024.0 2114.0
26.0 2785.0
9448.0 1841.0
8618.0 2397.0
3406.0 6840.0
2286.0 2071.0
4482.0 2049.0
8217.0 6264.0
9078.0 6313.0
4127.0 5244.0
9562.0 5984.0
8397.0 5834.0
9989.0 3724.0
5013.0 5755.0
7954.0 2404.0
4112.0 7673.0
9669.0 6479.0
1470.0 1612.0
7807.0 5709.0
2734.0 6847.0
4211.0 8632.0
736.0 6914.0
2015.0 5652.0
6700.0 3873.0
4264.0 4131.0
8660.0 457.0
8592.0 374.0
2920.0 1234.0
36.0 5880.0
6863.0 6417.0
6553.0 7750.0
3939.0 4466.0
4305.0 5629.0
4153.0 2093.0
2300.0 66.0
5859.0 2821.0
8432.0 9681.0
7204.0 7726.0
1520.0 7009.0
8017.0 4489.0
6389.0 5418.0
5485.0 3393.0
1587.0 1977.0
9423.0 1404.0
1790.0 3651.0
5457.0 7959.0
9475.0 6719.0
6956.0 8606.0
2933.0 1786.0
9014.0 5110.0
179.0 9281.0
316.0 3185.0
850.0 2812.0
1197.0 1454.0
639.0 281.0
8732.0 7793.0
5358.0 5112.0

7615.0 7937.0
3294.0 8483.0
7913.0 3687.0
9279.0 8848.0
5876.0 3259.0
3053.0 389.0
7642.0 7140.0
5616.0 8366.0
573.0 2747.0
383.0 5384.0
5654.0 533.0
6400.0 5164.0
2646.0 399.0
650.0 3117.0
8824.0 4556.0
6557.0 6144.0
4631.0 5431.0
8225.0 6465.0
2033.0 9809.0
2509.0 6948.0
3927.0 2792.0
3462.0 7744.0
5419.0 7731.0
6268.0 6674.0
282.0 767.0
175.0 8209.0
8405.0 1095.0
2555.0 8437.0
2585.0 622.0
8626.0 5911.0
5460.0 9088.0
3912.0 740.0
9887.0 3355.0
9027.0 6837.0
8638.0 1945.0
8830.0 4661.0
1674.0 8486.0
544.0 4392.0
1862.0 176.0
7891.0 1863.0
2427.0 9933.0
816.0 2192.0
1975.0 3332.0
2894.0 8435.0
5407.0 3963.0
957.0 5192.0
1536.0 3375.0
4024.0 9534.0
727.0 4195.0
1111.0 4110.0
8393.0 7591.0
9994.0 9865.0
2656.0 8687.0
1470.0 8196.0
6994.0 6084.0
6219.0 4977.0
1199.0 4096.0
3824.0 1303.0
6470.0 8851.0
5995.0 8361.0
2933.0 1896.0
8617.0 6286.0
465.0 7404.0
9657.0 9403.0
6079.0 1674.0
2502.0 2729.0
3738.0 5984.0
6800.0 7121.0
4877.0 6502.0
1407.0 2969.0
504.0 7331.0
6450.0 4755.0
8158.0 5363.0
4122.0 1469.0
9553.0 8036.0
279.0 146.0
7240.0 7663.0
1368.0 2498.0
1107.0 8445.0
3818.0 6963.0
8021.0 4805.0
5402.0 1116.0
450.0 2168.0
682.0 1734.0
2375.0 3839.0
5101.0 2511.0
3314.0 104.0
4780.0 1698.0
3781.0 8172.0
1586.0 4634.0
8008.0 4100.0
5572.0 8487.0
2219.0 360.0
9324.0 9154.0
9329.0 5125.0
1302.0 2620.0
3322.0 1965.0
7756.0 5750.0
9207.0 1048.0
5250.0 3816.0
6785.0 5486.0
8423.0 4702.0
9130.0 8977.0
9992.0 2132.0
9033.0 3349.0
2617.0 2822.0
9298.0 7161.0
4670.0 4928.0
5142.0 8980.0
4506.0 7691.0
9575.0 1475.0
263.0 4632.0
5034.0 4949.0
4808.0 5221.0
7154.0 1463.0
7871.0 2349.0
8903.0 3167.0
9940.0 5543.0
6017.0 964.0
5006.0 2266.0
6929.0 2174.0
1696.0 2204.0
3132.0 8295.0
4893.0 1907.0
8217.0 6493.0
2414.0 9695.0
6418.0 1011.0
3773.0 3177.0
4028.0 3036.0
672.0 4293.0
9451.0 243.0
1215.0 9249.0
243.0 9602.0
2474.0 3224.0
7954.0 9591.0
8440.0 2258.0
4095.0 444.0
2953.0 7153.0
3029.0 3595.0
9659.0 6830.0
152.0 3891.0
3584.0 979.0
6136.0 781.0
1390.0 4409.0
573.0 7048.0
9884.0 7967.0
858.0 6266.0
4829.0 3428.0
4600.0 2576.0
4664.0 2197.0
6403.0 8947.0
6181.0 279.0
2329.0 2530.0
1730.0 4316.0
7869.0 8245.0
33.0 6129.0
7725.0 4262.0
5149.0 5641.0
8259.0 5435.0
718.0 4529.0
5891.0 3422.0
8978.0 5549.0
7278.0 4535.0
6698.0 4851.0
9619.0 8999.0
2533.0 7219.0
1862.0 7761.0
2937.0 6573.0
172.0 5437.0
6138.0 6667.0
3468.0 579.0
6302.0 9327.0
7334.0 6849.0
2412.0 118.0
7145.0 1292.0
8964.0 3836.0
3722.0 8263.0
8037.0 4698.0
7330.0 222.0
4798.0 8615.0
8350.0 8962.0
1045.0 7431.0
5431.0 3450.0
3805.0 7515.0
4455.0 2886.0
8620.0 7574.0
4139.0 6133.0
9534.0 3096.0
6575.0 1117.0
391.0 7270.0
3534.0 388.0
4508.0 806.0
1887.0 1408.0
2254.0 5507.0
3909.0 2750.0
8674.0 8985.0
819.0 9810.0
5671.0 412.0
382.0 6190.0
5839.0 9684.0
1876.0 9354.0
7517.0 4864.0
4250.0 1721.0
3132.0 5321.0
5789.0 804.0
5400.0 417.0
6115.0 4552.0
8460.0 6134.0
3853.0 490.0
3507.0 4550.0
5744.0 9840.0
987.0 3479.0
5577.0 199.0
3951.0 6248.0
3712.0 2979.0
9601.0 3918.0
558.0 4143.0
8631.0 4880.0
9788.0 9490.0
4412.0 9164.0
9636.0 7997.0
6597.0 7415.0
3087.0 9463.0
6232.0 6816.0
284.0 5004.0
1912.0 8955.0
8971.0 1579.0
9089.0 6922.0
1278.0 4160.0
7055.0 1586.0
7710.0 1690.0
734.0 9381.0
1607.0 5452.0
6784.0 6545.0
9919.0 986.0
6149.0 7133.0
8651.0 7183.0
7551.0 4720.0
3718.0 8713.0
9082.0 193.0
619.0 362.0
7391.0 459.0
8680.0 4487.0
6577.0 5511.0
8232.0 5158.0
1348.0 3701.0
1520.0 5149.0
1513.0 7616.0
676.0 4426.0
7384.0 5430.0
8558.0 1214.0
8153.0 5123.0
809.0 9323.0
7811.0 1451.0
9915.0 7870.0
5700.0 8035.0
4623.0 1963.0
1225.0 9481.0
496.0 5571.0
4861.0 873.0
9970.0 155.0
9948.0 4564.0
2701.0 5185.0
2422.0 6621.0
9538.0 9231.0
7982.0 7808.0
5925.0 2702.0
8824.0 6507.0
3087.0 5905.0
4461.0 3438.0
7784.0 8540.0
3748.0 579.0
3957.0 9248.0
7628.0 9165.0
2127.0 6398.0
4719.0 4127.0
4804.0 3683.0
4295.0 4894.0
8789.0 6694.0
3702.0 4901.0
7629.0 9103.0
9840.0 4725.0
104.0 9563.0
6715.0 6178.0
3027.0 3010.0
3686.0 7303.0
9180.0 2426.0
1443.0 615.0
3735.0 9768.0
5301.0 9468.0
4933.0 7142.0
7874.0 9958.0
7399.0 1891.0
5708.0 8224.0
8863.0 1710.0
6928.0 5539.0
3631.0 8420.0
9492.0 6054.0
8620.0 1560.0
2098.0 4619.0
297.0 5373.0
2329.0 4517.0
3295.0 5405.0
9103.0 7532.0
4086.0 3248.0
9000.0 1201.0
5484.0 662.0
8538.0 665.0
319.0 6618.0
6950.0 4974.0
5106.0 3453.0
6556.0 248.0
7019.0 770.0
309.0 4564.0
9989.0 8160.0
8524.0 1964.0
8257.0 451.0
9460.0 5453.0
8197.0 1567.0
715.0 1384.0
1726.0 5646.0
1097.0 105.0
7130.0 6561.0
4988.0 234.0
5601.0 9448.0
3787.0 6495.0
4365.0 410.0
1498.0 3440.0
9631.0 2996.0
4050.0 9977.0
5279.0 2609.0
4387.0 2060.0
5514.0 2477.0
7939.0 3459.0
2404.0 7297.0
5503.0 6962.0
1512.0 3210.0
3140.0 901.0
1555.0 5237.0
1124.0 8390.0
6322.0 5782.0
6560.0 9143.0
9718.0 379.0
6678.0 6296.0
7234.0 9270.0
2440.0 3039.0
9682.0 5985.0
4483.0 6533.0
7498.0 6530.0
5974.0 8918.0
6440.0 5330.0
9487.0 7843.0
7999.0 6554.0
7418.0 1371.0
347.0 1963.0
8032.0 4670.0
8150.0 8892.0
1735.0 8346.0
2034.0 4544.0
4597.0 808.0
1072.0 5159.0
8728.0 9575.0
4070.0 1265.0
1573.0 8849.0
8007.0 2596.0
8682.0 3311.0
4409.0 8815.0
7039.0 459.0
7016.0 4708.0
8523.0 6400.0
6556.0 935.0
5543.0 2484.0
908.0 3989.0
3475.0 2651.0
1532.0 1534.0
6894.0 3866.0
9442.0 1677.0
9240.0 4548.0
6561.0 7383.0
7954.0 8370.0
785.0 9619.0
9659.0 3275.0
5542.0 5372.0
2455.0 8162.0
7224.0 9190.0
4910.0 2051.0
6257.0 9343.0
3804.0 3171.0
145.0 2280.0
5199.0 7801.0
9353.0 1481.0
5910.0 1296.0
9257.0 9354.0
4951.0 6138.0
4079.0 3298.0
7010.0 4429.0
1073.0 9586.0
2537.0 4672.0
5772.0 1166.0
1510.0 5280.0
1673.0 8059.0
468.0 9627.0
108.0 1432.0
4830.0 62.0
8694.0 5034.0
1139.0 793.0
9111.0 92.0
6250.0 1948.0
7597.0 2299.0
3049.0 9786.0
3917.0 2055.0
4782.0 378.0
7180.0 1571.0
2546.0 6647.0
9295.0 4959.0
3030.0 1190.0
9368.0 9985.0
6070.0 9725.0
4930.0 2561.0
4074.0 2555.0
8229.0 7649.0
7917.0 3933.0
8468.0 2702.0
6346.0 1732.0
3284.0 2260.0
8489.0 2266.0
5297.0 4847.0
1526.0 7664.0
2045.0 5802.0
8079.0 5687.0
117.0 2174.0
444.0 4366.0
6833.0 8309.0
1145.0 6312.0
5245.0 3268.0
1989.0 159.0
835.0 3703.0
6088.0 8913.0
681.0 8340.0
14.0 7707.0
8435.0 2685.0
5561.0 5743.0
942.0 5070.0
3274.0 9881.0
4789.0 7728.0
2258.0 9701.0
3645.0 8966.0
3349.0 6449.0
9671.0 5108.0
5238.0 775.0
4856.0 3332.0
5583.0 6569.0
569.0 9025.0
1724.0 860.0
6179.0 3798.0
8029.0 2119.0
31.0 2789.0
9453.0 1847.0
8622.0 2401.0
3411.0 6844.0
2291.0 2076.0
4488.0 2055.0
8223.0 6270.0
9083.0 6318.0
4132.0 5248.0
9567.0 5989.0
8402.0 5840.0
9994.0 3728.0
5018.0 5760.0
7958.0 2409.0
4118.0 7679.0
9674.0 6485.0
1475.0 1617.0
7811.0 5713.0
2738.0 6852.0
4217.0 8636.0
741.0 6920.0
2021.0 5657.0
6705.0 3878.0
4268.0 4137.0
8665.0 462.0
8597.0 378.0
2925.0 1238.0
42.0 5886.0
6868.0 6423.0
6558.0 7754.0
3944.0 4470.0
4309.0 5634.0
4157.0 2098.0
2304.0 71.0
5864.0 2826.0
8437.0 9685.0
7209.0 7731.0
1525.0 7014.0
8022.0 4493.0
6394.0 5423.0
5491.0 3399.0
1592.0 1982.0
9428.0 1409.0
1796.0 3656.0
5463.0 7963.0
9480.0 6725.0
6961.0 8611.0
2939.0 1792.0
9020.0 5116.0
185.0 9286.0
320.0 3191.0
854.0 2816.0
1202.0 1460.0
644.0 286.0
8738.0 7798.0
5364.0 5118.0
