1
512 1 3.0 0.0 1000.0 3 160 240 100

6.5 13.5 29.3 58.5
13.0 27.0 58.5 117.0
19.5 40.5 87.8 175.5
26.0 54.0 117.0 234.0
39.0 81.0 175.5 351.0
52.0 108.0 234.0 468.0
58.5 121.5 263.3 526.5
65.0 135.0 292.5 585.0
78.0 162.0 351.0 702.0
0.0 180.0 390.0 780.0

2.0 5.0 8.0 11.0
5.0 8.0 11.0 14.0
9.0 12.0 15.0 18.0
11.0 14.0 17.0 20.0
15.0 18.0 21.0 24.0
18.0 21.0 24.0 27.0
20.0 23.0 26.0 29.0
25.0 28.0 31.0 34.0
29.0 32.0 35.0 38.0
0.0 34.0 37.0 40.0

3425.0 3951.0
802.0 6614.0
3872.0 2770.0
657.0 1622.0
5384.0 9348.0
9245.0 6140.0
6915.0 3448.0
8481.0 2529.0
9500.0 5494.0
1605.0 9139.0
2244.0 14.0
4980.0 6431.0
1072.0 9406.0
9003.0 9901.0
1069.0 4128.0
5193.0 2205.0
5709.0 7965.0
9028.0 9352.0
8819.0 9503.0
609.0 8360.0
7580.0 3436.0
7707.0 6250.0
7394.0 7841.0
8274.0 2767.0
1932.0 6062.0
1989.0 1701.0
4187.0 4326.0
2899.0 8208.0
6854.0 8725.0
7737.0 1992.0
2850.0 7704.0
6981.0 8750.0
9304.0 8680.0
8222.0 4751.0
828.0 9924.0
3925.0 1935.0
396.0 1355.0
8129.0 3421.0
8649.0 348.0
9185.0 1792.0
4944.0 1226.0
8073.0 5060.0
5969.0 9537.0
4401.0 7670.0
255.0 4763.0
4618.0 6453.0
9376.0 7603.0
9551.0 3886.0
9196.0 437.0
805.0 3556.0
6951.0 2134.0
8110.0 5205.0
2505.0 810.0
2190.0 9248.0
4591.0 690.0
212.0 3129.0
5365.0 1688.0
3390.0 4415.0
9084.0 2862.0
8826.0 8007.0
3238.0 3344.0
132.0 7342.0
2946.0 6912.0
3936.0 1976.0
1951.0 8813.0
1814.0 6437.0
6014.0 5977.0
9733.0 7711.0
7048.0 4260.0
9576.0 1268.0
8796.0 8842.0
9808.0 7996.0
7388.0 6413.0
4871.0 6923.0
2581.0 288.0
5358.0 1125.0
8017.0 2071.0
3552.0 6689.0
1307.0 6010.0
1398.0 7115.0
7279.0 4678.0
464.0 8052.0
182.0 7099.0
5984.0 9736.0
3201.0 2970.0
9538.0 7020.0
6071.0 9099.0
7438.0 9376.0
4130.0 6694.0
4404.0 5759.0
4631.0 640.0
4585.0 1706.0
8620.0 4392.0
4503.0 8558.0
9214.0 6627.0
4995.0 7186.0
9591.0 8263.0
1710.0 1109.0
6520.0 1014.0
6240.0 6376.0
7737.0 1083.0
2462.0 8108.0
4011.0 4140.0
5145.0 6073.0
9191.0 213.0
402.0 4178.0
4083.0 9635.0
62.0 1269.0
2453.0 3660.0
4520.0 3110.0
9994.0 5903.0
1144.0 7931.0
9571.0 3218.0
7809.0 427.0
8555.0 7165.0
3624.0 1593.0
6585.0 9678.0
1425.0 4266.0
4567.0 9085.0
9108.0 6778.0
8224.0 5106.0
9360.0 9581.0
2033.0 3955.0
9875.0 2238.0
1860.0 7194.0
8614.0 666.0
7112.0 455.0
1180.0 7006.0
5729.0 679.0
9885.0 7002.0
7840.0 2986.0
6571.0 2283.0
6397.0 832.0
3761.0 7417.0
5606.0 5565.0
1209.0 4132.0
491.0 4022.0
7418.0 7573.0
3384.0 5303.0
8198.0 1997.0
5691.0 345.0
6831.0 5768.0
5728.0 441.0
2922.0 8049.0
5971.0 3325.0
9490.0 2066.0
5519.0 7963.0
391.0 2339.0
6105.0 1684.0
2623.0 5738.0
2473.0 5777.0
595.0 8782.0
428.0 8189.0
1929.0 6028.0
8407.0 4467.0
6863.0 6960.0
855.0 558.0
5820.0 1242.0
4262.0 3617.0
2232.0 4737.0
9155.0 9446.0
164.0 1152.0
3881.0 7701.0
8826.0 6708.0
8491.0 8499.0
8542.0 7720.0
9553.0 6551.0
5236.0 3454.0
9210.0 1472.0
3015.0 9153.0
4305.0 5381.0
6917.0 6627.0
3892.0 1429.0
390.0 2262.0
5956.0 9401.0
4583.0 4856.0
6659.0 7002.0
9002.0 8153.0
7933.0 7983.0
5619.0 5461.0
1743.0 725.0
997.0 6234.0
1838.0 3412.0
3495.0 7005.0
6308.0 4442.0
5133.0 1547.0
6775.0 9192.0
188.0 7653.0
2530.0 6778.0
5076.0 410.0
439.0 2939.0
6615.0 4354.0
3941.0 7686.0
8213.0 9389.0
6955.0 8833.0
6073.0 7850.0
1020.0 5063.0
9970.0 2591.0
6482.0 4641.0
5682.0 8495.0
1055.0 8431.0
8636.0 2265.0
1572.0 8318.0
844.0 7903.0
7250.0 4700.0
5699.0 7740.0
5285.0 9166.0
7702.0 1413.0
2100.0 989.0
6686.0 7669.0
6065.0 8578.0
8613.0 6371.0
14.0 9522.0
7511.0 603.0
4371.0 5341.0
5624.0 1240.0
4209.0 9601.0
1336.0 8882.0
6069.0 511.0
6959.0 522.0
2847.0 1636.0
930.0 841.0
7580.0 6865.0
1512.0 505.0
9442.0 8257.0
1547.0 6348.0
7782.0 7914.0
6351.0 831.0
2514.0 7489.0
9304.0 651.0
1680.0 1494.0
2222.0 6884.0
9514.0 3003.0
67.0 1552.0
822.0 2924.0
2073.0 7991.0
9994.0 6432.0
3853.0 4899.0
5480.0 2733.0
7572.0 6456.0
3040.0 6761.0
9729.0 3396.0
3589.0 3962.0
8646.0 2405.0
3967.0 1785.0
6223.0 3742.0
1439.0 4027.0
1018.0 9453.0
5263.0 6640.0
2248.0 7076.0
1129.0 6166.0
6756.0 6195.0
6801.0 4401.0
3527.0 7758.0
9778.0 5445.0
2828.0 8512.0
298.0 3753.0
9526.0 5458.0
5493.0 4337.0
2670.0 7701.0
3039.0 8731.0
5900.0 5572.0
5093.0 2875.0
5754.0 9425.0
5860.0 5530.0
7444.0 2958.0
8598.0 8372.0
169.0 8482.0
383.0 1387.0
6546.0 3985.0
5464.0 9711.0
3209.0 4395.0
510.0 532.0
2163.0 1915.0
7589.0 1208.0
4966.0 2821.0
3182.0 2209.0
4286.0 595.0
4067.0 1042.0
9936.0 7785.0
3384.0 5768.0
8927.0 1472.0
2703.0 9259.0
1630.0 9725.0
8418.0 7827.0
8607.0 8931.0
3286.0 343.0
5188.0 4371.0
6430.0 6505.0
3355.0 8949.0
7624.0 5359.0
3012.0 7428.0
4192.0 7726.0
7211.0 6075.0
1325.0 8664.0
8396.0 94.0
9148.0 8588.0
5244.0 3723.0
2351.0 4195.0
2170.0 390.0
712.0 2812.0
6066.0 2793.0
1318.0 6318.0
7347.0 5311.0
5825.0 3250.0
4868.0 3604.0
8557.0 253.0
6787.0 8802.0
3775.0 6475.0
1950.0 6158.0
2938.0 7071.0
8855.0 548.0
5268.0 4429.0
1774.0 3711.0
7446.0 8255.0
6102.0 589.0
759.0 8153.0
7506.0 4678.0
6514.0 4835.0
1938.0 4752.0
3044.0 8580.0
6084.0 7849.0
121.0 6096.0
328.0 5908.0
9105.0 9398.0
8784.0 5927.0
9639.0 2851.0
3486.0 6042.0
6217.0 6992.0
2293.0 2390.0
443.0 288.0
2580.0 4153.0
7307.0 2440.0
5296.0 6666.0
6280.0 5384.0
6443.0 4962.0
580.0 601.0
5565.0 2641.0
391.0 3895.0
3297.0 3455.0
8393.0 1251.0
2561.0 5473.0
8393.0 1910.0
475.0 232.0
395.0 7306.0
537.0 1733.0
7923.0 6977.0
7164.0 2686.0
5917.0 5107.0
7155.0 7869.0
30.0 3805.0
5144.0 7000.0
629.0 1780.0
2611.0 1987.0
7339.0 9526.0
2540.0 5960.0
2443.0 4660.0
4261.0 3948.0
3955.0 3537.0
5584.0 7595.0
1688.0 7790.0
1762.0 8796.0
2142.0 6906.0
3379.0 9633.0
529.0 492.0
7716.0 8498.0
750.0 6352.0
675.0 4779.0
6656.0 3005.0
8826.0 7004.0
400.0 7793.0
3653.0 1810.0
6218.0 4190.0
2559.0 3633.0
432.0 4465.0
3714.0 7497.0
1029.0 6316.0
4309.0 9777.0
2606.0 4615.0
4279.0 4340.0
5020.0 1902.0
83.0 3920.0
6561.0 3752.0
5593.0 9131.0
4955.0 7646.0
9679.0 9987.0
2038.0 6490.0
2541.0 7325.0
402.0 407.0
5382.0 4002.0
2851.0 2935.0
469.0 8250.0
7966.0 269.0
1166.0 4081.0
7624.0 4667.0
4013.0 6117.0
4772.0 5674.0
7400.0 8728.0
2282.0 5274.0
3938.0 1865.0
6215.0 5620.0
6066.0 8466.0
9301.0 466.0
6984.0 821.0
2964.0 3934.0
1480.0 5780.0
8713.0 2756.0
3714.0 1179.0
2217.0 613.0
1530.0 8381.0
5876.0 5714.0
9381.0 8300.0
8228.0 5238.0
4411.0 797.0
992.0 2785.0
2794.0 9836.0
7079.0 7453.0
5874.0 9274.0
5390.0 5687.0
8195.0 6671.0
715.0 9523.0
1981.0 5007.0
9565.0 7370.0
5142.0 4680.0
5240.0 5952.0
2369.0 682.0
7974.0 4551.0
1402.0 2314.0
8462.0 5179.0
9021.0 5348.0
5591.0 4816.0
3853.0 9000.0
1706.0 8341.0
5544.0 2604.0
1217.0 3297.0
2388.0 9368.0
878.0 110.0
1958.0 7102.0
2552.0 3912.0
1834.0 8287.0
1788.0 6590.0
9985.0 4381.0
8023.0 185.0
6874.0 1736.0
4734.0 5300.0
3860.0 9014.0
365.0 623.0
4976.0 8482.0
3337.0 2214.0
1632.0 6073.0
6972.0 3680.0
2336.0 7587.0
2645.0 879.0
1988.0 925.0
1991.0 7276.0
7824.0 6731.0
1480.0 8597.0
1578.0 2334.0
5185.0 7896.0
9935.0 6357.0
4058.0 4685.0
7845.0 3896.0
2548.0 4252.0
1757.0 4635.0
5857.0 5798.0
2369.0 8789.0
3681.0 527.0
8936.0 8251.0
8741.0 3329.0
9720.0 2838.0
923.0 4175.0
5657.0 4005.0
356.0 7871.0
6805.0 913.0
5242.0 3298.0
3632.0 6244.0
2764.0 5760.0
7742.0 1634.0
3882.0 8599.0
9086.0 5107.0
5352.0 2678.0
9231.0 5406.0
4772.0 4893.0
2769.0 587.0
6989.0 9330.0
1429.0 770.0
2683.0 7201.0
7958.0 7423.0
2442.0 4200.0
9346.0 4072.0
2158.0 6404.0
1473.0 5804.0
8056.0 8358.0
9733.0 7460.0
2184.0 9471.0
2711.0 2897.0
1680.0 7358.0
8493.0 194.0
7634.0 9262.0
5667.0 196.0
1868.0 5192.0
3589.0 8276.0
2458.0 8895.0
8986.0 1688.0
1316.0 5322.0
8465.0 7410.0
9640.0 5685.0
9001.0 7844.0
9578.0 3777.0
970.0 4269.0
2903.0 9654.0
797.0 424.0

3430.0 3955.0
808.0 6619.0
3876.0 2774.0
662.0 1627.0
5388.0 9353.0
9250.0 6145.0
6920.0 3452.0
8486.0 2533.0
9505.0 5500.0
1610.0 9144.0
2250.0 19.0
4984.0 6436.0
1076.0 9411.0
9008.0 9905.0
1074.0 4132.0
5198.0 2210.0
5714.0 7970.0
9034.0 9358.0
8823.0 9509.0
613.0 8365.0
7585.0 3442.0
7712.0 6255.0
7398.0 7845.0
8279.0 2772.0
1937.0 6068.0
1994.0 1706.0
4192.0 4331.0
2905.0 8214.0
6858.0 8731.0
7741.0 1998.0
2855.0 7708.0
6986.0 8755.0
9309.0 8686.0
8228.0 4756.0
834.0 9929.0
3930.0 1940.0
402.0 1359.0
8135.0 3426.0
8654.0 354.0
9191.0 1797.0
4949.0 1232.0
8077.0 5066.0
5973.0 9542.0
4407.0 7674.0
260.0 4768.0
4623.0 6458.0
9382.0 7608.0
9556.0 3890.0
9201.0 442.0
809.0 3561.0
6957.0 2140.0
8116.0 5211.0
2510.0 815.0
2195.0 9254.0
4596.0 695.0
217.0 3135.0
5369.0 1693.0
3396.0 4419.0
9090.0 2867.0
8831.0 8011.0
3243.0 3349.0
137.0 7348.0
2951.0 6917.0
3942.0 1981.0
1957.0 8818.0
1818.0 6441.0
6019.0 5981.0
9738.0 7715.0
7053.0 4265.0
9582.0 1272.0
8800.0 8846.0
9813.0 8002.0
7393.0 6418.0
4875.0 6928.0
2586.0 292.0
5362.0 1130.0
8021.0 2076.0
3557.0 6693.0
1313.0 6015.0
1403.0 7120.0
7284.0 4682.0
470.0 8057.0
187.0 7105.0
5990.0 9742.0
3206.0 2975.0
9543.0 7024.0
6077.0 9103.0
7443.0 9380.0
4134.0 6700.0
4410.0 5763.0
4637.0 645.0
4589.0 1711.0
8624.0 4398.0
4508.0 8562.0
9218.0 6631.0
5000.0 7192.0
9597.0 8268.0
1715.0 1114.0
6526.0 1019.0
6245.0 6381.0
7741.0 1089.0
2468.0 8114.0
4016.0 4145.0
5151.0 6079.0
9196.0 218.0
406.0 4184.0
4087.0 9641.0
67.0 1274.0
2459.0 3664.0
4525.0 3114.0
9999.0 5907.0
1149.0 7935.0
9576.0 3224.0
7814.0 432.0
8560.0 7170.0
3629.0 1598.0
6590.0 9682.0
1429.0 4272.0
4572.0 9089.0
9114.0 6783.0
8229.0 5111.0
9364.0 9585.0
2037.0 3960.0
9880.0 2243.0
1866.0 7199.0
8619.0 671.0
7116.0 461.0
1186.0 7011.0
5734.0 684.0
9890.0 7006.0
7845.0 2990.0
6576.0 2287.0
6403.0 837.0
3767.0 7421.0
5611.0 5570.0
1213.0 4137.0
496.0 4026.0
7423.0 7579.0
3388.0 5307.0
8202.0 2001.0
5697.0 350.0
6837.0 5774.0
5733.0 446.0
2926.0 8055.0
5976.0 3330.0
9494.0 2070.0
5524.0 7968.0
396.0 2344.0
6109.0 1689.0
2628.0 5743.0
2477.0 5782.0
600.0 8787.0
433.0 8194.0
1935.0 6033.0
8411.0 4473.0
6868.0 6966.0
860.0 564.0
5824.0 1247.0
4267.0 3621.0
2237.0 4742.0
9160.0 9451.0
169.0 1158.0
3887.0 7706.0
8832.0 6712.0
8496.0 8503.0
8548.0 7726.0
9559.0 6556.0
5240.0 3458.0
9214.0 1477.0
3020.0 9157.0
4310.0 5386.0
6922.0 6632.0
3897.0 1434.0
395.0 2267.0
5961.0 9406.0
4588.0 4862.0
6664.0 7008.0
9007.0 8158.0
7939.0 7988.0
5625.0 5467.0
1749.0 730.0
1002.0 6239.0
1842.0 3417.0
3499.0 7011.0
6312.0 4447.0
5137.0 1552.0
6780.0 9197.0
192.0 7659.0
2535.0 6783.0
5081.0 416.0
444.0 2945.0
6621.0 4358.0
3947.0 7690.0
8217.0 9394.0
6960.0 8837.0
6079.0 7856.0
1024.0 5067.0
9974.0 2596.0
6487.0 4645.0
5686.0 8500.0
1060.0 8436.0
8640.0 2270.0
1576.0 8323.0
850.0 7908.0
7256.0 4705.0
5705.0 7746.0
5290.0 9171.0
7707.0 1418.0
2105.0 993.0
6691.0 7674.0
6069.0 8583.0
8618.0 6377.0
20.0 9528.0
7516.0 608.0
4377.0 5345.0
5628.0 1245.0
4214.0 9605.0
1340.0 8886.0
6074.0 516.0
6964.0 526.0
2851.0 1641.0
936.0 845.0
7585.0 6869.0
1516.0 510.0
9447.0 8263.0
1551.0 6354.0
7787.0 7918.0
6356.0 836.0
2520.0 7494.0
9309.0 656.0
1684.0 1499.0
2227.0 6890.0
9520.0 3008.0
71.0 1557.0
826.0 2929.0
2078.0 7996.0
9999.0 6436.0
3857.0 4905.0
5486.0 2738.0
7577.0 6461.0
3045.0 6766.0
9735.0 3402.0
3594.0 3967.0
8650.0 2410.0
3973.0 1790.0
6228.0 3746.0
1443.0 4032.0
1023.0 9458.0
5268.0 6645.0
2254.0 7080.0
1134.0 6171.0
6760.0 6201.0
6807.0 4406.0
3532.0 7763.0
9782.0 5450.0
2833.0 8516.0
303.0 3757.0
9530.0 5463.0
5499.0 4342.0
2675.0 7707.0
3044.0 8737.0
5906.0 5577.0
5098.0 2881.0
5759.0 9431.0
5866.0 5534.0
7449.0 2964.0
8603.0 8378.0
175.0 8488.0
387.0 1392.0
6551.0 3989.0
5468.0 9716.0
3214.0 4401.0
514.0 537.0
2168.0 1921.0
7595.0 1214.0
4970.0 2826.0
3187.0 2214.0
4290.0 600.0
4072.0 1046.0
9940.0 7790.0
3389.0 5773.0
8932.0 1478.0
2708.0 9264.0
1635.0 9730.0
8423.0 7833.0
8613.0 8937.0
3291.0 347.0
5192.0 4376.0
6434.0 6509.0
3361.0 8954.0
7630.0 5364.0
3017.0 7433.0
4197.0 7730.0
7216.0 6080.0
1330.0 8668.0
8401.0 99.0
9154.0 8593.0
5249.0 3727.0
2356.0 4200.0
2176.0 396.0
716.0 2817.0
6070.0 2798.0
1323.0 6323.0
7351.0 5316.0
5829.0 3255.0
4873.0 3609.0
8562.0 258.0
6792.0 8806.0
3780.0 6480.0
1955.0 6164.0
2943.0 7076.0
8861.0 554.0
5273.0 4434.0
1778.0 3715.0
7451.0 8260.0
6107.0 595.0
765.0 8157.0
7511.0 4683.0
6519.0 4839.0
1943.0 4756.0
3048.0 8585.0
6089.0 7854.0
126.0 6100.0
332.0 5913.0
9110.0 9402.0
8788.0 5932.0
9644.0 2856.0
3491.0 6046.0
6222.0 6996.0
2298.0 2395.0
448.0 294.0
2586.0 4158.0
7312.0 2446.0
5301.0 6672.0
6285.0 5388.0
6448.0 4968.0
585.0 606.0
5570.0 2645.0
395.0 3901.0
3301.0 3461.0
8398.0 1256.0
2566.0 5477.0
8397.0 1916.0
479.0 236.0
400.0 7312.0
543.0 1737.0
7928.0 6982.0
7169.0 2691.0
5922.0 5112.0
7161.0 7874.0
34.0 3811.0
5149.0 7005.0
634.0 1785.0
2616.0 1991.0
7345.0 9532.0
2546.0 5966.0
2447.0 4665.0
4266.0 3953.0
3960.0 3542.0
5589.0 7601.0
1692.0 7796.0
1767.0 8800.0
2147.0 6912.0
3384.0 9638.0
534.0 497.0
7720.0 8503.0
754.0 6357.0
681.0 4784.0
6661.0 3009.0
8831.0 7009.0
405.0 7797.0
3658.0 1814.0
6223.0 4196.0
2564.0 3638.0
437.0 4471.0
3719.0 7503.0
1034.0 6321.0
4314.0 9781.0
2612.0 4619.0
4285.0 4344.0
5024.0 1908.0
87.0 3925.0
6565.0 3757.0
5598.0 9137.0
4960.0 7650.0
9683.0 9991.0
2043.0 6496.0
2545.0 7329.0
408.0 412.0
5386.0 4008.0
2856.0 2939.0
475.0 8255.0
7970.0 273.0
1170.0 4086.0
7630.0 4673.0
4017.0 6123.0
4776.0 5679.0
7406.0 8734.0
2288.0 5280.0
3942.0 1869.0
6220.0 5626.0
6071.0 8470.0
9307.0 471.0
6988.0 826.0
2969.0 3938.0
1485.0 5785.0
8718.0 2762.0
3718.0 1184.0
2222.0 617.0
1536.0 8386.0
5880.0 5719.0
9386.0 8305.0
8233.0 5242.0
4415.0 801.0
997.0 2790.0
2800.0 9842.0
7084.0 7459.0
5878.0 9280.0
5395.0 5691.0
8199.0 6677.0
720.0 9527.0
1987.0 5012.0
9570.0 7375.0
5146.0 4685.0
5245.0 5958.0
2374.0 686.0
7978.0 4557.0
1406.0 2319.0
8467.0 5184.0
9025.0 5353.0
5597.0 4821.0
3858.0 9004.0
1710.0 8345.0
5549.0 2610.0
1222.0 3301.0
2392.0 9372.0
883.0 116.0
1963.0 7107.0
2556.0 3918.0
1840.0 8292.0
1793.0 6595.0
9989.0 4386.0
8027.0 191.0
6878.0 1741.0
4738.0 5304.0
3866.0 9019.0
370.0 628.0
4981.0 8486.0
3341.0 2219.0
1637.0 6079.0
6977.0 3685.0
2340.0 7592.0
2650.0 884.0
1993.0 931.0
1996.0 7281.0
7829.0 6735.0
1485.0 8603.0
1584.0 2338.0
5191.0 7900.0
9941.0 6362.0
4064.0 4690.0
7851.0 3901.0
2553.0 4257.0
1763.0 4639.0
5862.0 5804.0
2374.0 8793.0
3687.0 532.0
8940.0 8257.0
8745.0 3335.0
9726.0 2844.0
927.0 4179.0
5661.0 4011.0
360.0 7876.0
6809.0 917.0
5247.0 3304.0
3637.0 6249.0
2770.0 5765.0
7748.0 1639.0
3887.0 8604.0
9090.0 5111.0
5357.0 2682.0
9236.0 5411.0
4776.0 4898.0
2774.0 591.0
6993.0 9334.0
1434.0 775.0
2688.0 7207.0
7963.0 7427.0
2446.0 4205.0
9350.0 4077.0
2162.0 6410.0
1478.0 5809.0
8061.0 8364.0
9738.0 7464.0
2189.0 9475.0
2716.0 2901.0
1684.0 7364.0
8499.0 199.0
7640.0 9266.0
5672.0 200.0
1872.0 5196.0
3595.0 8280.0
2462.0 8900.0
8990.0 1693.0
1321.0 5328.0
8471.0 7415.0
9644.0 5690.0
9006.0 7848.0
9584.0 3783.0
975.0 4275.0
2909.0 9660.0
802.0 429.0
