1
512 1 3.0 0.0 1000.0 3 160 240 100

6.5 13.5 29.3 58.5
13.0 27.0 58.5 117.0
19.5 40.5 87.8 175.5
26.0 54.0 117.0 234.0
39.0 81.0 175.5 351.0
52.0 108.0 234.0 468.0
58.5 121.5 263.3 526.5
65.0 135.0 292.5 585.0
78.0 162.0 351.0 702.0
0.0 180.0 390.0 780.0

2.0 5.0 8.0 11.0
5.0 8.0 11.0 14.0
9.0 12.0 15.0 18.0
11.0 14.0 17.0 20.0
15.0 18.0 21.0 24.0
18.0 21.0 24.0 27.0
20.0 23.0 26.0 29.0
25.0 28.0 31.0 34.0
29.0 32.0 35.0 38.0
0.0 34.0 37.0 40.0

7815.0 7063.0
501.0 7654.0
9929.0 7844.0
4707.0 3050.0
6638.0 488.0
2267.0 1261.0
4087.0 2800.0
6068.0 7769.0
1224.0 5630.0
8621.0 2136.0
3447.0 228.0
6522.0 3025.0
9018.0 5906.0
4016.0 39.0
9045.0 4144.0
2739.0 4747.0
4380.0 7758.0
7220.0 5783.0
5233.0 6283.0
8191.0 5412.0
1832.0 1180.0
8295.0 7426.0
6942.0 7029.0
7257.0 8772.0
3574.0 7307.0
6076.0 9786.0
3692.0 5917.0
2334.0 407.0
6249.0 8075.0
1161.0 2278.0
5366.0 6705.0
8956.0 9092.0
1973.0 2959.0
9410.0 73.0
4742.0 2017.0
3920.0 3992.0
8619.0 7771.0
948.0 3570.0
1783.0 2556.0
1417.0 2676.0
4356.0 536.0
9682.0 1195.0
4678.0 5889.0
2181.0 4943.0
1458.0 9432.0
8316.0 519.0
2652.0 9796.0
634.0 7478.0
4351.0 7809.0
3889.0 2695.0
5527.0 5199.0
5045.0 4324.0
6939.0 1268.0
8801.0 5215.0
5039.0 3653.0
5694.0 8178.0
4171.0 1818.0
2366.0 7990.0
2917.0 4410.0
6050.0 7499.0
2876.0 4101.0
7861.0 7745.0
721.0 6059.0
1948.0 4444.0
6850.0 8684.0
86.0 5744.0
6433.0 7724.0
3778.0 8624.0
1206.0 7428.0
8431.0 3823.0
2807.0 4844.0
6685.0 1676.0
979.0 5921.0
455.0 3751.0
2480.0 4519.0
3770.0 7657.0
8985.0 7986.0
965.0 4913.0
4839.0 5422.0
7306.0 4261.0
7946.0 7256.0
1612.0 5305.0
9644.0 7289.0
2955.0 9853.0
1865.0 819.0
5988.0 859.0
2412.0 4978.0
1998.0 1326.0
1666.0 9938.0
5231.0 8080.0
6555.0 2088.0
6572.0 7773.0
85.0 2836.0
9145.0 5011.0
7280.0 9163.0
2910.0 4989.0
824.0 4556.0
7816.0 5510.0
2245.0 1460.0
7595.0 5780.0
6957.0 8883.0
8749.0 1853.0
3971.0 1281.0
1821.0 1109.0
3604.0 7351.0
4502.0 659.0
9013.0 9888.0
8656.0 7045.0
9851.0 304.0
5831.0 7128.0
8893.0 3976.0
8320.0 2543.0
4934.0 5035.0
5351.0 2605.0
7783.0 1728.0
6468.0 3045.0
3682.0 6002.0
6688.0 465.0
1952.0 3427.0
478.0 4892.0
6214.0 2098.0
4155.0 5313.0
5969.0 1650.0
8751.0 5569.0
6896.0 6010.0
7930.0 509.0
660.0 6030.0
8019.0 4758.0
7558.0 630.0
9734.0 9012.0
7832.0 7579.0
3654.0 1219.0
9959.0 7552.0
4032.0 2543.0
6744.0 7595.0
7996.0 490.0
2527.0 2629.0
9729.0 4073.0
7344.0 6129.0
1679.0 8408.0
6339.0 3606.0
7382.0 8621.0
5261.0 5030.0
2967.0 5444.0
5369.0 4821.0
6910.0 7387.0
3551.0 550.0
105.0 6869.0
5993.0 3973.0
828.0 190.0
6209.0 534.0
1665.0 3729.0
750.0 5971.0
7969.0 1240.0
8430.0 1163.0
9913.0 9650.0
1359.0 8837.0
2729.0 3219.0
8636.0 8284.0
2174.0 8458.0
5997.0 6698.0
4817.0 4690.0
7253.0 8298.0
5209.0 7621.0
5834.0 4831.0
4504.0 5824.0
7254.0 3625.0
7602.0 2507.0
5827.0 1791.0
8391.0 7445.0
1449.0 7737.0
5147.0 6472.0
4766.0 3603.0
677.0 8399.0
1547.0 4762.0
4255.0 1759.0
9588.0 5022.0
4943.0 6241.0
3963.0 8654.0
8354.0 6219.0
8939.0 2876.0
1431.0 6240.0
7387.0 6944.0
2311.0 860.0
997.0 6461.0
4846.0 3714.0
7118.0 4049.0
9852.0 3203.0
558.0 20.0
7654.0 4672.0
1142.0 9160.0
8995.0 1471.0
370.0 2288.0
3891.0 9784.0
2979.0 3694.0
486.0 4592.0
1736.0 8108.0
8487.0 6675.0
6286.0 3323.0
4250.0 3021.0
9365.0 7114.0
7084.0 5528.0
6211.0 9568.0
8842.0 5386.0
5484.0 4487.0
1375.0 3016.0
2514.0 5964.0
8913.0 5953.0
8212.0 8786.0
4945.0 9554.0
9441.0 3797.0
5676.0 7913.0
9189.0 1839.0
4616.0 4869.0
7353.0 2415.0
5388.0 7484.0
5457.0 5711.0
2310.0 6886.0
1121.0 9097.0
834.0 3839.0
609.0 1745.0
2408.0 8946.0
269.0 3507.0
821.0 9852.0
190.0 6665.0
9626.0 333.0
5887.0 1708.0
2680.0 8663.0
6354.0 754.0
2397.0 5126.0
9284.0 4752.0
2773.0 1068.0
6787.0 3106.0
6753.0 4371.0
7422.0 6838.0
14.0 8722.0
2875.0 8941.0
5729.0 6574.0
84.0 8038.0
7391.0 8170.0
2145.0 3994.0
9260.0 1516.0
3818.0 6600.0
6502.0 693.0
9948.0 976.0
9598.0 2379.0
7629.0 5814.0
89.0 2975.0
5417.0 3101.0
7226.0 1206.0
5434.0 453.0
7595.0 3594.0
6663.0 9688.0
2292.0 2671.0
269.0 7782.0
8714.0 328.0
250.0 8827.0
6538.0 1173.0
5261.0 8139.0
9957.0 3286.0
9909.0 2127.0
746.0 6253.0
6352.0 85.0
9224.0 8857.0
9521.0 6516.0
2688.0 1323.0
1782.0 5125.0
3384.0 9478.0
5357.0 8131.0
587.0 727.0
3334.0 6999.0
3862.0 4225.0
2572.0 3265.0
7077.0 112.0
4332.0 543.0
5233.0 5223.0
955.0 1389.0
8685.0 5123.0
9396.0 5121.0
1828.0 4878.0
4947.0 5245.0
5808.0 3422.0
961.0 7626.0
7342.0 8925.0
2905.0 3007.0
8203.0 5021.0
7549.0 54.0
2454.0 302.0
630.0 7514.0
987.0 5940.0
8796.0 6649.0
5454.0 8839.0
4154.0 7571.0
6142.0 183.0
2248.0 5607.0
878.0 1772.0
6779.0 6326.0
4525.0 5034.0
6899.0 370.0
1145.0 74.0
5381.0 1711.0
3393.0 4676.0
8503.0 5473.0
6216.0 5606.0
964.0 3954.0
4430.0 7127.0
1632.0 1969.0
6243.0 4092.0
8480.0 5166.0
7285.0 9502.0
3494.0 7426.0
2239.0 8913.0
901.0 5996.0
3613.0 6582.0
4516.0 5486.0
9752.0 716.0
2550.0 4351.0
6633.0 7723.0
675.0 7.0
544.0 7850.0
6691.0 1197.0
1183.0 7069.0
2594.0 8761.0
7280.0 2623.0
2378.0 8418.0
9289.0 2091.0
6391.0 1715.0
6228.0 8370.0
5556.0 3757.0
6244.0 5448.0
1290.0 8873.0
2960.0 2354.0
9428.0 7821.0
2188.0 5169.0
8987.0 2695.0
6066.0 9477.0
9074.0 8152.0
4200.0 8147.0
9774.0 82.0
3873.0 1815.0
5327.0 5381.0
3898.0 1964.0
421.0 8931.0
9177.0 8975.0
2914.0 6441.0
5547.0 32.0
8818.0 4266.0
6974.0 4272.0
7848.0 9853.0
9670.0 5051.0
373.0 8930.0
206.0 1722.0
9078.0 8086.0
7177.0 5793.0
1164.0 3859.0
8513.0 8862.0
9401.0 1984.0
8986.0 2201.0
2858.0 2915.0
4992.0 382.0
630.0 2265.0
6173.0 3814.0
4379.0 7296.0
5963.0 7588.0
8017.0 3087.0
5607.0 6506.0
5338.0 4515.0
8745.0 8675.0
8938.0 2687.0
6111.0 2552.0
6221.0 6947.0
2439.0 4826.0
833.0 6094.0
122.0 9009.0
331.0 4951.0
6718.0 7131.0
3407.0 4904.0
5858.0 9417.0
2496.0 9557.0
3627.0 9324.0
83.0 9130.0
4998.0 3828.0
9525.0 9729.0
7384.0 1342.0
3718.0 6127.0
868.0 2145.0
7425.0 9190.0
7202.0 8705.0
1578.0 1574.0
2129.0 5786.0
385.0 7828.0
8104.0 2712.0
4562.0 7542.0
6984.0 2674.0
6500.0 2663.0
4757.0 6466.0
5696.0 2621.0
2882.0 535.0
5270.0 3390.0
3307.0 1710.0
2876.0 9123.0
6737.0 3526.0
1846.0 7490.0
6224.0 1488.0
870.0 2352.0
650.0 7183.0
3041.0 9909.0
5159.0 3624.0
7583.0 6945.0
8142.0 6682.0
88.0 2315.0
6800.0 27.0
9571.0 5291.0
5896.0 3426.0
3172.0 6918.0
6742.0 6808.0
1823.0 3002.0
6000.0 4955.0
2704.0 9861.0
6366.0 224.0
6794.0 6477.0
3707.0 3168.0
2363.0 9184.0
7722.0 3439.0
7696.0 7517.0
5695.0 5872.0
8892.0 2360.0
1418.0 9106.0
1049.0 24.0
3840.0 6651.0
3651.0 8393.0
2526.0 2768.0
3491.0 3761.0
9493.0 8049.0
931.0 9498.0
9485.0 2083.0
7841.0 187.0
3269.0 3083.0
8020.0 7341.0
1017.0 6868.0
3426.0 5363.0
5341.0 68.0
2038.0 8855.0
6054.0 4957.0
5661.0 4925.0
1239.0 5766.0
8514.0 6624.0
1665.0 8890.0
9888.0 6130.0
8165.0 1854.0
6735.0 8839.0
3998.0 8417.0
4472.0 1968.0
6808.0 9716.0
6845.0 3824.0
7223.0 3816.0
8160.0 2355.0
3671.0 8551.0
3706.0 4131.0
5492.0 5046.0
6692.0 7379.0
8904.0 1800.0
2511.0 5205.0
2898.0 1706.0
3668.0 7636.0
4643.0 6900.0
1162.0 3622.0
6446.0 8821.0
683.0 6619.0
8865.0 3354.0
4401.0 9896.0
7030.0 3452.0
1708.0 190.0
9740.0 4118.0
4699.0 853.0
3421.0 7116.0
6737.0 8113.0
5497.0 5316.0
4907.0 6584.0
4259.0 9035.0
9689.0 2665.0
4797.0 9270.0
7660.0 6955.0
3057.0 5202.0
5564.0 9312.0
2614.0 5851.0
6541.0 2702.0
1206.0 8269.0
1866.0 4457.0
6622.0 7151.0
3999.0 6085.0
3996.0 3250.0
9273.0 5259.0
9092.0 476.0
1037.0 6119.0
4639.0 4056.0
6577.0 6523.0
9296.0 4658.0
3639.0 3372.0
1305.0 5834.0
4865.0 9655.0
1418.0 4689.0
971.0 9331.0
2156.0 8141.0
5979.0 8695.0
2974.0 9672.0
334.0 5349.0
3402.0 3931.0
214.0 8418.0
8737.0 9097.0
3869.0 6147.0
5350.0 9361.0

7821.0 7068.0
506.0 7659.0
9933.0 7848.0
4712.0 3055.0
6642.0 493.0
2271.0 1266.0
4092.0 2806.0
6073.0 7775.0
1229.0 5634.0
8627.0 2142.0
3453.0 233.0
6528.0 3030.0
9024.0 5911.0
4022.0 44.0
9051.0 4150.0
2744.0 4752.0
4384.0 7764.0
7225.0 5788.0
5237.0 6287.0
8197.0 5417.0
1838.0 1185.0
8300.0 7430.0
6946.0 7034.0
7263.0 8778.0
3579.0 7311.0
6081.0 9790.0
3696.0 5921.0
2339.0 412.0
6254.0 8081.0
1167.0 2284.0
5371.0 6709.0
8960.0 9097.0
1978.0 2963.0
9416.0 79.0
4747.0 2022.0
3925.0 3998.0
8623.0 7775.0
953.0 3574.0
1788.0 2561.0
1421.0 2682.0
4361.0 542.0
9687.0 1199.0
4683.0 5894.0
2187.0 4947.0
1464.0 9437.0
8321.0 524.0
2658.0 9801.0
640.0 7483.0
4357.0 7813.0
3894.0 2700.0
5532.0 5203.0
5051.0 4329.0
6944.0 1274.0
8806.0 5221.0
5044.0 3657.0
5699.0 8183.0
4176.0 1823.0
2372.0 7995.0
2923.0 4414.0
6056.0 7505.0
2881.0 4105.0
7867.0 7749.0
726.0 6063.0
1953.0 4449.0
6856.0 8689.0
91.0 5748.0
6438.0 7729.0
3784.0 8630.0
1211.0 7434.0
8435.0 3828.0
2812.0 4850.0
6690.0 1680.0
985.0 5926.0
460.0 3756.0
2485.0 4523.0
3776.0 7663.0
8989.0 7991.0
971.0 4919.0
4844.0 5426.0
7311.0 4267.0
7952.0 7261.0
1617.0 5311.0
9649.0 7293.0
2960.0 9858.0
1870.0 825.0
5993.0 863.0
2417.0 4984.0
2004.0 1330.0
1671.0 9944.0
5235.0 8086.0
6559.0 2093.0
6577.0 7777.0
90.0 2840.0
9150.0 5015.0
7285.0 9168.0
2914.0 4994.0
830.0 4561.0
7821.0 5516.0
2250.0 1465.0
7600.0 5784.0
6963.0 8888.0
8754.0 1857.0
3976.0 1285.0
1826.0 1113.0
3609.0 7356.0
4507.0 664.0
9018.0 9893.0
8660.0 7050.0
9855.0 310.0
5836.0 7132.0
8897.0 3982.0
8324.0 2548.0
4938.0 5039.0
5355.0 2610.0
7789.0 1733.0
6472.0 3050.0
3687.0 6007.0
6692.0 469.0
1957.0 3433.0
482.0 4896.0
6218.0 2103.0
4160.0 5319.0
5974.0 1656.0
8757.0 5575.0
6902.0 6015.0
7936.0 514.0
665.0 6036.0
8024.0 4764.0
7563.0 636.0
9739.0 9017.0
7838.0 7583.0
3658.0 1224.0
9963.0 7557.0
4038.0 2549.0
6749.0 7601.0
8001.0 495.0
2532.0 2635.0
9734.0 4079.0
7349.0 6133.0
1684.0 8413.0
6343.0 3611.0
7386.0 8626.0
5266.0 5036.0
2971.0 5448.0
5374.0 4826.0
6916.0 7393.0
3556.0 555.0
110.0 6874.0
5997.0 3979.0
833.0 195.0
6214.0 540.0
1671.0 3735.0
754.0 5975.0
7973.0 1245.0
8436.0 1168.0
9917.0 9655.0
1365.0 8843.0
2735.0 3223.0
8640.0 8290.0
2178.0 8462.0
6002.0 6704.0
4821.0 4696.0
7257.0 8302.0
5213.0 7626.0
5838.0 4835.0
4510.0 5830.0
7259.0 3629.0
7606.0 2512.0
5832.0 1796.0
8395.0 7450.0
1454.0 7742.0
5152.0 6477.0
4770.0 3608.0
681.0 8403.0
1551.0 4767.0
4260.0 1765.0
9592.0 5027.0
4947.0 6246.0
3968.0 8660.0
8359.0 6224.0
8944.0 2881.0
1437.0 6245.0
7392.0 6949.0
2317.0 865.0
1001.0 6465.0
4851.0 3719.0
7123.0 4054.0
9857.0 3208.0
564.0 25.0
7659.0 4677.0
1148.0 9165.0
8999.0 1477.0
374.0 2293.0
3896.0 9790.0
2985.0 3699.0
491.0 4598.0
1742.0 8112.0
8492.0 6681.0
6292.0 3328.0
4254.0 3026.0
9371.0 7119.0
7089.0 5533.0
6216.0 9573.0
8847.0 5391.0
5490.0 4491.0
1380.0 3021.0
2518.0 5969.0
8917.0 5958.0
8216.0 8792.0
4950.0 9559.0
9446.0 3803.0
5681.0 7919.0
9195.0 1845.0
4621.0 4875.0
7358.0 2421.0
5392.0 7489.0
5462.0 5715.0
2315.0 6892.0
1126.0 9101.0
839.0 3844.0
614.0 1750.0
2413.0 8951.0
274.0 3511.0
827.0 9856.0
194.0 6669.0
9632.0 338.0
5892.0 1712.0
2685.0 8667.0
6358.0 759.0
2402.0 5131.0
9289.0 4757.0
2778.0 1074.0
6792.0 3111.0
6758.0 4377.0
7427.0 6842.0
20.0 8727.0
2879.0 8945.0
5734.0 6579.0
88.0 8042.0
7396.0 8174.0
2151.0 3999.0
9265.0 1521.0
3822.0 6605.0
6507.0 697.0
9952.0 980.0
9604.0 2384.0
7635.0 5819.0
93.0 2980.0
5421.0 3105.0
7230.0 1211.0
5440.0 458.0
7601.0 3599.0
6668.0 9693.0
2298.0 2676.0
275.0 7787.0
8719.0 332.0
255.0 8832.0
6542.0 1177.0
5266.0 8144.0
9961.0 3291.0
9915.0 2133.0
751.0 6258.0
6357.0 89.0
9229.0 8862.0
9527.0 6521.0
2693.0 1328.0
1786.0 5129.0
3389.0 9483.0
5363.0 8136.0
592.0 731.0
3338.0 7004.0
3868.0 4230.0
2577.0 3269.0
7082.0 117.0
4338.0 548.0
5238.0 5227.0
960.0 1393.0
8690.0 5127.0
9401.0 5126.0
1834.0 4883.0
4952.0 5251.0
5812.0 3428.0
966.0 7631.0
7347.0 8930.0
2910.0 3013.0
8208.0 5025.0
7555.0 58.0
2458.0 307.0
636.0 7519.0
992.0 5945.0
8801.0 6654.0
5460.0 8845.0
4159.0 7576.0
6146.0 187.0
2253.0 5613.0
883.0 1778.0
6784.0 6331.0
4530.0 5040.0
6903.0 375.0
1149.0 79.0
5386.0 1715.0
3398.0 4681.0
8508.0 5478.0
6221.0 5611.0
970.0 3959.0
4434.0 7132.0
1637.0 1974.0
6249.0 4096.0
8485.0 5171.0
7290.0 9508.0
3499.0 7430.0
2243.0 8919.0
907.0 6001.0
3618.0 6588.0
4520.0 5492.0
9758.0 721.0
2555.0 4356.0
6638.0 7728.0
680.0 13.0
549.0 7855.0
6697.0 1202.0
1188.0 7075.0
2600.0 8766.0
7285.0 2627.0
2383.0 8424.0
9295.0 2097.0
6397.0 1719.0
6233.0 8376.0
5562.0 3762.0
6250.0 5452.0
1296.0 8878.0
2965.0 2359.0
9434.0 7826.0
2192.0 5174.0
8992.0 2701.0
6072.0 9483.0
9079.0 8156.0
4205.0 8153.0
9780.0 87.0
3879.0 1820.0
5331.0 5386.0
3903.0 1970.0
425.0 8935.0
9182.0 8981.0
2920.0 6447.0
5551.0 37.0
8824.0 4272.0
6980.0 4276.0
7852.0 9857.0
9676.0 5055.0
379.0 8934.0
210.0 1726.0
9083.0 8092.0
7183.0 5798.0
1168.0 3863.0
8518.0 8867.0
9407.0 1989.0
8991.0 2206.0
2862.0 2919.0
4998.0 387.0
635.0 2270.0
6177.0 3819.0
4384.0 7300.0
5968.0 7594.0
8022.0 3091.0
5612.0 6511.0
5343.0 4519.0
8750.0 8680.0
8944.0 2692.0
6116.0 2558.0
6226.0 6952.0
2444.0 4832.0
838.0 6099.0
127.0 9014.0
335.0 4957.0
6723.0 7137.0
3412.0 4909.0
5862.0 9421.0
2501.0 9562.0
3632.0 9330.0
88.0 9136.0
5004.0 3833.0
9529.0 9735.0
7389.0 1348.0
3723.0 6132.0
873.0 2150.0
7429.0 9194.0
7206.0 8711.0
1582.0 1579.0
2134.0 5791.0
390.0 7833.0
8109.0 2718.0
4567.0 7546.0
6990.0 2679.0
6504.0 2667.0
4763.0 6471.0
5701.0 2626.0
2888.0 541.0
5274.0 3394.0
3312.0 1715.0
2882.0 9127.0
6742.0 3532.0
1850.0 7496.0
6229.0 1494.0
875.0 2357.0
656.0 7188.0
3047.0 9915.0
5164.0 3628.0
7587.0 6950.0
8146.0 6687.0
92.0 2320.0
6805.0 31.0
9576.0 5296.0
5901.0 3430.0
3177.0 6923.0
6747.0 6814.0
1828.0 3007.0
6005.0 4959.0
2710.0 9866.0
6372.0 229.0
6798.0 6482.0
3711.0 3173.0
2367.0 9188.0
7727.0 3443.0
7701.0 7522.0
5701.0 5877.0
8897.0 2364.0
1422.0 9112.0
1055.0 30.0
3844.0 6657.0
3656.0 8397.0
2531.0 2774.0
3496.0 3765.0
9498.0 8055.0
935.0 9503.0
9491.0 2089.0
7845.0 192.0
3273.0 3088.0
8025.0 7345.0
1023.0 6873.0
3431.0 5369.0
5346.0 73.0
2044.0 8861.0
6059.0 4962.0
5666.0 4931.0
1244.0 5771.0
8520.0 6628.0
1670.0 8895.0
9892.0 6136.0
8171.0 1859.0
6740.0 8845.0
4002.0 8422.0
4477.0 1972.0
6814.0 9721.0
6851.0 3829.0
7229.0 3820.0
8165.0 2359.0
3675.0 8556.0
3711.0 4137.0
5497.0 5050.0
6697.0 7384.0
8908.0 1806.0
2516.0 5209.0
2903.0 1711.0
3673.0 7641.0
4648.0 6904.0
1168.0 3627.0
6451.0 8826.0
688.0 6623.0
8869.0 3359.0
4407.0 9900.0
7035.0 3457.0
1713.0 194.0
9744.0 4122.0
4705.0 858.0
3426.0 7120.0
6742.0 8118.0
5502.0 5322.0
4913.0 6588.0
4264.0 9040.0
9693.0 2670.0
4802.0 9275.0
7665.0 6961.0
3063.0 5206.0
5569.0 9318.0
2619.0 5857.0
6545.0 2707.0
1211.0 8275.0
1871.0 4462.0
6627.0 7157.0
4004.0 6090.0
4001.0 3254.0
9278.0 5265.0
9098.0 481.0
1042.0 6124.0
4644.0 4061.0
6582.0 6528.0
9301.0 4663.0
3644.0 3377.0
1310.0 5839.0
4870.0 9660.0
1422.0 4694.0
976.0 9336.0
2162.0 8147.0
5985.0 8700.0
2980.0 9676.0
339.0 5354.0
3407.0 3937.0
219.0 8424.0
8742.0 9103.0
3873.0 6153.0
5355.0 9366.0
