1
512 1 3.0 0.0 1000.0 3 160 240 100

6.5 13.5 29.3 58.5
13.0 27.0 58.5 117.0
19.5 40.5 87.8 175.5
26.0 54.0 117.0 234.0
39.0 81.0 175.5 351.0
52.0 108.0 234.0 468.0
58.5 121.5 263.3 526.5
65.0 135.0 292.5 585.0
78.0 162.0 351.0 702.0
0.0 180.0 390.0 780.0

2.0 5.0 8.0 11.0
5.0 8.0 11.0 14.0
9.0 12.0 15.0 18.0
11.0 14.0 17.0 20.0
15.0 18.0 21.0 24.0
18.0 21.0 24.0 27.0
20.0 23.0 26.0 29.0
25.0 28.0 31.0 34.0
29.0 32.0 35.0 38.0
0.0 34.0 37.0 40.0

9344.0 4747.0
4218.0 1225.0
5216.0 8533.0
4653.0 9714.0
4908.0 7660.0
8633.0 1721.0
8311.0 1854.0
9822.0 6425.0
7729.0 9856.0
9709.0 5395.0
3707.0 6466.0
4251.0 7310.0
3630.0 9896.0
9627.0 9477.0
3899.0 5556.0
4173.0 8545.0
9013.0 4917.0
6059.0 5297.0
3371.0 574.0
8798.0 896.0
4119.0 1151.0
9137.0 4475.0
5857.0 2168.0
4414.0 4452.0
535.0 1519.0
8942.0 8442.0
8350.0 681.0
1498.0 9176.0
7967.0 5292.0
8487.0 6271.0
6883.0 1230.0
9837.0 6275.0
5263.0 4825.0
7221.0 5836.0
9051.0 8341.0
6650.0 5394.0
699.0 4356.0
29.0 3287.0
8307.0 5169.0
2727.0 2624.0
6524.0 5884.0
6750.0 5849.0
5004.0 2277.0
1569.0 4337.0
2757.0 7109.0
7192.0 2938.0
9201.0 990.0
6536.0 1836.0
5247.0 6448.0
6669.0 599.0
225.0 6321.0
1010.0 1830.0
2988.0 117.0
7031.0 4264.0
7991.0 4463.0
6556.0 7727.0
9694.0 6287.0
8209.0 4827.0
1079.0 9855.0
4096.0 6746.0
4630.0 1307.0
5273.0 3048.0
6570.0 6814.0
3093.0 7851.0
7700.0 3000.0
5984.0 7270.0
6638.0 745.0
3737.0 5504.0
3797.0 6029.0
3869.0 9454.0
6905.0 3913.0
7143.0 4243.0
1406.0 4331.0
1794.0 4543.0
1544.0 789.0
8556.0 9071.0
467.0 5626.0
1045.0 8143.0
153.0 7966.0
8564.0 6676.0
4498.0 2987.0
922.0 7516.0
1372.0 3647.0
7314.0 2464.0
1969.0 8495.0
3842.0 908.0
8270.0 1701.0
6748.0 8414.0
1942.0 3947.0
936.0 185.0
486.0 5289.0
5832.0 6754.0
8965.0 3651.0
3175.0 1798.0
8124.0 5061.0
3800.0 4459.0
2222.0 4278.0
2983.0 1057.0
2409.0 6927.0
6412.0 3565.0
3944.0 6794.0
1375.0 4743.0
8103.0 4391.0
206.0 2308.0
2074.0 5453.0
5590.0 7021.0
2674.0 462.0
9769.0 2078.0
2198.0 8870.0
2241.0 3685.0
7229.0 4129.0
3011.0 5201.0
3723.0 8160.0
966.0 9725.0
4196.0 6415.0
9447.0 8532.0
5320.0 7141.0
3589.0 5203.0
6771.0 992.0
6490.0 7876.0
4621.0 9620.0
3794.0 4460.0
5122.0 4374.0
8747.0 8226.0
7179.0 8742.0
2298.0 3639.0
4350.0 672.0
5325.0 4820.0
9680.0 3403.0
2538.0 1527.0
9203.0 5930.0
148.0 22.0
2416.0 6751.0
1862.0 8724.0
558.0 7019.0
275.0 1020.0
6013.0 1737.0
3233.0 122.0
8649.0 115.0
7233.0 3346.0
7423.0 8752.0
2436.0 5711.0
8064.0 3734.0
6353.0 5216.0
166.0 326.0
5793.0 4707.0
9492.0 1346.0
9115.0 7690.0
3834.0 7899.0
3388.0 7994.0
3228.0 8558.0
3499.0 5652.0
7855.0 5665.0
2801.0 3892.0
9446.0 9861.0
7353.0 4613.0
4509.0 6481.0
8345.0 2241.0
211.0 9958.0
9753.0 8329.0
6207.0 4853.0
815.0 1808.0
8270.0 4656.0
5385.0 2246.0
2022.0 1986.0
2743.0 6016.0
7586.0 6324.0
6928.0 7757.0
8489.0 7909.0
4163.0 1987.0
632.0 8932.0
446.0 2289.0
9645.0 5666.0
3878.0 7912.0
7450.0 7650.0
8788.0 204.0
1349.0 2582.0
1242.0 3738.0
1463.0 8027.0
7994.0 9520.0
4837.0 3599.0
3448.0 173.0
7038.0 9730.0
1715.0 9455.0
4553.0 1674.0
3319.0 1020.0
3824.0 9861.0
8633.0 3790.0
5227.0 259.0
2611.0 3821.0
2828.0 843.0
7891.0 5054.0
3218.0 2844.0
5827.0 3827.0
9266.0 7872.0
7537.0 4528.0
7105.0 4573.0
9528.0 6286.0
7159.0 944.0
965.0 3066.0
2550.0 931.0
2165.0 2057.0
693.0 6454.0
6375.0 7743.0
6404.0 8494.0
9411.0 1532.0
7338.0 3356.0
4230.0 9320.0
5081.0 2764.0
9999.0 1894.0
7719.0 8903.0
7733.0 5527.0
2188.0 8057.0
7076.0 2682.0
7252.0 8955.0
1297.0 5170.0
405.0 4477.0
57.0 4683.0
4532.0 7850.0
2039.0 8055.0
2638.0 6949.0
1990.0 7146.0
1481.0 2861.0
9267.0 5737.0
7413.0 1327.0
7431.0 8308.0
256.0 8203.0
6986.0 8086.0
3540.0 2572.0
5819.0 4250.0
1909.0 3630.0
4406.0 671.0
9030.0 1.0
5372.0 1067.0
1812.0 2587.0
9458.0 7969.0
9269.0 4606.0
2476.0 5360.0
6834.0 4941.0
320.0 7393.0
9453.0 3439.0
1594.0 8051.0
9279.0 9282.0
9950.0 9141.0
6278.0 6076.0
674.0 6511.0
2580.0 9786.0
8626.0 6857.0
3886.0 8142.0
7070.0 19.0
3753.0 2662.0
9495.0 4131.0
9078.0 6915.0
8970.0 3531.0
7607.0 7158.0
2128.0 1795.0
774.0 3990.0
7330.0 4777.0
7712.0 6139.0
9087.0 1061.0
8735.0 27.0
3317.0 9673.0
9126.0 1243.0
492.0 7468.0
6545.0 6555.0
6260.0 1055.0
7877.0 7596.0
1604.0 650.0
3847.0 9856.0
7110.0 5737.0
2207.0 3108.0
8414.0 4926.0
2840.0 1915.0
2404.0 4882.0
570.0 7331.0
6234.0 5713.0
4032.0 3444.0
3739.0 2700.0
1391.0 4892.0
6303.0 6752.0
6253.0 3971.0
7758.0 8463.0
9579.0 8494.0
5396.0 3163.0
5920.0 4003.0
1635.0 6841.0
4802.0 6491.0
3445.0 5316.0
568.0 4258.0
9074.0 1558.0
6517.0 28.0
4164.0 8518.0
1633.0 6971.0
1816.0 7369.0
758.0 4755.0
3684.0 3530.0
1493.0 4262.0
1653.0 5357.0
3683.0 2108.0
2194.0 2895.0
9773.0 8584.0
7944.0 6551.0
6881.0 5169.0
3593.0 8096.0
3898.0 234.0
5650.0 8861.0
9428.0 4081.0
8146.0 2520.0
8910.0 6937.0
8865.0 2337.0
1713.0 6049.0
3149.0 5260.0
1547.0 503.0
4867.0 7750.0
6010.0 4903.0
6606.0 723.0
3568.0 5548.0
3664.0 3487.0
8820.0 5229.0
8905.0 9065.0
9344.0 5292.0
8057.0 5771.0
9958.0 6081.0
7512.0 2445.0
2708.0 9422.0
9209.0 7200.0
3409.0 9250.0
9665.0 2099.0
8058.0 9031.0
2719.0 8607.0
4935.0 7113.0
8078.0 1237.0
720.0 3620.0
206.0 9240.0
1440.0 5048.0
4657.0 8752.0
1568.0 5175.0
1399.0 258.0
7096.0 3423.0
7216.0 8763.0
903.0 4316.0
1741.0 6559.0
1230.0 4149.0
4209.0 964.0
6593.0 3513.0
488.0 1915.0
2954.0 6808.0
2462.0 6803.0
1458.0 2370.0
4333.0 2433.0
7573.0 9352.0
2920.0 6479.0
4933.0 9987.0
1520.0 3339.0
9734.0 8370.0
9398.0 1754.0
3969.0 9385.0
1482.0 4079.0
8346.0 3923.0
5337.0 9595.0
8204.0 9005.0
4973.0 6739.0
8244.0 3958.0
3576.0 1629.0
4391.0 6275.0
9719.0 2789.0
3623.0 3281.0
4125.0 4420.0
5074.0 8253.0
6566.0 3145.0
8226.0 2110.0
4945.0 5566.0
6536.0 4330.0
1150.0 6553.0
7285.0 9192.0
744.0 619.0
996.0 6014.0
6059.0 1289.0
6227.0 4490.0
4770.0 5822.0
8063.0 8777.0
8513.0 5188.0
1131.0 6451.0
8621.0 1669.0
452.0 979.0
8549.0 8981.0
5951.0 8827.0
5057.0 2282.0
8957.0 4851.0
2717.0 7964.0
1490.0 2081.0
8825.0 5610.0
1681.0 4563.0
8275.0 6983.0
1130.0 4356.0
482.0 9454.0
2523.0 6351.0
2901.0 3733.0
8332.0 7016.0
8240.0 8298.0
3923.0 5719.0
4910.0 5390.0
878.0 9756.0
2806.0 5977.0
8867.0 6711.0
8974.0 3552.0
6881.0 289.0
239.0 9154.0
7148.0 8252.0
2362.0 2505.0
7553.0 3591.0
7807.0 6621.0
884.0 2562.0
6670.0 5812.0
1723.0 5729.0
7859.0 9421.0
4298.0 636.0
77.0 6215.0
7123.0 7249.0
4699.0 6788.0
2747.0 9797.0
5093.0 3867.0
3421.0 1143.0
9472.0 2910.0
6020.0 8322.0
6831.0 7871.0
2023.0 379.0
8056.0 9513.0
887.0 2133.0
6768.0 6157.0
7624.0 9.0
6963.0 9257.0
7905.0 8562.0
7034.0 8662.0
6519.0 8836.0
2241.0 4968.0
7486.0 2181.0
189.0 8840.0
6677.0 5665.0
6398.0 9673.0
222.0 7714.0
9527.0 8492.0
4565.0 5114.0
8321.0 2466.0
6461.0 5004.0
4868.0 913.0
3737.0 7999.0
1206.0 5193.0
154.0 1064.0
8879.0 7360.0
171.0 1290.0
3499.0 4956.0
1946.0 4186.0
8884.0 1843.0
9379.0 2636.0
7844.0 7435.0
6537.0 5135.0
9191.0 9233.0
259.0 4461.0
3034.0 6033.0
9287.0 395.0
8930.0 1693.0
714.0 2631.0
3977.0 1845.0
7094.0 2505.0
390.0 8427.0
26.0 4686.0
4664.0 9435.0
8520.0 2447.0
2867.0 3750.0
2990.0 2654.0
9148.0 3451.0
8174.0 9119.0
7027.0 8480.0
805.0 5423.0
5532.0 1045.0
362.0 870.0
4765.0 9648.0
3716.0 5686.0
7956.0 5119.0
6984.0 4106.0
9581.0 3531.0
427.0 6467.0
1609.0 3395.0
4696.0 3970.0
2459.0 7001.0
9261.0 2202.0
5727.0 8298.0
6329.0 2090.0
8255.0 2198.0
6083.0 9397.0
9618.0 2668.0
1559.0 6396.0
7594.0 9523.0
3976.0 1862.0
6685.0 6279.0
1847.0 8009.0
9273.0 3952.0
9683.0 5505.0
1458.0 8197.0
4624.0 201.0
8174.0 9663.0
1798.0 7703.0
4634.0 9940.0
1745.0 4424.0
3683.0 7996.0
5720.0 6243.0
1127.0 4471.0
7191.0 8410.0
3614.0 3724.0
364.0 2828.0
6123.0 6004.0

9349.0 4753.0
4222.0 1229.0
5222.0 8537.0
4657.0 9718.0
4912.0 7665.0
8639.0 1727.0
8317.0 1859.0
9827.0 6429.0
7735.0 9861.0
9714.0 5399.0
3711.0 6471.0
4256.0 7316.0
3635.0 9900.0
9631.0 9483.0
3904.0 5562.0
4177.0 8551.0
9019.0 4923.0
6064.0 5301.0
3375.0 580.0
8802.0 902.0
4124.0 1155.0
9141.0 4479.0
5861.0 2173.0
4419.0 4458.0
540.0 1524.0
8946.0 8447.0
8355.0 685.0
1502.0 9181.0
7973.0 5296.0
8493.0 6276.0
6888.0 1236.0
9843.0 6281.0
5268.0 4831.0
7226.0 5842.0
9055.0 8345.0
6655.0 5399.0
704.0 4361.0
35.0 3292.0
8313.0 5174.0
2732.0 2630.0
6530.0 5889.0
6755.0 5854.0
5009.0 2282.0
1573.0 4342.0
2763.0 7115.0
7196.0 2943.0
9207.0 995.0
6541.0 1841.0
5251.0 6453.0
6675.0 603.0
230.0 6325.0
1015.0 1835.0
2992.0 121.0
7037.0 4269.0
7997.0 4469.0
6560.0 7732.0
9699.0 6293.0
8214.0 4832.0
1083.0 9861.0
4102.0 6750.0
4635.0 1311.0
5279.0 3053.0
6575.0 6818.0
3098.0 7856.0
7706.0 3005.0
5989.0 7276.0
6644.0 750.0
3743.0 5509.0
3801.0 6034.0
3874.0 9460.0
6910.0 3917.0
7149.0 4248.0
1411.0 4335.0
1798.0 4548.0
1550.0 794.0
8560.0 9075.0
473.0 5631.0
1050.0 8149.0
158.0 7971.0
8568.0 6681.0
4504.0 2992.0
927.0 7521.0
1377.0 3652.0
7319.0 2468.0
1974.0 8499.0
3848.0 912.0
8275.0 1706.0
6754.0 8419.0
1946.0 3952.0
941.0 189.0
491.0 5293.0
5836.0 6759.0
8970.0 3655.0
3180.0 1803.0
8130.0 5065.0
3806.0 4464.0
2227.0 4282.0
2988.0 1061.0
2413.0 6933.0
6417.0 3570.0
3948.0 6799.0
1379.0 4748.0
8108.0 4396.0
212.0 2313.0
2079.0 5457.0
5596.0 7026.0
2680.0 467.0
9774.0 2083.0
2204.0 8874.0
2246.0 3690.0
7233.0 4134.0
3015.0 5206.0
3728.0 8165.0
970.0 9729.0
4201.0 6420.0
9452.0 8536.0
5324.0 7146.0
3593.0 5208.0
6776.0 998.0
6496.0 7881.0
4626.0 9624.0
3800.0 4465.0
5127.0 4380.0
8751.0 8231.0
7184.0 8747.0
2303.0 3644.0
4356.0 677.0
5331.0 4824.0
9686.0 3408.0
2543.0 1531.0
9209.0 5935.0
153.0 28.0
2421.0 6756.0
1867.0 8730.0
564.0 7024.0
280.0 1025.0
6017.0 1742.0
3239.0 127.0
8655.0 120.0
7238.0 3351.0
7429.0 8758.0
2441.0 5716.0
8069.0 3739.0
6359.0 5221.0
171.0 331.0
5799.0 4713.0
9496.0 1351.0
9120.0 7696.0
3838.0 7903.0
3393.0 7998.0
3233.0 8563.0
3505.0 5657.0
7859.0 5670.0
2805.0 3898.0
9451.0 9865.0
7359.0 4617.0
4514.0 6486.0
8350.0 2246.0
216.0 9963.0
9758.0 8333.0
6211.0 4857.0
820.0 1813.0
8276.0 4660.0
5390.0 2252.0
2027.0 1991.0
2747.0 6020.0
7591.0 6330.0
6933.0 7762.0
8494.0 7913.0
4168.0 1992.0
637.0 8936.0
451.0 2294.0
9649.0 5670.0
3883.0 7917.0
7456.0 7656.0
8793.0 210.0
1355.0 2586.0
1246.0 3742.0
1469.0 8032.0
8000.0 9525.0
4841.0 3605.0
3454.0 178.0
7043.0 9734.0
1721.0 9459.0
4559.0 1679.0
3324.0 1025.0
3828.0 9866.0
8638.0 3795.0
5232.0 263.0
2616.0 3827.0
2832.0 847.0
7895.0 5060.0
3222.0 2849.0
5832.0 3831.0
9270.0 7877.0
7543.0 4533.0
7110.0 4578.0
9533.0 6291.0
7163.0 949.0
970.0 3072.0
2555.0 937.0
2170.0 2062.0
698.0 6459.0
6380.0 7748.0
6410.0 8500.0
9417.0 1537.0
7342.0 3361.0
4235.0 9324.0
5087.0 2770.0
10004.0 1900.0
7723.0 8908.0
7738.0 5532.0
2193.0 8061.0
7080.0 2686.0
7257.0 8959.0
1302.0 5176.0
411.0 4481.0
63.0 4688.0
4537.0 7854.0
2044.0 8060.0
2643.0 6953.0
1995.0 7150.0
1487.0 2867.0
9272.0 5741.0
7418.0 1333.0
7437.0 8313.0
261.0 8207.0
6991.0 8090.0
3544.0 2578.0
5824.0 4255.0
1915.0 3635.0
4412.0 677.0
9034.0 5.0
5377.0 1073.0
1816.0 2592.0
9463.0 7973.0
9275.0 4611.0
2481.0 5364.0
6839.0 4946.0
325.0 7398.0
9459.0 3444.0
1599.0 8055.0
9284.0 9287.0
9955.0 9146.0
6283.0 6081.0
679.0 6517.0
2585.0 9791.0
8632.0 6862.0
3892.0 8147.0
7074.0 23.0
3759.0 2667.0
9500.0 4136.0
9083.0 6920.0
8975.0 3535.0
7611.0 7163.0
2133.0 1801.0
779.0 3994.0
7334.0 4781.0
7717.0 6144.0
9092.0 1067.0
8740.0 32.0
3322.0 9678.0
9130.0 1247.0
496.0 7472.0
6550.0 6560.0
6265.0 1060.0
7883.0 7600.0
1608.0 656.0
3852.0 9861.0
7116.0 5742.0
2212.0 3113.0
8419.0 4930.0
2845.0 1919.0
2410.0 4887.0
575.0 7335.0
6238.0 5718.0
4036.0 3448.0
3743.0 2704.0
1396.0 4897.0
6307.0 6757.0
6259.0 3975.0
7764.0 8468.0
9584.0 8499.0
5400.0 3168.0
5925.0 4008.0
1640.0 6846.0
4807.0 6496.0
3449.0 5322.0
573.0 4263.0
9080.0 1562.0
6522.0 32.0
4169.0 8523.0
1638.0 6976.0
1821.0 7374.0
762.0 4760.0
3689.0 3536.0
1498.0 4266.0
1657.0 5362.0
3688.0 2113.0
2198.0 2900.0
9777.0 8589.0
7949.0 6555.0
6886.0 5174.0
3598.0 8101.0
3902.0 240.0
5655.0 8866.0
9433.0 4086.0
8152.0 2524.0
8915.0 6942.0
8870.0 2342.0
1718.0 6054.0
3153.0 5265.0
1552.0 508.0
4873.0 7756.0
6016.0 4908.0
6612.0 729.0
3573.0 5553.0
3669.0 3492.0
8825.0 5234.0
8911.0 9070.0
9349.0 5296.0
8062.0 5775.0
9962.0 6086.0
7518.0 2450.0
2714.0 9426.0
9214.0 7205.0
3414.0 9256.0
9671.0 2104.0
8064.0 9036.0
2725.0 8612.0
4940.0 7117.0
8083.0 1242.0
725.0 3625.0
210.0 9245.0
1445.0 5053.0
4661.0 8756.0
1573.0 5181.0
1403.0 262.0
7101.0 3427.0
7221.0 8768.0
908.0 4320.0
1745.0 6565.0
1234.0 4154.0
4215.0 969.0
6598.0 3517.0
494.0 1921.0
2959.0 6813.0
2467.0 6807.0
1463.0 2375.0
4339.0 2438.0
7578.0 9358.0
2924.0 6484.0
4937.0 9992.0
1526.0 3345.0
9739.0 8376.0
9404.0 1759.0
3975.0 9391.0
1488.0 4085.0
8350.0 3928.0
5342.0 9600.0
8210.0 9010.0
4978.0 6744.0
8249.0 3963.0
3581.0 1633.0
4395.0 6280.0
9724.0 2794.0
3628.0 3286.0
4131.0 4425.0
5078.0 8258.0
6571.0 3150.0
8231.0 2116.0
4950.0 5572.0
6541.0 4336.0
1156.0 6558.0
7290.0 9198.0
749.0 623.0
1001.0 6019.0
6065.0 1293.0
6233.0 4495.0
4776.0 5826.0
8068.0 8782.0
8517.0 5193.0
1136.0 6457.0
8625.0 1674.0
457.0 984.0
8553.0 8987.0
5956.0 8832.0
5063.0 2288.0
8963.0 4855.0
2722.0 7969.0
1494.0 2086.0
8829.0 5615.0
1686.0 4567.0
8279.0 6988.0
1135.0 4361.0
487.0 9459.0
2528.0 6356.0
2907.0 3739.0
8338.0 7021.0
8244.0 8303.0
3928.0 5725.0
4916.0 5395.0
882.0 9760.0
2811.0 5982.0
8873.0 6716.0
8979.0 3556.0
6886.0 293.0
244.0 9160.0
7153.0 8257.0
2367.0 2510.0
7558.0 3597.0
7812.0 6626.0
888.0 2567.0
6676.0 5816.0
1728.0 5734.0
7863.0 9425.0
4303.0 641.0
81.0 6221.0
7129.0 7254.0
4704.0 6793.0
2751.0 9802.0
5099.0 3872.0
3425.0 1148.0
9477.0 2915.0
6024.0 8328.0
6835.0 7875.0
2027.0 384.0
8062.0 9518.0
893.0 2139.0
6772.0 6162.0
7629.0 14.0
6967.0 9261.0
7909.0 8567.0
7039.0 8666.0
6524.0 8842.0
2247.0 4973.0
7492.0 2187.0
194.0 8845.0
6683.0 5670.0
6403.0 9677.0
228.0 7719.0
9532.0 8497.0
4569.0 5118.0
8325.0 2471.0
6465.0 5008.0
4873.0 919.0
3742.0 8004.0
1210.0 5197.0
159.0 1069.0
8884.0 7366.0
176.0 1295.0
3504.0 4961.0
1952.0 4190.0
8888.0 1848.0
9385.0 2641.0
7848.0 7439.0
6541.0 5140.0
9196.0 9237.0
264.0 4467.0
3038.0 6037.0
9291.0 400.0
8934.0 1699.0
719.0 2636.0
3982.0 1850.0
7099.0 2509.0
395.0 8432.0
32.0 4691.0
4668.0 9441.0
8525.0 2451.0
2871.0 3755.0
2996.0 2659.0
9154.0 3456.0
8179.0 9124.0
7033.0 8485.0
810.0 5428.0
5537.0 1050.0
367.0 875.0
4769.0 9654.0
3722.0 5691.0
7961.0 5124.0
6988.0 4110.0
9585.0 3535.0
433.0 6472.0
1614.0 3400.0
4701.0 3975.0
2464.0 7007.0
9266.0 2208.0
5733.0 8304.0
6334.0 2096.0
8260.0 2204.0
6087.0 9401.0
9622.0 2672.0
1564.0 6402.0
7598.0 9528.0
3982.0 1866.0
6690.0 6284.0
1852.0 8014.0
9277.0 3956.0
9688.0 5510.0
1462.0 8203.0
4630.0 207.0
8179.0 9668.0
1803.0 7708.0
4639.0 9945.0
1749.0 4428.0
3688.0 8000.0
5725.0 6249.0
1132.0 4475.0
7196.0 8415.0
3620.0 3729.0
369.0 2833.0
6128.0 6009.0
