1
512 1 3.0 0.0 1000.0 3 160 240 100

6.5 13.5 29.3 58.5
13.0 27.0 58.5 117.0
19.5 40.5 87.8 175.5
26.0 54.0 117.0 234.0
39.0 81.0 175.5 351.0
52.0 108.0 234.0 468.0
58.5 121.5 263.3 526.5
65.0 135.0 292.5 585.0
78.0 162.0 351.0 702.0
0.0 180.0 390.0 780.0

2.0 5.0 8.0 11.0
5.0 8.0 11.0 14.0
9.0 12.0 15.0 18.0
11.0 14.0 17.0 20.0
15.0 18.0 21.0 24.0
18.0 21.0 24.0 27.0
20.0 23.0 26.0 29.0
25.0 28.0 31.0 34.0
29.0 32.0 35.0 38.0
0.0 34.0 37.0 40.0

9582.0 4679.0
4029.0 2520.0
7949.0 4348.0
474.0 250.0
6627.0 7562.0
2411.0 172.0
5506.0 1610.0
6209.0 8054.0
6362.0 7419.0
3657.0 9817.0
4934.0 2860.0
4863.0 2489.0
5773.0 6339.0
254.0 1982.0
672.0 6844.0
8757.0 54.0
3992.0 9049.0
1738.0 5351.0
715.0 4634.0
4749.0 5903.0
5546.0 3434.0
1674.0 2964.0
3866.0 561.0
8337.0 8575.0
7877.0 8130.0
5134.0 1731.0
3752.0 2717.0
775.0 544.0
8104.0 2187.0
1689.0 270.0
4601.0 8025.0
4183.0 9594.0
4051.0 1798.0
8902.0 59.0
3767.0 6885.0
9681.0 6005.0
4537.0 9106.0
1341.0 4919.0
6024.0 2385.0
3519.0 568.0
3910.0 8075.0
85.0 3805.0
4607.0 9084.0
6223.0 8418.0
5854.0 2432.0
7751.0 1926.0
4022.0 6368.0
9741.0 3682.0
1446.0 685.0
4017.0 5182.0
9605.0 1370.0
7601.0 9957.0
6469.0 3203.0
6664.0 2925.0
8840.0 6467.0
3080.0 1600.0
2989.0 6371.0
3118.0 4030.0
9440.0 6345.0
376.0 843.0
186.0 8817.0
7501.0 1300.0
9184.0 9631.0
3786.0 5723.0
9441.0 4705.0
8194.0 9184.0
2503.0 100.0
9900.0 3842.0
8685.0 9100.0
904.0 9811.0
8840.0 2452.0
7795.0 6935.0
1008.0 404.0
2237.0 2357.0
7752.0 7654.0
2239.0 1268.0
2512.0 4865.0
8787.0 717.0
5781.0 2859.0
4906.0 8855.0
4443.0 8146.0
6722.0 4514.0
77.0 892.0
8594.0 4488.0
4561.0 8981.0
6887.0 8410.0
3780.0 4304.0
9454.0 3596.0
2779.0 9884.0
407.0 4752.0
8161.0 9003.0
2227.0 5919.0
6061.0 9939.0
9807.0 4534.0
6519.0 2451.0
3484.0 6.0
7566.0 4658.0
631.0 1674.0
4840.0 1426.0
7883.0 3532.0
5065.0 7908.0
8572.0 5619.0
4205.0 4367.0
2424.0 4431.0
3606.0 911.0
7113.0 7266.0
9966.0 3280.0
3717.0 7857.0
7436.0 3310.0
671.0 3203.0
2675.0 214.0
3259.0 3959.0
6190.0 1307.0
8251.0 3276.0
5769.0 3312.0
5715.0 1480.0
329.0 7876.0
2610.0 6464.0
5014.0 7432.0
5208.0 2175.0
838.0 39.0
9923.0 90.0
4714.0 4332.0
4619.0 1049.0
8183.0 8217.0
4962.0 7340.0
5662.0 7435.0
2892.0 7414.0
5527.0 2648.0
6782.0 8108.0
9866.0 6153.0
5350.0 1771.0
1202.0 1881.0
9911.0 8162.0
7024.0 4795.0
2013.0 3510.0
5437.0 8335.0
6055.0 1623.0
7754.0 1031.0
8933.0 4422.0
6347.0 5927.0
1304.0 1778.0
8588.0 8937.0
7526.0 3050.0
180.0 4778.0
3847.0 5196.0
3724.0 1605.0
6920.0 4840.0
818.0 7981.0
7200.0 4182.0
8529.0 8323.0
4310.0 3128.0
3540.0 5444.0
3934.0 2534.0
9808.0 1333.0
8314.0 5934.0
8041.0 9804.0
4917.0 9637.0
7824.0 7146.0
347.0 3590.0
5708.0 9405.0
9063.0 7865.0
5082.0 7438.0
8993.0 2179.0
6155.0 3356.0
8584.0 8309.0
6864.0 4514.0
2393.0 7795.0
8018.0 3651.0
4756.0 9820.0
8528.0 6341.0
3634.0 6627.0
9001.0 9363.0
9186.0 6384.0
4562.0 6147.0
4151.0 5860.0
187.0 7907.0
5599.0 7803.0
4395.0 1603.0
135.0 400.0
9602.0 8376.0
7116.0 8706.0
9968.0 8560.0
6948.0 415.0
44.0 1943.0
4052.0 874.0
60.0 4368.0
6544.0 4698.0
6156.0 4339.0
7220.0 3894.0
6378.0 5756.0
2904.0 4854.0
5773.0 5395.0
1738.0 9122.0
6392.0 6294.0
474.0 5299.0
517.0 656.0
6350.0 1976.0
7946.0 8412.0
611.0 4088.0
649.0 72.0
3250.0 7545.0
609.0 5000.0
1037.0 9558.0
9185.0 8748.0
3413.0 4514.0
8796.0 5573.0
3303.0 7795.0
267.0 4776.0
2442.0 2422.0
1642.0 2004.0
3260.0 5915.0
6791.0 9126.0
1914.0 7228.0
4633.0 8838.0
9533.0 6174.0
2290.0 2616.0
1236.0 199.0
7997.0 3160.0
5011.0 5892.0
2083.0 4948.0
5012.0 5126.0
6852.0 9050.0
6342.0 8197.0
8674.0 818.0
913.0 8854.0
8113.0 1598.0
6427.0 8597.0
6412.0 8089.0
3063.0 132.0
9153.0 5489.0
4939.0 2360.0
411.0 3045.0
5919.0 1785.0
3227.0 3165.0
1831.0 7725.0
4720.0 7703.0
3674.0 1208.0
6651.0 7554.0
8870.0 9932.0
4764.0 4207.0
157.0 4179.0
2735.0 4365.0
4161.0 1063.0
9026.0 1285.0
4247.0 6989.0
7485.0 8961.0
4695.0 715.0
5003.0 7779.0
5791.0 1895.0
2050.0 2795.0
1891.0 2486.0
4409.0 8243.0
7031.0 899.0
6934.0 4425.0
5158.0 1286.0
2641.0 5614.0
4543.0 2836.0
2966.0 88.0
8456.0 6464.0
7500.0 5953.0
6672.0 8789.0
4024.0 8856.0
4866.0 5758.0
2171.0 255.0
1491.0 828.0
6520.0 7351.0
4176.0 5064.0
7462.0 8330.0
255.0 9057.0
641.0 9043.0
8459.0 9026.0
8300.0 9755.0
1369.0 1998.0
8350.0 3104.0
679.0 7447.0
9483.0 6892.0
9862.0 5277.0
3143.0 7846.0
1285.0 2520.0
5691.0 4985.0
7366.0 3649.0
6562.0 3720.0
7826.0 1877.0
756.0 4320.0
7613.0 1327.0
6470.0 887.0
2572.0 2460.0
1192.0 9455.0
2425.0 5640.0
2083.0 6364.0
3134.0 216.0
8971.0 528.0
3222.0 9013.0
757.0 5736.0
1106.0 604.0
8577.0 1623.0
3038.0 4258.0
1532.0 4435.0
3700.0 4931.0
3297.0 1222.0
4038.0 8199.0
443.0 3601.0
3401.0 7503.0
5784.0 9712.0
5551.0 8600.0
2574.0 5501.0
624.0 8595.0
7870.0 8971.0
7602.0 9433.0
5884.0 3523.0
4375.0 8249.0
4643.0 9024.0
4959.0 9447.0
1782.0 1742.0
5933.0 5885.0
7779.0 6765.0
6687.0 9073.0
7464.0 9055.0
523.0 733.0
3124.0 1754.0
6205.0 640.0
5004.0 2887.0
2009.0 8090.0
7553.0 4083.0
6855.0 6915.0
2208.0 7462.0
5589.0 6392.0
63.0 9307.0
7980.0 2962.0
219.0 1656.0
3505.0 110.0
2147.0 5456.0
6502.0 6320.0
2889.0 1405.0
8745.0 3463.0
2405.0 7108.0
9020.0 509.0
2898.0 1698.0
1775.0 9955.0
428.0 1534.0
9406.0 6841.0
9642.0 3129.0
5259.0 2732.0
4935.0 1920.0
6910.0 9570.0
3869.0 8029.0
1797.0 754.0
1163.0 2648.0
9777.0 9348.0
4079.0 1159.0
9671.0 5793.0
2521.0 1657.0
9373.0 6.0
9677.0 9977.0
1594.0 5250.0
1501.0 4872.0
9808.0 3657.0
5891.0 9481.0
1470.0 5791.0
4844.0 7700.0
8080.0 9120.0
5442.0 6612.0
4161.0 2805.0
7965.0 8596.0
9719.0 8658.0
1970.0 9238.0
3262.0 681.0
3638.0 9707.0
4940.0 8043.0
225.0 4696.0
1885.0 8904.0
9934.0 9579.0
309.0 4939.0
8012.0 2917.0
1448.0 8976.0
2423.0 2935.0
906.0 603.0
4889.0 9114.0
3474.0 7152.0
5631.0 2525.0
8006.0 9914.0
2633.0 1039.0
9398.0 8000.0
8748.0 8047.0
7266.0 4708.0
2456.0 5818.0
3378.0 3780.0
609.0 7138.0
2413.0 5450.0
3979.0 1348.0
3121.0 4642.0
8918.0 3431.0
9449.0 6217.0
971.0 7267.0
3710.0 4647.0
8739.0 6691.0
6358.0 7998.0
8836.0 498.0
9443.0 8605.0
5239.0 12.0
3320.0 5323.0
8866.0 361.0
8676.0 4738.0
5694.0 9091.0
8442.0 1211.0
4244.0 8249.0
6678.0 8158.0
5748.0 8568.0
3981.0 5427.0
2816.0 6887.0
1493.0 170.0
4935.0 441.0
8090.0 1079.0
1607.0 4150.0
7805.0 8390.0
6453.0 9544.0
7065.0 4514.0
8105.0 6456.0
3817.0 2692.0
6201.0 1106.0
3098.0 3553.0
3302.0 6731.0
6137.0 1962.0
6068.0 5368.0
2543.0 9032.0
1485.0 1940.0
7665.0 6688.0
6490.0 4278.0
9683.0 4672.0
1795.0 5193.0
3500.0 2357.0
3250.0 5259.0
1015.0 267.0
6537.0 7416.0
9839.0 8679.0
3550.0 7039.0
5030.0 3190.0
1249.0 3598.0
903.0 9632.0
6333.0 2553.0
2513.0 3222.0
1533.0 8602.0
8850.0 9323.0
1864.0 3924.0
2341.0 5702.0
1637.0 7554.0
1714.0 8672.0
5569.0 4505.0
7798.0 7993.0
9798.0 5795.0
4340.0 7918.0
1134.0 2991.0
8388.0 4273.0
5350.0 3410.0
7333.0 9941.0
7859.0 4612.0
2163.0 3645.0
2571.0 9318.0
9010.0 9407.0
7270.0 4380.0
3556.0 6564.0
6313.0 9943.0
5366.0 2733.0
3993.0 7424.0
1724.0 4591.0
4366.0 7450.0
3040.0 3874.0
5877.0 1380.0
4395.0 8459.0
1595.0 2548.0
298.0 925.0
8385.0 5860.0
2226.0 9467.0
831.0 6872.0
1014.0 8551.0
8236.0 3991.0
8668.0 9190.0
5517.0 9926.0
6669.0 1229.0
1309.0 1020.0
339.0 2510.0
9115.0 5604.0
1346.0 2317.0
9799.0 4993.0
2902.0 8968.0
6268.0 3275.0
4745.0 3942.0
3638.0 4503.0
7456.0 7435.0
724.0 8444.0
8198.0 2704.0
1167.0 8506.0
2432.0 9106.0
5013.0 7979.0
8694.0 6203.0
4075.0 3216.0
5994.0 3811.0
6886.0 4909.0
5912.0 5391.0
1581.0 1058.0
3955.0 4649.0
7507.0 7797.0
7260.0 7738.0
8893.0 6697.0
8191.0 5940.0
6408.0 9674.0
5926.0 6216.0
4907.0 5144.0
575.0 9499.0
8202.0 1554.0
6933.0 9116.0

9586.0 4683.0
4033.0 2525.0
7955.0 4353.0
479.0 255.0
6632.0 7566.0
2417.0 177.0
5510.0 1614.0
6214.0 8058.0
6368.0 7423.0
3663.0 9823.0
4939.0 2864.0
4868.0 2494.0
5777.0 6344.0
259.0 1987.0
678.0 6850.0
8762.0 59.0
3997.0 9055.0
1744.0 5356.0
720.0 4640.0
4753.0 5909.0
5551.0 3439.0
1678.0 2968.0
3870.0 565.0
8343.0 8579.0
7882.0 8134.0
5139.0 1737.0
3756.0 2722.0
779.0 549.0
8109.0 2191.0
1694.0 275.0
4606.0 8030.0
4188.0 9598.0
4057.0 1804.0
8908.0 64.0
3771.0 6890.0
9686.0 6011.0
4542.0 9111.0
1346.0 4924.0
6030.0 2390.0
3525.0 573.0
3916.0 8080.0
89.0 3811.0
4612.0 9090.0
6229.0 8423.0
5859.0 2437.0
7757.0 1932.0
4026.0 6372.0
9746.0 3687.0
1451.0 690.0
4023.0 5187.0
9611.0 1376.0
7606.0 9962.0
6474.0 3207.0
6669.0 2930.0
8846.0 6472.0
3085.0 1604.0
2993.0 6377.0
3124.0 4036.0
9445.0 6349.0
382.0 849.0
190.0 8822.0
7506.0 1305.0
9190.0 9636.0
3791.0 5727.0
9445.0 4711.0
8198.0 9188.0
2509.0 105.0
9906.0 3846.0
8690.0 9105.0
908.0 9815.0
8846.0 2458.0
7799.0 6940.0
1013.0 408.0
2243.0 2362.0
7756.0 7660.0
2244.0 1274.0
2518.0 4870.0
8793.0 723.0
5785.0 2865.0
4911.0 8861.0
4448.0 8150.0
6728.0 4519.0
81.0 897.0
8600.0 4492.0
4567.0 8987.0
6892.0 8414.0
3786.0 4309.0
9459.0 3602.0
2783.0 9888.0
411.0 4756.0
8166.0 9008.0
2231.0 5923.0
6067.0 9943.0
9811.0 4539.0
6525.0 2455.0
3488.0 11.0
7570.0 4662.0
637.0 1679.0
4845.0 1431.0
7888.0 3537.0
5071.0 7913.0
8578.0 5623.0
4210.0 4372.0
2429.0 4437.0
3612.0 917.0
7118.0 7270.0
9971.0 3285.0
3722.0 7862.0
7441.0 3315.0
675.0 3208.0
2680.0 219.0
3265.0 3964.0
6195.0 1313.0
8256.0 3281.0
5774.0 3316.0
5721.0 1484.0
334.0 7881.0
2614.0 6469.0
5019.0 7436.0
5213.0 2180.0
843.0 45.0
9927.0 95.0
4720.0 4337.0
4625.0 1055.0
8189.0 8222.0
4967.0 7344.0
5667.0 7439.0
2897.0 7419.0
5531.0 2654.0
6786.0 8113.0
9872.0 6158.0
5354.0 1776.0
1207.0 1886.0
9916.0 8168.0
7029.0 4800.0
2018.0 3516.0
5441.0 8341.0
6059.0 1628.0
7759.0 1036.0
8939.0 4426.0
6352.0 5932.0
1309.0 1784.0
8593.0 8941.0
7530.0 3055.0
185.0 4783.0
3851.0 5201.0
3729.0 1611.0
6925.0 4846.0
823.0 7986.0
7205.0 4188.0
8534.0 8328.0
4315.0 3133.0
3545.0 5450.0
3938.0 2540.0
9812.0 1338.0
8318.0 5939.0
8045.0 9810.0
4922.0 9642.0
7828.0 7151.0
352.0 3596.0
5713.0 9410.0
9068.0 7870.0
5087.0 7442.0
8998.0 2184.0
6161.0 3361.0
8590.0 8313.0
6868.0 4519.0
2397.0 7799.0
8024.0 3657.0
4761.0 9826.0
8534.0 6346.0
3640.0 6633.0
9006.0 9369.0
9192.0 6389.0
4567.0 6153.0
4155.0 5865.0
193.0 7913.0
5603.0 7807.0
4401.0 1609.0
140.0 405.0
9606.0 8381.0
7121.0 8712.0
9973.0 8565.0
6954.0 419.0
49.0 1949.0
4058.0 878.0
66.0 4372.0
6550.0 4703.0
6160.0 4344.0
7225.0 3898.0
6383.0 5761.0
2910.0 4860.0
5779.0 5399.0
1743.0 9128.0
6397.0 6298.0
479.0 5303.0
522.0 661.0
6355.0 1981.0
7950.0 8417.0
616.0 4093.0
654.0 77.0
3255.0 7550.0
614.0 5004.0
1041.0 9563.0
9190.0 8753.0
3419.0 4519.0
8801.0 5578.0
3307.0 7801.0
271.0 4781.0
2448.0 2427.0
1647.0 2009.0
3265.0 5920.0
6795.0 9132.0
1918.0 7233.0
4637.0 8842.0
9539.0 6180.0
2295.0 2621.0
1240.0 203.0
8002.0 3165.0
5016.0 5896.0
2087.0 4953.0
5017.0 5132.0
6856.0 9055.0
6348.0 8202.0
8679.0 823.0
918.0 8860.0
8119.0 1603.0
6431.0 8603.0
6416.0 8094.0
3068.0 136.0
9159.0 5494.0
4944.0 2365.0
417.0 3050.0
5923.0 1791.0
3233.0 3170.0
1836.0 7729.0
4726.0 7707.0
3678.0 1214.0
6656.0 7559.0
8875.0 9937.0
4770.0 4212.0
161.0 4184.0
2739.0 4371.0
4166.0 1068.0
9031.0 1291.0
4251.0 6994.0
7489.0 8966.0
4700.0 720.0
5008.0 7784.0
5796.0 1900.0
2056.0 2800.0
1896.0 2490.0
4414.0 8248.0
7035.0 903.0
6939.0 4431.0
5163.0 1291.0
2647.0 5618.0
4548.0 2841.0
2971.0 92.0
8460.0 6469.0
7504.0 5959.0
6676.0 8794.0
4029.0 8860.0
4872.0 5763.0
2177.0 260.0
1497.0 833.0
6526.0 7356.0
4182.0 5068.0
7466.0 8335.0
260.0 9062.0
646.0 9048.0
8464.0 9031.0
8306.0 9761.0
1373.0 2002.0
8354.0 3108.0
685.0 7451.0
9488.0 6896.0
9868.0 5281.0
3149.0 7850.0
1291.0 2526.0
5696.0 4990.0
7372.0 3654.0
6566.0 3726.0
7831.0 1881.0
760.0 4326.0
7617.0 1333.0
6474.0 891.0
2577.0 2464.0
1198.0 9459.0
2430.0 5644.0
2088.0 6369.0
3139.0 221.0
8976.0 533.0
3227.0 9019.0
762.0 5740.0
1112.0 610.0
8582.0 1628.0
3044.0 4262.0
1537.0 4440.0
3704.0 4935.0
3301.0 1227.0
4042.0 8203.0
447.0 3607.0
3406.0 7508.0
5790.0 9716.0
5556.0 8605.0
2578.0 5507.0
630.0 8600.0
7875.0 8976.0
7606.0 9438.0
5888.0 3527.0
4381.0 8254.0
4648.0 9030.0
4964.0 9453.0
1787.0 1746.0
5939.0 5890.0
7785.0 6771.0
6692.0 9078.0
7470.0 9061.0
528.0 738.0
3129.0 1759.0
6210.0 645.0
5010.0 2893.0
2014.0 8095.0
7559.0 4088.0
6859.0 6919.0
2212.0 7467.0
5593.0 6398.0
68.0 9312.0
7986.0 2966.0
223.0 1661.0
3510.0 114.0
2153.0 5461.0
6507.0 6325.0
2894.0 1410.0
8750.0 3468.0
2409.0 7112.0
9025.0 514.0
2903.0 1703.0
1779.0 9960.0
433.0 1538.0
9411.0 6846.0
9646.0 3135.0
5265.0 2738.0
4940.0 1925.0
6915.0 9574.0
3874.0 8033.0
1801.0 760.0
1169.0 2652.0
9781.0 9353.0
4084.0 1163.0
9675.0 5799.0
2526.0 1663.0
9379.0 12.0
9682.0 9981.0
1599.0 5254.0
1507.0 4877.0
9814.0 3662.0
5897.0 9487.0
1475.0 5795.0
4849.0 7706.0
8085.0 9125.0
5447.0 6617.0
4166.0 2810.0
7969.0 8601.0
9723.0 8664.0
1975.0 9243.0
3266.0 686.0
3642.0 9713.0
4946.0 8049.0
230.0 4701.0
1890.0 8908.0
9939.0 9584.0
315.0 4943.0
8016.0 2923.0
1452.0 8981.0
2428.0 2939.0
910.0 608.0
4894.0 9119.0
3479.0 7157.0
5637.0 2530.0
8011.0 9919.0
2638.0 1044.0
9404.0 8006.0
8753.0 8053.0
7271.0 4713.0
2460.0 5823.0
3384.0 3786.0
615.0 7143.0
2418.0 5454.0
3985.0 1353.0
3126.0 4647.0
8922.0 3436.0
9455.0 6222.0
976.0 7272.0
3716.0 4652.0
8744.0 6696.0
6363.0 8003.0
8840.0 504.0
9448.0 8609.0
5244.0 18.0
3326.0 5328.0
8871.0 365.0
8681.0 4743.0
5699.0 9095.0
8447.0 1217.0
4250.0 8255.0
6683.0 8164.0
5752.0 8573.0
3985.0 5432.0
2820.0 6892.0
1497.0 176.0
4941.0 446.0
8095.0 1084.0
1612.0 4154.0
7810.0 8395.0
6458.0 9550.0
7070.0 4519.0
8110.0 6461.0
3821.0 2697.0
6206.0 1110.0
3102.0 3558.0
3307.0 6737.0
6141.0 1968.0
6074.0 5373.0
2548.0 9036.0
1490.0 1945.0
7670.0 6693.0
6495.0 4284.0
9689.0 4677.0
1800.0 5197.0
3505.0 2362.0
3254.0 5264.0
1020.0 273.0
6541.0 7420.0
9843.0 8684.0
3555.0 7045.0
5035.0 3196.0
1255.0 3603.0
908.0 9637.0
6338.0 2558.0
2519.0 3227.0
1538.0 8606.0
8855.0 9327.0
1868.0 3928.0
2346.0 5707.0
1643.0 7559.0
1719.0 8678.0
5574.0 4511.0
7804.0 7999.0
9802.0 5800.0
4345.0 7924.0
1138.0 2996.0
8393.0 4278.0
5354.0 3415.0
7339.0 9947.0
7864.0 4617.0
2168.0 3650.0
2577.0 9322.0
9014.0 9412.0
7276.0 4385.0
3561.0 6570.0
6317.0 9948.0
5372.0 2738.0
3997.0 7429.0
1729.0 4595.0
4370.0 7455.0
3046.0 3880.0
5881.0 1384.0
4400.0 8463.0
1600.0 2554.0
303.0 930.0
8391.0 5865.0
2231.0 9472.0
836.0 6876.0
1019.0 8556.0
8240.0 3996.0
8673.0 9195.0
5522.0 9930.0
6674.0 1234.0
1314.0 1025.0
344.0 2515.0
9120.0 5608.0
1352.0 2322.0
9805.0 4999.0
2908.0 8972.0
6273.0 3279.0
4751.0 3946.0
3644.0 4507.0
7461.0 7441.0
729.0 8449.0
8203.0 2710.0
1173.0 8511.0
2436.0 9110.0
5018.0 7984.0
8699.0 6208.0
4081.0 3221.0
6000.0 3816.0
6890.0 4913.0
5916.0 5396.0
1586.0 1063.0
3960.0 4654.0
7513.0 7803.0
7265.0 7742.0
8898.0 6702.0
8196.0 5945.0
6413.0 9680.0
5932.0 6220.0
4912.0 5149.0
581.0 9504.0
8207.0 1558.0
6937.0 9121.0
