1
512 1 3.0 0.0 1000.0 3 160 240 100

6.5 13.5 29.3 58.5
13.0 27.0 58.5 117.0
19.5 40.5 87.8 175.5
26.0 54.0 117.0 234.0
39.0 81.0 175.5 351.0
52.0 108.0 234.0 468.0
58.5 121.5 263.3 526.5
65.0 135.0 292.5 585.0
78.0 162.0 351.0 702.0
0.0 180.0 390.0 780.0

2.0 5.0 8.0 11.0
5.0 8.0 11.0 14.0
9.0 12.0 15.0 18.0
11.0 14.0 17.0 20.0
15.0 18.0 21.0 24.0
18.0 21.0 24.0 27.0
20.0 23.0 26.0 29.0
25.0 28.0 31.0 34.0
29.0 32.0 35.0 38.0
0.0 34.0 37.0 40.0

4174.0 6920.0
7406.0 4231.0
6043.0 5510.0
6203.0 5671.0
8122.0 5298.0
9355.0 4042.0
6863.0 2328.0
7629.0 2504.0
538.0 615.0
1916.0 9079.0
3347.0 8725.0
3154.0 5904.0
2302.0 6652.0
1363.0 5277.0
7679.0 9142.0
859.0 4910.0
385.0 4083.0
1218.0 7242.0
2041.0 7103.0
6059.0 225.0
6105.0 6001.0
4223.0 9440.0
870.0 1151.0
405.0 3944.0
7632.0 507.0
4824.0 718.0
9873.0 345.0
3994.0 5106.0
1762.0 5371.0
7161.0 7134.0
6802.0 4334.0
5491.0 6066.0
9943.0 9768.0
3564.0 8119.0
8981.0 3003.0
5253.0 4683.0
3559.0 8078.0
8559.0 951.0
2598.0 682.0
6463.0 7336.0
3473.0 761.0
3381.0 8553.0
8751.0 9929.0
9273.0 7755.0
8826.0 7298.0
5997.0 5607.0
1250.0 9886.0
2956.0 6672.0
98.0 6207.0
1632.0 7997.0
1181.0 4203.0
1058.0 7292.0
1422.0 7127.0
8807.0 562.0
3226.0 3530.0
4570.0 1593.0
7156.0 9970.0
5886.0 8176.0
8740.0 7582.0
8100.0 2432.0
7721.0 6148.0
3122.0 5147.0
587.0 1777.0
4048.0 6481.0
9682.0 6867.0
5223.0 7937.0
4732.0 3436.0
9806.0 2984.0
5101.0 3494.0
9419.0 6198.0
3595.0 2562.0
2944.0 3326.0
5141.0 4988.0
4035.0 7132.0
6156.0 2184.0
9422.0 6432.0
2927.0 7414.0
2576.0 8174.0
9825.0 3276.0
9799.0 4979.0
669.0 509.0
8319.0 2988.0
9065.0 9240.0
8454.0 7434.0
6039.0 6337.0
4413.0 5790.0
5776.0 4963.0
815.0 906.0
2807.0 5001.0
4484.0 8988.0
6433.0 5447.0
3594.0 9827.0
738.0 2434.0
8748.0 9143.0
985.0 9003.0
3031.0 5440.0
9738.0 5253.0
640.0 6248.0
8511.0 20.0
6144.0 1126.0
3272.0 7688.0
8940.0 1334.0
4633.0 6303.0
9991.0 8531.0
6023.0 5581.0
408.0 7391.0
5689.0 5982.0
3937.0 9529.0
824.0 2453.0
7940.0 8604.0
4661.0 8989.0
9926.0 8997.0
9837.0 2643.0
9210.0 2927.0
3862.0 8108.0
5765.0 3415.0
4997.0 6518.0
841.0 2953.0
9380.0 4593.0
6418.0 280.0
2706.0 2754.0
3070.0 129.0
2285.0 3360.0
8300.0 3350.0
7798.0 2679.0
9927.0 7271.0
1582.0 2743.0
1585.0 8696.0
1743.0 1702.0
9917.0 4411.0
3938.0 3829.0
5519.0 6586.0
129.0 2795.0
2218.0 2962.0
5150.0 4353.0
1744.0 4184.0
4385.0 7060.0
3377.0 3201.0
8387.0 2174.0
626.0 4067.0
2771.0 6356.0
9523.0 74.0
4174.0 3311.0
5593.0 3565.0
5626.0 3002.0
9078.0 2322.0
7145.0 9561.0
479.0 9923.0
9869.0 1548.0
987.0 9926.0
4554.0 672.0
4879.0 6284.0
7760.0 7616.0
3445.0 4870.0
1534.0 6102.0
2510.0 3483.0
4921.0 8816.0
8140.0 232.0
8122.0 1341.0
7578.0 2673.0
2611.0 2722.0
5000.0 2585.0
3043.0 3798.0
4154.0 3766.0
9262.0 6931.0
2447.0 2729.0
9244.0 3270.0
3562.0 4693.0
6272.0 6181.0
8162.0 9734.0
6194.0 1972.0
4767.0 6490.0
3053.0 1550.0
5355.0 3307.0
3936.0 9142.0
2778.0 9194.0
6341.0 6714.0
9544.0 9484.0
3900.0 5215.0
53.0 3573.0
8763.0 6285.0
842.0 4632.0
1474.0 564.0
5918.0 3662.0
1658.0 1214.0
6751.0 2782.0
5330.0 3819.0
8988.0 5132.0
7160.0 6265.0
467.0 1274.0
8508.0 4751.0
7598.0 4471.0
4539.0 4562.0
9684.0 9729.0
6264.0 6725.0
3243.0 3988.0
5796.0 4201.0
918.0 7336.0
5667.0 3724.0
2026.0 7638.0
5517.0 1939.0
4331.0 3460.0
1961.0 6952.0
9109.0 2666.0
9989.0 8949.0
4063.0 6577.0
6679.0 5992.0
1179.0 2073.0
571.0 3645.0
9074.0 6519.0
2518.0 9547.0
1917.0 2899.0
6318.0 6578.0
9494.0 5045.0
9974.0 744.0
5476.0 5331.0
872.0 2408.0
3480.0 9734.0
728.0 2015.0
2968.0 7627.0
8601.0 3933.0
9580.0 6196.0
2800.0 4540.0
6954.0 1864.0
5008.0 3202.0
9607.0 3600.0
2447.0 7266.0
8951.0 5502.0
6385.0 4695.0
7016.0 8529.0
7834.0 497.0
4937.0 3773.0
3732.0 5562.0
5797.0 2149.0
9451.0 9049.0
3871.0 7887.0
5933.0 7952.0
4868.0 5706.0
2293.0 9982.0
4215.0 4061.0
7189.0 8395.0
2979.0 9333.0
4799.0 9896.0
3471.0 8362.0
3709.0 9261.0
9126.0 9186.0
9544.0 6800.0
5715.0 2383.0
4657.0 7296.0
3466.0 7896.0
694.0 1556.0
2154.0 4722.0
2363.0 4212.0
3750.0 3344.0
3217.0 3883.0
9675.0 3299.0
6782.0 4364.0
2253.0 753.0
8846.0 7941.0
2412.0 3479.0
9221.0 4490.0
8221.0 3104.0
3814.0 2480.0
1318.0 7026.0
316.0 517.0
818.0 4869.0
3331.0 560.0
6744.0 6869.0
7270.0 6446.0
7587.0 4066.0
7826.0 3845.0
9027.0 2692.0
5350.0 301.0
3418.0 7633.0
5951.0 6461.0
2084.0 2347.0
8640.0 2154.0
5016.0 5126.0
9335.0 3430.0
5018.0 4082.0
5053.0 9211.0
5891.0 5734.0
4101.0 8670.0
6723.0 4593.0
598.0 2981.0
6841.0 3613.0
4136.0 7571.0
8511.0 7896.0
7908.0 3503.0
6953.0 6543.0
1124.0 9131.0
9733.0 16.0
4027.0 5650.0
110.0 2908.0
6338.0 2677.0
1412.0 4500.0
2448.0 2505.0
1998.0 1986.0
9178.0 4144.0
2890.0 3750.0
4418.0 802.0
2634.0 2574.0
7483.0 6925.0
6475.0 1174.0
4492.0 3438.0
9393.0 4921.0
4591.0 2305.0
5100.0 9160.0
5353.0 4062.0
5540.0 985.0
8156.0 4443.0
7987.0 7868.0
6881.0 8725.0
9283.0 8015.0
5729.0 4947.0
9321.0 9843.0
4491.0 9607.0
8315.0 447.0
2092.0 2001.0
4934.0 5452.0
1716.0 5810.0
4884.0 5124.0
3352.0 9077.0
1989.0 4132.0
2058.0 6224.0
6355.0 4833.0
2791.0 8205.0
6681.0 6470.0
5093.0 9465.0
6287.0 5166.0
3478.0 2819.0
4938.0 2094.0
1830.0 5879.0
1018.0 9702.0
2630.0 5178.0
1139.0 8389.0
4338.0 6616.0
6753.0 8501.0
2744.0 3348.0
9828.0 5033.0
4619.0 4780.0
2168.0 4931.0
4472.0 2760.0
5446.0 9353.0
7747.0 3645.0
1513.0 5804.0
6268.0 7335.0
5065.0 7497.0
4262.0 6941.0
3228.0 9841.0
5779.0 5187.0
9134.0 6434.0
6820.0 6213.0
9067.0 9448.0
8007.0 3883.0
5229.0 1771.0
6105.0 248.0
8725.0 822.0
5220.0 288.0
9810.0 6386.0
996.0 1573.0
4982.0 7374.0
3624.0 9968.0
2993.0 4888.0
7991.0 5022.0
4342.0 1465.0
1789.0 1171.0
1322.0 8893.0
4892.0 3380.0
8193.0 9474.0
5843.0 8376.0
3552.0 8123.0
3745.0 5085.0
9465.0 5180.0
6409.0 413.0
4440.0 2324.0
8039.0 9012.0
9801.0 6465.0
2315.0 8148.0
1543.0 9003.0
9162.0 1321.0
2233.0 334.0
6048.0 6750.0
25.0 1986.0
7116.0 9378.0
4368.0 1265.0
5978.0 7513.0
470.0 5800.0
490.0 7745.0
7084.0 7868.0
329.0 4265.0
4704.0 871.0
688.0 1238.0
3723.0 2872.0
7917.0 9332.0
4627.0 4542.0
5420.0 64.0
4808.0 1430.0
640.0 4081.0
9047.0 2915.0
6444.0 2014.0
3254.0 2741.0
2728.0 9034.0
3526.0 8508.0
6571.0 6743.0
5094.0 0.0
1749.0 8545.0
8235.0 8742.0
929.0 7106.0
711.0 3660.0
6376.0 5058.0
8813.0 233.0
7476.0 2571.0
1577.0 3018.0
5910.0 7923.0
5238.0 3923.0
1784.0 9705.0
7503.0 1125.0
6559.0 1793.0
3700.0 6011.0
1068.0 4722.0
9390.0 8009.0
9479.0 9586.0
6489.0 9723.0
2483.0 3109.0
2498.0 7223.0
5568.0 5015.0
4884.0 2892.0
668.0 1320.0
5211.0 712.0
2023.0 9698.0
56.0 6358.0
9563.0 5537.0
8320.0 7001.0
5649.0 9827.0
6972.0 8192.0
3469.0 2507.0
9811.0 7705.0
7932.0 7412.0
6315.0 8740.0
2371.0 7444.0
152.0 7351.0
6865.0 1100.0
9405.0 1486.0
6523.0 4004.0
3105.0 1533.0
531.0 1553.0
1128.0 4735.0
5288.0 1332.0
7028.0 8378.0
7454.0 6411.0
5880.0 9118.0
5230.0 3175.0
1700.0 8336.0
8690.0 9809.0
1511.0 5913.0
2475.0 4070.0
5639.0 7288.0
6694.0 1482.0
6279.0 1196.0
4321.0 7596.0
8942.0 7975.0
5934.0 423.0
3814.0 800.0
5106.0 1705.0
6625.0 4753.0
264.0 8124.0
1087.0 1101.0
1344.0 6114.0
7469.0 6658.0
2059.0 6380.0
4389.0 627.0
1103.0 6776.0
3381.0 3798.0
8103.0 4668.0
8318.0 7481.0
2654.0 2414.0
4255.0 2067.0
7240.0 2095.0
2769.0 7588.0
7373.0 8131.0
3350.0 1171.0
4774.0 8913.0
2940.0 8760.0
1897.0 1085.0
8163.0 987.0
8640.0 2609.0
7337.0 5587.0
4546.0 3240.0
1824.0 1226.0
2322.0 3560.0
8797.0 137.0
995.0 6181.0
9990.0 9432.0
9529.0 5269.0
3505.0 3491.0
4210.0 3008.0
8245.0 2293.0
5639.0 4154.0
3035.0 3086.0
3636.0 2288.0
5018.0 5271.0
887.0 3925.0
4383.0 884.0
8647.0 9092.0
4998.0 5560.0
323.0 9521.0
3023.0 7362.0
1254.0 8087.0
8064.0 3356.0
5519.0 5618.0
3956.0 6318.0

4179.0 6925.0
7412.0 4235.0
6048.0 5515.0
6208.0 5677.0
8126.0 5303.0
9360.0 4048.0
6868.0 2333.0
7635.0 2509.0
544.0 620.0
1921.0 9085.0
3352.0 8731.0
3160.0 5910.0
2306.0 6657.0
1368.0 5283.0
7684.0 9147.0
864.0 4916.0
391.0 4088.0
1223.0 7247.0
2046.0 7109.0
6064.0 230.0
6109.0 6007.0
4228.0 9444.0
876.0 1156.0
410.0 3950.0
7637.0 512.0
4829.0 723.0
9878.0 350.0
3999.0 5112.0
1767.0 5375.0
7166.0 7138.0
6808.0 4340.0
5495.0 6071.0
9948.0 9773.0
3569.0 8124.0
8986.0 3008.0
5259.0 4687.0
3565.0 8082.0
8564.0 957.0
2603.0 688.0
6468.0 7341.0
3477.0 767.0
3387.0 8557.0
8756.0 9934.0
9279.0 7761.0
8830.0 7303.0
6003.0 5613.0
1254.0 9890.0
2960.0 6676.0
104.0 6212.0
1637.0 8002.0
1186.0 4209.0
1062.0 7296.0
1428.0 7131.0
8811.0 566.0
3231.0 3534.0
4575.0 1598.0
7161.0 9974.0
5892.0 8182.0
8744.0 7588.0
8105.0 2436.0
7727.0 6153.0
3127.0 5152.0
592.0 1782.0
4053.0 6485.0
9687.0 6871.0
5229.0 7943.0
4737.0 3442.0
9811.0 2989.0
5106.0 3499.0
9424.0 6203.0
3599.0 2568.0
2948.0 3331.0
5146.0 4993.0
4041.0 7137.0
6161.0 2188.0
9426.0 6436.0
2933.0 7419.0
2582.0 8178.0
9830.0 3282.0
9804.0 4984.0
675.0 513.0
8325.0 2993.0
9069.0 9244.0
8459.0 7439.0
6044.0 6341.0
4418.0 5795.0
5780.0 4968.0
820.0 912.0
2812.0 5005.0
4488.0 8993.0
6437.0 5453.0
3598.0 9832.0
742.0 2439.0
8752.0 9148.0
991.0 9009.0
3037.0 5446.0
9743.0 5258.0
645.0 6253.0
8516.0 26.0
6149.0 1131.0
3276.0 7692.0
8944.0 1340.0
4638.0 6308.0
9997.0 8535.0
6028.0 5586.0
414.0 7396.0
5694.0 5986.0
3942.0 9535.0
830.0 2457.0
7944.0 8609.0
4666.0 8994.0
9930.0 9001.0
9842.0 2649.0
9214.0 2931.0
3867.0 8112.0
5771.0 3420.0
5001.0 6523.0
847.0 2958.0
9385.0 4598.0
6424.0 285.0
2711.0 2759.0
3076.0 135.0
2289.0 3365.0
8305.0 3354.0
7803.0 2684.0
9933.0 7277.0
1586.0 2748.0
1591.0 8702.0
1747.0 1708.0
9922.0 4416.0
3942.0 3833.0
5525.0 6590.0
135.0 2800.0
2224.0 2967.0
5156.0 4357.0
1750.0 4189.0
4390.0 7065.0
3382.0 3207.0
8393.0 2178.0
631.0 4071.0
2776.0 6361.0
9529.0 78.0
4179.0 3316.0
5599.0 3571.0
5632.0 3008.0
9084.0 2326.0
7150.0 9566.0
484.0 9928.0
9874.0 1553.0
991.0 9931.0
4560.0 678.0
4884.0 6288.0
7764.0 7620.0
3450.0 4876.0
1539.0 6107.0
2515.0 3489.0
4925.0 8820.0
8145.0 238.0
8128.0 1346.0
7584.0 2678.0
2616.0 2727.0
5005.0 2590.0
3047.0 3803.0
4159.0 3771.0
9267.0 6935.0
2453.0 2733.0
9249.0 3276.0
3566.0 4698.0
6276.0 6186.0
8168.0 9738.0
6199.0 1978.0
4772.0 6495.0
3057.0 1556.0
5360.0 3313.0
3942.0 9147.0
2782.0 9199.0
6346.0 6718.0
9549.0 9489.0
3905.0 5220.0
58.0 3578.0
8768.0 6290.0
848.0 4637.0
1478.0 570.0
5924.0 3666.0
1664.0 1218.0
6756.0 2788.0
5334.0 3825.0
8994.0 5136.0
7165.0 6270.0
471.0 1278.0
8513.0 4755.0
7603.0 4476.0
4543.0 4567.0
9690.0 9734.0
6270.0 6731.0
3248.0 3992.0
5802.0 4206.0
924.0 7341.0
5673.0 3729.0
2031.0 7643.0
5521.0 1945.0
4337.0 3466.0
1966.0 6958.0
9115.0 2671.0
9994.0 8953.0
4068.0 6581.0
6684.0 5998.0
1185.0 2078.0
576.0 3649.0
9078.0 6524.0
2523.0 9553.0
1922.0 2903.0
6323.0 6583.0
9499.0 5050.0
9980.0 750.0
5482.0 5336.0
877.0 2414.0
3485.0 9739.0
733.0 2020.0
2973.0 7632.0
8606.0 3937.0
9584.0 6201.0
2805.0 4545.0
6959.0 1870.0
5012.0 3206.0
9611.0 3605.0
2451.0 7271.0
8956.0 5507.0
6390.0 4700.0
7020.0 8534.0
7839.0 502.0
4943.0 3778.0
3737.0 5567.0
5802.0 2154.0
9457.0 9054.0
3875.0 7893.0
5939.0 7957.0
4873.0 5710.0
2298.0 9988.0
4220.0 4066.0
7194.0 8400.0
2983.0 9339.0
4805.0 9901.0
3475.0 8367.0
3714.0 9266.0
9131.0 9191.0
9550.0 6804.0
5720.0 2389.0
4661.0 7300.0
3471.0 7901.0
700.0 1562.0
2160.0 4727.0
2368.0 4217.0
3755.0 3348.0
3222.0 3888.0
9680.0 3304.0
6786.0 4370.0
2258.0 757.0
8851.0 7946.0
2418.0 3483.0
9225.0 4495.0
8225.0 3109.0
3818.0 2486.0
1323.0 7030.0
321.0 522.0
824.0 4875.0
3337.0 565.0
6748.0 6873.0
7275.0 6451.0
7593.0 4071.0
7831.0 3851.0
9031.0 2696.0
5354.0 306.0
3423.0 7637.0
5957.0 6466.0
2090.0 2353.0
8646.0 2158.0
5021.0 5132.0
9340.0 3435.0
5023.0 4087.0
5059.0 9216.0
5896.0 5740.0
4107.0 8676.0
6729.0 4597.0
603.0 2987.0
6846.0 3617.0
4140.0 7576.0
8516.0 7901.0
7913.0 3507.0
6958.0 6549.0
1128.0 9136.0
9738.0 20.0
4032.0 5655.0
115.0 2913.0
6343.0 2683.0
1417.0 4506.0
2452.0 2510.0
2003.0 1992.0
9184.0 4149.0
2895.0 3756.0
4423.0 806.0
2639.0 2578.0
7487.0 6930.0
6480.0 1180.0
4497.0 3443.0
9398.0 4926.0
4596.0 2310.0
5106.0 9165.0
5358.0 4068.0
5546.0 989.0
8161.0 4448.0
7992.0 7874.0
6885.0 8730.0
9287.0 8020.0
5734.0 4951.0
9327.0 9848.0
4496.0 9612.0
8320.0 452.0
2097.0 2007.0
4940.0 5457.0
1721.0 5815.0
4888.0 5129.0
3356.0 9081.0
1995.0 4137.0
2062.0 6229.0
6359.0 4838.0
2797.0 8209.0
6685.0 6476.0
5098.0 9471.0
6291.0 5170.0
3484.0 2823.0
4942.0 2099.0
1836.0 5884.0
1022.0 9708.0
2634.0 5184.0
1145.0 8394.0
4343.0 6621.0
6758.0 8506.0
2749.0 3353.0
9833.0 5039.0
4624.0 4786.0
2173.0 4935.0
4478.0 2765.0
5452.0 9359.0
7752.0 3651.0
1518.0 5810.0
6274.0 7340.0
5070.0 7501.0
4266.0 6946.0
3234.0 9847.0
5784.0 5192.0
9139.0 6438.0
6824.0 6218.0
9072.0 9453.0
8013.0 3889.0
5234.0 1775.0
6109.0 254.0
8729.0 827.0
5226.0 294.0
9815.0 6391.0
1001.0 1578.0
4988.0 7380.0
3629.0 9972.0
2998.0 4893.0
7996.0 5027.0
4347.0 1470.0
1795.0 1176.0
1326.0 8898.0
4897.0 3386.0
8198.0 9478.0
5847.0 8381.0
3558.0 8127.0
3750.0 5089.0
9469.0 5185.0
6415.0 418.0
4446.0 2330.0
8044.0 9016.0
9805.0 6471.0
2320.0 8153.0
1547.0 9008.0
9168.0 1327.0
2239.0 339.0
6052.0 6755.0
30.0 1990.0
7121.0 9382.0
4372.0 1270.0
5982.0 7519.0
475.0 5805.0
494.0 7750.0
7089.0 7872.0
334.0 4271.0
4708.0 877.0
693.0 1242.0
3728.0 2877.0
7922.0 9338.0
4631.0 4547.0
5425.0 69.0
4813.0 1435.0
644.0 4087.0
9052.0 2920.0
6450.0 2020.0
3258.0 2746.0
2733.0 9038.0
3531.0 8513.0
6577.0 6748.0
5100.0 4.0
1753.0 8550.0
8240.0 8747.0
934.0 7111.0
717.0 3665.0
6382.0 5062.0
8818.0 238.0
7481.0 2576.0
1582.0 3022.0
5916.0 7928.0
5243.0 3928.0
1789.0 9710.0
7509.0 1129.0
6564.0 1798.0
3706.0 6017.0
1073.0 4727.0
9395.0 8014.0
9483.0 9590.0
6495.0 9729.0
2489.0 3113.0
2502.0 7227.0
5573.0 5021.0
4890.0 2898.0
673.0 1325.0
5217.0 717.0
2029.0 9703.0
62.0 6363.0
9569.0 5543.0
8325.0 7007.0
5654.0 9831.0
6977.0 8196.0
3475.0 2512.0
9816.0 7710.0
7938.0 7417.0
6319.0 8744.0
2375.0 7449.0
158.0 7355.0
6870.0 1105.0
9409.0 1492.0
6527.0 4008.0
3110.0 1538.0
536.0 1559.0
1133.0 4740.0
5294.0 1337.0
7034.0 8383.0
7459.0 6417.0
5885.0 9123.0
5236.0 3180.0
1706.0 8340.0
8695.0 9814.0
1517.0 5919.0
2481.0 4076.0
5643.0 7292.0
6699.0 1488.0
6283.0 1202.0
4325.0 7600.0
8948.0 7980.0
5938.0 427.0
3818.0 804.0
5111.0 1711.0
6629.0 4758.0
269.0 8128.0
1091.0 1105.0
1350.0 6120.0
7473.0 6663.0
2064.0 6384.0
4394.0 633.0
1107.0 6780.0
3386.0 3803.0
8107.0 4673.0
8323.0 7486.0
2659.0 2418.0
4260.0 2072.0
7244.0 2101.0
2774.0 7593.0
7378.0 8137.0
3356.0 1177.0
4779.0 8918.0
2944.0 8765.0
1901.0 1090.0
8168.0 993.0
8645.0 2614.0
7342.0 5591.0
4550.0 3244.0
1829.0 1231.0
2327.0 3566.0
8802.0 141.0
1000.0 6186.0
9995.0 9437.0
9534.0 5273.0
3510.0 3495.0
4215.0 3014.0
8250.0 2298.0
5644.0 4159.0
3041.0 3091.0
3641.0 2293.0
5023.0 5276.0
891.0 3929.0
4387.0 889.0
8652.0 9097.0
5002.0 5565.0
328.0 9527.0
3028.0 7367.0
1259.0 8092.0
8068.0 3362.0
5523.0 5622.0
3961.0 6322.0
