1
512 1 3.0 0.0 1000.0 3 160 240 100

6.5 13.5 29.3 58.5
13.0 27.0 58.5 117.0
19.5 40.5 87.8 175.5
26.0 54.0 117.0 234.0
39.0 81.0 175.5 351.0
52.0 108.0 234.0 468.0
58.5 121.5 263.3 526.5
65.0 135.0 292.5 585.0
78.0 162.0 351.0 702.0
0.0 180.0 390.0 780.0

2.0 5.0 8.0 11.0
5.0 8.0 11.0 14.0
9.0 12.0 15.0 18.0
11.0 14.0 17.0 20.0
15.0 18.0 21.0 24.0
18.0 21.0 24.0 27.0
20.0 23.0 26.0 29.0
25.0 28.0 31.0 34.0
29.0 32.0 35.0 38.0
0.0 34.0 37.0 40.0

7845.0 8597.0
8460.0 3112.0
8181.0 7437.0
4608.0 5014.0
3317.0 7831.0
510.0 9381.0
8144.0 3283.0
6181.0 3685.0
9700.0 3630.0
8261.0 6672.0
1129.0 5206.0
4781.0 6196.0
8399.0 1320.0
9045.0 3866.0
606.0 9172.0
9684.0 8885.0
7179.0 1834.0
6467.0 5967.0
7812.0 6443.0
3926.0 4711.0
3427.0 2229.0
7376.0 308.0
9016.0 4507.0
8399.0 7988.0
1656.0 3284.0
9348.0 6057.0
9530.0 7584.0
8968.0 4936.0
277.0 9159.0
3675.0 2061.0
9482.0 1691.0
1587.0 5049.0
2629.0 4129.0
8863.0 7995.0
6348.0 9293.0
425.0 8290.0
7257.0 1384.0
9638.0 3846.0
9240.0 8512.0
4004.0 3101.0
2461.0 8905.0
6460.0 2702.0
9954.0 1907.0
4335.0 232.0
93.0 7407.0
541.0 1877.0
5772.0 9835.0
4072.0 7402.0
3613.0 5351.0
9377.0 7343.0
9024.0 3368.0
6673.0 9763.0
5413.0 6030.0
7783.0 6491.0
8410.0 1792.0
4556.0 1197.0
8381.0 1722.0
9438.0 4208.0
7078.0 9668.0
282.0 1429.0
6740.0 9915.0
3939.0 7273.0
2457.0 8470.0
5731.0 3960.0
1132.0 6603.0
4355.0 2083.0
2849.0 7787.0
4293.0 9822.0
2971.0 1651.0
305.0 684.0
5787.0 1101.0
1064.0 2151.0
3041.0 1227.0
1523.0 134.0
3137.0 1132.0
6051.0 6584.0
9367.0 2315.0
6950.0 183.0
7967.0 9752.0
5384.0 2468.0
9327.0 4285.0
4321.0 4276.0
8173.0 7475.0
5537.0 9905.0
1039.0 2541.0
5265.0 8864.0
1860.0 7513.0
5554.0 7597.0
8990.0 9242.0
911.0 6057.0
9482.0 9398.0
2290.0 6529.0
8935.0 6081.0
3007.0 4573.0
7741.0 7187.0
3649.0 4464.0
7046.0 4153.0
5538.0 4030.0
243.0 7224.0
4837.0 6256.0
8324.0 5871.0
1856.0 7541.0
9908.0 481.0
2625.0 4991.0
9264.0 3975.0
2323.0 7635.0
8149.0 4464.0
2612.0 8940.0
9784.0 2594.0
7455.0 506.0
5792.0 9694.0
4499.0 9341.0
9404.0 5385.0
1572.0 3570.0
770.0 5753.0
378.0 3993.0
2689.0 5745.0
1965.0 1348.0
7567.0 1906.0
1017.0 1676.0
8949.0 4090.0
8563.0 4671.0
3416.0 7289.0
5159.0 2389.0
1193.0 7199.0
9112.0 8206.0
6265.0 5668.0
6830.0 8407.0
9346.0 4644.0
4855.0 1291.0
9493.0 9773.0
5653.0 1163.0
2718.0 7270.0
1734.0 7111.0
8386.0 193.0
5169.0 8945.0
6739.0 2762.0
2081.0 5173.0
3370.0 3851.0
4166.0 415.0
8942.0 3277.0
1834.0 2115.0
5006.0 7042.0
6018.0 8953.0
9210.0 137.0
8248.0 5830.0
5736.0 8049.0
1029.0 2811.0
9280.0 610.0
3124.0 7911.0
3393.0 4318.0
6787.0 6099.0
6507.0 1748.0
6537.0 9418.0
1465.0 9216.0
1524.0 5584.0
6877.0 6296.0
6077.0 4964.0
1117.0 3350.0
5486.0 8309.0
2289.0 5681.0
6600.0 119.0
9974.0 5462.0
5308.0 5037.0
7088.0 5059.0
5476.0 7139.0
2659.0 7888.0
6400.0 4514.0
8857.0 5440.0
8361.0 4013.0
8088.0 1597.0
8338.0 3548.0
8470.0 7885.0
461.0 1827.0
8525.0 5789.0
8263.0 7910.0
4394.0 4763.0
8314.0 5457.0
5397.0 7072.0
7291.0 9064.0
6264.0 3091.0
7077.0 2571.0
6857.0 3206.0
4929.0 1703.0
2697.0 4935.0
8319.0 5961.0
2120.0 6417.0
6494.0 7113.0
8383.0 9886.0
3327.0 4191.0
7542.0 1281.0
8549.0 7362.0
5417.0 4605.0
6908.0 5565.0
9467.0 2181.0
7340.0 5297.0
3900.0 4436.0
6716.0 417.0
8827.0 5331.0
5243.0 5374.0
6793.0 2095.0
3074.0 6718.0
2499.0 372.0
219.0 299.0
4031.0 8426.0
4305.0 4011.0
6426.0 6538.0
3275.0 8494.0
891.0 222.0
2578.0 653.0
5488.0 8394.0
8938.0 7384.0
5623.0 129.0
5255.0 9395.0
5136.0 6141.0
3727.0 7498.0
1336.0 3607.0
6746.0 6263.0
9782.0 5491.0
7645.0 2401.0
7141.0 7970.0
5877.0 7778.0
2945.0 2121.0
3670.0 9433.0
3554.0 8491.0
3762.0 1480.0
4162.0 5683.0
256.0 6283.0
7155.0 6585.0
7183.0 4785.0
7645.0 8396.0
1842.0 8371.0
9504.0 5050.0
2477.0 7152.0
7708.0 3204.0
2372.0 2054.0
5321.0 5392.0
4933.0 581.0
5941.0 6505.0
6818.0 8658.0
4915.0 2209.0
8698.0 3419.0
5155.0 447.0
5712.0 4323.0
5875.0 9652.0
2185.0 2498.0
5066.0 9801.0
7687.0 671.0
9023.0 4955.0
3994.0 8588.0
4759.0 8399.0
5028.0 1294.0
3615.0 4033.0
4341.0 166.0
6889.0 140.0
7224.0 9065.0
6809.0 4154.0
6991.0 514.0
8657.0 9579.0
7535.0 9263.0
2386.0 8678.0
6701.0 3134.0
4529.0 7069.0
7564.0 3528.0
3731.0 8866.0
7172.0 477.0
5726.0 3485.0
4833.0 9622.0
6070.0 7764.0
4506.0 1002.0
1463.0 9516.0
8375.0 2030.0
2966.0 1154.0
1174.0 9552.0
6948.0 4525.0
7328.0 8360.0
2071.0 573.0
5490.0 6046.0
3141.0 9981.0
7536.0 6580.0
5140.0 3406.0
1591.0 7495.0
3268.0 2460.0
1161.0 8065.0
7299.0 5050.0
4930.0 8343.0
1095.0 1222.0
4304.0 1471.0
571.0 8143.0
8269.0 4115.0
5958.0 5346.0
7628.0 2426.0
6661.0 3871.0
3191.0 3402.0
9551.0 5449.0
4994.0 4040.0
3999.0 337.0
2107.0 3152.0
9475.0 4967.0
5104.0 3237.0
4041.0 3008.0
5779.0 2288.0
4541.0 6010.0
1150.0 7912.0
1826.0 2226.0
1353.0 8651.0
6828.0 4782.0
3471.0 9896.0
5793.0 2793.0
5888.0 4250.0
5512.0 1581.0
219.0 8757.0
1854.0 625.0
406.0 3846.0
7433.0 359.0
1034.0 1407.0
6724.0 1478.0
9446.0 1848.0
9441.0 2858.0
8724.0 2541.0
5515.0 6743.0
1116.0 2531.0
7479.0 2317.0
3954.0 885.0
8579.0 1308.0
2669.0 8578.0
7442.0 1743.0
7941.0 6277.0
2614.0 8497.0
6575.0 2937.0
2784.0 1763.0
8163.0 2556.0
1029.0 7077.0
2107.0 9002.0
3883.0 3034.0
2069.0 1279.0
8562.0 5328.0
7427.0 4113.0
4164.0 8235.0
3796.0 1256.0
5159.0 7197.0
7192.0 1374.0
7989.0 8618.0
8905.0 8909.0
4112.0 5512.0
657.0 4799.0
5289.0 139.0
2109.0 4441.0
9451.0 7264.0
5290.0 2767.0
7964.0 4155.0
3021.0 8836.0
7598.0 5976.0
896.0 4806.0
3043.0 7690.0
4904.0 6678.0
8273.0 6118.0
9246.0 6697.0
7592.0 8273.0
1432.0 9783.0
9667.0 4614.0
4217.0 8890.0
390.0 8348.0
6456.0 6658.0
2863.0 4408.0
7436.0 3254.0
5355.0 4251.0
1776.0 2780.0
521.0 5100.0
4435.0 3132.0
1733.0 4762.0
7931.0 6691.0
4818.0 5660.0
6314.0 1729.0
6042.0 4217.0
2982.0 6917.0
9648.0 4203.0
1905.0 3812.0
775.0 5206.0
4317.0 4707.0
2077.0 9840.0
5459.0 5736.0
4860.0 5829.0
8449.0 7594.0
8060.0 1600.0
4822.0 8787.0
880.0 6523.0
3841.0 8766.0
7411.0 9417.0
5131.0 845.0
4048.0 1469.0
1717.0 7275.0
3033.0 2192.0
3018.0 1369.0
7938.0 9557.0
9898.0 4050.0
9406.0 7927.0
6312.0 4705.0
1982.0 9932.0
4639.0 8740.0
5336.0 919.0
4262.0 6703.0
5719.0 7100.0
5471.0 2372.0
5953.0 1040.0
3257.0 9673.0
4796.0 615.0
8060.0 834.0
8976.0 72.0
3059.0 640.0
3741.0 4327.0
59.0 4174.0
230.0 124.0
8545.0 7939.0
483.0 206.0
4987.0 6723.0
3426.0 9111.0
1950.0 1116.0
7631.0 1736.0
9096.0 3033.0
9191.0 8308.0
627.0 9156.0
5515.0 1875.0
6263.0 4644.0
8367.0 6974.0
5307.0 2030.0
1981.0 589.0
5878.0 2659.0
4554.0 9045.0
3873.0 563.0
3947.0 6960.0
8743.0 1154.0
923.0 6898.0
5636.0 9620.0
5715.0 852.0
5986.0 6397.0
6281.0 7183.0
1123.0 9615.0
9036.0 9161.0
5967.0 6889.0
5395.0 3729.0
2372.0 1339.0
9946.0 1629.0
4210.0 9232.0
8572.0 2520.0
8735.0 9110.0
7345.0 1227.0
1330.0 4809.0
5501.0 3738.0
3183.0 7236.0
8342.0 4110.0
3973.0 2290.0
8348.0 5879.0
4132.0 4813.0
5357.0 4144.0
3762.0 954.0
9110.0 6936.0
7762.0 3826.0
9982.0 7003.0
9254.0 9837.0
6234.0 7661.0
5855.0 5585.0
8591.0 8829.0
5898.0 7694.0
5479.0 1885.0
4133.0 473.0
4722.0 4477.0
9012.0 8786.0
51.0 8920.0
6109.0 6013.0
3205.0 315.0
4754.0 9483.0
4987.0 3019.0
7444.0 8264.0
1054.0 6602.0
4112.0 694.0
799.0 4920.0
5811.0 1530.0
114.0 4440.0
4897.0 1109.0
1377.0 451.0
1269.0 1389.0
6467.0 2286.0
6745.0 6267.0
1145.0 1205.0
2141.0 6047.0
1598.0 7043.0
4124.0 8445.0
6486.0 2292.0
1406.0 1012.0
310.0 4717.0
2354.0 2361.0
6408.0 2158.0
8590.0 2080.0
413.0 5646.0
1632.0 1705.0
7486.0 9467.0
2175.0 1654.0
9151.0 9300.0
4060.0 1484.0
8045.0 2069.0
7508.0 3373.0
1405.0 3647.0
8693.0 1193.0
6617.0 3024.0
5220.0 68.0
4641.0 4097.0
9580.0 3799.0
9639.0 8701.0
5154.0 31.0
5620.0 7009.0
1828.0 5554.0

7850.0 8601.0
8466.0 3117.0
8185.0 7442.0
4614.0 5020.0
3323.0 7837.0
514.0 9385.0
8149.0 3287.0
6186.0 3689.0
9705.0 3634.0
8267.0 6678.0
1134.0 5211.0
4785.0 6201.0
8404.0 1325.0
9050.0 3870.0
611.0 9178.0
9690.0 8889.0
7185.0 1839.0
6471.0 5972.0
7816.0 6448.0
3930.0 4715.0
3431.0 2234.0
7381.0 313.0
9020.0 4511.0
8404.0 7993.0
1661.0 3289.0
9353.0 6063.0
9536.0 7589.0
8973.0 4940.0
282.0 9164.0
3681.0 2066.0
9488.0 1696.0
1592.0 5054.0
2634.0 4135.0
8869.0 8000.0
6354.0 9297.0
430.0 8295.0
7262.0 1390.0
9643.0 3851.0
9244.0 8518.0
4009.0 3107.0
2466.0 8909.0
6465.0 2707.0
9960.0 1913.0
4340.0 238.0
98.0 7412.0
545.0 1883.0
5777.0 9840.0
4078.0 7407.0
3617.0 5356.0
9383.0 7349.0
9029.0 3373.0
6677.0 9768.0
5419.0 6034.0
7788.0 6496.0
8415.0 1797.0
4560.0 1201.0
8386.0 1727.0
9443.0 4214.0
7083.0 9672.0
288.0 1434.0
6746.0 9920.0
3944.0 7278.0
2463.0 8474.0
5736.0 3965.0
1137.0 6608.0
4359.0 2088.0
2854.0 7792.0
4298.0 9826.0
2975.0 1656.0
311.0 689.0
5792.0 1106.0
1069.0 2156.0
3046.0 1232.0
1528.0 140.0
3141.0 1136.0
6055.0 6590.0
9372.0 2319.0
6956.0 189.0
7972.0 9756.0
5389.0 2472.0
9331.0 4290.0
4326.0 4281.0
8178.0 7480.0
5542.0 9910.0
1045.0 2546.0
5271.0 8868.0
1865.0 7518.0
5560.0 7602.0
8995.0 9248.0
915.0 6062.0
9487.0 9403.0
2294.0 6534.0
8939.0 6086.0
3011.0 4578.0
7746.0 7191.0
3653.0 4469.0
7050.0 4158.0
5543.0 4034.0
247.0 7230.0
4842.0 6261.0
8328.0 5876.0
1861.0 7545.0
9913.0 485.0
2630.0 4997.0
9268.0 3980.0
2328.0 7639.0
8154.0 4470.0
2616.0 8946.0
9790.0 2600.0
7460.0 510.0
5797.0 9700.0
4504.0 9347.0
9408.0 5390.0
1577.0 3575.0
774.0 5758.0
384.0 3999.0
2695.0 5749.0
1969.0 1353.0
7572.0 1910.0
1022.0 1680.0
8955.0 4096.0
8568.0 4675.0
3422.0 7293.0
5164.0 2395.0
1197.0 7203.0
9118.0 8211.0
6270.0 5674.0
6835.0 8412.0
9351.0 4649.0
4859.0 1295.0
9499.0 9779.0
5658.0 1169.0
2723.0 7276.0
1738.0 7115.0
8392.0 198.0
5173.0 8949.0
6745.0 2767.0
2086.0 5177.0
3374.0 3857.0
4170.0 420.0
8947.0 3282.0
1840.0 2120.0
5011.0 7047.0
6023.0 8958.0
9215.0 142.0
8253.0 5834.0
5740.0 8054.0
1035.0 2816.0
9285.0 615.0
3129.0 7916.0
3399.0 4323.0
6792.0 6104.0
6512.0 1753.0
6541.0 9423.0
1470.0 9221.0
1528.0 5589.0
6882.0 6301.0
6082.0 4969.0
1122.0 3355.0
5491.0 8315.0
2294.0 5685.0
6605.0 125.0
9978.0 5466.0
5313.0 5043.0
7094.0 5064.0
5482.0 7143.0
2664.0 7893.0
6404.0 4520.0
8862.0 5445.0
8367.0 4019.0
8092.0 1602.0
8343.0 3554.0
8474.0 7889.0
465.0 1832.0
8531.0 5794.0
8269.0 7915.0
4398.0 4769.0
8319.0 5462.0
5402.0 7077.0
7297.0 9069.0
6269.0 3096.0
7081.0 2575.0
6863.0 3211.0
4934.0 1708.0
2701.0 4939.0
8324.0 5966.0
2125.0 6423.0
6500.0 7118.0
8389.0 9891.0
3332.0 4195.0
7548.0 1286.0
8554.0 7367.0
5422.0 4610.0
6913.0 5571.0
9471.0 2187.0
7345.0 5302.0
3904.0 4442.0
6721.0 421.0
8831.0 5336.0
5249.0 5379.0
6799.0 2099.0
3080.0 6722.0
2504.0 377.0
225.0 304.0
4035.0 8431.0
4310.0 4017.0
6430.0 6542.0
3279.0 8498.0
896.0 226.0
2582.0 657.0
5494.0 8399.0
8943.0 7390.0
5627.0 135.0
5260.0 9400.0
5141.0 6146.0
3732.0 7502.0
1342.0 3612.0
6750.0 6268.0
9787.0 5496.0
7651.0 2406.0
7147.0 7974.0
5881.0 7783.0
2950.0 2127.0
3676.0 9438.0
3559.0 8497.0
3767.0 1485.0
4166.0 5688.0
261.0 6287.0
7161.0 6590.0
7188.0 4789.0
7650.0 8402.0
1847.0 8377.0
9509.0 5055.0
2482.0 7156.0
7714.0 3210.0
2377.0 2058.0
5326.0 5398.0
4938.0 585.0
5947.0 6509.0
6824.0 8664.0
4920.0 2213.0
8703.0 3425.0
5160.0 451.0
5718.0 4328.0
5881.0 9657.0
2190.0 2503.0
5071.0 9806.0
7692.0 677.0
9027.0 4959.0
4000.0 8593.0
4765.0 8405.0
5033.0 1299.0
3620.0 4039.0
4347.0 171.0
6894.0 144.0
7229.0 9070.0
6813.0 4158.0
6995.0 518.0
8662.0 9585.0
7540.0 9269.0
2391.0 8684.0
6707.0 3138.0
4534.0 7075.0
7568.0 3533.0
3737.0 8871.0
7177.0 481.0
5731.0 3490.0
4838.0 9628.0
6074.0 7769.0
4512.0 1007.0
1467.0 9522.0
8379.0 2035.0
2970.0 1160.0
1179.0 9557.0
6954.0 4530.0
7334.0 8366.0
2075.0 579.0
5495.0 6052.0
3145.0 9986.0
7541.0 6585.0
5146.0 3412.0
1597.0 7500.0
3273.0 2465.0
1166.0 8070.0
7304.0 5055.0
4936.0 8347.0
1101.0 1228.0
4309.0 1477.0
576.0 8148.0
8274.0 4121.0
5963.0 5351.0
7632.0 2431.0
6666.0 3875.0
3195.0 3407.0
9556.0 5453.0
4999.0 4046.0
4003.0 341.0
2111.0 3157.0
9480.0 4971.0
5109.0 3243.0
4045.0 3013.0
5783.0 2292.0
4546.0 6016.0
1155.0 7918.0
1831.0 2231.0
1358.0 8655.0
6833.0 4788.0
3476.0 9901.0
5797.0 2799.0
5893.0 4255.0
5516.0 1585.0
223.0 8762.0
1859.0 630.0
411.0 3851.0
7439.0 363.0
1039.0 1411.0
6728.0 1482.0
9451.0 1854.0
9447.0 2863.0
8729.0 2545.0
5520.0 6749.0
1122.0 2536.0
7485.0 2323.0
3959.0 891.0
8584.0 1313.0
2674.0 8583.0
7447.0 1747.0
7946.0 6281.0
2618.0 8503.0
6580.0 2942.0
2790.0 1769.0
8167.0 2561.0
1035.0 7082.0
2112.0 9008.0
3887.0 3039.0
2074.0 1285.0
8567.0 5334.0
7431.0 4118.0
4170.0 8239.0
3802.0 1260.0
5165.0 7202.0
7196.0 1380.0
7994.0 8623.0
8909.0 8915.0
4116.0 5517.0
661.0 4803.0
5295.0 145.0
2114.0 4446.0
9456.0 7268.0
5295.0 2772.0
7969.0 4161.0
3025.0 8841.0
7603.0 5980.0
901.0 4811.0
3047.0 7695.0
4908.0 6683.0
8279.0 6124.0
9250.0 6702.0
7597.0 8278.0
1437.0 9788.0
9671.0 4618.0
4222.0 8894.0
394.0 8352.0
6461.0 6663.0
2868.0 4414.0
7441.0 3259.0
5360.0 4256.0
1782.0 2785.0
525.0 5105.0
4440.0 3137.0
1739.0 4766.0
7935.0 6696.0
4822.0 5665.0
6320.0 1735.0
6046.0 4223.0
2987.0 6922.0
9653.0 4209.0
1910.0 3817.0
780.0 5211.0
4322.0 4713.0
2082.0 9846.0
5464.0 5741.0
4866.0 5834.0
8454.0 7599.0
8065.0 1605.0
4828.0 8792.0
884.0 6527.0
3847.0 8771.0
7416.0 9421.0
5136.0 850.0
4052.0 1475.0
1722.0 7279.0
3039.0 2196.0
3023.0 1374.0
7943.0 9563.0
9902.0 4054.0
9410.0 7932.0
6317.0 4711.0
1986.0 9937.0
4644.0 8746.0
5341.0 924.0
4266.0 6709.0
5725.0 7105.0
5475.0 2377.0
5957.0 1045.0
3262.0 9678.0
4801.0 621.0
8066.0 840.0
8982.0 76.0
3065.0 645.0
3746.0 4332.0
65.0 4179.0
236.0 129.0
8549.0 7944.0
488.0 211.0
4993.0 6728.0
3432.0 9117.0
1955.0 1120.0
7635.0 1742.0
9101.0 3038.0
9197.0 8313.0
633.0 9162.0
5520.0 1881.0
6269.0 4649.0
8373.0 6978.0
5313.0 2034.0
1986.0 593.0
5884.0 2663.0
4559.0 9051.0
3878.0 568.0
3951.0 6964.0
8747.0 1159.0
929.0 6904.0
5642.0 9625.0
5719.0 858.0
5990.0 6403.0
6286.0 7189.0
1128.0 9619.0
9041.0 9166.0
5973.0 6894.0
5399.0 3734.0
2378.0 1343.0
9952.0 1633.0
4216.0 9237.0
8577.0 2524.0
8739.0 9116.0
7351.0 1231.0
1335.0 4815.0
5505.0 3743.0
3189.0 7241.0
8347.0 4116.0
3977.0 2296.0
8352.0 5883.0
4137.0 4817.0
5363.0 4148.0
3767.0 960.0
9116.0 6940.0
7767.0 3832.0
9987.0 7009.0
9258.0 9842.0
6239.0 7667.0
5860.0 5590.0
8596.0 8835.0
5903.0 7700.0
5483.0 1891.0
4137.0 478.0
4727.0 4482.0
9017.0 8791.0
55.0 8925.0
6114.0 6019.0
3209.0 320.0
4760.0 9488.0
4993.0 3024.0
7449.0 8270.0
1058.0 6606.0
4117.0 698.0
804.0 4926.0
5817.0 1534.0
119.0 4444.0
4901.0 1115.0
1383.0 456.0
1274.0 1395.0
6473.0 2292.0
6749.0 6273.0
1149.0 1210.0
2146.0 6052.0
1604.0 7047.0
4129.0 8451.0
6490.0 2297.0
1411.0 1017.0
314.0 4722.0
2360.0 2366.0
6413.0 2163.0
8595.0 2085.0
417.0 5651.0
1637.0 1710.0
7492.0 9472.0
2181.0 1659.0
9157.0 9305.0
4065.0 1489.0
8051.0 2074.0
7513.0 3378.0
1409.0 3651.0
8698.0 1197.0
6622.0 3029.0
5225.0 73.0
4647.0 4101.0
9585.0 3804.0
9643.0 8705.0
5159.0 37.0
5625.0 7015.0
1833.0 5560.0
