1
512 1 3.0 0.0 1000.0 3 160 240 100

6.5 13.5 29.3 58.5
13.0 27.0 58.5 117.0
19.5 40.5 87.8 175.5
26.0 54.0 117.0 234.0
39.0 81.0 175.5 351.0
52.0 108.0 234.0 468.0
58.5 121.5 263.3 526.5
65.0 135.0 292.5 585.0
78.0 162.0 351.0 702.0
0.0 180.0 390.0 780.0

2.0 5.0 8.0 11.0
5.0 8.0 11.0 14.0
9.0 12.0 15.0 18.0
11.0 14.0 17.0 20.0
15.0 18.0 21.0 24.0
18.0 21.0 24.0 27.0
20.0 23.0 26.0 29.0
25.0 28.0 31.0 34.0
29.0 32.0 35.0 38.0
0.0 34.0 37.0 40.0

6572.0 7512.0
4088.0 6870.0
7823.0 1249.0
2872.0 4258.0
8669.0 3428.0
1077.0 2737.0
565.0 8141.0
6090.0 7224.0
7442.0 4169.0
8425.0 309.0
9509.0 8741.0
1333.0 8687.0
9817.0 1606.0
9525.0 6403.0
4407.0 5540.0
4074.0 7281.0
9357.0 1926.0
3064.0 1432.0
556.0 2537.0
66.0 3223.0
4516.0 1156.0
4997.0 587.0
1053.0 1167.0
4446.0 8048.0
1150.0 7751.0
1028.0 8364.0
5816.0 5808.0
3844.0 153.0
4286.0 7261.0
4604.0 1393.0
2350.0 3848.0
6505.0 1175.0
4152.0 4060.0
5408.0 4597.0
3281.0 5332.0
5411.0 8177.0
1457.0 5148.0
3364.0 5669.0
5648.0 7170.0
9418.0 6664.0
6936.0 1030.0
3156.0 2866.0
6943.0 6928.0
7400.0 9412.0
150.0 8652.0
4244.0 1131.0
2919.0 1172.0
395.0 6122.0
2544.0 1419.0
1392.0 1526.0
2152.0 3400.0
6765.0 8891.0
9765.0 1277.0
711.0 8993.0
2361.0 6533.0
5360.0 8510.0
8233.0 7872.0
6195.0 3429.0
3484.0 4978.0
1695.0 6569.0
971.0 9767.0
1781.0 9090.0
2515.0 1264.0
2127.0 8398.0
7701.0 2743.0
3906.0 7303.0
5096.0 2250.0
1047.0 1820.0
4185.0 163.0
9572.0 7509.0
8871.0 9896.0
6074.0 6719.0
5834.0 405.0
4926.0 1624.0
3591.0 1610.0
6264.0 443.0
566.0 6373.0
9343.0 6714.0
2984.0 5168.0
8316.0 4013.0
5933.0 2068.0
15.0 998.0
3379.0 3192.0
5800.0 4162.0
5494.0 1236.0
2052.0 8171.0
4085.0 2218.0
6378.0 6187.0
9456.0 3088.0
9090.0 5038.0
4536.0 1312.0
2046.0 2629.0
4564.0 83.0
9403.0 7480.0
3186.0 5274.0
7371.0 2764.0
8254.0 2787.0
2526.0 9735.0
3167.0 7405.0
751.0 7925.0
2065.0 6803.0
1389.0 1997.0
9701.0 6841.0
3665.0 7634.0
9304.0 6766.0
4951.0 1342.0
4270.0 5467.0
2947.0 1562.0
1973.0 2411.0
6348.0 965.0
549.0 9390.0
1060.0 2307.0
1949.0 1716.0
1548.0 2747.0
7091.0 9994.0
9376.0 3987.0
1430.0 6107.0
3510.0 8135.0
1771.0 9551.0
9466.0 1664.0
7631.0 2738.0
6855.0 2350.0
2991.0 6419.0
7405.0 6579.0
6739.0 8843.0
8042.0 6902.0
2638.0 4798.0
6071.0 2212.0
2130.0 3154.0
6057.0 5442.0
5804.0 4057.0
461.0 6158.0
1841.0 9389.0
8602.0 7923.0
2263.0 2641.0
1016.0 2831.0
300.0 6819.0
8795.0 8081.0
4702.0 1536.0
9947.0 1980.0
9311.0 2894.0
7383.0 9248.0
8714.0 2315.0
5573.0 8030.0
3303.0 2944.0
5455.0 3468.0
9551.0 4746.0
9668.0 5243.0
3835.0 1953.0
2667.0 8949.0
624.0 8972.0
2812.0 3698.0
8350.0 3400.0
5974.0 825.0
8777.0 7270.0
2755.0 1090.0
8202.0 171.0
3870.0 243.0
1301.0 365.0
781.0 5354.0
930.0 2540.0
1135.0 6771.0
9724.0 3329.0
1090.0 3106.0
1791.0 8226.0
9091.0 9122.0
5342.0 6040.0
8177.0 8903.0
9555.0 9511.0
6367.0 9201.0
1519.0 3219.0
7228.0 326.0
1554.0 2436.0
5164.0 4475.0
7742.0 9029.0
2518.0 3882.0
2990.0 3067.0
8043.0 3660.0
430.0 1252.0
8821.0 6730.0
5502.0 5822.0
203.0 724.0
5508.0 34.0
823.0 9219.0
9990.0 8885.0
2281.0 2222.0
7729.0 6194.0
5545.0 3254.0
8695.0 1672.0
8652.0 2941.0
1766.0 4118.0
2777.0 1479.0
1540.0 9381.0
6240.0 4867.0
52.0 4205.0
8517.0 2282.0
1727.0 9605.0
8835.0 4481.0
2379.0 9898.0
6414.0 5618.0
5589.0 6020.0
1921.0 3358.0
2262.0 4277.0
2226.0 4656.0
1708.0 4139.0
3006.0 7107.0
5051.0 1229.0
6283.0 8238.0
4284.0 4137.0
2465.0 7616.0
2809.0 6178.0
8954.0 9173.0
5759.0 5750.0
9892.0 3620.0
942.0 1398.0
4127.0 3333.0
3711.0 242.0
952.0 4598.0
1592.0 886.0
5697.0 4589.0
6990.0 4441.0
9749.0 2979.0
8782.0 9811.0
2056.0 547.0
6128.0 1846.0
1698.0 9675.0
322.0 3531.0
3595.0 4121.0
2991.0 5805.0
1906.0 7935.0
1475.0 1181.0
8217.0 5920.0
4702.0 9766.0
4059.0 510.0
5378.0 8834.0
9850.0 2449.0
6815.0 9589.0
4817.0 5154.0
5218.0 7224.0
4973.0 5145.0
746.0 2943.0
8722.0 3430.0
3174.0 9049.0
2152.0 5217.0
468.0 757.0
8605.0 7846.0
1108.0 840.0
9575.0 9319.0
3456.0 5757.0
6511.0 2308.0
8018.0 4398.0
5605.0 1035.0
895.0 3059.0
119.0 892.0
9253.0 2807.0
7333.0 3192.0
2144.0 7843.0
9683.0 9938.0
2475.0 6012.0
2146.0 5983.0
8461.0 5091.0
472.0 8467.0
5388.0 971.0
7295.0 5922.0
979.0 6399.0
5725.0 1912.0
223.0 1374.0
2476.0 609.0
7946.0 8860.0
5102.0 4173.0
9979.0 1935.0
416.0 4325.0
6220.0 1009.0
3657.0 2996.0
1421.0 2253.0
474.0 9436.0
2022.0 852.0
6309.0 3662.0
9841.0 5245.0
235.0 8629.0
5951.0 951.0
2826.0 6009.0
568.0 5146.0
130.0 2959.0
7248.0 5592.0
8313.0 9763.0
2246.0 83.0
6048.0 724.0
2325.0 5014.0
4210.0 3198.0
6861.0 4219.0
4965.0 2151.0
2549.0 1712.0
4798.0 111.0
1534.0 4459.0
8579.0 4914.0
6289.0 3812.0
4212.0 118.0
7062.0 6743.0
9953.0 5463.0
208.0 512.0
8962.0 7273.0
8227.0 6893.0
8160.0 1173.0
4830.0 4598.0
961.0 2004.0
855.0 1037.0
5948.0 8324.0
9349.0 7028.0
6065.0 1373.0
638.0 609.0
5399.0 889.0
707.0 8582.0
3113.0 2653.0
8709.0 6906.0
6608.0 5148.0
1923.0 3593.0
8481.0 5224.0
8981.0 227.0
4357.0 5124.0
4686.0 739.0
1145.0 5796.0
2239.0 8578.0
7814.0 3833.0
1198.0 5906.0
3243.0 1947.0
1988.0 947.0
8220.0 5361.0
282.0 2128.0
1157.0 8981.0
7068.0 148.0
9600.0 2760.0
2741.0 1591.0
2093.0 5108.0
6014.0 241.0
7474.0 6758.0
987.0 4707.0
1172.0 9945.0
8187.0 3514.0
574.0 301.0
7908.0 1265.0
4032.0 1336.0
6652.0 2042.0
579.0 3900.0
14.0 8644.0
9931.0 5492.0
7819.0 8817.0
4842.0 6816.0
9826.0 2102.0
367.0 5454.0
2842.0 3437.0
7141.0 9049.0
2530.0 2134.0
8196.0 2872.0
5775.0 7382.0
1429.0 9159.0
1885.0 3897.0
2263.0 8107.0
3484.0 3849.0
3589.0 2899.0
392.0 3712.0
2544.0 3654.0
2321.0 7158.0
6208.0 7676.0
8718.0 7630.0
787.0 5885.0
6551.0 6733.0
1347.0 7825.0
9383.0 7070.0
1671.0 109.0
3539.0 652.0
6323.0 5709.0
9694.0 6530.0
9462.0 3955.0
696.0 3763.0
7505.0 3636.0
8950.0 8368.0
5187.0 4080.0
9182.0 5377.0
7107.0 1599.0
4897.0 9644.0
9311.0 1184.0
9366.0 1522.0
7999.0 5830.0
4441.0 6050.0
4918.0 8364.0
3043.0 6782.0
1514.0 3185.0
3620.0 7894.0
6410.0 7768.0
7413.0 690.0
3279.0 6339.0
1837.0 3161.0
8701.0 587.0
5812.0 3702.0
2037.0 4809.0
5345.0 2647.0
1933.0 5357.0
205.0 7736.0
6488.0 6789.0
4993.0 2156.0
6686.0 9582.0
438.0 6286.0
5134.0 6815.0
3233.0 6777.0
4705.0 9684.0
5240.0 9103.0
4131.0 4245.0
5374.0 2219.0
133.0 4264.0
9992.0 6446.0
8151.0 7556.0
108.0 8231.0
6248.0 5692.0
6250.0 7905.0
9251.0 9469.0
4285.0 9077.0
2712.0 5009.0
8026.0 792.0
8748.0 7888.0
6946.0 6093.0
8329.0 5159.0
9823.0 3108.0
7104.0 7666.0
7618.0 7310.0
4303.0 7530.0
1436.0 6071.0
6819.0 8180.0
3860.0 9147.0
3013.0 6826.0
4503.0 1225.0
3330.0 1741.0
3078.0 5173.0
7290.0 9253.0
5821.0 7109.0
8920.0 7811.0
3585.0 6943.0
5206.0 9025.0
2412.0 504.0
4630.0 8049.0
9927.0 1903.0
5365.0 8196.0
3350.0 7248.0
5189.0 7173.0
7465.0 3362.0
7709.0 4804.0
3352.0 7617.0
1939.0 4644.0
1214.0 7538.0
4825.0 4345.0
3115.0 1286.0
8775.0 2173.0
3941.0 2677.0
8765.0 9556.0
1422.0 6850.0
6096.0 2039.0
8518.0 5231.0
8370.0 3531.0
3999.0 919.0
7754.0 1237.0
9537.0 8123.0
2106.0 1144.0
4130.0 1790.0
6023.0 6447.0
9179.0 6063.0
1402.0 3806.0
35.0 2677.0
9562.0 4810.0
2343.0 2955.0
9504.0 2529.0
3999.0 9520.0
9397.0 5542.0
6035.0 6357.0
827.0 4322.0
8266.0 8364.0
7909.0 7356.0
8007.0 4020.0
5821.0 6897.0
2683.0 7304.0
5824.0 6708.0
9662.0 7496.0
6348.0 6705.0
9109.0 8001.0
2214.0 1865.0
8214.0 7814.0
6554.0 5286.0
7577.0 1775.0
2510.0 7789.0
3105.0 8232.0
4268.0 8937.0
9216.0 5259.0
9517.0 6849.0
1680.0 9051.0
7887.0 6711.0
928.0 630.0
2440.0 344.0
9121.0 9506.0
3789.0 1726.0
6831.0 5406.0
8913.0 5851.0
7635.0 1725.0
9238.0 796.0
1446.0 6816.0
5047.0 5396.0
9907.0 1759.0
5808.0 7389.0
9657.0 5740.0
8470.0 9439.0
1805.0 2678.0
8308.0 2895.0
8417.0 5219.0
9389.0 1686.0

6577.0 7517.0
4092.0 6875.0
7828.0 1253.0
2876.0 4262.0
8675.0 3434.0
1083.0 2742.0
570.0 8147.0
6095.0 7229.0
7447.0 4173.0
8429.0 314.0
9515.0 8746.0
1338.0 8691.0
9823.0 1611.0
9530.0 6409.0
4411.0 5545.0
4080.0 7286.0
9362.0 1931.0
3069.0 1438.0
561.0 2542.0
71.0 3227.0
4522.0 1162.0
5001.0 592.0
1057.0 1172.0
4452.0 8053.0
1154.0 7757.0
1033.0 8369.0
5821.0 5813.0
3849.0 159.0
4292.0 7265.0
4609.0 1397.0
2356.0 3853.0
6510.0 1180.0
4157.0 4066.0
5412.0 4603.0
3287.0 5337.0
5416.0 8181.0
1462.0 5152.0
3368.0 5674.0
5653.0 7175.0
9424.0 6670.0
6942.0 1035.0
3161.0 2870.0
6948.0 6934.0
7405.0 9418.0
156.0 8658.0
4249.0 1136.0
2924.0 1177.0
400.0 6127.0
2549.0 1423.0
1397.0 1531.0
2157.0 3404.0
6770.0 8896.0
9770.0 1283.0
716.0 8999.0
2366.0 6537.0
5365.0 8516.0
8239.0 7878.0
6200.0 3435.0
3489.0 4983.0
1700.0 6574.0
976.0 9773.0
1786.0 9094.0
2521.0 1269.0
2131.0 8403.0
7706.0 2748.0
3910.0 7309.0
5101.0 2255.0
1053.0 1824.0
4189.0 168.0
9577.0 7515.0
8875.0 9902.0
6079.0 6723.0
5839.0 409.0
4931.0 1629.0
3595.0 1615.0
6269.0 449.0
572.0 6377.0
9348.0 6719.0
2989.0 5173.0
8320.0 4017.0
5938.0 2073.0
20.0 1003.0
3384.0 3197.0
5806.0 4167.0
5498.0 1240.0
2058.0 8176.0
4089.0 2222.0
6382.0 6192.0
9460.0 3092.0
9094.0 5043.0
4542.0 1317.0
2051.0 2634.0
4570.0 88.0
9409.0 7485.0
3191.0 5279.0
7377.0 2770.0
8258.0 2793.0
2532.0 9741.0
3171.0 7409.0
755.0 7930.0
2070.0 6808.0
1395.0 2002.0
9706.0 6847.0
3669.0 7638.0
9308.0 6771.0
4957.0 1346.0
4274.0 5472.0
2952.0 1567.0
1978.0 2416.0
6352.0 970.0
554.0 9395.0
1065.0 2312.0
1955.0 1721.0
1552.0 2752.0
7096.0 9998.0
9381.0 3992.0
1435.0 6112.0
3516.0 8141.0
1776.0 9556.0
9471.0 1669.0
7636.0 2743.0
6861.0 2355.0
2996.0 6424.0
7410.0 6584.0
6745.0 8847.0
8048.0 6907.0
2642.0 4803.0
6076.0 2217.0
2135.0 3160.0
6062.0 5447.0
5809.0 4061.0
466.0 6163.0
1846.0 9393.0
8606.0 7928.0
2268.0 2646.0
1022.0 2837.0
305.0 6824.0
8800.0 8085.0
4707.0 1542.0
9952.0 1985.0
9316.0 2899.0
7387.0 9253.0
8720.0 2320.0
5578.0 8035.0
3309.0 2948.0
5460.0 3472.0
9556.0 4750.0
9673.0 5248.0
3840.0 1958.0
2672.0 8954.0
628.0 8977.0
2818.0 3704.0
8355.0 3406.0
5978.0 830.0
8782.0 7275.0
2761.0 1096.0
8208.0 177.0
3876.0 248.0
1306.0 370.0
786.0 5359.0
936.0 2545.0
1141.0 6776.0
9728.0 3333.0
1094.0 3111.0
1795.0 8231.0
9095.0 9127.0
5347.0 6045.0
8183.0 8907.0
9561.0 9515.0
6372.0 9207.0
1524.0 3224.0
7233.0 330.0
1559.0 2442.0
5169.0 4481.0
7747.0 9034.0
2523.0 3886.0
2995.0 3072.0
8047.0 3664.0
435.0 1257.0
8826.0 6736.0
5507.0 5826.0
207.0 729.0
5513.0 40.0
829.0 9224.0
9995.0 8891.0
2285.0 2226.0
7735.0 6199.0
5551.0 3259.0
8700.0 1677.0
8658.0 2946.0
1772.0 4124.0
2782.0 1485.0
1545.0 9387.0
6244.0 4871.0
58.0 4210.0
8522.0 2286.0
1731.0 9609.0
8841.0 4487.0
2384.0 9903.0
6419.0 5623.0
5594.0 6025.0
1926.0 3364.0
2268.0 4282.0
2232.0 4660.0
1712.0 4144.0
3011.0 7112.0
5056.0 1235.0
6287.0 8242.0
4289.0 4142.0
2470.0 7622.0
2814.0 6183.0
8958.0 9178.0
5765.0 5754.0
9897.0 3624.0
948.0 1404.0
4133.0 3338.0
3716.0 246.0
957.0 4602.0
1598.0 891.0
5703.0 4594.0
6995.0 4447.0
9755.0 2984.0
8788.0 9816.0
2060.0 552.0
6132.0 1851.0
1702.0 9680.0
327.0 3537.0
3601.0 4127.0
2996.0 5810.0
1910.0 7940.0
1481.0 1186.0
8222.0 5926.0
4708.0 9772.0
4064.0 516.0
5384.0 8839.0
9856.0 2454.0
6821.0 9593.0
4822.0 5158.0
5222.0 7230.0
4977.0 5149.0
750.0 2949.0
8727.0 3436.0
3178.0 9055.0
2156.0 5222.0
473.0 763.0
8609.0 7852.0
1113.0 845.0
9580.0 9325.0
3460.0 5761.0
6517.0 2313.0
8023.0 4402.0
5610.0 1041.0
900.0 3063.0
123.0 897.0
9258.0 2812.0
7339.0 3197.0
2150.0 7847.0
9688.0 9944.0
2480.0 6017.0
2151.0 5988.0
8467.0 5096.0
478.0 8472.0
5393.0 976.0
7301.0 5927.0
984.0 6404.0
5730.0 1917.0
228.0 1379.0
2481.0 615.0
7952.0 8865.0
5106.0 4179.0
9984.0 1940.0
421.0 4331.0
6226.0 1014.0
3662.0 3001.0
1426.0 2258.0
479.0 9441.0
2027.0 858.0
6315.0 3667.0
9846.0 5251.0
240.0 8634.0
5955.0 956.0
2831.0 6015.0
573.0 5151.0
136.0 2964.0
7253.0 5598.0
8318.0 9767.0
2252.0 87.0
6053.0 728.0
2330.0 5019.0
4214.0 3203.0
6866.0 4224.0
4971.0 2156.0
2555.0 1717.0
4804.0 117.0
1540.0 4464.0
8584.0 4918.0
6293.0 3817.0
4216.0 123.0
7067.0 6748.0
9958.0 5469.0
213.0 518.0
8967.0 7278.0
8232.0 6897.0
8165.0 1178.0
4836.0 4602.0
965.0 2009.0
859.0 1043.0
5954.0 8329.0
9355.0 7033.0
6070.0 1378.0
644.0 615.0
5404.0 894.0
713.0 8587.0
3119.0 2659.0
8715.0 6910.0
6613.0 5153.0
1928.0 3598.0
8486.0 5228.0
8985.0 232.0
4363.0 5128.0
4691.0 745.0
1150.0 5801.0
2244.0 8582.0
7818.0 3838.0
1203.0 5911.0
3248.0 1953.0
1993.0 951.0
8224.0 5366.0
286.0 2132.0
1161.0 8986.0
7073.0 153.0
9606.0 2765.0
2745.0 1597.0
2097.0 5114.0
6019.0 246.0
7480.0 6764.0
992.0 4712.0
1178.0 9950.0
8191.0 3520.0
579.0 306.0
7913.0 1270.0
4038.0 1340.0
6658.0 2047.0
584.0 3905.0
20.0 8649.0
9937.0 5497.0
7825.0 8822.0
4846.0 6821.0
9831.0 2108.0
371.0 5460.0
2848.0 3442.0
7145.0 9054.0
2535.0 2139.0
8201.0 2877.0
5780.0 7386.0
1434.0 9164.0
1889.0 3902.0
2269.0 8113.0
3488.0 3854.0
3595.0 2904.0
396.0 3716.0
2548.0 3659.0
2325.0 7164.0
6212.0 7682.0
8722.0 7635.0
791.0 5891.0
6557.0 6738.0
1352.0 7829.0
9388.0 7076.0
1676.0 113.0
3544.0 656.0
6329.0 5714.0
9699.0 6535.0
9467.0 3961.0
700.0 3767.0
7510.0 3640.0
8954.0 8373.0
5191.0 4085.0
9187.0 5382.0
7112.0 1604.0
4901.0 9650.0
9315.0 1190.0
9372.0 1526.0
8005.0 5835.0
4446.0 6056.0
4924.0 8369.0
3048.0 6788.0
1520.0 3189.0
3625.0 7899.0
6416.0 7773.0
7417.0 694.0
3284.0 6343.0
1842.0 3166.0
8706.0 593.0
5816.0 3707.0
2043.0 4815.0
5350.0 2652.0
1939.0 5361.0
209.0 7742.0
6492.0 6795.0
4998.0 2162.0
6690.0 9588.0
444.0 6291.0
5138.0 6820.0
3239.0 6781.0
4710.0 9689.0
5245.0 9109.0
4136.0 4249.0
5378.0 2225.0
137.0 4268.0
9998.0 6451.0
8156.0 7562.0
113.0 8237.0
6252.0 5696.0
6255.0 7909.0
9257.0 9474.0
4290.0 9082.0
2718.0 5014.0
8030.0 798.0
8752.0 7894.0
6952.0 6099.0
8335.0 5164.0
9828.0 3112.0
7110.0 7671.0
7623.0 7316.0
4309.0 7535.0
1440.0 6076.0
6823.0 8184.0
3864.0 9152.0
3018.0 6831.0
4508.0 1230.0
3334.0 1745.0
3082.0 5178.0
7296.0 9259.0
5827.0 7114.0
8926.0 7816.0
3590.0 6948.0
5211.0 9029.0
2418.0 508.0
4635.0 8055.0
9932.0 1908.0
5370.0 8201.0
3354.0 7253.0
5195.0 7178.0
7471.0 3367.0
7714.0 4809.0
3356.0 7622.0
1943.0 4649.0
1219.0 7543.0
4830.0 4351.0
3120.0 1290.0
8781.0 2178.0
3946.0 2683.0
8770.0 9561.0
1428.0 6854.0
6100.0 2044.0
8523.0 5235.0
8375.0 3535.0
4004.0 924.0
7759.0 1242.0
9542.0 8127.0
2112.0 1149.0
4134.0 1795.0
6029.0 6453.0
9184.0 6067.0
1407.0 3810.0
39.0 2682.0
9568.0 4814.0
2348.0 2960.0
9509.0 2535.0
4003.0 9524.0
9401.0 5548.0
6041.0 6362.0
832.0 4327.0
8272.0 8370.0
7915.0 7360.0
8013.0 4026.0
5826.0 6902.0
2689.0 7310.0
5829.0 6712.0
9666.0 7501.0
6353.0 6710.0
9114.0 8007.0
2220.0 1871.0
8218.0 7820.0
6560.0 5290.0
7582.0 1779.0
2515.0 7794.0
3111.0 8237.0
4273.0 8941.0
9221.0 5264.0
9521.0 6854.0
1685.0 9055.0
7891.0 6716.0
932.0 635.0
2445.0 349.0
9126.0 9512.0
3794.0 1731.0
6836.0 5412.0
8918.0 5855.0
7640.0 1730.0
9243.0 800.0
1451.0 6821.0
5052.0 5402.0
9911.0 1764.0
5812.0 7394.0
9663.0 5746.0
8475.0 9443.0
1810.0 2682.0
8312.0 2901.0
8423.0 5224.0
9394.0 1692.0
