1
512 1 3.0 0.0 1000.0 3 160 240 100

6.5 13.5 29.3 58.5
13.0 27.0 58.5 117.0
19.5 40.5 87.8 175.5
26.0 54.0 117.0 234.0
39.0 81.0 175.5 351.0
52.0 108.0 234.0 468.0
58.5 121.5 263.3 526.5
65.0 135.0 292.5 585.0
78.0 162.0 351.0 702.0
0.0 180.0 390.0 780.0

2.0 5.0 8.0 11.0
5.0 8.0 11.0 14.0
9.0 12.0 15.0 18.0
11.0 14.0 17.0 20.0
15.0 18.0 21.0 24.0
18.0 21.0 24.0 27.0
20.0 23.0 26.0 29.0
25.0 28.0 31.0 34.0
29.0 32.0 35.0 38.0
0.0 34.0 37.0 40.0

7053.0 5494.0
3425.0 1950.0
7019.0 1764.0
4749.0 7923.0
7337.0 9356.0
6836.0 6595.0
2898.0 9334.0
2406.0 2033.0
214.0 3724.0
8399.0 7329.0
7621.0 1928.0
6999.0 8689.0
8253.0 7453.0
5754.0 6326.0
6599.0 1072.0
3891.0 4554.0
1949.0 9063.0
4371.0 5948.0
4581.0 7648.0
3767.0 6973.0
2976.0 7267.0
4531.0 4944.0
2905.0 2829.0
6730.0 8712.0
1699.0 8558.0
8801.0 7964.0
3517.0 8581.0
9419.0 8501.0
3945.0 6875.0
5029.0 3398.0
4740.0 2731.0
125.0 2410.0
2029.0 332.0
9839.0 4528.0
3809.0 3615.0
6916.0 1039.0
5037.0 22.0
7638.0 9007.0
1157.0 9288.0
3774.0 7528.0
3369.0 5892.0
126.0 1658.0
1462.0 6308.0
9735.0 1393.0
2541.0 4685.0
1323.0 5585.0
6453.0 3090.0
6040.0 3174.0
1244.0 4951.0
3090.0 6618.0
4468.0 2827.0
6294.0 4911.0
8656.0 4137.0
6175.0 6065.0
1779.0 989.0
4629.0 1437.0
6019.0 2736.0
1748.0 6794.0
665.0 2385.0
6878.0 7488.0
7468.0 514.0
8461.0 7629.0
9252.0 2797.0
9758.0 5640.0
5125.0 9805.0
2.0 1072.0
8100.0 185.0
3058.0 63.0
3441.0 876.0
8168.0 9336.0
8564.0 467.0
9835.0 1092.0
7805.0 4362.0
6438.0 3712.0
7891.0 2857.0
9621.0 5626.0
2404.0 5774.0
9057.0 2245.0
6096.0 9788.0
9631.0 8338.0
2345.0 7072.0
627.0 731.0
9584.0 6396.0
8988.0 8715.0
5033.0 315.0
1209.0 2044.0
6531.0 4575.0
949.0 8910.0
5810.0 8374.0
1924.0 8772.0
9023.0 6605.0
8142.0 7422.0
2843.0 7722.0
6074.0 4179.0
6958.0 3352.0
5807.0 3585.0
6282.0 8293.0
762.0 6487.0
8700.0 2032.0
8050.0 7892.0
6668.0 5405.0
4022.0 1477.0
3492.0 8549.0
2102.0 3129.0
7599.0 8761.0
2458.0 8412.0
627.0 9408.0
5586.0 1329.0
7655.0 3519.0
4388.0 4277.0
380.0 8188.0
1792.0 1555.0
6584.0 8427.0
3504.0 1343.0
1690.0 1593.0
7958.0 3493.0
741.0 6033.0
8026.0 3052.0
1613.0 71.0
1564.0 1873.0
2788.0 9969.0
374.0 3215.0
1514.0 8006.0
9628.0 6705.0
649.0 4293.0
2350.0 3542.0
5039.0 8472.0
6012.0 4340.0
726.0 9916.0
817.0 4478.0
2823.0 7572.0
1738.0 4347.0
368.0 3086.0
8893.0 4375.0
8974.0 3327.0
3308.0 7214.0
4607.0 954.0
7656.0 1972.0
4301.0 4158.0
4033.0 7867.0
2140.0 9204.0
3347.0 7200.0
1312.0 1920.0
3375.0 8.0
5578.0 6749.0
5090.0 5307.0
5955.0 4514.0
9287.0 6279.0
948.0 2511.0
8116.0 9307.0
1136.0 3074.0
8567.0 9238.0
1455.0 9254.0
7492.0 5740.0
6974.0 8712.0
223.0 8163.0
502.0 9503.0
7365.0 8761.0
2832.0 3845.0
6835.0 6674.0
8964.0 8526.0
706.0 7548.0
6093.0 3084.0
8939.0 6171.0
1725.0 9380.0
4568.0 2024.0
2699.0 8702.0
7405.0 99.0
8471.0 5042.0
5847.0 1908.0
4451.0 5663.0
8834.0 4027.0
3739.0 2599.0
2555.0 4082.0
8059.0 1226.0
8952.0 6554.0
1226.0 4513.0
5599.0 3277.0
957.0 4121.0
9026.0 6028.0
7353.0 1952.0
6065.0 1078.0
8870.0 8293.0
272.0 8092.0
9092.0 5197.0
3016.0 8260.0
145.0 6213.0
1283.0 9046.0
1046.0 6117.0
6791.0 5430.0
1835.0 6767.0
3458.0 32.0
6787.0 7714.0
2818.0 6998.0
2541.0 2709.0
9441.0 7034.0
9456.0 5734.0
930.0 3465.0
7017.0 2688.0
9570.0 1707.0
6616.0 7361.0
5192.0 7035.0
7523.0 2840.0
1330.0 8021.0
4367.0 1963.0
9233.0 5542.0
6948.0 2960.0
6815.0 9721.0
5712.0 8926.0
2090.0 9702.0
8680.0 2234.0
3199.0 3620.0
8191.0 7548.0
9554.0 8681.0
8241.0 9546.0
1214.0 3697.0
5766.0 4003.0
6028.0 8990.0
1676.0 3356.0
6637.0 1028.0
9961.0 385.0
1895.0 1690.0
5700.0 6149.0
9782.0 4529.0
5270.0 807.0
1384.0 2929.0
4608.0 8449.0
8001.0 7526.0
3812.0 9585.0
5959.0 2790.0
8933.0 7409.0
6196.0 5137.0
4250.0 6484.0
8198.0 7464.0
871.0 4970.0
335.0 7484.0
9967.0 4037.0
1197.0 9744.0
1462.0 589.0
8975.0 3716.0
1501.0 1933.0
8470.0 2833.0
4520.0 3535.0
7798.0 1860.0
8229.0 3476.0
9360.0 2482.0
2336.0 9764.0
2148.0 9488.0
4326.0 9115.0
4959.0 2441.0
8125.0 8352.0
2584.0 205.0
3961.0 2043.0
9540.0 8231.0
241.0 2512.0
8431.0 958.0
771.0 867.0
2484.0 4241.0
3140.0 166.0
4349.0 5164.0
6576.0 4351.0
5728.0 9139.0
111.0 9103.0
4901.0 6660.0
4363.0 3222.0
1717.0 4608.0
2758.0 1694.0
2134.0 9475.0
522.0 4053.0
6858.0 2402.0
2241.0 4188.0
1168.0 8414.0
1342.0 216.0
5489.0 4719.0
7278.0 5568.0
8788.0 5475.0
8768.0 4901.0
9355.0 2895.0
3898.0 989.0
50.0 7074.0
404.0 1209.0
7584.0 9424.0
1961.0 4773.0
7892.0 7100.0
8792.0 4314.0
2186.0 8292.0
3428.0 7987.0
749.0 783.0
4930.0 695.0
4040.0 8632.0
7394.0 5585.0
3184.0 4387.0
1065.0 9441.0
4409.0 6700.0
6875.0 8116.0
4519.0 5723.0
7729.0 620.0
6947.0 1178.0
2354.0 3013.0
481.0 478.0
42.0 5726.0
5222.0 6782.0
7087.0 445.0
2846.0 9369.0
8269.0 5192.0
745.0 1207.0
9164.0 8738.0
2104.0 1116.0
7639.0 7973.0
6507.0 383.0
5328.0 4373.0
8118.0 6237.0
2417.0 8200.0
1024.0 7051.0
1556.0 1550.0
3802.0 6656.0
9231.0 3908.0
7887.0 7662.0
5391.0 6319.0
6801.0 6142.0
4672.0 2826.0
5824.0 2599.0
5036.0 291.0
4176.0 6560.0
2130.0 247.0
4268.0 4712.0
206.0 8907.0
5110.0 4945.0
2906.0 3960.0
9432.0 1182.0
9739.0 9291.0
6601.0 6399.0
6573.0 1258.0
5892.0 3694.0
958.0 2659.0
7186.0 7805.0
5596.0 3014.0
8679.0 1946.0
5797.0 6311.0
3652.0 7360.0
9211.0 9827.0
881.0 5459.0
8688.0 183.0
5769.0 4934.0
1562.0 5238.0
1745.0 8728.0
1195.0 2979.0
4026.0 8244.0
9093.0 1020.0
294.0 4676.0
8416.0 2863.0
5371.0 9849.0
2203.0 9532.0
9451.0 1438.0
2136.0 7731.0
1967.0 9968.0
6153.0 8149.0
5667.0 7461.0
5743.0 48.0
7949.0 119.0
6235.0 762.0
9061.0 9929.0
5899.0 1253.0
9192.0 2570.0
2196.0 1339.0
9066.0 1501.0
5968.0 742.0
1082.0 622.0
6923.0 4574.0
582.0 378.0
6204.0 4414.0
9308.0 4705.0
4384.0 8587.0
5637.0 8683.0
5696.0 7793.0
8641.0 9296.0
1823.0 4710.0
5560.0 4165.0
1069.0 8713.0
4743.0 5655.0
1223.0 9332.0
8653.0 221.0
6950.0 4584.0
3966.0 5389.0
5015.0 2821.0
8381.0 9244.0
3177.0 9214.0
6169.0 9824.0
1051.0 514.0
7062.0 4282.0
3784.0 4218.0
5538.0 212.0
1838.0 779.0
69.0 4026.0
2730.0 9984.0
4418.0 3744.0
3021.0 5143.0
5538.0 6112.0
1394.0 1214.0
5152.0 393.0
6131.0 5497.0
4585.0 3750.0
2819.0 2037.0
4919.0 5575.0
589.0 3363.0
7029.0 666.0
7727.0 5691.0
8594.0 3626.0
9965.0 6239.0
7626.0 9367.0
7277.0 3772.0
4608.0 7107.0
7500.0 6012.0
7805.0 7732.0
7594.0 59.0
8813.0 6922.0
5880.0 4437.0
7922.0 8911.0
1046.0 3909.0
1362.0 8263.0
6274.0 693.0
5008.0 9559.0
9283.0 8212.0
1593.0 7367.0
1624.0 6003.0
1037.0 1378.0
3036.0 6932.0
5920.0 4101.0
9195.0 332.0
6699.0 986.0
3667.0 7210.0
3731.0 5366.0
7386.0 6146.0
5670.0 3104.0
1486.0 1030.0
6302.0 4316.0
1794.0 4249.0
4409.0 2065.0
5817.0 1475.0
3707.0 402.0
5536.0 6685.0
2447.0 6640.0
1827.0 8531.0
4742.0 5239.0
8835.0 1715.0
8189.0 3190.0
9113.0 9479.0
4859.0 9283.0
2856.0 5863.0
5226.0 2131.0
7042.0 8846.0
7102.0 4343.0
2805.0 8025.0
4152.0 2725.0
1856.0 2933.0
1057.0 6897.0
5282.0 663.0
4893.0 1191.0
528.0 3907.0
4803.0 7243.0
4896.0 3054.0
4532.0 7130.0
6379.0 8473.0
4879.0 9461.0
5137.0 1621.0
5661.0 3282.0
1456.0 6105.0
9247.0 7199.0
8497.0 2327.0
224.0 3587.0
658.0 1855.0
8280.0 277.0
868.0 142.0
3873.0 4588.0
2634.0 8732.0
8739.0 7115.0
5174.0 582.0
5836.0 5129.0
2424.0 4643.0
5771.0 7979.0
9282.0 8314.0
9291.0 9395.0
869.0 8919.0
7911.0 4046.0
3158.0 7835.0
7241.0 8263.0
5773.0 3396.0
89.0 7291.0
285.0 1220.0
8906.0 3968.0
9825.0 3077.0
9649.0 6195.0
8337.0 7942.0
1620.0 3102.0
279.0 1359.0
372.0 2273.0
4114.0 1757.0
3231.0 2924.0
5388.0 4833.0
9513.0 2418.0
7733.0 9666.0
15.0 5991.0
2603.0 2653.0
2835.0 2075.0
1075.0 7944.0
5098.0 8113.0
3523.0 5474.0
2664.0 4224.0
5495.0 240.0
2377.0 4629.0
608.0 8963.0
3940.0 9192.0

7059.0 5500.0
3429.0 1955.0
7024.0 1769.0
4754.0 7928.0
7342.0 9360.0
6841.0 6599.0
2903.0 9339.0
2412.0 2038.0
220.0 3728.0
8405.0 7334.0
7626.0 1932.0
7005.0 8693.0
8259.0 7459.0
5759.0 6331.0
6603.0 1077.0
3895.0 4558.0
1954.0 9068.0
4377.0 5954.0
4586.0 7652.0
3772.0 6978.0
2980.0 7271.0
4536.0 4949.0
2909.0 2834.0
6735.0 8718.0
1704.0 8563.0
8806.0 7969.0
3523.0 8586.0
9425.0 8506.0
3949.0 6881.0
5035.0 3404.0
4744.0 2737.0
130.0 2414.0
2034.0 336.0
9844.0 4534.0
3814.0 3621.0
6921.0 1044.0
5043.0 28.0
7642.0 9013.0
1162.0 9293.0
3780.0 7533.0
3375.0 5897.0
132.0 1664.0
1468.0 6313.0
9740.0 1399.0
2547.0 4689.0
1329.0 5590.0
6459.0 3096.0
6044.0 3179.0
1249.0 4955.0
3094.0 6624.0
4473.0 2832.0
6298.0 4916.0
8661.0 4141.0
6180.0 6071.0
1784.0 995.0
4635.0 1442.0
6024.0 2740.0
1753.0 6799.0
670.0 2389.0
6883.0 7493.0
7472.0 520.0
8467.0 7635.0
9256.0 2802.0
9763.0 5645.0
5130.0 9811.0
6.0 1077.0
8105.0 190.0
3064.0 67.0
3446.0 881.0
8173.0 9341.0
8568.0 472.0
9839.0 1098.0
7811.0 4367.0
6444.0 3718.0
7896.0 2861.0
9627.0 5632.0
2408.0 5778.0
9062.0 2251.0
6100.0 9793.0
9637.0 8343.0
2350.0 7077.0
632.0 737.0
9590.0 6401.0
8992.0 8719.0
5037.0 319.0
1215.0 2049.0
6536.0 4581.0
955.0 8915.0
5816.0 8380.0
1928.0 8777.0
9027.0 6609.0
8147.0 7426.0
2847.0 7727.0
6079.0 4183.0
6963.0 3357.0
5812.0 3590.0
6287.0 8297.0
767.0 6492.0
8706.0 2038.0
8054.0 7897.0
6673.0 5409.0
4027.0 1481.0
3497.0 8554.0
2107.0 3134.0
7604.0 8765.0
2463.0 8416.0
632.0 9413.0
5591.0 1334.0
7659.0 3523.0
4393.0 4282.0
386.0 8193.0
1796.0 1561.0
6588.0 8432.0
3510.0 1347.0
1696.0 1598.0
7963.0 3498.0
745.0 6039.0
8031.0 3058.0
1619.0 75.0
1569.0 1879.0
2792.0 9975.0
379.0 3220.0
1519.0 8011.0
9632.0 6710.0
653.0 4299.0
2354.0 3548.0
5044.0 8476.0
6016.0 4344.0
730.0 9921.0
821.0 4483.0
2828.0 7576.0
1743.0 4351.0
372.0 3091.0
8899.0 4379.0
8979.0 3332.0
3313.0 7218.0
4612.0 960.0
7661.0 1977.0
4306.0 4163.0
4038.0 7873.0
2145.0 9210.0
3353.0 7205.0
1317.0 1925.0
3379.0 13.0
5584.0 6754.0
5095.0 5313.0
5960.0 4519.0
9292.0 6284.0
952.0 2515.0
8121.0 9312.0
1141.0 3079.0
8572.0 9244.0
1459.0 9259.0
7498.0 5746.0
6979.0 8716.0
229.0 8168.0
507.0 9508.0
7369.0 8766.0
2837.0 3850.0
6839.0 6678.0
8970.0 8531.0
710.0 7552.0
6098.0 3088.0
8945.0 6177.0
1730.0 9386.0
4573.0 2028.0
2704.0 8707.0
7410.0 104.0
8476.0 5046.0
5852.0 1914.0
4457.0 5668.0
8839.0 4032.0
3744.0 2604.0
2561.0 4087.0
8065.0 1231.0
8957.0 6560.0
1231.0 4519.0
5603.0 3283.0
962.0 4126.0
9032.0 6032.0
7358.0 1957.0
6071.0 1083.0
8875.0 8297.0
277.0 8097.0
9098.0 5201.0
3021.0 8265.0
149.0 6218.0
1287.0 9050.0
1051.0 6122.0
6796.0 5435.0
1841.0 6771.0
3463.0 38.0
6793.0 7720.0
2823.0 7004.0
2546.0 2713.0
9445.0 7038.0
9460.0 5739.0
935.0 3470.0
7022.0 2693.0
9575.0 1712.0
6620.0 7367.0
5197.0 7040.0
7528.0 2846.0
1336.0 8026.0
4372.0 1968.0
9237.0 5547.0
6953.0 2966.0
6821.0 9725.0
5718.0 8931.0
2094.0 9708.0
8686.0 2239.0
3204.0 3624.0
8197.0 7554.0
9559.0 8686.0
8247.0 9550.0
1218.0 3701.0
5770.0 4008.0
6032.0 8996.0
1680.0 3360.0
6643.0 1033.0
9965.0 390.0
1901.0 1694.0
5706.0 6153.0
9788.0 4535.0
5275.0 811.0
1390.0 2934.0
4612.0 8455.0
8005.0 7530.0
3816.0 9590.0
5965.0 2794.0
8938.0 7415.0
6200.0 5143.0
4255.0 6490.0
8204.0 7469.0
876.0 4975.0
340.0 7489.0
9972.0 4043.0
1203.0 9749.0
1468.0 595.0
8980.0 3722.0
1507.0 1939.0
8475.0 2839.0
4524.0 3539.0
7802.0 1865.0
8234.0 3482.0
9364.0 2487.0
2342.0 9768.0
2153.0 9493.0
4330.0 9121.0
4965.0 2447.0
8129.0 8356.0
2588.0 210.0
3966.0 2049.0
9544.0 8237.0
245.0 2517.0
8436.0 962.0
776.0 872.0
2488.0 4245.0
3144.0 172.0
4354.0 5169.0
6581.0 4357.0
5732.0 9143.0
117.0 9109.0
4906.0 6666.0
4367.0 3228.0
1722.0 4613.0
2763.0 1699.0
2139.0 9481.0
527.0 4058.0
6862.0 2407.0
2246.0 4194.0
1174.0 8418.0
1347.0 220.0
5494.0 4725.0
7282.0 5573.0
8793.0 5481.0
8774.0 4907.0
9361.0 2901.0
3902.0 994.0
55.0 7080.0
409.0 1213.0
7590.0 9429.0
1967.0 4778.0
7897.0 7106.0
8797.0 4318.0
2190.0 8297.0
3432.0 7993.0
754.0 788.0
4936.0 700.0
4045.0 8637.0
7399.0 5590.0
3188.0 4391.0
1069.0 9446.0
4415.0 6705.0
6880.0 8121.0
4523.0 5728.0
7734.0 626.0
6952.0 1184.0
2360.0 3018.0
485.0 482.0
47.0 5731.0
5227.0 6786.0
7092.0 450.0
2850.0 9374.0
8275.0 5197.0
749.0 1212.0
9170.0 8743.0
2108.0 1122.0
7644.0 7979.0
6512.0 388.0
5333.0 4378.0
8123.0 6241.0
2422.0 8205.0
1030.0 7056.0
1560.0 1555.0
3807.0 6661.0
9236.0 3912.0
7892.0 7668.0
5396.0 6324.0
6805.0 6148.0
4677.0 2831.0
5829.0 2605.0
5042.0 296.0
4181.0 6565.0
2135.0 252.0
4274.0 4717.0
211.0 8912.0
5114.0 4951.0
2912.0 3966.0
9436.0 1188.0
9745.0 9297.0
6606.0 6403.0
6577.0 1262.0
5897.0 3698.0
962.0 2664.0
7191.0 7811.0
5601.0 3019.0
8685.0 1951.0
5802.0 6315.0
3657.0 7364.0
9216.0 9831.0
885.0 5464.0
8693.0 188.0
5774.0 4939.0
1566.0 5243.0
1750.0 8733.0
1200.0 2984.0
4030.0 8250.0
9099.0 1026.0
300.0 4681.0
8422.0 2867.0
5377.0 9854.0
2208.0 9536.0
9455.0 1442.0
2141.0 7736.0
1972.0 9974.0
6159.0 8153.0
5671.0 7466.0
5748.0 53.0
7954.0 125.0
6241.0 767.0
9066.0 9935.0
5905.0 1259.0
9197.0 2575.0
2200.0 1345.0
9071.0 1506.0
5973.0 747.0
1087.0 627.0
6928.0 4580.0
587.0 383.0
6210.0 4419.0
9313.0 4711.0
4389.0 8592.0
5642.0 8688.0
5701.0 7798.0
8645.0 9302.0
1829.0 4715.0
5566.0 4170.0
1074.0 8718.0
4748.0 5660.0
1228.0 9337.0
8657.0 225.0
6955.0 4588.0
3971.0 5393.0
5021.0 2827.0
8387.0 9250.0
3182.0 9218.0
6174.0 9830.0
1055.0 519.0
7067.0 4287.0
3788.0 4224.0
5544.0 216.0
1843.0 783.0
74.0 4032.0
2735.0 9989.0
4422.0 3749.0
3026.0 5148.0
5543.0 6117.0
1398.0 1219.0
5157.0 398.0
6136.0 5502.0
4589.0 3756.0
2825.0 2042.0
4923.0 5580.0
594.0 3368.0
7035.0 670.0
7732.0 5696.0
8599.0 3631.0
9970.0 6243.0
7631.0 9372.0
7282.0 3776.0
4613.0 7113.0
7505.0 6017.0
7810.0 7738.0
7599.0 65.0
8817.0 6927.0
5885.0 4441.0
7928.0 8917.0
1051.0 3915.0
1367.0 8269.0
6279.0 698.0
5012.0 9565.0
9288.0 8217.0
1599.0 7371.0
1629.0 6008.0
1043.0 1383.0
3040.0 6937.0
5925.0 4105.0
9200.0 337.0
6705.0 991.0
3672.0 7216.0
3737.0 5370.0
7391.0 6150.0
5674.0 3109.0
1492.0 1034.0
6308.0 4321.0
1799.0 4253.0
4415.0 2071.0
5821.0 1481.0
3712.0 407.0
5541.0 6690.0
2451.0 6645.0
1832.0 8536.0
4747.0 5244.0
8841.0 1720.0
8193.0 3195.0
9117.0 9483.0
4864.0 9288.0
2860.0 5867.0
5232.0 2136.0
7047.0 8851.0
7107.0 4347.0
2809.0 8031.0
4156.0 2731.0
1862.0 2938.0
1061.0 6902.0
5288.0 667.0
4899.0 1197.0
532.0 3911.0
4809.0 7248.0
4901.0 3058.0
4538.0 7134.0
6383.0 8478.0
4884.0 9466.0
5142.0 1625.0
5667.0 3287.0
1460.0 6109.0
9252.0 7204.0
8503.0 2333.0
229.0 3591.0
663.0 1860.0
8284.0 283.0
874.0 147.0
3877.0 4593.0
2639.0 8737.0
8744.0 7121.0
5180.0 588.0
5840.0 5134.0
2429.0 4648.0
5775.0 7983.0
9287.0 8318.0
9296.0 9399.0
874.0 8924.0
7915.0 4051.0
3163.0 7841.0
7247.0 8268.0
5778.0 3400.0
94.0 7297.0
291.0 1224.0
8911.0 3974.0
9830.0 3081.0
9654.0 6199.0
8342.0 7946.0
1624.0 3107.0
284.0 1363.0
377.0 2277.0
4119.0 1761.0
3236.0 2929.0
5392.0 4839.0
9517.0 2423.0
7739.0 9671.0
19.0 5996.0
2608.0 2658.0
2840.0 2080.0
1080.0 7948.0
5103.0 8118.0
3527.0 5479.0
2669.0 4230.0
5501.0 244.0
2383.0 4635.0
614.0 8969.0
3945.0 9197.0
