1
512 1 3.0 0.0 1000.0 3 160 240 100

6.5 13.5 29.3 58.5
13.0 27.0 58.5 117.0
19.5 40.5 87.8 175.5
26.0 54.0 117.0 234.0
39.0 81.0 175.5 351.0
52.0 108.0 234.0 468.0
58.5 121.5 263.3 526.5
65.0 135.0 292.5 585.0
78.0 162.0 351.0 702.0
0.0 180.0 390.0 780.0

2.0 5.0 8.0 11.0
5.0 8.0 11.0 14.0
9.0 12.0 15.0 18.0
11.0 14.0 17.0 20.0
15.0 18.0 21.0 24.0
18.0 21.0 24.0 27.0
20.0 23.0 26.0 29.0
25.0 28.0 31.0 34.0
29.0 32.0 35.0 38.0
0.0 34.0 37.0 40.0

9342.0 7189.0
7705.0 7643.0
6922.0 1336.0
8228.0 7844.0
5323.0 7614.0
7807.0 9975.0
1000.0 6947.0
1798.0 4008.0
3281.0 8972.0
491.0 9273.0
5978.0 6118.0
6523.0 1203.0
1768.0 7987.0
1421.0 4887.0
149.0 2172.0
8312.0 7817.0
2302.0 152.0
385.0 6709.0
8677.0 9389.0
7180.0 5780.0
7619.0 5256.0
3263.0 6370.0
5859.0 8945.0
6357.0 286.0
4187.0 9968.0
4516.0 1753.0
4134.0 4404.0
4392.0 5351.0
3973.0 2503.0
5175.0 9831.0
4863.0 1799.0
5277.0 179.0
470.0 4354.0
1332.0 2822.0
5854.0 9271.0
1571.0 1356.0
3983.0 4098.0
8155.0 2669.0
653.0 1280.0
5533.0 5861.0
1171.0 8261.0
4393.0 8830.0
4591.0 2393.0
3270.0 9900.0
3846.0 4271.0
2402.0 4402.0
2586.0 5635.0
6879.0 8554.0
2035.0 465.0
8672.0 5556.0
3708.0 410.0
9610.0 1257.0
6289.0 8174.0
9865.0 9295.0
7498.0 5001.0
9031.0 8084.0
4266.0 882.0
9357.0 4531.0
7043.0 8631.0
3201.0 1869.0
6554.0 5445.0
9292.0 1486.0
3817.0 8097.0
4850.0 1136.0
6766.0 387.0
3144.0 4408.0
9268.0 3979.0
8568.0 8851.0
884.0 6270.0
3781.0 2613.0
8173.0 1412.0
6005.0 2003.0
867.0 3124.0
2042.0 4842.0
8746.0 431.0
4073.0 6991.0
7512.0 9954.0
823.0 1942.0
4507.0 892.0
1157.0 5844.0
7574.0 1321.0
9667.0 2865.0
2901.0 6954.0
6339.0 8253.0
146.0 5981.0
4859.0 8991.0
5686.0 6135.0
6624.0 4429.0
7294.0 2607.0
41.0 1765.0
6071.0 7945.0
7176.0 3777.0
3953.0 7576.0
2321.0 8661.0
7614.0 7076.0
9562.0 4394.0
2078.0 9824.0
8897.0 2462.0
9876.0 6175.0
3002.0 8383.0
4050.0 7776.0
9187.0 8861.0
5838.0 3178.0
3633.0 7993.0
352.0 3343.0
7469.0 7385.0
6073.0 8221.0
6769.0 7574.0
6486.0 7990.0
1025.0 634.0
4669.0 5119.0
7183.0 6352.0
4160.0 5877.0
8797.0 6848.0
1923.0 2413.0
2385.0 7033.0
1730.0 9064.0
5546.0 785.0
8783.0 8989.0
3914.0 5216.0
8895.0 9795.0
6523.0 7929.0
8049.0 9268.0
1639.0 4632.0
658.0 4845.0
7648.0 7008.0
7339.0 2968.0
6060.0 3205.0
5537.0 6940.0
6192.0 5845.0
8800.0 4431.0
3625.0 4928.0
3039.0 8248.0
6972.0 5514.0
589.0 6525.0
55.0 2564.0
5389.0 940.0
9049.0 7830.0
5106.0 4116.0
6666.0 6167.0
8520.0 9819.0
7942.0 1154.0
8987.0 2105.0
4713.0 2417.0
7315.0 2024.0
8338.0 9514.0
9850.0 3043.0
2735.0 9786.0
114.0 8798.0
2321.0 52.0
4805.0 9314.0
1902.0 4516.0
7474.0 4334.0
8101.0 3793.0
5718.0 4881.0
4383.0 2418.0
187.0 6685.0
4256.0 4726.0
6237.0 1615.0
9711.0 1495.0
1558.0 5745.0
4478.0 2215.0
5569.0 5183.0
4160.0 386.0
8940.0 3304.0
7829.0 1720.0
4020.0 5513.0
8131.0 7623.0
9526.0 172.0
9504.0 8850.0
5291.0 6828.0
6541.0 6715.0
5400.0 5369.0
7103.0 1726.0
535.0 2246.0
7226.0 2051.0
2845.0 2391.0
7410.0 6671.0
9165.0 7960.0
2347.0 625.0
907.0 7545.0
8676.0 2216.0
1427.0 1975.0
7807.0 4572.0
4221.0 5350.0
3418.0 6429.0
7726.0 2429.0
5671.0 9539.0
5093.0 6016.0
6722.0 2565.0
9711.0 472.0
4604.0 3864.0
9838.0 9985.0
5046.0 8031.0
8122.0 2727.0
3301.0 3582.0
4377.0 4548.0
547.0 1679.0
2386.0 8311.0
1943.0 8249.0
4094.0 7531.0
5901.0 4414.0
6980.0 5431.0
6645.0 2585.0
2947.0 3052.0
4636.0 8124.0
9544.0 2555.0
1920.0 8942.0
6839.0 4343.0
1979.0 7928.0
5761.0 9140.0
6152.0 5585.0
6246.0 8652.0
1198.0 2750.0
5984.0 948.0
5070.0 5801.0
3107.0 9204.0
466.0 9207.0
8629.0 4916.0
8238.0 2826.0
6961.0 9245.0
5220.0 3821.0
5322.0 8606.0
3547.0 5585.0
5357.0 3143.0
1037.0 8549.0
2805.0 9222.0
4713.0 265.0
3507.0 9570.0
2013.0 4638.0
6600.0 7200.0
6792.0 2698.0
8207.0 1748.0
9652.0 9792.0
1432.0 9362.0
4696.0 6571.0
1012.0 9769.0
7261.0 3669.0
3404.0 6651.0
9713.0 2449.0
5669.0 9981.0
4856.0 6691.0
8938.0 1423.0
9047.0 2627.0
4807.0 6452.0
9571.0 7177.0
5467.0 9320.0
3354.0 6796.0
889.0 9494.0
6580.0 1796.0
8892.0 709.0
7289.0 3532.0
6412.0 6265.0
5521.0 4342.0
2787.0 6693.0
8069.0 2605.0
8380.0 8439.0
7435.0 7826.0
4371.0 4686.0
7029.0 3106.0
2019.0 1948.0
7207.0 4893.0
2234.0 8572.0
9200.0 2398.0
8761.0 3788.0
6517.0 1552.0
818.0 8418.0
5884.0 886.0
3481.0 905.0
2297.0 9233.0
6663.0 4769.0
5246.0 7606.0
5991.0 6143.0
5700.0 165.0
1403.0 2508.0
5905.0 1635.0
1796.0 6267.0
6574.0 1066.0
6526.0 9288.0
8540.0 4320.0
7105.0 7053.0
8440.0 162.0
4888.0 3536.0
500.0 7336.0
3098.0 454.0
8988.0 2522.0
3984.0 7021.0
8421.0 1546.0
4454.0 8828.0
1070.0 8717.0
5983.0 7001.0
3857.0 1701.0
7137.0 1244.0
9206.0 1790.0
9514.0 2932.0
6909.0 1951.0
438.0 6853.0
6599.0 7560.0
8213.0 2757.0
2872.0 7172.0
8272.0 333.0
7656.0 3235.0
1026.0 3752.0
6879.0 5122.0
4743.0 4402.0
1014.0 9354.0
9274.0 2956.0
1566.0 4416.0
8952.0 4401.0
8080.0 37.0
5470.0 2163.0
2732.0 3314.0
4077.0 9953.0
2075.0 6572.0
8898.0 2485.0
8016.0 4337.0
5703.0 8679.0
2584.0 9307.0
2949.0 3491.0
3574.0 9701.0
4409.0 7003.0
618.0 2873.0
9213.0 1907.0
3773.0 2571.0
7618.0 3009.0
9181.0 9721.0
3331.0 4895.0
8884.0 9132.0
5701.0 6382.0
4349.0 6982.0
7604.0 2898.0
5789.0 6489.0
7339.0 411.0
1846.0 1645.0
5359.0 7055.0
6693.0 1378.0
9147.0 1068.0
4146.0 9060.0
2075.0 6190.0
842.0 4703.0
4548.0 8149.0
3061.0 9759.0
8264.0 8364.0
4254.0 6889.0
6911.0 3499.0
2857.0 9591.0
9111.0 2007.0
2455.0 9062.0
1946.0 1291.0
8865.0 8189.0
5874.0 1613.0
1219.0 5041.0
4358.0 5391.0
6601.0 749.0
4037.0 3008.0
324.0 9158.0
3749.0 8778.0
6402.0 8131.0
3227.0 3186.0
5308.0 4892.0
4796.0 50.0
8562.0 282.0
3882.0 9722.0
2240.0 9327.0
6666.0 1985.0
3974.0 7978.0
5683.0 4746.0
490.0 8431.0
6709.0 7187.0
5291.0 7886.0
2739.0 8493.0
8516.0 8151.0
3390.0 5789.0
3582.0 5948.0
533.0 7424.0
7651.0 6332.0
3494.0 234.0
5505.0 4082.0
9625.0 1914.0
8904.0 459.0
8581.0 2129.0
5983.0 5210.0
1111.0 8511.0
7768.0 6207.0
5698.0 6156.0
1386.0 1594.0
8845.0 1769.0
2027.0 1830.0
7355.0 6074.0
8232.0 1510.0
3408.0 645.0
7587.0 3353.0
5754.0 7767.0
2379.0 9224.0
2851.0 4473.0
7297.0 5595.0
6272.0 4386.0
3738.0 3302.0
5180.0 3503.0
7793.0 4008.0
5216.0 8543.0
1489.0 8232.0
7607.0 9011.0
9340.0 2339.0
6817.0 6586.0
4805.0 4371.0
7560.0 7987.0
3687.0 1105.0
4498.0 9939.0
4083.0 1210.0
445.0 7378.0
4923.0 1900.0
1390.0 8516.0
7686.0 8960.0
9171.0 2917.0
8354.0 2516.0
5109.0 1201.0
9188.0 3459.0
430.0 7515.0
2373.0 7878.0
1792.0 8404.0
131.0 9399.0
2736.0 4219.0
8345.0 1813.0
4387.0 1682.0
3288.0 6871.0
1220.0 8753.0
3504.0 4628.0
209.0 5431.0
1435.0 6232.0
4188.0 6614.0
1845.0 1515.0
2741.0 5655.0
6626.0 6297.0
6429.0 9751.0
8040.0 6770.0
2703.0 793.0
4986.0 842.0
4286.0 7807.0
9348.0 8840.0
3379.0 9629.0
2000.0 8434.0
7486.0 8934.0
540.0 1184.0
5194.0 1264.0
3318.0 579.0
2721.0 5178.0
6831.0 3958.0
4554.0 2162.0
6063.0 3193.0
3997.0 7434.0
9819.0 1518.0
1947.0 5265.0
5653.0 6387.0
4729.0 4970.0
1430.0 744.0
4293.0 6178.0
3121.0 7581.0
6607.0 4528.0
875.0 5186.0
6561.0 1425.0
7956.0 2932.0
205.0 3981.0
9610.0 27.0
7637.0 3777.0
1435.0 2080.0
2362.0 5580.0
9310.0 2871.0
5453.0 9647.0
5480.0 1225.0
5311.0 3750.0
7842.0 5346.0
6374.0 3555.0
2013.0 9515.0
2569.0 2478.0
8256.0 529.0
3843.0 4670.0
7818.0 3756.0
6588.0 7249.0
5774.0 1197.0
1280.0 413.0
9918.0 6442.0
3156.0 6573.0
7797.0 3887.0
4244.0 2137.0
6449.0 2112.0
7568.0 8070.0
1909.0 3790.0
6851.0 7875.0
8058.0 7017.0
7538.0 4123.0
6896.0 5449.0
7447.0 7158.0
4788.0 7113.0
7886.0 2117.0
1773.0 4296.0
8543.0 2902.0
3491.0 9376.0
1972.0 4227.0
7815.0 3994.0
6005.0 5372.0
735.0 1433.0
4891.0 1795.0
8595.0 4605.0
2504.0 3206.0
6223.0 4513.0
3425.0 9266.0
3040.0 6581.0
222.0 6517.0
1723.0 4727.0
7755.0 2698.0
6477.0 5571.0

9347.0 7193.0
7709.0 7648.0
6927.0 1341.0
8234.0 7849.0
5329.0 7620.0
7812.0 9981.0
1006.0 6951.0
1804.0 4013.0
3286.0 8978.0
496.0 9278.0
5982.0 6122.0
6528.0 1208.0
1772.0 7992.0
1426.0 4892.0
154.0 2176.0
8317.0 7823.0
2307.0 157.0
391.0 6714.0
8682.0 9395.0
7186.0 5785.0
7623.0 5261.0
3268.0 6376.0
5864.0 8950.0
6361.0 291.0
4192.0 9973.0
4522.0 1758.0
4140.0 4409.0
4398.0 5356.0
3978.0 2508.0
5180.0 9836.0
4869.0 1803.0
5282.0 185.0
474.0 4359.0
1337.0 2828.0
5859.0 9276.0
1576.0 1361.0
3988.0 4104.0
8160.0 2674.0
658.0 1285.0
5539.0 5866.0
1176.0 8267.0
4397.0 8835.0
4596.0 2398.0
3276.0 9906.0
3851.0 4277.0
2406.0 4408.0
2592.0 5640.0
6884.0 8559.0
2040.0 469.0
8678.0 5560.0
3713.0 415.0
9615.0 1262.0
6295.0 8179.0
9870.0 9300.0
7504.0 5006.0
9037.0 8088.0
4272.0 887.0
9362.0 4537.0
7048.0 8636.0
3206.0 1873.0
6559.0 5450.0
9297.0 1491.0
3821.0 8102.0
4855.0 1141.0
6770.0 391.0
3148.0 4413.0
9273.0 3985.0
8573.0 8856.0
889.0 6275.0
3785.0 2619.0
8179.0 1417.0
6010.0 2008.0
873.0 3129.0
2047.0 4848.0
8751.0 436.0
4078.0 6995.0
7517.0 9958.0
827.0 1947.0
4512.0 896.0
1161.0 5849.0
7580.0 1326.0
9672.0 2869.0
2905.0 6960.0
6345.0 8258.0
151.0 5985.0
4865.0 8996.0
5692.0 6139.0
6629.0 4435.0
7300.0 2613.0
46.0 1770.0
6076.0 7949.0
7180.0 3782.0
3957.0 7580.0
2326.0 8667.0
7620.0 7081.0
9567.0 4400.0
2082.0 9829.0
8901.0 2467.0
9881.0 6180.0
3008.0 8389.0
4055.0 7781.0
9192.0 8866.0
5843.0 3183.0
3637.0 7999.0
358.0 3349.0
7473.0 7389.0
6077.0 8226.0
6773.0 7580.0
6491.0 7995.0
1030.0 638.0
4673.0 5124.0
7189.0 6356.0
4164.0 5881.0
8802.0 6853.0
1929.0 2417.0
2389.0 7039.0
1735.0 9070.0
5551.0 789.0
8789.0 8994.0
3918.0 5221.0
8899.0 9800.0
6527.0 7935.0
8054.0 9273.0
1643.0 4638.0
663.0 4851.0
7654.0 7014.0
7343.0 2973.0
6065.0 3209.0
5542.0 6944.0
6197.0 5851.0
8805.0 4435.0
3631.0 4934.0
3044.0 8254.0
6978.0 5518.0
595.0 6530.0
59.0 2570.0
5394.0 945.0
9054.0 7835.0
5111.0 4122.0
6670.0 6171.0
8525.0 9824.0
7948.0 1159.0
8992.0 2110.0
4717.0 2421.0
7320.0 2029.0
8343.0 9519.0
9855.0 3049.0
2739.0 9790.0
120.0 8803.0
2325.0 56.0
4810.0 9319.0
1907.0 4522.0
7480.0 4338.0
8107.0 3798.0
5724.0 4885.0
4389.0 2423.0
192.0 6690.0
4261.0 4731.0
6242.0 1620.0
9716.0 1501.0
1564.0 5750.0
4483.0 2220.0
5575.0 5189.0
4165.0 392.0
8945.0 3309.0
7834.0 1725.0
4024.0 5518.0
8136.0 7628.0
9531.0 177.0
9510.0 8855.0
5296.0 6833.0
6545.0 6719.0
5405.0 5374.0
7109.0 1732.0
541.0 2252.0
7231.0 2056.0
2850.0 2396.0
7416.0 6675.0
9171.0 7965.0
2352.0 630.0
913.0 7550.0
8682.0 2222.0
1432.0 1980.0
7811.0 4577.0
4226.0 5354.0
3423.0 6434.0
7732.0 2435.0
5675.0 9545.0
5097.0 6021.0
6728.0 2569.0
9716.0 478.0
4609.0 3869.0
9843.0 9990.0
5050.0 8035.0
8128.0 2732.0
3306.0 3587.0
4382.0 4553.0
552.0 1684.0
2391.0 8316.0
1948.0 8254.0
4100.0 7536.0
5905.0 4420.0
6986.0 5437.0
6650.0 2589.0
2952.0 3057.0
4641.0 8129.0
9548.0 2560.0
1925.0 8947.0
6845.0 4347.0
1985.0 7933.0
5766.0 9144.0
6157.0 5590.0
6251.0 8656.0
1202.0 2756.0
5989.0 953.0
5075.0 5805.0
3112.0 9209.0
471.0 9212.0
8634.0 4920.0
8243.0 2831.0
6967.0 9250.0
5225.0 3827.0
5326.0 8611.0
3552.0 5590.0
5361.0 3148.0
1042.0 8554.0
2809.0 9227.0
4718.0 270.0
3512.0 9575.0
2019.0 4642.0
6605.0 7205.0
6796.0 2703.0
8211.0 1754.0
9658.0 9797.0
1436.0 9366.0
4702.0 6575.0
1018.0 9774.0
7265.0 3675.0
3410.0 6656.0
9718.0 2453.0
5674.0 9987.0
4862.0 6697.0
8944.0 1428.0
9051.0 2633.0
4813.0 6458.0
9575.0 7182.0
5472.0 9325.0
3359.0 6801.0
895.0 9500.0
6585.0 1801.0
8897.0 714.0
7294.0 3538.0
6417.0 6269.0
5525.0 4346.0
2792.0 6699.0
8074.0 2610.0
8384.0 8444.0
7440.0 7832.0
4376.0 4692.0
7034.0 3111.0
2025.0 1953.0
7213.0 4899.0
2240.0 8578.0
9204.0 2403.0
8766.0 3794.0
6523.0 1557.0
823.0 8424.0
5888.0 891.0
3485.0 911.0
2301.0 9239.0
6667.0 4774.0
5250.0 7610.0
5996.0 6149.0
5705.0 170.0
1409.0 2514.0
5910.0 1640.0
1801.0 6273.0
6579.0 1071.0
6530.0 9292.0
8545.0 4325.0
7110.0 7058.0
8445.0 166.0
4892.0 3541.0
506.0 7341.0
3103.0 459.0
8993.0 2526.0
3988.0 7027.0
8426.0 1551.0
4459.0 8834.0
1075.0 8723.0
5987.0 7007.0
3863.0 1707.0
7141.0 1248.0
9212.0 1795.0
9518.0 2937.0
6915.0 1956.0
443.0 6858.0
6603.0 7566.0
8219.0 2761.0
2878.0 7177.0
8277.0 339.0
7661.0 3240.0
1030.0 3757.0
6884.0 5128.0
4747.0 4408.0
1019.0 9360.0
9280.0 2961.0
1571.0 4420.0
8956.0 4407.0
8086.0 43.0
5476.0 2168.0
2738.0 3319.0
4082.0 9958.0
2080.0 6577.0
8903.0 2489.0
8021.0 4343.0
5707.0 8684.0
2589.0 9312.0
2955.0 3497.0
3578.0 9707.0
4414.0 7008.0
623.0 2878.0
9218.0 1913.0
3778.0 2576.0
7623.0 3014.0
9187.0 9726.0
3337.0 4900.0
8889.0 9137.0
5707.0 6387.0
4353.0 6987.0
7608.0 2902.0
5794.0 6494.0
7344.0 415.0
1850.0 1650.0
5364.0 7060.0
6698.0 1384.0
9152.0 1073.0
4152.0 9065.0
2079.0 6195.0
848.0 4707.0
4552.0 8153.0
3066.0 9763.0
8270.0 8368.0
4259.0 6893.0
6915.0 3503.0
2863.0 9597.0
9116.0 2012.0
2460.0 9066.0
1950.0 1296.0
8869.0 8193.0
5880.0 1619.0
1224.0 5046.0
4363.0 5396.0
6606.0 755.0
4042.0 3012.0
329.0 9163.0
3753.0 8783.0
6407.0 8135.0
3231.0 3191.0
5313.0 4898.0
4801.0 56.0
8567.0 286.0
3888.0 9727.0
2245.0 9332.0
6672.0 1990.0
3980.0 7984.0
5688.0 4750.0
495.0 8436.0
6713.0 7193.0
5295.0 7892.0
2743.0 8497.0
8522.0 8155.0
3395.0 5793.0
3587.0 5952.0
538.0 7430.0
7657.0 6336.0
3499.0 240.0
5509.0 4088.0
9631.0 1919.0
8910.0 465.0
8585.0 2135.0
5987.0 5215.0
1116.0 8515.0
7773.0 6212.0
5702.0 6160.0
1392.0 1598.0
8850.0 1774.0
2031.0 1835.0
7359.0 6079.0
8237.0 1514.0
3413.0 649.0
7592.0 3357.0
5760.0 7772.0
2384.0 9228.0
2855.0 4478.0
7303.0 5600.0
6278.0 4391.0
3743.0 3307.0
5185.0 3508.0
7797.0 4013.0
5220.0 8548.0
1494.0 8237.0
7611.0 9017.0
9345.0 2345.0
6822.0 6590.0
4811.0 4375.0
7566.0 7993.0
3692.0 1110.0
4503.0 9945.0
4088.0 1214.0
450.0 7383.0
4929.0 1904.0
1395.0 8521.0
7691.0 8964.0
9176.0 2921.0
8358.0 2521.0
5115.0 1206.0
9193.0 3464.0
436.0 7520.0
2379.0 7884.0
1797.0 8409.0
136.0 9405.0
2742.0 4223.0
8349.0 1817.0
4392.0 1688.0
3293.0 6876.0
1225.0 8758.0
3508.0 4632.0
213.0 5436.0
1440.0 6237.0
4194.0 6619.0
1851.0 1520.0
2745.0 5660.0
6632.0 6301.0
6433.0 9757.0
8044.0 6775.0
2707.0 797.0
4991.0 846.0
4292.0 7811.0
9353.0 8846.0
3384.0 9634.0
2005.0 8438.0
7491.0 8939.0
545.0 1188.0
5198.0 1270.0
3322.0 583.0
2726.0 5182.0
6836.0 3963.0
4559.0 2167.0
6069.0 3198.0
4002.0 7438.0
9823.0 1524.0
1951.0 5270.0
5658.0 6392.0
4733.0 4976.0
1434.0 749.0
4299.0 6183.0
3126.0 7587.0
6611.0 4532.0
880.0 5191.0
6565.0 1430.0
7960.0 2937.0
210.0 3985.0
9615.0 33.0
7641.0 3782.0
1441.0 2084.0
2366.0 5586.0
9314.0 2877.0
5459.0 9651.0
5485.0 1230.0
5316.0 3754.0
7846.0 5352.0
6379.0 3560.0
2017.0 9520.0
2575.0 2483.0
8261.0 535.0
3848.0 4674.0
7824.0 3760.0
6592.0 7253.0
5780.0 1203.0
1285.0 418.0
9924.0 6447.0
3162.0 6577.0
7803.0 3891.0
4248.0 2141.0
6453.0 2117.0
7573.0 8076.0
1915.0 3795.0
6855.0 7879.0
8063.0 7022.0
7543.0 4129.0
6902.0 5455.0
7452.0 7163.0
4792.0 7118.0
7890.0 2123.0
1778.0 4300.0
8548.0 2906.0
3495.0 9380.0
1976.0 4232.0
7820.0 3999.0
6010.0 5377.0
739.0 1439.0
4896.0 1799.0
8600.0 4609.0
2509.0 3210.0
6228.0 4518.0
3430.0 9272.0
3044.0 6587.0
227.0 6522.0
1727.0 4733.0
7759.0 2704.0
6482.0 5576.0
