1
512 1 3.0 0.0 1000.0 3 160 240 100

6.5 13.5 29.3 58.5
13.0 27.0 58.5 117.0
19.5 40.5 87.8 175.5
26.0 54.0 117.0 234.0
39.0 81.0 175.5 351.0
52.0 108.0 234.0 468.0
58.5 121.5 263.3 526.5
65.0 135.0 292.5 585.0
78.0 162.0 351.0 702.0
0.0 180.0 390.0 780.0

2.0 5.0 8.0 11.0
5.0 8.0 11.0 14.0
9.0 12.0 15.0 18.0
11.0 14.0 17.0 20.0
15.0 18.0 21.0 24.0
18.0 21.0 24.0 27.0
20.0 23.0 26.0 29.0
25.0 28.0 31.0 34.0
29.0 32.0 35.0 38.0
0.0 34.0 37.0 40.0

3069.0 3714.0
8717.0 6451.0
3040.0 4711.0
5779.0 5501.0
1525.0 2420.0
1027.0 3148.0
4667.0 9766.0
2755.0 8061.0
358.0 1976.0
4079.0 8496.0
4386.0 6436.0
9893.0 9820.0
9344.0 2853.0
2936.0 8845.0
7122.0 9857.0
6035.0 7356.0
8296.0 6675.0
103.0 9717.0
4247.0 1007.0
9952.0 1922.0
316.0 6741.0
2501.0 2007.0
830.0 7637.0
4445.0 4168.0
9307.0 5615.0
8951.0 1497.0
9660.0 4776.0
3461.0 4698.0
6741.0 4792.0
3162.0 6688.0
7012.0 9800.0
7204.0 5437.0
2690.0 1425.0
7227.0 9962.0
5179.0 7076.0
270.0 6826.0
6103.0 7134.0
634.0 7055.0
6765.0 7176.0
7773.0 5830.0
9357.0 3871.0
9773.0 9856.0
5728.0 5659.0
4495.0 9775.0
2051.0 1874.0
2960.0 7523.0
184.0 6424.0
2030.0 995.0
9068.0 4671.0
5968.0 919.0
1970.0 4635.0
8945.0 7308.0
7890.0 6169.0
3060.0 5375.0
7964.0 4216.0
8945.0 3308.0
170.0 4808.0
8533.0 6763.0
8164.0 4913.0
2044.0 7480.0
2566.0 9785.0
3775.0 5896.0
5519.0 3932.0
3751.0 131.0
1830.0 4349.0
4821.0 6248.0
2528.0 7140.0
7254.0 7146.0
9152.0 1166.0
5421.0 9993.0
9587.0 4845.0
3620.0 4560.0
8771.0 4754.0
621.0 7362.0
100.0 7139.0
5000.0 8957.0
5834.0 5993.0
5837.0 4326.0
7345.0 3815.0
5837.0 8678.0
8514.0 3695.0
6456.0 3594.0
8099.0 3852.0
7093.0 865.0
9397.0 8255.0
2929.0 3935.0
8020.0 9473.0
8471.0 9307.0
1108.0 2367.0
6382.0 2815.0
3788.0 9773.0
3656.0 8125.0
1213.0 3808.0
9726.0 7365.0
7000.0 8915.0
3553.0 6260.0
1368.0 5303.0
9285.0 8653.0
4831.0 3897.0
2545.0 7795.0
5728.0 6443.0
1924.0 4294.0
2443.0 6890.0
2747.0 3092.0
3614.0 2691.0
2684.0 4368.0
2160.0 7149.0
1275.0 5743.0
1443.0 6447.0
7935.0 5662.0
4394.0 7488.0
5523.0 354.0
8905.0 5186.0
9025.0 9233.0
5333.0 331.0
1442.0 6140.0
4408.0 1670.0
1440.0 6293.0
6388.0 8331.0
9834.0 1343.0
4774.0 1225.0
4481.0 7408.0
395.0 4559.0
5649.0 3471.0
4200.0 1091.0
6433.0 26.0
9571.0 7264.0
5289.0 356.0
7468.0 6843.0
254.0 9318.0
241.0 4202.0
6926.0 7032.0
2419.0 878.0
4770.0 7342.0
9304.0 1539.0
8823.0 3438.0
6682.0 7983.0
6371.0 5529.0
7476.0 2320.0
660.0 7934.0
3664.0 2956.0
6222.0 5488.0
4276.0 9511.0
2876.0 1640.0
2794.0 5316.0
7982.0 3128.0
9778.0 8609.0
9013.0 8602.0
9028.0 6070.0
1022.0 1106.0
8117.0 4824.0
6065.0 6766.0
6606.0 1554.0
4162.0 4594.0
7757.0 9834.0
7847.0 4782.0
2078.0 9348.0
4909.0 5362.0
3509.0 3101.0
6356.0 9626.0
1575.0 1260.0
9206.0 9183.0
5318.0 2771.0
6152.0 38.0
7346.0 8371.0
6685.0 1567.0
8796.0 1132.0
6740.0 788.0
8552.0 3168.0
6433.0 6798.0
2523.0 9648.0
7964.0 2756.0
1313.0 3730.0
8259.0 5309.0
7097.0 8565.0
3406.0 3833.0
3019.0 4996.0
4478.0 4368.0
949.0 6083.0
6794.0 5646.0
5895.0 2096.0
7195.0 7081.0
7913.0 2098.0
6416.0 1102.0
4824.0 758.0
6098.0 4727.0
1553.0 1522.0
2546.0 7746.0
4430.0 9781.0
1764.0 7402.0
1247.0 2163.0
2875.0 1951.0
417.0 582.0
9465.0 7989.0
5032.0 2182.0
947.0 8918.0
165.0 8807.0
8491.0 4448.0
4206.0 2119.0
2610.0 3503.0
7587.0 3021.0
1969.0 5425.0
4684.0 6488.0
5468.0 6858.0
7241.0 5463.0
2203.0 4181.0
118.0 9941.0
6342.0 3898.0
2700.0 9871.0
6512.0 5842.0
1769.0 3011.0
1746.0 6589.0
4181.0 1378.0
8580.0 2971.0
142.0 2409.0
6358.0 8048.0
431.0 3481.0
313.0 4456.0
3372.0 911.0
4511.0 2473.0
9874.0 7078.0
9203.0 2725.0
7377.0 1797.0
9684.0 5886.0
6006.0 6573.0
6203.0 4273.0
2761.0 2875.0
7008.0 2703.0
2063.0 8057.0
9102.0 8516.0
3477.0 5064.0
3766.0 3118.0
9932.0 4553.0
6422.0 9962.0
2252.0 556.0
2921.0 6312.0
8332.0 3336.0
6806.0 8706.0
7762.0 5542.0
4635.0 4479.0
5240.0 323.0
8925.0 4238.0
8571.0 2512.0
800.0 2673.0
9590.0 6530.0
6890.0 7579.0
8825.0 7125.0
7584.0 9479.0
7215.0 1602.0
6172.0 6732.0
708.0 4647.0
977.0 3498.0
6059.0 9413.0
5027.0 459.0
8648.0 962.0
346.0 660.0
5638.0 735.0
6433.0 5371.0
289.0 3150.0
5000.0 7346.0
5761.0 7980.0
5533.0 1346.0
9212.0 4640.0
8761.0 4344.0
9516.0 7010.0
7584.0 258.0
4427.0 9932.0
7547.0 6617.0
5502.0 1016.0
1418.0 3037.0
1607.0 3882.0
4954.0 3890.0
4326.0 1472.0
3407.0 42.0
1092.0 569.0
858.0 7062.0
4360.0 1154.0
6937.0 9757.0
7645.0 6727.0
8009.0 5439.0
1746.0 4235.0
2389.0 803.0
6967.0 4741.0
1653.0 9781.0
9670.0 8445.0
2632.0 2281.0
3970.0 227.0
7141.0 6174.0
1890.0 4303.0
9019.0 7421.0
7810.0 9168.0
560.0 5723.0
5514.0 6421.0
2890.0 5566.0
8671.0 9633.0
7369.0 5063.0
8050.0 1876.0
7589.0 7460.0
1317.0 3054.0
4036.0 2692.0
3702.0 657.0
5983.0 8875.0
391.0 85.0
7693.0 6120.0
3929.0 3171.0
8492.0 7540.0
2482.0 6023.0
8792.0 4846.0
7262.0 9838.0
6624.0 8406.0
9941.0 803.0
1767.0 4150.0
3376.0 7734.0
7021.0 2217.0
1460.0 8561.0
8715.0 4703.0
6424.0 9323.0
1011.0 2415.0
4408.0 1772.0
1071.0 3005.0
2625.0 8251.0
4667.0 5357.0
3926.0 4953.0
4297.0 7636.0
7110.0 7210.0
4377.0 8850.0
3772.0 2938.0
584.0 6333.0
5029.0 2872.0
2918.0 4016.0
3937.0 8724.0
4552.0 8881.0
1915.0 2898.0
1041.0 5469.0
9.0 5890.0
6964.0 833.0
8301.0 14.0
9560.0 4816.0
9296.0 579.0
1445.0 3038.0
3599.0 8155.0
6955.0 2475.0
8710.0 8057.0
9213.0 2005.0
4242.0 5684.0
7473.0 2820.0
9408.0 8840.0
6813.0 6071.0
1070.0 679.0
4751.0 7638.0
3188.0 9392.0
1859.0 2402.0
986.0 3289.0
5931.0 2912.0
5647.0 2389.0
1789.0 9809.0
7868.0 164.0
1294.0 3923.0
1092.0 1563.0
623.0 2384.0
7731.0 5952.0
4399.0 3671.0
4214.0 6104.0
8729.0 8954.0
3158.0 6867.0
7728.0 9619.0
3515.0 9644.0
599.0 3365.0
1978.0 1327.0
8838.0 3752.0
1498.0 8801.0
5632.0 575.0
5211.0 2666.0
2025.0 963.0
6608.0 6302.0
6923.0 3572.0
9264.0 8911.0
495.0 757.0
1940.0 3671.0
3064.0 6115.0
7391.0 4632.0
4036.0 7270.0
5692.0 8489.0
7948.0 6290.0
5403.0 9862.0
7208.0 2618.0
8392.0 1222.0
3585.0 5892.0
6644.0 1088.0
3035.0 8557.0
1866.0 6628.0
921.0 621.0
1218.0 9310.0
7204.0 1470.0
4979.0 4718.0
3671.0 6102.0
4480.0 175.0
7775.0 5671.0
1121.0 6306.0
153.0 4727.0
9780.0 1174.0
5396.0 30.0
2460.0 8116.0
8136.0 8316.0
466.0 918.0
9029.0 2917.0
5950.0 2463.0
7693.0 1592.0
6145.0 5475.0
2181.0 472.0
6092.0 6508.0
7059.0 1489.0
8204.0 6788.0
4645.0 3185.0
9461.0 6078.0
6504.0 7267.0
9585.0 8152.0
4744.0 5807.0
5986.0 9059.0
5206.0 6457.0
3823.0 1770.0
7092.0 5574.0
1987.0 3362.0
6136.0 1623.0
8333.0 3374.0
852.0 3756.0
9974.0 4450.0
3953.0 2941.0
6965.0 8921.0
3509.0 5522.0
197.0 7447.0
900.0 1605.0
6811.0 8356.0
5151.0 3131.0
8964.0 8811.0
5714.0 9047.0
4269.0 1443.0
8254.0 7434.0
8708.0 2575.0
540.0 6982.0
5370.0 674.0
7974.0 2708.0
4811.0 6166.0
858.0 3271.0
5358.0 6240.0
7954.0 9803.0
4195.0 785.0
3410.0 8603.0
2529.0 8078.0
6629.0 2608.0
666.0 1369.0
7140.0 9000.0
1327.0 9987.0
9051.0 2844.0
2007.0 1108.0
2145.0 9142.0
9705.0 809.0
9205.0 8171.0
3847.0 5547.0
1621.0 1510.0
5728.0 7692.0
7853.0 8618.0
5272.0 1250.0
1835.0 6355.0
8455.0 6409.0
868.0 6334.0
1199.0 4036.0
5090.0 7475.0
8056.0 3761.0
3085.0 3657.0
6511.0 1786.0
703.0 8831.0
209.0 7040.0
2660.0 4506.0
6948.0 6822.0
8993.0 6963.0
9736.0 5565.0
932.0 4093.0
1751.0 2850.0
3272.0 4244.0
8510.0 9295.0
2799.0 1951.0
3072.0 1481.0
4852.0 7941.0
2610.0 9501.0
2593.0 3287.0
7135.0 3318.0
6045.0 104.0
3743.0 6517.0
475.0 3657.0
2158.0 8616.0
6191.0 3275.0
9920.0 9557.0
4327.0 1952.0
8032.0 2507.0
5675.0 7010.0
382.0 3606.0
2154.0 6717.0
2760.0 9801.0
2962.0 234.0
9799.0 8378.0
2.0 780.0
649.0 4355.0
9640.0 4401.0
6715.0 4343.0
372.0 9208.0
7266.0 8015.0
8464.0 2490.0
1255.0 829.0
6147.0 5575.0
6145.0 4119.0
9417.0 8809.0

3073.0 3719.0
8723.0 6456.0
3044.0 4716.0
5784.0 5506.0
1531.0 2425.0
1031.0 3153.0
4672.0 9771.0
2760.0 8067.0
362.0 1981.0
4085.0 8501.0
4390.0 6440.0
9898.0 9825.0
9348.0 2858.0
2941.0 8851.0
7126.0 9862.0
6041.0 7362.0
8302.0 6680.0
108.0 9722.0
4252.0 1013.0
9957.0 1927.0
320.0 6745.0
2505.0 2012.0
835.0 7642.0
4450.0 4174.0
9311.0 5620.0
8957.0 1501.0
9665.0 4780.0
3466.0 4702.0
6747.0 4797.0
3167.0 6693.0
7018.0 9805.0
7210.0 5442.0
2696.0 1430.0
7232.0 9967.0
5183.0 7080.0
274.0 6830.0
6108.0 7139.0
640.0 7060.0
6770.0 7180.0
7778.0 5836.0
9362.0 3877.0
9779.0 9862.0
5733.0 5663.0
4499.0 9779.0
2057.0 1878.0
2965.0 7527.0
188.0 6429.0
2035.0 1001.0
9073.0 4677.0
5973.0 924.0
1974.0 4640.0
8949.0 7312.0
7895.0 6173.0
3065.0 5379.0
7969.0 4221.0
8950.0 3313.0
174.0 4813.0
8537.0 6767.0
8169.0 4918.0
2048.0 7485.0
2570.0 9790.0
3779.0 5901.0
5524.0 3938.0
3756.0 137.0
1835.0 4354.0
4826.0 6254.0
2534.0 7145.0
7260.0 7151.0
9157.0 1172.0
5426.0 9999.0
9592.0 4851.0
3625.0 4566.0
8776.0 4758.0
626.0 7366.0
105.0 7143.0
5004.0 8962.0
5839.0 5998.0
5842.0 4332.0
7349.0 3820.0
5842.0 8683.0
8519.0 3701.0
6461.0 3598.0
8105.0 3857.0
7098.0 871.0
9403.0 8260.0
2934.0 3939.0
8024.0 9479.0
8476.0 9313.0
1113.0 2372.0
6388.0 2819.0
3794.0 9779.0
3661.0 8129.0
1217.0 3813.0
9731.0 7369.0
7006.0 8920.0
3558.0 6264.0
1373.0 5308.0
9290.0 8658.0
4835.0 3902.0
2551.0 7799.0
5733.0 6448.0
1929.0 4299.0
2448.0 6896.0
2752.0 3098.0
3620.0 2695.0
2688.0 4372.0
2166.0 7154.0
1280.0 5748.0
1448.0 6451.0
7939.0 5666.0
4398.0 7492.0
5529.0 360.0
8910.0 5190.0
9031.0 9238.0
5338.0 336.0
1446.0 6145.0
4412.0 1675.0
1445.0 6297.0
6393.0 8336.0
9839.0 1347.0
4779.0 1229.0
4485.0 7413.0
400.0 4564.0
5655.0 3476.0
4206.0 1097.0
6438.0 32.0
9575.0 7268.0
5294.0 360.0
7472.0 6848.0
259.0 9323.0
246.0 4206.0
6931.0 7037.0
2424.0 883.0
4776.0 7347.0
9309.0 1544.0
8828.0 3444.0
6688.0 7987.0
6377.0 5534.0
7481.0 2324.0
666.0 7939.0
3669.0 2962.0
6228.0 5493.0
4281.0 9516.0
2881.0 1644.0
2800.0 5321.0
7987.0 3133.0
9784.0 8613.0
9018.0 8606.0
9033.0 6075.0
1027.0 1110.0
8122.0 4830.0
6071.0 6771.0
6611.0 1560.0
4168.0 4599.0
7763.0 9839.0
7852.0 4787.0
2083.0 9353.0
4914.0 5366.0
3514.0 3107.0
6362.0 9632.0
1580.0 1265.0
9211.0 9188.0
5323.0 2776.0
6158.0 44.0
7351.0 8375.0
6691.0 1571.0
8801.0 1137.0
6745.0 793.0
8557.0 3173.0
6439.0 6803.0
2528.0 9653.0
7969.0 2761.0
1317.0 3735.0
8263.0 5315.0
7103.0 8570.0
3411.0 3838.0
3023.0 5000.0
4483.0 4372.0
954.0 6089.0
6800.0 5651.0
5900.0 2101.0
7199.0 7086.0
7919.0 2103.0
6421.0 1107.0
4829.0 763.0
6103.0 4732.0
1559.0 1528.0
2551.0 7751.0
4434.0 9785.0
1768.0 7407.0
1253.0 2168.0
2879.0 1957.0
421.0 586.0
9469.0 7994.0
5037.0 2187.0
951.0 8923.0
170.0 8813.0
8497.0 4452.0
4211.0 2123.0
2615.0 3507.0
7593.0 3025.0
1973.0 5429.0
4689.0 6493.0
5473.0 6863.0
7246.0 5468.0
2209.0 4186.0
124.0 9945.0
6347.0 3903.0
2705.0 9876.0
6518.0 5847.0
1773.0 3016.0
1751.0 6594.0
4186.0 1383.0
8584.0 2976.0
147.0 2414.0
6362.0 8053.0
436.0 3486.0
318.0 4461.0
3376.0 916.0
4517.0 2477.0
9879.0 7084.0
9207.0 2730.0
7381.0 1801.0
9689.0 5891.0
6011.0 6578.0
6208.0 4279.0
2765.0 2879.0
7013.0 2708.0
2068.0 8062.0
9106.0 8522.0
3481.0 5069.0
3771.0 3123.0
9936.0 4558.0
6426.0 9967.0
2257.0 560.0
2925.0 6317.0
8337.0 3341.0
6812.0 8711.0
7768.0 5548.0
4639.0 4485.0
5245.0 327.0
8930.0 4244.0
8577.0 2516.0
805.0 2678.0
9595.0 6534.0
6896.0 7583.0
8830.0 7130.0
7589.0 9484.0
7220.0 1608.0
6178.0 6736.0
713.0 4652.0
982.0 3502.0
6063.0 9418.0
5032.0 464.0
8652.0 968.0
350.0 665.0
5643.0 740.0
6437.0 5375.0
295.0 3156.0
5006.0 7351.0
5766.0 7985.0
5539.0 1352.0
9217.0 4646.0
8766.0 4349.0
9521.0 7014.0
7589.0 263.0
4433.0 9938.0
7553.0 6622.0
5507.0 1021.0
1423.0 3043.0
1613.0 3887.0
4959.0 3896.0
4330.0 1478.0
3412.0 48.0
1097.0 573.0
863.0 7067.0
4364.0 1159.0
6941.0 9761.0
7651.0 6731.0
8014.0 5445.0
1752.0 4240.0
2394.0 808.0
6972.0 4747.0
1657.0 9786.0
9674.0 8450.0
2637.0 2287.0
3974.0 233.0
7146.0 6178.0
1895.0 4309.0
9024.0 7427.0
7814.0 9173.0
566.0 5728.0
5518.0 6426.0
2894.0 5570.0
8676.0 9638.0
7375.0 5068.0
8054.0 1880.0
7594.0 7465.0
1322.0 3059.0
4040.0 2697.0
3708.0 663.0
5989.0 8879.0
397.0 89.0
7698.0 6125.0
3934.0 3176.0
8497.0 7544.0
2488.0 6029.0
8796.0 4850.0
7267.0 9842.0
6630.0 8410.0
9946.0 808.0
1773.0 4154.0
3382.0 7738.0
7026.0 2222.0
1465.0 8565.0
8720.0 4708.0
6428.0 9327.0
1017.0 2420.0
4414.0 1776.0
1076.0 3010.0
2631.0 8257.0
4671.0 5362.0
3932.0 4959.0
4302.0 7642.0
7114.0 7215.0
4381.0 8855.0
3777.0 2943.0
589.0 6338.0
5034.0 2878.0
2922.0 4021.0
3943.0 8728.0
4558.0 8887.0
1920.0 2902.0
1045.0 5474.0
14.0 5896.0
6968.0 839.0
8306.0 19.0
9565.0 4822.0
9302.0 585.0
1450.0 3044.0
3605.0 8160.0
6960.0 2480.0
8715.0 8061.0
9218.0 2010.0
4248.0 5688.0
7478.0 2825.0
9413.0 8844.0
6817.0 6076.0
1075.0 684.0
4756.0 7643.0
3193.0 9398.0
1865.0 2408.0
991.0 3293.0
5936.0 2917.0
5652.0 2395.0
1794.0 9813.0
7872.0 170.0
1300.0 3929.0
1098.0 1569.0
628.0 2390.0
7735.0 5957.0
4404.0 3676.0
4218.0 6109.0
8733.0 8960.0
3164.0 6871.0
7733.0 9623.0
3520.0 9649.0
605.0 3370.0
1983.0 1331.0
8843.0 3756.0
1503.0 8806.0
5638.0 580.0
5217.0 2671.0
2030.0 967.0
6612.0 6307.0
6928.0 3578.0
9269.0 8916.0
500.0 763.0
1946.0 3676.0
3068.0 6119.0
7396.0 4638.0
4041.0 7275.0
5697.0 8494.0
7953.0 6295.0
5409.0 9868.0
7213.0 2623.0
8397.0 1227.0
3590.0 5898.0
6649.0 1094.0
3040.0 8561.0
1870.0 6633.0
926.0 626.0
1222.0 9315.0
7208.0 1474.0
4984.0 4723.0
3676.0 6108.0
4484.0 179.0
7780.0 5675.0
1126.0 6311.0
158.0 4732.0
9786.0 1179.0
5401.0 35.0
2465.0 8121.0
8142.0 8321.0
470.0 924.0
9034.0 2921.0
5956.0 2469.0
7697.0 1596.0
6151.0 5479.0
2187.0 478.0
6098.0 6512.0
7064.0 1495.0
8210.0 6793.0
4651.0 3189.0
9465.0 6082.0
6509.0 7272.0
9589.0 8157.0
4749.0 5813.0
5992.0 9064.0
5211.0 6463.0
3829.0 1776.0
7098.0 5580.0
1993.0 3367.0
6142.0 1628.0
8338.0 3378.0
857.0 3760.0
9980.0 4455.0
3958.0 2945.0
6969.0 8927.0
3514.0 5528.0
202.0 7452.0
904.0 1610.0
6817.0 8362.0
5157.0 3135.0
8968.0 8815.0
5720.0 9053.0
4273.0 1449.0
8259.0 7439.0
8713.0 2579.0
545.0 6988.0
5376.0 679.0
7980.0 2713.0
4815.0 6172.0
863.0 3277.0
5363.0 6244.0
7959.0 9808.0
4200.0 791.0
3414.0 8609.0
2534.0 8083.0
6633.0 2614.0
671.0 1374.0
7145.0 9005.0
1331.0 9992.0
9056.0 2850.0
2012.0 1113.0
2149.0 9146.0
9709.0 814.0
9211.0 8176.0
3852.0 5552.0
1626.0 1515.0
5733.0 7696.0
7857.0 8623.0
5278.0 1256.0
1840.0 6361.0
8459.0 6414.0
872.0 6338.0
1204.0 4041.0
5095.0 7480.0
8061.0 3767.0
3090.0 3662.0
6516.0 1791.0
708.0 8836.0
213.0 7046.0
2665.0 4511.0
6954.0 6827.0
8997.0 6969.0
9742.0 5570.0
936.0 4097.0
1757.0 2856.0
3277.0 4249.0
8515.0 9300.0
2804.0 1957.0
3077.0 1485.0
4857.0 7946.0
2614.0 9506.0
2599.0 3292.0
7140.0 3324.0
6049.0 109.0
3748.0 6521.0
480.0 3663.0
2162.0 8621.0
6196.0 3281.0
9926.0 9563.0
4332.0 1958.0
8037.0 2512.0
5681.0 7015.0
386.0 3611.0
2159.0 6722.0
2766.0 9806.0
2967.0 240.0
9803.0 8382.0
7.0 784.0
654.0 4359.0
9644.0 4406.0
6721.0 4349.0
377.0 9214.0
7271.0 8020.0
8469.0 2495.0
1260.0 833.0
6151.0 5580.0
6150.0 4124.0
9422.0 8813.0
