1
512 1 3.0 0.0 1000.0 3 160 240 100

6.5 13.5 29.3 58.5
13.0 27.0 58.5 117.0
19.5 40.5 87.8 175.5
26.0 54.0 117.0 234.0
39.0 81.0 175.5 351.0
52.0 108.0 234.0 468.0
58.5 121.5 263.3 526.5
65.0 135.0 292.5 585.0
78.0 162.0 351.0 702.0
0.0 180.0 390.0 780.0

2.0 5.0 8.0 11.0
5.0 8.0 11.0 14.0
9.0 12.0 15.0 18.0
11.0 14.0 17.0 20.0
15.0 18.0 21.0 24.0
18.0 21.0 24.0 27.0
20.0 23.0 26.0 29.0
25.0 28.0 31.0 34.0
29.0 32.0 35.0 38.0
0.0 34.0 37.0 40.0

9901.0 3502.0
1189.0 9196.0
6128.0 5677.0
9235.0 4384.0
6135.0 7254.0
7547.0 5160.0
6063.0 4820.0
362.0 304.0
4596.0 5318.0
343.0 1550.0
4733.0 6533.0
1161.0 1738.0
8316.0 7876.0
9184.0 9774.0
4149.0 7613.0
1346.0 4780.0
3015.0 5164.0
8772.0 4322.0
5418.0 9605.0
8213.0 4098.0
362.0 8004.0
5883.0 8961.0
6004.0 9735.0
748.0 7671.0
5481.0 5386.0
6850.0 6250.0
3745.0 1410.0
6734.0 7332.0
3724.0 4138.0
547.0 5377.0
2622.0 9295.0
7874.0 146.0
1694.0 5653.0
1893.0 3314.0
5293.0 3948.0
7912.0 5597.0
7534.0 4696.0
854.0 4294.0
7378.0 1041.0
8772.0 3602.0
5465.0 5272.0
1956.0 2610.0
8511.0 136.0
9701.0 8341.0
9592.0 8576.0
9310.0 3729.0
5140.0 8045.0
4411.0 2913.0
1957.0 8002.0
2134.0 8732.0
89.0 1750.0
1247.0 9805.0
9856.0 6227.0
5797.0 7071.0
3880.0 5898.0
1346.0 2186.0
7415.0 9369.0
3357.0 2646.0
2809.0 9866.0
9812.0 1023.0
6419.0 3206.0
2620.0 8205.0
8785.0 9395.0
4899.0 3010.0
1406.0 6478.0
3693.0 3064.0
5917.0 7795.0
196.0 4327.0
4006.0 6247.0
2057.0 9144.0
8871.0 1725.0
4830.0 5210.0
1556.0 333.0
2143.0 329.0
7975.0 6529.0
6663.0 348.0
4953.0 1823.0
6410.0 151.0
6090.0 6163.0
3511.0 97.0
784.0 644.0
4943.0 2784.0
2228.0 2673.0
7361.0 7517.0
2696.0 7213.0
549.0 2369.0
6943.0 257.0
6600.0 6222.0
7040.0 3149.0
4363.0 5653.0
4463.0 8889.0
1250.0 4065.0
7758.0 4064.0
6965.0 2948.0
6594.0 2519.0
6215.0 7626.0
5540.0 9421.0
1.0 2416.0
3372.0 6837.0
7526.0 2532.0
6233.0 4459.0
3316.0 2668.0
5478.0 1614.0
6608.0 4594.0
3505.0 9191.0
2588.0 8688.0
3410.0 2609.0
7541.0 6761.0
774.0 9475.0
2479.0 6072.0
8412.0 8048.0
2338.0 6904.0
7392.0 5152.0
284.0 8595.0
161.0 4672.0
9228.0 1405.0
4081.0 255.0
5096.0 4089.0
6210.0 8359.0
8945.0 9582.0
2637.0 285.0
7475.0 3651.0
8195.0 4309.0
4028.0 3925.0
4882.0 1566.0
4624.0 9162.0
9791.0 1807.0
6125.0 1153.0
5885.0 7663.0
6076.0 4134.0
1434.0 8553.0
6310.0 9096.0
6427.0 7869.0
4884.0 2873.0
6792.0 9562.0
3403.0 4392.0
9733.0 2772.0
9325.0 2964.0
6007.0 5634.0
5298.0 6007.0
7465.0 1880.0
108.0 6075.0
678.0 6394.0
8306.0 9577.0
9960.0 8325.0
8088.0 2081.0
5617.0 2909.0
9492.0 7564.0
5739.0 5634.0
7491.0 1512.0
2354.0 4863.0
7038.0 241.0
5267.0 1572.0
9650.0 1319.0
9401.0 7312.0
3593.0 2489.0
3968.0 4052.0
2238.0 8954.0
4277.0 2007.0
7653.0 1422.0
9511.0 4119.0
9021.0 9785.0
2289.0 8286.0
7928.0 9825.0
8334.0 1003.0
5111.0 2816.0
7067.0 8534.0
5731.0 418.0
6445.0 4241.0
2731.0 9736.0
7867.0 3222.0
371.0 5937.0
9467.0 7872.0
2483.0 2289.0
8617.0 508.0
2548.0 37.0
6950.0 1697.0
5130.0 2957.0
3738.0 5406.0
769.0 4014.0
5935.0 4618.0
8882.0 3969.0
5707.0 3540.0
5754.0 4349.0
8775.0 5041.0
7187.0 9633.0
9386.0 4450.0
7867.0 6070.0
225.0 3348.0
2039.0 6980.0
8111.0 9481.0
2543.0 6939.0
8771.0 1443.0
7786.0 9733.0
6531.0 9237.0
8729.0 7449.0
7235.0 4370.0
444.0 600.0
5213.0 5605.0
5329.0 1658.0
7627.0 8997.0
7530.0 6881.0
1998.0 3356.0
662.0 3823.0
5257.0 4769.0
3387.0 4395.0
5118.0 6304.0
9920.0 5875.0
7108.0 1539.0
5035.0 4737.0
3072.0 3046.0
5643.0 696.0
9463.0 9461.0
3511.0 839.0
6257.0 7272.0
6192.0 6229.0
9792.0 5961.0
5733.0 5870.0
5362.0 7634.0
7239.0 5405.0
7894.0 4767.0
1859.0 442.0
1508.0 2200.0
1260.0 6883.0
1302.0 2024.0
3166.0 3141.0
3163.0 2471.0
33.0 1624.0
9942.0 4468.0
5424.0 9381.0
4800.0 1964.0
5155.0 272.0
5049.0 4675.0
2790.0 3573.0
2318.0 4376.0
1549.0 6365.0
7343.0 8378.0
7198.0 9621.0
225.0 6311.0
8997.0 358.0
9462.0 8859.0
8269.0 4733.0
5574.0 9575.0
6670.0 9477.0
7655.0 3403.0
8719.0 1549.0
3655.0 8051.0
5669.0 8381.0
7727.0 6834.0
279.0 3605.0
450.0 4136.0
4571.0 5653.0
251.0 7108.0
5123.0 9095.0
6846.0 9749.0
2989.0 1110.0
25.0 7987.0
7802.0 7972.0
9596.0 6913.0
8134.0 8928.0
4802.0 3779.0
2688.0 7359.0
4053.0 2908.0
9386.0 1597.0
8265.0 1147.0
1926.0 287.0
3651.0 4987.0
5877.0 9684.0
2267.0 2991.0
8889.0 2745.0
1144.0 9667.0
2074.0 2428.0
3323.0 9400.0
2147.0 4056.0
6610.0 1597.0
6378.0 4148.0
8372.0 670.0
4941.0 5578.0
7205.0 6982.0
7724.0 1474.0
4777.0 7401.0
5164.0 2711.0
3680.0 6589.0
5194.0 6398.0
9604.0 2657.0
852.0 5239.0
8655.0 3320.0
5637.0 144.0
3143.0 1195.0
6180.0 985.0
1647.0 9351.0
4292.0 2863.0
1694.0 774.0
2969.0 7788.0
5859.0 7849.0
3423.0 4139.0
4612.0 523.0
2699.0 8796.0
1731.0 4252.0
3965.0 9325.0
604.0 1387.0
4029.0 6091.0
2236.0 2124.0
5169.0 6697.0
8288.0 3642.0
828.0 7618.0
4952.0 8581.0
7263.0 422.0
6010.0 6474.0
5707.0 2450.0
5872.0 4281.0
2116.0 4354.0
5919.0 4640.0
4071.0 9360.0
9989.0 2991.0
6912.0 1647.0
7296.0 7185.0
3664.0 3725.0
3629.0 5721.0
5831.0 5189.0
4142.0 3245.0
4633.0 7741.0
3544.0 4432.0
4740.0 3855.0
2031.0 9907.0
5096.0 8966.0
7762.0 306.0
3885.0 9580.0
9209.0 7146.0
7216.0 2172.0
3199.0 1597.0
3600.0 259.0
6962.0 4831.0
8785.0 9535.0
5023.0 6043.0
8019.0 3454.0
4232.0 6802.0
5316.0 4127.0
2781.0 2855.0
1794.0 5937.0
1499.0 7016.0
7644.0 1740.0
8278.0 9274.0
4826.0 4040.0
8916.0 2761.0
29.0 6024.0
222.0 6696.0
9997.0 9832.0
3700.0 9950.0
3771.0 1952.0
617.0 1370.0
8920.0 8118.0
1792.0 5472.0
1339.0 2599.0
7921.0 4666.0
682.0 9253.0
8757.0 1621.0
5993.0 4242.0
1962.0 7914.0
8611.0 2777.0
4959.0 7597.0
1927.0 4786.0
5604.0 6810.0
40.0 6878.0
9984.0 3073.0
9915.0 501.0
8182.0 397.0
4081.0 8662.0
1319.0 8833.0
3464.0 6091.0
5686.0 9610.0
2409.0 256.0
2302.0 9479.0
474.0 3071.0
2706.0 401.0
8054.0 5724.0
4310.0 3216.0
5412.0 1473.0
1133.0 6423.0
7194.0 3808.0
8226.0 3698.0
6983.0 9869.0
626.0 6294.0
8970.0 1481.0
146.0 8947.0
6321.0 8715.0
5823.0 423.0
8292.0 3332.0
6353.0 2345.0
679.0 2015.0
5320.0 2416.0
6665.0 1760.0
2549.0 695.0
7631.0 2306.0
7405.0 40.0
6016.0 2999.0
2343.0 4352.0
4778.0 3962.0
7552.0 770.0
536.0 3954.0
9993.0 4422.0
9967.0 9817.0
2666.0 6897.0
1519.0 4863.0
2413.0 2036.0
7015.0 6116.0
7092.0 5210.0
221.0 2775.0
5432.0 4690.0
1941.0 776.0
5385.0 6251.0
3718.0 854.0
9315.0 4658.0
4703.0 9972.0
6824.0 8134.0
8772.0 8500.0
8540.0 4476.0
1449.0 8046.0
6700.0 9936.0
8715.0 7288.0
830.0 4493.0
2272.0 5731.0
9353.0 9667.0
8326.0 7732.0
448.0 7493.0
9471.0 1702.0
7968.0 1796.0
1727.0 1864.0
749.0 5392.0
1324.0 2437.0
6127.0 9358.0
8282.0 6643.0
981.0 2997.0
6368.0 5410.0
6124.0 5628.0
1503.0 3168.0
2361.0 3845.0
3181.0 596.0
9036.0 364.0
5971.0 6731.0
8390.0 3103.0
683.0 5300.0
1546.0 5622.0
7253.0 2673.0
4441.0 2548.0
3932.0 7307.0
4533.0 6141.0
9836.0 3072.0
1593.0 2605.0
438.0 1346.0
8412.0 9298.0
8067.0 9244.0
9734.0 6467.0
1982.0 3886.0
240.0 9634.0
5099.0 5070.0
4909.0 1281.0
6936.0 1241.0
7567.0 2949.0
4844.0 6138.0
5941.0 1402.0
8103.0 5999.0
4060.0 4968.0
1939.0 9709.0
5295.0 8717.0
1054.0 6775.0
1876.0 9578.0
4713.0 505.0
9209.0 5049.0
7981.0 6281.0
5792.0 1633.0
6166.0 7307.0
2081.0 1616.0
2048.0 2713.0
4096.0 9335.0
7956.0 5392.0
112.0 571.0
7265.0 9468.0
1237.0 1178.0
2391.0 9767.0
9209.0 3611.0
8849.0 8170.0
7228.0 2464.0
7434.0 4244.0
2143.0 2654.0
9116.0 24.0
8812.0 6396.0
9705.0 1326.0
9967.0 7585.0
3860.0 488.0
7383.0 4733.0
509.0 7908.0
2695.0 6079.0
4257.0 2265.0
8664.0 3019.0
9849.0 1812.0
4228.0 482.0
9260.0 1615.0
9143.0 5382.0
3470.0 4129.0
6551.0 6781.0
3519.0 2988.0
4274.0 3903.0
7889.0 2392.0
8180.0 621.0
5796.0 6980.0
3421.0 7556.0
8454.0 9560.0
1869.0 5416.0
2893.0 6599.0
6576.0 5718.0
5390.0 3828.0

9906.0 3507.0
1194.0 9201.0
6133.0 5682.0
9239.0 4389.0
6140.0 7260.0
7552.0 5165.0
6068.0 4824.0
367.0 310.0
4602.0 5324.0
349.0 1554.0
4738.0 6537.0
1165.0 1743.0
8320.0 7882.0
9188.0 9778.0
4153.0 7617.0
1351.0 4785.0
3020.0 5169.0
8778.0 4326.0
5423.0 9610.0
8217.0 4103.0
367.0 8008.0
5888.0 8966.0
6010.0 9741.0
753.0 7675.0
5485.0 5391.0
6854.0 6254.0
3749.0 1415.0
6738.0 7336.0
3729.0 4143.0
552.0 5381.0
2627.0 9300.0
7879.0 152.0
1700.0 5658.0
1898.0 3319.0
5298.0 3953.0
7916.0 5602.0
7539.0 4701.0
859.0 4299.0
7384.0 1046.0
8776.0 3606.0
5469.0 5278.0
1961.0 2614.0
8516.0 140.0
9706.0 8345.0
9598.0 8582.0
9314.0 3733.0
5145.0 8050.0
4416.0 2918.0
1963.0 8007.0
2139.0 8736.0
94.0 1755.0
1252.0 9809.0
9860.0 6231.0
5801.0 7076.0
3885.0 5904.0
1351.0 2191.0
7419.0 9375.0
3362.0 2650.0
2814.0 9872.0
9816.0 1027.0
6425.0 3210.0
2624.0 8209.0
8790.0 9400.0
4904.0 3015.0
1411.0 6483.0
3697.0 3069.0
5922.0 7800.0
201.0 4332.0
4011.0 6253.0
2061.0 9148.0
8876.0 1729.0
4835.0 5215.0
1562.0 339.0
2148.0 335.0
7981.0 6534.0
6667.0 354.0
4958.0 1829.0
6415.0 156.0
6095.0 6167.0
3517.0 102.0
788.0 648.0
4948.0 2790.0
2234.0 2679.0
7366.0 7522.0
2701.0 7218.0
554.0 2373.0
6949.0 262.0
6605.0 6227.0
7045.0 3154.0
4369.0 5658.0
4469.0 8895.0
1254.0 4070.0
7763.0 4070.0
6970.0 2954.0
6598.0 2524.0
6219.0 7631.0
5546.0 9426.0
6.0 2420.0
3376.0 6842.0
7531.0 2536.0
6238.0 4464.0
3321.0 2673.0
5483.0 1620.0
6612.0 4599.0
3509.0 9195.0
2593.0 8694.0
3415.0 2614.0
7546.0 6766.0
778.0 9479.0
2484.0 6076.0
8417.0 8053.0
2342.0 6908.0
7397.0 5158.0
288.0 8601.0
166.0 4677.0
9234.0 1411.0
4086.0 260.0
5101.0 4094.0
6215.0 8365.0
8950.0 9587.0
2643.0 289.0
7480.0 3656.0
8201.0 4315.0
4033.0 3929.0
4886.0 1572.0
4629.0 9167.0
9796.0 1811.0
6130.0 1158.0
5889.0 7669.0
6081.0 4139.0
1439.0 8558.0
6315.0 9101.0
6432.0 7873.0
4889.0 2879.0
6796.0 9567.0
3408.0 4397.0
9738.0 2777.0
9331.0 2970.0
6012.0 5638.0
5303.0 6013.0
7471.0 1884.0
114.0 6080.0
683.0 6399.0
8311.0 9582.0
9964.0 8330.0
8093.0 2087.0
5623.0 2913.0
9497.0 7568.0
5744.0 5640.0
7496.0 1516.0
2359.0 4868.0
7044.0 246.0
5273.0 1577.0
9655.0 1324.0
9405.0 7317.0
3598.0 2493.0
3972.0 4057.0
2243.0 8959.0
4282.0 2012.0
7658.0 1427.0
9516.0 4124.0
9026.0 9790.0
2294.0 8290.0
7932.0 9830.0
8339.0 1008.0
5116.0 2821.0
7073.0 8539.0
5737.0 423.0
6450.0 4245.0
2735.0 9741.0
7872.0 3226.0
376.0 5943.0
9472.0 7876.0
2487.0 2294.0
8622.0 513.0
2552.0 41.0
6956.0 1702.0
5135.0 2963.0
3743.0 5412.0
773.0 4018.0
5940.0 4623.0
8888.0 3975.0
5712.0 3546.0
5759.0 4355.0
8781.0 5047.0
7191.0 9638.0
9392.0 4455.0
7871.0 6075.0
229.0 3354.0
2044.0 6985.0
8116.0 9486.0
2548.0 6945.0
8777.0 1448.0
7790.0 9738.0
6536.0 9241.0
8733.0 7453.0
7239.0 4375.0
449.0 605.0
5219.0 5610.0
5334.0 1662.0
7633.0 9001.0
7535.0 6886.0
2003.0 3361.0
667.0 3827.0
5262.0 4775.0
3392.0 4399.0
5124.0 6310.0
9925.0 5880.0
7113.0 1545.0
5040.0 4741.0
3077.0 3051.0
5648.0 700.0
9468.0 9466.0
3516.0 845.0
6263.0 7277.0
6196.0 6234.0
9797.0 5965.0
5739.0 5876.0
5368.0 7640.0
7245.0 5409.0
7899.0 4771.0
1864.0 446.0
1512.0 2204.0
1265.0 6889.0
1307.0 2030.0
3171.0 3146.0
3168.0 2476.0
37.0 1629.0
9947.0 4473.0
5429.0 9386.0
4805.0 1969.0
5159.0 278.0
5054.0 4680.0
2794.0 3578.0
2324.0 4381.0
1553.0 6370.0
7348.0 8383.0
7203.0 9626.0
230.0 6316.0
9003.0 363.0
9466.0 8863.0
8275.0 4739.0
5578.0 9580.0
6676.0 9482.0
7660.0 3407.0
8725.0 1554.0
3661.0 8056.0
5673.0 8385.0
7732.0 6839.0
284.0 3610.0
455.0 4141.0
4577.0 5658.0
255.0 7112.0
5129.0 9099.0
6851.0 9755.0
2994.0 1115.0
29.0 7991.0
7808.0 7978.0
9600.0 6919.0
8138.0 8933.0
4807.0 3785.0
2693.0 7364.0
4058.0 2912.0
9392.0 1602.0
8271.0 1153.0
1931.0 292.0
3656.0 4991.0
5882.0 9688.0
2272.0 2996.0
8895.0 2749.0
1150.0 9673.0
2078.0 2433.0
3327.0 9405.0
2152.0 4060.0
6616.0 1602.0
6382.0 4153.0
8378.0 674.0
4946.0 5583.0
7209.0 6988.0
7730.0 1479.0
4782.0 7405.0
5169.0 2717.0
3685.0 6594.0
5200.0 6403.0
9608.0 2662.0
857.0 5244.0
8660.0 3324.0
5642.0 148.0
3148.0 1201.0
6185.0 990.0
1652.0 9357.0
4297.0 2869.0
1700.0 780.0
2974.0 7794.0
5864.0 7853.0
3427.0 4144.0
4617.0 527.0
2703.0 8800.0
1736.0 4256.0
3970.0 9330.0
609.0 1391.0
4034.0 6097.0
2241.0 2129.0
5173.0 6702.0
8293.0 3647.0
834.0 7622.0
4957.0 8585.0
7268.0 427.0
6015.0 6479.0
5711.0 2454.0
5878.0 4286.0
2120.0 4359.0
5925.0 4645.0
4076.0 9366.0
9993.0 2997.0
6917.0 1652.0
7301.0 7190.0
3669.0 3729.0
3635.0 5726.0
5836.0 5194.0
4146.0 3250.0
4638.0 7746.0
3549.0 4436.0
4745.0 3861.0
2035.0 9911.0
5101.0 8971.0
7768.0 311.0
3889.0 9585.0
9213.0 7152.0
7221.0 2178.0
3204.0 1601.0
3606.0 265.0
6968.0 4835.0
8790.0 9541.0
5029.0 6048.0
8025.0 3460.0
4237.0 6807.0
5322.0 4132.0
2787.0 2860.0
1799.0 5942.0
1504.0 7021.0
7649.0 1745.0
8284.0 9279.0
4830.0 4045.0
8922.0 2766.0
34.0 6029.0
227.0 6701.0
10002.0 9837.0
3704.0 9954.0
3776.0 1957.0
622.0 1376.0
8925.0 8124.0
1796.0 5477.0
1344.0 2604.0
7925.0 4671.0
687.0 9259.0
8763.0 1627.0
5997.0 4248.0
1967.0 7919.0
8615.0 2782.0
4964.0 7602.0
1932.0 4791.0
5610.0 6814.0
44.0 6883.0
9989.0 3079.0
9921.0 507.0
8186.0 402.0
4087.0 8667.0
1325.0 8839.0
3468.0 6095.0
5692.0 9616.0
2414.0 261.0
2306.0 9484.0
479.0 3076.0
2712.0 405.0
8059.0 5729.0
4314.0 3221.0
5417.0 1478.0
1137.0 6428.0
7198.0 3814.0
8231.0 3702.0
6987.0 9874.0
632.0 6298.0
8975.0 1486.0
151.0 8952.0
6327.0 8720.0
5828.0 429.0
8298.0 3338.0
6357.0 2350.0
685.0 2020.0
5324.0 2420.0
6671.0 1765.0
2555.0 700.0
7636.0 2311.0
7410.0 45.0
6021.0 3005.0
2348.0 4357.0
4783.0 3967.0
7558.0 774.0
541.0 3958.0
9997.0 4428.0
9972.0 9822.0
2671.0 6902.0
1524.0 4868.0
2417.0 2042.0
7021.0 6121.0
7098.0 5215.0
225.0 2780.0
5436.0 4696.0
1946.0 782.0
5391.0 6255.0
3723.0 858.0
9320.0 4663.0
4708.0 9976.0
6829.0 8140.0
8777.0 8505.0
8545.0 4480.0
1455.0 8052.0
6705.0 9941.0
8719.0 7293.0
836.0 4499.0
2277.0 5736.0
9359.0 9671.0
8330.0 7736.0
453.0 7499.0
9475.0 1707.0
7974.0 1801.0
1733.0 1869.0
755.0 5397.0
1329.0 2443.0
6132.0 9363.0
8288.0 6649.0
986.0 3002.0
6373.0 5414.0
6128.0 5632.0
1508.0 3173.0
2366.0 3850.0
3186.0 600.0
9040.0 370.0
5975.0 6737.0
8394.0 3108.0
689.0 5304.0
1551.0 5627.0
7258.0 2679.0
4445.0 2554.0
3936.0 7313.0
4537.0 6145.0
9841.0 3078.0
1598.0 2610.0
444.0 1350.0
8417.0 9303.0
8072.0 9249.0
9740.0 6473.0
1987.0 3891.0
244.0 9640.0
5104.0 5074.0
4913.0 1287.0
6941.0 1247.0
7571.0 2954.0
4848.0 6143.0
5947.0 1408.0
8108.0 6003.0
4064.0 4974.0
1945.0 9715.0
5300.0 8721.0
1059.0 6780.0
1881.0 9584.0
4718.0 509.0
9214.0 5054.0
7986.0 6285.0
5798.0 1637.0
6171.0 7312.0
2085.0 1621.0
2054.0 2717.0
4101.0 9339.0
7960.0 5397.0
117.0 576.0
7269.0 9474.0
1243.0 1182.0
2395.0 9772.0
9215.0 3615.0
8854.0 8174.0
7233.0 2469.0
7438.0 4249.0
2148.0 2659.0
9122.0 30.0
8817.0 6401.0
9710.0 1331.0
9973.0 7590.0
3866.0 493.0
7388.0 4738.0
513.0 7914.0
2699.0 6083.0
4263.0 2270.0
8670.0 3025.0
9854.0 1817.0
4233.0 486.0
9265.0 1621.0
9148.0 5386.0
3475.0 4134.0
6556.0 6785.0
3525.0 2994.0
4279.0 3908.0
7893.0 2397.0
8186.0 627.0
5801.0 6984.0
3427.0 7560.0
8460.0 9565.0
1874.0 5421.0
2897.0 6605.0
6581.0 5723.0
5394.0 3833.0
