1
512 1 3.0 0.0 1000.0 3 160 240 100

6.5 13.5 29.3 58.5
13.0 27.0 58.5 117.0
19.5 40.5 87.8 175.5
26.0 54.0 117.0 234.0
39.0 81.0 175.5 351.0
52.0 108.0 234.0 468.0
58.5 121.5 263.3 526.5
65.0 135.0 292.5 585.0
78.0 162.0 351.0 702.0
0.0 180.0 390.0 780.0

2.0 5.0 8.0 11.0
5.0 8.0 11.0 14.0
9.0 12.0 15.0 18.0
11.0 14.0 17.0 20.0
15.0 18.0 21.0 24.0
18.0 21.0 24.0 27.0
20.0 23.0 26.0 29.0
25.0 28.0 31.0 34.0
29.0 32.0 35.0 38.0
0.0 34.0 37.0 40.0

6472.0 3424.0
4455.0 9509.0
380.0 2765.0
923.0 6903.0
1781.0 4831.0
4100.0 3441.0
6818.0 4988.0
9574.0 1197.0
3910.0 6272.0
160.0 4081.0
3652.0 3003.0
6603.0 9109.0
1470.0 4690.0
7393.0 4487.0
3863.0 6388.0
4765.0 6892.0
1547.0 4119.0
6436.0 2824.0
5315.0 6500.0
5181.0 1412.0
2953.0 6205.0
781.0 8570.0
8006.0 7405.0
1443.0 4870.0
3739.0 7797.0
4254.0 2024.0
8091.0 6385.0
6722.0 5356.0
7964.0 612.0
4009.0 2145.0
3649.0 9008.0
8887.0 8222.0
6720.0 7962.0
4023.0 7709.0
7215.0 3769.0
8634.0 3271.0
8419.0 3564.0
4103.0 6783.0
74.0 1305.0
5617.0 2770.0
3335.0 7407.0
9397.0 9525.0
3297.0 3180.0
7593.0 5280.0
7403.0 3698.0
5415.0 9300.0
558.0 5233.0
7569.0 311.0
278.0 5877.0
3563.0 7116.0
7683.0 506.0
3964.0 8795.0
2653.0 3697.0
2172.0 4383.0
3981.0 6740.0
8771.0 4377.0
7829.0 7384.0
8049.0 8993.0
315.0 3435.0
8731.0 528.0
2549.0 3855.0
3525.0 9717.0
8939.0 3485.0
4516.0 8480.0
2088.0 21.0
4017.0 3922.0
95.0 4389.0
2915.0 982.0
4597.0 8143.0
1098.0 3613.0
356.0 4018.0
7034.0 6869.0
9713.0 8276.0
6066.0 4791.0
7744.0 5969.0
9498.0 1462.0
6417.0 2769.0
9037.0 5133.0
8591.0 9475.0
3667.0 7779.0
5158.0 7847.0
8528.0 4992.0
1166.0 8894.0
7852.0 3573.0
9229.0 7250.0
6559.0 6719.0
1055.0 7766.0
7546.0 9185.0
405.0 2957.0
4265.0 7299.0
3305.0 2438.0
657.0 1221.0
3837.0 7969.0
3001.0 9319.0
6319.0 263.0
757.0 7051.0
7203.0 6168.0
5974.0 5241.0
2512.0 7369.0
3328.0 5119.0
9120.0 4244.0
5367.0 13.0
725.0 993.0
25.0 6086.0
1807.0 693.0
9981.0 6982.0
5400.0 1393.0
5939.0 9783.0
3014.0 6889.0
8379.0 2143.0
7502.0 8323.0
4877.0 2992.0
2207.0 5216.0
2541.0 1696.0
2211.0 7087.0
7643.0 3040.0
6002.0 9284.0
7025.0 7935.0
8369.0 9154.0
8327.0 2220.0
7871.0 1201.0
8636.0 8446.0
4675.0 2346.0
3603.0 8027.0
7095.0 932.0
1606.0 3632.0
7654.0 5605.0
39.0 4218.0
1980.0 2709.0
3277.0 7559.0
6369.0 3315.0
4408.0 7691.0
2326.0 3530.0
5291.0 7116.0
8902.0 4209.0
2010.0 6184.0
6161.0 8712.0
5298.0 4504.0
5583.0 9833.0
8002.0 1795.0
5728.0 9530.0
4157.0 8037.0
3986.0 7596.0
6737.0 5321.0
7728.0 7909.0
3659.0 6269.0
677.0 3372.0
4106.0 6418.0
2827.0 3204.0
9745.0 439.0
4721.0 8688.0
7895.0 4584.0
9415.0 6036.0
6242.0 237.0
7946.0 7474.0
1142.0 5957.0
6625.0 4208.0
4104.0 7890.0
6970.0 7385.0
3510.0 937.0
1612.0 5686.0
1154.0 5565.0
1978.0 694.0
5658.0 7629.0
6086.0 3650.0
7344.0 1103.0
7262.0 9755.0
1630.0 6101.0
7105.0 8621.0
519.0 7059.0
8518.0 2036.0
4248.0 8472.0
7125.0 2649.0
7682.0 8071.0
1899.0 9723.0
8505.0 9808.0
8310.0 584.0
6782.0 1550.0
9828.0 8895.0
7981.0 4850.0
6093.0 3402.0
3992.0 6686.0
8567.0 3265.0
9253.0 5552.0
7006.0 8618.0
1509.0 6775.0
2548.0 7496.0
9321.0 4450.0
5759.0 2751.0
853.0 9870.0
451.0 5089.0
1039.0 8841.0
6579.0 877.0
6680.0 2750.0
8058.0 5832.0
1553.0 789.0
3806.0 8241.0
6098.0 3204.0
2843.0 7832.0
8749.0 7950.0
6751.0 8943.0
8493.0 5648.0
5339.0 9105.0
706.0 214.0
3808.0 6692.0
863.0 5049.0
2253.0 3747.0
3161.0 7173.0
821.0 2637.0
3660.0 4179.0
6337.0 7665.0
9977.0 1403.0
8720.0 5259.0
2137.0 9179.0
8024.0 8890.0
1621.0 2572.0
5399.0 7339.0
8207.0 8460.0
3817.0 7449.0
6653.0 7366.0
6866.0 4996.0
7809.0 9904.0
6439.0 9814.0
1216.0 233.0
2643.0 3795.0
8775.0 1400.0
1735.0 2920.0
1539.0 9952.0
423.0 6923.0
4218.0 9697.0
7337.0 2753.0
4448.0 7016.0
4994.0 439.0
6413.0 2573.0
8088.0 2509.0
878.0 6844.0
6408.0 590.0
6201.0 9326.0
3219.0 5319.0
7406.0 3806.0
2417.0 8202.0
2883.0 4592.0
285.0 6552.0
776.0 1068.0
164.0 5138.0
9642.0 473.0
863.0 682.0
445.0 1267.0
2130.0 7828.0
9455.0 1992.0
3002.0 7729.0
4126.0 2990.0
1346.0 2869.0
6522.0 867.0
5434.0 4268.0
1353.0 8092.0
848.0 9692.0
8206.0 2604.0
8545.0 4007.0
33.0 4819.0
2409.0 5306.0
2467.0 1910.0
7097.0 2942.0
1030.0 1758.0
9513.0 6107.0
5821.0 1431.0
9715.0 4075.0
5735.0 7609.0
9594.0 1759.0
6795.0 8802.0
126.0 6704.0
1661.0 1773.0
533.0 6146.0
9892.0 7026.0
5162.0 5286.0
1030.0 763.0
6411.0 391.0
5068.0 3168.0
4516.0 2870.0
7386.0 5433.0
7520.0 2952.0
7713.0 370.0
7254.0 4097.0
5197.0 4031.0
9631.0 1779.0
4140.0 8188.0
94.0 2771.0
7479.0 6071.0
7524.0 3553.0
7583.0 6247.0
2433.0 9005.0
6422.0 2018.0
7768.0 4983.0
9703.0 6220.0
3134.0 934.0
2020.0 3809.0
5768.0 1180.0
2601.0 7122.0
4078.0 5993.0
3720.0 1179.0
2065.0 6104.0
6340.0 8929.0
5462.0 6777.0
66.0 8813.0
2890.0 75.0
6971.0 9517.0
7866.0 6461.0
1361.0 9324.0
9984.0 9356.0
71.0 9916.0
6072.0 8795.0
330.0 7040.0
4671.0 2810.0
4791.0 2892.0
9637.0 7671.0
5793.0 7622.0
1190.0 625.0
3404.0 9841.0
5236.0 1254.0
4349.0 8494.0
4281.0 103.0
1364.0 1014.0
5749.0 5688.0
5063.0 5101.0
6037.0 3535.0
2879.0 4050.0
1115.0 3374.0
2163.0 7977.0
7006.0 3127.0
6985.0 5841.0
5943.0 814.0
745.0 5648.0
6555.0 8014.0
9126.0 2708.0
8872.0 1025.0
486.0 8339.0
7490.0 8329.0
3249.0 3899.0
8704.0 5529.0
2363.0 7515.0
9936.0 1356.0
9402.0 3417.0
2279.0 910.0
3381.0 6233.0
9471.0 4742.0
1843.0 5152.0
9122.0 4935.0
4312.0 5319.0
4521.0 1787.0
2652.0 6350.0
7834.0 7260.0
5433.0 364.0
8014.0 3801.0
5852.0 4387.0
9254.0 9690.0
5284.0 4541.0
8287.0 4530.0
7046.0 1876.0
1369.0 1022.0
7423.0 2243.0
4253.0 1656.0
3549.0 5086.0
985.0 1450.0
194.0 8535.0
9830.0 366.0
38.0 685.0
7160.0 1546.0
4502.0 9439.0
2620.0 3988.0
4703.0 5804.0
1388.0 807.0
4598.0 8024.0
1854.0 6703.0
909.0 6418.0
9543.0 776.0
6866.0 1329.0
588.0 3322.0
9369.0 9048.0
586.0 7731.0
1623.0 3101.0
7159.0 1137.0
5817.0 789.0
7021.0 9942.0
2926.0 7352.0
902.0 8842.0
9196.0 2651.0
2116.0 4506.0
1386.0 7739.0
7122.0 7521.0
5347.0 1220.0
8878.0 8745.0
4988.0 7761.0
6321.0 8708.0
1217.0 3650.0
5787.0 1174.0
2921.0 6783.0
2690.0 4522.0
4558.0 960.0
4288.0 7049.0
7420.0 6872.0
6850.0 4864.0
4154.0 4665.0
3041.0 3470.0
8603.0 5459.0
7859.0 6692.0
5534.0 1716.0
3928.0 9070.0
7331.0 8820.0
9475.0 359.0
7214.0 2772.0
4818.0 3262.0
1067.0 1374.0
5669.0 8030.0
2430.0 8780.0
4089.0 66.0
7743.0 5808.0
406.0 9160.0
1389.0 885.0
1912.0 1495.0
2638.0 9015.0
6680.0 8047.0
9024.0 8654.0
3288.0 5524.0
3263.0 8860.0
9806.0 8461.0
3255.0 1626.0
7840.0 3623.0
7253.0 6756.0
9968.0 330.0
8764.0 9178.0
1376.0 2855.0
8262.0 1074.0
9031.0 3508.0
1269.0 3711.0
4195.0 7556.0
4881.0 6357.0
6606.0 3606.0
7316.0 2159.0
1156.0 5577.0
7543.0 3371.0
369.0 4902.0
4569.0 818.0
8511.0 4096.0
8453.0 4964.0
5650.0 5308.0
7615.0 8493.0
2486.0 7.0
9517.0 2751.0
9269.0 8421.0
4273.0 2969.0
4627.0 9873.0
3281.0 9617.0
2630.0 7636.0
7413.0 5798.0
8898.0 4452.0
1878.0 3042.0
9083.0 7332.0
7280.0 408.0
5543.0 2791.0
8983.0 4246.0
530.0 6128.0
9327.0 8535.0
6703.0 897.0
9776.0 8152.0
8301.0 7207.0
2562.0 9972.0
8787.0 9965.0
3909.0 9175.0
3280.0 716.0
3389.0 640.0
6607.0 9194.0
6490.0 7822.0
289.0 3232.0
9971.0 3976.0
4270.0 8157.0
2063.0 3125.0
1737.0 9299.0
2093.0 648.0
7821.0 3753.0
6604.0 5879.0
5519.0 31.0
1533.0 1583.0
4653.0 6721.0
2525.0 7715.0
2177.0 3799.0
7946.0 9321.0
4669.0 2730.0
1679.0 984.0
6314.0 3972.0
5249.0 2685.0
8204.0 3037.0
1379.0 4464.0
7276.0 8735.0
3517.0 9774.0
5705.0 9717.0
8425.0 9889.0
4079.0 7983.0
1391.0 4277.0
4165.0 457.0
6134.0 4294.0
9602.0 2276.0
3983.0 104.0
5321.0 7931.0
9381.0 3186.0
9036.0 8871.0
1303.0 9338.0
606.0 8736.0
2648.0 9530.0
7594.0 9818.0
2180.0 8513.0
7858.0 6904.0
6082.0 3559.0

6477.0 3428.0
4461.0 9514.0
386.0 2771.0
929.0 6909.0
1787.0 4835.0
4104.0 3445.0
6823.0 4993.0
9579.0 1201.0
3915.0 6277.0
165.0 4086.0
3658.0 3008.0
6608.0 9114.0
1475.0 4695.0
7397.0 4492.0
3868.0 6393.0
4771.0 6896.0
1552.0 4125.0
6441.0 2829.0
5320.0 6505.0
5186.0 1416.0
2957.0 6210.0
786.0 8575.0
8011.0 7410.0
1447.0 4874.0
3744.0 7803.0
4259.0 2029.0
8097.0 6390.0
6727.0 5362.0
7969.0 618.0
4014.0 2150.0
3654.0 9013.0
8893.0 8226.0
6726.0 7967.0
4028.0 7715.0
7220.0 3774.0
8639.0 3275.0
8423.0 3569.0
4108.0 6787.0
80.0 1309.0
5622.0 2775.0
3340.0 7413.0
9401.0 9530.0
3302.0 3185.0
7599.0 5286.0
7409.0 3703.0
5420.0 9305.0
563.0 5239.0
7573.0 315.0
282.0 5882.0
3568.0 7122.0
7689.0 511.0
3969.0 8800.0
2659.0 3702.0
2177.0 4388.0
3986.0 6746.0
8776.0 4382.0
7834.0 7389.0
8055.0 8997.0
320.0 3441.0
8735.0 532.0
2555.0 3859.0
3531.0 9721.0
8944.0 3490.0
4521.0 8485.0
2092.0 25.0
4022.0 3927.0
100.0 4395.0
2919.0 987.0
4603.0 8148.0
1103.0 3618.0
362.0 4023.0
7039.0 6874.0
9717.0 8281.0
6072.0 4795.0
7749.0 5975.0
9504.0 1467.0
6422.0 2773.0
9041.0 5137.0
8596.0 9480.0
3673.0 7784.0
5162.0 7852.0
8534.0 4996.0
1172.0 8899.0
7857.0 3577.0
9234.0 7255.0
6564.0 6724.0
1060.0 7771.0
7550.0 9190.0
411.0 2961.0
4270.0 7305.0
3310.0 2442.0
661.0 1226.0
3841.0 7974.0
3007.0 9325.0
6324.0 269.0
762.0 7057.0
7207.0 6174.0
5978.0 5246.0
2518.0 7374.0
3334.0 5124.0
9124.0 4248.0
5372.0 18.0
730.0 998.0
30.0 6090.0
1813.0 698.0
9986.0 6986.0
5405.0 1398.0
5944.0 9789.0
3020.0 6893.0
8383.0 2149.0
7506.0 8328.0
4882.0 2997.0
2211.0 5221.0
2545.0 1700.0
2217.0 7093.0
7648.0 3044.0
6007.0 9289.0
7031.0 7941.0
8374.0 9159.0
8332.0 2225.0
7876.0 1207.0
8642.0 8452.0
4680.0 2351.0
3608.0 8033.0
7101.0 937.0
1611.0 3638.0
7659.0 5610.0
43.0 4223.0
1984.0 2714.0
3282.0 7563.0
6373.0 3320.0
4413.0 7696.0
2331.0 3535.0
5296.0 7120.0
8907.0 4214.0
2015.0 6189.0
6167.0 8717.0
5303.0 4509.0
5587.0 9838.0
8007.0 1801.0
5732.0 9535.0
4161.0 8043.0
3992.0 7601.0
6742.0 5327.0
7733.0 7914.0
3665.0 6273.0
683.0 3378.0
4112.0 6423.0
2831.0 3209.0
9751.0 444.0
4727.0 8693.0
7899.0 4588.0
9420.0 6042.0
6248.0 241.0
7952.0 7479.0
1147.0 5962.0
6630.0 4213.0
4109.0 7894.0
6976.0 7390.0
3514.0 941.0
1616.0 5691.0
1159.0 5569.0
1984.0 698.0
5663.0 7634.0
6091.0 3655.0
7349.0 1108.0
7267.0 9759.0
1635.0 6106.0
7110.0 8626.0
525.0 7064.0
8524.0 2040.0
4253.0 8478.0
7129.0 2654.0
7687.0 8076.0
1904.0 9729.0
8511.0 9813.0
8314.0 589.0
6788.0 1554.0
9834.0 8901.0
7986.0 4855.0
6099.0 3407.0
3996.0 6690.0
8573.0 3270.0
9258.0 5556.0
7012.0 8623.0
1514.0 6780.0
2552.0 7501.0
9327.0 4455.0
5764.0 2755.0
858.0 9875.0
456.0 5094.0
1043.0 8845.0
6585.0 882.0
6685.0 2755.0
8063.0 5837.0
1559.0 795.0
3810.0 8246.0
6104.0 3210.0
2847.0 7838.0
8755.0 7956.0
6756.0 8949.0
8497.0 5654.0
5343.0 9109.0
710.0 219.0
3813.0 6696.0
869.0 5054.0
2257.0 3751.0
3165.0 7179.0
825.0 2642.0
3664.0 4183.0
6343.0 7670.0
9982.0 1407.0
8724.0 5264.0
2142.0 9183.0
8030.0 8895.0
1627.0 2576.0
5405.0 7344.0
8211.0 8466.0
3823.0 7455.0
6659.0 7370.0
6871.0 5001.0
7813.0 9909.0
6445.0 9820.0
1221.0 238.0
2647.0 3800.0
8780.0 1406.0
1740.0 2925.0
1544.0 9957.0
429.0 6927.0
4224.0 9702.0
7342.0 2758.0
4453.0 7021.0
4998.0 443.0
6418.0 2577.0
8093.0 2514.0
882.0 6849.0
6413.0 595.0
6207.0 9330.0
3225.0 5324.0
7410.0 3810.0
2423.0 8207.0
2888.0 4597.0
291.0 6557.0
781.0 1072.0
170.0 5143.0
9646.0 479.0
869.0 687.0
450.0 1272.0
2135.0 7833.0
9460.0 1996.0
3007.0 7735.0
4131.0 2995.0
1351.0 2874.0
6526.0 873.0
5439.0 4273.0
1358.0 8098.0
852.0 9697.0
8211.0 2608.0
8551.0 4012.0
37.0 4824.0
2414.0 5312.0
2472.0 1916.0
7102.0 2947.0
1036.0 1764.0
9518.0 6111.0
5825.0 1435.0
9720.0 4080.0
5741.0 7613.0
9598.0 1764.0
6799.0 8807.0
131.0 6709.0
1667.0 1777.0
538.0 6150.0
9898.0 7030.0
5166.0 5291.0
1034.0 769.0
6416.0 396.0
5073.0 3174.0
4522.0 2875.0
7390.0 5438.0
7525.0 2957.0
7718.0 376.0
7259.0 4101.0
5202.0 4036.0
9636.0 1783.0
4144.0 8192.0
100.0 2775.0
7485.0 6076.0
7529.0 3557.0
7589.0 6252.0
2438.0 9011.0
6427.0 2023.0
7774.0 4987.0
9708.0 6225.0
3138.0 940.0
2025.0 3814.0
5773.0 1184.0
2606.0 7127.0
4083.0 5999.0
3725.0 1184.0
2070.0 6109.0
6345.0 8934.0
5468.0 6782.0
71.0 8818.0
2895.0 81.0
6977.0 9521.0
7871.0 6466.0
1365.0 9329.0
9988.0 9361.0
77.0 9921.0
6077.0 8800.0
334.0 7045.0
4677.0 2815.0
4796.0 2897.0
9642.0 7676.0
5798.0 7627.0
1194.0 631.0
3408.0 9847.0
5241.0 1260.0
4354.0 8498.0
4286.0 108.0
1368.0 1019.0
5755.0 5692.0
5068.0 5105.0
6043.0 3540.0
2884.0 4054.0
1121.0 3379.0
2169.0 7981.0
7012.0 3132.0
6989.0 5846.0
5949.0 819.0
749.0 5653.0
6559.0 8018.0
9131.0 2714.0
8878.0 1029.0
491.0 8344.0
7495.0 8334.0
3255.0 3903.0
8708.0 5534.0
2369.0 7519.0
9941.0 1361.0
9408.0 3422.0
2285.0 914.0
3386.0 6238.0
9475.0 4746.0
1849.0 5157.0
9126.0 4941.0
4318.0 5324.0
4526.0 1792.0
2656.0 6356.0
7839.0 7265.0
5439.0 369.0
8018.0 3806.0
5857.0 4392.0
9259.0 9695.0
5289.0 4545.0
8293.0 4536.0
7050.0 1881.0
1373.0 1027.0
7428.0 2249.0
4258.0 1661.0
3554.0 5090.0
991.0 1455.0
200.0 8540.0
9835.0 372.0
43.0 690.0
7165.0 1551.0
4508.0 9445.0
2624.0 3993.0
4708.0 5809.0
1393.0 812.0
4603.0 8029.0
1860.0 6709.0
913.0 6424.0
9547.0 781.0
6872.0 1334.0
593.0 3327.0
9375.0 9054.0
590.0 7737.0
1628.0 3105.0
7165.0 1142.0
5821.0 794.0
7026.0 9948.0
2932.0 7356.0
908.0 8848.0
9201.0 2655.0
2121.0 4511.0
1390.0 7745.0
7127.0 7526.0
5352.0 1224.0
8882.0 8750.0
4993.0 7766.0
6325.0 8713.0
1221.0 3655.0
5792.0 1179.0
2926.0 6789.0
2695.0 4528.0
4562.0 965.0
4293.0 7054.0
7425.0 6877.0
6856.0 4869.0
4159.0 4669.0
3045.0 3475.0
8607.0 5464.0
7864.0 6697.0
5539.0 1720.0
3933.0 9074.0
7337.0 8825.0
9479.0 363.0
7220.0 2777.0
4823.0 3267.0
1072.0 1379.0
5674.0 8034.0
2434.0 8786.0
4094.0 70.0
7748.0 5813.0
411.0 9164.0
1394.0 890.0
1917.0 1500.0
2644.0 9019.0
6685.0 8053.0
9030.0 8659.0
3294.0 5530.0
3268.0 8865.0
9811.0 8466.0
3259.0 1630.0
7845.0 3627.0
7257.0 6761.0
9973.0 336.0
8769.0 9182.0
1381.0 2860.0
8267.0 1080.0
9037.0 3513.0
1275.0 3717.0
4200.0 7561.0
4887.0 6362.0
6611.0 3610.0
7321.0 2163.0
1161.0 5582.0
7547.0 3377.0
374.0 4908.0
4574.0 824.0
8516.0 4100.0
8459.0 4970.0
5654.0 5312.0
7620.0 8498.0
2490.0 13.0
9522.0 2757.0
9274.0 8427.0
4278.0 2973.0
4631.0 9879.0
3285.0 9622.0
2636.0 7642.0
7417.0 5802.0
8904.0 4456.0
1883.0 3047.0
9088.0 7337.0
7285.0 413.0
5548.0 2796.0
8988.0 4251.0
536.0 6133.0
9332.0 8540.0
6709.0 902.0
9781.0 8156.0
8307.0 7212.0
2567.0 9978.0
8793.0 9970.0
3914.0 9181.0
3284.0 722.0
3394.0 645.0
6612.0 9200.0
6496.0 7828.0
295.0 3237.0
9976.0 3981.0
4276.0 8162.0
2068.0 3129.0
1743.0 9305.0
2098.0 652.0
7825.0 3757.0
6609.0 5885.0
5525.0 36.0
1537.0 1589.0
4658.0 6726.0
2530.0 7720.0
2183.0 3804.0
7951.0 9325.0
4674.0 2736.0
1685.0 988.0
6319.0 3976.0
5254.0 2691.0
8210.0 3043.0
1384.0 4470.0
7280.0 8740.0
3521.0 9779.0
5710.0 9723.0
8430.0 9894.0
4085.0 7987.0
1397.0 4282.0
4169.0 461.0
6140.0 4299.0
9607.0 2282.0
3987.0 108.0
5327.0 7937.0
9387.0 3190.0
9040.0 8875.0
1309.0 9343.0
611.0 8741.0
2652.0 9535.0
7599.0 9823.0
2184.0 8517.0
7862.0 6910.0
6087.0 3565.0
