1
512 1 3.0 0.0 1000.0 3 160 240 100

6.5 13.5 29.3 58.5
13.0 27.0 58.5 117.0
19.5 40.5 87.8 175.5
26.0 54.0 117.0 234.0
39.0 81.0 175.5 351.0
52.0 108.0 234.0 468.0
58.5 121.5 263.3 526.5
65.0 135.0 292.5 585.0
78.0 162.0 351.0 702.0
0.0 180.0 390.0 780.0

2.0 5.0 8.0 11.0
5.0 8.0 11.0 14.0
9.0 12.0 15.0 18.0
11.0 14.0 17.0 20.0
15.0 18.0 21.0 24.0
18.0 21.0 24.0 27.0
20.0 23.0 26.0 29.0
25.0 28.0 31.0 34.0
29.0 32.0 35.0 38.0
0.0 34.0 37.0 40.0

28.0 9328.0
2797.0 1094.0
5184.0 1610.0
2271.0 3109.0
6078.0 5720.0
4426.0 8603.0
8853.0 5803.0
6205.0 2950.0
1664.0 991.0
572.0 2230.0
2703.0 2137.0
5347.0 7636.0
979.0 8849.0
1144.0 6677.0
688.0 2970.0
5494.0 3585.0
2474.0 7123.0
2713.0 3789.0
7425.0 9467.0
1594.0 9853.0
2104.0 8284.0
5487.0 8752.0
5448.0 2539.0
1842.0 2869.0
848.0 7040.0
787.0 9606.0
9230.0 3340.0
4798.0 6978.0
1470.0 9996.0
4047.0 5082.0
945.0 8343.0
4498.0 5819.0
9552.0 2386.0
8301.0 5758.0
3011.0 3978.0
8587.0 9514.0
3776.0 6877.0
3196.0 3537.0
2369.0 5851.0
4450.0 2679.0
465.0 9440.0
4502.0 4441.0
1536.0 7521.0
8357.0 8258.0
7389.0 7297.0
9132.0 9731.0
1406.0 3859.0
2609.0 2172.0
1815.0 3933.0
674.0 345.0
810.0 3968.0
5697.0 3796.0
7831.0 6178.0
426.0 9651.0
7842.0 8680.0
471.0 7251.0
7914.0 8363.0
8941.0 9532.0
7933.0 7617.0
5309.0 8513.0
3765.0 8548.0
3076.0 4781.0
3684.0 831.0
3300.0 3354.0
1396.0 1811.0
3560.0 816.0
1465.0 3.0
4434.0 1088.0
5479.0 5616.0
8052.0 9729.0
9761.0 4225.0
5797.0 9152.0
7952.0 2249.0
4726.0 9635.0
4285.0 5339.0
4777.0 3498.0
5877.0 3326.0
1346.0 2358.0
4843.0 7859.0
276.0 9806.0
3568.0 1364.0
4865.0 4429.0
8956.0 8454.0
6930.0 522.0
3962.0 3431.0
6519.0 6407.0
7247.0 5.0
7336.0 2713.0
4261.0 1863.0
7438.0 5520.0
5580.0 5232.0
7292.0 1741.0
822.0 7050.0
9755.0 6624.0
8954.0 4895.0
9037.0 5762.0
8313.0 7295.0
8236.0 6487.0
2165.0 5556.0
7501.0 6040.0
8118.0 738.0
7403.0 6388.0
2214.0 1918.0
4571.0 8085.0
1010.0 4360.0
9180.0 8042.0
7483.0 8739.0
6350.0 8610.0
9071.0 5046.0
6031.0 7839.0
8662.0 7303.0
8439.0 3309.0
1878.0 7728.0
4621.0 4409.0
6435.0 1474.0
4215.0 452.0
1944.0 5589.0
4973.0 4503.0
928.0 8311.0
1123.0 5307.0
4417.0 7348.0
138.0 2199.0
7908.0 8263.0
9977.0 375.0
6034.0 6607.0
1376.0 6420.0
6747.0 9924.0
2260.0 6452.0
8341.0 8269.0
3836.0 1787.0
5138.0 4365.0
447.0 9503.0
156.0 7033.0
7753.0 7772.0
5572.0 4034.0
6316.0 8366.0
4311.0 2949.0
146.0 1192.0
8573.0 1229.0
2289.0 8270.0
3628.0 9055.0
2028.0 7008.0
7685.0 1135.0
760.0 5175.0
1173.0 6073.0
6123.0 2451.0
1231.0 4439.0
6446.0 5931.0
9756.0 9182.0
88.0 9470.0
5808.0 4509.0
6738.0 9259.0
5694.0 1863.0
246.0 496.0
6565.0 4148.0
5060.0 2555.0
1828.0 1807.0
828.0 2526.0
9214.0 6916.0
2244.0 9505.0
4800.0 3900.0
3715.0 4532.0
8821.0 8022.0
899.0 3533.0
1590.0 5273.0
3702.0 3187.0
339.0 9787.0
7800.0 2058.0
308.0 7430.0
4252.0 1913.0
5904.0 6678.0
9279.0 6579.0
241.0 435.0
8774.0 8244.0
3892.0 4909.0
4624.0 3574.0
6166.0 4183.0
2398.0 4520.0
4731.0 1621.0
2489.0 1227.0
1913.0 1728.0
9264.0 6890.0
8470.0 8617.0
5306.0 6970.0
8189.0 9690.0
313.0 7640.0
9103.0 5687.0
6714.0 842.0
9661.0 729.0
6595.0 5844.0
663.0 8483.0
6983.0 9678.0
6294.0 3090.0
3073.0 1335.0
58.0 5981.0
1459.0 7112.0
3949.0 2220.0
7946.0 6987.0
1674.0 2503.0
7009.0 4399.0
9238.0 9451.0
2472.0 4330.0
8735.0 9316.0
1475.0 7059.0
3636.0 2757.0
6301.0 7478.0
6420.0 793.0
1135.0 2347.0
1852.0 4581.0
3318.0 380.0
1736.0 153.0
1178.0 2534.0
9459.0 1731.0
2993.0 2390.0
5152.0 9769.0
4177.0 9012.0
4779.0 2346.0
2234.0 7155.0
8987.0 1041.0
1577.0 2222.0
26.0 4933.0
2757.0 9831.0
7562.0 8846.0
3191.0 2401.0
6711.0 4478.0
8954.0 7611.0
4101.0 5555.0
9697.0 6144.0
297.0 620.0
1277.0 8576.0
9396.0 9620.0
3151.0 3798.0
9122.0 2898.0
124.0 3869.0
7233.0 3735.0
502.0 2660.0
2571.0 8076.0
5237.0 8187.0
1564.0 7563.0
5119.0 1013.0
3510.0 4523.0
5602.0 3594.0
450.0 31.0
1319.0 7967.0
9975.0 8680.0
4866.0 1649.0
1753.0 6207.0
6916.0 4133.0
1126.0 8584.0
7252.0 8868.0
5588.0 3733.0
8762.0 8105.0
2449.0 9470.0
8990.0 489.0
8535.0 3839.0
6305.0 3775.0
5219.0 6441.0
249.0 7571.0
4610.0 1919.0
8155.0 3458.0
5229.0 9206.0
2582.0 2406.0
7984.0 2686.0
6655.0 1840.0
5763.0 3894.0
6874.0 7255.0
2474.0 4890.0
5459.0 5753.0
9839.0 6934.0
6805.0 1400.0
2780.0 608.0
5121.0 4760.0
6701.0 6003.0
2812.0 1522.0
2490.0 4110.0
1690.0 7567.0
7574.0 3052.0
1567.0 395.0
3829.0 5285.0
3314.0 9255.0
5676.0 4396.0
5955.0 8901.0
4183.0 2647.0
9850.0 4326.0
5487.0 2876.0
567.0 6368.0
4366.0 906.0
481.0 580.0
6273.0 7090.0
7696.0 4226.0
3654.0 8111.0
4345.0 8805.0
4874.0 2698.0
8843.0 7979.0
6571.0 7362.0
9169.0 3284.0
2748.0 798.0
6731.0 2510.0
6439.0 8094.0
2910.0 8134.0
2264.0 8360.0
2825.0 5691.0
680.0 1930.0
3408.0 4454.0
7270.0 5751.0
5359.0 5325.0
2877.0 8108.0
1037.0 3299.0
2901.0 6310.0
2877.0 4402.0
6595.0 3469.0
9380.0 9472.0
9657.0 3008.0
8275.0 9677.0
5961.0 2028.0
8894.0 1141.0
6733.0 7171.0
8353.0 8571.0
7996.0 9104.0
8595.0 266.0
9608.0 4272.0
3875.0 9385.0
1710.0 5029.0
748.0 8861.0
6896.0 1803.0
5140.0 9845.0
8952.0 3418.0
3563.0 6061.0
1446.0 4203.0
8053.0 8956.0
2022.0 9023.0
6896.0 1022.0
706.0 9870.0
5711.0 7186.0
3034.0 140.0
5968.0 6632.0
1346.0 5233.0
497.0 9962.0
42.0 604.0
8080.0 9049.0
3136.0 903.0
1673.0 9495.0
4923.0 6337.0
7344.0 8055.0
7080.0 4883.0
3492.0 9918.0
8017.0 1483.0
2417.0 3232.0
2811.0 7864.0
8811.0 745.0
4525.0 9101.0
2246.0 958.0
246.0 5573.0
3216.0 3658.0
7663.0 1431.0
4820.0 7227.0
491.0 3211.0
4646.0 7603.0
3579.0 4738.0
3927.0 1278.0
1010.0 6941.0
3540.0 7214.0
3021.0 3714.0
8924.0 5061.0
54.0 7463.0
8476.0 9558.0
4771.0 461.0
2508.0 3507.0
5340.0 653.0
2327.0 4191.0
5825.0 3037.0
1506.0 630.0
1990.0 265.0
3926.0 1548.0
3344.0 8577.0
5656.0 6445.0
4739.0 7720.0
230.0 4643.0
3355.0 5980.0
9413.0 9703.0
9380.0 3949.0
4002.0 9090.0
1210.0 3174.0
1752.0 1455.0
8488.0 8314.0
1991.0 6452.0
8806.0 3939.0
8984.0 4426.0
6386.0 9602.0
8633.0 5901.0
3560.0 9316.0
5573.0 3214.0
8378.0 4079.0
241.0 9204.0
4145.0 8567.0
7973.0 317.0
9235.0 5629.0
4724.0 4030.0
7978.0 4728.0
6459.0 2963.0
5945.0 2948.0
1796.0 569.0
5473.0 9710.0
9975.0 5777.0
9711.0 8819.0
8705.0 6483.0
6047.0 3987.0
8988.0 4259.0
2213.0 6455.0
6461.0 5171.0
887.0 5848.0
1347.0 4086.0
1131.0 7907.0
1577.0 2351.0
7468.0 5214.0
6153.0 1230.0
9921.0 9551.0
8321.0 5972.0
841.0 7036.0
635.0 7905.0
6844.0 9640.0
6464.0 4435.0
6666.0 9256.0
5033.0 9323.0
8267.0 2922.0
9549.0 8144.0
1009.0 341.0
494.0 6282.0
1207.0 7340.0
8659.0 9373.0
1900.0 1385.0
4968.0 8561.0
141.0 7794.0
6697.0 5451.0
7641.0 7784.0
2118.0 4150.0
3075.0 1973.0
8174.0 271.0
6880.0 5480.0
8232.0 9288.0
1862.0 3259.0
9499.0 9120.0
5432.0 6777.0
2155.0 4331.0
1789.0 5705.0
4789.0 1825.0
4874.0 722.0
3208.0 428.0
5414.0 6079.0
2170.0 9223.0
7878.0 3063.0
2138.0 2036.0
5661.0 7976.0
5603.0 7950.0
5320.0 776.0
60.0 233.0
3181.0 3008.0
7203.0 8551.0
137.0 6157.0
408.0 1870.0
2959.0 4058.0
5077.0 1908.0
2940.0 5491.0
8908.0 9534.0
5188.0 5604.0
1666.0 8992.0
4394.0 7284.0
6535.0 7332.0
5396.0 6120.0
7590.0 8932.0
9347.0 5078.0
502.0 7497.0
8831.0 7541.0
6008.0 407.0
7720.0 9820.0
8242.0 2815.0
4112.0 6797.0
2482.0 1356.0
7159.0 6810.0
9398.0 9871.0
1119.0 4426.0
5350.0 2010.0
2434.0 2227.0
831.0 8114.0
8166.0 5249.0
1606.0 6242.0
6610.0 4204.0
9625.0 9743.0
3406.0 6115.0
3287.0 6241.0
8963.0 3498.0
9107.0 5420.0
5518.0 5727.0
9374.0 5503.0
4661.0 8713.0
2867.0 789.0
8630.0 1524.0
8189.0 5144.0
1204.0 1096.0
1798.0 8829.0
6518.0 8642.0
5311.0 8534.0
6613.0 3915.0
9131.0 3022.0
1048.0 5945.0
1995.0 9247.0
4387.0 1389.0
8485.0 6340.0
9889.0 4122.0
9098.0 7339.0
214.0 2204.0
9924.0 1052.0

33.0 9334.0
2801.0 1098.0
5189.0 1614.0
2277.0 3113.0
6082.0 5724.0
4432.0 8609.0
8858.0 5808.0
6211.0 2955.0
1668.0 997.0
576.0 2234.0
2708.0 2142.0
5352.0 7641.0
985.0 8854.0
1149.0 6682.0
694.0 2976.0
5499.0 3590.0
2479.0 7128.0
2718.0 3795.0
7429.0 9471.0
1598.0 9858.0
2109.0 8289.0
5492.0 8757.0
5453.0 2543.0
1846.0 2875.0
853.0 7045.0
791.0 9612.0
9235.0 3346.0
4802.0 6983.0
1476.0 10002.0
4053.0 5087.0
951.0 8348.0
4503.0 5825.0
9557.0 2391.0
8306.0 5763.0
3016.0 3984.0
8592.0 9520.0
3780.0 6881.0
3201.0 3541.0
2375.0 5855.0
4455.0 2685.0
469.0 9445.0
4508.0 4446.0
1541.0 7526.0
8362.0 8264.0
7393.0 7302.0
9136.0 9735.0
1410.0 3865.0
2613.0 2177.0
1820.0 3938.0
679.0 350.0
815.0 3972.0
5702.0 3801.0
7837.0 6182.0
431.0 9655.0
7848.0 8685.0
476.0 7256.0
7919.0 8369.0
8946.0 9536.0
7938.0 7623.0
5314.0 8518.0
3770.0 8553.0
3080.0 4785.0
3689.0 837.0
3304.0 3358.0
1401.0 1817.0
3565.0 821.0
1471.0 8.0
4439.0 1093.0
5484.0 5621.0
8057.0 9733.0
9766.0 4229.0
5801.0 9157.0
7957.0 2254.0
4731.0 9639.0
4291.0 5345.0
4782.0 3504.0
5883.0 3331.0
1350.0 2362.0
4848.0 7863.0
280.0 9811.0
3574.0 1368.0
4870.0 4434.0
8961.0 8458.0
6935.0 526.0
3967.0 3436.0
6523.0 6413.0
7252.0 10.0
7341.0 2719.0
4267.0 1868.0
7444.0 5526.0
5586.0 5237.0
7297.0 1747.0
826.0 7055.0
9760.0 6629.0
8958.0 4900.0
9043.0 5767.0
8319.0 7300.0
8242.0 6493.0
2170.0 5561.0
7505.0 6046.0
8123.0 743.0
7407.0 6392.0
2219.0 1924.0
4576.0 8091.0
1015.0 4365.0
9185.0 8046.0
7489.0 8744.0
6356.0 8615.0
9076.0 5051.0
6036.0 7844.0
8667.0 7309.0
8444.0 3313.0
1883.0 7734.0
4626.0 4414.0
6440.0 1479.0
4220.0 457.0
1949.0 5595.0
4979.0 4509.0
932.0 8315.0
1127.0 5311.0
4423.0 7354.0
143.0 2203.0
7912.0 8268.0
9981.0 380.0
6038.0 6613.0
1382.0 6424.0
6753.0 9929.0
2265.0 6456.0
8345.0 8274.0
3842.0 1792.0
5143.0 4370.0
451.0 9508.0
162.0 7039.0
7757.0 7777.0
5576.0 4039.0
6322.0 8370.0
4315.0 2954.0
151.0 1198.0
8579.0 1234.0
2295.0 8275.0
3632.0 9061.0
2033.0 7014.0
7689.0 1139.0
765.0 5180.0
1178.0 6079.0
6129.0 2456.0
1237.0 4443.0
6452.0 5935.0
9760.0 9187.0
92.0 9476.0
5812.0 4514.0
6743.0 9265.0
5700.0 1868.0
250.0 501.0
6569.0 4152.0
5065.0 2560.0
1832.0 1813.0
833.0 2531.0
9220.0 6920.0
2248.0 9510.0
4804.0 3905.0
3719.0 4538.0
8826.0 8027.0
905.0 3539.0
1595.0 5278.0
3706.0 3192.0
345.0 9791.0
7805.0 2063.0
313.0 7436.0
4257.0 1918.0
5909.0 6684.0
9284.0 6584.0
246.0 441.0
8780.0 8249.0
3897.0 4914.0
4630.0 3579.0
6171.0 4187.0
2403.0 4526.0
4736.0 1625.0
2494.0 1231.0
1917.0 1733.0
9270.0 6895.0
8475.0 8622.0
5312.0 6974.0
8194.0 9695.0
318.0 7644.0
9108.0 5692.0
6720.0 846.0
9665.0 734.0
6601.0 5849.0
667.0 8489.0
6989.0 9683.0
6299.0 3095.0
3078.0 1340.0
63.0 5987.0
1464.0 7117.0
3955.0 2225.0
7950.0 6993.0
1678.0 2508.0
7015.0 4405.0
9243.0 9455.0
2478.0 4335.0
8740.0 9322.0
1481.0 7064.0
3640.0 2762.0
6306.0 7484.0
6426.0 799.0
1140.0 2352.0
1856.0 4587.0
3322.0 385.0
1741.0 157.0
1183.0 2540.0
9463.0 1736.0
2997.0 2396.0
5158.0 9775.0
4182.0 9017.0
4783.0 2351.0
2239.0 7159.0
8992.0 1047.0
1582.0 2226.0
31.0 4938.0
2763.0 9836.0
7567.0 8852.0
3196.0 2405.0
6715.0 4484.0
8960.0 7616.0
4106.0 5560.0
9702.0 6148.0
302.0 624.0
1281.0 8582.0
9401.0 9626.0
3155.0 3803.0
9127.0 2903.0
128.0 3875.0
7238.0 3740.0
507.0 2664.0
2576.0 8081.0
5242.0 8191.0
1569.0 7568.0
5125.0 1019.0
3515.0 4527.0
5607.0 3598.0
455.0 36.0
1324.0 7971.0
9979.0 8686.0
4871.0 1654.0
1759.0 6213.0
6921.0 4139.0
1131.0 8589.0
7256.0 8872.0
5593.0 3738.0
8766.0 8109.0
2454.0 9475.0
8995.0 495.0
8539.0 3844.0
6310.0 3779.0
5224.0 6447.0
253.0 7576.0
4615.0 1924.0
8160.0 3463.0
5233.0 9212.0
2587.0 2410.0
7990.0 2690.0
6659.0 1844.0
5768.0 3900.0
6878.0 7260.0
2480.0 4895.0
5464.0 5758.0
9844.0 6939.0
6810.0 1405.0
2786.0 612.0
5125.0 4766.0
6706.0 6008.0
2818.0 1527.0
2496.0 4115.0
1696.0 7573.0
7580.0 3057.0
1571.0 401.0
3833.0 5290.0
3320.0 9261.0
5680.0 4402.0
5961.0 8907.0
4188.0 2653.0
9854.0 4330.0
5493.0 2881.0
571.0 6374.0
4371.0 911.0
487.0 586.0
6278.0 7096.0
7700.0 4231.0
3659.0 8115.0
4349.0 8810.0
4878.0 2703.0
8848.0 7985.0
6576.0 7368.0
9174.0 3288.0
2752.0 802.0
6736.0 2516.0
6444.0 8100.0
2915.0 8140.0
2270.0 8365.0
2830.0 5697.0
686.0 1934.0
3413.0 4459.0
7275.0 5757.0
5363.0 5331.0
2882.0 8113.0
1042.0 3304.0
2906.0 6315.0
2881.0 4408.0
6600.0 3475.0
9385.0 9477.0
9661.0 3013.0
8280.0 9683.0
5966.0 2034.0
8899.0 1147.0
6738.0 7177.0
8358.0 8576.0
8001.0 9108.0
8600.0 271.0
9614.0 4276.0
3881.0 9390.0
1714.0 5033.0
754.0 8866.0
6901.0 1808.0
5145.0 9850.0
8956.0 3423.0
3568.0 6066.0
1452.0 4209.0
8059.0 8961.0
2027.0 9028.0
6901.0 1027.0
711.0 9875.0
5716.0 7191.0
3039.0 146.0
5973.0 6636.0
1352.0 5238.0
502.0 9967.0
47.0 609.0
8085.0 9055.0
3141.0 909.0
1678.0 9500.0
4929.0 6343.0
7350.0 8060.0
7086.0 4888.0
3497.0 9923.0
8021.0 1488.0
2422.0 3237.0
2816.0 7869.0
8815.0 751.0
4530.0 9106.0
2250.0 964.0
252.0 5578.0
3222.0 3663.0
7668.0 1437.0
4825.0 7232.0
495.0 3216.0
4652.0 7609.0
3585.0 4743.0
3932.0 1282.0
1015.0 6946.0
3544.0 7220.0
3026.0 3719.0
8929.0 5066.0
58.0 7468.0
8481.0 9564.0
4777.0 465.0
2514.0 3512.0
5345.0 658.0
2333.0 4197.0
5831.0 3042.0
1512.0 636.0
1994.0 270.0
3932.0 1552.0
3348.0 8582.0
5660.0 6450.0
4745.0 7725.0
235.0 4648.0
3360.0 5985.0
9419.0 9708.0
9386.0 3955.0
4007.0 9094.0
1216.0 3179.0
1756.0 1459.0
8492.0 8318.0
1997.0 6458.0
8812.0 3944.0
8990.0 4431.0
6391.0 9608.0
8638.0 5907.0
3565.0 9322.0
5579.0 3220.0
8384.0 4085.0
247.0 9209.0
4150.0 8571.0
7977.0 323.0
9239.0 5634.0
4729.0 4034.0
7984.0 4732.0
6464.0 2968.0
5950.0 2953.0
1801.0 575.0
5478.0 9715.0
9980.0 5781.0
9715.0 8824.0
8710.0 6488.0
6051.0 3992.0
8992.0 4264.0
2218.0 6459.0
6466.0 5176.0
892.0 5853.0
1353.0 4091.0
1136.0 7913.0
1581.0 2356.0
7473.0 5219.0
6157.0 1234.0
9927.0 9556.0
8327.0 5977.0
847.0 7042.0
640.0 7910.0
6849.0 9646.0
6470.0 4439.0
6671.0 9260.0
5038.0 9329.0
8271.0 2927.0
9554.0 8149.0
1014.0 346.0
498.0 6287.0
1211.0 7344.0
8664.0 9378.0
1906.0 1391.0
4973.0 8566.0
146.0 7798.0
6701.0 5456.0
7647.0 7790.0
2123.0 4155.0
3080.0 1977.0
8179.0 276.0
6885.0 5485.0
8237.0 9292.0
1867.0 3264.0
9504.0 9126.0
5437.0 6781.0
2160.0 4337.0
1794.0 5710.0
4795.0 1829.0
4879.0 726.0
3212.0 434.0
5419.0 6083.0
2175.0 9227.0
7883.0 3069.0
2142.0 2041.0
5667.0 7981.0
5607.0 7955.0
5325.0 780.0
65.0 238.0
3185.0 3013.0
7209.0 8555.0
143.0 6163.0
413.0 1875.0
2964.0 4063.0
5082.0 1913.0
2944.0 5496.0
8912.0 9538.0
5193.0 5609.0
1671.0 8997.0
4400.0 7288.0
6541.0 7338.0
5401.0 6125.0
7595.0 8936.0
9352.0 5083.0
507.0 7502.0
8837.0 7546.0
6014.0 413.0
7725.0 9825.0
8247.0 2820.0
4117.0 6802.0
2487.0 1361.0
7164.0 6815.0
9403.0 9877.0
1125.0 4431.0
5354.0 2014.0
2438.0 2231.0
837.0 8118.0
8171.0 5254.0
1611.0 6247.0
6614.0 4208.0
9630.0 9748.0
3412.0 6121.0
3292.0 6247.0
8967.0 3504.0
9112.0 5426.0
5522.0 5732.0
9380.0 5508.0
4667.0 8717.0
2872.0 794.0
8635.0 1530.0
8193.0 5149.0
1210.0 1100.0
1803.0 8834.0
6522.0 8648.0
5315.0 8539.0
6618.0 3920.0
9136.0 3027.0
1052.0 5949.0
2001.0 9252.0
4392.0 1394.0
8490.0 6344.0
9895.0 4127.0
9102.0 7343.0
219.0 2209.0
9930.0 1057.0
