1
512 1 3.0 0.0 1000.0 3 160 240 100

6.5 13.5 29.3 58.5
13.0 27.0 58.5 117.0
19.5 40.5 87.8 175.5
26.0 54.0 117.0 234.0
39.0 81.0 175.5 351.0
52.0 108.0 234.0 468.0
58.5 121.5 263.3 526.5
65.0 135.0 292.5 585.0
78.0 162.0 351.0 702.0
0.0 180.0 390.0 780.0

2.0 5.0 8.0 11.0
5.0 8.0 11.0 14.0
9.0 12.0 15.0 18.0
11.0 14.0 17.0 20.0
15.0 18.0 21.0 24.0
18.0 21.0 24.0 27.0
20.0 23.0 26.0 29.0
25.0 28.0 31.0 34.0
29.0 32.0 35.0 38.0
0.0 34.0 37.0 40.0

9037.0 1340.0
8651.0 4644.0
1628.0 6161.0
4146.0 5635.0
672.0 1084.0
2283.0 9495.0
7622.0 9592.0
6126.0 7788.0
6279.0 8513.0
1263.0 9192.0
648.0 8343.0
9484.0 2490.0
5574.0 3880.0
1560.0 6377.0
944.0 1295.0
6213.0 8454.0
2803.0 271.0
4826.0 8300.0
7184.0 2351.0
3979.0 1997.0
4991.0 9123.0
375.0 8009.0
8734.0 6369.0
5223.0 6765.0
4458.0 2824.0
7660.0 8868.0
4669.0 4663.0
9268.0 9282.0
586.0 9365.0
4265.0 7394.0
4543.0 5072.0
2441.0 5330.0
5845.0 4081.0
4403.0 9412.0
5922.0 1609.0
1201.0 2132.0
1080.0 3450.0
2919.0 4531.0
3676.0 8670.0
3270.0 1365.0
5050.0 5965.0
9806.0 3941.0
6016.0 4817.0
1776.0 7998.0
3235.0 5080.0
226.0 6534.0
2307.0 1133.0
7404.0 9938.0
885.0 9223.0
5036.0 8335.0
7629.0 9146.0
3553.0 3504.0
5344.0 3880.0
6828.0 266.0
9091.0 3321.0
9502.0 9722.0
2619.0 747.0
6470.0 9220.0
8916.0 3129.0
6584.0 6438.0
3216.0 8959.0
5164.0 7463.0
9271.0 9677.0
2366.0 1251.0
2222.0 3381.0
6998.0 5349.0
3864.0 1914.0
7836.0 264.0
8660.0 4978.0
7021.0 2361.0
1293.0 7410.0
2606.0 7665.0
9092.0 8244.0
9817.0 1471.0
5155.0 2698.0
3111.0 1117.0
477.0 714.0
3586.0 1822.0
5915.0 8191.0
8824.0 7971.0
7299.0 9536.0
4737.0 4720.0
9527.0 2670.0
1475.0 7307.0
7940.0 122.0
7987.0 7963.0
7820.0 2340.0
2281.0 2786.0
5318.0 1859.0
6971.0 3478.0
5636.0 9453.0
2179.0 1324.0
6783.0 5902.0
351.0 3283.0
9728.0 5513.0
72.0 2594.0
8265.0 28.0
8442.0 8765.0
4417.0 4038.0
4081.0 4335.0
7688.0 5563.0
5344.0 8287.0
9004.0 7898.0
803.0 8497.0
2635.0 1384.0
1577.0 8106.0
1944.0 6226.0
7576.0 3191.0
7272.0 9985.0
2228.0 1617.0
6773.0 5895.0
2760.0 5468.0
3536.0 615.0
5606.0 1914.0
4796.0 2568.0
9013.0 9922.0
1570.0 4489.0
7404.0 2676.0
9530.0 6316.0
4587.0 8100.0
4428.0 7064.0
5365.0 2365.0
7910.0 6805.0
7623.0 3748.0
2025.0 2393.0
9463.0 6755.0
3249.0 3064.0
8458.0 8861.0
9357.0 4544.0
2587.0 4772.0
4952.0 2805.0
4940.0 5572.0
3971.0 1086.0
6735.0 2661.0
9998.0 6331.0
5749.0 8844.0
7693.0 3657.0
9711.0 1468.0
1170.0 3.0
6728.0 4991.0
7622.0 586.0
7337.0 2846.0
7048.0 4284.0
5218.0 1019.0
1367.0 6603.0
6170.0 8180.0
8760.0 1344.0
7404.0 9787.0
1558.0 4605.0
1724.0 6030.0
8487.0 7252.0
3670.0 5987.0
4603.0 4499.0
7200.0 2902.0
4729.0 3718.0
6959.0 7941.0
8710.0 4116.0
7733.0 2328.0
9327.0 4421.0
9139.0 229.0
6161.0 7191.0
5131.0 7279.0
1248.0 900.0
384.0 2125.0
4847.0 3417.0
8138.0 883.0
2119.0 3018.0
6556.0 6862.0
4065.0 5568.0
3190.0 479.0
8525.0 8993.0
9596.0 6711.0
9563.0 8692.0
694.0 9983.0
6063.0 4.0
5926.0 8885.0
2849.0 6377.0
1799.0 5573.0
155.0 4364.0
7857.0 7266.0
9761.0 9081.0
688.0 9699.0
8618.0 6263.0
3002.0 4938.0
3285.0 9540.0
7372.0 8410.0
990.0 4084.0
6701.0 2561.0
5642.0 241.0
5988.0 7003.0
9616.0 3289.0
2455.0 7547.0
4624.0 7965.0
3617.0 8993.0
7495.0 8870.0
5359.0 9069.0
9192.0 408.0
4592.0 3400.0
7873.0 2378.0
3553.0 3882.0
9331.0 9860.0
5332.0 5359.0
612.0 8519.0
2678.0 7968.0
5163.0 8968.0
4673.0 5052.0
298.0 6318.0
8333.0 9004.0
320.0 3553.0
4707.0 9954.0
1121.0 9855.0
1550.0 4643.0
4568.0 7516.0
7134.0 5407.0
3505.0 3574.0
2272.0 1622.0
694.0 4799.0
119.0 8510.0
7500.0 7160.0
5834.0 686.0
656.0 3423.0
654.0 327.0
7927.0 4984.0
7464.0 2339.0
5978.0 6599.0
7433.0 1422.0
6287.0 5122.0
9778.0 8402.0
7411.0 5900.0
9233.0 5710.0
4423.0 2943.0
8293.0 4408.0
8854.0 1515.0
3800.0 7627.0
4942.0 4268.0
9944.0 7806.0
527.0 4562.0
2248.0 7623.0
3394.0 3095.0
9607.0 6986.0
6404.0 6481.0
3958.0 977.0
7209.0 8905.0
9634.0 6130.0
903.0 492.0
6996.0 4925.0
6391.0 8522.0
7392.0 879.0
9837.0 122.0
9028.0 9119.0
974.0 7562.0
5812.0 9821.0
622.0 9807.0
3748.0 4395.0
227.0 6434.0
1945.0 6800.0
6736.0 2562.0
7814.0 4872.0
8629.0 5926.0
8526.0 9045.0
1444.0 9721.0
3291.0 8360.0
3589.0 7355.0
3547.0 6119.0
5783.0 7746.0
602.0 101.0
9934.0 2285.0
2834.0 4689.0
5789.0 7111.0
6985.0 4819.0
6149.0 6820.0
639.0 4115.0
4004.0 8250.0
5459.0 2098.0
7377.0 5464.0
3230.0 7861.0
222.0 9580.0
9302.0 74.0
176.0 9556.0
496.0 5725.0
6503.0 2594.0
7030.0 2456.0
4034.0 5267.0
561.0 1893.0
1441.0 9021.0
2887.0 3855.0
4645.0 6176.0
2398.0 3804.0
8695.0 5060.0
7841.0 8446.0
3934.0 5413.0
1459.0 6846.0
4766.0 7684.0
6095.0 6944.0
1851.0 2369.0
3307.0 9867.0
1047.0 8007.0
2093.0 6898.0
4915.0 8981.0
260.0 6506.0
5119.0 6737.0
3047.0 1309.0
6519.0 586.0
6039.0 7348.0
6311.0 6682.0
1963.0 571.0
3992.0 6344.0
3427.0 7892.0
515.0 7336.0
6177.0 2724.0
7417.0 4234.0
9936.0 7349.0
9262.0 6535.0
6403.0 7036.0
5213.0 5614.0
6478.0 3253.0
8050.0 4181.0
1281.0 5899.0
1465.0 4361.0
4045.0 6894.0
8935.0 3035.0
2440.0 49.0
21.0 5573.0
3405.0 4573.0
2381.0 1587.0
5065.0 2107.0
345.0 8848.0
2789.0 9677.0
3359.0 3987.0
8972.0 3433.0
120.0 1123.0
8603.0 572.0
6717.0 2050.0
5193.0 9312.0
9619.0 4099.0
4137.0 9318.0
6795.0 4338.0
3068.0 7448.0
2828.0 1218.0
1289.0 6207.0
6306.0 7303.0
2841.0 4792.0
332.0 9227.0
286.0 5114.0
9471.0 3502.0
8769.0 7674.0
8948.0 9303.0
2428.0 4677.0
4417.0 1888.0
7737.0 270.0
3130.0 2749.0
827.0 289.0
9821.0 5165.0
8382.0 6383.0
3121.0 6261.0
4159.0 1920.0
830.0 9218.0
5720.0 9541.0
4867.0 1770.0
8425.0 2749.0
9218.0 9608.0
6285.0 6422.0
6691.0 5844.0
1715.0 3622.0
2821.0 143.0
8779.0 8594.0
7719.0 3675.0
6987.0 8331.0
9213.0 8514.0
5220.0 7582.0
3069.0 2618.0
7847.0 4710.0
8650.0 4009.0
7609.0 8246.0
794.0 318.0
2341.0 6556.0
1268.0 2287.0
5096.0 5484.0
5588.0 2398.0
9751.0 1362.0
3543.0 2231.0
6658.0 9262.0
4243.0 4714.0
5407.0 8882.0
8999.0 9865.0
4285.0 2949.0
7869.0 5191.0
8491.0 5505.0
8184.0 4349.0
1673.0 9988.0
5872.0 222.0
7871.0 9457.0
2903.0 1034.0
3424.0 3876.0
6682.0 636.0
920.0 1817.0
9698.0 6598.0
9753.0 6473.0
253.0 2242.0
360.0 8365.0
7601.0 1244.0
1709.0 9623.0
7305.0 5940.0
4105.0 7231.0
5136.0 2972.0
1894.0 5101.0
337.0 2400.0
3115.0 7385.0
1575.0 8921.0
5699.0 7880.0
1388.0 6319.0
2255.0 2933.0
7464.0 8784.0
8041.0 7713.0
1563.0 5238.0
9166.0 8240.0
9398.0 5286.0
612.0 4046.0
7312.0 7939.0
6139.0 8869.0
4051.0 6737.0
4635.0 9237.0
8469.0 7404.0
2.0 3347.0
6476.0 6662.0
4125.0 5109.0
3051.0 3352.0
5011.0 744.0
7650.0 5484.0
4662.0 7814.0
3808.0 9341.0
3750.0 9074.0
6283.0 9296.0
2670.0 6020.0
1536.0 9441.0
1038.0 9523.0
9887.0 691.0
203.0 7424.0
151.0 9478.0
5846.0 1486.0
96.0 6669.0
238.0 8572.0
8512.0 7852.0
6219.0 3435.0
7249.0 8609.0
7480.0 3015.0
4008.0 918.0
2209.0 4601.0
9232.0 9314.0
9672.0 2774.0
2902.0 7941.0
1811.0 2477.0
9569.0 2129.0
4410.0 8129.0
2431.0 626.0
4915.0 1142.0
9785.0 7124.0
6471.0 731.0
9667.0 2208.0
253.0 5409.0
1011.0 9353.0
648.0 5029.0
2131.0 1122.0
371.0 5785.0
9862.0 4175.0
5086.0 3022.0
5170.0 4238.0
9589.0 9262.0
3558.0 4656.0
138.0 7326.0
1086.0 4668.0
9989.0 917.0
9319.0 6033.0
7718.0 7570.0
5032.0 9143.0
393.0 1340.0
2999.0 2251.0
6165.0 5104.0
2655.0 9959.0
3360.0 4881.0
1996.0 9573.0
5620.0 1029.0
4501.0 6497.0
5189.0 3717.0
7411.0 2254.0
8899.0 2551.0
2185.0 1309.0
3926.0 2736.0
458.0 5292.0
2892.0 2653.0
1306.0 5779.0
382.0 245.0
8151.0 9246.0
5447.0 8083.0
6129.0 346.0
7157.0 9500.0
3226.0 2123.0
2784.0 674.0
1021.0 4311.0
675.0 6051.0
3340.0 3340.0
2399.0 6971.0
3650.0 197.0
1222.0 5910.0
4515.0 4751.0
6491.0 1185.0
4929.0 7697.0
5996.0 9541.0
3848.0 3746.0
881.0 6469.0
737.0 2179.0
164.0 6668.0

9041.0 1346.0
8657.0 4649.0
1633.0 6165.0
4151.0 5640.0
677.0 1088.0
2289.0 9501.0
7626.0 9597.0
6132.0 7793.0
6283.0 8519.0
1268.0 9198.0
653.0 8349.0
9489.0 2495.0
5578.0 3884.0
1565.0 6381.0
948.0 1300.0
6218.0 8459.0
2808.0 275.0
4831.0 8305.0
7190.0 2357.0
3984.0 2002.0
4997.0 9128.0
381.0 8014.0
8739.0 6375.0
5229.0 6770.0
4464.0 2829.0
7666.0 8873.0
4675.0 4668.0
9272.0 9287.0
591.0 9370.0
4271.0 7399.0
4547.0 5077.0
2447.0 5335.0
5850.0 4085.0
4407.0 9418.0
5927.0 1614.0
1206.0 2136.0
1084.0 3455.0
2924.0 4536.0
3682.0 8676.0
3276.0 1371.0
5055.0 5970.0
9810.0 3947.0
6020.0 4822.0
1781.0 8003.0
3241.0 5084.0
230.0 6539.0
2311.0 1138.0
7409.0 9944.0
890.0 9228.0
5040.0 8340.0
7634.0 9152.0
3558.0 3509.0
5349.0 3885.0
6833.0 271.0
9095.0 3326.0
9507.0 9726.0
2625.0 751.0
6476.0 9225.0
8921.0 3134.0
6589.0 6443.0
3220.0 8965.0
5170.0 7469.0
9275.0 9682.0
2371.0 1256.0
2228.0 3385.0
7003.0 5355.0
3870.0 1918.0
7842.0 270.0
8666.0 4984.0
7026.0 2365.0
1297.0 7415.0
2611.0 7670.0
9096.0 8248.0
9822.0 1475.0
5160.0 2702.0
3117.0 1123.0
482.0 719.0
3591.0 1827.0
5920.0 8196.0
8830.0 7975.0
7305.0 9542.0
4743.0 4725.0
9532.0 2675.0
1480.0 7312.0
7945.0 128.0
7991.0 7968.0
7824.0 2345.0
2286.0 2791.0
5323.0 1864.0
6976.0 3482.0
5642.0 9458.0
2184.0 1328.0
6788.0 5908.0
355.0 3289.0
9732.0 5517.0
77.0 2599.0
8271.0 32.0
8446.0 8769.0
4423.0 4043.0
4085.0 4340.0
7692.0 5569.0
5350.0 8292.0
9010.0 7903.0
807.0 8503.0
2640.0 1389.0
1582.0 8111.0
1950.0 6231.0
7581.0 3196.0
7278.0 9989.0
2234.0 1621.0
6778.0 5899.0
2764.0 5473.0
3541.0 619.0
5610.0 1920.0
4802.0 2573.0
9018.0 9927.0
1576.0 4494.0
7409.0 2682.0
9536.0 6321.0
4592.0 8106.0
4433.0 7068.0
5370.0 2370.0
7916.0 6811.0
7627.0 3754.0
2030.0 2398.0
9468.0 6759.0
3253.0 3068.0
8463.0 8866.0
9362.0 4549.0
2592.0 4776.0
4958.0 2810.0
4944.0 5578.0
3975.0 1090.0
6741.0 2665.0
10003.0 6336.0
5753.0 8849.0
7699.0 3661.0
9717.0 1473.0
1174.0 8.0
6732.0 4996.0
7627.0 592.0
7343.0 2851.0
7053.0 4290.0
5222.0 1023.0
1371.0 6609.0
6176.0 8185.0
8766.0 1350.0
7410.0 9791.0
1564.0 4610.0
1728.0 6034.0
8491.0 7258.0
3675.0 5992.0
4607.0 4503.0
7205.0 2907.0
4735.0 3722.0
6963.0 7946.0
8715.0 4120.0
7738.0 2333.0
9332.0 4425.0
9144.0 234.0
6166.0 7196.0
5137.0 7284.0
1253.0 904.0
388.0 2130.0
4853.0 3421.0
8142.0 888.0
2124.0 3022.0
6562.0 6867.0
4070.0 5574.0
3195.0 484.0
8530.0 8998.0
9600.0 6716.0
9568.0 8697.0
700.0 9989.0
6068.0 8.0
5931.0 8889.0
2855.0 6382.0
1805.0 5578.0
160.0 4369.0
7862.0 7270.0
9766.0 9086.0
693.0 9704.0
8624.0 6269.0
3007.0 4943.0
3291.0 9544.0
7378.0 8414.0
996.0 4089.0
6706.0 2566.0
5648.0 245.0
5993.0 7008.0
9622.0 3295.0
2460.0 7552.0
4628.0 7969.0
3621.0 8998.0
7501.0 8874.0
5364.0 9074.0
9196.0 414.0
4597.0 3405.0
7878.0 2383.0
3558.0 3888.0
9336.0 9865.0
5337.0 5364.0
617.0 8524.0
2684.0 7972.0
5169.0 8973.0
4678.0 5057.0
303.0 6323.0
8337.0 9009.0
324.0 3557.0
4711.0 9958.0
1127.0 9860.0
1554.0 4649.0
4573.0 7521.0
7139.0 5413.0
3509.0 3579.0
2277.0 1626.0
700.0 4804.0
125.0 8514.0
7504.0 7165.0
5840.0 691.0
662.0 3428.0
659.0 331.0
7932.0 4988.0
7469.0 2344.0
5983.0 6605.0
7438.0 1427.0
6291.0 5128.0
9784.0 8406.0
7417.0 5905.0
9239.0 5716.0
4428.0 2947.0
8298.0 4413.0
8859.0 1521.0
3806.0 7632.0
4948.0 4273.0
9949.0 7811.0
533.0 4566.0
2252.0 7629.0
3399.0 3100.0
9612.0 6991.0
6408.0 6486.0
3962.0 982.0
7214.0 8911.0
9639.0 6134.0
909.0 497.0
7000.0 4930.0
6396.0 8527.0
7396.0 884.0
9842.0 127.0
9033.0 9123.0
978.0 7567.0
5816.0 9827.0
626.0 9812.0
3753.0 4401.0
233.0 6440.0
1949.0 6805.0
6741.0 2567.0
7820.0 4877.0
8634.0 5930.0
8531.0 9050.0
1450.0 9725.0
3296.0 8365.0
3593.0 7359.0
3552.0 6123.0
5789.0 7751.0
606.0 106.0
9939.0 2290.0
2840.0 4694.0
5794.0 7116.0
6990.0 4823.0
6153.0 6825.0
645.0 4121.0
4008.0 8254.0
5464.0 2103.0
7381.0 5470.0
3236.0 7867.0
227.0 9585.0
9307.0 80.0
181.0 9561.0
500.0 5730.0
6507.0 2599.0
7036.0 2461.0
4039.0 5272.0
567.0 1898.0
1447.0 9025.0
2892.0 3861.0
4649.0 6181.0
2404.0 3809.0
8700.0 5065.0
7845.0 8452.0
3938.0 5417.0
1463.0 6851.0
4771.0 7689.0
6100.0 6948.0
1855.0 2374.0
3312.0 9872.0
1052.0 8013.0
2098.0 6902.0
4921.0 8986.0
266.0 6511.0
5124.0 6742.0
3053.0 1315.0
6524.0 591.0
6045.0 7353.0
6317.0 6687.0
1968.0 576.0
3998.0 6349.0
3433.0 7897.0
519.0 7341.0
6182.0 2728.0
7423.0 4240.0
9941.0 7354.0
9267.0 6541.0
6408.0 7040.0
5218.0 5620.0
6483.0 3257.0
8054.0 4187.0
1286.0 5903.0
1470.0 4366.0
4051.0 6898.0
8939.0 3039.0
2444.0 55.0
26.0 5577.0
3410.0 4579.0
2386.0 1591.0
5069.0 2112.0
350.0 8853.0
2795.0 9682.0
3364.0 3993.0
8978.0 3437.0
124.0 1127.0
8608.0 576.0
6722.0 2055.0
5198.0 9318.0
9624.0 4103.0
4142.0 9323.0
6801.0 4342.0
3074.0 7454.0
2833.0 1222.0
1294.0 6211.0
6311.0 7308.0
2845.0 4796.0
338.0 9231.0
290.0 5119.0
9476.0 3506.0
8774.0 7678.0
8953.0 9308.0
2434.0 4682.0
4422.0 1892.0
7741.0 274.0
3134.0 2755.0
831.0 293.0
9825.0 5170.0
8387.0 6388.0
3125.0 6267.0
4164.0 1925.0
834.0 9222.0
5725.0 9546.0
4871.0 1776.0
8430.0 2755.0
9223.0 9613.0
6291.0 6426.0
6695.0 5850.0
1720.0 3626.0
2826.0 148.0
8784.0 8599.0
7724.0 3680.0
6992.0 8336.0
9218.0 8520.0
5225.0 7588.0
3075.0 2623.0
7852.0 4715.0
8655.0 4014.0
7615.0 8251.0
798.0 323.0
2347.0 6562.0
1274.0 2292.0
5102.0 5489.0
5592.0 2402.0
9756.0 1367.0
3549.0 2237.0
6662.0 9268.0
4247.0 4719.0
5413.0 8887.0
9005.0 9870.0
4291.0 2954.0
7875.0 5196.0
8495.0 5511.0
8190.0 4353.0
1678.0 9992.0
5877.0 227.0
7876.0 9462.0
2909.0 1039.0
3428.0 3881.0
6688.0 641.0
925.0 1822.0
9704.0 6603.0
9758.0 6478.0
259.0 2248.0
365.0 8370.0
7605.0 1249.0
1714.0 9628.0
7311.0 5945.0
4110.0 7236.0
5141.0 2977.0
1899.0 5106.0
342.0 2404.0
3120.0 7390.0
1579.0 8925.0
5705.0 7884.0
1393.0 6323.0
2260.0 2939.0
7468.0 8789.0
8047.0 7718.0
1567.0 5242.0
9171.0 8245.0
9403.0 5290.0
617.0 4051.0
7316.0 7943.0
6144.0 8875.0
4056.0 6743.0
4639.0 9242.0
8474.0 7410.0
7.0 3352.0
6481.0 6667.0
4131.0 5115.0
3055.0 3356.0
5015.0 749.0
7656.0 5488.0
4668.0 7819.0
3813.0 9346.0
3755.0 9078.0
6288.0 9301.0
2675.0 6024.0
1541.0 9446.0
1044.0 9528.0
9891.0 695.0
207.0 7429.0
156.0 9483.0
5852.0 1490.0
102.0 6674.0
243.0 8578.0
8516.0 7856.0
6224.0 3441.0
7254.0 8613.0
7486.0 3019.0
4012.0 922.0
2215.0 4605.0
9236.0 9319.0
9678.0 2778.0
2907.0 7945.0
1816.0 2482.0
9573.0 2135.0
4414.0 8133.0
2437.0 632.0
4920.0 1147.0
9791.0 7129.0
6476.0 737.0
9672.0 2213.0
258.0 5413.0
1016.0 9358.0
653.0 5034.0
2136.0 1126.0
377.0 5789.0
9868.0 4180.0
5091.0 3028.0
5175.0 4242.0
9593.0 9266.0
3563.0 4661.0
144.0 7330.0
1092.0 4673.0
9994.0 922.0
9324.0 6037.0
7723.0 7575.0
5038.0 9149.0
397.0 1344.0
3004.0 2255.0
6170.0 5109.0
2661.0 9964.0
3365.0 4886.0
2000.0 9577.0
5625.0 1034.0
4505.0 6503.0
5194.0 3722.0
7417.0 2260.0
8904.0 2556.0
2190.0 1313.0
3932.0 2742.0
463.0 5297.0
2897.0 2658.0
1311.0 5784.0
387.0 251.0
8156.0 9252.0
5452.0 8088.0
6135.0 352.0
7163.0 9504.0
3231.0 2129.0
2788.0 679.0
1027.0 4317.0
680.0 6056.0
3345.0 3345.0
2403.0 6976.0
3654.0 202.0
1228.0 5916.0
4520.0 4756.0
6497.0 1190.0
4933.0 7703.0
6001.0 9546.0
3852.0 3752.0
886.0 6474.0
741.0 2185.0
169.0 6672.0
