1
512 1 3.0 0.0 1000.0 3 160 240 100

6.5 13.5 29.3 58.5
13.0 27.0 58.5 117.0
19.5 40.5 87.8 175.5
26.0 54.0 117.0 234.0
39.0 81.0 175.5 351.0
52.0 108.0 234.0 468.0
58.5 121.5 263.3 526.5
65.0 135.0 292.5 585.0
78.0 162.0 351.0 702.0
0.0 180.0 390.0 780.0

2.0 5.0 8.0 11.0
5.0 8.0 11.0 14.0
9.0 12.0 15.0 18.0
11.0 14.0 17.0 20.0
15.0 18.0 21.0 24.0
18.0 21.0 24.0 27.0
20.0 23.0 26.0 29.0
25.0 28.0 31.0 34.0
29.0 32.0 35.0 38.0
0.0 34.0 37.0 40.0

8096.0 9082.0
4715.0 8079.0
6448.0 4569.0
3947.0 6579.0
623.0 7432.0
6401.0 9574.0
6762.0 9377.0
1724.0 9032.0
2493.0 1726.0
3181.0 5380.0
1201.0 8399.0
2742.0 8161.0
9064.0 9201.0
5269.0 3490.0
5666.0 9550.0
8888.0 708.0
1514.0 5276.0
1105.0 3107.0
8281.0 3619.0
2755.0 119.0
88.0 4075.0
4325.0 836.0
6652.0 5200.0
1752.0 1268.0
1616.0 6022.0
1246.0 196.0
1884.0 3193.0
5212.0 1016.0
6279.0 7499.0
3853.0 9463.0
4348.0 5880.0
9507.0 9576.0
8633.0 7580.0
3301.0 2820.0
6219.0 5564.0
6183.0 7707.0
7901.0 6834.0
8915.0 9838.0
5761.0 7783.0
8085.0 4723.0
2508.0 3201.0
7708.0 8272.0
8372.0 95.0
8505.0 2332.0
3889.0 9928.0
9400.0 5175.0
9392.0 5428.0
8333.0 9280.0
4537.0 590.0
1946.0 1340.0
3662.0 5008.0
6209.0 1829.0
5330.0 6170.0
2572.0 4056.0
6846.0 5849.0
6693.0 5049.0
7097.0 9217.0
9326.0 3185.0
3507.0 7823.0
1438.0 9928.0
1454.0 65.0
8120.0 5563.0
6944.0 5288.0
8369.0 1313.0
5889.0 135.0
299.0 2717.0
5784.0 8299.0
3874.0 1656.0
8116.0 7292.0
5705.0 6904.0
2333.0 8379.0
3003.0 5593.0
4672.0 8290.0
6251.0 471.0
7687.0 3870.0
2665.0 338.0
8786.0 3270.0
5009.0 3537.0
8598.0 9842.0
2850.0 6896.0
2497.0 7341.0
5799.0 4988.0
1095.0 7588.0
842.0 7101.0
8033.0 4223.0
8288.0 1801.0
5874.0 8671.0
3451.0 1468.0
3446.0 6968.0
3596.0 1685.0
428.0 8561.0
2248.0 2872.0
7511.0 743.0
5414.0 4039.0
2956.0 4823.0
6807.0 1044.0
8870.0 2691.0
1623.0 4239.0
3010.0 4893.0
960.0 2886.0
4449.0 3857.0
1429.0 6230.0
3913.0 8408.0
7052.0 3606.0
2120.0 8185.0
2995.0 8459.0
1930.0 9121.0
3213.0 3680.0
2632.0 3590.0
6592.0 8110.0
7196.0 1377.0
8629.0 6626.0
5789.0 91.0
8252.0 8669.0
1404.0 6159.0
1826.0 2603.0
5893.0 28.0
8928.0 5804.0
7250.0 1714.0
6960.0 2828.0
1443.0 5333.0
4165.0 6575.0
4635.0 3734.0
3120.0 9813.0
4093.0 6885.0
9277.0 6949.0
8627.0 124.0
1625.0 8429.0
1862.0 929.0
5031.0 2651.0
4177.0 5326.0
6347.0 2779.0
1613.0 7566.0
8842.0 8324.0
2597.0 9222.0
2030.0 3901.0
5775.0 6313.0
6472.0 14.0
4793.0 5607.0
5615.0 3285.0
8337.0 3733.0
9239.0 5976.0
6257.0 5225.0
5585.0 7217.0
5093.0 8140.0
1734.0 798.0
8819.0 8383.0
4305.0 6933.0
3141.0 6366.0
5045.0 7847.0
4147.0 2136.0
8378.0 9604.0
4650.0 7607.0
488.0 5033.0
4023.0 7031.0
2003.0 5139.0
9875.0 9332.0
8848.0 8898.0
2356.0 8439.0
8346.0 3798.0
4437.0 266.0
126.0 2021.0
3969.0 7440.0
3916.0 9643.0
5854.0 5444.0
8794.0 8742.0
5135.0 6288.0
951.0 4791.0
4338.0 8336.0
9560.0 4214.0
876.0 3447.0
2804.0 9504.0
2842.0 5033.0
8637.0 1766.0
4012.0 3191.0
7351.0 3086.0
1369.0 5521.0
5523.0 3592.0
980.0 4782.0
3395.0 607.0
539.0 7005.0
287.0 9760.0
9399.0 6207.0
5080.0 448.0
9411.0 4322.0
1366.0 537.0
2397.0 7502.0
9317.0 7662.0
2566.0 2409.0
8862.0 7042.0
4702.0 8630.0
1215.0 8159.0
1446.0 5853.0
8357.0 5211.0
5481.0 6937.0
2517.0 8707.0
4953.0 502.0
231.0 8088.0
2941.0 9180.0
8052.0 7763.0
4299.0 2154.0
9482.0 1435.0
5688.0 3121.0
5185.0 2110.0
7124.0 7311.0
1067.0 7659.0
5849.0 3693.0
1283.0 4326.0
5865.0 1005.0
5740.0 3064.0
8937.0 8737.0
4181.0 6069.0
5385.0 6699.0
1398.0 3422.0
5493.0 9310.0
664.0 2183.0
4856.0 3245.0
4944.0 2862.0
9470.0 9559.0
7953.0 619.0
8909.0 3931.0
9648.0 1084.0
8383.0 1168.0
3196.0 3189.0
3029.0 2580.0
3021.0 3886.0
215.0 7382.0
5970.0 2128.0
8221.0 1735.0
194.0 2017.0
2081.0 1586.0
8792.0 7478.0
9925.0 7902.0
7808.0 3353.0
5646.0 5471.0
635.0 301.0
6190.0 8870.0
3409.0 3383.0
4312.0 1757.0
8454.0 6705.0
108.0 8101.0
5353.0 9025.0
7145.0 6496.0
1717.0 7686.0
1507.0 1187.0
8216.0 761.0
4580.0 5938.0
4948.0 9805.0
2897.0 9381.0
8715.0 8084.0
863.0 2972.0
3272.0 1669.0
4678.0 5196.0
7132.0 3278.0
8274.0 8137.0
5976.0 1244.0
4604.0 5074.0
9257.0 8506.0
8082.0 199.0
3066.0 8982.0
6507.0 4128.0
3820.0 1230.0
3283.0 1305.0
9848.0 1769.0
3272.0 7953.0
452.0 2941.0
8076.0 1701.0
4500.0 2700.0
9083.0 6505.0
3136.0 6215.0
9106.0 9023.0
3662.0 1661.0
5910.0 5051.0
4177.0 5089.0
3470.0 7163.0
1033.0 1747.0
9269.0 7196.0
3678.0 3755.0
8463.0 9695.0
3971.0 6487.0
8228.0 4969.0
9516.0 8576.0
8106.0 2878.0
3106.0 2897.0
4682.0 989.0
2837.0 8424.0
1407.0 3232.0
9960.0 5350.0
6875.0 7694.0
4052.0 8334.0
7401.0 4677.0
7568.0 5272.0
2187.0 8650.0
4343.0 1479.0
1933.0 247.0
9120.0 1647.0
4176.0 6916.0
7674.0 4473.0
1209.0 3374.0
9597.0 7351.0
8878.0 5493.0
8316.0 982.0
7094.0 3742.0
5423.0 6311.0
5366.0 4836.0
8871.0 8664.0
9182.0 2707.0
7124.0 6467.0
5565.0 2438.0
3813.0 4428.0
8609.0 3296.0
9991.0 3573.0
8328.0 9486.0
3530.0 3010.0
8634.0 9770.0
7757.0 808.0
2764.0 9582.0
3878.0 3874.0
6974.0 1758.0
4275.0 9209.0
5829.0 4541.0
6239.0 1428.0
4897.0 7962.0
8209.0 3925.0
9176.0 2257.0
3091.0 3565.0
8074.0 4433.0
5728.0 1291.0
257.0 1634.0
4082.0 3521.0
4188.0 2418.0
6214.0 1725.0
2683.0 9599.0
7616.0 59.0
2297.0 774.0
5974.0 3441.0
854.0 5172.0
2940.0 961.0
8965.0 7955.0
4958.0 1983.0
3827.0 5613.0
7749.0 4856.0
6140.0 8569.0
1490.0 584.0
3458.0 9645.0
6288.0 6359.0
5794.0 9506.0
9999.0 6336.0
1797.0 2733.0
2970.0 9527.0
6325.0 634.0
6771.0 7195.0
2735.0 9448.0
6496.0 4647.0
5707.0 5065.0
8691.0 4789.0
2919.0 7890.0
9489.0 3335.0
6408.0 3997.0
11.0 8059.0
6917.0 1190.0
8627.0 6956.0
7062.0 1120.0
2111.0 2715.0
1641.0 1075.0
295.0 3368.0
5892.0 1594.0
1274.0 1514.0
5035.0 8511.0
6734.0 6986.0
907.0 598.0
9476.0 358.0
4015.0 6406.0
7707.0 7162.0
1836.0 6453.0
3167.0 5210.0
6663.0 9395.0
2663.0 9891.0
8840.0 3304.0
5076.0 4835.0
3690.0 5687.0
8420.0 7830.0
2968.0 8387.0
4014.0 4358.0
4147.0 5986.0
7346.0 3649.0
3373.0 8855.0
7690.0 4639.0
395.0 4479.0
1055.0 1689.0
6295.0 3181.0
3532.0 2480.0
7342.0 6900.0
4606.0 2946.0
789.0 2127.0
2515.0 6637.0
925.0 659.0
6210.0 8383.0
6218.0 4284.0
1002.0 4665.0
855.0 2043.0
7451.0 5547.0
6504.0 1188.0
5586.0 5576.0
2626.0 5488.0
9005.0 3518.0
6137.0 6996.0
5945.0 3320.0
3771.0 9922.0
6876.0 1175.0
2934.0 7742.0
702.0 6085.0
9385.0 7175.0
4133.0 3781.0
2568.0 5158.0
1295.0 6419.0
1900.0 7462.0
3159.0 2890.0
9848.0 66.0
8850.0 7172.0
116.0 6938.0
3408.0 4572.0
1753.0 342.0
9071.0 8257.0
2504.0 2318.0
9663.0 961.0
7235.0 8450.0
128.0 9233.0
9743.0 7573.0
5815.0 126.0
8768.0 3542.0
8557.0 2704.0
1540.0 7693.0
9133.0 9250.0
664.0 3137.0
8169.0 3548.0
2687.0 4518.0
58.0 6146.0
9139.0 9360.0
6966.0 8953.0
3393.0 9648.0
2493.0 4081.0
9145.0 4762.0
7063.0 4287.0
8856.0 9413.0
9609.0 4926.0
2951.0 2698.0
2622.0 9775.0
3113.0 6920.0
150.0 5624.0
5490.0 7290.0
787.0 3009.0
2128.0 6168.0
256.0 2979.0
1458.0 7947.0
633.0 2269.0
1153.0 3235.0
5787.0 1768.0
9174.0 3460.0
5120.0 5667.0
1337.0 9529.0
155.0 1165.0
6198.0 674.0
1059.0 1115.0
601.0 2122.0
2667.0 4498.0
1700.0 2719.0
2075.0 2106.0
3762.0 6140.0
2373.0 7314.0
599.0 1818.0
9592.0 4325.0
6922.0 4230.0
2426.0 8774.0
4452.0 1664.0
6816.0 8069.0
1111.0 8104.0
9943.0 1359.0
4098.0 4370.0
728.0 1497.0
190.0 7139.0
6379.0 3905.0
9068.0 6983.0
7087.0 9696.0
8009.0 9057.0
3409.0 2957.0
8745.0 2572.0
3439.0 4566.0
9826.0 7676.0
9313.0 7432.0
290.0 890.0
5133.0 528.0
2981.0 2723.0
875.0 1620.0
8317.0 3599.0
9349.0 1053.0
1833.0 6729.0
5787.0 1495.0
1333.0 9070.0
2126.0 1008.0
1945.0 3984.0
557.0 9342.0
9930.0 1752.0
3407.0 9822.0
8537.0 6565.0
8933.0 1719.0
1742.0 1114.0
5086.0 481.0
4191.0 2440.0
5828.0 5722.0
8151.0 5149.0
7062.0 9329.0

8101.0 9086.0
4720.0 8083.0
6452.0 4574.0
3951.0 6583.0
628.0 7437.0
6406.0 9578.0
6767.0 9381.0
1728.0 9036.0
2498.0 1731.0
3186.0 5386.0
1206.0 8404.0
2747.0 8165.0
9070.0 9206.0
5274.0 3494.0
5670.0 9555.0
8893.0 712.0
1519.0 5280.0
1111.0 3113.0
8285.0 3625.0
2759.0 125.0
94.0 4080.0
4331.0 840.0
6657.0 5206.0
1758.0 1274.0
1620.0 6026.0
1250.0 201.0
1889.0 3198.0
5217.0 1021.0
6284.0 7503.0
3857.0 9468.0
4353.0 5885.0
9511.0 9581.0
8638.0 7584.0
3306.0 2825.0
6223.0 5570.0
6189.0 7713.0
7907.0 6839.0
8920.0 9842.0
5767.0 7788.0
8090.0 4728.0
2513.0 3207.0
7713.0 8277.0
8377.0 101.0
8510.0 2336.0
3893.0 9933.0
9405.0 5180.0
9397.0 5433.0
8338.0 9286.0
4542.0 595.0
1951.0 1345.0
3667.0 5013.0
6214.0 1834.0
5336.0 6176.0
2578.0 4061.0
6851.0 5854.0
6698.0 5053.0
7102.0 9221.0
9331.0 3190.0
3511.0 7827.0
1443.0 9933.0
1460.0 71.0
8124.0 5568.0
6948.0 5293.0
8373.0 1317.0
5895.0 140.0
304.0 2722.0
5789.0 8304.0
3880.0 1662.0
8120.0 7296.0
5709.0 6909.0
2338.0 8385.0
3008.0 5599.0
4677.0 8294.0
6255.0 476.0
7693.0 3874.0
2669.0 343.0
8792.0 3275.0
5015.0 3542.0
8604.0 9848.0
2855.0 6901.0
2502.0 7345.0
5804.0 4993.0
1100.0 7592.0
847.0 7105.0
8037.0 4228.0
8294.0 1805.0
5880.0 8676.0
3456.0 1474.0
3452.0 6973.0
3600.0 1691.0
433.0 8566.0
2253.0 2877.0
7517.0 748.0
5420.0 4044.0
2961.0 4828.0
6812.0 1049.0
8875.0 2696.0
1629.0 4245.0
3015.0 4897.0
965.0 2891.0
4454.0 3862.0
1433.0 6234.0
3918.0 8412.0
7057.0 3612.0
2125.0 8190.0
2999.0 8464.0
1935.0 9127.0
3218.0 3686.0
2638.0 3595.0
6596.0 8114.0
7202.0 1383.0
8634.0 6632.0
5793.0 95.0
8258.0 8673.0
1409.0 6163.0
1831.0 2608.0
5897.0 33.0
8933.0 5809.0
7255.0 1718.0
6966.0 2834.0
1447.0 5338.0
4170.0 6580.0
4640.0 3739.0
3126.0 9819.0
4098.0 6890.0
9283.0 6954.0
8632.0 130.0
1631.0 8433.0
1867.0 933.0
5035.0 2655.0
4183.0 5330.0
6353.0 2784.0
1618.0 7571.0
8846.0 8329.0
2601.0 9226.0
2035.0 3906.0
5781.0 6319.0
6477.0 20.0
4799.0 5612.0
5621.0 3291.0
8341.0 3738.0
9244.0 5982.0
6262.0 5229.0
5589.0 7221.0
5098.0 8146.0
1739.0 803.0
8824.0 8388.0
4309.0 6939.0
3147.0 6372.0
5049.0 7852.0
4151.0 2140.0
8382.0 9608.0
4655.0 7612.0
492.0 5038.0
4029.0 7037.0
2007.0 5144.0
9880.0 9337.0
8853.0 8904.0
2360.0 8444.0
8351.0 3802.0
4443.0 271.0
132.0 2026.0
3974.0 7445.0
3920.0 9649.0
5858.0 5450.0
8799.0 8747.0
5140.0 6294.0
957.0 4796.0
4344.0 8342.0
9566.0 4219.0
881.0 3451.0
2809.0 9509.0
2846.0 5037.0
8641.0 1771.0
4017.0 3196.0
7357.0 3090.0
1373.0 5525.0
5529.0 3596.0
984.0 4786.0
3400.0 611.0
544.0 7009.0
291.0 9765.0
9403.0 6212.0
5084.0 454.0
9415.0 4326.0
1370.0 543.0
2401.0 7507.0
9322.0 7666.0
2570.0 2414.0
8867.0 7048.0
4707.0 8634.0
1221.0 8163.0
1452.0 5858.0
8361.0 5215.0
5485.0 6943.0
2522.0 8711.0
4959.0 506.0
236.0 8093.0
2945.0 9185.0
8057.0 7768.0
4305.0 2158.0
9488.0 1440.0
5693.0 3126.0
5191.0 2114.0
7129.0 7316.0
1073.0 7665.0
5854.0 3698.0
1289.0 4331.0
5869.0 1011.0
5745.0 3069.0
8943.0 8743.0
4186.0 6075.0
5391.0 6703.0
1403.0 3427.0
5498.0 9316.0
669.0 2188.0
4861.0 3251.0
4950.0 2866.0
9474.0 9564.0
7957.0 624.0
8915.0 3936.0
9652.0 1090.0
8388.0 1174.0
3201.0 3194.0
3035.0 2585.0
3026.0 3892.0
220.0 7386.0
5975.0 2134.0
8226.0 1739.0
199.0 2023.0
2087.0 1590.0
8797.0 7482.0
9930.0 7908.0
7813.0 3357.0
5652.0 5475.0
640.0 306.0
6196.0 8876.0
3413.0 3388.0
4316.0 1762.0
8459.0 6710.0
113.0 8107.0
5358.0 9030.0
7151.0 6501.0
1723.0 7691.0
1512.0 1192.0
8220.0 766.0
4586.0 5943.0
4954.0 9810.0
2902.0 9386.0
8720.0 8090.0
868.0 2977.0
3277.0 1675.0
4683.0 5200.0
7137.0 3282.0
8278.0 8143.0
5981.0 1249.0
4609.0 5078.0
9262.0 8510.0
8087.0 204.0
3071.0 8986.0
6512.0 4132.0
3824.0 1235.0
3287.0 1311.0
9854.0 1773.0
3277.0 7958.0
457.0 2947.0
8081.0 1705.0
4505.0 2705.0
9088.0 6511.0
3141.0 6221.0
9112.0 9028.0
3668.0 1665.0
5916.0 5056.0
4182.0 5093.0
3475.0 7168.0
1037.0 1751.0
9274.0 7202.0
3683.0 3760.0
8468.0 9700.0
3976.0 6492.0
8234.0 4975.0
9520.0 8581.0
8112.0 2883.0
3111.0 2902.0
4686.0 994.0
2843.0 8428.0
1412.0 3238.0
9965.0 5356.0
6881.0 7699.0
4057.0 8339.0
7405.0 4682.0
7574.0 5276.0
2192.0 8654.0
4349.0 1485.0
1938.0 251.0
9125.0 1652.0
4181.0 6921.0
7679.0 4478.0
1213.0 3379.0
9601.0 7357.0
8883.0 5497.0
8320.0 988.0
7099.0 3747.0
5428.0 6317.0
5371.0 4841.0
8877.0 8669.0
9188.0 2712.0
7128.0 6471.0
5570.0 2444.0
3818.0 4434.0
8614.0 3302.0
9996.0 3577.0
8332.0 9491.0
3535.0 3015.0
8640.0 9775.0
7763.0 814.0
2768.0 9587.0
3883.0 3879.0
6979.0 1762.0
4279.0 9214.0
5834.0 4546.0
6245.0 1432.0
4903.0 7966.0
8214.0 3930.0
9180.0 2262.0
3096.0 3570.0
8079.0 4439.0
5734.0 1295.0
261.0 1639.0
4086.0 3526.0
4192.0 2423.0
6219.0 1730.0
2688.0 9605.0
7622.0 63.0
2302.0 779.0
5978.0 3446.0
859.0 5176.0
2946.0 966.0
8970.0 7959.0
4963.0 1988.0
3832.0 5619.0
7754.0 4861.0
6145.0 8574.0
1495.0 589.0
3463.0 9650.0
6293.0 6365.0
5800.0 9511.0
10004.0 6341.0
1803.0 2738.0
2976.0 9532.0
6330.0 638.0
6775.0 7201.0
2741.0 9454.0
6502.0 4653.0
5712.0 5071.0
8696.0 4794.0
2924.0 7895.0
9495.0 3339.0
6414.0 4001.0
17.0 8064.0
6922.0 1195.0
8632.0 6961.0
7067.0 1125.0
2115.0 2720.0
1645.0 1081.0
300.0 3372.0
5897.0 1599.0
1279.0 1519.0
5040.0 8516.0
6740.0 6991.0
912.0 603.0
9482.0 363.0
4019.0 6412.0
7712.0 7168.0
1841.0 6458.0
3172.0 5215.0
6668.0 9400.0
2667.0 9895.0
8845.0 3310.0
5080.0 4841.0
3695.0 5693.0
8424.0 7834.0
2973.0 8391.0
4018.0 4363.0
4151.0 5990.0
7350.0 3654.0
3378.0 8859.0
7695.0 4644.0
400.0 4483.0
1061.0 1693.0
6301.0 3185.0
3537.0 2485.0
7348.0 6905.0
4610.0 2951.0
794.0 2132.0
2521.0 6642.0
931.0 665.0
6216.0 8388.0
6224.0 4288.0
1007.0 4671.0
860.0 2049.0
7456.0 5551.0
6510.0 1193.0
5591.0 5580.0
2631.0 5493.0
9010.0 3522.0
6141.0 7001.0
5949.0 3326.0
3777.0 9927.0
6881.0 1179.0
2939.0 7747.0
706.0 6091.0
9390.0 7180.0
4137.0 3787.0
2574.0 5163.0
1300.0 6424.0
1904.0 7468.0
3164.0 2896.0
9853.0 71.0
8855.0 7177.0
121.0 6943.0
3412.0 4577.0
1757.0 346.0
9076.0 8262.0
2509.0 2324.0
9669.0 965.0
7240.0 8455.0
134.0 9238.0
9748.0 7578.0
5821.0 132.0
8774.0 3546.0
8562.0 2710.0
1545.0 7699.0
9137.0 9256.0
669.0 3142.0
8175.0 3553.0
2693.0 4523.0
63.0 6151.0
9144.0 9366.0
6971.0 8958.0
3398.0 9653.0
2497.0 4086.0
9150.0 4767.0
7069.0 4291.0
8861.0 9418.0
9615.0 4932.0
2956.0 2703.0
2626.0 9779.0
3118.0 6925.0
156.0 5629.0
5494.0 7295.0
792.0 3014.0
2132.0 6174.0
262.0 2985.0
1462.0 7951.0
637.0 2273.0
1158.0 3240.0
5792.0 1772.0
9180.0 3465.0
5125.0 5673.0
1342.0 9534.0
159.0 1170.0
6203.0 679.0
1064.0 1119.0
606.0 2127.0
2671.0 4504.0
1704.0 2724.0
2079.0 2112.0
3767.0 6145.0
2378.0 7320.0
604.0 1823.0
9596.0 4330.0
6927.0 4235.0
2431.0 8779.0
4457.0 1669.0
6821.0 8074.0
1116.0 8109.0
9948.0 1365.0
4102.0 4374.0
734.0 1502.0
195.0 7144.0
6384.0 3910.0
9073.0 6988.0
7092.0 9701.0
8013.0 9062.0
3415.0 2961.0
8750.0 2576.0
3444.0 4571.0
9831.0 7681.0
9319.0 7437.0
295.0 895.0
5138.0 533.0
2985.0 2727.0
880.0 1625.0
8322.0 3604.0
9355.0 1058.0
1837.0 6735.0
5792.0 1500.0
1338.0 9074.0
2132.0 1013.0
1949.0 3988.0
562.0 9348.0
9935.0 1758.0
3412.0 9827.0
8542.0 6571.0
8938.0 1724.0
1748.0 1118.0
5091.0 486.0
4195.0 2445.0
5833.0 5727.0
8156.0 5153.0
7067.0 9334.0
