1
512 1 3.0 0.0 1000.0 3 160 240 100

6.5 13.5 29.3 58.5
13.0 27.0 58.5 117.0
19.5 40.5 87.8 175.5
26.0 54.0 117.0 234.0
39.0 81.0 175.5 351.0
52.0 108.0 234.0 468.0
58.5 121.5 263.3 526.5
65.0 135.0 292.5 585.0
78.0 162.0 351.0 702.0
0.0 180.0 390.0 780.0

2.0 5.0 8.0 11.0
5.0 8.0 11.0 14.0
9.0 12.0 15.0 18.0
11.0 14.0 17.0 20.0
15.0 18.0 21.0 24.0
18.0 21.0 24.0 27.0
20.0 23.0 26.0 29.0
25.0 28.0 31.0 34.0
29.0 32.0 35.0 38.0
0.0 34.0 37.0 40.0

8473.0 860.0
1516.0 8935.0
5436.0 2592.0
9020.0 4357.0
1219.0 8081.0
8125.0 4153.0
2276.0 3979.0
3925.0 4831.0
7011.0 6256.0
2233.0 8329.0
5826.0 208.0
5451.0 4694.0
3939.0 783.0
7537.0 1576.0
7782.0 9331.0
5159.0 2907.0
8294.0 5440.0
4593.0 1661.0
6950.0 4966.0
6450.0 4073.0
2819.0 7906.0
2786.0 5196.0
1499.0 2235.0
3673.0 8177.0
9222.0 2352.0
2812.0 2155.0
7978.0 3259.0
4233.0 6129.0
9946.0 4106.0
4674.0 8714.0
2089.0 7238.0
8708.0 6140.0
4194.0 1381.0
6171.0 3400.0
6217.0 87.0
3982.0 5910.0
3216.0 9083.0
6910.0 1575.0
8721.0 8652.0
4372.0 5644.0
9847.0 9678.0
2816.0 3228.0
9975.0 4492.0
5775.0 6879.0
7315.0 6143.0
6153.0 9094.0
181.0 2236.0
7815.0 2143.0
2292.0 1971.0
6055.0 93.0
3921.0 7502.0
9004.0 419.0
7212.0 3264.0
4561.0 5082.0
6485.0 9395.0
9904.0 3447.0
6849.0 7880.0
3160.0 1943.0
6945.0 2567.0
9302.0 7831.0
4141.0 6662.0
4843.0 6972.0
2990.0 3860.0
8393.0 7975.0
285.0 1731.0
6663.0 7604.0
2521.0 8500.0
7966.0 4838.0
4085.0 6851.0
7805.0 3449.0
7002.0 884.0
3603.0 5505.0
5551.0 4869.0
8158.0 652.0
1569.0 4917.0
3881.0 8585.0
8769.0 7213.0
2401.0 4573.0
6894.0 8931.0
6589.0 425.0
9016.0 476.0
4594.0 5788.0
7814.0 174.0
7943.0 7145.0
9142.0 5057.0
8279.0 4410.0
3710.0 3862.0
9818.0 7492.0
204.0 882.0
7082.0 7724.0
5650.0 1809.0
9983.0 1518.0
1362.0 5188.0
833.0 6155.0
5282.0 5626.0
343.0 74.0
4031.0 7382.0
2186.0 2548.0
498.0 9482.0
8192.0 131.0
5288.0 5969.0
8750.0 9764.0
2839.0 7450.0
5474.0 910.0
5541.0 2549.0
5726.0 1611.0
1671.0 410.0
1045.0 5845.0
5458.0 7885.0
4058.0 2076.0
116.0 7530.0
954.0 5357.0
7144.0 5046.0
9078.0 7898.0
7733.0 7312.0
1722.0 5454.0
4585.0 4611.0
4678.0 9441.0
4970.0 3216.0
1633.0 7145.0
8348.0 6948.0
7969.0 4907.0
4362.0 8844.0
5035.0 1685.0
9535.0 6570.0
9469.0 2851.0
3490.0 7706.0
4641.0 6627.0
8000.0 3548.0
3778.0 8028.0
4707.0 2543.0
6849.0 7705.0
9818.0 7005.0
5779.0 5560.0
6605.0 9233.0
5061.0 1531.0
9019.0 5676.0
7335.0 8415.0
2256.0 261.0
6011.0 4118.0
8573.0 538.0
9496.0 3217.0
9199.0 2756.0
4105.0 215.0
5636.0 4513.0
5219.0 9367.0
6192.0 6108.0
8766.0 8471.0
6054.0 4237.0
7590.0 6491.0
1720.0 4147.0
9786.0 7414.0
3125.0 8904.0
8558.0 5204.0
9258.0 6892.0
5687.0 7252.0
5616.0 1178.0
3170.0 6196.0
4295.0 6881.0
92.0 2495.0
44.0 5175.0
4325.0 2642.0
8115.0 5057.0
1098.0 396.0
2205.0 6515.0
3026.0 922.0
3335.0 1231.0
8662.0 211.0
2970.0 9445.0
9142.0 4674.0
6204.0 4120.0
4995.0 8284.0
3337.0 6036.0
7683.0 7157.0
654.0 5947.0
2957.0 3948.0
3735.0 2441.0
5574.0 6943.0
9112.0 6616.0
7471.0 1246.0
2592.0 7234.0
3946.0 1919.0
5073.0 2456.0
4934.0 1479.0
9161.0 6813.0
929.0 6621.0
2425.0 4534.0
5642.0 1563.0
5596.0 2871.0
9952.0 7878.0
6536.0 1544.0
4222.0 3217.0
3298.0 6948.0
8558.0 3785.0
2097.0 2257.0
3070.0 7968.0
8508.0 7040.0
2716.0 988.0
2721.0 2549.0
3796.0 2969.0
2162.0 1287.0
1653.0 5295.0
7307.0 1999.0
1683.0 2650.0
9007.0 3729.0
8182.0 609.0
8150.0 5051.0
8146.0 1180.0
968.0 7133.0
9547.0 1171.0
5822.0 1751.0
6203.0 754.0
9778.0 7888.0
3770.0 2137.0
5799.0 3057.0
3956.0 695.0
3866.0 7973.0
6511.0 3467.0
1856.0 5713.0
1071.0 2384.0
4498.0 8993.0
3427.0 2132.0
1213.0 1697.0
3278.0 5004.0
6181.0 3288.0
3053.0 7652.0
6437.0 7238.0
9866.0 7105.0
6323.0 7109.0
5173.0 5942.0
9114.0 6407.0
9200.0 8995.0
9147.0 868.0
9718.0 6486.0
261.0 4272.0
7232.0 944.0
8873.0 1455.0
1153.0 7830.0
2514.0 4625.0
4028.0 2210.0
7144.0 1627.0
3388.0 6394.0
9059.0 7288.0
3301.0 5892.0
9722.0 1469.0
184.0 3604.0
4328.0 9974.0
9952.0 4592.0
7433.0 6920.0
6076.0 6347.0
1454.0 9732.0
617.0 1908.0
6378.0 373.0
2802.0 5742.0
1480.0 8954.0
2225.0 4739.0
2393.0 8350.0
6231.0 9236.0
9327.0 959.0
3560.0 1418.0
4775.0 1236.0
8815.0 1017.0
1520.0 136.0
4835.0 657.0
4260.0 92.0
2533.0 5750.0
674.0 1672.0
271.0 6320.0
258.0 5537.0
7351.0 629.0
1733.0 5841.0
8681.0 3010.0
2357.0 3700.0
191.0 755.0
4970.0 1864.0
7071.0 7482.0
1068.0 4236.0
9402.0 2828.0
748.0 6342.0
2240.0 872.0
2839.0 5425.0
9744.0 2166.0
1029.0 1256.0
5392.0 6749.0
4326.0 1329.0
2879.0 8040.0
2654.0 6543.0
4752.0 9983.0
920.0 6029.0
8362.0 2328.0
7367.0 2235.0
1195.0 1440.0
4527.0 9921.0
157.0 6497.0
3608.0 5175.0
1882.0 3493.0
5617.0 3098.0
3639.0 1894.0
5060.0 5296.0
6897.0 1354.0
4519.0 786.0
8125.0 8365.0
948.0 6481.0
3902.0 5224.0
6983.0 5861.0
9896.0 6196.0
3109.0 6980.0
5793.0 8269.0
8993.0 3431.0
737.0 6366.0
4803.0 4409.0
6363.0 5412.0
5842.0 2496.0
6980.0 4128.0
6300.0 313.0
8981.0 7945.0
466.0 9664.0
4056.0 908.0
2206.0 9300.0
3267.0 8966.0
6028.0 9953.0
1558.0 9521.0
5564.0 7748.0
4785.0 4628.0
7772.0 9653.0
3807.0 7713.0
3702.0 7078.0
2740.0 6217.0
9121.0 6264.0
925.0 5019.0
841.0 6601.0
680.0 8047.0
7045.0 497.0
5423.0 7943.0
2463.0 936.0
5211.0 6171.0
1681.0 5358.0
9292.0 8457.0
6437.0 6994.0
7716.0 2922.0
5207.0 7286.0
6597.0 824.0
5899.0 5533.0
4081.0 2261.0
4986.0 4377.0
6593.0 1736.0
8893.0 2290.0
7438.0 960.0
5953.0 6666.0
2329.0 8777.0
9767.0 3674.0
8898.0 595.0
7270.0 3488.0
9780.0 2204.0
7335.0 2037.0
1315.0 5363.0
8237.0 2904.0
2472.0 5045.0
4784.0 5508.0
1032.0 716.0
8456.0 8200.0
6623.0 6528.0
6348.0 7406.0
2661.0 7824.0
7260.0 6454.0
1787.0 3817.0
5737.0 212.0
1847.0 8846.0
7393.0 4176.0
2008.0 7077.0
1326.0 9127.0
1060.0 8034.0
7956.0 5017.0
2486.0 2856.0
3097.0 183.0
3377.0 3643.0
1597.0 4549.0
6739.0 790.0
6343.0 7936.0
9288.0 5680.0
977.0 7112.0
9286.0 8626.0
7127.0 7725.0
1497.0 4451.0
9479.0 9737.0
8830.0 564.0
4505.0 7505.0
2739.0 4950.0
1181.0 8134.0
6953.0 3922.0
4496.0 4242.0
1601.0 2051.0
5088.0 9756.0
7312.0 9122.0
820.0 9889.0
1349.0 1533.0
8618.0 8924.0
353.0 7992.0
7389.0 1925.0
6770.0 1915.0
5347.0 9034.0
8525.0 5394.0
7554.0 3464.0
4015.0 2122.0
2014.0 6827.0
7002.0 9166.0
5117.0 7941.0
8453.0 9958.0
9783.0 3728.0
4921.0 3392.0
2093.0 3361.0
5528.0 6415.0
4760.0 9264.0
2114.0 9984.0
8233.0 1124.0
9633.0 787.0
2772.0 1538.0
6361.0 3591.0
7306.0 4414.0
5985.0 1617.0
3399.0 9790.0
6147.0 4822.0
5138.0 1165.0
508.0 8457.0
8270.0 4016.0
3917.0 6800.0
4406.0 6593.0
2726.0 9446.0
8609.0 6662.0
4856.0 20.0
1194.0 300.0
6661.0 9719.0
7049.0 1389.0
6164.0 544.0
8308.0 2946.0
4745.0 5626.0
8692.0 3905.0
1841.0 6506.0
339.0 7498.0
9732.0 9776.0
6437.0 9869.0
7985.0 7940.0
5496.0 38.0
9623.0 1899.0
5559.0 4869.0
3593.0 4927.0
9191.0 5154.0
597.0 531.0
2551.0 1465.0
1869.0 9069.0
4380.0 890.0
2950.0 519.0
3217.0 8303.0
7046.0 3272.0
3667.0 8276.0
5039.0 1342.0
5034.0 6302.0
1708.0 4861.0
8159.0 420.0
243.0 1259.0
8756.0 6912.0
9625.0 7003.0
8089.0 6177.0
1920.0 2272.0
4293.0 7435.0
9095.0 3465.0
182.0 3381.0
1380.0 912.0
5834.0 8426.0
1792.0 1678.0
6797.0 6659.0
3859.0 9843.0
1234.0 8159.0
2125.0 9131.0
1810.0 4800.0
7513.0 5290.0
662.0 9163.0
2101.0 8081.0
8264.0 2709.0
402.0 5284.0
9498.0 1829.0
6696.0 3584.0
2775.0 2919.0
500.0 3730.0
496.0 92.0
4740.0 9847.0
1698.0 1684.0
3698.0 5289.0
198.0 4172.0
301.0 9901.0
4045.0 4634.0
4825.0 6092.0
4615.0 5399.0
9584.0 3591.0
6164.0 7004.0
6672.0 5263.0
9155.0 8100.0
8332.0 8889.0
3181.0 3434.0
2023.0 2267.0
7815.0 3553.0
4743.0 1531.0
2189.0 2338.0
3699.0 5078.0
6634.0 1026.0
2880.0 7963.0
2203.0 9841.0
7603.0 4170.0
6392.0 866.0
1610.0 6621.0
5874.0 8293.0
3779.0 7322.0

8477.0 865.0
1521.0 8939.0
5442.0 2598.0
9024.0 4363.0
1223.0 8086.0
8129.0 4157.0
2282.0 3985.0
3931.0 4836.0
7015.0 6260.0
2238.0 8333.0
5831.0 213.0
5455.0 4699.0
3945.0 787.0
7541.0 1582.0
7787.0 9336.0
5164.0 2912.0
8298.0 5445.0
4598.0 1666.0
6954.0 4971.0
6455.0 4078.0
2823.0 7910.0
2790.0 5200.0
1505.0 2241.0
3678.0 8181.0
9227.0 2358.0
2817.0 2160.0
7983.0 3264.0
4238.0 6134.0
9950.0 4111.0
4679.0 8719.0
2094.0 7244.0
8714.0 6145.0
4200.0 1385.0
6177.0 3406.0
6221.0 92.0
3987.0 5915.0
3222.0 9087.0
6916.0 1581.0
8726.0 8656.0
4376.0 5648.0
9852.0 9683.0
2822.0 3232.0
9980.0 4497.0
5781.0 6883.0
7319.0 6147.0
6157.0 9099.0
185.0 2242.0
7819.0 2149.0
2297.0 1977.0
6059.0 98.0
3926.0 7508.0
9010.0 423.0
7218.0 3269.0
4567.0 5088.0
6491.0 9400.0
9909.0 3451.0
6853.0 7884.0
3164.0 1947.0
6949.0 2572.0
9306.0 7837.0
4145.0 6667.0
4849.0 6977.0
2995.0 3866.0
8398.0 7981.0
290.0 1735.0
6667.0 7609.0
2525.0 8506.0
7970.0 4844.0
4090.0 6857.0
7811.0 3453.0
7007.0 890.0
3608.0 5510.0
5557.0 4873.0
8164.0 657.0
1573.0 4922.0
3886.0 8590.0
8774.0 7218.0
2405.0 4579.0
6899.0 8936.0
6595.0 430.0
9022.0 480.0
4599.0 5793.0
7818.0 179.0
7949.0 7150.0
9146.0 5062.0
8285.0 4415.0
3716.0 3867.0
9823.0 7497.0
210.0 887.0
7087.0 7729.0
5654.0 1814.0
9988.0 1523.0
1366.0 5192.0
837.0 6160.0
5287.0 5631.0
349.0 79.0
4036.0 7387.0
2191.0 2554.0
503.0 9486.0
8198.0 135.0
5293.0 5974.0
8756.0 9770.0
2844.0 7455.0
5480.0 916.0
5546.0 2555.0
5732.0 1616.0
1675.0 415.0
1050.0 5851.0
5464.0 7890.0
4063.0 2080.0
121.0 7536.0
959.0 5362.0
7150.0 5050.0
9084.0 7904.0
7738.0 7317.0
1728.0 5458.0
4590.0 4616.0
4682.0 9447.0
4975.0 3221.0
1638.0 7149.0
8354.0 6952.0
7974.0 4912.0
4367.0 8850.0
5040.0 1690.0
9540.0 6575.0
9473.0 2856.0
3495.0 7712.0
4646.0 6631.0
8004.0 3552.0
3783.0 8033.0
4712.0 2548.0
6854.0 7710.0
9823.0 7010.0
5784.0 5565.0
6611.0 9238.0
5067.0 1536.0
9025.0 5681.0
7340.0 8419.0
2261.0 267.0
6016.0 4124.0
8577.0 543.0
9502.0 3223.0
9204.0 2761.0
4110.0 221.0
5641.0 4518.0
5224.0 9372.0
6198.0 6113.0
8770.0 8476.0
6059.0 4242.0
7594.0 6495.0
1725.0 4152.0
9791.0 7420.0
3130.0 8910.0
8564.0 5209.0
9264.0 6898.0
5692.0 7257.0
5622.0 1182.0
3174.0 6201.0
4300.0 6885.0
97.0 2499.0
49.0 5179.0
4329.0 2647.0
8120.0 5062.0
1102.0 401.0
2209.0 6521.0
3031.0 927.0
3340.0 1236.0
8668.0 216.0
2975.0 9449.0
9147.0 4678.0
6210.0 4126.0
5000.0 8290.0
3342.0 6041.0
7689.0 7162.0
659.0 5953.0
2961.0 3953.0
3741.0 2447.0
5580.0 6949.0
9116.0 6621.0
7475.0 1250.0
2598.0 7240.0
3950.0 1924.0
5079.0 2461.0
4938.0 1484.0
9166.0 6818.0
935.0 6625.0
2430.0 4539.0
5647.0 1568.0
5601.0 2876.0
9957.0 7883.0
6541.0 1549.0
4227.0 3222.0
3302.0 6954.0
8562.0 3790.0
2102.0 2262.0
3075.0 7972.0
8513.0 7045.0
2721.0 993.0
2725.0 2554.0
3801.0 2975.0
2168.0 1293.0
1658.0 5300.0
7312.0 2005.0
1687.0 2655.0
9012.0 3734.0
8186.0 613.0
8156.0 5056.0
8150.0 1184.0
974.0 7139.0
9552.0 1175.0
5826.0 1756.0
6208.0 759.0
9783.0 7894.0
3776.0 2143.0
5804.0 3063.0
3961.0 701.0
3870.0 7979.0
6516.0 3473.0
1862.0 5717.0
1075.0 2388.0
4503.0 8999.0
3432.0 2137.0
1217.0 1701.0
3283.0 5008.0
6187.0 3293.0
3058.0 7657.0
6441.0 7243.0
9872.0 7110.0
6328.0 7114.0
5177.0 5947.0
9118.0 6411.0
9204.0 9000.0
9151.0 874.0
9723.0 6491.0
266.0 4276.0
7237.0 949.0
8878.0 1460.0
1158.0 7835.0
2518.0 4631.0
4033.0 2214.0
7149.0 1631.0
3393.0 6398.0
9064.0 7293.0
3306.0 5896.0
9727.0 1474.0
189.0 3608.0
4332.0 9978.0
9957.0 4596.0
7438.0 6925.0
6080.0 6351.0
1459.0 9737.0
623.0 1914.0
6384.0 378.0
2807.0 5748.0
1484.0 8958.0
2231.0 4744.0
2398.0 8355.0
6236.0 9242.0
9331.0 965.0
3565.0 1423.0
4781.0 1242.0
8820.0 1023.0
1526.0 142.0
4840.0 662.0
4266.0 96.0
2538.0 5754.0
678.0 1678.0
277.0 6324.0
264.0 5542.0
7356.0 635.0
1738.0 5845.0
8686.0 3015.0
2361.0 3706.0
195.0 761.0
4975.0 1869.0
7076.0 7487.0
1073.0 4242.0
9407.0 2834.0
752.0 6346.0
2245.0 876.0
2844.0 5430.0
9748.0 2171.0
1035.0 1260.0
5396.0 6755.0
4331.0 1333.0
2883.0 8045.0
2659.0 6548.0
4756.0 9989.0
926.0 6034.0
8368.0 2333.0
7373.0 2239.0
1200.0 1444.0
4533.0 9926.0
162.0 6503.0
3613.0 5181.0
1888.0 3498.0
5621.0 3103.0
3643.0 1899.0
5066.0 5300.0
6903.0 1359.0
4525.0 790.0
8130.0 8370.0
953.0 6486.0
3907.0 5229.0
6988.0 5865.0
9902.0 6200.0
3114.0 6985.0
5798.0 8273.0
8998.0 3435.0
742.0 6371.0
4808.0 4414.0
6368.0 5418.0
5848.0 2501.0
6986.0 4132.0
6306.0 318.0
8985.0 7951.0
472.0 9668.0
4062.0 913.0
2210.0 9306.0
3272.0 8971.0
6034.0 9958.0
1563.0 9526.0
5569.0 7754.0
4791.0 4633.0
7776.0 9657.0
3812.0 7717.0
3706.0 7084.0
2745.0 6222.0
9127.0 6269.0
930.0 5024.0
847.0 6606.0
685.0 8053.0
7050.0 502.0
5429.0 7948.0
2469.0 941.0
5216.0 6175.0
1687.0 5363.0
9297.0 8463.0
6442.0 6999.0
7722.0 2927.0
5213.0 7291.0
6602.0 829.0
5905.0 5539.0
4085.0 2266.0
4991.0 4382.0
6599.0 1741.0
8897.0 2294.0
7443.0 965.0
5958.0 6672.0
2333.0 8781.0
9773.0 3680.0
8904.0 600.0
7274.0 3494.0
9785.0 2210.0
7340.0 2041.0
1320.0 5368.0
8241.0 2910.0
2476.0 5050.0
4790.0 5513.0
1038.0 721.0
8461.0 8206.0
6628.0 6533.0
6353.0 7412.0
2665.0 7830.0
7265.0 6460.0
1791.0 3823.0
5742.0 217.0
1852.0 8850.0
7397.0 4181.0
2013.0 7081.0
1332.0 9132.0
1064.0 8038.0
7961.0 5022.0
2491.0 2860.0
3102.0 188.0
3381.0 3649.0
1603.0 4553.0
6744.0 795.0
6348.0 7941.0
9293.0 5684.0
983.0 7118.0
9291.0 8630.0
7132.0 7730.0
1503.0 4455.0
9484.0 9742.0
8835.0 569.0
4510.0 7510.0
2745.0 4955.0
1185.0 8139.0
6957.0 3926.0
4502.0 4247.0
1605.0 2057.0
5093.0 9762.0
7318.0 9127.0
825.0 9895.0
1354.0 1537.0
8623.0 8929.0
359.0 7997.0
7395.0 1931.0
6775.0 1920.0
5353.0 9039.0
8531.0 5399.0
7560.0 3469.0
4020.0 2127.0
2019.0 6831.0
7007.0 9172.0
5123.0 7945.0
8457.0 9964.0
9788.0 3733.0
4926.0 3397.0
2099.0 3366.0
5534.0 6420.0
4766.0 9269.0
2119.0 9988.0
8238.0 1129.0
9638.0 791.0
2777.0 1544.0
6366.0 3596.0
7311.0 4420.0
5989.0 1622.0
3404.0 9796.0
6151.0 4827.0
5142.0 1169.0
514.0 8462.0
8275.0 4020.0
3921.0 6804.0
4410.0 6599.0
2731.0 9451.0
8615.0 6668.0
4861.0 25.0
1200.0 306.0
6666.0 9725.0
7055.0 1394.0
6170.0 548.0
8313.0 2951.0
4751.0 5631.0
8697.0 3911.0
1845.0 6512.0
344.0 7503.0
9738.0 9782.0
6442.0 9874.0
7990.0 7946.0
5502.0 43.0
9628.0 1903.0
5564.0 4874.0
3599.0 4932.0
9196.0 5159.0
603.0 536.0
2557.0 1471.0
1875.0 9073.0
4384.0 895.0
2954.0 524.0
3222.0 8309.0
7050.0 3278.0
3673.0 8280.0
5044.0 1348.0
5040.0 6306.0
1713.0 4866.0
8164.0 424.0
249.0 1263.0
8761.0 6917.0
9631.0 7007.0
8095.0 6181.0
1925.0 2277.0
4297.0 7441.0
9101.0 3470.0
187.0 3386.0
1386.0 916.0
5839.0 8430.0
1798.0 1683.0
6801.0 6665.0
3863.0 9849.0
1240.0 8163.0
2130.0 9136.0
1815.0 4806.0
7519.0 5296.0
668.0 9167.0
2105.0 8086.0
8268.0 2714.0
407.0 5290.0
9504.0 1834.0
6701.0 3589.0
2779.0 2925.0
505.0 3735.0
501.0 98.0
4746.0 9852.0
1702.0 1690.0
3704.0 5294.0
203.0 4177.0
306.0 9905.0
4050.0 4640.0
4831.0 6097.0
4621.0 5404.0
9589.0 3596.0
6169.0 7010.0
6677.0 5268.0
9160.0 8105.0
8337.0 8893.0
3186.0 3439.0
2029.0 2272.0
7819.0 3558.0
4748.0 1536.0
2194.0 2343.0
3704.0 5083.0
6638.0 1032.0
2885.0 7967.0
2207.0 9846.0
7607.0 4175.0
6396.0 871.0
1614.0 6627.0
5879.0 8298.0
3783.0 7327.0
