1
512 1 3.0 0.0 1000.0 3 160 240 100

6.5 13.5 29.3 58.5
13.0 27.0 58.5 117.0
19.5 40.5 87.8 175.5
26.0 54.0 117.0 234.0
39.0 81.0 175.5 351.0
52.0 108.0 234.0 468.0
58.5 121.5 263.3 526.5
65.0 135.0 292.5 585.0
78.0 162.0 351.0 702.0
0.0 180.0 390.0 780.0

2.0 5.0 8.0 11.0
5.0 8.0 11.0 14.0
9.0 12.0 15.0 18.0
11.0 14.0 17.0 20.0
15.0 18.0 21.0 24.0
18.0 21.0 24.0 27.0
20.0 23.0 26.0 29.0
25.0 28.0 31.0 34.0
29.0 32.0 35.0 38.0
0.0 34.0 37.0 40.0

1579.0 629.0
8804.0 4360.0
6553.0 5135.0
8107.0 1850.0
8899.0 4551.0
4279.0 4694.0
3509.0 4823.0
4631.0 3773.0
7949.0 3597.0
5502.0 3484.0
167.0 4141.0
773.0 3331.0
8966.0 9566.0
9501.0 6316.0
8052.0 3496.0
9722.0 6535.0
6992.0 5799.0
8013.0 839.0
4893.0 4528.0
6865.0 1958.0
5121.0 7701.0
4457.0 2966.0
1887.0 1043.0
3883.0 5465.0
2015.0 336.0
1415.0 6386.0
7713.0 9510.0
5867.0 764.0
8672.0 8087.0
3626.0 400.0
4304.0 4141.0
6434.0 773.0
9452.0 1386.0
1477.0 1081.0
9377.0 1528.0
5856.0 4818.0
2361.0 5522.0
14.0 743.0
724.0 9857.0
7190.0 6640.0
3597.0 6510.0
8455.0 746.0
7257.0 7694.0
5426.0 8231.0
1347.0 9038.0
5205.0 2610.0
1811.0 7335.0
4631.0 4481.0
3846.0 1477.0
3395.0 2452.0
710.0 7730.0
8113.0 3657.0
6694.0 2965.0
1908.0 3742.0
5083.0 1982.0
6579.0 8691.0
4428.0 7567.0
6930.0 3387.0
8943.0 4405.0
9318.0 4295.0
1355.0 492.0
9003.0 6125.0
9023.0 2164.0
3371.0 4896.0
6643.0 1394.0
581.0 2243.0
1370.0 6476.0
5731.0 8388.0
8664.0 9734.0
9099.0 3621.0
9693.0 8389.0
3531.0 709.0
3601.0 7217.0
551.0 3086.0
475.0 4126.0
7255.0 6231.0
3314.0 2297.0
8571.0 2095.0
9839.0 5002.0
1945.0 8980.0
7454.0 1754.0
4027.0 1735.0
7173.0 6908.0
1428.0 9667.0
4849.0 4341.0
118.0 2040.0
511.0 4370.0
537.0 3547.0
9135.0 1500.0
7982.0 4638.0
8674.0 4176.0
351.0 4093.0
3652.0 147.0
7809.0 3706.0
5167.0 3574.0
1439.0 7490.0
595.0 2535.0
466.0 254.0
8838.0 8035.0
108.0 2958.0
9425.0 8176.0
4628.0 4726.0
6288.0 3598.0
2667.0 3882.0
9536.0 2844.0
4413.0 2921.0
1043.0 8772.0
2690.0 4771.0
2179.0 9640.0
2530.0 241.0
4487.0 1018.0
6295.0 9039.0
6650.0 7132.0
3933.0 9242.0
3544.0 2797.0
422.0 2597.0
5722.0 9562.0
4983.0 5531.0
125.0 2191.0
9128.0 8275.0
5355.0 4132.0
3116.0 6956.0
7332.0 3088.0
2884.0 6060.0
3642.0 343.0
2022.0 1139.0
7416.0 9947.0
5877.0 4153.0
4032.0 6426.0
7329.0 6316.0
6497.0 2124.0
6333.0 5849.0
7795.0 7824.0
7795.0 500.0
1042.0 2775.0
4831.0 7236.0
759.0 2757.0
7011.0 3969.0
1093.0 7326.0
5634.0 716.0
9291.0 9852.0
611.0 66.0
5264.0 6514.0
6031.0 9341.0
549.0 2844.0
3981.0 9328.0
2491.0 8998.0
8677.0 6978.0
1980.0 7346.0
5492.0 1932.0
5535.0 8543.0
1947.0 9287.0
5086.0 4695.0
226.0 3456.0
1250.0 767.0
3301.0 522.0
8439.0 7858.0
9220.0 8968.0
2606.0 4470.0
648.0 1152.0
4962.0 4422.0
9209.0 433.0
7471.0 2520.0
6723.0 1304.0
8459.0 1639.0
7886.0 2439.0
9144.0 7322.0
1476.0 5022.0
4412.0 8556.0
9661.0 1243.0
3660.0 5845.0
7458.0 352.0
28.0 205.0
6937.0 2139.0
8837.0 9232.0
3225.0 242.0
8551.0 8864.0
1885.0 145.0
92.0 1969.0
9743.0 9267.0
2823.0 7398.0
3730.0 9013.0
8011.0 5632.0
4807.0 1171.0
3111.0 9658.0
6550.0 3552.0
2671.0 2201.0
461.0 2229.0
4189.0 2956.0
2574.0 284.0
9736.0 1941.0
8432.0 5432.0
6676.0 7612.0
5995.0 1406.0
3290.0 865.0
8566.0 492.0
7633.0 8569.0
2285.0 7084.0
443.0 2753.0
5278.0 4663.0
5419.0 4079.0
8023.0 1059.0
2691.0 748.0
7005.0 9391.0
3804.0 6454.0
6230.0 4578.0
9031.0 3527.0
3669.0 7773.0
339.0 9901.0
2204.0 3644.0
5833.0 1032.0
7145.0 7845.0
3984.0 410.0
4879.0 4589.0
8479.0 4779.0
9743.0 6688.0
6996.0 2726.0
8671.0 2959.0
9746.0 7737.0
5692.0 354.0
6072.0 9386.0
852.0 730.0
9959.0 8770.0
632.0 4609.0
7749.0 6824.0
9419.0 6837.0
3894.0 6660.0
4119.0 1504.0
3068.0 3550.0
6471.0 6027.0
9446.0 8692.0
131.0 6759.0
6489.0 5397.0
2104.0 1028.0
3042.0 8814.0
588.0 2970.0
4065.0 2844.0
3803.0 3047.0
6829.0 364.0
6875.0 3638.0
5880.0 5398.0
6345.0 5575.0
2608.0 8368.0
4375.0 3015.0
7732.0 8057.0
7215.0 6526.0
7525.0 6414.0
5011.0 6774.0
7092.0 4841.0
2519.0 3688.0
6531.0 3087.0
2792.0 8495.0
8300.0 4386.0
8418.0 8495.0
6587.0 2977.0
7372.0 6975.0
2038.0 2621.0
3058.0 3124.0
7633.0 7268.0
611.0 9357.0
4048.0 7500.0
4019.0 5907.0
5316.0 8877.0
1151.0 5081.0
8112.0 822.0
6256.0 64.0
473.0 7184.0
1991.0 5647.0
8291.0 2104.0
5569.0 762.0
374.0 7319.0
6078.0 5215.0
5422.0 9537.0
2559.0 5487.0
6718.0 9022.0
4898.0 7005.0
2867.0 3006.0
2110.0 2740.0
5394.0 79.0
5086.0 537.0
6529.0 4180.0
3368.0 4051.0
2995.0 9321.0
8030.0 4672.0
4120.0 8679.0
5229.0 4320.0
5092.0 4195.0
7494.0 1494.0
8684.0 5301.0
2339.0 5467.0
1261.0 7912.0
243.0 5991.0
1389.0 7328.0
6599.0 8413.0
1877.0 1154.0
4675.0 6574.0
8561.0 898.0
9177.0 8376.0
1657.0 3360.0
2469.0 1405.0
7994.0 5450.0
8033.0 8487.0
4965.0 8580.0
8231.0 5555.0
9497.0 1236.0
5942.0 6728.0
7874.0 898.0
2149.0 3967.0
4721.0 8905.0
4035.0 1192.0
1986.0 4427.0
666.0 5259.0
1225.0 6158.0
5841.0 8658.0
5012.0 2873.0
148.0 1332.0
5810.0 6474.0
6841.0 1491.0
3102.0 3668.0
8565.0 7805.0
2112.0 4901.0
4529.0 7861.0
9943.0 1680.0
183.0 268.0
7441.0 5926.0
3977.0 283.0
7610.0 7482.0
8260.0 1358.0
3896.0 8409.0
3911.0 7473.0
4171.0 5205.0
748.0 3652.0
8719.0 2585.0
8299.0 4533.0
3060.0 4946.0
4009.0 3383.0
8922.0 4149.0
8437.0 6444.0
9194.0 4762.0
9534.0 9975.0
5161.0 391.0
551.0 9895.0
6863.0 7222.0
8669.0 6398.0
9877.0 3425.0
3902.0 8417.0
4364.0 5536.0
355.0 5342.0
4684.0 5465.0
4405.0 5846.0
404.0 4250.0
6869.0 6220.0
2027.0 1192.0
8745.0 3104.0
7252.0 9517.0
2575.0 7976.0
6089.0 2175.0
4015.0 3304.0
5653.0 3932.0
684.0 2727.0
7955.0 8372.0
7848.0 165.0
6503.0 944.0
3023.0 5218.0
47.0 1698.0
4066.0 4761.0
4275.0 3829.0
7809.0 3101.0
4795.0 6665.0
8833.0 5581.0
7205.0 4243.0
428.0 3030.0
2588.0 3088.0
2319.0 6911.0
9242.0 5341.0
2233.0 7583.0
3968.0 5867.0
866.0 536.0
8744.0 4466.0
2334.0 7996.0
1087.0 6836.0
4666.0 5770.0
8945.0 407.0
7412.0 7726.0
3422.0 3683.0
5948.0 2790.0
5168.0 232.0
4528.0 1827.0
2747.0 940.0
2671.0 4310.0
3805.0 686.0
1945.0 7148.0
2364.0 8043.0
2721.0 557.0
8049.0 9163.0
2962.0 8358.0
5589.0 9463.0
3625.0 2583.0
5385.0 9249.0
7746.0 4779.0
8498.0 1911.0
2764.0 8883.0
1843.0 5829.0
8179.0 3054.0
1935.0 3604.0
3095.0 348.0
8000.0 4771.0
716.0 619.0
7764.0 608.0
9389.0 8522.0
1750.0 2180.0
2236.0 5010.0
4398.0 5255.0
9966.0 2197.0
2827.0 8218.0
3921.0 3983.0
6569.0 1619.0
8945.0 7313.0
4081.0 494.0
8125.0 1455.0
4367.0 3074.0
3997.0 5186.0
4522.0 2035.0
3264.0 4262.0
6528.0 6912.0
4613.0 4057.0
9112.0 8810.0
1702.0 4750.0
2990.0 1043.0
5869.0 8956.0
324.0 1840.0
5657.0 4167.0
1697.0 7751.0
2708.0 4894.0
6449.0 8869.0
6105.0 1894.0
4667.0 9534.0
9729.0 8365.0
1671.0 610.0
9698.0 5483.0
8313.0 2007.0
1475.0 2180.0
2891.0 6556.0
8685.0 6524.0
3029.0 8876.0
8243.0 8612.0
8313.0 5370.0
8843.0 7325.0
7026.0 3981.0
2388.0 5865.0
2788.0 4835.0
421.0 3419.0
9430.0 5415.0
144.0 2865.0
4916.0 6385.0
7079.0 6884.0
7638.0 6709.0
3950.0 7367.0
903.0 9193.0
7851.0 5496.0
3930.0 84.0
281.0 2388.0
180.0 8847.0
7101.0 2684.0
6340.0 6782.0
7993.0 5954.0
7776.0 5577.0
7495.0 3321.0
8784.0 9461.0
2168.0 9169.0
8450.0 7068.0
981.0 329.0
5446.0 1660.0
8474.0 7613.0
7582.0 833.0
2773.0 7103.0
4425.0 9339.0
3029.0 1045.0
3822.0 1164.0
3347.0 760.0
5631.0 9485.0
2775.0 6437.0
8493.0 5647.0
3437.0 1201.0
7953.0 789.0
1355.0 9328.0
6760.0 6250.0
7053.0 1003.0
667.0 1395.0
5504.0 8493.0
5543.0 9983.0
7489.0 1123.0
4120.0 8721.0
6943.0 8936.0
3205.0 4126.0
1355.0 7425.0
4658.0 6341.0
4788.0 8204.0
5983.0 1025.0
5606.0 3029.0
8819.0 2953.0
3454.0 1018.0
6186.0 7466.0
2584.0 1480.0
1779.0 8399.0
1080.0 7226.0
7147.0 3612.0
8066.0 5734.0
5064.0 1773.0
3455.0 8078.0
9932.0 6512.0
7320.0 7968.0

1584.0 633.0
8809.0 4365.0
6557.0 5140.0
8111.0 1855.0
8904.0 4557.0
4283.0 4699.0
3514.0 4828.0
4636.0 3779.0
7954.0 3602.0
5507.0 3489.0
172.0 4145.0
779.0 3337.0
8971.0 9572.0
9506.0 6320.0
8057.0 3501.0
9726.0 6540.0
6996.0 5805.0
8018.0 843.0
4898.0 4532.0
6869.0 1962.0
5125.0 7706.0
4463.0 2971.0
1892.0 1048.0
3888.0 5470.0
2020.0 340.0
1419.0 6390.0
7717.0 9516.0
5871.0 769.0
8677.0 8092.0
3631.0 405.0
4309.0 4146.0
6439.0 779.0
9456.0 1391.0
1482.0 1086.0
9381.0 1534.0
5862.0 4823.0
2365.0 5526.0
18.0 749.0
729.0 9861.0
7195.0 6645.0
3602.0 6516.0
8460.0 751.0
7261.0 7699.0
5431.0 8237.0
1351.0 9043.0
5211.0 2616.0
1815.0 7339.0
4636.0 4487.0
3851.0 1482.0
3400.0 2458.0
714.0 7736.0
8118.0 3662.0
6698.0 2970.0
1912.0 3747.0
5087.0 1987.0
6585.0 8697.0
4432.0 7573.0
6935.0 3393.0
8949.0 4410.0
9323.0 4300.0
1360.0 497.0
9009.0 6131.0
9028.0 2170.0
3377.0 4901.0
6648.0 1398.0
586.0 2248.0
1374.0 6481.0
5736.0 8393.0
8669.0 9739.0
9104.0 3625.0
9698.0 8393.0
3537.0 714.0
3607.0 7223.0
555.0 3091.0
479.0 4130.0
7260.0 6237.0
3320.0 2303.0
8577.0 2100.0
9843.0 5006.0
1949.0 8986.0
7460.0 1759.0
4031.0 1740.0
7178.0 6913.0
1432.0 9673.0
4855.0 4346.0
122.0 2046.0
515.0 4375.0
543.0 3551.0
9140.0 1505.0
7988.0 4644.0
8679.0 4180.0
357.0 4097.0
3658.0 152.0
7815.0 3711.0
5171.0 3580.0
1445.0 7495.0
600.0 2541.0
471.0 258.0
8843.0 8040.0
113.0 2963.0
9431.0 8181.0
4634.0 4732.0
6293.0 3602.0
2672.0 3887.0
9540.0 2849.0
4419.0 2925.0
1048.0 8777.0
2695.0 4776.0
2184.0 9646.0
2535.0 245.0
4493.0 1023.0
6299.0 9045.0
6654.0 7136.0
3939.0 9247.0
3550.0 2802.0
426.0 2602.0
5727.0 9566.0
4989.0 5536.0
131.0 2197.0
9133.0 8281.0
5360.0 4138.0
3121.0 6961.0
7336.0 3093.0
2888.0 6065.0
3647.0 348.0
2027.0 1144.0
7421.0 9951.0
5881.0 4159.0
4037.0 6431.0
7333.0 6321.0
6503.0 2130.0
6338.0 5854.0
7799.0 7830.0
7800.0 505.0
1047.0 2781.0
4836.0 7240.0
763.0 2762.0
7016.0 3973.0
1099.0 7332.0
5640.0 720.0
9296.0 9858.0
616.0 70.0
5268.0 6518.0
6036.0 9346.0
554.0 2848.0
3985.0 9332.0
2497.0 9002.0
8681.0 6984.0
1985.0 7350.0
5497.0 1937.0
5540.0 8548.0
1953.0 9292.0
5091.0 4699.0
231.0 3461.0
1255.0 772.0
3307.0 527.0
8444.0 7862.0
9225.0 8973.0
2612.0 4475.0
654.0 1157.0
4968.0 4428.0
9214.0 438.0
7475.0 2524.0
6727.0 1310.0
8464.0 1644.0
7891.0 2444.0
9149.0 7328.0
1480.0 5026.0
4416.0 8560.0
9667.0 1247.0
3665.0 5850.0
7463.0 357.0
33.0 210.0
6942.0 2144.0
8842.0 9238.0
3229.0 248.0
8557.0 8870.0
1890.0 149.0
98.0 1974.0
9749.0 9272.0
2827.0 7403.0
3735.0 9018.0
8016.0 5637.0
4812.0 1175.0
3116.0 9663.0
6556.0 3556.0
2675.0 2205.0
465.0 2233.0
4193.0 2960.0
2579.0 289.0
9742.0 1947.0
8437.0 5436.0
6682.0 7617.0
6000.0 1412.0
3295.0 870.0
8571.0 497.0
7637.0 8574.0
2289.0 7090.0
447.0 2757.0
5283.0 4668.0
5424.0 4084.0
8027.0 1064.0
2695.0 753.0
7009.0 9396.0
3810.0 6459.0
6234.0 4584.0
9037.0 3532.0
3675.0 7779.0
343.0 9905.0
2210.0 3649.0
5837.0 1038.0
7151.0 7849.0
3988.0 415.0
4884.0 4595.0
8483.0 4785.0
9748.0 6693.0
7001.0 2731.0
8676.0 2964.0
9750.0 7742.0
5697.0 359.0
6077.0 9391.0
857.0 734.0
9965.0 8775.0
637.0 4614.0
7754.0 6828.0
9424.0 6842.0
3898.0 6665.0
4125.0 1509.0
3073.0 3555.0
6475.0 6031.0
9450.0 8697.0
135.0 6764.0
6494.0 5402.0
2109.0 1032.0
3047.0 8819.0
592.0 2974.0
4069.0 2848.0
3809.0 3052.0
6834.0 369.0
6880.0 3642.0
5886.0 5403.0
6351.0 5580.0
2612.0 8374.0
4381.0 3021.0
7737.0 8062.0
7220.0 6532.0
7530.0 6418.0
5015.0 6780.0
7097.0 4846.0
2523.0 3693.0
6537.0 3092.0
2796.0 8500.0
8305.0 4391.0
8423.0 8500.0
6592.0 2981.0
7378.0 6979.0
2042.0 2627.0
3063.0 3129.0
7639.0 7272.0
616.0 9363.0
4054.0 7504.0
4025.0 5912.0
5322.0 8883.0
1156.0 5087.0
8118.0 826.0
6261.0 69.0
479.0 7190.0
1996.0 5651.0
8296.0 2109.0
5573.0 768.0
378.0 7324.0
6083.0 5219.0
5428.0 9542.0
2564.0 5493.0
6724.0 9026.0
4903.0 7009.0
2871.0 3011.0
2116.0 2744.0
5398.0 83.0
5091.0 541.0
6535.0 4185.0
3372.0 4057.0
3000.0 9326.0
8034.0 4677.0
4125.0 8685.0
5235.0 4325.0
5096.0 4200.0
7499.0 1498.0
8690.0 5306.0
2344.0 5471.0
1266.0 7917.0
249.0 5997.0
1394.0 7333.0
6605.0 8417.0
1883.0 1159.0
4680.0 6580.0
8566.0 902.0
9182.0 8380.0
1663.0 3366.0
2473.0 1410.0
8000.0 5456.0
8038.0 8492.0
4969.0 8585.0
8236.0 5560.0
9502.0 1241.0
5946.0 6732.0
7879.0 903.0
2154.0 3973.0
4727.0 8911.0
4040.0 1197.0
1991.0 4433.0
672.0 5263.0
1229.0 6162.0
5845.0 8664.0
5018.0 2877.0
153.0 1337.0
5815.0 6479.0
6847.0 1496.0
3108.0 3673.0
8569.0 7809.0
2118.0 4907.0
4535.0 7866.0
9948.0 1686.0
189.0 272.0
7446.0 5930.0
3982.0 288.0
7614.0 7486.0
8265.0 1364.0
3901.0 8414.0
3917.0 7478.0
4175.0 5210.0
753.0 3657.0
8723.0 2590.0
8305.0 4537.0
3066.0 4951.0
4014.0 3388.0
8927.0 4155.0
8441.0 6450.0
9199.0 4768.0
9539.0 9981.0
5166.0 396.0
556.0 9899.0
6869.0 7228.0
8675.0 6402.0
9882.0 3431.0
3908.0 8422.0
4369.0 5542.0
359.0 5348.0
4689.0 5470.0
4411.0 5851.0
409.0 4254.0
6874.0 6224.0
2033.0 1196.0
8750.0 3110.0
7257.0 9523.0
2580.0 7981.0
6094.0 2179.0
4020.0 3309.0
5658.0 3936.0
688.0 2732.0
7961.0 8378.0
7852.0 171.0
6508.0 949.0
3029.0 5223.0
52.0 1704.0
4072.0 4767.0
4279.0 3833.0
7814.0 3106.0
4800.0 6669.0
8837.0 5586.0
7209.0 4247.0
434.0 3036.0
2592.0 3092.0
2324.0 6917.0
9247.0 5347.0
2238.0 7589.0
3973.0 5871.0
871.0 541.0
8749.0 4471.0
2339.0 8000.0
1092.0 6841.0
4671.0 5775.0
8950.0 413.0
7417.0 7731.0
3426.0 3688.0
5954.0 2796.0
5172.0 238.0
4532.0 1832.0
2751.0 945.0
2675.0 4314.0
3811.0 690.0
1950.0 7154.0
2369.0 8049.0
2725.0 562.0
8053.0 9168.0
2967.0 8362.0
5594.0 9467.0
3631.0 2587.0
5391.0 9254.0
7752.0 4784.0
8503.0 1915.0
2769.0 8888.0
1848.0 5834.0
8184.0 3060.0
1939.0 3609.0
3100.0 353.0
8005.0 4776.0
720.0 625.0
7769.0 614.0
9395.0 8527.0
1756.0 2184.0
2240.0 5014.0
4402.0 5260.0
9970.0 2201.0
2832.0 8222.0
3926.0 3987.0
6574.0 1624.0
8950.0 7317.0
4085.0 499.0
8130.0 1460.0
4373.0 3079.0
4001.0 5192.0
4528.0 2041.0
3268.0 4267.0
6533.0 6917.0
4618.0 4062.0
9117.0 8815.0
1708.0 4755.0
2995.0 1049.0
5874.0 8961.0
329.0 1845.0
5663.0 4171.0
1701.0 7755.0
2713.0 4900.0
6455.0 8875.0
6109.0 1900.0
4673.0 9539.0
9734.0 8370.0
1676.0 615.0
9703.0 5488.0
8317.0 2013.0
1479.0 2186.0
2897.0 6560.0
8689.0 6530.0
3034.0 8882.0
8249.0 8618.0
8317.0 5375.0
8849.0 7331.0
7032.0 3986.0
2394.0 5871.0
2794.0 4841.0
427.0 3423.0
9436.0 5420.0
148.0 2870.0
4920.0 6391.0
7085.0 6889.0
7643.0 6714.0
3956.0 7371.0
908.0 9197.0
7856.0 5501.0
3935.0 90.0
285.0 2393.0
185.0 8852.0
7106.0 2689.0
6345.0 6788.0
7997.0 5959.0
7780.0 5582.0
7500.0 3325.0
8789.0 9465.0
2172.0 9173.0
8455.0 7072.0
985.0 334.0
5450.0 1665.0
8480.0 7618.0
7586.0 839.0
2778.0 7108.0
4430.0 9344.0
3034.0 1049.0
3828.0 1168.0
3352.0 765.0
5637.0 9490.0
2780.0 6442.0
8499.0 5652.0
3442.0 1206.0
7958.0 794.0
1360.0 9333.0
6766.0 6254.0
7058.0 1008.0
672.0 1401.0
5508.0 8498.0
5549.0 9989.0
7493.0 1128.0
4124.0 8727.0
6948.0 8940.0
3210.0 4131.0
1360.0 7430.0
4663.0 6346.0
4793.0 8208.0
5987.0 1030.0
5611.0 3033.0
8825.0 2958.0
3460.0 1023.0
6191.0 7472.0
2590.0 1485.0
1785.0 8403.0
1086.0 7232.0
7151.0 3618.0
8071.0 5740.0
5069.0 1778.0
3459.0 8083.0
9937.0 6517.0
7325.0 7973.0
