1
2048 1 3.0 0.0 1000.0 3 160 240 100

6.5 13.5 29.3 58.5
13.0 27.0 58.5 117.0
19.5 40.5 87.8 175.5
26.0 54.0 117.0 234.0
39.0 81.0 175.5 351.0
52.0 108.0 234.0 468.0
58.5 121.5 263.3 526.5
65.0 135.0 292.5 585.0
78.0 162.0 351.0 702.0
0.0 180.0 390.0 780.0

2.0 5.0 8.0 11.0
5.0 8.0 11.0 14.0
9.0 12.0 15.0 18.0
11.0 14.0 17.0 20.0
15.0 18.0 21.0 24.0
18.0 21.0 24.0 27.0
20.0 23.0 26.0 29.0
25.0 28.0 31.0 34.0
29.0 32.0 35.0 38.0
0.0 34.0 37.0 40.0

2241.0 7081.0
5390.0 7456.0
2729.0 1726.0
7614.0 7705.0
1218.0 5884.0
7134.0 6973.0
3420.0 7840.0
7097.0 5675.0
688.0 135.0
361.0 1120.0
439.0 5427.0
9641.0 8969.0
248.0 2546.0
2598.0 8182.0
3788.0 9953.0
1287.0 7930.0
9267.0 6345.0
7889.0 7446.0
3550.0 618.0
1120.0 2290.0
7595.0 5936.0
252.0 3012.0
1405.0 5100.0
6151.0 4678.0
9129.0 6984.0
1238.0 8252.0
7496.0 6222.0
2806.0 7290.0
3232.0 910.0
6589.0 5943.0
7641.0 5525.0
8.0 6728.0
8995.0 8797.0
7003.0 9060.0
5909.0 8763.0
8868.0 2003.0
7363.0 9718.0
7999.0 7236.0
7535.0 8306.0
3973.0 694.0
6103.0 8466.0
3875.0 3878.0
7193.0 7459.0
1276.0 8283.0
2624.0 7712.0
785.0 8959.0
7621.0 1696.0
7590.0 5643.0
9656.0 9568.0
3896.0 2466.0
3592.0 1806.0
6681.0 9698.0
8774.0 1563.0
3669.0 3512.0
6248.0 3958.0
6964.0 2244.0
6771.0 2043.0
6222.0 119.0
2767.0 1670.0
5803.0 1933.0
9896.0 9971.0
2806.0 4653.0
6405.0 4704.0
5403.0 4423.0
924.0 4156.0
3381.0 9939.0
1865.0 9868.0
5316.0 5690.0
4095.0 6880.0
9288.0 1023.0
1040.0 8733.0
6542.0 3509.0
2896.0 6956.0
32.0 7611.0
4092.0 7264.0
2232.0 2091.0
5693.0 7188.0
9157.0 2169.0
887.0 2369.0
9989.0 4889.0
4224.0 1246.0
4229.0 8679.0
7785.0 353.0
783.0 572.0
9929.0 4962.0
5916.0 7074.0
4781.0 2297.0
9452.0 7153.0
3146.0 7037.0
1175.0 8321.0
7988.0 1346.0
1813.0 9290.0
151.0 4154.0
5536.0 5180.0
2487.0 6906.0
3376.0 3747.0
3049.0 5518.0
9487.0 3622.0
517.0 764.0
4653.0 8019.0
7520.0 1805.0
3966.0 9911.0
19.0 118.0
8078.0 7125.0
3415.0 3518.0
9951.0 8354.0
8538.0 2521.0
1515.0 3555.0
3202.0 3769.0
7147.0 4705.0
7464.0 7737.0
3384.0 5396.0
3269.0 465.0
6786.0 247.0
1639.0 1516.0
4371.0 7609.0
3070.0 2916.0
3516.0 1530.0
9303.0 6277.0
759.0 1477.0
7129.0 7850.0
1402.0 770.0
7400.0 3715.0
4339.0 7216.0
4896.0 9851.0
9019.0 1919.0
7231.0 4307.0
3945.0 4744.0
3448.0 1196.0
8657.0 7399.0
5464.0 8746.0
3570.0 7628.0
8051.0 6125.0
4618.0 490.0
5486.0 6282.0
2097.0 5179.0
5564.0 4511.0
5622.0 8397.0
4116.0 4980.0
9628.0 7721.0
5704.0 9948.0
6307.0 969.0
8664.0 8889.0
5413.0 22.0
5150.0 7258.0
2838.0 89.0
9346.0 7127.0
2381.0 7889.0
9515.0 4403.0
7614.0 4724.0
2045.0 9879.0
3274.0 2924.0
8155.0 3817.0
8076.0 6639.0
6428.0 6313.0
3381.0 449.0
6837.0 8155.0
4616.0 1781.0
4415.0 9406.0
4875.0 5593.0
3256.0 5445.0
2595.0 2319.0
3992.0 2680.0
7750.0 2539.0
409.0 8668.0
3447.0 4355.0
3387.0 3866.0
2361.0 1947.0
2807.0 4740.0
9904.0 6292.0
591.0 464.0
8565.0 1521.0
556.0 7918.0
307.0 2875.0
3226.0 2234.0
6463.0 4764.0
6278.0 2608.0
7024.0 9884.0
3779.0 5588.0
3744.0 2877.0
9886.0 602.0
3973.0 4507.0
5168.0 4904.0
4631.0 4833.0
6212.0 7717.0
8241.0 6358.0
1680.0 5750.0
5429.0 614.0
486.0 4855.0
809.0 4180.0
244.0 5024.0
1671.0 2604.0
6666.0 8470.0
1373.0 3192.0
7063.0 3007.0
1871.0 161.0
3620.0 5460.0
2275.0 8115.0
4600.0 2333.0
2875.0 2336.0
4159.0 7461.0
6525.0 6853.0
3910.0 8868.0
1815.0 3771.0
1926.0 9564.0
4936.0 9844.0
7325.0 9505.0
9662.0 8751.0
1124.0 8440.0
7350.0 72.0
6493.0 1877.0
1385.0 8423.0
4114.0 4886.0
2974.0 8741.0
767.0 979.0
7709.0 6182.0
1848.0 5777.0
4811.0 1621.0
944.0 7706.0
3470.0 6218.0
2163.0 437.0
3196.0 1045.0
3358.0 4304.0
7585.0 226.0
924.0 6423.0
3435.0 8587.0
9324.0 1738.0
9606.0 7284.0
1017.0 9724.0
2543.0 3386.0
4935.0 3971.0
7889.0 1891.0
4197.0 4373.0
82.0 1149.0
6204.0 4158.0
4361.0 5172.0
785.0 6472.0
8104.0 8808.0
4566.0 7755.0
884.0 4247.0
2214.0 7632.0
5194.0 9850.0
7727.0 7540.0
2225.0 4762.0
1434.0 2829.0
9619.0 5299.0
867.0 5551.0
628.0 1581.0
6164.0 7672.0
6565.0 5377.0
3188.0 6934.0
6985.0 2656.0
9993.0 85.0
4495.0 6813.0
4827.0 712.0
3612.0 1041.0
6335.0 1402.0
5592.0 832.0
9104.0 2457.0
3621.0 86.0
241.0 1881.0
5313.0 6795.0
5132.0 3888.0
1898.0 6789.0
3052.0 5625.0
6040.0 6511.0
5782.0 4375.0
2682.0 8310.0
4913.0 9924.0
9837.0 4210.0
5984.0 9361.0
8746.0 6653.0
131.0 4004.0
5302.0 7178.0
6398.0 697.0
7175.0 6512.0
392.0 2199.0
3527.0 2063.0
7424.0 3889.0
6754.0 1276.0
822.0 6524.0
8155.0 1838.0
8566.0 7261.0
1948.0 2205.0
3908.0 3680.0
4544.0 8430.0
8155.0 8035.0
8493.0 5765.0
6261.0 1455.0
3023.0 6016.0
8410.0 319.0
5577.0 4129.0
3237.0 9549.0
1263.0 9980.0
865.0 14.0
9639.0 3844.0
6411.0 9813.0
736.0 6532.0
7136.0 1630.0
4749.0 7655.0
8895.0 900.0
2284.0 8000.0
48.0 2023.0
4609.0 4502.0
3514.0 2328.0
5789.0 8774.0
107.0 6041.0
1145.0 2678.0
8835.0 2961.0
8938.0 6923.0
2327.0 9085.0
4698.0 1147.0
8038.0 8902.0
101.0 6475.0
8410.0 1584.0
828.0 4028.0
5649.0 5800.0
299.0 5353.0
9275.0 384.0
8710.0 3250.0
7120.0 573.0
9280.0 3987.0
2935.0 2055.0
6129.0 4360.0
6260.0 7542.0
694.0 9585.0
2738.0 3103.0
6093.0 503.0
5520.0 3979.0
1374.0 1061.0
942.0 2107.0
27.0 9562.0
4124.0 77.0
9711.0 9640.0
2658.0 8761.0
2580.0 9464.0
9061.0 8321.0
8138.0 116.0
5135.0 4837.0
3035.0 6650.0
3921.0 7281.0
4711.0 7782.0
7397.0 2055.0
8314.0 2709.0
584.0 4823.0
8792.0 6018.0
5235.0 1873.0
2588.0 4173.0
8760.0 5721.0
5837.0 9547.0
6552.0 2191.0
8490.0 482.0
8387.0 8699.0
6279.0 8354.0
2051.0 5963.0
4926.0 5110.0
9869.0 7872.0
3522.0 7268.0
6286.0 6730.0
6489.0 4849.0
7179.0 3614.0
6026.0 6210.0
4054.0 6062.0
9476.0 2271.0
8799.0 7829.0
8502.0 6101.0
7146.0 7919.0
9508.0 6341.0
1524.0 8645.0
7204.0 5442.0
6446.0 4920.0
5742.0 6200.0
2113.0 9519.0
4323.0 2549.0
4385.0 1533.0
6700.0 3111.0
1789.0 7749.0
6486.0 8457.0
2737.0 9171.0
2685.0 5572.0
8594.0 7415.0
2352.0 5489.0
784.0 8210.0
9808.0 2583.0
2592.0 1720.0
4311.0 6483.0
8813.0 1918.0
610.0 94.0
8931.0 9750.0
9286.0 9694.0
1978.0 7293.0
6295.0 5599.0
3747.0 2654.0
3637.0 4347.0
9510.0 7825.0
5552.0 5907.0
7925.0 4227.0
7163.0 1864.0
4274.0 3163.0
4987.0 3073.0
3713.0 915.0
1209.0 7751.0
7686.0 701.0
6156.0 3487.0
9181.0 6232.0
5871.0 9147.0
4974.0 4079.0
4199.0 5140.0
5542.0 4593.0
1311.0 3044.0
5795.0 3592.0
3070.0 8042.0
2309.0 9552.0
8158.0 164.0
5200.0 3519.0
2377.0 2808.0
5324.0 1471.0
2031.0 9503.0
9956.0 1364.0
819.0 2413.0
2618.0 9582.0
7141.0 8539.0
5213.0 4012.0
1227.0 2105.0
3138.0 3484.0
4018.0 4104.0
6528.0 5795.0
2201.0 2480.0
3315.0 9039.0
6317.0 8920.0
2237.0 3480.0
1355.0 732.0
6493.0 3687.0
1744.0 8798.0
1181.0 3161.0
5162.0 5055.0
202.0 6177.0
2071.0 5504.0
781.0 4075.0
397.0 7214.0
6283.0 5712.0
7262.0 287.0
468.0 4324.0
2188.0 8285.0
8872.0 5500.0
8689.0 3068.0
5461.0 3516.0
3658.0 2548.0
5227.0 5734.0
6465.0 2301.0
5899.0 7319.0
2185.0 4554.0
4411.0 972.0
5864.0 488.0
6322.0 8928.0
7243.0 4354.0
8823.0 6937.0
7849.0 370.0
510.0 2446.0
4866.0 5884.0
3588.0 1732.0
8707.0 6768.0
6662.0 3181.0
3695.0 3527.0
8788.0 6468.0
3771.0 9102.0
7939.0 9853.0
7637.0 1830.0
9557.0 307.0
258.0 9563.0
3352.0 3722.0
126.0 3387.0
9013.0 4911.0
4205.0 1957.0
3998.0 9624.0
4978.0 9887.0
9055.0 3323.0
6497.0 6207.0
9658.0 3922.0
8856.0 1328.0
4003.0 8241.0
3010.0 3524.0
739.0 4373.0
331.0 8387.0
2095.0 4721.0
3848.0 7237.0
568.0 6907.0
547.0 2967.0
9831.0 2290.0
6682.0 4294.0
3037.0 4324.0
484.0 1898.0
4169.0 1469.0
9194.0 2419.0
606.0 1898.0
9832.0 8801.0
7578.0 9713.0
5618.0 7939.0
7652.0 4903.0
2454.0 9127.0
938.0 1770.0
2387.0 9272.0
4164.0 3048.0
3460.0 3349.0
9288.0 9444.0
7875.0 1082.0
4807.0 6826.0
2875.0 3322.0
5436.0 5782.0
1253.0 4095.0
8316.0 782.0
920.0 6808.0
6409.0 8667.0
5429.0 5578.0
2259.0 8688.0
9880.0 5166.0
7765.0 8829.0
9107.0 5490.0
8144.0 5635.0
7584.0 9202.0
745.0 7272.0
2935.0 3286.0
1873.0 2045.0
7486.0 8185.0
7290.0 7109.0
4760.0 393.0
4560.0 4586.0
338.0 7030.0
7898.0 4821.0
8986.0 3346.0
8689.0 9009.0
2480.0 6642.0
7340.0 5914.0
5029.0 2592.0
4629.0 9899.0
5717.0 2422.0
3221.0 11.0
9877.0 1952.0
2500.0 2333.0
3806.0 5943.0
2401.0 338.0
9748.0 3756.0
4390.0 462.0
541.0 4783.0
261.0 2637.0
5857.0 4631.0
1921.0 7997.0
4443.0 5532.0
7819.0 8490.0
9275.0 6963.0
4177.0 5621.0
5047.0 4948.0
1707.0 8054.0
9897.0 1016.0
964.0 300.0
5795.0 4294.0
1991.0 7212.0
4505.0 2719.0
6444.0 1522.0
8527.0 1828.0
2842.0 4140.0
8943.0 2120.0
8105.0 9443.0
4576.0 8458.0
1066.0 284.0
9379.0 7491.0
6088.0 9946.0
7463.0 1567.0
7481.0 758.0
7682.0 116.0
7864.0 1621.0
2193.0 1993.0
6143.0 9145.0
5892.0 4726.0
3266.0 9648.0
6156.0 9184.0
6428.0 1723.0
4796.0 609.0
4870.0 1609.0
6629.0 9508.0
2964.0 6099.0
1603.0 8379.0
8724.0 196.0
9870.0 2732.0
8415.0 9259.0
1724.0 7410.0
437.0 7851.0
6832.0 1659.0
4116.0 31.0
9649.0 8938.0
1612.0 8305.0
458.0 9941.0
3558.0 965.0
3926.0 9817.0
1636.0 45.0
9597.0 3042.0
3727.0 4622.0
1247.0 1951.0
9814.0 6681.0
4503.0 7374.0
9294.0 9281.0
4633.0 2383.0
2866.0 9237.0
8951.0 2596.0
4659.0 9058.0
713.0 9049.0
2765.0 5353.0
3947.0 2074.0
8838.0 3443.0
1117.0 7198.0
9930.0 401.0
8039.0 6506.0
8213.0 1244.0
2963.0 1473.0
6774.0 5514.0
9233.0 5714.0
2124.0 3953.0
3446.0 8660.0
6600.0 7532.0
3508.0 3598.0
6319.0 3519.0
3529.0 6097.0
2848.0 5858.0
4934.0 1252.0
9253.0 9540.0
5741.0 753.0
3696.0 1233.0
2391.0 3246.0
6238.0 867.0
1065.0 3959.0
7013.0 1419.0
7889.0 2074.0
6444.0 6620.0
9942.0 6820.0
657.0 8803.0
1491.0 5765.0
7756.0 1628.0
2360.0 1278.0
3136.0 4908.0
7838.0 3653.0
4477.0 1264.0
2063.0 1843.0
9609.0 6824.0
9271.0 5318.0
2885.0 715.0
9845.0 2988.0
8248.0 550.0
560.0 7691.0
9643.0 3654.0
955.0 7211.0
1944.0 6250.0
232.0 5314.0
8057.0 5326.0
1604.0 8757.0
368.0 423.0
3502.0 8776.0
7190.0 5054.0
9564.0 8003.0
7386.0 9992.0
1802.0 6305.0
8822.0 3154.0
3882.0 1515.0
8820.0 3297.0
3917.0 3529.0
7269.0 7266.0
8688.0 2757.0
5567.0 3011.0
3718.0 6393.0
7046.0 3102.0
6100.0 8479.0
7061.0 5969.0
9499.0 2254.0
3385.0 4598.0
3243.0 5751.0
98.0 4903.0
9915.0 4124.0
608.0 8496.0
8358.0 4680.0
8000.0 7103.0
1518.0 3091.0
3342.0 8323.0
1019.0 1774.0
5141.0 4983.0
2905.0 3893.0
5597.0 2798.0
1449.0 8985.0
1820.0 3567.0
453.0 8665.0
2688.0 3643.0
3939.0 3404.0
4484.0 9882.0
667.0 3842.0
1009.0 7817.0
9368.0 2626.0
6305.0 9273.0
4127.0 5235.0
666.0 9155.0
1821.0 782.0
3108.0 3627.0
6029.0 6261.0
5947.0 4426.0
4319.0 223.0
9654.0 6512.0
8343.0 4346.0
8661.0 8807.0
8637.0 3887.0
1265.0 232.0
8554.0 488.0
9313.0 5769.0
4232.0 3310.0
5812.0 9792.0
19.0 6981.0
1144.0 6370.0
1271.0 7316.0
1045.0 8784.0
8922.0 8310.0
2010.0 2979.0
2762.0 6361.0
2284.0 2179.0
2822.0 206.0
9122.0 2393.0
782.0 7550.0
5453.0 1036.0
5819.0 1863.0
1636.0 3388.0
1810.0 5313.0
467.0 4130.0
5302.0 6326.0
6087.0 3669.0
6161.0 2741.0
9977.0 1488.0
5318.0 4034.0
9685.0 1242.0
6523.0 8596.0
8461.0 4838.0
1527.0 4534.0
6457.0 5199.0
593.0 4977.0
6664.0 9979.0
2767.0 1357.0
1240.0 913.0
2813.0 653.0
6400.0 6061.0
4220.0 5059.0
6530.0 4653.0
214.0 5063.0
691.0 6776.0
7172.0 9420.0
7174.0 2610.0
7357.0 7972.0
4271.0 8468.0
390.0 5818.0
7927.0 9334.0
5374.0 9797.0
9435.0 156.0
8081.0 758.0
8845.0 594.0
116.0 7602.0
2237.0 471.0
9471.0 1568.0
3541.0 5641.0
4395.0 1743.0
4048.0 6503.0
4970.0 5261.0
5292.0 3892.0
9337.0 8189.0
3457.0 9567.0
3953.0 5554.0
5986.0 1029.0
9828.0 1504.0
3529.0 2885.0
9128.0 3066.0
2936.0 9506.0
9069.0 3492.0
9412.0 6174.0
2519.0 3660.0
8538.0 8476.0
7221.0 2505.0
1296.0 2153.0
8041.0 9966.0
7776.0 8130.0
9168.0 8416.0
7724.0 9968.0
5679.0 1059.0
8590.0 3446.0
6369.0 8260.0
4256.0 520.0
2275.0 5304.0
85.0 2361.0
7812.0 7532.0
2480.0 8722.0
3906.0 1364.0
3595.0 3347.0
5079.0 2154.0
4380.0 7654.0
4868.0 2376.0
1606.0 7411.0
6503.0 6105.0
7053.0 9645.0
8266.0 8281.0
9514.0 9498.0
5431.0 9715.0
2776.0 9263.0
3203.0 1332.0
5253.0 4321.0
7585.0 3619.0
9427.0 3218.0
3562.0 9753.0
1762.0 1591.0
2533.0 3387.0
6258.0 2185.0
3404.0 4574.0
7308.0 5675.0
4249.0 9802.0
17.0 9533.0
3958.0 4617.0
8659.0 4655.0
5786.0 9813.0
6421.0 1976.0
7215.0 4659.0
2112.0 3811.0
3044.0 3151.0
1989.0 7131.0
1123.0 1750.0
7371.0 8514.0
2640.0 9603.0
1212.0 2995.0
1384.0 4699.0
9273.0 1534.0
8885.0 1958.0
4088.0 4337.0
4858.0 1722.0
2367.0 9758.0
4855.0 9612.0
9001.0 996.0
9553.0 1258.0
3351.0 5330.0
2568.0 7838.0
5956.0 3103.0
6237.0 943.0
6354.0 6197.0
7261.0 7718.0
5158.0 8211.0
6635.0 9756.0
6067.0 1078.0
772.0 1747.0
5955.0 5342.0
3239.0 8320.0
3734.0 3833.0
9018.0 91.0
1120.0 944.0
5708.0 2371.0
991.0 2264.0
8577.0 2516.0
1491.0 1768.0
8882.0 4398.0
6549.0 6314.0
7374.0 976.0
5965.0 9653.0
7390.0 8433.0
744.0 692.0
4466.0 7870.0
1834.0 3232.0
1860.0 3019.0
2924.0 6904.0
3927.0 4962.0
485.0 1542.0
1733.0 7331.0
6696.0 9700.0
7841.0 7959.0
3440.0 4560.0
9676.0 5468.0
8020.0 2941.0
3385.0 1763.0
3758.0 5645.0
2600.0 3909.0
1159.0 9869.0
9029.0 1378.0
7778.0 894.0
4277.0 7125.0
7477.0 2802.0
4823.0 3487.0
2222.0 419.0
4556.0 6368.0
2089.0 7237.0
1794.0 3693.0
1645.0 6527.0
189.0 6613.0
3364.0 5368.0
5444.0 4419.0
1241.0 3827.0
2248.0 6668.0
279.0 4016.0
8345.0 8473.0
9994.0 6240.0
5152.0 7450.0
2624.0 1981.0
6841.0 3288.0
9186.0 5930.0
2292.0 3424.0
9060.0 1799.0
6847.0 806.0
1255.0 9143.0
3256.0 2202.0
8025.0 914.0
3754.0 8049.0
4001.0 3970.0
7659.0 7312.0
6496.0 7275.0
1430.0 3332.0
5154.0 5011.0
573.0 9129.0
1602.0 4329.0
5330.0 3156.0
2277.0 9964.0
4556.0 8965.0
83.0 445.0
4699.0 4762.0
3040.0 3122.0
3292.0 1336.0
608.0 7741.0
8884.0 9338.0
826.0 787.0
1815.0 9376.0
3942.0 5330.0
2744.0 909.0
704.0 3595.0
8357.0 8427.0
5961.0 1981.0
6160.0 5873.0
749.0 761.0
2775.0 2794.0
8523.0 3188.0
2650.0 8211.0
3704.0 1229.0
6598.0 653.0
3190.0 7660.0
2085.0 5362.0
4013.0 6745.0
9666.0 2133.0
2797.0 8222.0
2505.0 9756.0
5184.0 1838.0
8371.0 5560.0
5882.0 2130.0
6037.0 1012.0
2521.0 5719.0
499.0 6862.0
8955.0 5800.0
3914.0 3807.0
6197.0 1091.0
1683.0 7144.0
1632.0 8949.0
5598.0 6401.0
9684.0 4877.0
8444.0 3415.0
9606.0 3160.0
7002.0 4829.0
8531.0 5853.0
2839.0 7497.0
486.0 9842.0
2816.0 7761.0
4495.0 4210.0
3718.0 8083.0
7472.0 2628.0
7931.0 7015.0
26.0 8015.0
9568.0 964.0
5892.0 9165.0
2967.0 8749.0
8099.0 1597.0
7971.0 2421.0
7587.0 7332.0
8904.0 307.0
2401.0 839.0
6659.0 783.0
8146.0 867.0
5811.0 7727.0
2866.0 392.0
1169.0 1143.0
1996.0 9409.0
680.0 8926.0
1570.0 7794.0
4101.0 8246.0
340.0 7954.0
9356.0 7532.0
3965.0 9511.0
979.0 2529.0
6948.0 724.0
7577.0 2396.0
473.0 3890.0
7711.0 4342.0
6805.0 4451.0
6111.0 7755.0
3432.0 6022.0
4653.0 1317.0
2597.0 6078.0
4990.0 9069.0
4390.0 9523.0
2273.0 3912.0
4065.0 9866.0
1855.0 9515.0
6749.0 229.0
3415.0 4111.0
5197.0 8924.0
9394.0 2151.0
8769.0 6806.0
7171.0 2297.0
4281.0 6150.0
6889.0 2736.0
1910.0 3266.0
9345.0 7277.0
1801.0 9581.0
857.0 8225.0
9543.0 8411.0
4526.0 4487.0
1195.0 7164.0
9799.0 5918.0
996.0 7178.0
4760.0 7345.0
7455.0 5941.0
8048.0 8280.0
5960.0 8907.0
9826.0 6777.0
8584.0 641.0
3716.0 8420.0
4247.0 7515.0
4106.0 3908.0
4900.0 6690.0
5749.0 1235.0
5896.0 8595.0
5067.0 911.0
1201.0 2643.0
5075.0 5226.0
6633.0 8415.0
8337.0 5025.0
6767.0 7015.0
4863.0 9964.0
3684.0 9847.0
4383.0 735.0
8227.0 4535.0
4875.0 4230.0
6931.0 195.0
1799.0 5118.0
272.0 6817.0
4925.0 9820.0
433.0 5948.0
2183.0 1349.0
9216.0 2436.0
2439.0 6004.0
9289.0 9439.0
1623.0 5376.0
4417.0 1427.0
9111.0 9663.0
6854.0 2426.0
3784.0 755.0
2542.0 9191.0
1671.0 6076.0
7307.0 1581.0
9598.0 6652.0
9686.0 4819.0
1746.0 5384.0
8575.0 896.0
8548.0 4008.0
6346.0 8829.0
9823.0 9707.0
603.0 6001.0
6565.0 4866.0
241.0 5318.0
8318.0 5932.0
3973.0 5398.0
5516.0 9867.0
1986.0 3527.0
8745.0 9163.0
3887.0 3607.0
9300.0 8904.0
8619.0 3819.0
7984.0 1836.0
4487.0 1230.0
1542.0 9945.0
9980.0 3073.0
8653.0 3495.0
8537.0 6924.0
9893.0 1019.0
2934.0 4495.0
8582.0 6234.0
7447.0 6290.0
1927.0 360.0
8458.0 6831.0
4385.0 808.0
6664.0 2682.0
7641.0 9730.0
6567.0 8013.0
4139.0 8396.0
1393.0 4915.0
3558.0 5884.0
4105.0 8199.0
4160.0 3043.0
7691.0 6905.0
3427.0 5224.0
370.0 7245.0
4883.0 9751.0
3896.0 4212.0
536.0 6595.0
5611.0 1577.0
841.0 3248.0
7421.0 2499.0
6607.0 7258.0
7358.0 5484.0
9750.0 2411.0
1886.0 2906.0
2317.0 7025.0
9618.0 1827.0
5691.0 5356.0
9613.0 9338.0
4395.0 5555.0
9910.0 7153.0
1396.0 196.0
4467.0 2668.0
4343.0 7815.0
9165.0 6235.0
4636.0 6457.0
49.0 6852.0
3745.0 2707.0
9464.0 1018.0
3706.0 2163.0
8244.0 1960.0
1181.0 9858.0
4638.0 8979.0
7022.0 1579.0
3112.0 9118.0
5742.0 9574.0
8714.0 5905.0
1804.0 8626.0
5144.0 2369.0
2150.0 958.0
7216.0 8084.0
6877.0 956.0
855.0 2444.0
2477.0 3189.0
6312.0 8909.0
4561.0 9688.0
2740.0 7447.0
9464.0 4974.0
4819.0 4894.0
6670.0 9811.0
4573.0 5459.0
6444.0 7152.0
4057.0 6109.0
9608.0 6258.0
7068.0 4048.0
8863.0 3473.0
553.0 6026.0
3571.0 626.0
8877.0 1700.0
2412.0 4533.0
6600.0 5779.0
844.0 3583.0
7955.0 6164.0
2748.0 9880.0
3662.0 7839.0
8209.0 7919.0
8265.0 4703.0
1821.0 3275.0
3638.0 4102.0
8444.0 7273.0
6839.0 1268.0
5813.0 6128.0
2969.0 3395.0
5934.0 5520.0
6194.0 5584.0
9659.0 4090.0
4608.0 3385.0
1373.0 1823.0
7092.0 9147.0
3187.0 1810.0
2829.0 1920.0
577.0 6346.0
6656.0 3135.0
3850.0 861.0
5893.0 2767.0
2391.0 1639.0
6839.0 3240.0
1063.0 5826.0
1572.0 773.0
706.0 4677.0
8242.0 6406.0
7139.0 3545.0
510.0 1436.0
5568.0 4568.0
4285.0 4481.0
9832.0 537.0
2452.0 9899.0
8392.0 929.0
726.0 9795.0
1475.0 3570.0
312.0 4341.0
6287.0 7916.0
5535.0 7632.0
9722.0 8413.0
7097.0 8801.0
463.0 8932.0
4124.0 636.0
4897.0 1737.0
685.0 403.0
3761.0 6981.0
4917.0 120.0
8932.0 1187.0
1450.0 5999.0
2267.0 5705.0
279.0 9288.0
919.0 8618.0
7744.0 3230.0
6038.0 6071.0
7800.0 3379.0
4261.0 1498.0
4223.0 993.0
3928.0 3731.0
6923.0 1720.0
416.0 7462.0
8032.0 4329.0
7512.0 2037.0
5925.0 6688.0
4252.0 7050.0
7838.0 8725.0
9114.0 5731.0
4255.0 4601.0
6003.0 9589.0
716.0 8821.0
8934.0 291.0
5219.0 3504.0
4820.0 7256.0
1881.0 6544.0
6285.0 1942.0
4013.0 2887.0
8928.0 2293.0
2283.0 3649.0
9920.0 3336.0
6120.0 304.0
7387.0 2393.0
9042.0 3670.0
2465.0 9891.0
1044.0 9911.0
8450.0 9245.0
3741.0 8295.0
3960.0 1793.0
6403.0 7921.0
9522.0 5249.0
3568.0 3150.0
9492.0 6669.0
7376.0 9967.0
3727.0 3389.0
312.0 7993.0
5932.0 7919.0
6496.0 5384.0
8070.0 5274.0
2208.0 6330.0
2782.0 3710.0
8795.0 3401.0
8202.0 2344.0
3634.0 9439.0
2108.0 1641.0
7306.0 6253.0
4790.0 5233.0
7660.0 9812.0
2589.0 4063.0
3911.0 4198.0
6484.0 6306.0
6452.0 9007.0
2663.0 9074.0
541.0 7459.0
4488.0 353.0
4519.0 4919.0
7766.0 2168.0
5733.0 70.0
3734.0 8447.0
9822.0 3459.0
6689.0 3553.0
1531.0 643.0
5654.0 9974.0
7724.0 9656.0
2020.0 6134.0
5744.0 5043.0
7553.0 7815.0
2803.0 3161.0
9700.0 9154.0
4552.0 5988.0
3593.0 1702.0
3505.0 3176.0
2675.0 2510.0
468.0 4547.0
2363.0 4734.0
4657.0 7792.0
3647.0 6720.0
647.0 8566.0
6064.0 8057.0
2830.0 2740.0
1934.0 3565.0
547.0 3001.0
6291.0 8708.0
9548.0 4560.0
9423.0 2388.0
7948.0 7168.0
1413.0 5624.0
7354.0 3182.0
633.0 7060.0
2310.0 3904.0
560.0 8815.0
3732.0 8916.0
1873.0 8612.0
4499.0 5645.0
9208.0 6702.0
7865.0 8869.0
4506.0 8526.0
1847.0 2418.0
1366.0 6614.0
5263.0 7763.0
7309.0 7692.0
3579.0 6746.0
3370.0 3458.0
5230.0 8170.0
2942.0 6034.0
1580.0 464.0
4268.0 1542.0
6186.0 5169.0
3513.0 7794.0
1522.0 8456.0
7816.0 4574.0
3843.0 410.0
246.0 7480.0
9336.0 4302.0
1070.0 8814.0
7232.0 587.0
2251.0 1482.0
8042.0 2835.0
4585.0 4398.0
7577.0 5339.0
9398.0 351.0
9921.0 4622.0
9208.0 9824.0
5023.0 9556.0
4283.0 6738.0
9053.0 7350.0
4480.0 4597.0
8221.0 5096.0
8312.0 4005.0
9189.0 9132.0
3633.0 5046.0
1758.0 6926.0
6869.0 490.0
1992.0 8722.0
197.0 8302.0
6439.0 8667.0
8599.0 4446.0
616.0 7648.0
1197.0 9436.0
7423.0 2562.0
3783.0 4636.0
3643.0 9257.0
1963.0 6765.0
5208.0 8851.0
6823.0 1598.0
4372.0 9676.0
7535.0 326.0
4475.0 9562.0
7820.0 4570.0
456.0 5686.0
5671.0 8505.0
5771.0 1721.0
8262.0 9083.0
8894.0 4507.0
6455.0 7834.0
5052.0 4967.0
5807.0 210.0
1371.0 503.0
3511.0 958.0
6080.0 8590.0
3170.0 6493.0
4956.0 3798.0
1817.0 7755.0
662.0 2976.0
6112.0 9518.0
3142.0 5804.0
7112.0 4630.0
1748.0 471.0
5532.0 4167.0
2245.0 6667.0
1922.0 6967.0
4380.0 656.0
8656.0 4529.0
8155.0 9623.0
3168.0 9748.0
9491.0 5040.0
4330.0 469.0
8430.0 7274.0
6394.0 1331.0
5552.0 6160.0
7418.0 9876.0
4755.0 4771.0
1580.0 5405.0
3080.0 6103.0
7297.0 1559.0
736.0 4914.0
5568.0 6090.0
6986.0 9434.0
5452.0 3816.0
64.0 171.0
6086.0 1218.0
1785.0 5551.0
7179.0 3669.0
14.0 6602.0
2371.0 8768.0
4651.0 5434.0
2387.0 1753.0
5307.0 4703.0
7398.0 1471.0
1325.0 7830.0
497.0 7882.0
7317.0 2163.0
6709.0 4574.0
9876.0 9836.0
4448.0 2266.0
3633.0 3534.0
8838.0 1771.0
7313.0 6903.0
8803.0 7404.0
2969.0 1817.0
2350.0 4300.0
4045.0 7252.0
6956.0 5632.0
434.0 6960.0
4469.0 8197.0
1202.0 5708.0
2442.0 7341.0
8139.0 6271.0
6313.0 4722.0
5795.0 1940.0
9344.0 4854.0
6172.0 1744.0
9732.0 8946.0
8737.0 8126.0
6810.0 6974.0
8912.0 9302.0
747.0 1499.0
713.0 1020.0
2663.0 9185.0
1700.0 4951.0
4583.0 8490.0
899.0 3442.0
1118.0 4532.0
2863.0 2849.0
7319.0 4578.0
3536.0 182.0
9596.0 151.0
6083.0 290.0
9123.0 4223.0
7353.0 3309.0
9646.0 4473.0
8128.0 4600.0
4100.0 6088.0
2843.0 1905.0
6961.0 83.0
6921.0 6949.0
1736.0 5611.0
2393.0 1207.0
5505.0 7253.0
4975.0 8077.0
4946.0 744.0
8257.0 6165.0
730.0 3133.0
3169.0 932.0
9723.0 5845.0
3393.0 4411.0
6901.0 1607.0
9880.0 5227.0
1387.0 8747.0
140.0 3650.0
3529.0 8810.0
465.0 8902.0
2437.0 5986.0
1753.0 8452.0
5888.0 9320.0
2096.0 1511.0
7007.0 1186.0
1791.0 1473.0
4655.0 7997.0
8946.0 4513.0
6918.0 1622.0
6346.0 4078.0
9631.0 2504.0
2727.0 3487.0
4334.0 7935.0
4142.0 1384.0
2582.0 1479.0
3575.0 7251.0
6025.0 2016.0
9464.0 6719.0
4166.0 3376.0
6298.0 8903.0
4220.0 8055.0
2957.0 485.0
9974.0 970.0
6959.0 3771.0
9075.0 1752.0
5266.0 8449.0
661.0 6528.0
4830.0 9280.0
7730.0 2694.0
8530.0 4438.0
1190.0 2638.0
4676.0 1734.0
4976.0 4893.0
728.0 2451.0
4170.0 3707.0
4411.0 5006.0
523.0 490.0
7878.0 3184.0
2299.0 3126.0
3092.0 6149.0
7861.0 1625.0
9086.0 9975.0
4902.0 1089.0
4269.0 2918.0
9738.0 5467.0
9443.0 9153.0
3585.0 8085.0
9688.0 8206.0
5223.0 7412.0
5785.0 9808.0
1972.0 9052.0
8342.0 6393.0
3382.0 7439.0
287.0 7974.0
4560.0 3193.0
5879.0 6615.0
8550.0 4641.0
6927.0 228.0
9665.0 4457.0
9354.0 7936.0
2208.0 4908.0
5789.0 1695.0
1474.0 7684.0
2340.0 1446.0
6460.0 6780.0
220.0 3477.0
6197.0 5416.0
5384.0 4265.0
4108.0 466.0
1843.0 4489.0
7322.0 371.0
6822.0 465.0
337.0 5021.0
8419.0 2714.0
4970.0 8575.0
8939.0 3903.0
991.0 8694.0
9557.0 870.0
4355.0 8172.0
4481.0 7973.0
2462.0 7435.0
5280.0 1487.0
8338.0 8883.0
8527.0 7264.0
8170.0 6565.0
2444.0 6406.0
9092.0 7139.0
697.0 6143.0
6651.0 619.0
4003.0 5686.0
3861.0 1872.0
2729.0 9240.0
6248.0 6341.0
6129.0 930.0
9826.0 5977.0
6395.0 8858.0
1392.0 3851.0
8183.0 8017.0
3068.0 8429.0
6773.0 4290.0
5501.0 975.0
538.0 4257.0
6636.0 2073.0
5871.0 8050.0
5471.0 5735.0
5252.0 4956.0
2716.0 2073.0
1602.0 4026.0
2766.0 2011.0
4597.0 4393.0
3898.0 23.0
7110.0 2536.0
6117.0 3356.0
2432.0 6215.0
8550.0 8731.0
5449.0 7305.0
819.0 9987.0
3434.0 8247.0
5291.0 2655.0
4612.0 9356.0
9630.0 3928.0
5178.0 6707.0
1563.0 9013.0
7911.0 2813.0
268.0 7330.0
8070.0 4848.0
1310.0 4553.0
4712.0 7616.0
4519.0 8944.0
8128.0 1005.0
6754.0 2985.0
6518.0 4155.0
3933.0 3762.0
7619.0 1057.0
9274.0 8085.0
3404.0 4816.0
7135.0 827.0
8547.0 307.0
4389.0 7450.0
5806.0 7441.0
3730.0 4197.0
3987.0 9775.0
5838.0 1930.0
6660.0 5698.0
9808.0 2082.0
2279.0 1901.0
3763.0 5716.0
8891.0 1375.0
59.0 9142.0
9067.0 664.0
1999.0 2097.0
3256.0 3578.0
1478.0 6945.0
2191.0 1122.0
9456.0 9877.0
1539.0 9846.0
3685.0 7598.0
4435.0 3352.0
610.0 5458.0
93.0 4184.0
834.0 5532.0
9120.0 5820.0
93.0 5588.0
8740.0 7008.0
129.0 2459.0
3552.0 3152.0
6386.0 5769.0
18.0 1998.0
1946.0 491.0
5322.0 3324.0
9609.0 9335.0
3780.0 4875.0
6545.0 8417.0
6456.0 9269.0
8418.0 2193.0
2148.0 9088.0
2400.0 6153.0
417.0 9897.0
1001.0 8220.0
9813.0 3409.0
1110.0 2354.0
6962.0 5521.0
5177.0 333.0
4691.0 6452.0
3934.0 182.0
9840.0 2709.0
2593.0 2225.0
3931.0 3101.0
4907.0 6250.0
2359.0 3542.0
2029.0 5751.0
270.0 7852.0
5573.0 7723.0
5785.0 4292.0
6796.0 8996.0
3742.0 67.0
6310.0 2581.0
5608.0 8504.0
1243.0 9995.0
3742.0 6151.0
9261.0 8056.0
652.0 9507.0
1364.0 1118.0
6435.0 3630.0
7868.0 2219.0
38.0 7324.0
4500.0 9125.0
2524.0 2155.0
8000.0 3744.0
2998.0 5006.0
3156.0 5882.0
359.0 6411.0
5692.0 4830.0
6542.0 9378.0
7904.0 4739.0
9412.0 5947.0
6479.0 2285.0
5979.0 1195.0
4398.0 7572.0
9091.0 6916.0
1337.0 1779.0
3279.0 9716.0
9489.0 7496.0
7908.0 729.0
4216.0 260.0
8302.0 6694.0
1438.0 2232.0
8008.0 4624.0
6188.0 1528.0
7865.0 4774.0
9234.0 3145.0
36.0 9154.0
1186.0 9986.0
7670.0 5307.0
6010.0 4944.0
3364.0 7576.0
8347.0 7537.0
2076.0 584.0
1567.0 1047.0
6668.0 2169.0
5960.0 8665.0
6729.0 5477.0
8991.0 9605.0
3855.0 2459.0
2013.0 8662.0
9040.0 3493.0
379.0 5200.0
346.0 353.0
6339.0 35.0
1516.0 2252.0
6662.0 1199.0
4700.0 7198.0
9371.0 2060.0
2941.0 3368.0
6531.0 7771.0
605.0 7748.0
2487.0 8519.0
2408.0 1751.0
9467.0 575.0
4205.0 6044.0
4973.0 8585.0
1208.0 9317.0
7867.0 5111.0
1792.0 8208.0
2568.0 5879.0
7563.0 8121.0
3275.0 1724.0
2839.0 7158.0
2627.0 690.0
9218.0 7895.0
1718.0 6289.0
3392.0 4226.0
878.0 361.0
8876.0 3005.0
3137.0 1547.0
4809.0 2702.0
4780.0 2829.0
7494.0 3821.0
9920.0 4114.0
2849.0 8280.0
8484.0 8348.0
421.0 7502.0
9546.0 2142.0
2125.0 1428.0
4400.0 4355.0
1396.0 3191.0
6316.0 8659.0
887.0 6665.0
6355.0 8515.0
9396.0 6630.0
7198.0 5566.0
1180.0 3761.0
9365.0 4922.0
3327.0 9187.0
6769.0 3292.0
9334.0 5836.0
999.0 8469.0
9578.0 6292.0
6254.0 1123.0
1818.0 9392.0
9346.0 2382.0
7420.0 295.0
1674.0 3192.0
1442.0 1242.0
2594.0 3911.0
7262.0 2734.0
6093.0 5130.0
8907.0 7364.0
5191.0 3193.0
6747.0 1015.0
964.0 6384.0
4713.0 8664.0
5629.0 276.0
9714.0 4511.0
1579.0 3198.0
6411.0 8658.0
811.0 5310.0
3005.0 5072.0
1622.0 7259.0
6217.0 8057.0
2033.0 6892.0
6117.0 6950.0
1817.0 5004.0
3963.0 1284.0
7562.0 3592.0
8720.0 1135.0
7688.0 2599.0
417.0 9884.0
6814.0 3625.0
1015.0 9112.0
1412.0 1570.0
5938.0 7868.0
1137.0 7700.0
1945.0 1024.0
2774.0 107.0
9492.0 3954.0
6191.0 30.0
264.0 3254.0
4231.0 5033.0
3021.0 5737.0
940.0 2499.0
3451.0 424.0
5068.0 9427.0
6156.0 761.0
8230.0 7004.0
9478.0 6795.0
9663.0 926.0
6287.0 9513.0
1981.0 954.0
6431.0 2100.0
4848.0 5673.0
8983.0 5324.0
5977.0 934.0
4977.0 6775.0
1377.0 2950.0
3765.0 6193.0
9254.0 9536.0
8693.0 1610.0
4489.0 5453.0
228.0 3519.0
3096.0 348.0
7233.0 6819.0
8582.0 251.0
9517.0 2745.0
4625.0 6118.0
7359.0 5515.0
975.0 5394.0
6150.0 924.0
2000.0 5067.0
6817.0 6604.0
9788.0 7195.0
5203.0 6190.0
6215.0 380.0
6063.0 2095.0
907.0 3168.0
9834.0 4151.0
4491.0 7852.0
2848.0 3816.0
9064.0 5641.0
4163.0 6190.0
286.0 6703.0
4646.0 4558.0
8012.0 1019.0
6511.0 4687.0
4888.0 8556.0
3940.0 8615.0
4801.0 9722.0
7979.0 142.0
5625.0 9576.0
1355.0 6757.0
3158.0 1784.0
1386.0 5231.0
5667.0 778.0
1647.0 600.0
967.0 3114.0
5556.0 759.0
431.0 1493.0
7540.0 1402.0
6855.0 7423.0
9955.0 8534.0
5593.0 1006.0
6414.0 8269.0
871.0 8815.0
4687.0 6160.0
1696.0 3351.0
4849.0 772.0
4275.0 42.0
829.0 8733.0
358.0 274.0
6019.0 983.0
3421.0 1422.0
6130.0 2460.0
7091.0 7357.0
4931.0 9926.0
2751.0 5420.0
1055.0 5190.0
5711.0 8310.0
6526.0 3431.0
1882.0 1900.0
179.0 8855.0
9354.0 2423.0
1626.0 2419.0
1797.0 9031.0
3941.0 8833.0
3097.0 185.0
5730.0 2587.0
5140.0 4865.0
5737.0 5213.0
3171.0 2067.0
5668.0 8515.0
5611.0 4574.0
9378.0 990.0
7788.0 5465.0
9102.0 7181.0
1459.0 8354.0
1886.0 2159.0
4560.0 4815.0
1879.0 5897.0
8086.0 4994.0
6657.0 4731.0
9522.0 9862.0
8239.0 9654.0
4740.0 6103.0
1961.0 3663.0
2760.0 7102.0
8869.0 2883.0
321.0 6011.0
9800.0 8700.0
5636.0 9382.0
1812.0 627.0
3282.0 2323.0
122.0 2130.0
4614.0 8669.0
1229.0 4136.0
632.0 2144.0
5375.0 3458.0
6697.0 6978.0
9009.0 5861.0
1043.0 8970.0
425.0 5987.0
1452.0 468.0
4232.0 8879.0
7057.0 5235.0
2820.0 320.0
4645.0 1699.0
5487.0 5719.0
1397.0 5529.0
8399.0 9770.0
8476.0 5057.0
1031.0 1608.0
2372.0 5477.0
7268.0 2691.0
3418.0 339.0
1816.0 7132.0
3396.0 1283.0
5111.0 6714.0
6649.0 9506.0
2352.0 5304.0
1596.0 4937.0
4866.0 9905.0
2095.0 1593.0
4430.0 8058.0
530.0 89.0
3743.0 3836.0
7072.0 793.0
8695.0 7145.0
2003.0 3583.0
600.0 3564.0
526.0 2698.0
9069.0 4449.0
1984.0 7656.0
8665.0 9530.0
7878.0 3707.0
5028.0 6720.0
5629.0 7808.0
8615.0 6373.0
7469.0 8594.0
6730.0 9711.0
6400.0 1320.0
7004.0 3650.0
3610.0 1247.0
7990.0 6743.0
4287.0 1457.0
5039.0 3481.0
1224.0 3566.0
2114.0 6668.0
8136.0 2316.0
2716.0 98.0
7106.0 7523.0
5580.0 6263.0
7072.0 9352.0
3302.0 6317.0
2766.0 5397.0
4572.0 2024.0
6027.0 557.0
3164.0 1915.0
3889.0 3157.0
9362.0 6381.0
372.0 3316.0
1963.0 8929.0
1384.0 2023.0
1552.0 3327.0
4644.0 1909.0
8184.0 8865.0
9047.0 3182.0
9158.0 8458.0
380.0 699.0
5030.0 6821.0
2812.0 674.0
4550.0 8431.0
8052.0 7965.0
1660.0 7525.0
6617.0 7441.0
246.0 4832.0
8100.0 5407.0
4782.0 8290.0
9864.0 9535.0
7551.0 7461.0
6073.0 8319.0
5595.0 3875.0
1477.0 3494.0
3057.0 2029.0
6861.0 1419.0
7089.0 8268.0
5572.0 1887.0
7982.0 7272.0
3042.0 5346.0
6686.0 8381.0
3720.0 2010.0
5375.0 6476.0
2321.0 8822.0
9240.0 4655.0
8816.0 2763.0
157.0 8416.0
9072.0 1475.0
5392.0 3586.0
5548.0 4673.0
7029.0 2713.0
4984.0 2330.0
262.0 7158.0
2465.0 8098.0
1221.0 4601.0
3807.0 8961.0
7510.0 4197.0
653.0 4580.0
7096.0 4109.0
5203.0 2310.0
3739.0 8632.0
4005.0 6376.0

2247.0 7087.0
5396.0 7461.0
2734.0 1731.0
7619.0 7709.0
1222.0 5890.0
7139.0 6978.0
3425.0 7844.0
7102.0 5680.0
693.0 141.0
365.0 1125.0
445.0 5432.0
9646.0 8973.0
254.0 2551.0
2603.0 8187.0
3794.0 9957.0
1292.0 7934.0
9273.0 6351.0
7895.0 7450.0
3556.0 623.0
1125.0 2294.0
7600.0 5940.0
256.0 3017.0
1409.0 5105.0
6156.0 4683.0
9134.0 6988.0
1244.0 8257.0
7501.0 6226.0
2811.0 7296.0
3237.0 916.0
6595.0 5949.0
7645.0 5530.0
13.0 6733.0
9001.0 8803.0
7008.0 9064.0
5915.0 8768.0
8873.0 2007.0
7368.0 9723.0
8004.0 7240.0
7540.0 8310.0
3977.0 700.0
6108.0 8470.0
3881.0 3883.0
7198.0 7463.0
1280.0 8288.0
2629.0 7717.0
791.0 8965.0
7626.0 1700.0
7595.0 5648.0
9660.0 9573.0
3901.0 2471.0
3598.0 1812.0
6687.0 9703.0
8778.0 1567.0
3674.0 3518.0
6252.0 3963.0
6969.0 2250.0
6776.0 2048.0
6228.0 123.0
2772.0 1676.0
5807.0 1938.0
9901.0 9976.0
2810.0 4659.0
6410.0 4708.0
5408.0 4428.0
928.0 4161.0
3387.0 9943.0
1870.0 9873.0
5321.0 5694.0
4099.0 6886.0
9292.0 1028.0
1046.0 8739.0
6546.0 3513.0
2902.0 6960.0
38.0 7616.0
4096.0 7269.0
2237.0 2096.0
5698.0 7192.0
9162.0 2173.0
893.0 2374.0
9994.0 4895.0
4228.0 1250.0
4235.0 8684.0
7791.0 357.0
787.0 577.0
9934.0 4967.0
5922.0 7080.0
4785.0 2301.0
9458.0 7158.0
3152.0 7042.0
1181.0 8327.0
7994.0 1351.0
1818.0 9294.0
156.0 4158.0
5540.0 5185.0
2492.0 6911.0
3381.0 3751.0
3054.0 5524.0
9492.0 3628.0
523.0 769.0
4657.0 8025.0
7525.0 1810.0
3971.0 9916.0
25.0 123.0
8084.0 7130.0
3420.0 3523.0
9956.0 8359.0
8543.0 2525.0
1520.0 3559.0
3207.0 3774.0
7153.0 4710.0
7470.0 7742.0
3389.0 5401.0
3274.0 469.0
6791.0 252.0
1644.0 1522.0
4377.0 7615.0
3075.0 2920.0
3522.0 1535.0
9308.0 6282.0
763.0 1481.0
7135.0 7855.0
1408.0 775.0
7405.0 3721.0
4344.0 7221.0
4902.0 9856.0
9024.0 1924.0
7236.0 4311.0
3950.0 4748.0
3452.0 1202.0
8661.0 7403.0
5469.0 8752.0
3576.0 7634.0
8055.0 6130.0
4623.0 494.0
5490.0 6286.0
2102.0 5185.0
5570.0 4516.0
5626.0 8402.0
4122.0 4984.0
9633.0 7726.0
5709.0 9953.0
6313.0 974.0
8669.0 8894.0
5418.0 27.0
5155.0 7263.0
2844.0 95.0
9351.0 7132.0
2386.0 7893.0
9519.0 4407.0
7619.0 4730.0
2050.0 9885.0
3278.0 2929.0
8160.0 3822.0
8080.0 6644.0
6432.0 6318.0
3386.0 454.0
6842.0 8160.0
4621.0 1787.0
4420.0 9410.0
4880.0 5597.0
3261.0 5449.0
2601.0 2324.0
3997.0 2686.0
7755.0 2543.0
414.0 8672.0
3452.0 4360.0
3392.0 3871.0
2366.0 1952.0
2812.0 4745.0
9909.0 6298.0
597.0 469.0
8570.0 1526.0
561.0 7923.0
313.0 2881.0
3231.0 2239.0
6467.0 4768.0
6283.0 2613.0
7028.0 9889.0
3785.0 5593.0
3750.0 2882.0
9892.0 608.0
3978.0 4512.0
5174.0 4909.0
4635.0 4838.0
6217.0 7722.0
8246.0 6364.0
1685.0 5755.0
5435.0 618.0
490.0 4860.0
813.0 4186.0
249.0 5029.0
1676.0 2608.0
6672.0 8475.0
1378.0 3197.0
7068.0 3011.0
1877.0 165.0
3626.0 5465.0
2280.0 8119.0
4605.0 2338.0
2880.0 2341.0
4165.0 7466.0
6530.0 6859.0
3916.0 8872.0
1820.0 3776.0
1931.0 9568.0
4940.0 9850.0
7330.0 9511.0
9668.0 8756.0
1128.0 8444.0
7355.0 77.0
6499.0 1881.0
1390.0 8427.0
4118.0 4891.0
2978.0 8746.0
773.0 984.0
7714.0 6186.0
1853.0 5783.0
4815.0 1626.0
949.0 7712.0
3475.0 6224.0
2168.0 442.0
3200.0 1051.0
3363.0 4309.0
7590.0 230.0
929.0 6429.0
3440.0 8593.0
9329.0 1743.0
9612.0 7288.0
1021.0 9730.0
2549.0 3391.0
4940.0 3976.0
7894.0 1895.0
4203.0 4379.0
87.0 1153.0
6209.0 4164.0
4365.0 5177.0
790.0 6477.0
8110.0 8813.0
4570.0 7760.0
890.0 4251.0
2219.0 7637.0
5198.0 9856.0
7732.0 7546.0
2230.0 4767.0
1440.0 2834.0
9623.0 5305.0
872.0 5556.0
633.0 1587.0
6169.0 7677.0
6569.0 5383.0
3194.0 6938.0
6990.0 2661.0
9999.0 90.0
4500.0 6819.0
4833.0 716.0
3617.0 1046.0
6340.0 1407.0
5597.0 837.0
9108.0 2462.0
3627.0 91.0
246.0 1887.0
5317.0 6799.0
5137.0 3892.0
1902.0 6795.0
3057.0 5630.0
6045.0 6516.0
5786.0 4381.0
2688.0 8315.0
4919.0 9928.0
9842.0 4215.0
5989.0 9367.0
8751.0 6658.0
136.0 4010.0
5307.0 7184.0
6403.0 703.0
7180.0 6518.0
396.0 2204.0
3531.0 2067.0
7429.0 3894.0
6760.0 1281.0
827.0 6529.0
8159.0 1842.0
8571.0 7266.0
1953.0 2210.0
3914.0 3684.0
4549.0 8435.0
8160.0 8040.0
8499.0 5769.0
6266.0 1459.0
3028.0 6021.0
8416.0 324.0
5582.0 4135.0
3243.0 9554.0
1268.0 9985.0
869.0 19.0
9643.0 3849.0
6415.0 9817.0
741.0 6537.0
7142.0 1635.0
4754.0 7661.0
8899.0 905.0
2290.0 8005.0
54.0 2029.0
4615.0 4506.0
3518.0 2334.0
5794.0 8779.0
111.0 6047.0
1149.0 2683.0
8840.0 2966.0
8942.0 6928.0
2331.0 9091.0
4704.0 1151.0
8044.0 8908.0
107.0 6480.0
8414.0 1590.0
833.0 4034.0
5653.0 5806.0
303.0 5358.0
9280.0 389.0
8715.0 3255.0
7124.0 578.0
9285.0 3992.0
2941.0 2060.0
6133.0 4364.0
6265.0 7546.0
699.0 9590.0
2743.0 3108.0
6098.0 508.0
5524.0 3984.0
1379.0 1066.0
948.0 2113.0
33.0 9568.0
4128.0 83.0
9717.0 9646.0
2663.0 8765.0
2585.0 9469.0
9066.0 8326.0
8143.0 122.0
5141.0 4842.0
3040.0 6656.0
3925.0 7286.0
4717.0 7787.0
7401.0 2060.0
8319.0 2714.0
589.0 4829.0
8796.0 6024.0
5239.0 1877.0
2593.0 4178.0
8766.0 5727.0
5842.0 9553.0
6558.0 2197.0
8496.0 487.0
8393.0 8704.0
6284.0 8358.0
2055.0 5967.0
4931.0 5115.0
9874.0 7877.0
3527.0 7273.0
6290.0 6736.0
6494.0 4853.0
7184.0 3620.0
6031.0 6215.0
4059.0 6067.0
9482.0 2275.0
8804.0 7834.0
8507.0 6106.0
7152.0 7924.0
9512.0 6347.0
1530.0 8651.0
7209.0 5446.0
6450.0 4925.0
5748.0 6205.0
2118.0 9523.0
4328.0 2554.0
4390.0 1538.0
6705.0 3117.0
1793.0 7753.0
6491.0 8463.0
2742.0 9175.0
2691.0 5577.0
8599.0 7420.0
2356.0 5494.0
788.0 8215.0
9813.0 2588.0
2596.0 1724.0
4316.0 6487.0
8819.0 1922.0
615.0 100.0
8936.0 9755.0
9291.0 9699.0
1984.0 7298.0
6300.0 5605.0
3751.0 2659.0
3642.0 4352.0
9515.0 7830.0
5558.0 5912.0
7930.0 4231.0
7168.0 1869.0
4279.0 3168.0
4991.0 3079.0
3718.0 921.0
1215.0 7757.0
7692.0 705.0
6161.0 3491.0
9186.0 6236.0
5875.0 9151.0
4980.0 4083.0
4204.0 5146.0
5547.0 4598.0
1316.0 3049.0
5800.0 3598.0
3074.0 8046.0
2314.0 9557.0
8164.0 169.0
5205.0 3523.0
2383.0 2813.0
5329.0 1476.0
2036.0 9508.0
9960.0 1370.0
824.0 2417.0
2624.0 9587.0
7146.0 8544.0
5218.0 4017.0
1232.0 2111.0
3142.0 3488.0
4023.0 4110.0
6533.0 5800.0
2205.0 2484.0
3320.0 9043.0
6322.0 8925.0
2242.0 3486.0
1359.0 737.0
6499.0 3691.0
1749.0 8804.0
1186.0 3167.0
5166.0 5060.0
207.0 6181.0
2075.0 5510.0
785.0 4080.0
403.0 7219.0
6288.0 5717.0
7268.0 292.0
473.0 4328.0
2193.0 8291.0
8877.0 5504.0
8694.0 3073.0
5466.0 3521.0
3663.0 2552.0
5232.0 5738.0
6470.0 2305.0
5904.0 7323.0
2190.0 4560.0
4417.0 978.0
5870.0 493.0
6327.0 8933.0
7249.0 4359.0
8827.0 6942.0
7853.0 375.0
516.0 2451.0
4872.0 5890.0
3593.0 1737.0
8711.0 6774.0
6667.0 3187.0
3699.0 3532.0
8793.0 6473.0
3776.0 9107.0
7944.0 9858.0
7642.0 1835.0
9563.0 313.0
263.0 9568.0
3357.0 3728.0
131.0 3393.0
9018.0 4916.0
4211.0 1962.0
4003.0 9628.0
4982.0 9893.0
9060.0 3328.0
6502.0 6211.0
9662.0 3926.0
8862.0 1334.0
4007.0 8246.0
3015.0 3528.0
744.0 4378.0
337.0 8392.0
2100.0 4725.0
3853.0 7242.0
573.0 6913.0
553.0 2972.0
9837.0 2295.0
6687.0 4299.0
3042.0 4330.0
490.0 1903.0
4173.0 1474.0
9199.0 2424.0
612.0 1903.0
9837.0 8805.0
7583.0 9718.0
5623.0 7945.0
7656.0 4907.0
2459.0 9132.0
944.0 1775.0
2391.0 9278.0
4169.0 3053.0
3465.0 3353.0
9293.0 9450.0
7880.0 1087.0
4812.0 6831.0
2880.0 3327.0
5440.0 5788.0
1258.0 4100.0
8320.0 787.0
925.0 6813.0
6413.0 8672.0
5435.0 5584.0
2265.0 8692.0
9885.0 5172.0
7770.0 8835.0
9112.0 5495.0
8150.0 5641.0
7589.0 9207.0
751.0 7276.0
2940.0 3291.0
1877.0 2050.0
7492.0 8189.0
7296.0 7113.0
4766.0 398.0
4566.0 4590.0
342.0 7036.0
7903.0 4826.0
8991.0 3351.0
8693.0 9014.0
2485.0 6647.0
7344.0 5918.0
5033.0 2597.0
4634.0 9903.0
5721.0 2427.0
3225.0 15.0
9882.0 1956.0
2506.0 2338.0
3811.0 5947.0
2406.0 343.0
9752.0 3760.0
4395.0 468.0
546.0 4788.0
265.0 2641.0
5862.0 4636.0
1926.0 8001.0
4447.0 5538.0
7824.0 8494.0
9280.0 6968.0
4182.0 5626.0
5052.0 4954.0
1711.0 8059.0
9901.0 1022.0
969.0 306.0
5801.0 4300.0
1996.0 7218.0
4510.0 2723.0
6449.0 1527.0
8533.0 1833.0
2848.0 4145.0
8948.0 2125.0
8110.0 9449.0
4581.0 8462.0
1070.0 289.0
9384.0 7496.0
6092.0 9951.0
7468.0 1572.0
7486.0 763.0
7688.0 121.0
7869.0 1625.0
2198.0 1999.0
6149.0 9151.0
5896.0 4730.0
3271.0 9653.0
6160.0 9188.0
6433.0 1728.0
4800.0 614.0
4875.0 1614.0
6635.0 9512.0
2970.0 6104.0
1609.0 8384.0
8728.0 200.0
9875.0 2737.0
8419.0 9265.0
1730.0 7415.0
441.0 7855.0
6838.0 1664.0
4121.0 35.0
9654.0 8942.0
1618.0 8309.0
463.0 9946.0
3563.0 970.0
3931.0 9821.0
1641.0 50.0
9601.0 3047.0
3733.0 4627.0
1252.0 1957.0
9820.0 6687.0
4507.0 7380.0
9298.0 9287.0
4639.0 2389.0
2872.0 9243.0
8956.0 2600.0
4663.0 9063.0
718.0 9055.0
2771.0 5358.0
3953.0 2079.0
8843.0 3448.0
1123.0 7204.0
9935.0 405.0
8043.0 6512.0
8218.0 1249.0
2968.0 1478.0
6779.0 5518.0
9237.0 5718.0
2129.0 3958.0
3451.0 8665.0
6604.0 7537.0
3512.0 3604.0
6325.0 3523.0
3535.0 6103.0
2853.0 5863.0
4938.0 1257.0
9259.0 9544.0
5746.0 758.0
3700.0 1237.0
2395.0 3250.0
6243.0 872.0
1071.0 3964.0
7018.0 1425.0
7895.0 2079.0
6450.0 6624.0
9947.0 6826.0
661.0 8809.0
1496.0 5771.0
7761.0 1632.0
2365.0 1283.0
3141.0 4913.0
7843.0 3658.0
4481.0 1270.0
2068.0 1848.0
9614.0 6829.0
9275.0 5323.0
2890.0 719.0
9851.0 2994.0
8254.0 554.0
565.0 7695.0
9648.0 3659.0
959.0 7217.0
1948.0 6255.0
236.0 5320.0
8061.0 5332.0
1610.0 8762.0
373.0 427.0
3506.0 8781.0
7195.0 5059.0
9569.0 8007.0
7392.0 9997.0
1807.0 6310.0
8827.0 3158.0
3887.0 1519.0
8826.0 3302.0
3922.0 3534.0
7275.0 7272.0
8692.0 2763.0
5572.0 3016.0
3723.0 6398.0
7051.0 3108.0
6104.0 8484.0
7065.0 5975.0
9504.0 2258.0
3389.0 4602.0
3249.0 5756.0
104.0 4907.0
9920.0 4128.0
613.0 8502.0
8362.0 4685.0
8004.0 7108.0
1523.0 3096.0
3347.0 8328.0
1024.0 1778.0
5147.0 4988.0
2911.0 3898.0
5603.0 2802.0
1454.0 8991.0
1824.0 3571.0
457.0 8671.0
2693.0 3648.0
3944.0 3409.0
4489.0 9886.0
672.0 3847.0
1015.0 7822.0
9373.0 2632.0
6310.0 9278.0
4131.0 5240.0
671.0 9159.0
1826.0 787.0
3114.0 3632.0
6034.0 6265.0
5953.0 4432.0
4324.0 228.0
9658.0 6517.0
8348.0 4351.0
8667.0 8812.0
8642.0 3892.0
1270.0 236.0
8559.0 492.0
9318.0 5773.0
4236.0 3315.0
5818.0 9797.0
25.0 6985.0
1149.0 6376.0
1277.0 7321.0
1050.0 8789.0
8927.0 8315.0
2016.0 2984.0
2767.0 6365.0
2288.0 2183.0
2827.0 210.0
9128.0 2398.0
787.0 7554.0
5458.0 1041.0
5824.0 1869.0
1641.0 3393.0
1816.0 5319.0
472.0 4135.0
5306.0 6331.0
6091.0 3674.0
6166.0 2745.0
9982.0 1493.0
5323.0 4040.0
9689.0 1247.0
6529.0 8601.0
8466.0 4844.0
1532.0 4539.0
6461.0 5205.0
599.0 4981.0
6670.0 9984.0
2771.0 1362.0
1244.0 918.0
2819.0 658.0
6405.0 6066.0
4226.0 5064.0
6534.0 4658.0
218.0 5067.0
697.0 6781.0
7177.0 9424.0
7179.0 2614.0
7361.0 7978.0
4277.0 8473.0
395.0 5822.0
7931.0 9340.0
5379.0 9803.0
9441.0 161.0
8085.0 763.0
8850.0 599.0
122.0 7607.0
2243.0 476.0
9475.0 1573.0
3546.0 5646.0
4399.0 1748.0
4053.0 6508.0
4975.0 5267.0
5297.0 3896.0
9342.0 8193.0
3463.0 9571.0
3958.0 5559.0
5990.0 1033.0
9834.0 1508.0
3533.0 2889.0
9133.0 3071.0
2942.0 9511.0
9075.0 3497.0
9417.0 6180.0
2523.0 3664.0
8544.0 8481.0
7226.0 2509.0
1301.0 2158.0
8045.0 9972.0
7781.0 8136.0
9173.0 8420.0
7729.0 9972.0
5685.0 1064.0
8594.0 3451.0
6375.0 8264.0
4260.0 524.0
2280.0 5309.0
90.0 2366.0
7817.0 7537.0
2485.0 8727.0
3910.0 1369.0
3599.0 3352.0
5084.0 2159.0
4386.0 7658.0
4874.0 2382.0
1610.0 7416.0
6508.0 6110.0
7057.0 9649.0
8271.0 8286.0
9519.0 9503.0
5437.0 9719.0
2781.0 9267.0
3207.0 1337.0
5258.0 4326.0
7589.0 3624.0
9432.0 3224.0
3567.0 9758.0
1766.0 1596.0
2538.0 3392.0
6263.0 2190.0
3410.0 4579.0
7314.0 5680.0
4254.0 9808.0
21.0 9539.0
3963.0 4622.0
8664.0 4660.0
5790.0 9819.0
6425.0 1980.0
7221.0 4664.0
2116.0 3816.0
3048.0 3156.0
1994.0 7135.0
1127.0 1756.0
7376.0 8519.0
2644.0 9608.0
1217.0 3000.0
1389.0 4705.0
9278.0 1538.0
8891.0 1963.0
4093.0 4342.0
4864.0 1728.0
2371.0 9763.0
4861.0 9617.0
9006.0 1000.0
9559.0 1263.0
3356.0 5336.0
2574.0 7843.0
5961.0 3107.0
6243.0 949.0
6360.0 6201.0
7267.0 7723.0
5163.0 8216.0
6641.0 9761.0
6072.0 1083.0
777.0 1752.0
5959.0 5347.0
3243.0 8326.0
3738.0 3838.0
9024.0 97.0
1126.0 950.0
5713.0 2375.0
995.0 2269.0
8582.0 2522.0
1497.0 1774.0
8887.0 4404.0
6553.0 6320.0
7379.0 982.0
5970.0 9657.0
7395.0 8437.0
750.0 697.0
4471.0 7876.0
1838.0 3237.0
1864.0 3024.0
2929.0 6910.0
3932.0 4968.0
489.0 1548.0
1739.0 7337.0
6702.0 9706.0
7846.0 7964.0
3445.0 4565.0
9681.0 5473.0
8025.0 2946.0
3389.0 1767.0
3763.0 5650.0
2606.0 3914.0
1164.0 9874.0
9033.0 1383.0
7784.0 899.0
4281.0 7130.0
7483.0 2806.0
4828.0 3493.0
2227.0 423.0
4561.0 6372.0
2093.0 7242.0
1798.0 3697.0
1650.0 6531.0
195.0 6618.0
3370.0 5374.0
5449.0 4423.0
1247.0 3833.0
2253.0 6672.0
284.0 4021.0
8351.0 8479.0
9999.0 6244.0
5157.0 7454.0
2629.0 1987.0
6846.0 3293.0
9190.0 5935.0
2296.0 3430.0
9065.0 1804.0
6851.0 810.0
1259.0 9148.0
3261.0 2207.0
8030.0 919.0
3759.0 8053.0
4005.0 3975.0
7664.0 7318.0
6500.0 7280.0
1436.0 3338.0
5160.0 5016.0
578.0 9135.0
1607.0 4333.0
5336.0 3162.0
2283.0 9970.0
4560.0 8969.0
87.0 451.0
4704.0 4767.0
3045.0 3127.0
3297.0 1341.0
613.0 7747.0
8889.0 9342.0
832.0 792.0
1820.0 9380.0
3947.0 5335.0
2749.0 914.0
710.0 3600.0
8363.0 8433.0
5967.0 1986.0
6164.0 5879.0
753.0 766.0
2780.0 2800.0
8528.0 3193.0
2656.0 8215.0
3709.0 1234.0
6603.0 657.0
3194.0 7664.0
2089.0 5368.0
4017.0 6750.0
9671.0 2139.0
2802.0 8226.0
2510.0 9762.0
5188.0 1844.0
8377.0 5564.0
5887.0 2136.0
6042.0 1017.0
2526.0 5724.0
503.0 6867.0
8961.0 5805.0
3919.0 3811.0
6201.0 1097.0
1688.0 7150.0
1636.0 8954.0
5602.0 6405.0
9689.0 4882.0
8448.0 3420.0
9611.0 3166.0
7007.0 4834.0
8537.0 5857.0
2845.0 7502.0
490.0 9847.0
2821.0 7765.0
4501.0 4216.0
3724.0 8087.0
7477.0 2632.0
7936.0 7020.0
30.0 8019.0
9573.0 969.0
5898.0 9170.0
2971.0 8754.0
8104.0 1601.0
7976.0 2427.0
7592.0 7337.0
8909.0 312.0
2406.0 845.0
6664.0 788.0
8152.0 871.0
5815.0 7732.0
2872.0 396.0
1173.0 1148.0
2000.0 9415.0
684.0 8932.0
1575.0 7799.0
4106.0 8251.0
346.0 7959.0
9360.0 7536.0
3970.0 9516.0
984.0 2534.0
6953.0 729.0
7583.0 2400.0
479.0 3895.0
7717.0 4347.0
6810.0 4455.0
6117.0 7761.0
3437.0 6026.0
4658.0 1321.0
2602.0 6083.0
4994.0 9074.0
4394.0 9527.0
2278.0 3917.0
4069.0 9872.0
1860.0 9521.0
6755.0 235.0
3420.0 4116.0
5203.0 8930.0
9398.0 2157.0
8774.0 6811.0
7176.0 2301.0
4286.0 6156.0
6895.0 2741.0
1916.0 3270.0
9351.0 7283.0
1806.0 9587.0
863.0 8231.0
9549.0 8417.0
4531.0 4493.0
1200.0 7168.0
9804.0 5922.0
1002.0 7183.0
4765.0 7349.0
7460.0 5946.0
8053.0 8285.0
5964.0 8912.0
9832.0 6781.0
8590.0 646.0
3722.0 8426.0
4253.0 7520.0
4111.0 3912.0
4906.0 6696.0
5754.0 1239.0
5900.0 8599.0
5072.0 916.0
1206.0 2648.0
5080.0 5231.0
6639.0 8420.0
8342.0 5031.0
6771.0 7021.0
4867.0 9969.0
3689.0 9851.0
4388.0 740.0
8232.0 4539.0
4881.0 4235.0
6935.0 201.0
1804.0 5123.0
276.0 6822.0
4931.0 9824.0
437.0 5952.0
2188.0 1355.0
9222.0 2442.0
2445.0 6009.0
9295.0 9445.0
1629.0 5380.0
4422.0 1431.0
9116.0 9668.0
6859.0 2431.0
3790.0 760.0
2547.0 9196.0
1675.0 6081.0
7312.0 1587.0
9603.0 6658.0
9690.0 4824.0
1751.0 5390.0
8580.0 902.0
8552.0 4013.0
6351.0 8835.0
9829.0 9711.0
609.0 6007.0
6570.0 4872.0
245.0 5323.0
8322.0 5936.0
3977.0 5403.0
5522.0 9872.0
1991.0 3531.0
8751.0 9169.0
3893.0 3613.0
9306.0 8908.0
8623.0 3824.0
7989.0 1840.0
4492.0 1234.0
1547.0 9949.0
9985.0 3078.0
8658.0 3499.0
8543.0 6930.0
9899.0 1024.0
2940.0 4500.0
8586.0 6239.0
7452.0 6296.0
1931.0 365.0
8464.0 6835.0
4390.0 813.0
6669.0 2686.0
7645.0 9735.0
6572.0 8018.0
4144.0 8401.0
1398.0 4920.0
3562.0 5890.0
4109.0 8203.0
4164.0 3048.0
7696.0 6909.0
3432.0 5229.0
376.0 7250.0
4887.0 9755.0
3901.0 4217.0
542.0 6600.0
5617.0 1582.0
847.0 3253.0
7426.0 2504.0
6613.0 7263.0
7363.0 5490.0
9756.0 2416.0
1892.0 2910.0
2322.0 7030.0
9622.0 1831.0
5695.0 5361.0
9618.0 9343.0
4400.0 5561.0
9915.0 7158.0
1401.0 200.0
4473.0 2673.0
4349.0 7820.0
9170.0 6240.0
4641.0 6461.0
54.0 6858.0
3750.0 2711.0
9469.0 1023.0
3712.0 2169.0
8249.0 1965.0
1186.0 9863.0
4643.0 8985.0
7026.0 1583.0
3118.0 9124.0
5746.0 9580.0
8720.0 5910.0
1809.0 8632.0
5149.0 2374.0
2156.0 964.0
7222.0 8089.0
6882.0 961.0
860.0 2450.0
2483.0 3194.0
6318.0 8914.0
4567.0 9693.0
2745.0 7453.0
9470.0 4980.0
4825.0 4900.0
6676.0 9816.0
4577.0 5463.0
6448.0 7157.0
4061.0 6115.0
9613.0 6264.0
7073.0 4053.0
8867.0 3478.0
558.0 6031.0
3576.0 631.0
8881.0 1705.0
2417.0 4539.0
6605.0 5784.0
849.0 3588.0
7961.0 6168.0
2753.0 9885.0
3666.0 7845.0
8213.0 7925.0
8270.0 4707.0
1827.0 3281.0
3644.0 4107.0
8449.0 7278.0
6843.0 1272.0
5819.0 6133.0
2975.0 3401.0
5938.0 5524.0
6199.0 5589.0
9663.0 4096.0
4613.0 3390.0
1378.0 1828.0
7096.0 9151.0
3192.0 1814.0
2835.0 1925.0
583.0 6351.0
6660.0 3140.0
3854.0 866.0
5898.0 2772.0
2395.0 1644.0
6845.0 3244.0
1068.0 5831.0
1577.0 779.0
711.0 4681.0
8248.0 6411.0
7143.0 3551.0
515.0 1441.0
5572.0 4573.0
4289.0 4487.0
9837.0 542.0
2457.0 9904.0
8396.0 934.0
730.0 9799.0
1480.0 3574.0
317.0 4346.0
6291.0 7922.0
5540.0 7637.0
9726.0 8418.0
7101.0 8806.0
468.0 8937.0
4130.0 641.0
4902.0 1741.0
690.0 407.0
3766.0 6986.0
4922.0 124.0
8937.0 1192.0
1456.0 6004.0
2271.0 5711.0
284.0 9293.0
923.0 8622.0
7750.0 3235.0
6043.0 6077.0
7805.0 3383.0
4267.0 1503.0
4228.0 997.0
3933.0 3737.0
6927.0 1726.0
422.0 7468.0
8038.0 4333.0
7518.0 2043.0
5931.0 6692.0
4257.0 7055.0
7843.0 8729.0
9118.0 5736.0
4260.0 4606.0
6008.0 9595.0
722.0 8827.0
8938.0 297.0
5223.0 3510.0
4824.0 7260.0
1887.0 6549.0
6289.0 1946.0
4017.0 2892.0
8933.0 2298.0
2287.0 3653.0
9925.0 3340.0
6124.0 308.0
7391.0 2399.0
9046.0 3676.0
2469.0 9896.0
1049.0 9915.0
8455.0 9249.0
3747.0 8300.0
3966.0 1798.0
6407.0 7926.0
9527.0 5255.0
3572.0 3155.0
9496.0 6675.0
7380.0 9973.0
3733.0 3394.0
317.0 7998.0
5936.0 7925.0
6501.0 5390.0
8075.0 5279.0
2213.0 6334.0
2787.0 3715.0
8801.0 3406.0
8207.0 2349.0
3638.0 9443.0
2113.0 1646.0
7312.0 6259.0
4795.0 5238.0
7666.0 9817.0
2594.0 4069.0
3917.0 4203.0
6490.0 6311.0
6457.0 9013.0
2669.0 9079.0
545.0 7463.0
4493.0 358.0
4524.0 4924.0
7771.0 2172.0
5737.0 75.0
3738.0 8453.0
9827.0 3464.0
6694.0 3558.0
1535.0 648.0
5659.0 9978.0
7728.0 9661.0
2025.0 6139.0
5749.0 5048.0
7559.0 7821.0
2807.0 3167.0
9704.0 9159.0
4556.0 5993.0
3599.0 1708.0
3509.0 3180.0
2681.0 2515.0
472.0 4552.0
2367.0 4740.0
4662.0 7797.0
3651.0 6725.0
651.0 8571.0
6069.0 8061.0
2836.0 2746.0
1938.0 3569.0
552.0 3007.0
6296.0 8714.0
9554.0 4566.0
9429.0 2393.0
7954.0 7174.0
1418.0 5630.0
7359.0 3188.0
638.0 7065.0
2315.0 3908.0
564.0 8820.0
3738.0 8921.0
1879.0 8616.0
4503.0 5651.0
9213.0 6707.0
7870.0 8874.0
4511.0 8532.0
1852.0 2422.0
1371.0 6618.0
5268.0 7767.0
7314.0 7697.0
3584.0 6751.0
3376.0 3463.0
5235.0 8174.0
2946.0 6039.0
1585.0 470.0
4273.0 1546.0
6190.0 5174.0
3518.0 7798.0
1527.0 8461.0
7820.0 4578.0
3848.0 415.0
251.0 7484.0
9340.0 4307.0
1075.0 8818.0
7238.0 591.0
2256.0 1486.0
8048.0 2840.0
4590.0 4403.0
7582.0 5344.0
9403.0 356.0
9926.0 4626.0
9212.0 9829.0
5028.0 9562.0
4288.0 6743.0
9057.0 7355.0
4485.0 4603.0
8226.0 5101.0
8317.0 4010.0
9193.0 9137.0
3638.0 5052.0
1763.0 6932.0
6874.0 496.0
1997.0 8727.0
202.0 8307.0
6443.0 8672.0
8604.0 4452.0
620.0 7653.0
1203.0 9440.0
7428.0 2566.0
3789.0 4641.0
3648.0 9263.0
1969.0 6769.0
5213.0 8857.0
6828.0 1603.0
4377.0 9681.0
7541.0 330.0
4480.0 9566.0
7825.0 4575.0
462.0 5690.0
5675.0 8511.0
5776.0 1726.0
8267.0 9088.0
8898.0 4512.0
6459.0 7840.0
5058.0 4973.0
5812.0 215.0
1376.0 507.0
3516.0 963.0
6085.0 8595.0
3176.0 6497.0
4961.0 3804.0
1822.0 7759.0
667.0 2981.0
6118.0 9522.0
3148.0 5809.0
7116.0 4635.0
1754.0 475.0
5537.0 4173.0
2250.0 6672.0
1926.0 6973.0
4385.0 662.0
8660.0 4535.0
8161.0 9628.0
3173.0 9753.0
9496.0 5046.0
4335.0 474.0
8435.0 7279.0
6400.0 1336.0
5556.0 6165.0
7423.0 9881.0
4760.0 4777.0
1584.0 5410.0
3085.0 6108.0
7303.0 1564.0
741.0 4919.0
5573.0 6094.0
6991.0 9438.0
5457.0 3821.0
68.0 177.0
6090.0 1224.0
1790.0 5556.0
7183.0 3674.0
20.0 6606.0
2376.0 8773.0
4656.0 5438.0
2392.0 1758.0
5312.0 4707.0
7403.0 1475.0
1330.0 7834.0
502.0 7886.0
7323.0 2168.0
6714.0 4578.0
9880.0 9841.0
4453.0 2271.0
3638.0 3539.0
8842.0 1775.0
7318.0 6907.0
8809.0 7409.0
2974.0 1823.0
2354.0 4305.0
4051.0 7256.0
6961.0 5637.0
438.0 6966.0
4474.0 8201.0
1206.0 5714.0
2446.0 7346.0
8144.0 6276.0
6319.0 4727.0
5801.0 1944.0
9349.0 4859.0
6178.0 1748.0
9738.0 8950.0
8741.0 8131.0
6814.0 6979.0
8917.0 9308.0
751.0 1504.0
718.0 1026.0
2669.0 9190.0
1705.0 4957.0
4588.0 8495.0
903.0 3448.0
1123.0 4537.0
2869.0 2855.0
7324.0 4584.0
3540.0 188.0
9600.0 155.0
6088.0 295.0
9128.0 4229.0
7358.0 3315.0
9651.0 4478.0
8133.0 4606.0
4105.0 6093.0
2847.0 1909.0
6965.0 89.0
6926.0 6954.0
1741.0 5616.0
2399.0 1212.0
5510.0 7258.0
4979.0 8082.0
4951.0 749.0
8263.0 6171.0
735.0 3138.0
3175.0 936.0
9729.0 5850.0
3397.0 4415.0
6907.0 1612.0
9886.0 5231.0
1392.0 8752.0
144.0 3655.0
3534.0 8814.0
470.0 8907.0
2441.0 5992.0
1757.0 8456.0
5893.0 9325.0
2102.0 1517.0
7012.0 1192.0
1796.0 1479.0
4661.0 8002.0
8950.0 4518.0
6923.0 1628.0
6350.0 4083.0
9636.0 2510.0
2732.0 3493.0
4339.0 7940.0
4147.0 1389.0
2587.0 1485.0
3581.0 7256.0
6031.0 2021.0
9468.0 6723.0
4171.0 3382.0
6302.0 8907.0
4225.0 8060.0
2962.0 490.0
9980.0 975.0
6964.0 3775.0
9080.0 1757.0
5272.0 8454.0
666.0 6534.0
4835.0 9285.0
7735.0 2699.0
8535.0 4443.0
1195.0 2643.0
4682.0 1740.0
4981.0 4898.0
732.0 2457.0
4175.0 3713.0
4417.0 5011.0
527.0 496.0
7883.0 3189.0
2304.0 3132.0
3097.0 6154.0
7866.0 1631.0
9090.0 9981.0
4908.0 1094.0
4275.0 2923.0
9743.0 5473.0
9449.0 9158.0
3589.0 8089.0
9693.0 8210.0
5227.0 7417.0
5789.0 9813.0
1977.0 9057.0
8348.0 6399.0
3388.0 7443.0
291.0 7978.0
4565.0 3199.0
5884.0 6619.0
8555.0 4646.0
6932.0 233.0
9670.0 4463.0
9360.0 7941.0
2214.0 4914.0
5794.0 1700.0
1478.0 7690.0
2346.0 1451.0
6466.0 6784.0
225.0 3483.0
6202.0 5421.0
5389.0 4271.0
4113.0 471.0
1849.0 4494.0
7327.0 377.0
6827.0 470.0
341.0 5027.0
8424.0 2718.0
4974.0 8581.0
8944.0 3908.0
997.0 8700.0
9562.0 874.0
4361.0 8177.0
4485.0 7979.0
2467.0 7440.0
5285.0 1492.0
8343.0 8888.0
8532.0 7269.0
8175.0 6569.0
2449.0 6411.0
9098.0 7145.0
701.0 6148.0
6655.0 624.0
4008.0 5691.0
3867.0 1877.0
2734.0 9245.0
6254.0 6347.0
6133.0 934.0
9832.0 5982.0
6401.0 8863.0
1396.0 3857.0
8187.0 8022.0
3073.0 8434.0
6779.0 4295.0
5505.0 980.0
544.0 4261.0
6641.0 2079.0
5875.0 8054.0
5477.0 5741.0
5257.0 4961.0
2720.0 2078.0
1606.0 4031.0
2770.0 2016.0
4602.0 4398.0
3904.0 28.0
7115.0 2541.0
6123.0 3360.0
2436.0 6220.0
8556.0 8735.0
5453.0 7310.0
824.0 9992.0
3439.0 8253.0
5296.0 2659.0
4617.0 9362.0
9635.0 3933.0
5183.0 6712.0
1568.0 9018.0
7916.0 2819.0
273.0 7335.0
8074.0 4854.0
1315.0 4557.0
4717.0 7622.0
4525.0 8949.0
8133.0 1010.0
6759.0 2991.0
6523.0 4160.0
3938.0 3767.0
7624.0 1061.0
9279.0 8091.0
3408.0 4821.0
7140.0 831.0
8552.0 311.0
4394.0 7455.0
5811.0 7446.0
3736.0 4203.0
3991.0 9780.0
5844.0 1936.0
6665.0 5703.0
9813.0 2087.0
2285.0 1906.0
3768.0 5722.0
8896.0 1380.0
64.0 9147.0
9072.0 670.0
2004.0 2101.0
3261.0 3582.0
1483.0 6949.0
2197.0 1127.0
9460.0 9882.0
1544.0 9851.0
3690.0 7603.0
4439.0 3356.0
615.0 5464.0
97.0 4189.0
839.0 5537.0
9125.0 5824.0
98.0 5593.0
8745.0 7013.0
135.0 2464.0
3558.0 3157.0
6391.0 5773.0
22.0 2002.0
1951.0 496.0
5327.0 3328.0
9614.0 9340.0
3785.0 4880.0
6550.0 8423.0
6462.0 9274.0
8423.0 2198.0
2152.0 9093.0
2406.0 6158.0
423.0 9903.0
1006.0 8225.0
9818.0 3415.0
1114.0 2359.0
6967.0 5526.0
5182.0 338.0
4695.0 6457.0
3938.0 187.0
9845.0 2715.0
2598.0 2231.0
3936.0 3106.0
4911.0 6254.0
2364.0 3547.0
2035.0 5756.0
276.0 7857.0
5578.0 7728.0
5791.0 4296.0
6802.0 9000.0
3748.0 72.0
6315.0 2587.0
5612.0 8508.0
1247.0 10001.0
3747.0 6155.0
9266.0 8062.0
658.0 9511.0
1369.0 1123.0
6439.0 3634.0
7873.0 2225.0
43.0 7328.0
4504.0 9130.0
2529.0 2160.0
8004.0 3750.0
3003.0 5012.0
3161.0 5887.0
364.0 6416.0
5696.0 4835.0
6548.0 9382.0
7909.0 4744.0
9417.0 5952.0
6484.0 2290.0
5984.0 1201.0
4404.0 7578.0
9096.0 6921.0
1341.0 1784.0
3284.0 9721.0
9494.0 7501.0
7914.0 734.0
4221.0 265.0
8306.0 6698.0
1444.0 2236.0
8014.0 4629.0
6192.0 1534.0
7871.0 4778.0
9239.0 3151.0
41.0 9159.0
1191.0 9992.0
7675.0 5313.0
6014.0 4948.0
3369.0 7582.0
8352.0 7542.0
2080.0 589.0
1573.0 1051.0
6673.0 2173.0
5965.0 8670.0
6734.0 5482.0
8996.0 9610.0
3860.0 2463.0
2019.0 8667.0
9044.0 3499.0
383.0 5204.0
352.0 358.0
6344.0 40.0
1521.0 2257.0
6668.0 1204.0
4705.0 7203.0
9376.0 2064.0
2945.0 3374.0
6536.0 7776.0
611.0 7754.0
2493.0 8523.0
2412.0 1756.0
9471.0 579.0
4209.0 6050.0
4978.0 8589.0
1213.0 9323.0
7871.0 5117.0
1798.0 8212.0
2572.0 5884.0
7568.0 8125.0
3281.0 1729.0
2845.0 7163.0
2632.0 695.0
9223.0 7900.0
1723.0 6295.0
3397.0 4230.0
884.0 365.0
8881.0 3010.0
3142.0 1553.0
4814.0 2708.0
4784.0 2834.0
7499.0 3827.0
9926.0 4119.0
2854.0 8285.0
8489.0 8352.0
426.0 7507.0
9550.0 2148.0
2130.0 1432.0
4405.0 4360.0
1401.0 3197.0
6322.0 8663.0
892.0 6669.0
6359.0 8519.0
9400.0 6636.0
7204.0 5571.0
1185.0 3765.0
9370.0 4927.0
3333.0 9191.0
6775.0 3297.0
9339.0 5841.0
1004.0 8475.0
9583.0 6298.0
6259.0 1128.0
1823.0 9397.0
9351.0 2387.0
7425.0 300.0
1679.0 3196.0
1448.0 1248.0
2598.0 3916.0
7266.0 2738.0
6097.0 5136.0
8913.0 7368.0
5197.0 3198.0
6751.0 1020.0
970.0 6389.0
4717.0 8668.0
5634.0 282.0
9718.0 4517.0
1584.0 3202.0
6415.0 8663.0
817.0 5315.0
3009.0 5076.0
1628.0 7263.0
6222.0 8061.0
2039.0 6896.0
6122.0 6954.0
1822.0 5008.0
3969.0 1289.0
7567.0 3597.0
8724.0 1140.0
7693.0 2604.0
422.0 9888.0
6820.0 3629.0
1020.0 9118.0
1417.0 1575.0
5943.0 7873.0
1142.0 7705.0
1949.0 1028.0
2779.0 112.0
9497.0 3960.0
6196.0 35.0
269.0 3259.0
4237.0 5038.0
3027.0 5742.0
945.0 2505.0
3456.0 430.0
5074.0 9432.0
6161.0 765.0
8236.0 7009.0
9483.0 6800.0
9669.0 930.0
6291.0 9519.0
1987.0 960.0
6436.0 2104.0
4852.0 5677.0
8989.0 5330.0
5982.0 939.0
4982.0 6780.0
1382.0 2954.0
3770.0 6198.0
9259.0 9541.0
8698.0 1614.0
4493.0 5459.0
234.0 3524.0
3102.0 352.0
7239.0 6825.0
8587.0 256.0
9523.0 2751.0
4630.0 6123.0
7365.0 5520.0
979.0 5399.0
6155.0 928.0
2004.0 5072.0
6822.0 6608.0
9794.0 7200.0
5208.0 6194.0
6220.0 386.0
6068.0 2100.0
912.0 3173.0
9840.0 4157.0
4496.0 7858.0
2854.0 3822.0
9070.0 5646.0
4167.0 6194.0
292.0 6708.0
4652.0 4562.0
8017.0 1025.0
6517.0 4692.0
4893.0 8562.0
3945.0 8621.0
4805.0 9727.0
7984.0 147.0
5630.0 9581.0
1360.0 6763.0
3164.0 1790.0
1390.0 5236.0
5672.0 782.0
1652.0 604.0
972.0 3119.0
5560.0 763.0
437.0 1499.0
7544.0 1408.0
6860.0 7427.0
9959.0 8540.0
5598.0 1011.0
6418.0 8274.0
876.0 8819.0
4692.0 6164.0
1701.0 3357.0
4855.0 777.0
4280.0 48.0
834.0 8738.0
363.0 279.0
6023.0 988.0
3426.0 1427.0
6135.0 2464.0
7097.0 7363.0
4935.0 9930.0
2756.0 5425.0
1060.0 5196.0
5716.0 8315.0
6532.0 3435.0
1886.0 1904.0
185.0 8859.0
9359.0 2427.0
1631.0 2424.0
1802.0 9036.0
3946.0 8837.0
3102.0 190.0
5736.0 2592.0
5145.0 4869.0
5741.0 5219.0
3177.0 2071.0
5673.0 8519.0
5615.0 4578.0
9382.0 996.0
7793.0 5471.0
9107.0 7186.0
1464.0 8359.0
1891.0 2164.0
4564.0 4821.0
1884.0 5902.0
8092.0 4998.0
6663.0 4735.0
9527.0 9866.0
8245.0 9659.0
4745.0 6109.0
1966.0 3667.0
2764.0 7107.0
8874.0 2889.0
326.0 6015.0
9805.0 8706.0
5642.0 9387.0
1818.0 633.0
3287.0 2328.0
127.0 2134.0
4618.0 8674.0
1233.0 4141.0
637.0 2150.0
5381.0 3462.0
6701.0 6982.0
9015.0 5866.0
1048.0 8974.0
429.0 5992.0
1457.0 473.0
4237.0 8884.0
7062.0 5241.0
2826.0 325.0
4651.0 1703.0
5492.0 5724.0
1402.0 5534.0
8404.0 9775.0
8480.0 5062.0
1036.0 1613.0
2377.0 5482.0
7273.0 2696.0
3423.0 343.0
1821.0 7137.0
3402.0 1288.0
5116.0 6718.0
6653.0 9511.0
2358.0 5309.0
1602.0 4942.0
4871.0 9910.0
2099.0 1597.0
4435.0 8063.0
535.0 94.0
3747.0 3840.0
7077.0 797.0
8700.0 7151.0
2008.0 3588.0
605.0 3569.0
531.0 2702.0
9075.0 4454.0
1988.0 7661.0
8670.0 9536.0
7882.0 3711.0
5032.0 6724.0
5634.0 7812.0
8619.0 6377.0
7473.0 8600.0
6736.0 9717.0
6405.0 1325.0
7008.0 3656.0
3614.0 1253.0
7996.0 6749.0
4292.0 1463.0
5044.0 3485.0
1229.0 3571.0
2119.0 6674.0
8141.0 2321.0
2720.0 103.0
7110.0 7528.0
5585.0 6269.0
7076.0 9357.0
3308.0 6321.0
2771.0 5402.0
4578.0 2029.0
6033.0 563.0
3169.0 1920.0
3893.0 3162.0
9368.0 6387.0
378.0 3320.0
1969.0 8933.0
1388.0 2029.0
1556.0 3332.0
4649.0 1913.0
8189.0 8869.0
9052.0 3187.0
9164.0 8463.0
386.0 705.0
5035.0 6826.0
2818.0 680.0
4556.0 8436.0
8058.0 7971.0
1665.0 7530.0
6622.0 7446.0
252.0 4838.0
8104.0 5412.0
4787.0 8295.0
9869.0 9540.0
7557.0 7466.0
6078.0 8325.0
5601.0 3880.0
1482.0 3499.0
3062.0 2034.0
6865.0 1423.0
7093.0 8274.0
5577.0 1892.0
7987.0 7277.0
3047.0 5351.0
6691.0 8385.0
3725.0 2015.0
5380.0 6481.0
2326.0 8827.0
9246.0 4660.0
8821.0 2767.0
161.0 8421.0
9078.0 1480.0
5398.0 3591.0
5552.0 4678.0
7034.0 2718.0
4989.0 2336.0
267.0 7163.0
2471.0 8104.0
1226.0 4607.0
3811.0 8966.0
7515.0 4202.0
658.0 4585.0
7102.0 4115.0
5209.0 2314.0
3743.0 8638.0
4011.0 6382.0
