1
2048 1 3.0 0.0 1000.0 3 160 240 100

6.5 13.5 29.3 58.5
13.0 27.0 58.5 117.0
19.5 40.5 87.8 175.5
26.0 54.0 117.0 234.0
39.0 81.0 175.5 351.0
52.0 108.0 234.0 468.0
58.5 121.5 263.3 526.5
65.0 135.0 292.5 585.0
78.0 162.0 351.0 702.0
0.0 180.0 390.0 780.0

2.0 5.0 8.0 11.0
5.0 8.0 11.0 14.0
9.0 12.0 15.0 18.0
11.0 14.0 17.0 20.0
15.0 18.0 21.0 24.0
18.0 21.0 24.0 27.0
20.0 23.0 26.0 29.0
25.0 28.0 31.0 34.0
29.0 32.0 35.0 38.0
0.0 34.0 37.0 40.0

2345.0 85.0
9425.0 2633.0
5891.0 8011.0
9881.0 1137.0
7642.0 8743.0
7647.0 5641.0
1526.0 3778.0
6821.0 3869.0
1168.0 9407.0
7448.0 663.0
4686.0 1950.0
49.0 8818.0
3155.0 3185.0
5076.0 3402.0
928.0 3186.0
6745.0 8044.0
8447.0 296.0
3136.0 4160.0
735.0 474.0
6981.0 6592.0
7216.0 729.0
4056.0 1645.0
1031.0 3875.0
8596.0 5993.0
8524.0 4329.0
7634.0 7430.0
2043.0 7185.0
8688.0 944.0
1741.0 5286.0
7709.0 6090.0
4522.0 1516.0
6698.0 4141.0
813.0 6052.0
2917.0 5989.0
2310.0 785.0
4097.0 4278.0
6379.0 5656.0
6558.0 5741.0
5259.0 4117.0
5674.0 2216.0
746.0 7449.0
558.0 1331.0
7507.0 169.0
7430.0 310.0
708.0 1246.0
8538.0 8903.0
6095.0 8357.0
6071.0 9901.0
3220.0 4901.0
2980.0 8209.0
4948.0 2011.0
5097.0 1974.0
8930.0 279.0
1500.0 1719.0
9198.0 8428.0
2503.0 5980.0
8546.0 8652.0
7218.0 4407.0
4861.0 853.0
5074.0 1820.0
7073.0 507.0
8230.0 9186.0
8873.0 7368.0
4281.0 9995.0
890.0 4767.0
1182.0 3018.0
4462.0 1693.0
8789.0 4917.0
2684.0 2426.0
3950.0 8684.0
6889.0 906.0
8549.0 6390.0
9230.0 9600.0
2413.0 7217.0
4526.0 5071.0
5510.0 4249.0
7029.0 4988.0
6335.0 6003.0
295.0 3791.0
5918.0 1167.0
795.0 6754.0
9344.0 7538.0
8457.0 4659.0
9226.0 8620.0
9790.0 3814.0
8017.0 3864.0
1748.0 8639.0
8602.0 1030.0
7016.0 6546.0
5061.0 1649.0
3868.0 7348.0
8036.0 3051.0
6259.0 1907.0
1599.0 2949.0
2329.0 7263.0
1053.0 5042.0
1974.0 7967.0
3560.0 6626.0
6643.0 5834.0
6028.0 1683.0
7039.0 2861.0
7162.0 5425.0
6872.0 4517.0
3095.0 8771.0
3344.0 3147.0
8508.0 3730.0
7519.0 3712.0
7668.0 3173.0
241.0 6582.0
2275.0 967.0
1781.0 4628.0
5557.0 943.0
5845.0 4317.0
4506.0 5683.0
1148.0 3054.0
4685.0 8602.0
6181.0 7495.0
4507.0 5286.0
5355.0 42.0
8412.0 2589.0
7187.0 3273.0
843.0 6443.0
7681.0 4508.0
5453.0 1867.0
4572.0 5255.0
6435.0 1153.0
609.0 2752.0
1408.0 8700.0
6517.0 3338.0
7761.0 3476.0
6830.0 9878.0
6878.0 2588.0
4232.0 7969.0
3154.0 1926.0
598.0 8144.0
7203.0 2373.0
5368.0 3824.0
5209.0 2536.0
4445.0 7214.0
8782.0 1503.0
5271.0 7897.0
2285.0 7575.0
6237.0 1331.0
7005.0 1464.0
1103.0 6998.0
4109.0 4939.0
1588.0 8401.0
786.0 8374.0
3794.0 9674.0
6489.0 3203.0
6624.0 5992.0
8697.0 7739.0
2866.0 7540.0
114.0 7336.0
6100.0 9246.0
1700.0 2381.0
9095.0 1020.0
8473.0 80.0
1864.0 5709.0
7482.0 8521.0
30.0 4511.0
9863.0 3993.0
6678.0 2067.0
1400.0 5030.0
3359.0 5952.0
8503.0 9160.0
8389.0 7805.0
9012.0 844.0
3137.0 5813.0
9748.0 1562.0
9446.0 777.0
5221.0 5545.0
3853.0 497.0
4409.0 7113.0
6780.0 9685.0
5021.0 8101.0
7355.0 5152.0
7168.0 6358.0
7025.0 8479.0
836.0 8776.0
7628.0 905.0
4099.0 4843.0
2093.0 7668.0
1467.0 9197.0
8418.0 1502.0
4291.0 4136.0
107.0 7546.0
7642.0 5593.0
8715.0 4365.0
568.0 8522.0
6677.0 8330.0
9160.0 194.0
1077.0 1066.0
4316.0 2363.0
1530.0 2214.0
8646.0 5792.0
7821.0 2212.0
9407.0 3110.0
5497.0 2339.0
6900.0 8469.0
46.0 1742.0
229.0 4995.0
2844.0 3670.0
4850.0 3491.0
4527.0 5645.0
8812.0 8379.0
3959.0 796.0
7110.0 9359.0
3448.0 83.0
6063.0 9757.0
3389.0 7637.0
2133.0 5033.0
1988.0 3938.0
2095.0 7443.0
8230.0 4069.0
3973.0 5312.0
8765.0 761.0
662.0 7908.0
1865.0 4462.0
640.0 9385.0
4125.0 5151.0
2695.0 7782.0
8060.0 3132.0
4066.0 7540.0
1284.0 8530.0
3936.0 6527.0
404.0 1708.0
6663.0 1041.0
5326.0 9347.0
1683.0 4766.0
2106.0 3407.0
9492.0 166.0
5044.0 2688.0
5623.0 3282.0
1143.0 9236.0
7027.0 5416.0
2642.0 4302.0
7778.0 7679.0
5753.0 1094.0
3520.0 6877.0
6282.0 4042.0
6548.0 3707.0
5293.0 6799.0
5974.0 6755.0
485.0 3718.0
9853.0 8250.0
1435.0 2018.0
8713.0 72.0
9384.0 4368.0
2384.0 979.0
4720.0 4124.0
4552.0 8527.0
7826.0 7937.0
1945.0 1672.0
1461.0 2958.0
7571.0 2517.0
5329.0 8376.0
9910.0 8191.0
6005.0 3505.0
2493.0 6328.0
7889.0 7153.0
766.0 131.0
3334.0 5492.0
5658.0 1488.0
2637.0 8173.0
5772.0 3128.0
7028.0 4888.0
2604.0 3281.0
351.0 7125.0
5711.0 8832.0
7574.0 2331.0
7242.0 5429.0
816.0 225.0
7743.0 5544.0
6031.0 3459.0
7646.0 7936.0
6038.0 7391.0
1369.0 4520.0
8041.0 6159.0
3428.0 3097.0
6311.0 4818.0
8482.0 6935.0
3197.0 9732.0
9725.0 4671.0
4126.0 1979.0
2534.0 6512.0
4757.0 969.0
2790.0 5216.0
949.0 8026.0
1793.0 2817.0
4717.0 2139.0
2172.0 6591.0
1832.0 2621.0
1711.0 217.0
9228.0 5901.0
4511.0 8623.0
2888.0 6169.0
1387.0 7499.0
9367.0 2115.0
3928.0 932.0
6614.0 4468.0
9131.0 3162.0
2265.0 1581.0
4015.0 2925.0
64.0 2777.0
2139.0 1360.0
7577.0 1686.0
6433.0 6956.0
872.0 4297.0
5256.0 3520.0
4311.0 8960.0
1102.0 9642.0
6136.0 8057.0
3851.0 622.0
3004.0 3560.0
3004.0 6355.0
9139.0 1229.0
5791.0 1135.0
8256.0 650.0
581.0 3864.0
8936.0 848.0
7510.0 9630.0
6605.0 3712.0
729.0 6152.0
7783.0 9943.0
9192.0 1044.0
4766.0 4760.0
5408.0 8395.0
1417.0 3092.0
4046.0 5622.0
3209.0 6473.0
4840.0 4098.0
7200.0 6383.0
6681.0 9507.0
101.0 1240.0
2319.0 409.0
5097.0 6792.0
5594.0 6008.0
589.0 2118.0
5610.0 6577.0
6518.0 5975.0
4748.0 2527.0
6440.0 711.0
9965.0 598.0
6007.0 3475.0
9256.0 8145.0
1032.0 6952.0
7727.0 9002.0
786.0 4340.0
167.0 6882.0
4699.0 5809.0
9546.0 4821.0
3141.0 6158.0
3354.0 1611.0
5418.0 5900.0
2188.0 8716.0
676.0 505.0
7503.0 3645.0
9861.0 5022.0
7949.0 8259.0
9401.0 3808.0
6198.0 2981.0
9785.0 7596.0
675.0 396.0
4683.0 2619.0
9121.0 4212.0
8788.0 9025.0
3377.0 2059.0
5044.0 8307.0
7338.0 3102.0
4404.0 1967.0
2449.0 3950.0
3814.0 6161.0
7698.0 8826.0
554.0 9521.0
3490.0 2488.0
3630.0 3911.0
1329.0 6870.0
5353.0 325.0
3726.0 4918.0
8793.0 4657.0
1233.0 7603.0
9259.0 575.0
6034.0 2586.0
470.0 9219.0
3990.0 5504.0
8585.0 7951.0
9567.0 7374.0
9755.0 2893.0
554.0 4060.0
9354.0 2458.0
1981.0 6309.0
3572.0 1630.0
1161.0 1322.0
6507.0 9186.0
8263.0 9324.0
8442.0 2623.0
9329.0 1133.0
3465.0 7979.0
1160.0 5188.0
7089.0 4309.0
9967.0 5014.0
7044.0 5019.0
8215.0 607.0
2905.0 789.0
6578.0 9712.0
2714.0 1325.0
395.0 7473.0
7265.0 5651.0
2573.0 5422.0
5218.0 3170.0
7326.0 3297.0
4695.0 227.0
1678.0 9660.0
9539.0 9401.0
4134.0 9787.0
885.0 1241.0
2448.0 1812.0
7217.0 685.0
4879.0 4603.0
8565.0 2887.0
1878.0 3339.0
3021.0 5664.0
7593.0 1272.0
6220.0 8316.0
3122.0 8649.0
6968.0 9020.0
5925.0 2267.0
4666.0 5538.0
2306.0 1637.0
6701.0 6464.0
2381.0 246.0
6473.0 2734.0
9448.0 2876.0
5210.0 1628.0
8168.0 2466.0
3242.0 7988.0
8478.0 2493.0
8908.0 9880.0
4641.0 3348.0
5731.0 8429.0
1358.0 3686.0
1063.0 4048.0
1348.0 215.0
1833.0 3791.0
1309.0 1923.0
5575.0 7060.0
5683.0 7191.0
7407.0 9381.0
129.0 4796.0
6106.0 6495.0
9129.0 2262.0
4963.0 3466.0
4625.0 7543.0
5566.0 6056.0
5118.0 2510.0
5191.0 4074.0
7137.0 9229.0
945.0 8945.0
3480.0 2494.0
6348.0 205.0
5168.0 4597.0
8498.0 8164.0
6496.0 815.0
6495.0 2461.0
5117.0 6582.0
4285.0 8723.0
1560.0 9831.0
3585.0 8086.0
5108.0 4482.0
5058.0 6763.0
5434.0 3541.0
8402.0 5425.0
1927.0 2805.0
4504.0 594.0
5107.0 8634.0
5353.0 2789.0
7055.0 5771.0
9834.0 8648.0
259.0 3698.0
6111.0 6745.0
6806.0 2479.0
3727.0 9346.0
2319.0 1598.0
1110.0 4808.0
1565.0 7742.0
6629.0 7874.0
5136.0 18.0
3888.0 7558.0
9130.0 3584.0
4394.0 4882.0
2239.0 5159.0
3289.0 5162.0
7152.0 6400.0
6288.0 2089.0
5707.0 3613.0
8508.0 3319.0
9678.0 4781.0
8334.0 9807.0
1640.0 7389.0
1996.0 3609.0
2798.0 3005.0
7019.0 1375.0
7225.0 7117.0
5208.0 3266.0
4388.0 5186.0
8340.0 9514.0
4411.0 8400.0
2210.0 9358.0
2961.0 5096.0
7215.0 9585.0
5185.0 6343.0
6130.0 2385.0
615.0 6642.0
2236.0 4774.0
3443.0 3241.0
3473.0 4286.0
5086.0 16.0
777.0 8179.0
8467.0 4429.0
1270.0 5869.0
5897.0 8500.0
9455.0 6823.0
5007.0 7302.0
2095.0 8645.0
9615.0 940.0
4936.0 2567.0
4960.0 8492.0
1925.0 6083.0
9207.0 4888.0
106.0 4950.0
5648.0 4213.0
5849.0 9278.0
2496.0 5397.0
574.0 939.0
9706.0 8774.0
6639.0 2028.0
4720.0 4492.0
6549.0 6586.0
1563.0 6244.0
1164.0 332.0
193.0 6296.0
5049.0 5611.0
5531.0 296.0
9654.0 1299.0
8068.0 2828.0
7470.0 9888.0
489.0 7204.0
2828.0 6470.0
7197.0 5455.0
7513.0 6857.0
6177.0 7009.0
1854.0 4556.0
5100.0 7020.0
4447.0 8833.0
6085.0 7845.0
6182.0 8586.0
6032.0 9622.0
6739.0 9250.0
1944.0 8439.0
4212.0 2478.0
3146.0 3072.0
1026.0 800.0
4821.0 3760.0
1820.0 2013.0
9770.0 9002.0
1442.0 500.0
7817.0 8845.0
3738.0 5232.0
4772.0 5646.0
4294.0 6662.0
5360.0 5782.0
2782.0 7242.0
7037.0 8282.0
3097.0 2789.0
4106.0 8862.0
1930.0 4435.0
4040.0 337.0
8949.0 3372.0
440.0 2889.0
4255.0 3129.0
9524.0 159.0
1268.0 6612.0
9578.0 9658.0
5713.0 7614.0
5273.0 8448.0
3873.0 9050.0
1267.0 7598.0
5769.0 2615.0
1997.0 1361.0
1425.0 7113.0
7093.0 9578.0
894.0 5172.0
4308.0 4265.0
1207.0 574.0
4389.0 3872.0
5895.0 931.0
4806.0 1175.0
5269.0 2925.0
1740.0 3299.0
8107.0 9849.0
2260.0 4833.0
7917.0 3665.0
1092.0 7516.0
9438.0 6316.0
8895.0 2473.0
3553.0 7505.0
1467.0 3481.0
1258.0 8686.0
1780.0 2232.0
9873.0 5477.0
9274.0 9079.0
7143.0 3228.0
3314.0 5236.0
1406.0 2973.0
223.0 4912.0
8475.0 7487.0
5817.0 8349.0
8417.0 9682.0
7840.0 9253.0
7884.0 8060.0
5223.0 2580.0
6152.0 6453.0
3586.0 1163.0
5553.0 7784.0
8874.0 2159.0
9438.0 4062.0
3576.0 6776.0
3364.0 7345.0
2410.0 9280.0
7636.0 8904.0
6901.0 3739.0
1903.0 6295.0
771.0 9497.0
4942.0 591.0
545.0 8830.0
5314.0 8481.0
8292.0 2797.0
1044.0 6466.0
5915.0 3726.0
9000.0 6894.0
2903.0 5331.0
7125.0 8031.0
1962.0 3943.0
5187.0 2930.0
9432.0 6806.0
2224.0 4292.0
9911.0 5941.0
1327.0 5066.0
7002.0 8545.0
4944.0 7012.0
4586.0 7388.0
6360.0 1944.0
5544.0 7213.0
5513.0 2887.0
7343.0 5588.0
9826.0 4878.0
6394.0 9204.0
3195.0 7625.0
5600.0 9083.0
8826.0 4768.0
2006.0 690.0
4055.0 6949.0
3970.0 7403.0
7841.0 8434.0
9760.0 8339.0
4076.0 9508.0
1998.0 3995.0
6394.0 9359.0
4868.0 5694.0
2625.0 6703.0
3493.0 7306.0
9571.0 7846.0
7395.0 217.0
1268.0 4432.0
2469.0 5036.0
6387.0 5595.0
8362.0 5997.0
2949.0 1740.0
685.0 6551.0
1012.0 9688.0
9970.0 7119.0
6502.0 1394.0
1783.0 8465.0
1838.0 990.0
4911.0 6705.0
1530.0 7358.0
7032.0 8379.0
3407.0 1966.0
9789.0 6610.0
8631.0 4199.0
7673.0 1790.0
6185.0 8907.0
7640.0 2790.0
9969.0 3394.0
8864.0 7164.0
9192.0 3578.0
4551.0 1324.0
5208.0 1554.0
224.0 4166.0
475.0 9271.0
5386.0 113.0
7785.0 5567.0
7989.0 66.0
444.0 6278.0
3609.0 1230.0
6550.0 9650.0
3754.0 9296.0
3052.0 1779.0
208.0 8947.0
7740.0 9315.0
4831.0 1182.0
9829.0 9137.0
6728.0 8414.0
2318.0 7252.0
1200.0 833.0
1764.0 1617.0
7394.0 8.0
3658.0 6128.0
4063.0 8196.0
4047.0 5508.0
5347.0 4349.0
584.0 3291.0
1002.0 278.0
8653.0 7669.0
7974.0 2973.0
753.0 2395.0
2740.0 1527.0
9783.0 2486.0
6339.0 9674.0
9405.0 6944.0
6492.0 7382.0
7155.0 3235.0
3727.0 7511.0
8446.0 734.0
936.0 5983.0
2148.0 2874.0
8269.0 6470.0
896.0 228.0
7771.0 3047.0
1796.0 9238.0
4693.0 6806.0
5687.0 3832.0
4881.0 4908.0
5634.0 9647.0
155.0 3033.0
7803.0 3087.0
6102.0 4723.0
393.0 9940.0
9184.0 3586.0
8783.0 784.0
2590.0 6836.0
7555.0 2909.0
2727.0 1149.0
2570.0 978.0
788.0 4313.0
8747.0 1156.0
6290.0 8641.0
1714.0 5932.0
2001.0 4637.0
3998.0 9362.0
2187.0 5872.0
8920.0 4960.0
8562.0 8569.0
7841.0 965.0
888.0 1856.0
8958.0 199.0
1611.0 7172.0
8269.0 4264.0
6469.0 7797.0
5917.0 4282.0
5468.0 1997.0
3540.0 2922.0
1159.0 5732.0
814.0 4932.0
3610.0 3439.0
1839.0 5897.0
3999.0 7838.0
4549.0 1469.0
1248.0 2252.0
8785.0 1774.0
8591.0 1412.0
1222.0 8233.0
9512.0 9229.0
7794.0 2525.0
4955.0 4501.0
6792.0 9914.0
6226.0 8045.0
8292.0 1669.0
489.0 7209.0
8089.0 3805.0
8295.0 6269.0
6780.0 1860.0
5025.0 3659.0
7184.0 3961.0
691.0 9535.0
5749.0 6874.0
4990.0 9627.0
6105.0 2283.0
7035.0 3879.0
5450.0 3024.0
1669.0 831.0
6903.0 1498.0
6787.0 1238.0
3513.0 4982.0
8567.0 6891.0
2073.0 5076.0
4036.0 3119.0
7415.0 1013.0
2876.0 5952.0
330.0 9041.0
2891.0 7422.0
4807.0 2629.0
6042.0 4969.0
2726.0 705.0
4471.0 3440.0
6686.0 3655.0
8429.0 655.0
4129.0 9320.0
503.0 9.0
8419.0 3706.0
3094.0 6098.0
5048.0 3636.0
8514.0 1835.0
3624.0 1081.0
3656.0 8039.0
8814.0 1376.0
3629.0 8975.0
5897.0 71.0
1271.0 9812.0
9104.0 5625.0
1971.0 4488.0
3390.0 7681.0
5701.0 4951.0
2826.0 3138.0
663.0 5250.0
1247.0 4763.0
5497.0 6462.0
3352.0 9550.0
9424.0 927.0
6886.0 6569.0
2273.0 6757.0
9101.0 6517.0
8778.0 6120.0
3132.0 7713.0
4084.0 3249.0
2474.0 5753.0
9856.0 670.0
4207.0 6549.0
2912.0 4620.0
4144.0 4994.0
804.0 3127.0
9566.0 3961.0
1242.0 2742.0
7694.0 873.0
4792.0 2382.0
587.0 1572.0
2750.0 5273.0
9604.0 3705.0
4619.0 2467.0
5113.0 4363.0
2086.0 3907.0
9599.0 9191.0
8930.0 5517.0
4845.0 2704.0
8764.0 3296.0
6340.0 2031.0
5027.0 7893.0
586.0 8808.0
148.0 5633.0
3466.0 6460.0
3281.0 4476.0
336.0 2587.0
8542.0 5894.0
998.0 8686.0
8150.0 6116.0
5241.0 1932.0
7386.0 2755.0
7080.0 6251.0
796.0 5254.0
8392.0 2401.0
1541.0 164.0
5084.0 9303.0
8306.0 4702.0
1477.0 1326.0
6694.0 4582.0
1058.0 8782.0
4509.0 4590.0
4277.0 1328.0
2846.0 2882.0
6532.0 6523.0
7400.0 2475.0
2030.0 8253.0
6913.0 5920.0
1671.0 2265.0
8165.0 1617.0
5628.0 8515.0
9428.0 2766.0
3781.0 2584.0
6803.0 2417.0
9676.0 860.0
338.0 599.0
6166.0 6735.0
9358.0 2016.0
3403.0 7536.0
8910.0 5264.0
2341.0 4408.0
1742.0 7067.0
9420.0 9888.0
2731.0 7498.0
589.0 396.0
5168.0 4662.0
5333.0 3356.0
819.0 9818.0
3874.0 1187.0
8180.0 6425.0
3203.0 6891.0
5827.0 9070.0
107.0 8454.0
289.0 776.0
1864.0 1792.0
352.0 9647.0
7759.0 4475.0
2204.0 8348.0
7089.0 4944.0
2347.0 2368.0
1829.0 4455.0
7671.0 5577.0
4607.0 1479.0
4631.0 4020.0
5165.0 772.0
1910.0 1452.0
971.0 1854.0
3506.0 2569.0
131.0 4126.0
1652.0 2429.0
7284.0 8331.0
1468.0 3029.0
5630.0 6614.0
1784.0 514.0
764.0 5881.0
9025.0 9001.0
4476.0 1709.0
3589.0 9497.0
9176.0 2502.0
618.0 4870.0
6122.0 6159.0
9591.0 4370.0
3102.0 3943.0
9638.0 3669.0
9736.0 8801.0
0.0 8890.0
1071.0 7853.0
7546.0 5611.0
2623.0 1280.0
5759.0 6318.0
2536.0 2332.0
2102.0 2277.0
9015.0 5693.0
3193.0 8317.0
3708.0 3911.0
9681.0 1475.0
4193.0 4144.0
5260.0 7015.0
1234.0 9928.0
6708.0 7758.0
8974.0 5206.0
4402.0 5235.0
8730.0 335.0
5179.0 3611.0
9545.0 2308.0
1999.0 9881.0
1172.0 3909.0
7293.0 6295.0
7648.0 9029.0
9425.0 3500.0
2126.0 3878.0
4182.0 5367.0
6119.0 6305.0
5700.0 8996.0
8838.0 7966.0
3744.0 5850.0
4773.0 6557.0
6754.0 2518.0
178.0 7847.0
2576.0 2074.0
1650.0 9727.0
1284.0 9503.0
2426.0 3015.0
7012.0 7185.0
4603.0 6230.0
8213.0 8894.0
7915.0 4071.0
8255.0 3311.0
8244.0 1821.0
759.0 509.0
1531.0 413.0
6620.0 7394.0
1239.0 9371.0
2093.0 584.0
52.0 7359.0
9875.0 7688.0
8952.0 2568.0
7606.0 479.0
9351.0 7664.0
677.0 5922.0
6446.0 6521.0
8782.0 3544.0
4443.0 2467.0
8120.0 119.0
6834.0 280.0
3659.0 5147.0
7383.0 6640.0
8379.0 3093.0
9978.0 6279.0
8907.0 880.0
8024.0 3558.0
9457.0 1596.0
6541.0 1681.0
8494.0 7907.0
2617.0 4286.0
5029.0 1137.0
2397.0 6642.0
3963.0 4500.0
5266.0 6167.0
2397.0 1465.0
8381.0 4496.0
1309.0 2718.0
7236.0 5839.0
9537.0 7712.0
401.0 8839.0
9452.0 9266.0
9115.0 1660.0
6256.0 2204.0
4894.0 2543.0
5316.0 9504.0
815.0 540.0
4439.0 1932.0
4640.0 3671.0
512.0 9637.0
4445.0 4203.0
2414.0 6694.0
9922.0 3315.0
4618.0 2052.0
5014.0 9844.0
8400.0 2891.0
42.0 347.0
59.0 8830.0
4003.0 219.0
8074.0 7998.0
184.0 8075.0
3598.0 8417.0
777.0 8133.0
1226.0 689.0
8635.0 7826.0
9417.0 461.0
6856.0 355.0
2523.0 1635.0
9348.0 4435.0
8805.0 3816.0
8032.0 5934.0
1374.0 9959.0
4867.0 8650.0
1452.0 2701.0
9340.0 3943.0
5891.0 356.0
4599.0 1452.0
3335.0 6035.0
7884.0 5626.0
5962.0 5887.0
3432.0 5286.0
6212.0 4925.0
8505.0 5963.0
412.0 1418.0
5717.0 7212.0
3717.0 3325.0
7315.0 9654.0
3279.0 2744.0
9589.0 8961.0
9056.0 6859.0
8064.0 6507.0
4181.0 6360.0
6647.0 8917.0
9301.0 4804.0
6380.0 1246.0
7793.0 4908.0
1984.0 1001.0
1292.0 238.0
6839.0 2738.0
7417.0 3280.0
9569.0 5476.0
4136.0 3357.0
7905.0 7622.0
7662.0 389.0
7977.0 6667.0
3310.0 2949.0
9708.0 3361.0
1220.0 1607.0
1474.0 2591.0
1363.0 1037.0
9684.0 5706.0
4745.0 6857.0
1457.0 1499.0
221.0 5684.0
1056.0 5575.0
8834.0 9380.0
3235.0 343.0
94.0 6964.0
9177.0 343.0
7109.0 163.0
3172.0 146.0
9985.0 1092.0
716.0 4547.0
9402.0 3023.0
1177.0 3287.0
4797.0 7726.0
704.0 5009.0
4041.0 5368.0
3545.0 7708.0
4050.0 5427.0
2423.0 5367.0
4232.0 9615.0
1152.0 3029.0
7185.0 282.0
5149.0 5024.0
3556.0 270.0
7999.0 3575.0
487.0 2700.0
4754.0 7512.0
5551.0 1675.0
5111.0 3323.0
595.0 7359.0
2149.0 3265.0
2409.0 1422.0
4781.0 7761.0
9624.0 1328.0
4583.0 1813.0
7767.0 4427.0
174.0 7657.0
6878.0 5351.0
4797.0 8382.0
8603.0 2667.0
5279.0 9746.0
2179.0 3287.0
3023.0 9914.0
1230.0 5585.0
206.0 9336.0
5780.0 4725.0
6838.0 5504.0
6399.0 6156.0
6849.0 9812.0
9897.0 5757.0
3873.0 6237.0
8491.0 7619.0
9886.0 4076.0
6829.0 2917.0
2366.0 9459.0
3826.0 5875.0
8138.0 2880.0
8686.0 5281.0
4570.0 2443.0
3060.0 2540.0
1280.0 5088.0
3719.0 9734.0
8019.0 484.0
2692.0 3674.0
6901.0 4848.0
4248.0 4405.0
9632.0 4397.0
668.0 9166.0
2914.0 670.0
1194.0 5255.0
7681.0 2437.0
1091.0 7788.0
326.0 1431.0
215.0 838.0
6605.0 1628.0
3026.0 2906.0
1347.0 4288.0
4435.0 227.0
9675.0 3510.0
8415.0 3865.0
7861.0 9499.0
8785.0 9095.0
4513.0 9295.0
4084.0 8029.0
5241.0 7171.0
941.0 8972.0
6462.0 9444.0
2863.0 8490.0
6526.0 911.0
3858.0 4653.0
4806.0 2649.0
8794.0 2441.0
1935.0 3396.0
4918.0 4784.0
6840.0 9240.0
1452.0 5211.0
8745.0 8856.0
6667.0 598.0
4802.0 3995.0
4363.0 4964.0
6516.0 7474.0
4161.0 7828.0
638.0 3373.0
2523.0 3065.0
2665.0 6691.0
3914.0 6774.0
3639.0 2155.0
4020.0 5106.0
3394.0 4440.0
9440.0 5543.0
5914.0 4504.0
757.0 7601.0
4973.0 9278.0
8408.0 1440.0
721.0 4432.0
3273.0 5340.0
369.0 2443.0
6385.0 5541.0
8653.0 692.0
4677.0 4410.0
6228.0 6821.0
2195.0 5413.0
6666.0 1071.0
8668.0 5878.0
5211.0 7828.0
9868.0 1009.0
4967.0 1109.0
6666.0 5144.0
8676.0 1206.0
2196.0 8723.0
6750.0 2224.0
9047.0 1947.0
4723.0 2731.0
891.0 8607.0
5786.0 4254.0
5470.0 6048.0
6574.0 4838.0
8342.0 9760.0
6859.0 7412.0
9314.0 3564.0
6322.0 5160.0
5971.0 8869.0
4061.0 8660.0
1211.0 8979.0
9014.0 1979.0
4204.0 6927.0
1933.0 7487.0
6688.0 7810.0
2104.0 1589.0
9022.0 9105.0
4459.0 6113.0
2898.0 4939.0
5243.0 2583.0
134.0 2792.0
6913.0 9097.0
9466.0 3610.0
5424.0 2040.0
5740.0 8800.0
5558.0 7363.0
8431.0 92.0
2486.0 8640.0
8898.0 733.0
192.0 1646.0
8285.0 9002.0
9959.0 7678.0
492.0 7515.0
4550.0 337.0
7120.0 4296.0
6269.0 3008.0
3807.0 4092.0
9557.0 6759.0
9875.0 918.0
1288.0 890.0
5695.0 5287.0
4432.0 848.0
4685.0 2123.0
3241.0 754.0
9356.0 7826.0
641.0 246.0
3326.0 7455.0
962.0 7881.0
3705.0 5528.0
3707.0 5816.0
772.0 6392.0
6497.0 2993.0
4357.0 2655.0
7867.0 6562.0
8844.0 2655.0
3072.0 3759.0
1200.0 430.0
8581.0 8973.0
8963.0 4184.0
3397.0 3221.0
7576.0 1715.0
7897.0 5770.0
9010.0 3775.0
3330.0 121.0
6064.0 8859.0
7659.0 9079.0
9280.0 5378.0
5892.0 6157.0
5863.0 9705.0
5579.0 3007.0
2543.0 1067.0
633.0 5142.0
6774.0 6761.0
9144.0 638.0
3201.0 3668.0
3345.0 9081.0
4791.0 4540.0
2393.0 444.0
557.0 51.0
1138.0 6164.0
4283.0 59.0
531.0 7106.0
1168.0 92.0
7852.0 5669.0
1790.0 1503.0
7401.0 1750.0
5322.0 6291.0
4836.0 4784.0
6406.0 55.0
809.0 6604.0
2595.0 9060.0
2067.0 2335.0
1780.0 9890.0
692.0 9055.0
1524.0 2671.0
4625.0 4440.0
4703.0 1330.0
5152.0 136.0
8377.0 6874.0
9521.0 7065.0
5308.0 2165.0
9328.0 2412.0
24.0 9169.0
7875.0 501.0
3865.0 2143.0
2125.0 2296.0
5906.0 2756.0
7446.0 755.0
9181.0 5610.0
5796.0 1761.0
4116.0 5133.0
511.0 2852.0
3599.0 7333.0
3373.0 4485.0
6572.0 2374.0
2100.0 1053.0
9601.0 6471.0
8950.0 1392.0
8293.0 4058.0
3577.0 986.0
3012.0 3720.0
5821.0 622.0
5781.0 3868.0
6582.0 8693.0
7803.0 6616.0
7462.0 6905.0
9500.0 857.0
2311.0 1588.0
7497.0 8004.0
6373.0 5356.0
5458.0 6372.0
1162.0 6334.0
8183.0 2677.0
5767.0 4678.0
895.0 1643.0
7719.0 8626.0
8117.0 7166.0
9108.0 4783.0
9061.0 1042.0
6099.0 9897.0
8940.0 7708.0
2511.0 3826.0
8112.0 5998.0
643.0 5935.0
3487.0 1367.0
4978.0 9653.0
9090.0 4581.0
6963.0 2407.0
5205.0 5329.0
1501.0 664.0
8019.0 1752.0
8338.0 2309.0
4165.0 9351.0
4004.0 1087.0
7095.0 5266.0
2461.0 324.0
4682.0 6382.0
5146.0 5672.0
9977.0 2258.0
3542.0 9089.0
9531.0 6344.0
9971.0 8790.0
6187.0 1470.0
4755.0 2387.0
5774.0 8077.0
410.0 2956.0
9601.0 6166.0
6047.0 245.0
7175.0 4452.0
7634.0 1760.0
6050.0 2689.0
2287.0 949.0
8228.0 5643.0
7258.0 2213.0
5018.0 9699.0
6774.0 4972.0
4780.0 5567.0
2403.0 1507.0
446.0 3067.0
5098.0 5816.0
6260.0 6482.0
9600.0 3191.0
5629.0 1431.0
4344.0 2770.0
4507.0 6761.0
2551.0 7760.0
7228.0 7424.0
2656.0 582.0
4198.0 6816.0
8742.0 2654.0
3367.0 9558.0
4149.0 1039.0
9882.0 8194.0
3905.0 6682.0
849.0 9778.0
4172.0 1472.0
4612.0 837.0
9334.0 3845.0
6459.0 1675.0
9926.0 5163.0
5178.0 3504.0
7047.0 1586.0
7374.0 4370.0
1427.0 8675.0
8948.0 2359.0
7811.0 8446.0
5680.0 7053.0
7829.0 1096.0
7301.0 2719.0
7006.0 6142.0
1984.0 9195.0
4091.0 187.0
668.0 8970.0
3349.0 1046.0
3123.0 1414.0
3001.0 456.0
174.0 7647.0
5462.0 95.0
8991.0 2019.0
7547.0 8142.0
878.0 8677.0
1304.0 6099.0
3449.0 4203.0
8646.0 8108.0
1622.0 9785.0
5439.0 7476.0
4348.0 8912.0
3214.0 7656.0
6470.0 9064.0
9167.0 7390.0
7650.0 8369.0
7602.0 2252.0
2759.0 713.0
8502.0 7313.0
653.0 5269.0
1367.0 8162.0
749.0 8934.0
5003.0 9995.0
9312.0 2635.0
6411.0 7013.0
9870.0 4997.0
4456.0 6848.0
4667.0 9337.0
6460.0 7250.0
6575.0 2466.0
8406.0 4748.0
3370.0 6277.0
1897.0 7528.0
8794.0 5591.0
3544.0 7247.0
7315.0 8239.0
4950.0 7002.0
1992.0 5862.0
3942.0 5200.0
7370.0 6398.0
230.0 7536.0
1817.0 1733.0
1142.0 1811.0
6205.0 6501.0
5617.0 2830.0
8367.0 6500.0
7096.0 7084.0
5229.0 7704.0
8504.0 9459.0
7045.0 9351.0
4958.0 6695.0
628.0 7078.0
2387.0 4819.0
1022.0 4580.0
2722.0 277.0
3496.0 4778.0
8809.0 6999.0
299.0 3959.0
4726.0 4116.0
9077.0 4876.0
9656.0 1558.0
2371.0 7280.0
5988.0 3264.0
106.0 6857.0
4802.0 220.0
9494.0 6058.0
4410.0 8065.0
9249.0 2781.0
109.0 6482.0
7552.0 5401.0
5823.0 98.0
5648.0 5107.0
778.0 3136.0
1526.0 9039.0
6893.0 2526.0
562.0 183.0
5045.0 6708.0
2564.0 2521.0
867.0 9868.0
7118.0 2397.0
3243.0 3804.0
1656.0 9579.0
1181.0 2181.0
9157.0 4000.0
7199.0 4377.0
4903.0 6646.0
7915.0 8657.0
4184.0 5578.0
4991.0 6905.0
5395.0 548.0
2097.0 5630.0
5415.0 2205.0
6060.0 484.0
6690.0 4355.0
2866.0 4006.0
7939.0 252.0
1667.0 8835.0
2889.0 6401.0
2478.0 1099.0
3962.0 9854.0
5702.0 1224.0
317.0 7458.0
4171.0 1881.0
2170.0 8054.0
849.0 5296.0
5804.0 1086.0
7875.0 4654.0
6181.0 7604.0
5098.0 6825.0
6570.0 2139.0
8778.0 6129.0
7108.0 6426.0
3612.0 1378.0
6708.0 8440.0
3745.0 917.0
5219.0 2746.0
944.0 2888.0
5271.0 613.0
582.0 446.0
5697.0 887.0
8606.0 4151.0
961.0 5090.0
5156.0 6275.0
3503.0 2727.0
2987.0 4225.0
8413.0 5271.0
1369.0 2838.0
2345.0 9817.0
8626.0 7752.0
1094.0 5855.0
8976.0 4592.0
2741.0 1173.0
1838.0 1193.0
5789.0 5334.0
4266.0 2584.0
4191.0 1724.0
9684.0 972.0
3699.0 1645.0
8578.0 5429.0
6441.0 6422.0
9303.0 8538.0
3134.0 6000.0
9687.0 9701.0
4860.0 5025.0
2583.0 7344.0
8810.0 9862.0
1030.0 4747.0
4911.0 2539.0
1199.0 6730.0
2753.0 100.0
3782.0 6903.0
726.0 321.0
6986.0 7732.0
1790.0 7299.0
6797.0 8130.0
2779.0 2852.0
2679.0 5799.0
6661.0 2241.0
9381.0 4066.0
9669.0 5169.0
7992.0 5420.0
7714.0 5542.0
1937.0 6488.0
8994.0 5967.0
6056.0 1675.0
2215.0 5462.0
9444.0 5191.0
2336.0 1359.0
5207.0 3694.0
8254.0 8871.0
2800.0 4278.0
9341.0 4303.0
1121.0 5028.0
251.0 384.0
3008.0 7868.0
5903.0 4693.0
4313.0 5938.0
1066.0 4659.0
3221.0 213.0
1449.0 5112.0
7968.0 2599.0
5714.0 6857.0
3631.0 5235.0
330.0 7253.0
1145.0 8215.0
1673.0 6270.0
4220.0 474.0
2302.0 4003.0
2316.0 1048.0
801.0 8112.0
346.0 447.0
7124.0 2184.0
8263.0 4361.0
7849.0 8467.0
6200.0 4426.0
8245.0 972.0
3330.0 3280.0
585.0 7413.0
1101.0 3631.0
600.0 965.0
4020.0 3566.0
6505.0 5303.0
3645.0 2829.0
7500.0 8925.0
3946.0 7295.0
1160.0 7207.0
8710.0 1357.0
1636.0 3184.0
4138.0 468.0
3074.0 528.0
2311.0 8552.0
5169.0 4704.0
3691.0 7517.0
270.0 771.0
9301.0 8596.0
3937.0 8816.0
5778.0 7738.0
3394.0 487.0
8932.0 9782.0
750.0 2611.0
4004.0 8634.0
444.0 6368.0
3261.0 3183.0
2795.0 2998.0
4116.0 1169.0
8095.0 9520.0
3412.0 5743.0
8141.0 434.0
6063.0 1940.0
4633.0 3891.0
8685.0 2782.0
6345.0 3303.0
1410.0 7261.0
9483.0 7864.0
3522.0 4906.0
8155.0 7974.0
1102.0 4166.0
4345.0 4019.0
7321.0 4347.0
9327.0 9514.0
8577.0 3314.0
924.0 2052.0
2101.0 5699.0
3526.0 8068.0
3236.0 8825.0
275.0 9865.0
3020.0 6086.0
9346.0 5904.0
9261.0 12.0
8730.0 7814.0
6748.0 9726.0
6420.0 117.0
4784.0 44.0
5445.0 1126.0
2683.0 1925.0
5634.0 6007.0
6410.0 6511.0
6541.0 5477.0
2025.0 7474.0
8446.0 6109.0
4089.0 8906.0
839.0 734.0
9704.0 8467.0
303.0 9897.0
1344.0 8028.0
2213.0 7864.0
4150.0 6529.0
3163.0 9145.0
5843.0 2286.0
3532.0 4005.0
9924.0 4459.0
2112.0 3959.0
5330.0 5930.0
7204.0 700.0
8196.0 2289.0
1093.0 4465.0
3905.0 4188.0
7330.0 294.0
74.0 2754.0
2724.0 3169.0
3652.0 320.0
8453.0 5504.0
7788.0 1176.0
7228.0 2973.0
6627.0 9585.0
5905.0 7139.0
8722.0 4770.0
5462.0 5866.0
2187.0 5125.0
2768.0 4997.0
7299.0 6349.0
1042.0 7264.0
4677.0 756.0
8425.0 6915.0
9721.0 7459.0
6577.0 1029.0
6472.0 5684.0
3714.0 997.0
6552.0 5917.0
8999.0 145.0
1358.0 6124.0
7693.0 5986.0
8160.0 2767.0
9000.0 8054.0
3280.0 8839.0
993.0 4822.0
8009.0 3651.0
9563.0 5665.0
5430.0 1593.0
782.0 6350.0
8804.0 9594.0
8605.0 9024.0
4692.0 5517.0
2329.0 192.0
6478.0 2200.0
710.0 2640.0
6437.0 4387.0
2166.0 9794.0
7047.0 8263.0
2971.0 3490.0
4669.0 5822.0
7855.0 8625.0
1301.0 8798.0
9933.0 674.0
2525.0 9388.0
9358.0 4545.0
2357.0 7478.0
2636.0 5744.0
8123.0 6623.0
6999.0 7339.0
1058.0 3485.0
6758.0 8689.0
765.0 7972.0
1044.0 4415.0
4224.0 3787.0
4863.0 4594.0
2490.0 1639.0
7865.0 9657.0
761.0 9813.0
7749.0 5950.0
9977.0 9350.0
7718.0 457.0
608.0 3550.0
9896.0 5641.0
1802.0 4031.0
9118.0 7899.0
1552.0 8060.0
4019.0 5587.0
6049.0 4403.0
4815.0 5113.0
8883.0 7396.0
9719.0 6054.0
3262.0 1486.0
4373.0 8790.0
2902.0 947.0
1240.0 625.0
9763.0 2021.0
8349.0 8864.0
9288.0 7188.0
9321.0 1842.0
6311.0 3806.0
9076.0 1356.0
7305.0 1847.0
2154.0 2504.0
7116.0 7943.0
3044.0 9382.0
872.0 5486.0
448.0 7634.0
4205.0 2999.0
9889.0 7325.0
7476.0 5498.0
1581.0 2110.0
2140.0 6089.0
2972.0 3177.0
9942.0 7512.0
7870.0 8954.0
8085.0 5862.0
6576.0 4031.0
6051.0 1219.0
3929.0 3296.0
2228.0 2406.0
4686.0 9753.0
1012.0 5608.0
8137.0 6992.0
3551.0 9072.0
6387.0 9807.0
7783.0 8619.0
3204.0 8911.0
5953.0 1199.0
2854.0 8252.0
247.0 6204.0
839.0 5885.0
9729.0 6772.0
945.0 1894.0
4236.0 5812.0
5521.0 9323.0
3392.0 3972.0
8398.0 6611.0
1411.0 9277.0
2367.0 2489.0
853.0 661.0
5627.0 6835.0
988.0 130.0
4111.0 3444.0
8949.0 766.0
9122.0 3205.0
4318.0 317.0
2171.0 8653.0
327.0 2582.0
1449.0 3377.0
7322.0 1335.0
6833.0 2256.0
6674.0 3995.0
2853.0 1004.0
5773.0 4786.0
1522.0 6000.0
7303.0 9607.0
9457.0 7875.0
8430.0 7334.0
6185.0 4839.0
8089.0 4787.0
3073.0 4221.0
3025.0 5087.0
4770.0 3197.0
5754.0 1627.0
7603.0 2187.0
103.0 2387.0
1810.0 6893.0
2508.0 1819.0
7052.0 7460.0
9711.0 19.0
3104.0 5732.0
6041.0 1439.0
135.0 4076.0
5936.0 7827.0
5507.0 1763.0
9862.0 2655.0
6488.0 7371.0
4304.0 6748.0
812.0 8191.0
8992.0 7336.0
9482.0 114.0
7018.0 5265.0
8744.0 3968.0
6015.0 7588.0
637.0 6795.0
1061.0 5264.0
4043.0 9032.0
2469.0 8193.0
636.0 1077.0
4135.0 2311.0
2662.0 5223.0
595.0 5971.0
1947.0 1419.0
3469.0 5344.0
2060.0 7858.0
441.0 1053.0
8039.0 9851.0
2462.0 779.0
592.0 2967.0
7309.0 5062.0
4200.0 8925.0
193.0 6021.0
1010.0 5199.0
4561.0 1219.0
4965.0 1825.0
8767.0 7406.0
3058.0 1386.0
6770.0 1356.0
3137.0 639.0
3525.0 7539.0
175.0 4779.0
8230.0 4841.0
5411.0 7800.0
1100.0 7062.0
5290.0 4940.0
1814.0 4426.0
9601.0 5684.0
326.0 5822.0
734.0 8300.0
3179.0 4000.0
8472.0 9383.0
998.0 8464.0
7234.0 4387.0
5329.0 3262.0
5167.0 7627.0
5481.0 9432.0
7026.0 2710.0
8531.0 4302.0
5237.0 6889.0
8177.0 2387.0
6060.0 5311.0
573.0 5105.0
277.0 3633.0
7838.0 9036.0
307.0 9982.0
2383.0 4959.0
8162.0 9743.0
7732.0 2380.0
1173.0 9143.0
3996.0 6788.0
4879.0 6111.0
8662.0 9368.0
5009.0 9389.0
5871.0 1385.0
2966.0 9380.0
9834.0 7975.0
1724.0 6693.0
563.0 8573.0
1555.0 6869.0
2579.0 3688.0
7502.0 2280.0
9746.0 275.0
3008.0 4644.0
1925.0 405.0
6617.0 4166.0
1580.0 490.0
1162.0 3764.0
1022.0 752.0
7353.0 9354.0
3444.0 7199.0
6174.0 9688.0
3417.0 812.0
7021.0 1698.0
5008.0 1172.0
964.0 9846.0
8183.0 4267.0
1084.0 435.0
6662.0 6691.0
4264.0 4376.0
2892.0 960.0
1378.0 4374.0
8294.0 9195.0
5266.0 5019.0
9455.0 4861.0
8435.0 6751.0
3425.0 4829.0
4873.0 7184.0
7794.0 6454.0
2914.0 5755.0
3688.0 6916.0
8550.0 180.0
2382.0 4540.0
1122.0 5705.0
8664.0 4332.0
5779.0 599.0
6628.0 2446.0
9648.0 3904.0
6067.0 6810.0
1110.0 3879.0
108.0 3655.0
4095.0 8151.0
7282.0 2143.0
1824.0 9019.0
3660.0 1849.0
6905.0 9913.0
3255.0 310.0
7186.0 1464.0
7320.0 363.0
9301.0 8173.0
5732.0 9516.0
4305.0 9154.0
6113.0 6056.0
2318.0 8926.0
8851.0 9141.0
5598.0 6733.0
8697.0 2592.0
1943.0 5357.0
6086.0 4608.0
2851.0 2926.0
3860.0 8143.0
3348.0 3665.0
7544.0 9161.0
2884.0 6082.0
9859.0 2499.0
9237.0 9567.0
2609.0 7563.0
9815.0 2872.0
1627.0 8591.0
7284.0 455.0
2941.0 6699.0
8930.0 5161.0
814.0 3438.0
1676.0 8221.0
829.0 8102.0
7153.0 40.0
3690.0 3494.0
3760.0 7750.0
7886.0 7389.0
5110.0 8019.0
1900.0 9421.0
6786.0 6067.0
9111.0 5610.0
5812.0 4392.0
1066.0 5271.0
9761.0 7160.0
7283.0 7515.0
4917.0 8756.0

2350.0 90.0
9430.0 2638.0
5897.0 8017.0
9886.0 1141.0
7648.0 8749.0
7653.0 5647.0
1532.0 3782.0
6826.0 3874.0
1174.0 9412.0
7453.0 668.0
4692.0 1955.0
53.0 8822.0
3160.0 3190.0
5080.0 3407.0
933.0 3192.0
6750.0 8050.0
8451.0 301.0
3142.0 4166.0
740.0 479.0
6986.0 6597.0
7220.0 734.0
4061.0 1649.0
1036.0 3879.0
8600.0 5998.0
8528.0 4335.0
7638.0 7435.0
2048.0 7191.0
8692.0 948.0
1745.0 5291.0
7714.0 6095.0
4526.0 1521.0
6704.0 4146.0
819.0 6058.0
2922.0 5994.0
2315.0 790.0
4102.0 4283.0
6384.0 5661.0
6564.0 5746.0
5264.0 4121.0
5680.0 2221.0
752.0 7454.0
562.0 1337.0
7513.0 174.0
7435.0 315.0
713.0 1250.0
8542.0 8908.0
6101.0 8362.0
6076.0 9907.0
3226.0 4906.0
2985.0 8213.0
4954.0 2016.0
5101.0 1979.0
8934.0 284.0
1504.0 1723.0
9204.0 8433.0
2509.0 5985.0
8551.0 8656.0
7223.0 4413.0
4867.0 857.0
5078.0 1825.0
7078.0 511.0
8234.0 9191.0
8877.0 7372.0
4286.0 9999.0
895.0 4771.0
1187.0 3023.0
4467.0 1697.0
8795.0 4923.0
2689.0 2432.0
3955.0 8690.0
6893.0 911.0
8554.0 6396.0
9234.0 9604.0
2418.0 7222.0
4532.0 5077.0
5516.0 4254.0
7033.0 4993.0
6341.0 6007.0
300.0 3795.0
5923.0 1172.0
800.0 6760.0
9350.0 7543.0
8463.0 4664.0
9231.0 8624.0
9795.0 3819.0
8022.0 3869.0
1753.0 8644.0
8607.0 1035.0
7022.0 6550.0
5065.0 1654.0
3872.0 7354.0
8041.0 3057.0
6263.0 1912.0
1604.0 2955.0
2333.0 7268.0
1058.0 5046.0
1980.0 7972.0
3564.0 6630.0
6648.0 5838.0
6033.0 1688.0
7044.0 2865.0
7168.0 5430.0
6878.0 4523.0
3099.0 8775.0
3349.0 3152.0
8513.0 3735.0
7524.0 3718.0
7673.0 3178.0
246.0 6586.0
2279.0 972.0
1786.0 4633.0
5562.0 948.0
5849.0 4322.0
4510.0 5688.0
1153.0 3060.0
4690.0 8606.0
6186.0 7501.0
4512.0 5290.0
5359.0 47.0
8417.0 2595.0
7192.0 3278.0
848.0 6449.0
7686.0 4512.0
5458.0 1872.0
4576.0 5260.0
6440.0 1158.0
614.0 2757.0
1412.0 8705.0
6522.0 3343.0
7765.0 3481.0
6834.0 9882.0
6882.0 2593.0
4237.0 7974.0
3160.0 1931.0
604.0 8149.0
7208.0 2378.0
5374.0 3828.0
5213.0 2541.0
4450.0 7220.0
8787.0 1509.0
5276.0 7901.0
2289.0 7581.0
6242.0 1337.0
7011.0 1469.0
1109.0 7003.0
4114.0 4945.0
1594.0 8406.0
791.0 8378.0
3798.0 9679.0
6494.0 3209.0
6630.0 5997.0
8701.0 7745.0
2871.0 7545.0
119.0 7341.0
6106.0 9252.0
1705.0 2387.0
9101.0 1026.0
8478.0 84.0
1868.0 5713.0
7487.0 8527.0
35.0 4515.0
9867.0 3997.0
6683.0 2072.0
1405.0 5036.0
3364.0 5957.0
8508.0 9166.0
8394.0 7810.0
9017.0 849.0
3143.0 5818.0
9752.0 1568.0
9450.0 782.0
5227.0 5551.0
3857.0 502.0
4415.0 7117.0
6785.0 9691.0
5026.0 8106.0
7361.0 5156.0
7173.0 6363.0
7029.0 8485.0
842.0 8781.0
7633.0 910.0
4103.0 4848.0
2097.0 7673.0
1472.0 9202.0
8423.0 1507.0
4296.0 4141.0
113.0 7551.0
7647.0 5598.0
8721.0 4370.0
574.0 8526.0
6683.0 8336.0
9164.0 199.0
1082.0 1072.0
4322.0 2369.0
1535.0 2219.0
8651.0 5796.0
7827.0 2217.0
9412.0 3116.0
5503.0 2345.0
6904.0 8473.0
50.0 1746.0
234.0 5000.0
2848.0 3675.0
4854.0 3496.0
4531.0 5650.0
8818.0 8383.0
3964.0 801.0
7115.0 9364.0
3453.0 88.0
6069.0 9761.0
3394.0 7642.0
2139.0 5038.0
1994.0 3943.0
2101.0 7448.0
8236.0 4074.0
3978.0 5317.0
8771.0 766.0
667.0 7913.0
1869.0 4467.0
645.0 9390.0
4131.0 5157.0
2700.0 7787.0
8065.0 3137.0
4070.0 7545.0
1289.0 8536.0
3941.0 6532.0
410.0 1712.0
6668.0 1046.0
5332.0 9352.0
1687.0 4770.0
2111.0 3412.0
9497.0 171.0
5049.0 2692.0
5628.0 3286.0
1149.0 9240.0
7031.0 5421.0
2648.0 4306.0
7784.0 7684.0
5759.0 1099.0
3526.0 6882.0
6286.0 4046.0
6552.0 3712.0
5297.0 6804.0
5978.0 6761.0
491.0 3724.0
9858.0 8255.0
1441.0 2022.0
8717.0 78.0
9390.0 4373.0
2389.0 983.0
4725.0 4128.0
4558.0 8532.0
7832.0 7942.0
1949.0 1678.0
1465.0 2962.0
7576.0 2521.0
5334.0 8381.0
9915.0 8197.0
6011.0 3510.0
2498.0 6332.0
7893.0 7158.0
770.0 137.0
3340.0 5498.0
5664.0 1493.0
2642.0 8179.0
5778.0 3134.0
7033.0 4892.0
2609.0 3286.0
355.0 7130.0
5717.0 8837.0
7579.0 2335.0
7246.0 5434.0
820.0 229.0
7748.0 5549.0
6036.0 3464.0
7650.0 7941.0
6043.0 7396.0
1375.0 4526.0
8045.0 6164.0
3433.0 3102.0
6315.0 4823.0
8487.0 6939.0
3202.0 9737.0
9730.0 4677.0
4131.0 1985.0
2540.0 6517.0
4762.0 975.0
2795.0 5222.0
954.0 8030.0
1798.0 2822.0
4722.0 2143.0
2177.0 6596.0
1836.0 2625.0
1716.0 223.0
9233.0 5905.0
4515.0 8628.0
2892.0 6173.0
1392.0 7504.0
9372.0 2121.0
3932.0 938.0
6620.0 4473.0
9136.0 3166.0
2271.0 1586.0
4019.0 2929.0
69.0 2781.0
2145.0 1366.0
7581.0 1691.0
6438.0 6962.0
877.0 4302.0
5262.0 3524.0
4315.0 8964.0
1108.0 9647.0
6141.0 8061.0
3857.0 626.0
3009.0 3564.0
3010.0 6359.0
9144.0 1234.0
5795.0 1140.0
8261.0 655.0
586.0 3869.0
8941.0 853.0
7514.0 9636.0
6609.0 3717.0
733.0 6156.0
7788.0 9948.0
9198.0 1049.0
4771.0 4765.0
5412.0 8401.0
1422.0 3097.0
4051.0 5628.0
3214.0 6477.0
4846.0 4103.0
7204.0 6387.0
6685.0 9512.0
107.0 1246.0
2324.0 414.0
5101.0 6796.0
5599.0 6014.0
594.0 2122.0
5615.0 6583.0
6524.0 5980.0
4753.0 2532.0
6446.0 717.0
9970.0 604.0
6011.0 3480.0
9261.0 8150.0
1037.0 6957.0
7731.0 9007.0
790.0 4344.0
172.0 6888.0
4704.0 5813.0
9550.0 4825.0
3147.0 6162.0
3358.0 1616.0
5423.0 5905.0
2194.0 8722.0
680.0 510.0
7509.0 3651.0
9867.0 5027.0
7955.0 8264.0
9405.0 3814.0
6202.0 2986.0
9789.0 7600.0
680.0 401.0
4687.0 2625.0
9125.0 4217.0
8794.0 9030.0
3382.0 2064.0
5049.0 8311.0
7343.0 3107.0
4408.0 1973.0
2453.0 3956.0
3819.0 6166.0
7702.0 8832.0
558.0 9526.0
3495.0 2492.0
3635.0 3916.0
1334.0 6874.0
5358.0 331.0
3730.0 4922.0
8798.0 4663.0
1239.0 7609.0
9264.0 580.0
6040.0 2591.0
475.0 9223.0
3996.0 5509.0
8590.0 7955.0
9572.0 7380.0
9760.0 2898.0
559.0 4066.0
9358.0 2463.0
1986.0 6314.0
3577.0 1634.0
1165.0 1326.0
6513.0 9190.0
8268.0 9329.0
8446.0 2627.0
9334.0 1137.0
3471.0 7984.0
1164.0 5194.0
7094.0 4315.0
9973.0 5019.0
7048.0 5024.0
8220.0 613.0
2910.0 795.0
6583.0 9716.0
2719.0 1329.0
401.0 7478.0
7270.0 5655.0
2577.0 5427.0
5224.0 3175.0
7332.0 3302.0
4700.0 233.0
1683.0 9664.0
9544.0 9406.0
4140.0 9792.0
890.0 1246.0
2453.0 1817.0
7222.0 689.0
4884.0 4608.0
8570.0 2893.0
1884.0 3343.0
3026.0 5669.0
7597.0 1277.0
6225.0 8321.0
3127.0 8654.0
6974.0 9025.0
5931.0 2272.0
4672.0 5542.0
2311.0 1643.0
6705.0 6469.0
2386.0 251.0
6477.0 2739.0
9453.0 2880.0
5215.0 1634.0
8173.0 2471.0
3248.0 7992.0
8483.0 2499.0
8912.0 9884.0
4645.0 3353.0
5736.0 8434.0
1364.0 3691.0
1068.0 4053.0
1353.0 220.0
1838.0 3796.0
1314.0 1928.0
5579.0 7066.0
5689.0 7197.0
7412.0 9387.0
134.0 4800.0
6112.0 6499.0
9134.0 2267.0
4968.0 3472.0
4631.0 7549.0
5571.0 6060.0
5123.0 2516.0
5196.0 4079.0
7141.0 9233.0
950.0 8950.0
3486.0 2500.0
6354.0 209.0
5174.0 4602.0
8504.0 8169.0
6502.0 820.0
6499.0 2466.0
5122.0 6587.0
4290.0 8728.0
1565.0 9835.0
3590.0 8091.0
5112.0 4487.0
5063.0 6768.0
5439.0 3546.0
8407.0 5430.0
1933.0 2810.0
4509.0 598.0
5112.0 8639.0
5357.0 2794.0
7060.0 5775.0
9839.0 8653.0
265.0 3702.0
6115.0 6750.0
6811.0 2485.0
3732.0 9351.0
2324.0 1604.0
1115.0 4814.0
1570.0 7746.0
6633.0 7880.0
5141.0 23.0
3893.0 7562.0
9134.0 3589.0
4399.0 4886.0
2243.0 5163.0
3293.0 5166.0
7157.0 6405.0
6293.0 2094.0
5711.0 3618.0
8513.0 3325.0
9682.0 4785.0
8339.0 9813.0
1646.0 7395.0
2000.0 3614.0
2803.0 3011.0
7024.0 1381.0
7229.0 7123.0
5213.0 3272.0
4394.0 5192.0
8345.0 9518.0
4416.0 8405.0
2215.0 9364.0
2965.0 5101.0
7220.0 9590.0
5191.0 6349.0
6134.0 2390.0
620.0 6648.0
2240.0 4778.0
3449.0 3245.0
3479.0 4290.0
5092.0 22.0
783.0 8185.0
8473.0 4434.0
1275.0 5874.0
5902.0 8504.0
9459.0 6829.0
5011.0 7307.0
2100.0 8649.0
9619.0 944.0
4940.0 2573.0
4965.0 8497.0
1929.0 6088.0
9211.0 4893.0
111.0 4956.0
5652.0 4217.0
5853.0 9284.0
2501.0 5401.0
579.0 944.0
9710.0 8779.0
6645.0 2034.0
4725.0 4497.0
6555.0 6592.0
1567.0 6250.0
1168.0 338.0
198.0 6300.0
5053.0 5616.0
5536.0 301.0
9659.0 1305.0
8073.0 2833.0
7475.0 9892.0
495.0 7210.0
2834.0 6475.0
7202.0 5460.0
7518.0 6863.0
6183.0 7015.0
1858.0 4561.0
5105.0 7025.0
4451.0 8839.0
6090.0 7851.0
6188.0 8591.0
6037.0 9628.0
6743.0 9255.0
1949.0 8445.0
4217.0 2484.0
3151.0 3076.0
1030.0 805.0
4826.0 3765.0
1824.0 2017.0
9775.0 9007.0
1446.0 506.0
7823.0 8851.0
3743.0 5236.0
4777.0 5651.0
4299.0 6668.0
5365.0 5788.0
2787.0 7248.0
7043.0 8287.0
3102.0 2793.0
4111.0 8867.0
1935.0 4439.0
4046.0 342.0
8953.0 3378.0
444.0 2894.0
4261.0 3134.0
9529.0 163.0
1272.0 6616.0
9583.0 9663.0
5718.0 7620.0
5277.0 8452.0
3879.0 9055.0
1272.0 7603.0
5775.0 2620.0
2001.0 1366.0
1430.0 7117.0
7098.0 9583.0
899.0 5178.0
4312.0 4269.0
1212.0 579.0
4394.0 3877.0
5899.0 936.0
4810.0 1181.0
5273.0 2929.0
1745.0 3304.0
8111.0 9854.0
2265.0 4839.0
7923.0 3670.0
1097.0 7521.0
9443.0 6321.0
8900.0 2477.0
3558.0 7509.0
1473.0 3487.0
1264.0 8691.0
1785.0 2236.0
9879.0 5482.0
9280.0 9084.0
7147.0 3233.0
3319.0 5240.0
1411.0 2977.0
228.0 4916.0
8481.0 7492.0
5823.0 8354.0
8423.0 9688.0
7845.0 9259.0
7888.0 8065.0
5229.0 2585.0
6156.0 6458.0
3591.0 1168.0
5558.0 7790.0
8880.0 2164.0
9444.0 4067.0
3580.0 6782.0
3369.0 7350.0
2415.0 9284.0
7640.0 8909.0
6907.0 3744.0
1908.0 6299.0
776.0 9502.0
4946.0 596.0
550.0 8834.0
5319.0 8487.0
8297.0 2802.0
1050.0 6471.0
5920.0 3732.0
9004.0 6899.0
2908.0 5336.0
7129.0 8036.0
1967.0 3947.0
5191.0 2935.0
9438.0 6810.0
2229.0 4297.0
9917.0 5946.0
1333.0 5070.0
7006.0 8550.0
4949.0 7017.0
4590.0 7393.0
6365.0 1949.0
5549.0 7217.0
5517.0 2892.0
7349.0 5593.0
9832.0 4883.0
6400.0 9210.0
3201.0 7630.0
5604.0 9089.0
8830.0 4773.0
2011.0 694.0
4060.0 6955.0
3974.0 7407.0
7845.0 8439.0
9765.0 8344.0
4081.0 9513.0
2003.0 3999.0
6399.0 9364.0
4874.0 5699.0
2630.0 6709.0
3498.0 7312.0
9577.0 7851.0
7400.0 222.0
1274.0 4437.0
2474.0 5042.0
6392.0 5601.0
8367.0 6003.0
2954.0 1745.0
690.0 6556.0
1018.0 9692.0
9975.0 7125.0
6506.0 1399.0
1787.0 8471.0
1843.0 994.0
4916.0 6710.0
1536.0 7363.0
7036.0 8383.0
3412.0 1971.0
9795.0 6615.0
8637.0 4204.0
7679.0 1794.0
6190.0 8913.0
7646.0 2794.0
9974.0 3400.0
8869.0 7168.0
9198.0 3582.0
4556.0 1329.0
5214.0 1560.0
230.0 4171.0
480.0 9277.0
5391.0 119.0
7790.0 5571.0
7994.0 71.0
450.0 6284.0
3614.0 1234.0
6555.0 9654.0
3760.0 9300.0
3058.0 1783.0
212.0 8952.0
7745.0 9320.0
4837.0 1186.0
9833.0 9141.0
6733.0 8420.0
2324.0 7257.0
1205.0 839.0
1770.0 1622.0
7400.0 13.0
3664.0 6134.0
4068.0 8202.0
4052.0 5514.0
5352.0 4354.0
588.0 3296.0
1008.0 282.0
8659.0 7675.0
7980.0 2979.0
758.0 2401.0
2745.0 1533.0
9789.0 2492.0
6345.0 9678.0
9411.0 6949.0
6497.0 7387.0
7161.0 3240.0
3732.0 7517.0
8452.0 739.0
940.0 5989.0
2152.0 2878.0
8274.0 6475.0
902.0 233.0
7775.0 3052.0
1802.0 9243.0
4698.0 6812.0
5692.0 3837.0
4887.0 4913.0
5638.0 9652.0
160.0 3037.0
7807.0 3092.0
6107.0 4728.0
398.0 9944.0
9189.0 3591.0
8789.0 788.0
2595.0 6840.0
7559.0 2914.0
2733.0 1155.0
2575.0 983.0
794.0 4317.0
8752.0 1161.0
6294.0 8647.0
1719.0 5936.0
2006.0 4641.0
4003.0 9367.0
2193.0 5877.0
8925.0 4966.0
8568.0 8573.0
7846.0 970.0
893.0 1861.0
8964.0 205.0
1616.0 7176.0
8274.0 4268.0
6475.0 7802.0
5922.0 4288.0
5474.0 2003.0
3545.0 2928.0
1164.0 5736.0
819.0 4937.0
3616.0 3444.0
1845.0 5902.0
4004.0 7843.0
4554.0 1474.0
1252.0 2256.0
8791.0 1779.0
8596.0 1418.0
1227.0 8238.0
9516.0 9234.0
7799.0 2530.0
4961.0 4506.0
6797.0 9920.0
6230.0 8049.0
8297.0 1673.0
493.0 7214.0
8094.0 3811.0
8300.0 6275.0
6785.0 1865.0
5030.0 3664.0
7189.0 3965.0
696.0 9539.0
5753.0 6878.0
4995.0 9631.0
6110.0 2287.0
7039.0 3883.0
5455.0 3029.0
1675.0 836.0
6908.0 1503.0
6791.0 1243.0
3518.0 4988.0
8573.0 6895.0
2078.0 5081.0
4041.0 3123.0
7421.0 1018.0
2882.0 5958.0
334.0 9046.0
2895.0 7428.0
4811.0 2635.0
6048.0 4973.0
2731.0 711.0
4475.0 3446.0
6691.0 3660.0
8434.0 660.0
4134.0 9326.0
508.0 14.0
8424.0 3710.0
3098.0 6104.0
5054.0 3642.0
8519.0 1839.0
3629.0 1087.0
3660.0 8044.0
8820.0 1381.0
3633.0 8980.0
5902.0 77.0
1276.0 9817.0
9109.0 5631.0
1976.0 4493.0
3396.0 7685.0
5707.0 4957.0
2832.0 3142.0
668.0 5256.0
1252.0 4768.0
5503.0 6467.0
3358.0 9556.0
9428.0 931.0
6891.0 6574.0
2278.0 6762.0
9106.0 6522.0
8784.0 6126.0
3137.0 7717.0
4089.0 3255.0
2478.0 5758.0
9862.0 675.0
4211.0 6555.0
2918.0 4624.0
4149.0 4999.0
809.0 3132.0
9571.0 3967.0
1248.0 2747.0
7699.0 877.0
4797.0 2386.0
593.0 1578.0
2754.0 5277.0
9610.0 3711.0
4624.0 2473.0
5118.0 4368.0
2091.0 3912.0
9604.0 9196.0
8936.0 5521.0
4850.0 2709.0
8769.0 3301.0
6346.0 2037.0
5033.0 7898.0
590.0 8814.0
153.0 5637.0
3471.0 6464.0
3286.0 4482.0
342.0 2593.0
8546.0 5900.0
1003.0 8692.0
8155.0 6121.0
5246.0 1937.0
7391.0 2761.0
7086.0 6255.0
801.0 5260.0
8396.0 2406.0
1546.0 169.0
5090.0 9308.0
8311.0 4707.0
1482.0 1331.0
6699.0 4588.0
1062.0 8787.0
4515.0 4595.0
4282.0 1332.0
2850.0 2887.0
6538.0 6528.0
7405.0 2480.0
2035.0 8257.0
6918.0 5924.0
1675.0 2270.0
8171.0 1622.0
5633.0 8520.0
9434.0 2771.0
3785.0 2590.0
6808.0 2421.0
9681.0 865.0
343.0 603.0
6172.0 6740.0
9363.0 2021.0
3407.0 7541.0
8915.0 5269.0
2347.0 4414.0
1747.0 7072.0
9425.0 9894.0
2735.0 7502.0
595.0 402.0
5173.0 4666.0
5338.0 3362.0
824.0 9823.0
3879.0 1193.0
8186.0 6429.0
3208.0 6897.0
5832.0 9075.0
112.0 8458.0
293.0 781.0
1868.0 1796.0
357.0 9652.0
7764.0 4480.0
2209.0 8354.0
7095.0 4948.0
2351.0 2373.0
1834.0 4461.0
7676.0 5583.0
4612.0 1483.0
4636.0 4026.0
5170.0 777.0
1916.0 1458.0
977.0 1858.0
3511.0 2574.0
136.0 4131.0
1657.0 2434.0
7290.0 8335.0
1474.0 3034.0
5636.0 6620.0
1789.0 519.0
768.0 5885.0
9031.0 9006.0
4480.0 1714.0
3594.0 9502.0
9181.0 2508.0
623.0 4875.0
6128.0 6163.0
9595.0 4375.0
3108.0 3948.0
9644.0 3673.0
9741.0 8807.0
5.0 8896.0
1076.0 7857.0
7552.0 5616.0
2628.0 1284.0
5764.0 6324.0
2541.0 2337.0
2108.0 2282.0
9020.0 5698.0
3199.0 8322.0
3713.0 3916.0
9685.0 1481.0
4198.0 4149.0
5264.0 7020.0
1239.0 9933.0
6713.0 7763.0
8979.0 5210.0
4406.0 5240.0
8736.0 340.0
5184.0 3616.0
9550.0 2312.0
2005.0 9886.0
1176.0 3914.0
7299.0 6301.0
7652.0 9035.0
9429.0 3504.0
2132.0 3884.0
4187.0 5371.0
6124.0 6310.0
5705.0 9001.0
8844.0 7970.0
3748.0 5855.0
4778.0 6562.0
6758.0 2524.0
183.0 7853.0
2581.0 2079.0
1655.0 9732.0
1289.0 9509.0
2432.0 3019.0
7017.0 7191.0
4608.0 6235.0
8218.0 8898.0
7920.0 4076.0
8260.0 3317.0
8250.0 1826.0
764.0 514.0
1535.0 419.0
6624.0 7399.0
1243.0 9376.0
2098.0 589.0
56.0 7364.0
9880.0 7692.0
8956.0 2573.0
7612.0 485.0
9356.0 7669.0
683.0 5927.0
6450.0 6526.0
8786.0 3549.0
4448.0 2472.0
8126.0 124.0
6839.0 284.0
3664.0 5152.0
7389.0 6645.0
8384.0 3097.0
9984.0 6283.0
8913.0 884.0
8029.0 3564.0
9461.0 1601.0
6546.0 1686.0
8498.0 7912.0
2623.0 4292.0
5035.0 1143.0
2401.0 6648.0
3967.0 4505.0
5272.0 6172.0
2402.0 1470.0
8386.0 4501.0
1315.0 2724.0
7240.0 5843.0
9542.0 7717.0
405.0 8844.0
9457.0 9271.0
9119.0 1664.0
6261.0 2210.0
4899.0 2548.0
5321.0 9509.0
821.0 545.0
4443.0 1937.0
4645.0 3675.0
517.0 9641.0
4449.0 4209.0
2418.0 6698.0
9927.0 3320.0
4623.0 2056.0
5019.0 9850.0
8405.0 2896.0
47.0 351.0
64.0 8834.0
4008.0 223.0
8079.0 8003.0
190.0 8079.0
3603.0 8422.0
783.0 8138.0
1231.0 694.0
8641.0 7830.0
9422.0 466.0
6861.0 360.0
2527.0 1641.0
9352.0 4440.0
8810.0 3822.0
8038.0 5938.0
1378.0 9963.0
4872.0 8654.0
1456.0 2705.0
9345.0 3948.0
5897.0 361.0
4605.0 1456.0
3340.0 6041.0
7890.0 5630.0
5966.0 5892.0
3437.0 5291.0
6217.0 4931.0
8510.0 5969.0
416.0 1424.0
5721.0 7218.0
3723.0 3331.0
7320.0 9658.0
3285.0 2748.0
9594.0 8967.0
9062.0 6863.0
8069.0 6512.0
4185.0 6365.0
6652.0 8922.0
9307.0 4809.0
6386.0 1252.0
7798.0 4912.0
1990.0 1007.0
1298.0 242.0
6844.0 2743.0
7421.0 3285.0
9574.0 5481.0
4141.0 3362.0
7910.0 7626.0
7666.0 393.0
7982.0 6673.0
3315.0 2955.0
9713.0 3367.0
1224.0 1611.0
1479.0 2596.0
1368.0 1042.0
9688.0 5711.0
4750.0 6861.0
1463.0 1505.0
226.0 5690.0
1061.0 5579.0
8838.0 9385.0
3239.0 349.0
99.0 6969.0
9181.0 349.0
7115.0 168.0
3177.0 151.0
9991.0 1097.0
722.0 4552.0
9407.0 3028.0
1182.0 3292.0
4803.0 7732.0
709.0 5014.0
4046.0 5373.0
3550.0 7712.0
4055.0 5432.0
2429.0 5371.0
4238.0 9621.0
1157.0 3033.0
7191.0 287.0
5154.0 5029.0
3561.0 274.0
8005.0 3581.0
492.0 2705.0
4759.0 7517.0
5557.0 1680.0
5115.0 3328.0
599.0 7364.0
2154.0 3269.0
2415.0 1426.0
4787.0 7766.0
9628.0 1333.0
4588.0 1818.0
7773.0 4433.0
179.0 7663.0
6884.0 5357.0
4801.0 8386.0
8608.0 2673.0
5283.0 9751.0
2184.0 3292.0
3027.0 9919.0
1235.0 5590.0
211.0 9341.0
5786.0 4729.0
6844.0 5509.0
6404.0 6161.0
6855.0 9817.0
9902.0 5763.0
3878.0 6243.0
8496.0 7624.0
9892.0 4081.0
6834.0 2921.0
2372.0 9464.0
3832.0 5880.0
8142.0 2885.0
8692.0 5285.0
4575.0 2448.0
3064.0 2545.0
1284.0 5093.0
3724.0 9739.0
8024.0 489.0
2696.0 3678.0
6905.0 4854.0
4252.0 4410.0
9637.0 4403.0
672.0 9170.0
2918.0 675.0
1198.0 5261.0
7687.0 2441.0
1097.0 7794.0
331.0 1437.0
219.0 843.0
6611.0 1633.0
3031.0 2911.0
1352.0 4292.0
4439.0 232.0
9679.0 3515.0
8419.0 3869.0
7866.0 9504.0
8790.0 9100.0
4517.0 9300.0
4090.0 8033.0
5246.0 7177.0
947.0 8977.0
6467.0 9448.0
2868.0 8496.0
6531.0 915.0
3862.0 4659.0
4811.0 2654.0
8799.0 2445.0
1940.0 3400.0
4923.0 4790.0
6845.0 9245.0
1458.0 5215.0
8750.0 8861.0
6671.0 604.0
4807.0 4000.0
4369.0 4970.0
6520.0 7478.0
4166.0 7832.0
642.0 3379.0
2528.0 3071.0
2669.0 6697.0
3918.0 6780.0
3645.0 2160.0
4026.0 5112.0
3399.0 4445.0
9444.0 5549.0
5919.0 4510.0
762.0 7606.0
4979.0 9283.0
8413.0 1446.0
725.0 4436.0
3277.0 5344.0
375.0 2449.0
6391.0 5546.0
8659.0 698.0
4681.0 4415.0
6234.0 6826.0
2200.0 5417.0
6670.0 1077.0
8673.0 5883.0
5215.0 7833.0
9873.0 1014.0
4973.0 1114.0
6672.0 5148.0
8682.0 1212.0
2201.0 8729.0
6755.0 2228.0
9051.0 1952.0
4728.0 2736.0
895.0 8613.0
5791.0 4259.0
5475.0 6052.0
6578.0 4843.0
8346.0 9765.0
6864.0 7418.0
9320.0 3570.0
6327.0 5165.0
5976.0 8875.0
4067.0 8665.0
1215.0 8985.0
9019.0 1983.0
4208.0 6933.0
1938.0 7493.0
6693.0 7815.0
2108.0 1595.0
9026.0 9110.0
4464.0 6118.0
2903.0 4943.0
5248.0 2588.0
139.0 2796.0
6918.0 9102.0
9471.0 3614.0
5429.0 2044.0
5746.0 8805.0
5563.0 7367.0
8437.0 98.0
2491.0 8645.0
8903.0 739.0
198.0 1650.0
8291.0 9008.0
9965.0 7684.0
497.0 7519.0
4555.0 342.0
7125.0 4301.0
6273.0 3013.0
3813.0 4098.0
9563.0 6763.0
9880.0 923.0
1293.0 895.0
5701.0 5292.0
4438.0 852.0
4689.0 2128.0
3246.0 759.0
9360.0 7831.0
646.0 250.0
3331.0 7460.0
968.0 7887.0
3711.0 5533.0
3712.0 5821.0
776.0 6397.0
6503.0 2997.0
4362.0 2660.0
7871.0 6566.0
8849.0 2660.0
3078.0 3765.0
1205.0 436.0
8586.0 8978.0
8968.0 4188.0
3403.0 3225.0
7581.0 1720.0
7902.0 5776.0
9016.0 3781.0
3334.0 127.0
6070.0 8864.0
7665.0 9084.0
9285.0 5384.0
5896.0 6163.0
5868.0 9710.0
5583.0 3013.0
2547.0 1073.0
639.0 5146.0
6778.0 6767.0
9150.0 642.0
3206.0 3673.0
3349.0 9086.0
4797.0 4546.0
2399.0 449.0
562.0 55.0
1143.0 6169.0
4288.0 64.0
537.0 7111.0
1174.0 97.0
7856.0 5673.0
1796.0 1508.0
7405.0 1756.0
5327.0 6296.0
4840.0 4788.0
6412.0 59.0
813.0 6608.0
2601.0 9066.0
2072.0 2340.0
1785.0 9895.0
696.0 9061.0
1529.0 2675.0
4631.0 4445.0
4708.0 1334.0
5156.0 140.0
8382.0 6879.0
9527.0 7069.0
5313.0 2171.0
9332.0 2416.0
29.0 9175.0
7880.0 507.0
3869.0 2148.0
2130.0 2301.0
5910.0 2760.0
7451.0 761.0
9186.0 5615.0
5801.0 1767.0
4121.0 5139.0
515.0 2858.0
3604.0 7337.0
3379.0 4490.0
6576.0 2378.0
2106.0 1058.0
9606.0 6477.0
8956.0 1398.0
8299.0 4063.0
3582.0 991.0
3017.0 3724.0
5825.0 626.0
5787.0 3873.0
6588.0 8697.0
7807.0 6621.0
7467.0 6909.0
9506.0 862.0
2316.0 1593.0
7502.0 8008.0
6378.0 5360.0
5463.0 6377.0
1167.0 6339.0
8188.0 2682.0
5771.0 4684.0
900.0 1649.0
7724.0 8631.0
8121.0 7171.0
9112.0 4787.0
9066.0 1046.0
6104.0 9901.0
8945.0 7713.0
2516.0 3830.0
8117.0 6003.0
647.0 5940.0
3492.0 1372.0
4984.0 9658.0
9095.0 4585.0
6968.0 2412.0
5211.0 5333.0
1507.0 670.0
8025.0 1757.0
8344.0 2314.0
4171.0 9356.0
4009.0 1091.0
7099.0 5270.0
2467.0 328.0
4687.0 6387.0
5151.0 5677.0
9982.0 2263.0
3546.0 9094.0
9536.0 6349.0
9976.0 8796.0
6192.0 1476.0
4759.0 2393.0
5778.0 8082.0
415.0 2961.0
9606.0 6170.0
6052.0 249.0
7179.0 4457.0
7639.0 1765.0
6055.0 2693.0
2292.0 954.0
8232.0 5648.0
7264.0 2217.0
5023.0 9704.0
6778.0 4976.0
4784.0 5571.0
2408.0 1513.0
450.0 3073.0
5103.0 5822.0
6265.0 6486.0
9605.0 3196.0
5633.0 1436.0
4349.0 2776.0
4512.0 6766.0
2556.0 7764.0
7232.0 7429.0
2661.0 588.0
4204.0 6821.0
8748.0 2659.0
3371.0 9563.0
4155.0 1044.0
9886.0 8199.0
3909.0 6688.0
854.0 9782.0
4177.0 1476.0
4618.0 842.0
9339.0 3849.0
6464.0 1679.0
9931.0 5169.0
5183.0 3510.0
7053.0 1591.0
7379.0 4375.0
1433.0 8680.0
8954.0 2364.0
7817.0 8451.0
5685.0 7059.0
7835.0 1102.0
7306.0 2724.0
7011.0 6147.0
1989.0 9200.0
4095.0 193.0
674.0 8974.0
3353.0 1051.0
3129.0 1419.0
3007.0 460.0
180.0 7653.0
5467.0 99.0
8996.0 2025.0
7552.0 8147.0
883.0 8683.0
1309.0 6104.0
3454.0 4209.0
8651.0 8112.0
1628.0 9790.0
5444.0 7482.0
4353.0 8917.0
3218.0 7662.0
6474.0 9070.0
9171.0 7394.0
7655.0 8375.0
7607.0 2257.0
2764.0 717.0
8507.0 7318.0
657.0 5274.0
1373.0 8166.0
755.0 8939.0
5007.0 10000.0
9317.0 2640.0
6416.0 7018.0
9876.0 5002.0
4460.0 6853.0
4672.0 9342.0
6466.0 7256.0
6579.0 2471.0
8411.0 4752.0
3375.0 6282.0
1901.0 7532.0
8799.0 5597.0
3549.0 7252.0
7320.0 8245.0
4955.0 7008.0
1996.0 5867.0
3948.0 5206.0
7375.0 6403.0
235.0 7541.0
1822.0 1738.0
1147.0 1816.0
6210.0 6506.0
5622.0 2834.0
8371.0 6506.0
7102.0 7089.0
5235.0 7708.0
8509.0 9464.0
7050.0 9356.0
4963.0 6701.0
633.0 7083.0
2391.0 4823.0
1028.0 4584.0
2727.0 282.0
3501.0 4784.0
8813.0 7004.0
304.0 3964.0
4732.0 4121.0
9082.0 4881.0
9661.0 1564.0
2376.0 7286.0
5994.0 3269.0
111.0 6863.0
4807.0 224.0
9498.0 6063.0
4416.0 8071.0
9254.0 2786.0
115.0 6486.0
7556.0 5405.0
5827.0 103.0
5654.0 5113.0
783.0 3141.0
1531.0 9044.0
6899.0 2531.0
567.0 188.0
5051.0 6712.0
2569.0 2526.0
871.0 9872.0
7123.0 2401.0
3249.0 3808.0
1660.0 9584.0
1186.0 2187.0
9163.0 4005.0
7204.0 4382.0
4908.0 6650.0
7921.0 8662.0
4188.0 5584.0
4996.0 6911.0
5399.0 553.0
2101.0 5636.0
5419.0 2210.0
6065.0 490.0
6694.0 4360.0
2872.0 4011.0
7944.0 257.0
1671.0 8841.0
2895.0 6406.0
2483.0 1105.0
3967.0 9858.0
5706.0 1229.0
322.0 7463.0
4175.0 1885.0
2174.0 8059.0
854.0 5301.0
5809.0 1090.0
7880.0 4659.0
6186.0 7610.0
5102.0 6830.0
6575.0 2144.0
8782.0 6133.0
7113.0 6431.0
3616.0 1383.0
6713.0 8445.0
3751.0 923.0
5224.0 2752.0
948.0 2893.0
5275.0 618.0
587.0 450.0
5703.0 893.0
8612.0 4156.0
966.0 5096.0
5162.0 6279.0
3508.0 2732.0
2992.0 4231.0
8418.0 5276.0
1373.0 2842.0
2349.0 9823.0
8632.0 7756.0
1098.0 5859.0
8980.0 4597.0
2747.0 1178.0
1844.0 1197.0
5794.0 5340.0
4270.0 2589.0
4196.0 1729.0
9690.0 977.0
3704.0 1650.0
8582.0 5434.0
6446.0 6428.0
9308.0 8542.0
3139.0 6004.0
9691.0 9706.0
4864.0 5029.0
2588.0 7350.0
8815.0 9866.0
1036.0 4753.0
4917.0 2544.0
1203.0 6734.0
2759.0 105.0
3786.0 6909.0
731.0 327.0
6992.0 7737.0
1795.0 7303.0
6803.0 8134.0
2784.0 2856.0
2684.0 5804.0
6665.0 2246.0
9385.0 4071.0
9675.0 5174.0
7997.0 5425.0
7719.0 5546.0
1942.0 6492.0
9000.0 5971.0
6061.0 1680.0
2221.0 5466.0
9448.0 5196.0
2340.0 1364.0
5212.0 3699.0
8260.0 8875.0
2804.0 4283.0
9346.0 4308.0
1127.0 5033.0
256.0 389.0
3014.0 7872.0
5907.0 4697.0
4319.0 5944.0
1071.0 4665.0
3226.0 218.0
1454.0 5117.0
7972.0 2603.0
5718.0 6862.0
3635.0 5239.0
335.0 7257.0
1150.0 8219.0
1677.0 6275.0
4225.0 478.0
2307.0 4007.0
2320.0 1053.0
806.0 8118.0
352.0 452.0
7130.0 2188.0
8269.0 4366.0
7854.0 8471.0
6205.0 4430.0
8250.0 977.0
3334.0 3285.0
589.0 7418.0
1106.0 3636.0
604.0 969.0
4025.0 3570.0
6510.0 5308.0
3649.0 2835.0
7504.0 8931.0
3952.0 7300.0
1166.0 7213.0
8715.0 1362.0
1641.0 3189.0
4142.0 472.0
3080.0 534.0
2315.0 8557.0
5174.0 4709.0
3697.0 7522.0
276.0 776.0
9305.0 8602.0
3942.0 8822.0
5782.0 7743.0
3398.0 492.0
8938.0 9786.0
755.0 2617.0
4010.0 8639.0
448.0 6373.0
3266.0 3189.0
2799.0 3002.0
4121.0 1173.0
8101.0 9525.0
3416.0 5748.0
8145.0 439.0
6067.0 1946.0
4639.0 3896.0
8689.0 2787.0
6349.0 3309.0
1415.0 7266.0
9488.0 7869.0
3527.0 4911.0
8160.0 7979.0
1107.0 4171.0
4350.0 4025.0
7326.0 4351.0
9331.0 9519.0
8581.0 3319.0
930.0 2058.0
2105.0 5703.0
3531.0 8073.0
3240.0 8831.0
279.0 9869.0
3024.0 6091.0
9350.0 5909.0
9265.0 17.0
8736.0 7819.0
6753.0 9732.0
6425.0 123.0
4789.0 49.0
5449.0 1131.0
2689.0 1929.0
5639.0 6012.0
6415.0 6516.0
6545.0 5482.0
2031.0 7480.0
8451.0 6114.0
4093.0 8910.0
843.0 739.0
9710.0 8471.0
308.0 9903.0
1348.0 8032.0
2219.0 7869.0
4154.0 6534.0
3167.0 9151.0
5847.0 2292.0
3536.0 4011.0
9930.0 4465.0
2117.0 3965.0
5335.0 5935.0
7209.0 705.0
8201.0 2295.0
1098.0 4470.0
3910.0 4194.0
7335.0 299.0
80.0 2760.0
2729.0 3175.0
3657.0 326.0
8457.0 5509.0
7793.0 1181.0
7232.0 2978.0
6631.0 9589.0
5909.0 7144.0
8726.0 4775.0
5466.0 5871.0
2192.0 5130.0
2773.0 5002.0
7304.0 6354.0
1047.0 7268.0
4681.0 760.0
8429.0 6920.0
9727.0 7464.0
6582.0 1034.0
6476.0 5688.0
3720.0 1002.0
6557.0 5921.0
9003.0 149.0
1363.0 6129.0
7699.0 5991.0
8164.0 2772.0
9004.0 8059.0
3285.0 8845.0
998.0 4828.0
8015.0 3657.0
9568.0 5669.0
5435.0 1598.0
786.0 6354.0
8809.0 9600.0
8610.0 9030.0
4698.0 5521.0
2334.0 197.0
6483.0 2204.0
714.0 2645.0
6442.0 4393.0
2172.0 9799.0
7051.0 8268.0
2975.0 3495.0
4675.0 5826.0
7860.0 8629.0
1305.0 8803.0
9937.0 678.0
2531.0 9393.0
9364.0 4550.0
2361.0 7483.0
2642.0 5749.0
8129.0 6628.0
7004.0 7344.0
1064.0 3490.0
6764.0 8693.0
770.0 7977.0
1050.0 4420.0
4230.0 3792.0
4868.0 4599.0
2494.0 1644.0
7870.0 9662.0
766.0 9818.0
7753.0 5956.0
9982.0 9354.0
7723.0 461.0
613.0 3556.0
9901.0 5647.0
1807.0 4037.0
9122.0 7904.0
1556.0 8065.0
4024.0 5592.0
6054.0 4407.0
4819.0 5117.0
8888.0 7401.0
9724.0 6060.0
3267.0 1492.0
4378.0 8795.0
2907.0 952.0
1246.0 630.0
9768.0 2027.0
8355.0 8869.0
9294.0 7193.0
9326.0 1847.0
6316.0 3811.0
9081.0 1360.0
7309.0 1852.0
2159.0 2509.0
7120.0 7947.0
3050.0 9386.0
877.0 5491.0
453.0 7640.0
4210.0 3003.0
9893.0 7329.0
7482.0 5504.0
1587.0 2115.0
2145.0 6094.0
2977.0 3182.0
9947.0 7517.0
7876.0 8959.0
8089.0 5868.0
6582.0 4035.0
6056.0 1223.0
3934.0 3302.0
2234.0 2411.0
4692.0 9757.0
1016.0 5612.0
8141.0 6996.0
3556.0 9078.0
6391.0 9812.0
7788.0 8623.0
3210.0 8917.0
5958.0 1204.0
2860.0 8257.0
252.0 6210.0
844.0 5891.0
9734.0 6777.0
950.0 1899.0
4240.0 5818.0
5527.0 9328.0
3396.0 3976.0
8403.0 6617.0
1417.0 9282.0
2372.0 2494.0
858.0 665.0
5633.0 6841.0
994.0 136.0
4116.0 3448.0
8954.0 771.0
9127.0 3211.0
4323.0 321.0
2177.0 8658.0
331.0 2586.0
1453.0 3382.0
7326.0 1341.0
6838.0 2261.0
6680.0 3999.0
2858.0 1009.0
5777.0 4791.0
1528.0 6005.0
7309.0 9612.0
9461.0 7881.0
8436.0 7338.0
6191.0 4843.0
8094.0 4792.0
3078.0 4226.0
3030.0 5093.0
4775.0 3201.0
5760.0 1632.0
7607.0 2193.0
108.0 2391.0
1815.0 6897.0
2513.0 1825.0
7057.0 7465.0
9716.0 24.0
3109.0 5738.0
6045.0 1443.0
140.0 4082.0
5941.0 7833.0
5512.0 1768.0
9866.0 2661.0
6494.0 7376.0
4309.0 6753.0
817.0 8197.0
8996.0 7340.0
9487.0 120.0
7024.0 5271.0
8749.0 3973.0
6020.0 7592.0
641.0 6799.0
1067.0 5268.0
4049.0 9037.0
2475.0 8198.0
641.0 1082.0
4140.0 2315.0
2666.0 5227.0
599.0 5977.0
1953.0 1425.0
3474.0 5350.0
2066.0 7864.0
445.0 1058.0
8043.0 9857.0
2466.0 784.0
598.0 2972.0
7315.0 5067.0
4205.0 8930.0
198.0 6027.0
1015.0 5203.0
4566.0 1224.0
4970.0 1830.0
8772.0 7412.0
3063.0 1392.0
6775.0 1362.0
3142.0 643.0
3531.0 7544.0
179.0 4784.0
8234.0 4846.0
5415.0 7806.0
1105.0 7066.0
5295.0 4944.0
1819.0 4430.0
9606.0 5689.0
330.0 5828.0
738.0 8306.0
3184.0 4004.0
8477.0 9387.0
1003.0 8469.0
7238.0 4392.0
5334.0 3267.0
5172.0 7632.0
5487.0 9436.0
7031.0 2715.0
8536.0 4308.0
5241.0 6894.0
8182.0 2391.0
6065.0 5316.0
577.0 5109.0
283.0 3638.0
7842.0 9040.0
312.0 9988.0
2387.0 4963.0
8166.0 9749.0
7738.0 2385.0
1178.0 9149.0
4002.0 6792.0
4883.0 6115.0
8667.0 9373.0
5014.0 9395.0
5876.0 1389.0
2970.0 9385.0
9839.0 7979.0
1730.0 6698.0
568.0 8578.0
1561.0 6875.0
2584.0 3693.0
7508.0 2284.0
9751.0 279.0
3013.0 4649.0
1930.0 410.0
6622.0 4171.0
1585.0 494.0
1167.0 3768.0
1028.0 757.0
7357.0 9359.0
3449.0 7204.0
6178.0 9693.0
3422.0 817.0
7026.0 1702.0
5012.0 1177.0
968.0 9852.0
8188.0 4273.0
1090.0 440.0
6666.0 6696.0
4269.0 4381.0
2896.0 965.0
1383.0 4379.0
8299.0 9199.0
5271.0 5024.0
9460.0 4865.0
8440.0 6756.0
3429.0 4833.0
4879.0 7188.0
7799.0 6459.0
2919.0 5760.0
3692.0 6921.0
8555.0 186.0
2388.0 4545.0
1127.0 5709.0
8668.0 4337.0
5785.0 603.0
6632.0 2450.0
9654.0 3909.0
6072.0 6814.0
1115.0 3884.0
112.0 3661.0
4099.0 8156.0
7288.0 2147.0
1830.0 9023.0
3664.0 1853.0
6909.0 9919.0
3259.0 314.0
7191.0 1470.0
7326.0 368.0
9306.0 8177.0
5736.0 9522.0
4311.0 9160.0
6118.0 6062.0
2323.0 8932.0
8855.0 9145.0
5602.0 6738.0
8703.0 2596.0
1947.0 5362.0
6091.0 4614.0
2856.0 2931.0
3866.0 8147.0
3352.0 3671.0
7549.0 9165.0
2889.0 6086.0
9864.0 2503.0
9241.0 9573.0
2614.0 7569.0
9821.0 2878.0
1633.0 8595.0
7289.0 460.0
2945.0 6704.0
8935.0 5166.0
820.0 3442.0
1682.0 8225.0
835.0 8108.0
7159.0 45.0
3696.0 3499.0
3764.0 7755.0
7891.0 7395.0
5115.0 8023.0
1906.0 9425.0
6791.0 6071.0
9115.0 5616.0
5817.0 4396.0
1071.0 5276.0
9765.0 7166.0
7289.0 7520.0
4921.0 8761.0
