1
2048 1 3.0 0.0 1000.0 3 160 240 100

6.5 13.5 29.3 58.5
13.0 27.0 58.5 117.0
19.5 40.5 87.8 175.5
26.0 54.0 117.0 234.0
39.0 81.0 175.5 351.0
52.0 108.0 234.0 468.0
58.5 121.5 263.3 526.5
65.0 135.0 292.5 585.0
78.0 162.0 351.0 702.0
0.0 180.0 390.0 780.0

2.0 5.0 8.0 11.0
5.0 8.0 11.0 14.0
9.0 12.0 15.0 18.0
11.0 14.0 17.0 20.0
15.0 18.0 21.0 24.0
18.0 21.0 24.0 27.0
20.0 23.0 26.0 29.0
25.0 28.0 31.0 34.0
29.0 32.0 35.0 38.0
0.0 34.0 37.0 40.0

5936.0 8726.0
6726.0 1526.0
3549.0 431.0
7311.0 6879.0
4984.0 177.0
7129.0 2652.0
6636.0 6971.0
3637.0 5406.0
6232.0 857.0
6561.0 7244.0
6992.0 2521.0
1794.0 1024.0
5479.0 3098.0
231.0 9058.0
1286.0 1382.0
974.0 3770.0
9228.0 8179.0
805.0 1298.0
7207.0 26.0
4352.0 1509.0
5404.0 6998.0
1858.0 413.0
4977.0 1842.0
3966.0 3439.0
6914.0 149.0
5436.0 564.0
4217.0 3801.0
2206.0 6764.0
3070.0 2418.0
8716.0 3756.0
1166.0 30.0
4898.0 1531.0
3851.0 6694.0
4766.0 626.0
1246.0 7305.0
992.0 8633.0
2024.0 2290.0
2411.0 6907.0
1985.0 7457.0
3850.0 5969.0
8117.0 2680.0
198.0 547.0
1286.0 1688.0
9141.0 7777.0
3238.0 7651.0
9462.0 4494.0
6056.0 1809.0
4330.0 2126.0
4755.0 4868.0
1492.0 148.0
6172.0 3382.0
4772.0 1574.0
9813.0 5854.0
3805.0 6474.0
8818.0 5784.0
1409.0 1984.0
1721.0 1383.0
516.0 9781.0
8154.0 4184.0
5069.0 4517.0
4172.0 1284.0
1809.0 9164.0
5351.0 8428.0
2358.0 5774.0
8331.0 3670.0
7514.0 2608.0
3969.0 3846.0
8170.0 1117.0
7760.0 8567.0
9781.0 8762.0
5692.0 8971.0
9780.0 6137.0
6207.0 965.0
9861.0 9372.0
1413.0 5166.0
7552.0 1303.0
3238.0 8285.0
3980.0 7377.0
2664.0 3173.0
7244.0 4765.0
2725.0 7252.0
3324.0 5675.0
8413.0 1571.0
8913.0 8322.0
9183.0 5191.0
3121.0 1548.0
2194.0 2152.0
7425.0 1558.0
6963.0 728.0
5822.0 1753.0
4602.0 7207.0
9561.0 9138.0
7287.0 8917.0
3391.0 3276.0
6135.0 3729.0
2732.0 6271.0
8147.0 5765.0
3686.0 4751.0
5387.0 9528.0
292.0 7334.0
2048.0 7190.0
5955.0 3545.0
7592.0 6263.0
8449.0 2666.0
6601.0 7374.0
418.0 3500.0
8524.0 4382.0
9783.0 8514.0
2973.0 1546.0
6967.0 8349.0
8741.0 4988.0
8364.0 5161.0
7188.0 8168.0
7951.0 5788.0
3189.0 3601.0
1470.0 8200.0
9274.0 5540.0
79.0 7217.0
1152.0 853.0
2908.0 7982.0
5266.0 7822.0
409.0 8142.0
1553.0 5085.0
2936.0 2232.0
7063.0 5460.0
1452.0 4240.0
8613.0 1860.0
9789.0 6813.0
5129.0 5040.0
367.0 8096.0
2851.0 5395.0
7798.0 9673.0
9052.0 3542.0
7265.0 1593.0
2448.0 6900.0
7124.0 2944.0
954.0 2017.0
7610.0 8973.0
9953.0 4838.0
84.0 8207.0
6748.0 3677.0
3724.0 5563.0
9345.0 2092.0
9079.0 9925.0
252.0 1398.0
393.0 7158.0
8443.0 5053.0
1127.0 2037.0
5152.0 9632.0
9574.0 5075.0
1674.0 9619.0
3997.0 2714.0
9815.0 5746.0
9202.0 1869.0
8184.0 9104.0
8944.0 2287.0
9957.0 5757.0
1105.0 2714.0
310.0 9070.0
5040.0 9329.0
4160.0 9502.0
3011.0 7441.0
7394.0 4065.0
121.0 9906.0
7241.0 200.0
9666.0 8254.0
9957.0 1276.0
3318.0 4996.0
6477.0 3448.0
8046.0 8094.0
9217.0 6104.0
4201.0 1063.0
5670.0 618.0
1673.0 4682.0
6968.0 4644.0
3525.0 8802.0
2079.0 1673.0
9039.0 5212.0
798.0 8081.0
567.0 5048.0
1191.0 2395.0
1118.0 6722.0
9670.0 4002.0
2078.0 2845.0
4349.0 1030.0
2993.0 7118.0
4850.0 9624.0
7825.0 4678.0
4231.0 9346.0
4579.0 1864.0
1184.0 1930.0
7745.0 3881.0
3181.0 3104.0
5441.0 1346.0
3731.0 9726.0
5690.0 9191.0
9393.0 6941.0
8730.0 3885.0
4746.0 2604.0
4785.0 7480.0
5938.0 8673.0
9202.0 9424.0
6013.0 1828.0
9374.0 9647.0
7656.0 8008.0
353.0 8877.0
1534.0 8128.0
8581.0 4672.0
889.0 4672.0
5645.0 4141.0
5559.0 1409.0
6465.0 6835.0
1070.0 952.0
8843.0 3773.0
986.0 7377.0
3776.0 1099.0
3163.0 3652.0
8446.0 9328.0
3090.0 6074.0
6316.0 1663.0
9954.0 464.0
1223.0 7369.0
3623.0 7332.0
4902.0 8666.0
3193.0 5749.0
9849.0 2130.0
257.0 8140.0
1928.0 8069.0
2590.0 738.0
9648.0 3854.0
6375.0 6920.0
9525.0 9690.0
7663.0 3143.0
9427.0 7785.0
6221.0 9725.0
4335.0 8412.0
7429.0 1181.0
1422.0 8832.0
397.0 3347.0
3871.0 3550.0
2959.0 7019.0
5339.0 6894.0
6715.0 337.0
9490.0 1380.0
7777.0 4625.0
1501.0 7848.0
1395.0 942.0
963.0 5840.0
1112.0 7037.0
8091.0 5202.0
5623.0 6959.0
7648.0 2385.0
9001.0 8044.0
7506.0 7415.0
2450.0 2493.0
1259.0 17.0
8247.0 3286.0
6797.0 5872.0
9052.0 6641.0
5250.0 6467.0
8223.0 5762.0
7232.0 8537.0
9336.0 3083.0
5783.0 1553.0
5532.0 754.0
7937.0 4257.0
1900.0 1585.0
9312.0 3692.0
6516.0 5169.0
8659.0 2737.0
8344.0 6428.0
1761.0 4584.0
2621.0 6288.0
6617.0 5178.0
6932.0 6733.0
4306.0 7054.0
3604.0 4935.0
2461.0 579.0
6606.0 3717.0
757.0 1061.0
3605.0 8056.0
330.0 2701.0
6352.0 9854.0
1545.0 2873.0
5057.0 5717.0
7015.0 2698.0
4916.0 4950.0
9305.0 2400.0
5458.0 7511.0
5215.0 2410.0
5873.0 4136.0
1068.0 3699.0
1988.0 3380.0
5910.0 3321.0
3050.0 2773.0
2046.0 3634.0
8984.0 3854.0
4817.0 6181.0
1293.0 3271.0
6027.0 3709.0
3255.0 4703.0
7961.0 6293.0
7593.0 8819.0
7364.0 60.0
2265.0 998.0
1344.0 9462.0
7562.0 9040.0
9571.0 6610.0
152.0 5596.0
9713.0 3608.0
2256.0 2543.0
5516.0 6394.0
6608.0 7028.0
9433.0 1045.0
359.0 1407.0
4225.0 6038.0
3608.0 1811.0
456.0 6425.0
704.0 2563.0
9273.0 8417.0
4991.0 6167.0
2403.0 5342.0
163.0 1103.0
3786.0 8459.0
3889.0 2157.0
9732.0 8601.0
1873.0 495.0
7047.0 7128.0
3013.0 3235.0
1020.0 7159.0
8824.0 4715.0
7696.0 8567.0
2787.0 4208.0
7343.0 2714.0
7794.0 7293.0
8535.0 5395.0
2337.0 616.0
4754.0 8975.0
8636.0 2273.0
7935.0 7188.0
8326.0 2523.0
5866.0 8586.0
3917.0 2086.0
2846.0 7103.0
6644.0 7721.0
5537.0 715.0
3909.0 7338.0
8403.0 1680.0
1952.0 9353.0
5657.0 4313.0
1932.0 3515.0
9140.0 8804.0
72.0 2945.0
4029.0 2026.0
5043.0 9593.0
6803.0 8829.0
8234.0 7855.0
2366.0 9785.0
5090.0 3573.0
9761.0 3870.0
8170.0 8136.0
8372.0 7050.0
5098.0 9925.0
9028.0 256.0
7062.0 7810.0
6942.0 2719.0
6028.0 3942.0
5873.0 9145.0
1341.0 5557.0
5450.0 1704.0
8867.0 8018.0
6046.0 311.0
8341.0 3827.0
8146.0 7174.0
7089.0 4830.0
5594.0 4088.0
793.0 7347.0
4653.0 3452.0
4449.0 2440.0
3284.0 6479.0
9190.0 6063.0
7561.0 4586.0
3145.0 6309.0
4629.0 2431.0
6983.0 7483.0
4132.0 3580.0
7319.0 3228.0
2512.0 2276.0
3641.0 3435.0
7098.0 7289.0
6919.0 2155.0
9410.0 6327.0
564.0 6246.0
9564.0 1976.0
6904.0 6978.0
6228.0 2651.0
4835.0 9328.0
9011.0 4539.0
6809.0 6182.0
2724.0 2997.0
5837.0 7183.0
5405.0 4397.0
5652.0 4435.0
4544.0 1888.0
9715.0 9815.0
8402.0 1043.0
7206.0 1085.0
1853.0 3885.0
6692.0 6567.0
8656.0 2255.0
607.0 577.0
4570.0 4004.0
6232.0 4363.0
8233.0 7982.0
1323.0 9774.0
9206.0 6306.0
5060.0 5366.0
5119.0 4883.0
7476.0 7203.0
2300.0 5650.0
3033.0 9052.0
6837.0 6537.0
6510.0 9211.0
5457.0 7600.0
1859.0 3698.0
8158.0 4315.0
7210.0 8026.0
6993.0 1512.0
1668.0 2283.0
7925.0 3915.0
2081.0 6752.0
5174.0 1774.0
439.0 7801.0
9961.0 2562.0
5067.0 6255.0
8062.0 2212.0
1276.0 2993.0
3098.0 1873.0
9634.0 8983.0
4959.0 8662.0
2532.0 9491.0
5293.0 1384.0
2192.0 4686.0
4457.0 4705.0
5792.0 1370.0
6855.0 7744.0
5876.0 3057.0
4082.0 5569.0
6699.0 8127.0
7765.0 4570.0
9682.0 8288.0
6549.0 5186.0
3640.0 2061.0
4106.0 7965.0
7943.0 532.0
7612.0 1426.0
9276.0 5075.0
8586.0 2708.0
5166.0 9292.0
516.0 4482.0
9930.0 9889.0
175.0 4097.0
1220.0 3711.0
2056.0 3434.0
7821.0 669.0
7828.0 465.0
1870.0 4782.0
5229.0 5960.0
1156.0 8065.0
3320.0 1354.0
9669.0 4476.0
3494.0 6223.0
7064.0 3672.0
8181.0 6359.0
196.0 6776.0
1633.0 5921.0
2394.0 8898.0
9731.0 9630.0
8648.0 5631.0
8209.0 3495.0
7351.0 3246.0
1217.0 5039.0
1786.0 4820.0
4634.0 6506.0
6998.0 7013.0
1050.0 7019.0
231.0 4734.0
5827.0 2176.0
5593.0 3406.0
6148.0 2054.0
6105.0 1071.0
7485.0 1092.0
8797.0 5061.0
4375.0 5845.0
1035.0 442.0
4947.0 9071.0
8714.0 9989.0
1086.0 1133.0
9502.0 7892.0
8668.0 2196.0
6795.0 1929.0
4771.0 1188.0
2540.0 1340.0
1282.0 8.0
9594.0 115.0
6803.0 3960.0
6791.0 7929.0
1282.0 1872.0
2366.0 3459.0
281.0 1903.0
3910.0 7288.0
8288.0 1493.0
5524.0 4149.0
2988.0 2447.0
5320.0 6712.0
4924.0 4614.0
8949.0 5657.0
9434.0 4153.0
7318.0 3254.0
299.0 4858.0
9146.0 166.0
7013.0 3513.0
1540.0 7731.0
78.0 2754.0
4252.0 407.0
1255.0 7430.0
5766.0 5649.0
8167.0 2912.0
1902.0 913.0
5185.0 6354.0
84.0 32.0
4995.0 4367.0
4941.0 3683.0
7777.0 3082.0
3407.0 1173.0
7393.0 9091.0
9985.0 3268.0
6513.0 2225.0
5334.0 8299.0
5082.0 3664.0
3844.0 6262.0
9047.0 5338.0
8370.0 8146.0
8759.0 9110.0
2782.0 212.0
8963.0 6711.0
5495.0 5449.0
4784.0 3900.0
9645.0 6939.0
640.0 4832.0
8081.0 349.0
1470.0 5112.0
3823.0 5281.0
8218.0 4503.0
9167.0 7711.0
1972.0 2768.0
9082.0 8237.0
3665.0 4631.0
7083.0 3360.0
8781.0 2319.0
4229.0 9538.0
8942.0 6674.0
4419.0 2223.0
4821.0 305.0
1644.0 4622.0
7278.0 8758.0
7361.0 3395.0
6139.0 8180.0
8656.0 1030.0
8535.0 454.0
359.0 7112.0
1205.0 9289.0
6769.0 3214.0
3688.0 3220.0
1164.0 8642.0
1811.0 4025.0
3747.0 6755.0
3394.0 1507.0
1205.0 4087.0
572.0 8138.0
3540.0 7002.0
5670.0 9531.0
6326.0 3101.0
24.0 9215.0
9075.0 7120.0
7673.0 8704.0
2863.0 3524.0
8334.0 6316.0
2884.0 555.0
6575.0 737.0
4089.0 2924.0
6598.0 7789.0
594.0 2910.0
4546.0 1399.0
1993.0 2058.0
2752.0 2228.0
2266.0 8237.0
2836.0 9944.0
9426.0 5248.0
7078.0 7617.0
6583.0 4745.0
9960.0 9205.0
7585.0 2665.0
4317.0 3622.0
2891.0 4917.0
8982.0 1344.0
3860.0 9536.0
7374.0 2052.0
6095.0 5047.0
8902.0 4271.0
5028.0 7254.0
7638.0 489.0
9399.0 9185.0
5146.0 3733.0
793.0 1415.0
6892.0 4076.0
9904.0 2502.0
4154.0 6054.0
2687.0 1755.0
5829.0 468.0
2059.0 9063.0
7073.0 6547.0
3320.0 9013.0
4170.0 2953.0
3953.0 9020.0
7552.0 8595.0
973.0 3702.0
7385.0 6737.0
1472.0 217.0
8633.0 8380.0
4556.0 1797.0
5012.0 3382.0
5299.0 9204.0
3751.0 297.0
3911.0 2330.0
5577.0 8423.0
5766.0 6673.0
6829.0 8012.0
460.0 1911.0
3123.0 7140.0
562.0 2305.0
6480.0 6199.0
3220.0 1153.0
331.0 3497.0
290.0 4027.0
9307.0 7933.0
5153.0 8015.0
3247.0 7241.0
6873.0 6692.0
7305.0 2751.0
4880.0 3058.0
2612.0 4174.0
9817.0 5160.0
4366.0 371.0
8741.0 1620.0
6794.0 4580.0
5320.0 6810.0
6886.0 5088.0
8205.0 7893.0
1315.0 4818.0
3236.0 8449.0
3468.0 5815.0
7639.0 5929.0
9985.0 7086.0
6893.0 2647.0
8737.0 6808.0
7418.0 2549.0
2641.0 2338.0
755.0 8480.0
6245.0 4040.0
7395.0 7173.0
4478.0 1374.0
939.0 1692.0
5488.0 2247.0
5720.0 3556.0
1989.0 9089.0
3590.0 9263.0
8014.0 7635.0
8008.0 8449.0
506.0 6891.0
6099.0 3403.0
7644.0 1253.0
1862.0 2165.0
8337.0 8274.0
6172.0 9944.0
9783.0 8028.0
1750.0 6061.0
2513.0 2569.0
3762.0 6165.0
4843.0 6463.0
9222.0 1939.0
1128.0 1844.0
837.0 3016.0
760.0 4006.0
3493.0 8352.0
7289.0 5978.0
4012.0 6759.0
9617.0 3076.0
7371.0 8837.0
9656.0 897.0
5026.0 5033.0
3367.0 2750.0
3530.0 7047.0
4600.0 4972.0
4073.0 2318.0
3654.0 1130.0
6149.0 3809.0
4947.0 8581.0
982.0 9825.0
745.0 3352.0
2892.0 1089.0
331.0 1839.0
9255.0 4794.0
6552.0 279.0
2239.0 7876.0
4147.0 5490.0
7948.0 4208.0
6767.0 2844.0
1177.0 2975.0
2111.0 9958.0
6407.0 7921.0
7086.0 7066.0
8233.0 9722.0
7407.0 7570.0
6862.0 6199.0
8547.0 4723.0
6868.0 7599.0
7456.0 2940.0
9858.0 6676.0
6961.0 4698.0
4211.0 5782.0
7266.0 6515.0
7556.0 5725.0
1449.0 9977.0
158.0 3585.0
4399.0 6287.0
9868.0 9242.0
7077.0 5323.0
1810.0 2830.0
534.0 2670.0
8456.0 7842.0
6597.0 608.0
8271.0 7126.0
4628.0 1537.0
3574.0 1474.0
6285.0 4806.0
794.0 3064.0
2684.0 429.0
8772.0 8444.0
885.0 5660.0
3282.0 8323.0
9117.0 2916.0
8437.0 3858.0
2650.0 2.0
8133.0 1696.0
4727.0 6137.0
3202.0 2476.0
9487.0 9744.0
2445.0 24.0
6265.0 6489.0
8191.0 976.0
7207.0 8533.0
9567.0 7043.0
2606.0 8491.0
9127.0 4646.0
867.0 4063.0
1008.0 9157.0
2526.0 1809.0
1287.0 3469.0
225.0 1062.0
3686.0 3109.0
9073.0 1440.0
6307.0 2642.0
4288.0 9935.0
7542.0 575.0
5548.0 6068.0
1843.0 2497.0
9964.0 6072.0
8496.0 4675.0
8080.0 9582.0
9080.0 2840.0
9821.0 4823.0
1760.0 3387.0
9806.0 750.0
3092.0 6706.0
3935.0 7136.0
496.0 4889.0
1658.0 6070.0
1058.0 8522.0
856.0 857.0
4837.0 9801.0
4738.0 776.0
3326.0 1690.0
2661.0 2697.0
6246.0 5353.0
9308.0 3010.0
2327.0 582.0
9115.0 5861.0
2238.0 6458.0
5376.0 6159.0
4345.0 1951.0
5935.0 8341.0
6444.0 8708.0
9880.0 4358.0
9138.0 747.0
2153.0 6876.0
9035.0 8274.0
5485.0 6152.0
2406.0 5364.0
1581.0 1573.0
2493.0 3727.0
5963.0 1327.0
6114.0 7282.0
3377.0 6190.0
7733.0 4773.0
3196.0 5900.0
1667.0 141.0
6714.0 9092.0
5579.0 2898.0
763.0 281.0
936.0 3210.0
4550.0 9859.0
8589.0 8929.0
9141.0 5589.0
136.0 4291.0
1500.0 6568.0
8237.0 2514.0
7497.0 3140.0
1551.0 7019.0
805.0 8733.0
2438.0 8504.0
7089.0 2096.0
8118.0 7587.0
5412.0 914.0
8430.0 5263.0
1267.0 278.0
5860.0 5880.0
8148.0 1985.0
6010.0 9881.0
7076.0 3143.0
9164.0 6024.0
5996.0 5067.0
6115.0 5310.0
3455.0 5925.0
3922.0 1354.0
3477.0 3130.0
9759.0 4407.0
1047.0 3942.0
3514.0 8785.0
127.0 5255.0
2319.0 5893.0
8602.0 6064.0
2649.0 7610.0
7084.0 8558.0
8178.0 7230.0
985.0 6348.0
4050.0 7703.0
7768.0 782.0
711.0 9404.0
3791.0 8836.0
3001.0 2138.0
7669.0 8553.0
2630.0 8633.0
9549.0 513.0
4737.0 9226.0
8232.0 6297.0
1674.0 9979.0
539.0 7438.0
9687.0 8958.0
9847.0 822.0
6659.0 7879.0
3205.0 9029.0
1574.0 8874.0
8940.0 6570.0
8874.0 8588.0
9174.0 5522.0
3360.0 4334.0
4162.0 6519.0
3824.0 9540.0
7867.0 3584.0
6044.0 8210.0
6683.0 3769.0
8337.0 619.0
5725.0 5099.0
5315.0 4990.0
9591.0 8771.0
8012.0 2345.0
7025.0 4111.0
1054.0 4296.0
1380.0 7237.0
22.0 5971.0
1305.0 6936.0
4686.0 8818.0
8558.0 3703.0
6267.0 507.0
2384.0 436.0
9388.0 1660.0
2338.0 5762.0
1885.0 1637.0
3994.0 3458.0
8143.0 8098.0
4444.0 3962.0
4107.0 7571.0
6999.0 6434.0
4652.0 6757.0
7011.0 2358.0
6463.0 6794.0
3228.0 4149.0
2090.0 5201.0
1592.0 4746.0
3349.0 2744.0
905.0 6672.0
4722.0 4933.0
2262.0 1538.0
9935.0 391.0
6680.0 3450.0
7362.0 812.0
7824.0 2326.0
2431.0 9739.0
9259.0 5567.0
7691.0 9886.0
8121.0 9088.0
3702.0 1237.0
9645.0 1163.0
6421.0 4636.0
9444.0 5073.0
9235.0 8108.0
2968.0 9028.0
316.0 5632.0
4045.0 4344.0
8458.0 588.0
6927.0 5347.0
3057.0 8612.0
8751.0 6984.0
6408.0 7083.0
1827.0 8616.0
8967.0 965.0
7678.0 4969.0
758.0 7236.0
7223.0 7722.0
4580.0 2631.0
4049.0 3705.0
9183.0 1913.0
156.0 8186.0
3070.0 6420.0
6111.0 4226.0
2094.0 5096.0
6.0 1569.0
6521.0 2740.0
2156.0 1058.0
5706.0 2700.0
4930.0 3042.0
1060.0 3739.0
9642.0 751.0
469.0 3294.0
4912.0 2126.0
9829.0 1864.0
3414.0 6067.0
9851.0 5742.0
6415.0 1586.0
8823.0 7831.0
8034.0 837.0
4464.0 8756.0
3625.0 9497.0
565.0 3012.0
9199.0 482.0
6551.0 7364.0
1306.0 9469.0
647.0 1234.0
9277.0 3198.0
9815.0 1293.0
4257.0 4042.0
2106.0 4994.0
1930.0 6805.0
9611.0 262.0
8359.0 6240.0
2668.0 1083.0
847.0 6255.0
8481.0 1194.0
8239.0 4287.0
9833.0 632.0
7578.0 6815.0
2039.0 2338.0
6525.0 4497.0
8816.0 8566.0
3465.0 7903.0
220.0 9308.0
9704.0 7318.0
8337.0 7473.0
679.0 2595.0
8863.0 8036.0
5587.0 1541.0
9264.0 891.0
7357.0 7793.0
6661.0 9636.0
7369.0 1683.0
1111.0 1004.0
1841.0 56.0
2453.0 2185.0
9294.0 3519.0
1376.0 5751.0
1015.0 2101.0
7873.0 4417.0
8922.0 2794.0
2748.0 360.0
7753.0 4961.0
346.0 6332.0
995.0 2082.0
3151.0 8281.0
2456.0 810.0
1440.0 1717.0
7908.0 825.0
3642.0 6544.0
3700.0 1453.0
5567.0 7583.0
1775.0 3528.0
9172.0 525.0
2981.0 7480.0
4034.0 5516.0
3109.0 1116.0
7180.0 3132.0
8565.0 3080.0
9451.0 9940.0
1088.0 460.0
9056.0 3398.0
3435.0 1526.0
5484.0 8297.0
436.0 7067.0
9442.0 9493.0
2345.0 6318.0
6966.0 8138.0
9894.0 5931.0
8395.0 1148.0
2968.0 2993.0
5352.0 6131.0
7306.0 5547.0
1397.0 6497.0
6157.0 6600.0
4534.0 3983.0
6293.0 96.0
2212.0 8322.0
295.0 9833.0
2001.0 6270.0
9534.0 4786.0
3603.0 4729.0
4752.0 6838.0
354.0 5191.0
3656.0 9363.0
897.0 9224.0
7451.0 7675.0
4172.0 7229.0
712.0 4782.0
3401.0 5206.0
1520.0 8451.0
7227.0 6727.0
1268.0 8044.0
8667.0 9881.0
6058.0 2108.0
5054.0 1380.0
4095.0 196.0
4615.0 2582.0
6001.0 4888.0
7871.0 4639.0
7455.0 2500.0
4502.0 2506.0
6081.0 3450.0
8853.0 32.0
6990.0 5757.0
9746.0 867.0
3898.0 7657.0
2752.0 2398.0
5222.0 7802.0
5599.0 2460.0
7086.0 4027.0
9873.0 1029.0
7636.0 4159.0
4673.0 1640.0
9583.0 4845.0
400.0 9738.0
387.0 6869.0
3318.0 7715.0
2003.0 7946.0
4077.0 8829.0
4590.0 6464.0
5848.0 4757.0
1109.0 2149.0
234.0 3991.0
2219.0 2128.0
1626.0 818.0
3385.0 3373.0
3169.0 7097.0
8611.0 5000.0
9993.0 1569.0
7717.0 6398.0
7883.0 3925.0
6566.0 9660.0
8050.0 3350.0
2166.0 7307.0
1161.0 3789.0
7049.0 8764.0
6298.0 633.0
9851.0 1579.0
3010.0 6083.0
1497.0 5851.0
7120.0 2896.0
8924.0 2854.0
3446.0 8744.0
725.0 1318.0
1120.0 5922.0
1660.0 7361.0
9633.0 3622.0
5432.0 6543.0
6315.0 2500.0
7636.0 9006.0
8373.0 3771.0
3316.0 1195.0
5176.0 7545.0
6017.0 126.0
8947.0 7648.0
7778.0 8684.0
4517.0 2634.0
1944.0 2912.0
1313.0 5233.0
3242.0 4796.0
3244.0 4952.0
2021.0 6488.0
4647.0 1056.0
2065.0 4477.0
2950.0 5656.0
3908.0 4658.0
1240.0 9140.0
8053.0 1791.0
6361.0 2652.0
5010.0 9320.0
749.0 4866.0
1579.0 8034.0
8635.0 2779.0
5272.0 4537.0
9795.0 8735.0
1305.0 3019.0
6514.0 8423.0
9071.0 6281.0
1915.0 7064.0
7498.0 4522.0
329.0 3527.0
1218.0 2831.0
2865.0 4580.0
1956.0 890.0
3846.0 4028.0
2050.0 842.0
6273.0 3938.0
9527.0 1817.0
6980.0 7702.0
6632.0 2079.0
4649.0 7146.0
6241.0 2282.0
6346.0 8424.0
3059.0 5808.0
739.0 3913.0
9031.0 4653.0
8670.0 9846.0
4858.0 1858.0
4236.0 1901.0
2064.0 3947.0
2050.0 3480.0
2491.0 9346.0
8841.0 3896.0
4670.0 1271.0
64.0 6205.0
8961.0 6058.0
4674.0 6897.0
5877.0 406.0
3737.0 2183.0
4522.0 3510.0
1039.0 8107.0
538.0 2572.0
6354.0 4190.0
5485.0 2654.0
4541.0 2857.0
2071.0 4351.0
6128.0 9359.0
2130.0 5266.0
7550.0 9421.0
6791.0 3767.0
1713.0 4340.0
716.0 5984.0
2023.0 5766.0
4853.0 9546.0
5580.0 4877.0
4598.0 18.0
3669.0 3202.0
2787.0 8523.0
233.0 4788.0
9438.0 1523.0
1479.0 1955.0
2640.0 6228.0
2286.0 9370.0
7525.0 7632.0
7590.0 3647.0
2718.0 5621.0
9382.0 8217.0
6193.0 3159.0
2518.0 5694.0
4934.0 9007.0
4973.0 2444.0
5338.0 963.0
729.0 2617.0
3747.0 8100.0
5944.0 1333.0
9044.0 2971.0
1571.0 9272.0
1715.0 7264.0
8095.0 3390.0
6300.0 6879.0
549.0 981.0
6640.0 4909.0
4469.0 6818.0
5832.0 3499.0
5961.0 5593.0
5320.0 8056.0
1535.0 4399.0
21.0 9788.0
5877.0 2449.0
8902.0 5061.0
8221.0 7798.0
2937.0 2524.0
477.0 3261.0
4833.0 1511.0
2799.0 6274.0
7465.0 7662.0
4732.0 9912.0
415.0 4277.0
2623.0 4807.0
6537.0 341.0
6446.0 4164.0
2963.0 8733.0
1715.0 6642.0
3463.0 564.0
4642.0 4282.0
1565.0 4142.0
1207.0 5245.0
6368.0 9535.0
3304.0 3569.0
5437.0 2201.0
7630.0 670.0
1722.0 1669.0
5470.0 5824.0
3887.0 3753.0
4059.0 5347.0
1983.0 7257.0
2672.0 2704.0
2877.0 8667.0
9107.0 4275.0
2333.0 797.0
4735.0 8002.0
3189.0 3870.0
8769.0 4640.0
1516.0 9998.0
4923.0 3848.0
5189.0 4559.0
6122.0 9837.0
1782.0 432.0
5434.0 3809.0
5195.0 3565.0
3874.0 2910.0
2933.0 866.0
8257.0 7919.0
8448.0 3883.0
4762.0 4412.0
5461.0 4248.0
6365.0 4610.0
3678.0 9373.0
4808.0 9664.0
7802.0 9360.0
274.0 4564.0
4281.0 8617.0
4421.0 446.0
2676.0 8138.0
4947.0 1479.0
1090.0 6944.0
2351.0 6090.0
7545.0 3648.0
2047.0 4743.0
1752.0 1619.0
7499.0 8989.0
4157.0 3736.0
2547.0 9033.0
1703.0 5193.0
3573.0 9525.0
2202.0 5337.0
4689.0 5817.0
1748.0 2022.0
1598.0 5405.0
2067.0 4445.0
2296.0 1777.0
7240.0 2947.0
5281.0 414.0
1690.0 6754.0
8432.0 9141.0
3863.0 3137.0
4220.0 7584.0
2516.0 3959.0
9417.0 2936.0
5012.0 8100.0
9971.0 1773.0
9559.0 720.0
4195.0 146.0
5782.0 2853.0
9963.0 6661.0
563.0 7293.0
4045.0 5794.0
8551.0 9260.0
4268.0 1156.0
9260.0 2822.0
7657.0 930.0
5168.0 6536.0
220.0 221.0
7735.0 4302.0
6547.0 7535.0
745.0 9904.0
9882.0 5111.0
2895.0 6194.0
5831.0 5344.0
4044.0 2431.0
5375.0 8019.0
2030.0 5715.0
5348.0 5577.0
9473.0 5020.0
7047.0 6149.0
2484.0 8787.0
6134.0 6584.0
5679.0 9563.0
9501.0 188.0
427.0 1652.0
7251.0 6412.0
5742.0 266.0
472.0 2205.0
3723.0 3147.0
7961.0 7274.0
3973.0 8134.0
7557.0 7954.0
3902.0 2653.0
260.0 6943.0
4317.0 3617.0
7791.0 8599.0
2240.0 8692.0
6756.0 2055.0
5344.0 2427.0
5085.0 6848.0
4929.0 3206.0
8903.0 8323.0
6860.0 9513.0
504.0 2502.0
2360.0 6484.0
585.0 2675.0
3105.0 6205.0
407.0 2420.0
7498.0 7766.0
2052.0 2293.0
7563.0 5515.0
7430.0 9896.0
8363.0 6505.0
9208.0 5576.0
4360.0 611.0
9324.0 8451.0
9618.0 9289.0
3248.0 16.0
1283.0 1449.0
650.0 5038.0
8243.0 7436.0
5651.0 1981.0
9379.0 4570.0
2312.0 7665.0
8330.0 248.0
3521.0 3421.0
4177.0 1062.0
3957.0 2425.0
9966.0 8927.0
279.0 481.0
3489.0 7686.0
4217.0 4946.0
7220.0 6164.0
6713.0 9036.0
6836.0 6167.0
3803.0 1253.0
235.0 6378.0
7369.0 2128.0
1455.0 5646.0
6457.0 3044.0
6420.0 1633.0
7303.0 4330.0
9921.0 3299.0
2745.0 2382.0
5743.0 8209.0
4179.0 8015.0
4365.0 8119.0
1716.0 795.0
5127.0 8845.0
723.0 6546.0
2296.0 2862.0
5394.0 7799.0
6941.0 5638.0
2523.0 9372.0
9020.0 9156.0
1142.0 3829.0
6606.0 8615.0
6187.0 4044.0
1666.0 779.0
6859.0 2583.0
4289.0 4958.0
2844.0 145.0
9811.0 91.0
4044.0 7785.0
5706.0 3907.0
2008.0 134.0
7706.0 2644.0
3699.0 9361.0
7023.0 2310.0
783.0 2095.0
3108.0 4941.0
91.0 4024.0
8863.0 5857.0
3425.0 9417.0
7704.0 373.0
7366.0 5280.0
4409.0 958.0
6255.0 2375.0
4147.0 8307.0
4007.0 7841.0
6614.0 2302.0
2922.0 6625.0
4687.0 1351.0
155.0 1461.0
9507.0 1067.0
5018.0 3624.0
6408.0 5772.0
2769.0 9177.0
8606.0 8803.0
3049.0 7952.0
8062.0 87.0
3649.0 4970.0
5429.0 1975.0
2748.0 6554.0
3507.0 6807.0
5303.0 5836.0
1107.0 2171.0
1749.0 4898.0
6749.0 2359.0
9669.0 3275.0
4100.0 6972.0
1609.0 5039.0
3577.0 163.0
4686.0 9192.0
7013.0 6492.0
177.0 605.0
4813.0 1872.0
3720.0 1212.0
7514.0 574.0
9326.0 3697.0
6151.0 1780.0
2838.0 2407.0
8357.0 1654.0
3022.0 8695.0
9605.0 9398.0
937.0 445.0
1500.0 8294.0
758.0 7987.0
1552.0 5183.0
7721.0 1141.0
1326.0 4370.0
1331.0 4606.0
2389.0 4438.0
4533.0 1433.0
1975.0 8928.0
1972.0 6788.0
2774.0 4380.0
3036.0 6765.0
3761.0 1705.0
7830.0 9434.0
1483.0 9362.0
6747.0 7889.0
3709.0 9317.0
6808.0 7495.0
9866.0 9268.0
423.0 2076.0
5175.0 7102.0
4747.0 6266.0
7893.0 6066.0
2293.0 3746.0
1583.0 1634.0
5962.0 3599.0
6820.0 3530.0
4154.0 9508.0
9255.0 8904.0
4133.0 9022.0
3442.0 5121.0
4302.0 2618.0
4347.0 3153.0
8548.0 4782.0
954.0 5036.0
8332.0 1846.0
8880.0 1384.0
687.0 3791.0
1412.0 7421.0
2774.0 9762.0
883.0 8525.0
6177.0 9499.0
4797.0 8744.0
6591.0 5436.0
3625.0 8267.0
7076.0 2669.0
9676.0 8336.0
5524.0 6544.0
8962.0 4556.0
9527.0 71.0
473.0 2098.0
4289.0 5902.0
9773.0 8758.0
1755.0 96.0
6332.0 4362.0
1627.0 7399.0
6506.0 7480.0
7416.0 269.0
6587.0 2931.0
3206.0 6357.0
2823.0 6063.0
9296.0 1695.0
7837.0 2270.0
7370.0 9296.0
5346.0 2734.0
8371.0 5403.0
7610.0 9867.0
8745.0 8117.0
2503.0 8422.0
3205.0 5613.0
9644.0 758.0
4694.0 3698.0
7481.0 7237.0
4707.0 4912.0
5760.0 5216.0
9625.0 3909.0
276.0 2624.0
1243.0 6351.0
9337.0 4601.0
2146.0 1030.0
3842.0 4162.0
9091.0 7448.0
5393.0 378.0
79.0 3592.0
9352.0 43.0
3255.0 1110.0
2263.0 1299.0
8321.0 7634.0
5547.0 210.0
3622.0 8468.0
9883.0 3744.0
4555.0 2364.0
7198.0 5156.0
1484.0 8624.0
9670.0 232.0
7815.0 5242.0
7663.0 5390.0
1397.0 318.0
1009.0 1094.0
4907.0 1475.0
547.0 6571.0
3401.0 499.0
9339.0 4307.0
9669.0 2928.0
5466.0 5293.0
587.0 4824.0
838.0 8499.0
98.0 1444.0
2908.0 553.0
7020.0 5053.0
8719.0 4109.0
8316.0 1582.0
3200.0 5865.0
1009.0 8378.0
6112.0 7721.0
8395.0 7767.0
4574.0 7049.0
8728.0 3650.0
565.0 4552.0
7030.0 861.0
5336.0 683.0
3196.0 9528.0
5131.0 4113.0
2065.0 9135.0
5135.0 8212.0
3600.0 9541.0
1068.0 4028.0
3870.0 8664.0
334.0 732.0
9973.0 9063.0
7137.0 7020.0
4573.0 8140.0
8486.0 9428.0
8225.0 9201.0
496.0 6060.0
134.0 3086.0
6902.0 6682.0
524.0 2603.0
4203.0 2680.0
281.0 4496.0
336.0 2841.0
6028.0 6168.0
6320.0 3450.0
1297.0 6883.0
2755.0 3657.0
6970.0 5685.0
5612.0 9621.0
6645.0 745.0
8220.0 3378.0
5092.0 7376.0
8857.0 4930.0
466.0 4438.0
5872.0 8518.0
3436.0 1355.0
4747.0 6567.0
8908.0 474.0
4007.0 7275.0
8481.0 2001.0
9401.0 4313.0
4324.0 1221.0
8264.0 9632.0
7630.0 250.0
8472.0 2834.0
7304.0 9027.0
8909.0 3101.0
7059.0 2792.0
858.0 2143.0
1577.0 5752.0
2225.0 9152.0
4906.0 3191.0
9018.0 1230.0
6749.0 6717.0
994.0 5286.0
4817.0 9911.0
882.0 9846.0
3903.0 4065.0
9096.0 7790.0
4845.0 6267.0
8369.0 3460.0
9043.0 4539.0
5193.0 143.0
6693.0 7274.0
7506.0 6378.0
9397.0 6670.0
525.0 2093.0
321.0 8426.0
5144.0 8022.0
7564.0 2384.0
5808.0 4396.0
8893.0 1382.0
7282.0 7378.0
8520.0 8017.0
2226.0 4219.0
9080.0 1562.0
3986.0 608.0
4468.0 9751.0
1529.0 6206.0
1715.0 2666.0
5914.0 6819.0
2546.0 8457.0
237.0 4211.0
7803.0 3101.0
7442.0 7007.0
384.0 8959.0
2935.0 8692.0
4871.0 9322.0
1390.0 1156.0
4509.0 8706.0
9682.0 4773.0
8687.0 1092.0
351.0 8503.0
6611.0 863.0
2511.0 5963.0
5310.0 3648.0
9620.0 5975.0
2649.0 6810.0
6033.0 8547.0
8512.0 1791.0
6728.0 9776.0
9818.0 3063.0
7151.0 1637.0
7537.0 882.0
2570.0 5149.0
6362.0 7603.0
8863.0 7885.0
216.0 9754.0
9147.0 9301.0
9240.0 620.0
3174.0 9869.0
6439.0 542.0
8895.0 2484.0
4645.0 4674.0
8111.0 7128.0
6966.0 420.0
629.0 2252.0
6374.0 9267.0
3831.0 8878.0
2606.0 261.0
7076.0 5871.0
7045.0 4830.0
2841.0 7379.0
8730.0 5202.0
9024.0 5900.0
7176.0 1124.0
9314.0 6971.0
153.0 2128.0
1055.0 3934.0
7104.0 5055.0
2503.0 3778.0
1351.0 9072.0
3897.0 7512.0
6762.0 2906.0
9266.0 1067.0
7042.0 1524.0
8367.0 5185.0
8308.0 1977.0
687.0 5281.0
8115.0 654.0
5914.0 4755.0
6601.0 6644.0
7794.0 7726.0
7905.0 8458.0
776.0 9670.0
2534.0 3829.0
1389.0 6931.0
3830.0 4806.0
8724.0 8591.0
4214.0 2888.0
973.0 6668.0
9367.0 1410.0
7414.0 3120.0
998.0 4911.0
7770.0 4636.0
1392.0 7710.0
3344.0 8686.0
5373.0 6430.0
6860.0 6807.0
7864.0 3665.0
407.0 3606.0
7700.0 2555.0
3411.0 2444.0
861.0 4464.0
5047.0 1300.0
8794.0 4509.0
8005.0 4770.0
9972.0 2151.0
3019.0 682.0
5372.0 6587.0
6079.0 2316.0
1033.0 9162.0
2744.0 9696.0
3339.0 7527.0
6456.0 5923.0
5223.0 8777.0
279.0 7041.0
3930.0 1290.0
3982.0 6407.0
3508.0 7488.0
869.0 7036.0
7708.0 2263.0
1270.0 7899.0
1432.0 4275.0
2121.0 2665.0
1411.0 9867.0
4533.0 1836.0
9269.0 1804.0
3765.0 1781.0
2644.0 7584.0
8528.0 6623.0
2517.0 4532.0
9019.0 1471.0
7432.0 1401.0
5603.0 7962.0
7750.0 8732.0
2566.0 5593.0
5621.0 2660.0
3838.0 4834.0
8820.0 9429.0
116.0 468.0
9128.0 325.0
9290.0 6162.0
8408.0 9249.0
4586.0 3738.0
8048.0 7672.0
7347.0 3116.0
9932.0 4184.0
3866.0 1400.0
9605.0 8376.0
8171.0 2105.0
4798.0 1271.0
5200.0 7981.0
4964.0 7031.0
1253.0 3416.0
13.0 3183.0
1162.0 4902.0
8885.0 9066.0
4065.0 528.0
1142.0 4740.0
2231.0 1988.0
7235.0 5088.0
9813.0 5078.0
5617.0 6323.0
977.0 7150.0
7352.0 4637.0
9294.0 2509.0
1404.0 9216.0
2835.0 9230.0
6253.0 4347.0
1852.0 3362.0
6012.0 7848.0
8494.0 9008.0
1703.0 5532.0
439.0 5246.0
862.0 3960.0
2882.0 3378.0
1129.0 6178.0
5774.0 470.0
6002.0 7684.0
5745.0 7681.0
3391.0 2352.0
4604.0 4330.0
177.0 527.0
8845.0 1208.0
8397.0 4029.0
7071.0 9075.0
1250.0 5284.0
4741.0 864.0
9576.0 322.0
8172.0 8521.0
1970.0 7849.0
2185.0 7998.0
4203.0 9140.0
8332.0 8344.0
6101.0 5958.0
3111.0 3395.0
6569.0 6250.0
8068.0 7023.0
9892.0 9826.0
6231.0 5432.0
9010.0 8757.0
1758.0 2462.0
3905.0 9717.0
2232.0 6401.0
5782.0 7996.0
5516.0 9260.0
195.0 5413.0
5570.0 1995.0
4791.0 6843.0
4162.0 1660.0
9836.0 2607.0
7871.0 8954.0
2174.0 6430.0
2300.0 7151.0
5806.0 1206.0
7929.0 5881.0
4728.0 7290.0
4490.0 5740.0
6216.0 549.0
3311.0 2216.0
5198.0 9896.0
9526.0 9886.0
2898.0 6535.0
8560.0 384.0
5407.0 9635.0
3820.0 99.0
338.0 5675.0
4995.0 6093.0
2248.0 1176.0
8877.0 1201.0
9965.0 1047.0
7125.0 1807.0
1517.0 7271.0
7881.0 4255.0
4789.0 5170.0
652.0 8382.0
4608.0 6953.0
6376.0 9153.0
9392.0 4794.0
7082.0 9858.0
3048.0 8160.0
2056.0 2872.0
269.0 2603.0
9938.0 6426.0
5897.0 9770.0
8647.0 8394.0
1525.0 826.0
7568.0 551.0
4987.0 8045.0
8897.0 9287.0
916.0 1772.0
7567.0 1261.0
3020.0 2498.0
1669.0 4952.0
1249.0 272.0
7784.0 1605.0
9515.0 6166.0
8130.0 1534.0
2128.0 3037.0
8949.0 4267.0
9610.0 5299.0
2044.0 3499.0
7056.0 9933.0
3882.0 349.0
706.0 3469.0
9168.0 870.0
884.0 2161.0
8321.0 6318.0
1978.0 5083.0
749.0 7132.0
2617.0 2367.0
8344.0 4117.0
1721.0 3321.0
6120.0 2800.0
8567.0 1646.0
9387.0 9436.0
7561.0 7477.0
9400.0 9646.0
859.0 8479.0
1875.0 3152.0
4509.0 4723.0
5299.0 600.0
6287.0 4570.0
8447.0 934.0
5870.0 1284.0
9013.0 307.0
530.0 2607.0
7782.0 6005.0
2003.0 8023.0
5236.0 1349.0
2703.0 929.0
34.0 74.0
1933.0 5449.0
1260.0 1134.0
5277.0 112.0
8859.0 7434.0
2815.0 3127.0
9185.0 4448.0
4342.0 6470.0
5051.0 7214.0
2247.0 8518.0
2229.0 6669.0
5218.0 7464.0
6775.0 8808.0
8437.0 215.0
135.0 2648.0
8428.0 4032.0
1404.0 5458.0
3222.0 607.0
8687.0 6252.0
1011.0 4829.0
3956.0 1005.0
2936.0 2950.0
8321.0 5574.0
8197.0 7382.0
7135.0 4806.0
2131.0 7856.0
6839.0 8801.0
427.0 1161.0
7969.0 9811.0
5150.0 4194.0
1230.0 5753.0
725.0 7557.0
6058.0 8807.0
554.0 9402.0
3585.0 82.0
7426.0 1785.0
8412.0 3824.0
3390.0 4221.0
6116.0 7137.0
7247.0 1694.0
5898.0 3707.0
328.0 6834.0
281.0 2490.0
3723.0 8490.0
6290.0 4852.0
2632.0 1428.0
5005.0 6130.0
5980.0 4377.0
8917.0 101.0
1994.0 6160.0
9002.0 7319.0
2868.0 2112.0
5910.0 813.0
4216.0 5547.0
2206.0 5112.0
7445.0 1469.0
5058.0 7082.0
5742.0 2266.0
1296.0 9541.0
6811.0 7624.0
9258.0 1137.0
8045.0 3363.0
4324.0 8464.0
2291.0 6449.0
7572.0 8891.0
4862.0 5886.0
9449.0 5079.0
4978.0 1724.0
2885.0 4666.0
7282.0 6921.0
2765.0 1097.0
1615.0 9257.0
1160.0 4071.0
1688.0 3056.0
241.0 585.0
5842.0 2925.0
7297.0 53.0
5545.0 4242.0
8749.0 9471.0
9785.0 7624.0
2600.0 7111.0
6046.0 7085.0
1209.0 5713.0
999.0 4137.0
8832.0 8665.0
6604.0 2536.0
819.0 5129.0
9763.0 913.0
3888.0 2603.0
6201.0 3011.0
9403.0 7896.0
1732.0 7761.0
4052.0 9980.0
6582.0 3912.0
4849.0 712.0
927.0 6458.0
7871.0 1889.0
2308.0 4570.0
2650.0 9620.0
8093.0 3274.0
6622.0 9491.0
8651.0 3596.0
6556.0 8496.0
9393.0 8403.0
6381.0 2212.0
2353.0 3654.0
3311.0 8201.0
467.0 7317.0
6698.0 9103.0
225.0 640.0
6510.0 1405.0
836.0 9033.0
868.0 8365.0

5940.0 8730.0
6732.0 1530.0
3555.0 436.0
7317.0 6884.0
4989.0 182.0
7134.0 2658.0
6642.0 6976.0
3643.0 5412.0
6236.0 863.0
6567.0 7249.0
6997.0 2527.0
1798.0 1029.0
5483.0 3103.0
236.0 9064.0
1290.0 1387.0
978.0 3775.0
9234.0 8184.0
811.0 1303.0
7212.0 31.0
4357.0 1513.0
5409.0 7003.0
1864.0 418.0
4981.0 1847.0
3971.0 3444.0
6919.0 154.0
5441.0 570.0
4221.0 3806.0
2211.0 6769.0
3074.0 2423.0
8720.0 3760.0
1171.0 35.0
4903.0 1537.0
3856.0 6698.0
4771.0 632.0
1252.0 7309.0
998.0 8638.0
2030.0 2296.0
2416.0 6912.0
1990.0 7462.0
3854.0 5973.0
8122.0 2685.0
203.0 552.0
1291.0 1693.0
9146.0 7781.0
3244.0 7656.0
9468.0 4499.0
6061.0 1815.0
4334.0 2131.0
4761.0 4874.0
1497.0 152.0
6177.0 3388.0
4777.0 1579.0
9819.0 5859.0
3810.0 6479.0
8823.0 5789.0
1414.0 1989.0
1725.0 1388.0
521.0 9786.0
8159.0 4189.0
5075.0 4522.0
4178.0 1289.0
1814.0 9168.0
5356.0 8433.0
2363.0 5779.0
8335.0 3676.0
7518.0 2613.0
3974.0 3850.0
8175.0 1121.0
7766.0 8573.0
9786.0 8766.0
5696.0 8975.0
9784.0 6143.0
6211.0 969.0
9866.0 9376.0
1418.0 5170.0
7556.0 1307.0
3244.0 8291.0
3985.0 7383.0
2669.0 3178.0
7249.0 4770.0
2730.0 7258.0
3329.0 5679.0
8418.0 1577.0
8918.0 8328.0
9188.0 5195.0
3127.0 1554.0
2198.0 2157.0
7430.0 1564.0
6969.0 732.0
5826.0 1757.0
4607.0 7213.0
9566.0 9143.0
7293.0 8923.0
3395.0 3281.0
6139.0 3734.0
2737.0 6275.0
8153.0 5771.0
3692.0 4755.0
5392.0 9533.0
297.0 7339.0
2052.0 7195.0
5961.0 3549.0
7596.0 6267.0
8454.0 2672.0
6605.0 7380.0
424.0 3505.0
8528.0 4387.0
9787.0 8520.0
2978.0 1551.0
6972.0 8355.0
8746.0 4993.0
8368.0 5166.0
7193.0 8173.0
7956.0 5792.0
3194.0 3606.0
1475.0 8205.0
9279.0 5545.0
84.0 7221.0
1157.0 859.0
2914.0 7987.0
5271.0 7826.0
413.0 8147.0
1558.0 5090.0
2942.0 2236.0
7069.0 5465.0
1458.0 4245.0
8617.0 1864.0
9793.0 6819.0
5134.0 5045.0
372.0 8101.0
2857.0 5399.0
7802.0 9679.0
9056.0 3548.0
7270.0 1598.0
2454.0 6905.0
7130.0 2948.0
959.0 2022.0
7616.0 8977.0
9958.0 4843.0
89.0 8212.0
6753.0 3681.0
3730.0 5568.0
9350.0 2096.0
9083.0 9929.0
258.0 1404.0
397.0 7163.0
8448.0 5058.0
1132.0 2042.0
5157.0 9637.0
9579.0 5081.0
1679.0 9623.0
4002.0 2718.0
9821.0 5751.0
9206.0 1874.0
8190.0 9109.0
8949.0 2293.0
9961.0 5763.0
1110.0 2718.0
314.0 9074.0
5045.0 9333.0
4165.0 9506.0
3016.0 7445.0
7398.0 4070.0
125.0 9910.0
7246.0 206.0
9672.0 8258.0
9962.0 1281.0
3323.0 5002.0
6482.0 3453.0
8052.0 8099.0
9221.0 6109.0
4206.0 1068.0
5676.0 623.0
1678.0 4686.0
6973.0 4648.0
3529.0 8808.0
2085.0 1679.0
9045.0 5217.0
803.0 8087.0
571.0 5054.0
1197.0 2400.0
1123.0 6727.0
9676.0 4007.0
2083.0 2849.0
4353.0 1036.0
2997.0 7123.0
4855.0 9628.0
7830.0 4682.0
4236.0 9350.0
4583.0 1869.0
1188.0 1935.0
7749.0 3887.0
3185.0 3109.0
5446.0 1352.0
3737.0 9732.0
5695.0 9196.0
9399.0 6945.0
8734.0 3890.0
4750.0 2609.0
4791.0 7486.0
5944.0 8677.0
9207.0 9429.0
6017.0 1834.0
9379.0 9652.0
7661.0 8013.0
359.0 8883.0
1539.0 8134.0
8585.0 4677.0
894.0 4677.0
5649.0 4147.0
5563.0 1414.0
6469.0 6841.0
1076.0 957.0
8849.0 3777.0
991.0 7381.0
3781.0 1104.0
3167.0 3656.0
8451.0 9334.0
3096.0 6078.0
6322.0 1668.0
9959.0 470.0
1229.0 7373.0
3627.0 7336.0
4906.0 8671.0
3198.0 5755.0
9855.0 2135.0
262.0 8144.0
1932.0 8074.0
2596.0 742.0
9653.0 3859.0
6381.0 6924.0
9530.0 9694.0
7667.0 3149.0
9432.0 7791.0
6227.0 9729.0
4339.0 8418.0
7434.0 1187.0
1427.0 8836.0
402.0 3352.0
3876.0 3555.0
2963.0 7023.0
5344.0 6900.0
6721.0 343.0
9495.0 1385.0
7781.0 4629.0
1506.0 7852.0
1399.0 946.0
968.0 5845.0
1117.0 7042.0
8096.0 5207.0
5627.0 6963.0
7654.0 2390.0
9007.0 8050.0
7511.0 7420.0
2454.0 2499.0
1265.0 23.0
8252.0 3292.0
6801.0 5876.0
9057.0 6647.0
5256.0 6472.0
8228.0 5766.0
7237.0 8543.0
9342.0 3088.0
5789.0 1559.0
5538.0 759.0
7942.0 4261.0
1905.0 1591.0
9317.0 3698.0
6522.0 5174.0
8665.0 2741.0
8349.0 6434.0
1767.0 4589.0
2625.0 6293.0
6623.0 5183.0
6936.0 6738.0
4310.0 7060.0
3608.0 4941.0
2467.0 584.0
6611.0 3722.0
763.0 1066.0
3611.0 8060.0
335.0 2706.0
6357.0 9859.0
1550.0 2878.0
5061.0 5721.0
7021.0 2703.0
4922.0 4954.0
9309.0 2405.0
5463.0 7516.0
5221.0 2416.0
5878.0 4141.0
1073.0 3704.0
1993.0 3385.0
5915.0 3325.0
3056.0 2778.0
2051.0 3639.0
8990.0 3859.0
4822.0 6186.0
1297.0 3276.0
6033.0 3714.0
3259.0 4708.0
7965.0 6298.0
7599.0 8824.0
7370.0 65.0
2269.0 1004.0
1349.0 9467.0
7568.0 9045.0
9576.0 6616.0
157.0 5601.0
9717.0 3613.0
2260.0 2547.0
5522.0 6399.0
6613.0 7034.0
9438.0 1049.0
363.0 1412.0
4230.0 6042.0
3613.0 1816.0
460.0 6431.0
709.0 2569.0
9278.0 8421.0
4995.0 6172.0
2407.0 5347.0
167.0 1109.0
3790.0 8465.0
3894.0 2161.0
9736.0 8606.0
1877.0 499.0
7052.0 7133.0
3018.0 3241.0
1026.0 7163.0
8829.0 4719.0
7700.0 8572.0
2793.0 4214.0
7348.0 2720.0
7799.0 7299.0
8540.0 5399.0
2343.0 622.0
4759.0 8981.0
8641.0 2279.0
7939.0 7194.0
8331.0 2528.0
5870.0 8591.0
3921.0 2090.0
2850.0 7107.0
6648.0 7725.0
5542.0 719.0
3913.0 7342.0
8408.0 1685.0
1957.0 9358.0
5663.0 4317.0
1938.0 3521.0
9146.0 8809.0
76.0 2949.0
4033.0 2032.0
5048.0 9598.0
6807.0 8833.0
8239.0 7861.0
2370.0 9790.0
5095.0 3578.0
9767.0 3876.0
8174.0 8141.0
8376.0 7055.0
5103.0 9929.0
9033.0 261.0
7066.0 7815.0
6947.0 2724.0
6033.0 3946.0
5879.0 9150.0
1347.0 5563.0
5455.0 1710.0
8873.0 8023.0
6051.0 315.0
8345.0 3832.0
8150.0 7180.0
7094.0 4836.0
5599.0 4094.0
797.0 7352.0
4657.0 3458.0
4454.0 2446.0
3289.0 6483.0
9195.0 6069.0
7565.0 4590.0
3151.0 6315.0
4635.0 2435.0
6989.0 7489.0
4137.0 3584.0
7323.0 3233.0
2517.0 2281.0
3645.0 3439.0
7103.0 7293.0
6924.0 2161.0
9415.0 6331.0
570.0 6250.0
9569.0 1982.0
6910.0 6983.0
6232.0 2657.0
4840.0 9333.0
9015.0 4544.0
6815.0 6186.0
2729.0 3001.0
5843.0 7187.0
5410.0 4403.0
5657.0 4439.0
4550.0 1893.0
9721.0 9821.0
8408.0 1048.0
7211.0 1089.0
1859.0 3891.0
6697.0 6572.0
8661.0 2260.0
612.0 581.0
4574.0 4009.0
6237.0 4367.0
8237.0 7987.0
1329.0 9778.0
9212.0 6312.0
5066.0 5371.0
5124.0 4888.0
7482.0 7208.0
2305.0 5655.0
3038.0 9057.0
6842.0 6543.0
6514.0 9216.0
5461.0 7604.0
1865.0 3702.0
8162.0 4321.0
7215.0 8031.0
6997.0 1516.0
1673.0 2289.0
7931.0 3921.0
2085.0 6757.0
5179.0 1779.0
444.0 7807.0
9966.0 2567.0
5071.0 6259.0
8066.0 2217.0
1280.0 2998.0
3104.0 1878.0
9639.0 8988.0
4963.0 8668.0
2537.0 9496.0
5298.0 1389.0
2196.0 4692.0
4463.0 4709.0
5797.0 1375.0
6861.0 7749.0
5880.0 3062.0
4088.0 5575.0
6704.0 8132.0
7770.0 4575.0
9686.0 8293.0
6554.0 5191.0
3645.0 2067.0
4110.0 7971.0
7948.0 536.0
7616.0 1431.0
9282.0 5080.0
8591.0 2713.0
5171.0 9298.0
522.0 4487.0
9935.0 9895.0
180.0 4102.0
1226.0 3716.0
2061.0 3439.0
7826.0 674.0
7832.0 471.0
1874.0 4786.0
5235.0 5965.0
1161.0 8069.0
3326.0 1359.0
9674.0 4481.0
3498.0 6228.0
7069.0 3677.0
8186.0 6365.0
200.0 6780.0
1638.0 5926.0
2398.0 8903.0
9737.0 9636.0
8653.0 5636.0
8214.0 3501.0
7356.0 3252.0
1222.0 5044.0
1791.0 4824.0
4640.0 6511.0
7003.0 7019.0
1055.0 7024.0
235.0 4739.0
5833.0 2182.0
5598.0 3411.0
6153.0 2058.0
6110.0 1076.0
7491.0 1097.0
8802.0 5066.0
4379.0 5849.0
1039.0 447.0
4951.0 9076.0
8719.0 9993.0
1090.0 1139.0
9507.0 7896.0
8673.0 2200.0
6801.0 1934.0
4777.0 1193.0
2544.0 1344.0
1286.0 12.0
9599.0 120.0
6808.0 3964.0
6795.0 7934.0
1288.0 1877.0
2370.0 3465.0
287.0 1908.0
3915.0 7293.0
8292.0 1498.0
5530.0 4153.0
2994.0 2451.0
5325.0 6717.0
4930.0 4619.0
8953.0 5663.0
9439.0 4157.0
7322.0 3259.0
303.0 4863.0
9152.0 170.0
7017.0 3518.0
1545.0 7735.0
83.0 2759.0
4258.0 411.0
1261.0 7435.0
5772.0 5655.0
8171.0 2917.0
1906.0 917.0
5191.0 6359.0
88.0 37.0
5000.0 4372.0
4946.0 3688.0
7782.0 3086.0
3411.0 1179.0
7398.0 9095.0
9991.0 3273.0
6518.0 2231.0
5340.0 8304.0
5086.0 3670.0
3849.0 6267.0
9052.0 5343.0
8375.0 8151.0
8764.0 9116.0
2788.0 216.0
8968.0 6716.0
5501.0 5454.0
4790.0 3904.0
9649.0 6945.0
645.0 4836.0
8086.0 355.0
1475.0 5117.0
3829.0 5287.0
8224.0 4508.0
9173.0 7715.0
1977.0 2773.0
9087.0 8241.0
3669.0 4636.0
7088.0 3366.0
8786.0 2324.0
4234.0 9543.0
8948.0 6678.0
4424.0 2229.0
4826.0 309.0
1648.0 4628.0
7283.0 8764.0
7366.0 3400.0
6143.0 8184.0
8661.0 1034.0
8540.0 459.0
364.0 7117.0
1209.0 9294.0
6775.0 3219.0
3694.0 3225.0
1169.0 8647.0
1816.0 4029.0
3752.0 6761.0
3399.0 1512.0
1211.0 4092.0
577.0 8142.0
3546.0 7007.0
5675.0 9535.0
6332.0 3106.0
29.0 9219.0
9079.0 7125.0
7677.0 8709.0
2868.0 3530.0
8339.0 6321.0
2890.0 559.0
6580.0 743.0
4095.0 2930.0
6602.0 7795.0
598.0 2915.0
4550.0 1404.0
1998.0 2064.0
2756.0 2233.0
2271.0 8243.0
2842.0 9948.0
9431.0 5253.0
7083.0 7622.0
6588.0 4751.0
9965.0 9210.0
7591.0 2671.0
4322.0 3627.0
2896.0 4923.0
8987.0 1349.0
3866.0 9541.0
7379.0 2057.0
6100.0 5051.0
8907.0 4276.0
5033.0 7259.0
7644.0 493.0
9404.0 9190.0
5152.0 3738.0
799.0 1420.0
6896.0 4081.0
9910.0 2507.0
4160.0 6059.0
2691.0 1760.0
5834.0 473.0
2063.0 9067.0
7078.0 6551.0
3325.0 9018.0
4174.0 2957.0
3957.0 9025.0
7557.0 8600.0
978.0 3708.0
7391.0 6741.0
1478.0 222.0
8638.0 8385.0
4560.0 1802.0
5017.0 3387.0
5304.0 9208.0
3756.0 302.0
3917.0 2336.0
5582.0 8427.0
5770.0 6678.0
6834.0 8017.0
465.0 1916.0
3128.0 7146.0
567.0 2310.0
6486.0 6203.0
3225.0 1159.0
335.0 3502.0
296.0 4032.0
9313.0 7939.0
5158.0 8019.0
3252.0 7245.0
6878.0 6698.0
7310.0 2756.0
4885.0 3064.0
2617.0 4178.0
9821.0 5164.0
4372.0 375.0
8747.0 1625.0
6799.0 4586.0
5325.0 6815.0
6890.0 5093.0
8211.0 7898.0
1320.0 4822.0
3241.0 8455.0
3474.0 5819.0
7644.0 5934.0
9989.0 7090.0
6898.0 2651.0
8743.0 6813.0
7422.0 2554.0
2645.0 2344.0
760.0 8485.0
6249.0 4046.0
7400.0 7177.0
4484.0 1379.0
944.0 1697.0
5494.0 2251.0
5725.0 3562.0
1993.0 9093.0
3596.0 9268.0
8019.0 7640.0
8013.0 8453.0
511.0 6896.0
6105.0 3409.0
7648.0 1258.0
1868.0 2170.0
8342.0 8278.0
6178.0 9949.0
9788.0 8033.0
1755.0 6066.0
2518.0 2575.0
3768.0 6169.0
4848.0 6469.0
9228.0 1945.0
1133.0 1849.0
842.0 3021.0
765.0 4011.0
3498.0 8357.0
7294.0 5983.0
4018.0 6764.0
9621.0 3081.0
7376.0 8843.0
9661.0 903.0
5031.0 5039.0
3371.0 2754.0
3535.0 7053.0
4604.0 4976.0
4079.0 2322.0
3660.0 1136.0
6154.0 3814.0
4951.0 8586.0
988.0 9829.0
751.0 3356.0
2896.0 1093.0
336.0 1844.0
9260.0 4798.0
6556.0 285.0
2245.0 7882.0
4152.0 5496.0
7953.0 4212.0
6773.0 2849.0
1182.0 2981.0
2117.0 9962.0
6412.0 7926.0
7091.0 7072.0
8237.0 9727.0
7412.0 7575.0
6868.0 6203.0
8552.0 4729.0
6874.0 7603.0
7461.0 2945.0
9863.0 6680.0
6966.0 4702.0
4216.0 5787.0
7271.0 6521.0
7561.0 5730.0
1454.0 9982.0
164.0 3590.0
4403.0 6291.0
9872.0 9246.0
7082.0 5328.0
1815.0 2834.0
538.0 2676.0
8460.0 7846.0
6603.0 613.0
8275.0 7131.0
4633.0 1543.0
3578.0 1478.0
6290.0 4812.0
799.0 3069.0
2690.0 433.0
8777.0 8449.0
890.0 5666.0
3287.0 8329.0
9122.0 2922.0
8442.0 3864.0
2655.0 7.0
8138.0 1701.0
4733.0 6143.0
3207.0 2481.0
9493.0 9748.0
2450.0 29.0
6270.0 6495.0
8196.0 981.0
7212.0 8539.0
9572.0 7049.0
2610.0 8497.0
9133.0 4651.0
872.0 4068.0
1012.0 9161.0
2532.0 1814.0
1292.0 3474.0
230.0 1067.0
3692.0 3113.0
9078.0 1444.0
6312.0 2648.0
4294.0 9939.0
7547.0 580.0
5552.0 6073.0
1848.0 2502.0
9969.0 6078.0
8500.0 4680.0
8085.0 9587.0
9086.0 2844.0
9827.0 4829.0
1765.0 3391.0
9811.0 755.0
3096.0 6711.0
3941.0 7140.0
501.0 4894.0
1663.0 6075.0
1064.0 8528.0
862.0 861.0
4841.0 9806.0
4743.0 782.0
3330.0 1695.0
2665.0 2703.0
6251.0 5357.0
9314.0 3015.0
2332.0 587.0
9120.0 5865.0
2243.0 6464.0
5382.0 6164.0
4350.0 1956.0
5940.0 8346.0
6448.0 8713.0
9884.0 4362.0
9142.0 752.0
2158.0 6881.0
9039.0 8279.0
5490.0 6158.0
2410.0 5368.0
1585.0 1578.0
2498.0 3733.0
5968.0 1333.0
6120.0 7287.0
3381.0 6195.0
7738.0 4778.0
3200.0 5906.0
1672.0 146.0
6719.0 9097.0
5584.0 2902.0
768.0 287.0
940.0 3216.0
4555.0 9863.0
8594.0 8935.0
9146.0 5594.0
140.0 4297.0
1505.0 6573.0
8242.0 2520.0
7502.0 3146.0
1555.0 7023.0
810.0 8739.0
2444.0 8508.0
7095.0 2101.0
8124.0 7592.0
5418.0 919.0
8435.0 5268.0
1273.0 284.0
5865.0 5886.0
8154.0 1990.0
6015.0 9886.0
7081.0 3149.0
9169.0 6028.0
6002.0 5072.0
6120.0 5315.0
3459.0 5930.0
3928.0 1359.0
3482.0 3135.0
9763.0 4412.0
1052.0 3946.0
3519.0 8789.0
132.0 5260.0
2324.0 5898.0
8608.0 6069.0
2653.0 7615.0
7089.0 8562.0
8182.0 7234.0
991.0 6353.0
4055.0 7707.0
7773.0 787.0
716.0 9409.0
3796.0 8840.0
3005.0 2143.0
7675.0 8557.0
2636.0 8639.0
9554.0 519.0
4743.0 9231.0
8237.0 6302.0
1680.0 9983.0
544.0 7443.0
9692.0 8963.0
9852.0 826.0
6664.0 7884.0
3210.0 9035.0
1580.0 8878.0
8946.0 6576.0
8879.0 8593.0
9179.0 5526.0
3365.0 4339.0
4168.0 6525.0
3829.0 9545.0
7873.0 3589.0
6050.0 8216.0
6689.0 3775.0
8343.0 624.0
5730.0 5104.0
5320.0 4995.0
9596.0 8777.0
8018.0 2349.0
7029.0 4116.0
1059.0 4300.0
1385.0 7242.0
26.0 5976.0
1310.0 6941.0
4691.0 8823.0
8562.0 3708.0
6271.0 513.0
2388.0 440.0
9393.0 1666.0
2343.0 5766.0
1890.0 1643.0
3999.0 3463.0
8149.0 8103.0
4449.0 3966.0
4111.0 7577.0
7004.0 6439.0
4658.0 6762.0
7016.0 2362.0
6468.0 6798.0
3233.0 4153.0
2096.0 5206.0
1597.0 4751.0
3353.0 2749.0
910.0 6676.0
4727.0 4938.0
2266.0 1543.0
9939.0 397.0
6686.0 3455.0
7368.0 817.0
7830.0 2331.0
2437.0 9744.0
9264.0 5573.0
7697.0 9891.0
8127.0 9093.0
3707.0 1242.0
9649.0 1169.0
6426.0 4640.0
9448.0 5077.0
9239.0 8114.0
2974.0 9034.0
322.0 5636.0
4050.0 4348.0
8463.0 594.0
6932.0 5351.0
3063.0 8618.0
8756.0 6990.0
6414.0 7089.0
1833.0 8622.0
8972.0 969.0
7683.0 4974.0
762.0 7242.0
7227.0 7727.0
4586.0 2635.0
4055.0 3710.0
9189.0 1918.0
162.0 8191.0
3076.0 6425.0
6117.0 4231.0
2098.0 5101.0
10.0 1573.0
6526.0 2746.0
2161.0 1063.0
5711.0 2706.0
4934.0 3046.0
1065.0 3744.0
9648.0 756.0
474.0 3299.0
4918.0 2131.0
9835.0 1869.0
3419.0 6073.0
9856.0 5747.0
6420.0 1592.0
8828.0 7836.0
8038.0 842.0
4468.0 8762.0
3630.0 9502.0
570.0 3017.0
9204.0 487.0
6556.0 7369.0
1312.0 9474.0
651.0 1239.0
9281.0 3204.0
9821.0 1297.0
4263.0 4047.0
2112.0 4999.0
1935.0 6810.0
9617.0 266.0
8365.0 6245.0
2674.0 1089.0
853.0 6261.0
8486.0 1199.0
8245.0 4291.0
9837.0 636.0
7583.0 6820.0
2045.0 2344.0
6530.0 4503.0
8822.0 8571.0
3470.0 7907.0
226.0 9312.0
9708.0 7322.0
8343.0 7479.0
684.0 2599.0
8869.0 8041.0
5592.0 1547.0
9269.0 895.0
7363.0 7797.0
6667.0 9642.0
7373.0 1689.0
1116.0 1010.0
1845.0 61.0
2458.0 2189.0
9300.0 3524.0
1382.0 5756.0
1020.0 2107.0
7878.0 4422.0
8926.0 2800.0
2753.0 365.0
7758.0 4966.0
351.0 6336.0
1001.0 2087.0
3155.0 8287.0
2460.0 815.0
1445.0 1722.0
7913.0 830.0
3647.0 6548.0
3705.0 1458.0
5571.0 7588.0
1781.0 3533.0
9177.0 530.0
2986.0 7486.0
4039.0 5520.0
3113.0 1122.0
7184.0 3138.0
8570.0 3086.0
9457.0 9945.0
1094.0 464.0
9061.0 3402.0
3439.0 1531.0
5489.0 8302.0
442.0 7071.0
9447.0 9499.0
2349.0 6323.0
6971.0 8143.0
9899.0 5935.0
8400.0 1153.0
2973.0 2997.0
5356.0 6137.0
7311.0 5552.0
1401.0 6503.0
6162.0 6604.0
4538.0 3988.0
6298.0 100.0
2218.0 8327.0
300.0 9839.0
2006.0 6276.0
9539.0 4790.0
3609.0 4733.0
4757.0 6844.0
360.0 5195.0
3661.0 9368.0
902.0 9229.0
7456.0 7679.0
4176.0 7235.0
717.0 4788.0
3407.0 5211.0
1525.0 8455.0
7232.0 6733.0
1272.0 8049.0
8672.0 9886.0
6063.0 2112.0
5059.0 1384.0
4100.0 201.0
4620.0 2587.0
6006.0 4894.0
7875.0 4644.0
7461.0 2505.0
4508.0 2512.0
6087.0 3454.0
8857.0 38.0
6994.0 5761.0
9751.0 872.0
3904.0 7662.0
2757.0 2403.0
5227.0 7807.0
5604.0 2465.0
7091.0 4032.0
9878.0 1035.0
7641.0 4165.0
4678.0 1645.0
9587.0 4850.0
405.0 9742.0
393.0 6875.0
3322.0 7720.0
2007.0 7950.0
4081.0 8835.0
4595.0 6469.0
5853.0 4761.0
1114.0 2155.0
240.0 3996.0
2223.0 2132.0
1631.0 823.0
3391.0 3377.0
3174.0 7102.0
8616.0 5005.0
9998.0 1574.0
7722.0 6403.0
7889.0 3929.0
6570.0 9666.0
8056.0 3355.0
2170.0 7312.0
1166.0 3794.0
7054.0 8769.0
6303.0 637.0
9856.0 1584.0
3014.0 6087.0
1503.0 5856.0
7126.0 2900.0
8928.0 2858.0
3451.0 8750.0
730.0 1323.0
1125.0 5926.0
1664.0 7365.0
9638.0 3627.0
5438.0 6549.0
6320.0 2505.0
7641.0 9011.0
8377.0 3776.0
3320.0 1200.0
5181.0 7550.0
6022.0 131.0
8952.0 7653.0
7784.0 8689.0
4521.0 2639.0
1950.0 2918.0
1319.0 5237.0
3247.0 4800.0
3248.0 4957.0
2026.0 6494.0
4652.0 1061.0
2070.0 4482.0
2955.0 5661.0
3913.0 4663.0
1245.0 9145.0
8058.0 1795.0
6367.0 2657.0
5015.0 9325.0
754.0 4872.0
1585.0 8039.0
8641.0 2783.0
5276.0 4543.0
9799.0 8739.0
1311.0 3023.0
6520.0 8428.0
9075.0 6285.0
1920.0 7069.0
7503.0 4528.0
335.0 3531.0
1223.0 2835.0
2870.0 4585.0
1960.0 895.0
3851.0 4033.0
2054.0 848.0
6278.0 3943.0
9532.0 1823.0
6984.0 7708.0
6636.0 2085.0
4654.0 7150.0
6245.0 2287.0
6351.0 8430.0
3064.0 5814.0
743.0 3919.0
9036.0 4657.0
8675.0 9852.0
4864.0 1862.0
4241.0 1906.0
2070.0 3951.0
2054.0 3486.0
2496.0 9352.0
8845.0 3901.0
4674.0 1277.0
70.0 6210.0
8965.0 6063.0
4679.0 6903.0
5883.0 411.0
3743.0 2187.0
4527.0 3514.0
1044.0 8113.0
544.0 2578.0
6359.0 4194.0
5489.0 2659.0
4547.0 2862.0
2075.0 4355.0
6133.0 9363.0
2135.0 5271.0
7555.0 9425.0
6797.0 3773.0
1718.0 4345.0
721.0 5990.0
2029.0 5771.0
4859.0 9551.0
5584.0 4881.0
4604.0 24.0
3674.0 3207.0
2792.0 8528.0
237.0 4793.0
9443.0 1528.0
1483.0 1961.0
2646.0 6233.0
2291.0 9375.0
7530.0 7638.0
7595.0 3653.0
2724.0 5626.0
9388.0 8222.0
6199.0 3164.0
2523.0 5698.0
4939.0 9011.0
4978.0 2449.0
5342.0 967.0
735.0 2622.0
3752.0 8105.0
5948.0 1338.0
9048.0 2976.0
1576.0 9278.0
1720.0 7269.0
8099.0 3396.0
6305.0 6885.0
554.0 986.0
6644.0 4913.0
4474.0 6823.0
5838.0 3504.0
5965.0 5598.0
5326.0 8061.0
1540.0 4403.0
26.0 9793.0
5882.0 2455.0
8908.0 5066.0
8226.0 7804.0
2941.0 2528.0
482.0 3265.0
4837.0 1515.0
2804.0 6280.0
7471.0 7667.0
4736.0 9917.0
420.0 4282.0
2628.0 4811.0
6542.0 347.0
6451.0 4169.0
2969.0 8739.0
1719.0 6648.0
3467.0 570.0
4648.0 4287.0
1571.0 4147.0
1211.0 5250.0
6374.0 9539.0
3310.0 3575.0
5442.0 2206.0
7636.0 675.0
1727.0 1675.0
5475.0 5828.0
3891.0 3758.0
4063.0 5352.0
1989.0 7263.0
2677.0 2708.0
2882.0 8672.0
9113.0 4280.0
2338.0 801.0
4740.0 8007.0
3195.0 3874.0
8773.0 4646.0
1520.0 10003.0
4928.0 3853.0
5194.0 4563.0
6128.0 9842.0
1786.0 436.0
5438.0 3813.0
5200.0 3570.0
3879.0 2914.0
2938.0 871.0
8263.0 7924.0
8452.0 3888.0
4766.0 4416.0
5467.0 4254.0
6369.0 4615.0
3683.0 9379.0
4813.0 9670.0
7808.0 9364.0
279.0 4569.0
4285.0 8622.0
4426.0 452.0
2682.0 8142.0
4952.0 1484.0
1095.0 6949.0
2356.0 6094.0
7550.0 3652.0
2052.0 4749.0
1756.0 1623.0
7505.0 8994.0
4162.0 3740.0
2552.0 9038.0
1707.0 5199.0
3578.0 9530.0
2206.0 5341.0
4694.0 5822.0
1752.0 2027.0
1603.0 5410.0
2072.0 4450.0
2301.0 1782.0
7245.0 2952.0
5285.0 419.0
1695.0 6759.0
8437.0 9147.0
3868.0 3142.0
4225.0 7589.0
2522.0 3964.0
9421.0 2941.0
5017.0 8106.0
9976.0 1778.0
9564.0 726.0
4199.0 151.0
5786.0 2857.0
9967.0 6667.0
567.0 7298.0
4051.0 5800.0
8557.0 9264.0
4274.0 1161.0
9264.0 2826.0
7661.0 935.0
5172.0 6540.0
225.0 227.0
7740.0 4308.0
6551.0 7541.0
751.0 9910.0
9886.0 5115.0
2901.0 6198.0
5835.0 5350.0
4050.0 2435.0
5381.0 8025.0
2035.0 5720.0
5352.0 5583.0
9479.0 5024.0
7052.0 6154.0
2489.0 8793.0
6138.0 6590.0
5684.0 9568.0
9507.0 193.0
433.0 1657.0
7256.0 6417.0
5748.0 272.0
478.0 2210.0
3727.0 3152.0
7966.0 7280.0
3979.0 8138.0
7562.0 7960.0
3908.0 2659.0
265.0 6947.0
4321.0 3621.0
7796.0 8604.0
2245.0 8697.0
6762.0 2059.0
5349.0 2432.0
5090.0 6854.0
4935.0 3211.0
8908.0 8327.0
6866.0 9518.0
508.0 2506.0
2365.0 6490.0
589.0 2679.0
3110.0 6211.0
412.0 2426.0
7503.0 7771.0
2057.0 2299.0
7567.0 5519.0
7435.0 9902.0
8367.0 6511.0
9213.0 5581.0
4365.0 617.0
9329.0 8456.0
9623.0 9295.0
3253.0 21.0
1288.0 1455.0
655.0 5043.0
8248.0 7440.0
5656.0 1986.0
9385.0 4576.0
2318.0 7670.0
8335.0 253.0
3525.0 3427.0
4182.0 1068.0
3963.0 2431.0
9972.0 8931.0
284.0 485.0
3494.0 7691.0
4221.0 4952.0
7224.0 6168.0
6717.0 9041.0
6841.0 6171.0
3808.0 1258.0
240.0 6382.0
7374.0 2133.0
1460.0 5650.0
6462.0 3048.0
6426.0 1639.0
7308.0 4335.0
9926.0 3304.0
2750.0 2387.0
5748.0 8214.0
4183.0 8020.0
4371.0 8125.0
1722.0 801.0
5133.0 8850.0
729.0 6551.0
2301.0 2867.0
5398.0 7804.0
6947.0 5643.0
2527.0 9377.0
9025.0 9161.0
1148.0 3834.0
6610.0 8620.0
6192.0 4048.0
1671.0 783.0
6864.0 2588.0
4294.0 4964.0
2849.0 151.0
9816.0 96.0
4050.0 7790.0
5711.0 3913.0
2014.0 138.0
7710.0 2649.0
3703.0 9366.0
7028.0 2315.0
788.0 2100.0
3113.0 4946.0
96.0 4029.0
8868.0 5862.0
3431.0 9422.0
7710.0 378.0
7370.0 5286.0
4414.0 963.0
6260.0 2380.0
4152.0 8312.0
4012.0 7845.0
6618.0 2307.0
2928.0 6629.0
4692.0 1356.0
159.0 1466.0
9511.0 1072.0
5022.0 3629.0
6414.0 5776.0
2775.0 9181.0
8611.0 8808.0
3053.0 7956.0
8068.0 92.0
3653.0 4975.0
5435.0 1979.0
2753.0 6559.0
3511.0 6811.0
5309.0 5841.0
1111.0 2177.0
1754.0 4903.0
6755.0 2365.0
9673.0 3280.0
4104.0 6976.0
1614.0 5044.0
3583.0 169.0
4691.0 9197.0
7017.0 6498.0
182.0 610.0
4819.0 1877.0
3726.0 1216.0
7518.0 580.0
9331.0 3702.0
6155.0 1784.0
2842.0 2412.0
8362.0 1658.0
3027.0 8700.0
9610.0 9403.0
942.0 450.0
1505.0 8298.0
763.0 7991.0
1557.0 5189.0
7726.0 1146.0
1331.0 4375.0
1337.0 4610.0
2393.0 4443.0
4538.0 1438.0
1981.0 8933.0
1977.0 6793.0
2778.0 4385.0
3041.0 6771.0
3766.0 1711.0
7836.0 9440.0
1488.0 9368.0
6751.0 7893.0
3713.0 9322.0
6814.0 7500.0
9871.0 9273.0
427.0 2081.0
5180.0 7108.0
4752.0 6270.0
7897.0 6071.0
2297.0 3751.0
1588.0 1639.0
5967.0 3604.0
6825.0 3535.0
4159.0 9513.0
9261.0 8908.0
4138.0 9028.0
3447.0 5126.0
4307.0 2623.0
4353.0 3159.0
8553.0 4786.0
960.0 5040.0
8336.0 1851.0
8885.0 1388.0
692.0 3797.0
1418.0 7426.0
2779.0 9768.0
887.0 8530.0
6183.0 9503.0
4803.0 8750.0
6597.0 5442.0
3631.0 8271.0
7082.0 2673.0
9680.0 8340.0
5529.0 6549.0
8967.0 4561.0
9532.0 75.0
477.0 2103.0
4294.0 5907.0
9779.0 8763.0
1760.0 101.0
6337.0 4368.0
1632.0 7404.0
6511.0 7484.0
7420.0 275.0
6593.0 2936.0
3211.0 6363.0
2828.0 6068.0
9301.0 1700.0
7841.0 2275.0
7374.0 9301.0
5351.0 2739.0
8377.0 5408.0
7615.0 9872.0
8749.0 8123.0
2508.0 8426.0
3209.0 5618.0
9648.0 762.0
4698.0 3704.0
7487.0 7242.0
4712.0 4916.0
5764.0 5221.0
9629.0 3914.0
282.0 2629.0
1247.0 6356.0
9341.0 4606.0
2151.0 1035.0
3847.0 4168.0
9096.0 7453.0
5399.0 383.0
83.0 3597.0
9358.0 48.0
3259.0 1114.0
2269.0 1305.0
8326.0 7639.0
5552.0 215.0
3627.0 8474.0
9887.0 3749.0
4560.0 2368.0
7203.0 5161.0
1490.0 8628.0
9674.0 237.0
7821.0 5247.0
7668.0 5394.0
1403.0 323.0
1014.0 1098.0
4913.0 1479.0
552.0 6576.0
3407.0 504.0
9345.0 4311.0
9674.0 2932.0
5471.0 5299.0
592.0 4830.0
843.0 8503.0
104.0 1449.0
2912.0 559.0
7024.0 5058.0
8724.0 4113.0
8322.0 1588.0
3205.0 5870.0
1014.0 8384.0
6118.0 7726.0
8401.0 7773.0
4579.0 7055.0
8733.0 3655.0
570.0 4557.0
7035.0 866.0
5341.0 689.0
3200.0 9532.0
5137.0 4119.0
2070.0 9141.0
5141.0 8216.0
3606.0 9545.0
1073.0 4033.0
3875.0 8668.0
339.0 736.0
9978.0 9067.0
7141.0 7025.0
4579.0 8145.0
8492.0 9433.0
8229.0 9205.0
502.0 6066.0
140.0 3090.0
6907.0 6687.0
528.0 2608.0
4209.0 2686.0
286.0 4501.0
341.0 2847.0
6034.0 6172.0
6325.0 3454.0
1301.0 6888.0
2761.0 3663.0
6975.0 5691.0
5616.0 9627.0
6650.0 751.0
8225.0 3384.0
5097.0 7380.0
8861.0 4936.0
472.0 4443.0
5878.0 8523.0
3441.0 1360.0
4752.0 6572.0
8914.0 480.0
4012.0 7279.0
8487.0 2007.0
9406.0 4318.0
4330.0 1225.0
8269.0 9638.0
7636.0 255.0
8478.0 2839.0
7308.0 9031.0
8914.0 3105.0
7064.0 2797.0
863.0 2148.0
1582.0 5757.0
2231.0 9157.0
4910.0 3197.0
9024.0 1236.0
6753.0 6722.0
999.0 5292.0
4822.0 9917.0
887.0 9850.0
3909.0 4070.0
9101.0 7794.0
4851.0 6271.0
8373.0 3466.0
9048.0 4545.0
5199.0 148.0
6698.0 7280.0
7512.0 6382.0
9402.0 6674.0
530.0 2098.0
327.0 8432.0
5149.0 8027.0
7569.0 2388.0
5813.0 4401.0
8898.0 1386.0
7287.0 7384.0
8524.0 8021.0
2231.0 4224.0
9086.0 1566.0
3992.0 614.0
4473.0 9755.0
1533.0 6212.0
1720.0 2670.0
5920.0 6823.0
2550.0 8462.0
241.0 4217.0
7809.0 3106.0
7447.0 7011.0
390.0 8963.0
2941.0 8696.0
4877.0 9327.0
1395.0 1161.0
4514.0 8711.0
9687.0 4778.0
8692.0 1098.0
356.0 8507.0
6617.0 869.0
2516.0 5968.0
5314.0 3654.0
9625.0 5980.0
2653.0 6815.0
6037.0 8552.0
8517.0 1796.0
6734.0 9782.0
9823.0 3067.0
7157.0 1641.0
7542.0 887.0
2576.0 5155.0
6366.0 7608.0
8868.0 7891.0
221.0 9760.0
9152.0 9305.0
9245.0 625.0
3179.0 9874.0
6444.0 547.0
8901.0 2490.0
4651.0 4679.0
8115.0 7132.0
6970.0 425.0
635.0 2257.0
6380.0 9272.0
3836.0 8883.0
2611.0 266.0
7081.0 5876.0
7049.0 4835.0
2846.0 7385.0
8736.0 5207.0
9029.0 5905.0
7181.0 1129.0
9319.0 6975.0
157.0 2134.0
1061.0 3940.0
7110.0 5061.0
2507.0 3783.0
1357.0 9077.0
3902.0 7517.0
6768.0 2911.0
9272.0 1073.0
7047.0 1529.0
8372.0 5189.0
8313.0 1983.0
693.0 5286.0
8121.0 660.0
5919.0 4759.0
6606.0 6650.0
7799.0 7731.0
7909.0 8464.0
780.0 9675.0
2540.0 3833.0
1394.0 6935.0
3835.0 4812.0
8730.0 8596.0
4219.0 2894.0
979.0 6673.0
9372.0 1416.0
7419.0 3125.0
1002.0 4916.0
7776.0 4641.0
1397.0 7714.0
3350.0 8690.0
5379.0 6436.0
6866.0 6811.0
7869.0 3670.0
412.0 3611.0
7705.0 2561.0
3417.0 2449.0
867.0 4469.0
5053.0 1305.0
8798.0 4515.0
8011.0 4776.0
9978.0 2157.0
3023.0 687.0
5376.0 6593.0
6085.0 2320.0
1038.0 9167.0
2749.0 9701.0
3345.0 7533.0
6461.0 5929.0
5227.0 8781.0
283.0 7046.0
3935.0 1295.0
3987.0 6412.0
3513.0 7494.0
875.0 7042.0
7713.0 2267.0
1275.0 7905.0
1437.0 4280.0
2127.0 2670.0
1417.0 9872.0
4538.0 1842.0
9274.0 1810.0
3769.0 1786.0
2650.0 7588.0
8533.0 6628.0
2522.0 4537.0
9023.0 1476.0
7436.0 1406.0
5607.0 7967.0
7756.0 8736.0
2572.0 5598.0
5626.0 2665.0
3843.0 4839.0
8825.0 9434.0
121.0 473.0
9133.0 330.0
9296.0 6167.0
8414.0 9254.0
4590.0 3743.0
8053.0 7677.0
7352.0 3120.0
9937.0 4188.0
3871.0 1405.0
9609.0 8381.0
8176.0 2111.0
4804.0 1277.0
5204.0 7985.0
4969.0 7035.0
1258.0 3421.0
18.0 3187.0
1167.0 4907.0
8890.0 9071.0
4070.0 534.0
1147.0 4746.0
2235.0 1992.0
7241.0 5093.0
9817.0 5082.0
5622.0 6329.0
983.0 7155.0
7356.0 4642.0
9299.0 2513.0
1409.0 9220.0
2840.0 9236.0
6258.0 4351.0
1857.0 3367.0
6016.0 7852.0
8499.0 9013.0
1709.0 5538.0
443.0 5251.0
867.0 3965.0
2887.0 3384.0
1134.0 6184.0
5779.0 474.0
6006.0 7690.0
5749.0 7686.0
3396.0 2357.0
4610.0 4335.0
181.0 532.0
8849.0 1213.0
8402.0 4034.0
7075.0 9080.0
1255.0 5288.0
4746.0 868.0
9581.0 327.0
8178.0 8527.0
1975.0 7854.0
2191.0 8004.0
4209.0 9145.0
8337.0 8350.0
6107.0 5963.0
3116.0 3400.0
6574.0 6255.0
8072.0 7027.0
9897.0 9831.0
6236.0 5437.0
9016.0 8762.0
1763.0 2466.0
3909.0 9722.0
2236.0 6406.0
5787.0 8002.0
5522.0 9264.0
200.0 5418.0
5575.0 2001.0
4796.0 6848.0
4167.0 1666.0
9841.0 2612.0
7876.0 8959.0
2180.0 6435.0
2305.0 7155.0
5811.0 1211.0
7934.0 5885.0
4732.0 7296.0
4495.0 5746.0
6221.0 553.0
3316.0 2222.0
5202.0 9901.0
9531.0 9892.0
2903.0 6539.0
8564.0 388.0
5411.0 9640.0
3824.0 104.0
343.0 5679.0
5000.0 6098.0
2253.0 1180.0
8883.0 1205.0
9971.0 1051.0
7131.0 1812.0
1522.0 7276.0
7885.0 4260.0
4793.0 5174.0
656.0 8386.0
4613.0 6958.0
6380.0 9159.0
9396.0 4800.0
7086.0 9863.0
3053.0 8166.0
2062.0 2877.0
273.0 2607.0
9943.0 6431.0
5902.0 9774.0
8653.0 8399.0
1531.0 832.0
7574.0 556.0
4992.0 8051.0
8901.0 9291.0
921.0 1777.0
7573.0 1266.0
3025.0 2503.0
1674.0 4957.0
1255.0 277.0
7789.0 1609.0
9519.0 6170.0
8135.0 1540.0
2133.0 3043.0
8954.0 4271.0
9615.0 5304.0
2048.0 3504.0
7062.0 9939.0
3886.0 355.0
710.0 3474.0
9173.0 875.0
888.0 2167.0
8327.0 6324.0
1983.0 5087.0
755.0 7137.0
2623.0 2371.0
8350.0 4123.0
1726.0 3326.0
6126.0 2805.0
8571.0 1651.0
9392.0 9441.0
7566.0 7483.0
9404.0 9652.0
864.0 8483.0
1881.0 3157.0
4515.0 4727.0
5304.0 605.0
6292.0 4574.0
8452.0 938.0
5875.0 1288.0
9017.0 312.0
535.0 2613.0
7788.0 6010.0
2008.0 8029.0
5240.0 1354.0
2708.0 935.0
38.0 79.0
1939.0 5455.0
1264.0 1139.0
5283.0 118.0
8864.0 7439.0
2820.0 3133.0
9190.0 4453.0
4348.0 6476.0
5057.0 7219.0
2253.0 8523.0
2234.0 6674.0
5223.0 7469.0
6781.0 8812.0
8442.0 221.0
140.0 2654.0
8433.0 4037.0
1409.0 5464.0
3227.0 611.0
8693.0 6257.0
1016.0 4833.0
3961.0 1010.0
2940.0 2955.0
8327.0 5579.0
8202.0 7388.0
7140.0 4810.0
2136.0 7860.0
6844.0 8806.0
431.0 1167.0
7975.0 9816.0
5155.0 4199.0
1236.0 5758.0
730.0 7562.0
6063.0 8813.0
559.0 9406.0
3590.0 86.0
7430.0 1789.0
8418.0 3828.0
3395.0 4227.0
6121.0 7142.0
7253.0 1699.0
5902.0 3712.0
332.0 6839.0
286.0 2495.0
3727.0 8495.0
6296.0 4858.0
2636.0 1432.0
5009.0 6134.0
5985.0 4381.0
8922.0 105.0
1998.0 6164.0
9008.0 7325.0
2873.0 2117.0
5915.0 817.0
4220.0 5552.0
2212.0 5117.0
7450.0 1474.0
5063.0 7087.0
5747.0 2270.0
1301.0 9546.0
6815.0 7630.0
9264.0 1141.0
8050.0 3369.0
4328.0 8468.0
2295.0 6454.0
7578.0 8895.0
4867.0 5890.0
9453.0 5084.0
4983.0 1730.0
2891.0 4672.0
7287.0 6926.0
2770.0 1102.0
1620.0 9263.0
1165.0 4076.0
1693.0 3060.0
247.0 591.0
5847.0 2929.0
7303.0 59.0
5550.0 4247.0
8755.0 9475.0
9789.0 7629.0
2606.0 7115.0
6050.0 7089.0
1213.0 5719.0
1004.0 4142.0
8837.0 8669.0
6610.0 2541.0
824.0 5133.0
9769.0 917.0
3892.0 2609.0
6205.0 3016.0
9409.0 7901.0
1736.0 7766.0
4058.0 9986.0
6587.0 3917.0
4855.0 716.0
933.0 6463.0
7877.0 1895.0
2312.0 4575.0
2654.0 9625.0
8097.0 3280.0
6627.0 9496.0
8656.0 3601.0
6561.0 8500.0
9398.0 8407.0
6386.0 2216.0
2358.0 3660.0
3316.0 8206.0
472.0 7322.0
6704.0 9108.0
230.0 646.0
6515.0 1410.0
841.0 9038.0
873.0 8370.0
