1
2048 1 3.0 0.0 1000.0 3 160 240 100

6.5 13.5 29.3 58.5
13.0 27.0 58.5 117.0
19.5 40.5 87.8 175.5
26.0 54.0 117.0 234.0
39.0 81.0 175.5 351.0
52.0 108.0 234.0 468.0
58.5 121.5 263.3 526.5
65.0 135.0 292.5 585.0
78.0 162.0 351.0 702.0
0.0 180.0 390.0 780.0

2.0 5.0 8.0 11.0
5.0 8.0 11.0 14.0
9.0 12.0 15.0 18.0
11.0 14.0 17.0 20.0
15.0 18.0 21.0 24.0
18.0 21.0 24.0 27.0
20.0 23.0 26.0 29.0
25.0 28.0 31.0 34.0
29.0 32.0 35.0 38.0
0.0 34.0 37.0 40.0

6937.0 5312.0
3825.0 9264.0
4946.0 4358.0
7837.0 7949.0
7272.0 1801.0
832.0 2162.0
3187.0 9501.0
4060.0 7700.0
9502.0 2499.0
6004.0 6803.0
2236.0 6129.0
3769.0 864.0
1960.0 3323.0
9428.0 6627.0
985.0 9320.0
719.0 4348.0
3057.0 3519.0
8023.0 8895.0
8718.0 698.0
2027.0 7263.0
2002.0 6323.0
8993.0 8489.0
6629.0 3178.0
3045.0 4427.0
2363.0 9042.0
7385.0 2378.0
4688.0 7632.0
8855.0 3038.0
3484.0 7553.0
2755.0 9747.0
8852.0 6464.0
7346.0 7515.0
4755.0 206.0
9925.0 2794.0
3642.0 9101.0
8911.0 7493.0
7726.0 6155.0
8846.0 3183.0
5057.0 4400.0
7726.0 3995.0
1084.0 3087.0
8570.0 9169.0
8847.0 4966.0
9652.0 8751.0
3474.0 9379.0
306.0 8384.0
9140.0 8385.0
1717.0 1703.0
9169.0 5658.0
4601.0 1285.0
2412.0 369.0
8217.0 1650.0
1601.0 787.0
7597.0 270.0
1815.0 4824.0
8412.0 5079.0
9737.0 7253.0
1412.0 9455.0
6858.0 5819.0
817.0 8145.0
2305.0 976.0
3608.0 117.0
3433.0 6476.0
9107.0 6819.0
4877.0 531.0
769.0 6801.0
9198.0 9779.0
4612.0 207.0
4803.0 783.0
1173.0 9087.0
9307.0 6284.0
426.0 2021.0
8987.0 5937.0
1572.0 4027.0
7499.0 3756.0
2103.0 5226.0
9530.0 7001.0
3071.0 4246.0
7531.0 3715.0
9965.0 4840.0
2214.0 8665.0
1110.0 6697.0
9964.0 9890.0
8010.0 3910.0
2838.0 593.0
4543.0 7096.0
9306.0 3600.0
4419.0 7637.0
6411.0 8125.0
8826.0 5007.0
6498.0 1038.0
8665.0 684.0
4190.0 7402.0
8299.0 4599.0
1760.0 7472.0
224.0 2628.0
3577.0 9898.0
2575.0 6064.0
2781.0 3364.0
3888.0 6592.0
5859.0 1368.0
2027.0 2700.0
3270.0 7398.0
6683.0 6034.0
6808.0 208.0
7381.0 8658.0
6844.0 1427.0
1379.0 4699.0
5125.0 236.0
8404.0 2354.0
1285.0 2326.0
1611.0 4737.0
3743.0 2877.0
6701.0 541.0
8136.0 5769.0
3598.0 7987.0
8973.0 3772.0
7607.0 8051.0
2651.0 6915.0
9462.0 5422.0
2511.0 8792.0
6183.0 8197.0
9100.0 3004.0
7152.0 9759.0
1289.0 4475.0
2319.0 8841.0
6426.0 2877.0
1966.0 6234.0
180.0 7869.0
9925.0 9124.0
9245.0 8401.0
4678.0 6538.0
2558.0 792.0
5242.0 1862.0
9210.0 2814.0
1265.0 924.0
3702.0 3511.0
9236.0 6606.0
1716.0 978.0
9232.0 3468.0
2061.0 2826.0
9107.0 8362.0
2963.0 6556.0
5546.0 5503.0
3361.0 9576.0
3894.0 6985.0
2369.0 1088.0
1167.0 2213.0
2573.0 554.0
9181.0 2226.0
5329.0 9998.0
7179.0 7391.0
8721.0 9838.0
5908.0 9446.0
1340.0 503.0
7525.0 1360.0
7558.0 4537.0
8279.0 1000.0
2457.0 6440.0
3346.0 7065.0
7073.0 9949.0
5776.0 8280.0
7121.0 5008.0
3916.0 9317.0
870.0 9134.0
4272.0 9420.0
4324.0 422.0
9182.0 2213.0
4382.0 1902.0
1246.0 7670.0
3131.0 9484.0
8906.0 9714.0
8947.0 8213.0
100.0 5433.0
2557.0 4064.0
3405.0 4384.0
8733.0 995.0
8576.0 8961.0
6786.0 5499.0
900.0 9303.0
5510.0 3368.0
6278.0 8724.0
754.0 5903.0
6454.0 8134.0
6281.0 5293.0
6292.0 435.0
1074.0 1394.0
7528.0 8361.0
8759.0 4627.0
5909.0 1744.0
7312.0 2232.0
1122.0 2684.0
9697.0 7593.0
1449.0 9591.0
8625.0 4873.0
7531.0 3586.0
1072.0 3669.0
2189.0 3231.0
740.0 936.0
5691.0 6061.0
9115.0 9884.0
8390.0 7914.0
8287.0 8087.0
5141.0 3502.0
1199.0 9534.0
8423.0 4238.0
7488.0 7832.0
9567.0 1759.0
5577.0 310.0
6.0 8156.0
4193.0 5228.0
6970.0 6356.0
8965.0 6837.0
531.0 6658.0
2269.0 5505.0
1416.0 7879.0
6987.0 2635.0
1500.0 4107.0
7340.0 2609.0
1397.0 519.0
2462.0 6482.0
2058.0 4249.0
878.0 4647.0
9795.0 8787.0
6550.0 8204.0
6636.0 2876.0
9652.0 1259.0
444.0 7388.0
7746.0 8871.0
1684.0 6161.0
5516.0 7894.0
6292.0 9262.0
3725.0 409.0
6513.0 9658.0
562.0 2007.0
4169.0 6785.0
1040.0 9624.0
3235.0 2959.0
2613.0 6166.0
1156.0 1143.0
7671.0 1647.0
811.0 5019.0
6078.0 3072.0
7549.0 4857.0
3425.0 7784.0
8191.0 5149.0
3149.0 7502.0
1435.0 2485.0
3191.0 2787.0
1561.0 4663.0
358.0 150.0
9861.0 4479.0
8041.0 6534.0
696.0 4203.0
5477.0 8399.0
1609.0 9208.0
9186.0 5130.0
9401.0 1714.0
9780.0 8999.0
6572.0 8150.0
9783.0 6411.0
5069.0 6089.0
645.0 7653.0
6727.0 9242.0
9595.0 4875.0
2332.0 1485.0
9517.0 532.0
3719.0 3397.0
7498.0 1016.0
5814.0 7289.0
218.0 2691.0
8037.0 9185.0
6846.0 79.0
6986.0 8760.0
2608.0 8403.0
4798.0 676.0
8683.0 5227.0
127.0 3328.0
6601.0 8412.0
1127.0 3449.0
7805.0 121.0
2378.0 7564.0
1530.0 9093.0
146.0 3768.0
6681.0 5916.0
2908.0 9803.0
5861.0 8528.0
6555.0 5912.0
2217.0 7667.0
6171.0 3443.0
2269.0 4499.0
8826.0 2683.0
380.0 5156.0
4272.0 5900.0
3049.0 9395.0
2985.0 4066.0
3662.0 3127.0
3433.0 8234.0
895.0 7024.0
3012.0 9060.0
6410.0 5938.0
9556.0 428.0
21.0 6356.0
2824.0 5670.0
2994.0 1625.0
7896.0 7346.0
2634.0 7162.0
4876.0 4066.0
3838.0 383.0
1829.0 339.0
5764.0 2579.0
354.0 7901.0
4293.0 2458.0
5720.0 9530.0
3438.0 3586.0
5970.0 8799.0
1369.0 454.0
6903.0 1754.0
9214.0 392.0
2366.0 9001.0
3312.0 1058.0
1748.0 9161.0
4059.0 5739.0
9110.0 7184.0
7039.0 1170.0
844.0 3491.0
4582.0 5122.0
1299.0 2431.0
8421.0 3458.0
8269.0 1006.0
6620.0 8918.0
2764.0 1377.0
417.0 6318.0
9978.0 3089.0
9172.0 1433.0
872.0 3517.0
4060.0 3253.0
6276.0 7505.0
3688.0 1864.0
7935.0 9667.0
7297.0 6666.0
3405.0 5331.0
3708.0 2166.0
4218.0 8606.0
6680.0 1063.0
9226.0 8543.0
9849.0 6850.0
7546.0 6869.0
6901.0 676.0
8005.0 3273.0
5152.0 9674.0
4519.0 6712.0
3194.0 6495.0
9301.0 3727.0
5774.0 2268.0
8324.0 7234.0
1571.0 7717.0
5951.0 1768.0
2030.0 9660.0
8145.0 3669.0
1924.0 2609.0
6166.0 7163.0
4796.0 7718.0
5185.0 9840.0
8969.0 3780.0
4716.0 3492.0
2252.0 7515.0
281.0 8779.0
6047.0 2877.0
8229.0 4726.0
1984.0 1595.0
8121.0 6502.0
6774.0 9686.0
9584.0 7466.0
3434.0 7161.0
3068.0 3963.0
9544.0 650.0
6404.0 3842.0
5707.0 1176.0
1581.0 2162.0
9880.0 1802.0
8661.0 86.0
5722.0 2379.0
6238.0 5416.0
5644.0 1115.0
366.0 5759.0
1717.0 5210.0
6360.0 7799.0
91.0 5256.0
382.0 8647.0
7112.0 656.0
242.0 7748.0
7777.0 5766.0
7314.0 323.0
9713.0 9005.0
3979.0 5824.0
8321.0 9645.0
3523.0 7367.0
1275.0 9518.0
1894.0 644.0
3015.0 9359.0
3228.0 3256.0
2415.0 2015.0
3573.0 7979.0
9288.0 7251.0
9711.0 5914.0
7877.0 5370.0
2498.0 8008.0
8022.0 9379.0
6632.0 5928.0
7142.0 7929.0
1277.0 5744.0
8715.0 3754.0
8432.0 429.0
5402.0 4833.0
8487.0 9618.0
7502.0 8004.0
4852.0 7633.0
9875.0 7260.0
2106.0 3231.0
3024.0 1444.0
4542.0 7054.0
6476.0 8581.0
4556.0 5270.0
5146.0 6564.0
2776.0 368.0
1837.0 2428.0
4344.0 2586.0
1536.0 4932.0
8274.0 7957.0
5685.0 7680.0
9300.0 1436.0
7079.0 2507.0
4114.0 6103.0
8561.0 5355.0
6427.0 1892.0
1165.0 9368.0
7754.0 9856.0
9901.0 2427.0
3342.0 410.0
7806.0 8860.0
5156.0 6560.0
1463.0 7547.0
6328.0 5567.0
3621.0 1149.0
4004.0 5046.0
1104.0 3686.0
9976.0 1959.0
8661.0 6194.0
1034.0 5488.0
1916.0 2685.0
3443.0 7264.0
5098.0 1134.0
8457.0 4923.0
1703.0 6726.0
8296.0 7472.0
8753.0 7085.0
4484.0 3437.0
7821.0 1711.0
2972.0 5273.0
8482.0 357.0
2961.0 6010.0
2358.0 7560.0
8831.0 6614.0
8414.0 3077.0
7097.0 5033.0
2678.0 419.0
2810.0 419.0
8040.0 8238.0
2296.0 8483.0
2303.0 1783.0
1683.0 6474.0
5148.0 4147.0
3091.0 8759.0
7161.0 9538.0
2924.0 6468.0
6620.0 3300.0
9178.0 7194.0
2170.0 5909.0
7161.0 3214.0
2073.0 665.0
5559.0 9220.0
3188.0 7325.0
7246.0 3019.0
5351.0 6378.0
1771.0 5201.0
9306.0 1206.0
8913.0 6225.0
8874.0 7858.0
5236.0 1929.0
495.0 4650.0
8051.0 912.0
5835.0 6332.0
3696.0 9787.0
5603.0 43.0
9563.0 4769.0
5249.0 2774.0
1759.0 575.0
5707.0 2583.0
2844.0 123.0
4850.0 8262.0
6543.0 993.0
7813.0 4716.0
8846.0 7137.0
6851.0 3744.0
7422.0 6803.0
3909.0 2485.0
3749.0 168.0
1542.0 4221.0
4876.0 2637.0
373.0 8795.0
4240.0 2295.0
3745.0 2344.0
3439.0 2486.0
2723.0 8593.0
9385.0 3002.0
7125.0 6425.0
3749.0 5841.0
730.0 958.0
4106.0 4035.0
1345.0 7860.0
8704.0 4503.0
8875.0 3111.0
9260.0 8418.0
7078.0 2968.0
8711.0 5059.0
7159.0 1331.0
3318.0 7629.0
3868.0 4248.0
1048.0 2014.0
7269.0 3794.0
648.0 1951.0
5844.0 6037.0
8317.0 6599.0
9088.0 321.0
1398.0 8974.0
281.0 9600.0
1003.0 6232.0
2563.0 4039.0
7980.0 5274.0
4022.0 2619.0
9139.0 9650.0
9919.0 9961.0
3155.0 6244.0
2742.0 8105.0
8059.0 2703.0
3233.0 5472.0
4724.0 9101.0
8070.0 7720.0
3274.0 9809.0
2350.0 7741.0
1815.0 4045.0
7556.0 4513.0
9424.0 6080.0
8155.0 3035.0
7774.0 8589.0
2499.0 74.0
8355.0 5104.0
6198.0 2952.0
4659.0 57.0
8617.0 1096.0
1282.0 7397.0
5669.0 2574.0
4331.0 1234.0
4573.0 357.0
61.0 4518.0
8723.0 5520.0
1154.0 4193.0
3355.0 7112.0
2558.0 3844.0
5157.0 929.0
1289.0 7275.0
1501.0 1902.0
7125.0 9018.0
7445.0 7344.0
3593.0 243.0
1185.0 770.0
1173.0 1047.0
1113.0 8519.0
7121.0 2593.0
142.0 3907.0
8846.0 5080.0
5473.0 6136.0
226.0 29.0
4456.0 3690.0
2804.0 7837.0
9713.0 4433.0
6263.0 4109.0
9194.0 7153.0
5097.0 712.0
9323.0 1757.0
895.0 50.0
1893.0 7864.0
2149.0 3530.0
7891.0 4015.0
5998.0 7692.0
3898.0 2214.0
8836.0 3980.0
9239.0 5055.0
5171.0 638.0
4550.0 5126.0
6678.0 7700.0
4911.0 8951.0
5842.0 8549.0
3230.0 172.0
1115.0 4035.0
2020.0 9206.0
2985.0 7606.0
4252.0 9108.0
2900.0 2455.0
6437.0 9864.0
9428.0 4135.0
9605.0 5826.0
8588.0 4637.0
6340.0 3546.0
7768.0 6398.0
4548.0 9707.0
5122.0 7214.0
1106.0 1391.0
8890.0 9546.0
1065.0 3408.0
3527.0 182.0
567.0 9915.0
2080.0 8739.0
4153.0 45.0
6704.0 5980.0
9602.0 9781.0
1749.0 5424.0
5984.0 4798.0
6324.0 4224.0
3092.0 1490.0
5750.0 1786.0
2899.0 5933.0
3824.0 7116.0
6224.0 2977.0
300.0 8356.0
264.0 231.0
505.0 504.0
5145.0 4128.0
6506.0 9782.0
178.0 7835.0
1734.0 5622.0
2965.0 3206.0
3490.0 3773.0
7027.0 1514.0
241.0 6475.0
6120.0 197.0
3114.0 8197.0
5895.0 5331.0
3523.0 7908.0
6077.0 2065.0
1311.0 1352.0
8820.0 7739.0
352.0 9323.0
1398.0 4921.0
1011.0 391.0
3910.0 4077.0
1375.0 9071.0
5149.0 8111.0
1677.0 2918.0
2306.0 3494.0
8824.0 4500.0
2668.0 5213.0
437.0 6751.0
7991.0 5271.0
327.0 2671.0
4677.0 6950.0
9816.0 2840.0
5463.0 9576.0
1814.0 6741.0
750.0 1016.0
7075.0 6354.0
252.0 7614.0
4534.0 3003.0
8134.0 3820.0
149.0 935.0
7286.0 6207.0
1162.0 3597.0
916.0 9137.0
5183.0 1108.0
2113.0 1775.0
6022.0 9878.0
4547.0 8683.0
678.0 7866.0
9975.0 8742.0
4398.0 1455.0
713.0 9591.0
3228.0 2407.0
7734.0 7349.0
5955.0 5891.0
7564.0 3814.0
9869.0 3045.0
3641.0 5885.0
7256.0 4065.0
287.0 4433.0
2022.0 280.0
9972.0 2328.0
8387.0 6203.0
7033.0 3883.0
6039.0 5032.0
3499.0 404.0
8678.0 3568.0
5201.0 9097.0
5356.0 5042.0
8824.0 5056.0
6529.0 816.0
3066.0 8550.0
9238.0 4435.0
9564.0 2336.0
8332.0 4017.0
1762.0 6237.0
3136.0 1444.0
2376.0 8697.0
1503.0 9341.0
2618.0 7548.0
5636.0 9309.0
8853.0 4711.0
6612.0 7404.0
4842.0 2064.0
7017.0 5324.0
249.0 8195.0
3608.0 8283.0
8558.0 8271.0
4407.0 3061.0
77.0 1754.0
7156.0 2189.0
8196.0 5180.0
8538.0 2755.0
9545.0 9737.0
6072.0 811.0
1236.0 5866.0
7112.0 4847.0
844.0 9606.0
1852.0 4319.0
7292.0 7920.0
9755.0 1699.0
3297.0 2719.0
1317.0 9033.0
2563.0 5816.0
9587.0 2471.0
7350.0 9532.0
8347.0 758.0
4625.0 189.0
6379.0 6156.0
1417.0 4206.0
9720.0 8775.0
2578.0 9032.0
6326.0 7789.0
6581.0 3637.0
58.0 5511.0
7545.0 5800.0
3408.0 2812.0
4139.0 5895.0
868.0 6854.0
8523.0 9437.0
7366.0 4608.0
1007.0 3077.0
8684.0 8149.0
8579.0 1309.0
3264.0 193.0
7969.0 3579.0
7320.0 851.0
6412.0 4057.0
7670.0 9084.0
5783.0 8773.0
9211.0 4837.0
8250.0 7358.0
6425.0 314.0
4133.0 9108.0
868.0 1392.0
5109.0 5607.0
9017.0 2627.0
8442.0 4621.0
7425.0 1853.0
400.0 2508.0
4563.0 2828.0
9523.0 4856.0
1295.0 6919.0
2892.0 7581.0
4380.0 7298.0
1095.0 3210.0
9921.0 1622.0
17.0 9581.0
6175.0 1678.0
143.0 679.0
7636.0 967.0
6535.0 1837.0
4816.0 3709.0
5129.0 4031.0
6615.0 1234.0
3549.0 4496.0
4722.0 4247.0
7060.0 3381.0
1938.0 1940.0
2870.0 8687.0
8846.0 1427.0
8402.0 4191.0
5748.0 3474.0
1734.0 7603.0
9261.0 3009.0
4849.0 8676.0
5516.0 5385.0
2869.0 9485.0
4347.0 1871.0
4940.0 1626.0
1401.0 345.0
4919.0 7531.0
7580.0 9678.0
2537.0 5649.0
7719.0 8768.0
8210.0 1713.0
2928.0 3712.0
7138.0 814.0
3505.0 9095.0
880.0 7514.0
1834.0 1860.0
7057.0 3724.0
7185.0 8748.0
350.0 6571.0
6821.0 777.0
451.0 988.0
345.0 741.0
5149.0 4238.0
6678.0 2202.0
9192.0 2120.0
5602.0 957.0
2099.0 9063.0
8264.0 2447.0
599.0 6846.0
3576.0 1094.0
3834.0 9174.0
9903.0 42.0
2018.0 1821.0
3968.0 2269.0
1692.0 586.0
1386.0 6555.0
3257.0 1770.0
5732.0 4287.0
8940.0 2417.0
5571.0 5562.0
1861.0 33.0
1353.0 5580.0
9361.0 4019.0
6590.0 4793.0
6257.0 3534.0
230.0 8799.0
6191.0 9025.0
9649.0 6436.0
1734.0 7151.0
6154.0 7082.0
6406.0 1309.0
7439.0 606.0
4284.0 2517.0
3888.0 5977.0
5358.0 7857.0
8143.0 6981.0
7292.0 6218.0
9857.0 6037.0
6769.0 3559.0
43.0 9595.0
6073.0 2419.0
1928.0 1069.0
3073.0 2907.0
7735.0 9806.0
5273.0 4892.0
3300.0 7056.0
1106.0 3616.0
4940.0 2418.0
4106.0 3470.0
5490.0 6741.0
8156.0 7148.0
8917.0 9968.0
4452.0 9906.0
5427.0 4871.0
3357.0 1161.0
1483.0 188.0
6808.0 8148.0
1640.0 9109.0
9439.0 8865.0
1624.0 1614.0
9083.0 4032.0
4553.0 1611.0
9824.0 294.0
4723.0 2376.0
3249.0 9386.0
5879.0 6261.0
6082.0 495.0
3371.0 7138.0
4847.0 5545.0
2119.0 6578.0
734.0 9624.0
4797.0 7212.0
335.0 1288.0
7155.0 9281.0
402.0 9965.0
9886.0 8829.0
7301.0 182.0
8955.0 8522.0
4321.0 4854.0
8809.0 4580.0
2511.0 2343.0
5371.0 5780.0
3192.0 4528.0
8246.0 3019.0
2825.0 5610.0
4041.0 419.0
3393.0 3874.0
5217.0 1426.0
3954.0 1135.0
1395.0 5915.0
1541.0 7105.0
2511.0 6740.0
2069.0 8385.0
5761.0 6740.0
4404.0 4342.0
718.0 9652.0
3271.0 4559.0
9571.0 918.0
9162.0 5117.0
1861.0 6866.0
5899.0 3418.0
5669.0 3235.0
9028.0 3780.0
9632.0 6520.0
700.0 8531.0
2726.0 4122.0
9209.0 1829.0
1227.0 1771.0
3845.0 5933.0
4747.0 9200.0
8231.0 2153.0
5785.0 7551.0
7802.0 1201.0
9685.0 4484.0
9603.0 183.0
4427.0 5474.0
5051.0 5937.0
2161.0 2258.0
8843.0 6964.0
6897.0 1925.0
9661.0 8670.0
5274.0 2611.0
850.0 9139.0
9804.0 4292.0
1716.0 5175.0
6526.0 5634.0
2630.0 841.0
1466.0 383.0
9583.0 3198.0
2835.0 9286.0
6369.0 2510.0
8357.0 5990.0
5048.0 6601.0
9662.0 7925.0
7866.0 1619.0
8151.0 5628.0
6288.0 3920.0
9232.0 6494.0
5309.0 305.0
4375.0 1431.0
3708.0 6334.0
2858.0 5383.0
3408.0 4935.0
7657.0 5220.0
3614.0 55.0
2366.0 946.0
7875.0 2561.0
8577.0 8726.0
4756.0 8124.0
5626.0 6686.0
5263.0 9312.0
7122.0 6984.0
2707.0 6625.0
1177.0 105.0
3147.0 5684.0
3741.0 9886.0
7102.0 315.0
6964.0 214.0
5666.0 3749.0
7001.0 6904.0
6724.0 2662.0
8163.0 712.0
9406.0 1285.0
2844.0 9971.0
7449.0 5307.0
9119.0 3824.0
4647.0 7807.0
448.0 9528.0
8030.0 1926.0
4381.0 9809.0
6952.0 7522.0
9690.0 8739.0
8745.0 1520.0
3840.0 7126.0
4108.0 4197.0
5205.0 865.0
7890.0 6112.0
6963.0 8268.0
3429.0 2934.0
2053.0 4802.0
1125.0 7857.0
1141.0 6258.0
4393.0 3869.0
7984.0 3788.0
8672.0 569.0
9123.0 6814.0
1648.0 2778.0
7305.0 2270.0
5363.0 663.0
563.0 1165.0
3359.0 3600.0
1351.0 5933.0
8541.0 2508.0
2666.0 4550.0
9908.0 7872.0
554.0 9902.0
8815.0 3194.0
4931.0 5367.0
7950.0 6082.0
3115.0 98.0
8659.0 1718.0
3001.0 9986.0
4816.0 5929.0
5278.0 2763.0
3871.0 7576.0
6613.0 8240.0
8269.0 2506.0
8207.0 7148.0
2879.0 3778.0
6647.0 4559.0
6614.0 5393.0
6460.0 6366.0
8899.0 9268.0
6283.0 9790.0
4152.0 7658.0
3070.0 1409.0
9945.0 5769.0
1247.0 8662.0
6998.0 1783.0
6223.0 3327.0
1691.0 4027.0
4177.0 7929.0
4236.0 7498.0
2540.0 8574.0
8186.0 4488.0
8073.0 169.0
9440.0 6526.0
1963.0 2516.0
5415.0 7369.0
3857.0 8250.0
7535.0 9253.0
9234.0 6101.0
2718.0 7160.0
7038.0 5459.0
2014.0 8297.0
6987.0 703.0
7058.0 6531.0
8468.0 6299.0
7510.0 4005.0
5431.0 6114.0
5138.0 4653.0
4208.0 2943.0
2713.0 6855.0
3645.0 6714.0
8375.0 4938.0
9495.0 2357.0
8643.0 1776.0
7461.0 800.0
5721.0 7188.0
1807.0 9087.0
7274.0 9382.0
8965.0 8077.0
9336.0 9161.0
8031.0 8710.0
5508.0 9119.0
2585.0 316.0
8118.0 2553.0
732.0 6943.0
9502.0 9324.0
2790.0 175.0
4074.0 8384.0
8528.0 9427.0
4345.0 9203.0
8384.0 3184.0
6555.0 6816.0
5559.0 7167.0
4089.0 7722.0
8410.0 7895.0
9332.0 6364.0
5063.0 2635.0
7130.0 4405.0
4643.0 9194.0
5528.0 7539.0
2052.0 1548.0
1939.0 7056.0
5698.0 9779.0
5407.0 5893.0
93.0 5293.0
8148.0 1391.0
7732.0 4802.0
2001.0 9488.0
7179.0 9034.0
7986.0 7581.0
6747.0 4673.0
9604.0 5767.0
5718.0 469.0
3066.0 8712.0
7497.0 1032.0
103.0 2851.0
1613.0 4258.0
1523.0 6163.0
3998.0 881.0
2176.0 242.0
7442.0 7115.0
505.0 6887.0
6638.0 3879.0
8326.0 3944.0
4748.0 8560.0
9017.0 7620.0
884.0 7810.0
4777.0 999.0
427.0 2342.0
6112.0 991.0
2600.0 7204.0
9220.0 8430.0
2209.0 3516.0
9438.0 8557.0
4957.0 127.0
1406.0 1609.0
8258.0 6195.0
9132.0 5744.0
1953.0 8138.0
1595.0 7028.0
5856.0 6959.0
2075.0 3707.0
3527.0 4403.0
1856.0 4494.0
4202.0 8930.0
1482.0 3100.0
7281.0 4980.0
5214.0 3728.0
6301.0 1510.0
6863.0 4765.0
1796.0 8266.0
7658.0 389.0
4965.0 788.0
9320.0 2331.0
6561.0 7603.0
7991.0 6503.0
7911.0 5600.0
7203.0 1730.0
3491.0 2054.0
534.0 309.0
6956.0 4270.0
7120.0 2621.0
5054.0 345.0
5689.0 522.0
6324.0 6996.0
5286.0 6739.0
4001.0 2961.0
3340.0 6.0
5043.0 8916.0
4243.0 8148.0
9687.0 7417.0
4118.0 3863.0
8454.0 8826.0
9912.0 410.0
6010.0 1689.0
3511.0 6936.0
3813.0 8573.0
4011.0 5674.0
5936.0 803.0
3830.0 5726.0
5003.0 8104.0
6816.0 673.0
7635.0 1601.0
9017.0 9722.0
1336.0 1179.0
5277.0 4635.0
7214.0 656.0
7319.0 7146.0
5470.0 6757.0
1487.0 4113.0
3056.0 366.0
6801.0 114.0
5419.0 1033.0
6498.0 9725.0
6753.0 8201.0
8717.0 4205.0
5663.0 5150.0
4494.0 9808.0
5653.0 4116.0
3731.0 7454.0
2369.0 3570.0
2308.0 5987.0
1992.0 1135.0
5990.0 3746.0
7704.0 8110.0
9303.0 5663.0
3643.0 4090.0
46.0 5638.0
8254.0 2641.0
2590.0 6401.0
1457.0 1529.0
5637.0 1585.0
2544.0 3454.0
2606.0 7252.0
8211.0 5788.0
5305.0 2582.0
2659.0 284.0
4046.0 1969.0
4152.0 6226.0
9886.0 3225.0
4968.0 3009.0
7138.0 9153.0
4148.0 622.0
6831.0 2180.0
4949.0 9001.0
4275.0 4304.0
1437.0 9742.0
6394.0 7068.0
1111.0 6146.0
7000.0 8788.0
2982.0 64.0
661.0 8768.0
3027.0 6533.0
8338.0 721.0
1419.0 9669.0
440.0 127.0
8459.0 5797.0
5483.0 2760.0
8617.0 2297.0
4993.0 4091.0
4594.0 3136.0
7835.0 1819.0
5832.0 4569.0
9626.0 6242.0
8368.0 6985.0
5390.0 5690.0
5465.0 1367.0
6131.0 6760.0
910.0 1357.0
2478.0 1577.0
9423.0 4383.0
1073.0 6789.0
1068.0 7848.0
1857.0 1555.0
9081.0 8832.0
6935.0 4221.0
3052.0 8306.0
4158.0 9933.0
1841.0 3324.0
1115.0 3896.0
3172.0 3165.0
7677.0 7530.0
9300.0 7911.0
7768.0 7213.0
675.0 437.0
3523.0 7877.0
2014.0 5282.0
7504.0 6155.0
7691.0 381.0
1119.0 318.0
5868.0 138.0
9940.0 6731.0
3272.0 819.0
9048.0 5039.0
5041.0 1721.0
4098.0 6832.0
6540.0 8132.0
6255.0 4997.0
6580.0 4511.0
1660.0 3493.0
3932.0 8910.0
8605.0 9775.0
1571.0 2084.0
8067.0 4585.0
5548.0 7271.0
5779.0 6348.0
7914.0 9139.0
6480.0 9900.0
5602.0 2840.0
3539.0 1757.0
9694.0 6686.0
9583.0 6673.0
1969.0 4395.0
6329.0 2704.0
8163.0 5397.0
4244.0 4499.0
9844.0 4177.0
5238.0 7058.0
9318.0 2123.0
4022.0 4672.0
4490.0 7865.0
6311.0 2277.0
3076.0 4575.0
4533.0 8944.0
8098.0 5210.0
4208.0 5742.0
9061.0 9167.0
6659.0 2685.0
5742.0 6339.0
6221.0 2005.0
3985.0 7027.0
2615.0 7465.0
5440.0 8719.0
1640.0 1952.0
5633.0 3168.0
9865.0 8054.0
7311.0 9789.0
1467.0 8882.0
8447.0 3823.0
7890.0 8825.0
6841.0 253.0
3488.0 6496.0
5718.0 6952.0
2807.0 4579.0
7244.0 3036.0
7690.0 3803.0
3373.0 898.0
4840.0 784.0
5929.0 2906.0
7037.0 1938.0
364.0 6226.0
3643.0 8223.0
65.0 1765.0
8588.0 7898.0
665.0 5705.0
6474.0 7063.0
6248.0 4591.0
9978.0 184.0
1863.0 7474.0
4219.0 5331.0
9275.0 1059.0
6239.0 1368.0
5353.0 6360.0
274.0 6808.0
5014.0 7815.0
1980.0 2567.0
3139.0 8361.0
7267.0 3339.0
2374.0 6420.0
3918.0 4829.0
6228.0 3299.0
6646.0 6551.0
9382.0 1956.0
8759.0 2441.0
9632.0 631.0
6103.0 3991.0
8360.0 7296.0
1428.0 3144.0
8972.0 3425.0
9865.0 4673.0
5200.0 8037.0
8656.0 265.0
3681.0 5506.0
6823.0 9045.0
7745.0 3103.0
2915.0 1764.0
1803.0 6758.0
1522.0 8366.0
8269.0 6003.0
1704.0 1191.0
1410.0 1592.0
2999.0 8496.0
5062.0 1757.0
7191.0 5564.0
3601.0 5585.0
6473.0 3101.0
8108.0 4493.0
1202.0 5153.0
2116.0 5274.0
2883.0 1277.0
3876.0 694.0
561.0 184.0
4546.0 6115.0
1284.0 4582.0
4207.0 3120.0
7789.0 9454.0
146.0 3616.0
9093.0 8483.0
4296.0 394.0
2142.0 5863.0
9252.0 2622.0
5180.0 3219.0
4790.0 7244.0
6014.0 3856.0
9291.0 9768.0
821.0 9077.0
2977.0 415.0
1683.0 3781.0
2403.0 4101.0
3493.0 1082.0
8078.0 5245.0
3410.0 8163.0
9662.0 859.0
8525.0 8103.0
5641.0 7907.0
9892.0 4891.0
6889.0 3417.0
3604.0 1369.0
6041.0 8305.0
2064.0 2315.0
7082.0 8400.0
1125.0 7404.0
2075.0 8647.0
1255.0 1264.0
4435.0 8955.0
3399.0 369.0
664.0 2675.0
2693.0 8972.0
4967.0 1187.0
5706.0 8829.0
3652.0 559.0
9361.0 9922.0
8743.0 8769.0
2208.0 1922.0
2707.0 4458.0
1210.0 8603.0
8710.0 698.0
9707.0 9950.0
3330.0 9741.0
4719.0 9178.0
1121.0 7235.0
4258.0 4383.0
2959.0 6879.0
7805.0 7072.0
2570.0 8994.0
5628.0 2273.0
8172.0 8991.0
5088.0 7471.0
8622.0 4202.0
4616.0 87.0
6003.0 63.0
8508.0 5731.0
9052.0 9120.0
8217.0 1951.0
4347.0 8829.0
8292.0 4709.0
4676.0 6636.0
7640.0 7309.0
6476.0 3311.0
9270.0 4002.0
793.0 8007.0
4177.0 2997.0
4647.0 1029.0
7547.0 6103.0
2224.0 2780.0
7924.0 4728.0
7823.0 9872.0
2527.0 4468.0
4950.0 1869.0
4356.0 2997.0
8489.0 4637.0
9281.0 8504.0
9358.0 8796.0
3746.0 8392.0
3566.0 4223.0
6278.0 462.0
82.0 4104.0
8447.0 1324.0
4434.0 4502.0
3457.0 9247.0
7450.0 7921.0
3014.0 1175.0
1054.0 1841.0
5656.0 6149.0
5532.0 5699.0
2187.0 9849.0
5188.0 2298.0
6395.0 7480.0
1789.0 2113.0
1716.0 4747.0
7729.0 1478.0
7000.0 9124.0
3319.0 8124.0
7050.0 6154.0
5119.0 51.0
6094.0 8009.0
4716.0 6205.0
4864.0 4033.0
9884.0 9940.0
4426.0 5489.0
2516.0 8736.0
2448.0 9246.0
259.0 6164.0
57.0 7634.0
1258.0 4555.0
9943.0 4176.0
3923.0 9359.0
8900.0 7448.0
6138.0 8679.0
428.0 7771.0
824.0 3943.0
5607.0 3985.0
7265.0 192.0
2861.0 1.0
120.0 6969.0
9811.0 3392.0
526.0 3285.0
2868.0 724.0
6213.0 2621.0
2717.0 6861.0
42.0 6473.0
6389.0 7976.0
8881.0 7385.0
9045.0 490.0
7233.0 4970.0
1172.0 663.0
2525.0 884.0
9327.0 2069.0
1483.0 1229.0
1116.0 678.0
9500.0 7371.0
7552.0 9771.0
7406.0 8642.0
8472.0 9423.0
2565.0 2896.0
9167.0 7762.0
3711.0 3415.0
8891.0 3753.0
1422.0 3124.0
4423.0 3719.0
8673.0 9595.0
4324.0 6327.0
8359.0 6828.0
2080.0 3273.0
7206.0 2266.0
8774.0 5380.0
8001.0 41.0
8460.0 6354.0
4529.0 3912.0
1902.0 8901.0
6155.0 5876.0
6847.0 458.0
1446.0 8938.0
5480.0 8235.0
2761.0 5002.0
2249.0 5825.0
6216.0 1364.0
7699.0 6086.0
3941.0 1794.0
6503.0 7531.0
8036.0 669.0
328.0 3951.0
8155.0 1140.0
8733.0 9497.0
7113.0 813.0
3723.0 3950.0
1451.0 915.0
6164.0 5404.0
6349.0 7419.0
4689.0 84.0
6825.0 5118.0
282.0 1536.0
9618.0 8111.0
2193.0 3901.0
2674.0 2677.0
3349.0 6521.0
1653.0 1029.0
5930.0 9575.0
5361.0 6908.0
268.0 3000.0
4531.0 6498.0
2738.0 3402.0
868.0 650.0
801.0 6199.0
5755.0 6867.0
5866.0 2710.0
563.0 2058.0
7136.0 4426.0
2946.0 9507.0
2095.0 9182.0
6063.0 6059.0
1809.0 6467.0
128.0 7979.0
1704.0 1589.0
8198.0 6476.0
975.0 917.0
625.0 6360.0
6302.0 2948.0
5078.0 3812.0
8031.0 2401.0
1549.0 1740.0
9491.0 7081.0
4262.0 3702.0
2593.0 9731.0
4894.0 9872.0
5400.0 9600.0
4026.0 1023.0
9817.0 962.0
233.0 9003.0
60.0 8295.0
8737.0 4680.0
5086.0 369.0
4017.0 6848.0
630.0 7945.0
3324.0 8040.0
9030.0 2336.0
470.0 5751.0
7481.0 4537.0
1854.0 41.0
7913.0 7161.0
9092.0 987.0
4126.0 3905.0
5206.0 1966.0
4367.0 3771.0
3757.0 7248.0
4.0 9775.0
2851.0 4872.0
3469.0 4356.0
8424.0 8279.0
1116.0 6233.0
3729.0 2690.0
9185.0 5914.0
4433.0 4687.0
3510.0 9602.0
1233.0 5992.0
6152.0 3710.0
4419.0 4908.0
4619.0 4729.0
7287.0 1409.0
1821.0 1651.0
7816.0 4342.0
7453.0 698.0
532.0 1730.0
3943.0 4572.0
2966.0 7650.0
2640.0 946.0
3614.0 1653.0
8414.0 7441.0
834.0 9217.0
3315.0 2796.0
4567.0 4202.0
2469.0 6472.0
5318.0 6776.0
7870.0 1408.0
7302.0 2812.0
8227.0 7158.0
5165.0 3199.0
5545.0 3140.0
6202.0 4078.0
1586.0 4212.0
2484.0 1451.0
9881.0 3322.0
9805.0 6161.0
1472.0 8428.0
2867.0 7706.0
5014.0 3450.0
8608.0 7868.0
4441.0 5451.0
2106.0 7633.0
9827.0 2789.0
1951.0 3385.0
9628.0 1465.0
4514.0 838.0
4954.0 9388.0
9022.0 7689.0
9051.0 792.0
7849.0 8477.0
7635.0 5519.0
8950.0 7606.0
8266.0 409.0
9834.0 9027.0
9414.0 2516.0
5006.0 3547.0
2374.0 6373.0
1285.0 7231.0
1707.0 43.0
7906.0 6903.0
2374.0 7167.0
838.0 1190.0
4201.0 4761.0
3209.0 8105.0
6878.0 8954.0
6275.0 2640.0
1118.0 3425.0
7826.0 346.0
4170.0 7749.0
7459.0 5375.0
328.0 5379.0
624.0 3967.0
9618.0 3503.0
5859.0 6846.0
310.0 9478.0
2130.0 6514.0
3436.0 1103.0
5687.0 7916.0
9966.0 417.0
8348.0 3447.0
3805.0 3284.0
1634.0 5785.0
6289.0 9474.0
3660.0 4524.0
332.0 458.0
8201.0 5078.0
4883.0 4673.0
7844.0 845.0
2878.0 2450.0
5644.0 2092.0
8328.0 5355.0
2188.0 7556.0
721.0 7159.0
7505.0 7214.0
7401.0 6165.0
9701.0 7225.0
7080.0 1123.0
4762.0 498.0
155.0 5452.0
4432.0 8876.0
3991.0 7005.0
1564.0 5409.0
3836.0 3089.0
4888.0 7689.0
2527.0 2987.0
7579.0 5731.0
4660.0 2694.0
6557.0 366.0
3378.0 9087.0
1937.0 635.0
446.0 3282.0
8523.0 1154.0
2779.0 5377.0
3781.0 2919.0
1086.0 5319.0
9193.0 3544.0
8787.0 7127.0
4412.0 5400.0
1882.0 6190.0
6123.0 2624.0
2916.0 1860.0
6042.0 486.0
4726.0 90.0
4941.0 3096.0
2116.0 3315.0
2142.0 7897.0
2133.0 7323.0
2373.0 7966.0
6109.0 7332.0
4403.0 5558.0
9126.0 8010.0
8379.0 2892.0
5076.0 4647.0
1280.0 8655.0
7973.0 5224.0
2378.0 1191.0
2691.0 5600.0
3159.0 1856.0
776.0 2528.0
8581.0 4522.0
9515.0 1761.0
9110.0 9692.0
4909.0 931.0
5428.0 4221.0
1731.0 9469.0
246.0 104.0
6311.0 259.0
4119.0 8313.0
239.0 279.0
4687.0 6160.0
5627.0 9937.0
1254.0 9171.0
5102.0 3335.0
9120.0 925.0
2205.0 4191.0
573.0 6859.0
337.0 4642.0
1967.0 503.0
940.0 6655.0
8792.0 3121.0
4062.0 8269.0
3148.0 241.0
6973.0 9402.0
547.0 1045.0
8999.0 4448.0
5448.0 9098.0
3238.0 1381.0
7439.0 5390.0
8317.0 9606.0
2488.0 7176.0
5864.0 1273.0
6173.0 8573.0
1841.0 3291.0
8296.0 1414.0
2428.0 9757.0
813.0 7319.0
7598.0 7032.0
3478.0 4454.0
8060.0 6197.0
4122.0 4984.0
3728.0 98.0
2989.0 1659.0
4392.0 4732.0
3017.0 4535.0
5734.0 7176.0
514.0 1303.0
6373.0 4795.0
3115.0 7191.0
4094.0 2967.0
4443.0 2927.0
1923.0 1028.0
7393.0 1737.0
7219.0 8690.0
445.0 8851.0
9443.0 7629.0
3932.0 9496.0
4765.0 5505.0
5655.0 3855.0
8179.0 2100.0
7785.0 9964.0
6292.0 9844.0
9449.0 8027.0
6434.0 3415.0
1922.0 2119.0
282.0 5666.0
5831.0 7768.0
2632.0 9600.0
2298.0 6376.0
8503.0 8612.0
2419.0 9965.0
4233.0 9732.0
2011.0 2225.0
724.0 7090.0
1027.0 4331.0
9507.0 5341.0
9561.0 6522.0
4788.0 5259.0
4854.0 8902.0
7145.0 6240.0
6216.0 7448.0
7028.0 2938.0
7276.0 3703.0
8737.0 5757.0
7478.0 9126.0
8040.0 7426.0
7235.0 7577.0
9091.0 390.0
3650.0 1914.0
8811.0 2233.0
6231.0 3179.0
9408.0 8870.0
4500.0 3351.0
2184.0 7727.0
1917.0 5133.0
8307.0 5639.0
3035.0 4771.0
4696.0 8696.0
3294.0 6351.0
5704.0 3749.0
3372.0 8582.0
3746.0 3825.0
2509.0 7519.0
4539.0 2161.0
7710.0 1210.0
5131.0 2084.0
8253.0 4748.0
5358.0 2475.0
7404.0 6700.0
5925.0 1030.0
5762.0 386.0
8743.0 59.0
3142.0 5993.0
7712.0 2029.0
8417.0 1995.0
597.0 4603.0
9223.0 6856.0
5169.0 7381.0
5951.0 4493.0
5278.0 5080.0
6935.0 9480.0
5005.0 4374.0
4250.0 459.0
1587.0 4126.0
2037.0 2745.0
245.0 1236.0
1763.0 3602.0
6607.0 6829.0
1340.0 6148.0
4871.0 14.0
7506.0 397.0
2387.0 8938.0
3392.0 2387.0
3811.0 1360.0
5677.0 4881.0
493.0 9479.0
8264.0 5623.0
3282.0 6231.0
1864.0 1614.0
9390.0 2793.0
1434.0 395.0
6486.0 9510.0
5856.0 1806.0
9696.0 4983.0
6781.0 6203.0
9651.0 532.0
6061.0 7607.0
2272.0 9774.0
3669.0 2757.0
3430.0 5529.0
522.0 9558.0
4171.0 8792.0
3142.0 883.0
4649.0 6990.0
9532.0 2215.0
7440.0 1252.0
8218.0 4106.0
3407.0 4928.0
4852.0 2926.0
5765.0 8064.0
3283.0 5881.0
528.0 5076.0
536.0 8776.0
3980.0 5349.0
7585.0 7500.0
363.0 8977.0
351.0 6704.0
5414.0 2376.0
7836.0 1660.0
3945.0 1005.0
6800.0 1770.0
2102.0 8903.0
4908.0 6694.0
7495.0 7290.0
6748.0 8597.0
2839.0 6941.0
9638.0 6462.0
1282.0 1565.0
8648.0 973.0
4089.0 1928.0
2727.0 917.0
3829.0 2918.0
6372.0 4616.0
8746.0 8316.0
3744.0 2324.0
6473.0 464.0
4638.0 8107.0
7744.0 4578.0
4235.0 2148.0
3283.0 9931.0
1042.0 6981.0
9522.0 2620.0
9930.0 3608.0
1319.0 7159.0
9694.0 5991.0
2337.0 6614.0
7047.0 4889.0
6249.0 3511.0
1450.0 4522.0
4431.0 6242.0
7709.0 8026.0
8315.0 8200.0
5747.0 189.0
7051.0 9358.0
9452.0 8443.0
3657.0 2535.0
9044.0 5577.0
5314.0 9058.0
3840.0 165.0
5973.0 1067.0
4861.0 3164.0
1932.0 166.0
9178.0 1687.0
3553.0 4667.0
417.0 3394.0
8783.0 140.0
2333.0 7511.0
6642.0 504.0
4875.0 925.0
1335.0 9382.0
4648.0 349.0
170.0 3945.0
4187.0 4031.0
921.0 5972.0
6965.0 8980.0
6828.0 7363.0
7537.0 2179.0
9870.0 9808.0
8744.0 6784.0
5497.0 866.0
387.0 6758.0
4479.0 1163.0
6286.0 5934.0
24.0 9936.0
9132.0 9981.0
850.0 8661.0
5061.0 2248.0
3356.0 4979.0
2344.0 6952.0
8570.0 1657.0
1129.0 5714.0
2024.0 7797.0
3626.0 5886.0
7241.0 2040.0
6672.0 1673.0
5972.0 9968.0
1068.0 1506.0
870.0 447.0
4621.0 7664.0
8749.0 8139.0
8296.0 6596.0
5104.0 1889.0
7387.0 943.0
3044.0 1241.0
2135.0 6722.0
2315.0 5792.0
4693.0 1654.0
6571.0 4609.0
1862.0 3114.0
9547.0 5455.0
5509.0 6672.0
3318.0 6022.0
5072.0 8715.0
4297.0 1922.0
9087.0 9108.0
5131.0 8651.0
5130.0 2391.0
3169.0 7258.0
98.0 8475.0
8663.0 5932.0
5242.0 6311.0
8361.0 2257.0
2869.0 6525.0
2665.0 3340.0
4117.0 1480.0
7011.0 3548.0
9728.0 3744.0
637.0 2084.0
8230.0 6450.0
8401.0 5121.0
8439.0 1512.0
3823.0 9720.0
5694.0 4183.0
3999.0 9270.0
3750.0 4928.0
9564.0 2665.0
6725.0 2085.0
5363.0 1947.0
8036.0 1301.0
9995.0 5643.0
5716.0 204.0
4893.0 7528.0
6046.0 9303.0
6104.0 3028.0
9906.0 2584.0
4435.0 7998.0
8753.0 3782.0
2130.0 7109.0
9657.0 6797.0

6941.0 5317.0
3831.0 9269.0
4951.0 4363.0
7841.0 7954.0
7276.0 1806.0
836.0 2167.0
3191.0 9506.0
4064.0 7704.0
9506.0 2504.0
6010.0 6808.0
2241.0 6134.0
3774.0 870.0
1965.0 3328.0
9432.0 6632.0
989.0 9325.0
725.0 4353.0
3061.0 3523.0
8028.0 8900.0
8724.0 703.0
2032.0 7268.0
2007.0 6327.0
8999.0 8495.0
6634.0 3184.0
3051.0 4433.0
2367.0 9048.0
7390.0 2383.0
4692.0 7636.0
8860.0 3043.0
3490.0 7557.0
2759.0 9751.0
8858.0 6469.0
7352.0 7520.0
4760.0 210.0
9930.0 2798.0
3647.0 9105.0
8917.0 7499.0
7732.0 6161.0
8850.0 3187.0
5062.0 4405.0
7731.0 4001.0
1090.0 3092.0
8575.0 9174.0
8852.0 4971.0
9657.0 8756.0
3480.0 9385.0
311.0 8388.0
9144.0 8389.0
1722.0 1707.0
9175.0 5664.0
4605.0 1290.0
2417.0 373.0
8223.0 1656.0
1607.0 792.0
7601.0 274.0
1820.0 4828.0
8416.0 5085.0
9742.0 7257.0
1417.0 9460.0
6864.0 5824.0
822.0 8151.0
2310.0 982.0
3613.0 123.0
3439.0 6482.0
9111.0 6823.0
4881.0 535.0
773.0 6805.0
9204.0 9784.0
4618.0 212.0
4807.0 789.0
1178.0 9093.0
9312.0 6289.0
430.0 2025.0
8992.0 5942.0
1577.0 4033.0
7504.0 3761.0
2107.0 5231.0
9536.0 7007.0
3075.0 4252.0
7536.0 3720.0
9969.0 4846.0
2220.0 8669.0
1115.0 6702.0
9970.0 9894.0
8014.0 3916.0
2844.0 598.0
4548.0 7101.0
9311.0 3605.0
4425.0 7642.0
6416.0 8131.0
8830.0 5012.0
6502.0 1043.0
8669.0 688.0
4195.0 7406.0
8304.0 4603.0
1765.0 7477.0
228.0 2633.0
3582.0 9904.0
2579.0 6068.0
2786.0 3369.0
3893.0 6597.0
5864.0 1373.0
2032.0 2706.0
3274.0 7403.0
6688.0 6040.0
6812.0 213.0
7386.0 8663.0
6849.0 1432.0
1384.0 4703.0
5130.0 240.0
8409.0 2359.0
1289.0 2332.0
1616.0 4742.0
3749.0 2881.0
6706.0 547.0
8140.0 5775.0
3603.0 7992.0
8978.0 3778.0
7613.0 8056.0
2657.0 6919.0
9466.0 5426.0
2516.0 8797.0
6187.0 8202.0
9104.0 3010.0
7157.0 9765.0
1293.0 4480.0
2325.0 8845.0
6431.0 2882.0
1970.0 6238.0
184.0 7875.0
9929.0 9128.0
9249.0 8405.0
4683.0 6544.0
2564.0 798.0
5248.0 1867.0
9215.0 2819.0
1270.0 929.0
3706.0 3516.0
9240.0 6610.0
1722.0 983.0
9237.0 3473.0
2067.0 2830.0
9111.0 8367.0
2969.0 6560.0
5550.0 5507.0
3366.0 9581.0
3899.0 6991.0
2373.0 1093.0
1173.0 2218.0
2577.0 558.0
9187.0 2232.0
5334.0 10002.0
7183.0 7396.0
8725.0 9844.0
5914.0 9450.0
1345.0 507.0
7529.0 1365.0
7563.0 4542.0
8283.0 1004.0
2463.0 6446.0
3351.0 7070.0
7079.0 9954.0
5781.0 8286.0
7125.0 5014.0
3922.0 9322.0
875.0 9138.0
4278.0 9425.0
4329.0 427.0
9187.0 2217.0
4387.0 1906.0
1251.0 7675.0
3137.0 9490.0
8911.0 9719.0
8952.0 8218.0
105.0 5438.0
2563.0 4068.0
3411.0 4389.0
8738.0 999.0
8581.0 8967.0
6791.0 5504.0
906.0 9309.0
5515.0 3373.0
6282.0 8729.0
758.0 5908.0
6458.0 8138.0
6286.0 5297.0
6297.0 441.0
1079.0 1399.0
7532.0 8366.0
8765.0 4632.0
5915.0 1750.0
7318.0 2238.0
1127.0 2690.0
9702.0 7599.0
1453.0 9596.0
8631.0 4878.0
7537.0 3590.0
1077.0 3674.0
2194.0 3235.0
746.0 940.0
5696.0 6067.0
9121.0 9890.0
8394.0 7918.0
8293.0 8093.0
5147.0 3507.0
1204.0 9540.0
8428.0 4243.0
7493.0 7838.0
9571.0 1764.0
5583.0 314.0
12.0 8161.0
4197.0 5232.0
6974.0 6360.0
8969.0 6842.0
536.0 6662.0
2275.0 5510.0
1421.0 7884.0
6992.0 2640.0
1506.0 4112.0
7345.0 2613.0
1401.0 523.0
2468.0 6487.0
2064.0 4254.0
882.0 4652.0
9799.0 8791.0
6554.0 8208.0
6641.0 2881.0
9657.0 1264.0
449.0 7393.0
7751.0 8876.0
1689.0 6166.0
5520.0 7900.0
6296.0 9266.0
3730.0 415.0
6518.0 9664.0
567.0 2012.0
4174.0 6791.0
1045.0 9628.0
3239.0 2964.0
2617.0 6172.0
1160.0 1148.0
7677.0 1652.0
816.0 5024.0
6084.0 3077.0
7553.0 4862.0
3429.0 7788.0
8195.0 5154.0
3155.0 7507.0
1439.0 2490.0
3195.0 2791.0
1567.0 4668.0
364.0 155.0
9866.0 4484.0
8046.0 6539.0
701.0 4208.0
5482.0 8404.0
1614.0 9213.0
9191.0 5134.0
9406.0 1719.0
9784.0 9003.0
6577.0 8154.0
9789.0 6415.0
5074.0 6094.0
651.0 7658.0
6733.0 9246.0
9600.0 4880.0
2336.0 1490.0
9522.0 537.0
3724.0 3403.0
7502.0 1022.0
5818.0 7295.0
222.0 2696.0
8042.0 9191.0
6851.0 83.0
6991.0 8765.0
2613.0 8408.0
4804.0 681.0
8689.0 5233.0
132.0 3333.0
6605.0 8417.0
1132.0 3455.0
7809.0 126.0
2384.0 7569.0
1536.0 9099.0
150.0 3773.0
6686.0 5921.0
2913.0 9808.0
5866.0 8532.0
6560.0 5917.0
2221.0 7672.0
6176.0 3448.0
2275.0 4504.0
8831.0 2687.0
384.0 5161.0
4278.0 5905.0
3055.0 9400.0
2989.0 4070.0
3668.0 3132.0
3437.0 8239.0
901.0 7029.0
3016.0 9065.0
6416.0 5942.0
9561.0 433.0
26.0 6361.0
2828.0 5675.0
2999.0 1630.0
7900.0 7351.0
2639.0 7166.0
4881.0 4071.0
3843.0 389.0
1833.0 343.0
5769.0 2584.0
358.0 7906.0
4298.0 2463.0
5725.0 9535.0
3443.0 3591.0
5975.0 8804.0
1375.0 459.0
6907.0 1759.0
9218.0 398.0
2371.0 9006.0
3317.0 1063.0
1754.0 9165.0
4064.0 5745.0
9115.0 7190.0
7043.0 1175.0
850.0 3496.0
4588.0 5127.0
1304.0 2437.0
8426.0 3463.0
8274.0 1011.0
6624.0 8922.0
2768.0 1382.0
422.0 6323.0
9983.0 3093.0
9177.0 1438.0
877.0 3522.0
4065.0 3258.0
6281.0 7509.0
3694.0 1869.0
7941.0 9672.0
7302.0 6671.0
3410.0 5337.0
3714.0 2171.0
4224.0 8611.0
6685.0 1068.0
9231.0 8548.0
9855.0 6855.0
7551.0 6874.0
6906.0 682.0
8009.0 3277.0
5156.0 9679.0
4523.0 6717.0
3199.0 6500.0
9306.0 3733.0
5778.0 2274.0
8329.0 7238.0
1576.0 7722.0
5956.0 1773.0
2034.0 9666.0
8150.0 3674.0
1930.0 2614.0
6172.0 7168.0
4802.0 7723.0
5191.0 9845.0
8973.0 3786.0
4720.0 3497.0
2258.0 7519.0
286.0 8785.0
6053.0 2881.0
8234.0 4731.0
1988.0 1601.0
8125.0 6507.0
6780.0 9690.0
9588.0 7471.0
3438.0 7167.0
3072.0 3968.0
9549.0 656.0
6409.0 3847.0
5712.0 1181.0
1586.0 2166.0
9886.0 1807.0
8667.0 91.0
5728.0 2384.0
6243.0 5421.0
5649.0 1120.0
371.0 5764.0
1722.0 5215.0
6365.0 7804.0
95.0 5261.0
386.0 8651.0
7116.0 662.0
246.0 7753.0
7782.0 5771.0
7319.0 329.0
9719.0 9009.0
3984.0 5828.0
8325.0 9650.0
3529.0 7371.0
1280.0 9523.0
1898.0 649.0
3021.0 9364.0
3233.0 3261.0
2421.0 2020.0
3578.0 7984.0
9293.0 7256.0
9716.0 5918.0
7882.0 5376.0
2502.0 8013.0
8027.0 9383.0
6638.0 5934.0
7146.0 7933.0
1283.0 5750.0
8721.0 3759.0
8437.0 433.0
5406.0 4838.0
8491.0 9623.0
7506.0 8009.0
4858.0 7638.0
9880.0 7265.0
2111.0 3237.0
3030.0 1449.0
4546.0 7060.0
6481.0 8587.0
4562.0 5275.0
5151.0 6568.0
2780.0 374.0
1843.0 2434.0
4349.0 2590.0
1541.0 4938.0
8280.0 7963.0
5690.0 7684.0
9306.0 1442.0
7083.0 2512.0
4119.0 6108.0
8565.0 5360.0
6433.0 1898.0
1170.0 9373.0
7759.0 9860.0
9905.0 2432.0
3348.0 416.0
7811.0 8865.0
5160.0 6565.0
1467.0 7553.0
6334.0 5573.0
3626.0 1155.0
4009.0 5051.0
1108.0 3691.0
9980.0 1965.0
8666.0 6200.0
1039.0 5494.0
1921.0 2689.0
3448.0 7269.0
5103.0 1138.0
8463.0 4927.0
1709.0 6731.0
8301.0 7477.0
8759.0 7091.0
4489.0 3441.0
7825.0 1716.0
2976.0 5277.0
8486.0 361.0
2966.0 6016.0
2363.0 7564.0
8836.0 6618.0
8419.0 3081.0
7102.0 5038.0
2684.0 423.0
2816.0 425.0
8045.0 8243.0
2301.0 8487.0
2309.0 1788.0
1689.0 6480.0
5154.0 4153.0
3096.0 8765.0
7165.0 9544.0
2929.0 6473.0
6626.0 3305.0
9182.0 7200.0
2175.0 5914.0
7166.0 3218.0
2077.0 669.0
5563.0 9225.0
3194.0 7330.0
7250.0 3025.0
5355.0 6383.0
1777.0 5205.0
9311.0 1212.0
8917.0 6231.0
8880.0 7862.0
5242.0 1933.0
500.0 4655.0
8057.0 916.0
5841.0 6337.0
3701.0 9792.0
5609.0 48.0
9568.0 4774.0
5254.0 2778.0
1764.0 580.0
5713.0 2588.0
2850.0 129.0
4854.0 8266.0
6548.0 997.0
7818.0 4720.0
8851.0 7142.0
6856.0 3749.0
7426.0 6808.0
3914.0 2490.0
3754.0 172.0
1546.0 4227.0
4881.0 2642.0
377.0 8799.0
4246.0 2299.0
3750.0 2348.0
3445.0 2490.0
2727.0 8598.0
9390.0 3006.0
7129.0 6430.0
3755.0 5847.0
735.0 962.0
4111.0 4040.0
1350.0 7865.0
8709.0 4507.0
8881.0 3117.0
9265.0 8423.0
7083.0 2973.0
8715.0 5064.0
7164.0 1335.0
3324.0 7633.0
3874.0 4252.0
1054.0 2019.0
7273.0 3799.0
652.0 1957.0
5849.0 6043.0
8321.0 6605.0
9092.0 325.0
1403.0 8978.0
287.0 9605.0
1008.0 6237.0
2568.0 4045.0
7984.0 5278.0
4027.0 2623.0
9143.0 9654.0
9925.0 9966.0
3160.0 6249.0
2748.0 8111.0
8064.0 2709.0
3238.0 5477.0
4729.0 9105.0
8075.0 7726.0
3280.0 9814.0
2355.0 7746.0
1820.0 4049.0
7560.0 4517.0
9430.0 6084.0
8161.0 3040.0
7780.0 8594.0
2504.0 80.0
8361.0 5109.0
6203.0 2957.0
4665.0 61.0
8622.0 1101.0
1288.0 7402.0
5674.0 2578.0
4335.0 1239.0
4579.0 361.0
67.0 4524.0
8728.0 5525.0
1159.0 4198.0
3360.0 7118.0
2564.0 3848.0
5161.0 934.0
1293.0 7280.0
1505.0 1907.0
7131.0 9024.0
7451.0 7348.0
3599.0 248.0
1190.0 775.0
1178.0 1053.0
1118.0 8525.0
7126.0 2598.0
147.0 3912.0
8850.0 5085.0
5478.0 6141.0
231.0 33.0
4461.0 3695.0
2809.0 7843.0
9718.0 4438.0
6269.0 4113.0
9199.0 7158.0
5102.0 718.0
9328.0 1761.0
899.0 55.0
1898.0 7869.0
2153.0 3536.0
7896.0 4020.0
6003.0 7696.0
3903.0 2220.0
8842.0 3985.0
9244.0 5060.0
5176.0 643.0
4555.0 5131.0
6684.0 7705.0
4915.0 8955.0
5847.0 8553.0
3234.0 178.0
1121.0 4040.0
2025.0 9212.0
2990.0 7611.0
4256.0 9112.0
2905.0 2460.0
6442.0 9869.0
9432.0 4141.0
9609.0 5831.0
8594.0 4643.0
6345.0 3550.0
7773.0 6403.0
4552.0 9711.0
5128.0 7218.0
1111.0 1396.0
8894.0 9552.0
1071.0 3412.0
3532.0 187.0
571.0 9919.0
2086.0 8744.0
4158.0 51.0
6708.0 5984.0
9607.0 9785.0
1755.0 5430.0
5990.0 4803.0
6330.0 4229.0
3097.0 1495.0
5756.0 1791.0
2905.0 5937.0
3830.0 7121.0
6230.0 2982.0
304.0 8362.0
268.0 235.0
511.0 510.0
5150.0 4132.0
6511.0 9787.0
182.0 7840.0
1739.0 5627.0
2971.0 3210.0
3495.0 3778.0
7032.0 1518.0
247.0 6480.0
6126.0 202.0
3119.0 8202.0
5899.0 5337.0
3527.0 7914.0
6082.0 2070.0
1315.0 1358.0
8825.0 7744.0
357.0 9328.0
1403.0 4926.0
1016.0 396.0
3914.0 4081.0
1381.0 9075.0
5154.0 8116.0
1682.0 2922.0
2312.0 3499.0
8829.0 4506.0
2672.0 5218.0
443.0 6756.0
7996.0 5275.0
333.0 2676.0
4683.0 6955.0
9822.0 2845.0
5469.0 9580.0
1819.0 6746.0
755.0 1021.0
7081.0 6359.0
256.0 7619.0
4539.0 3007.0
8139.0 3826.0
154.0 940.0
7291.0 6213.0
1166.0 3602.0
920.0 9142.0
5189.0 1113.0
2117.0 1779.0
6026.0 9883.0
4551.0 8688.0
684.0 7872.0
9979.0 8747.0
4402.0 1460.0
718.0 9597.0
3233.0 2412.0
7740.0 7354.0
5960.0 5896.0
7569.0 3819.0
9874.0 3051.0
3646.0 5890.0
7261.0 4070.0
292.0 4437.0
2028.0 285.0
9976.0 2332.0
8393.0 6207.0
7039.0 3887.0
6045.0 5037.0
3504.0 409.0
8684.0 3573.0
5205.0 9102.0
5360.0 5047.0
8829.0 5062.0
6534.0 821.0
3071.0 8555.0
9242.0 4439.0
9569.0 2342.0
8337.0 4023.0
1766.0 6242.0
3142.0 1449.0
2382.0 8701.0
1508.0 9346.0
2623.0 7553.0
5642.0 9313.0
8858.0 4716.0
6616.0 7409.0
4847.0 2068.0
7022.0 5329.0
254.0 8200.0
3613.0 8288.0
8564.0 8276.0
4411.0 3066.0
81.0 1759.0
7160.0 2194.0
8200.0 5186.0
8543.0 2760.0
9551.0 9742.0
6076.0 816.0
1242.0 5871.0
7118.0 4851.0
848.0 9611.0
1858.0 4324.0
7296.0 7925.0
9759.0 1704.0
3301.0 2724.0
1322.0 9038.0
2569.0 5822.0
9592.0 2476.0
7355.0 9536.0
8353.0 763.0
4631.0 194.0
6384.0 6161.0
1421.0 4212.0
9726.0 8779.0
2582.0 9037.0
6331.0 7794.0
6587.0 3642.0
63.0 5517.0
7550.0 5804.0
3413.0 2816.0
4145.0 5900.0
874.0 6859.0
8527.0 9441.0
7370.0 4614.0
1011.0 3083.0
8688.0 8154.0
8585.0 1314.0
3269.0 198.0
7973.0 3584.0
7325.0 855.0
6416.0 4061.0
7675.0 9090.0
5788.0 8779.0
9216.0 4842.0
8256.0 7363.0
6431.0 318.0
4137.0 9112.0
872.0 1397.0
5115.0 5612.0
9023.0 2631.0
8447.0 4626.0
7430.0 1858.0
405.0 2512.0
4568.0 2833.0
9529.0 4862.0
1300.0 6925.0
2897.0 7587.0
4385.0 7303.0
1100.0 3215.0
9927.0 1627.0
23.0 9587.0
6179.0 1682.0
149.0 683.0
7642.0 973.0
6541.0 1843.0
4821.0 3715.0
5135.0 4036.0
6619.0 1239.0
3554.0 4502.0
4728.0 4252.0
7065.0 3387.0
1942.0 1945.0
2875.0 8692.0
8850.0 1432.0
8408.0 4196.0
5753.0 3478.0
1739.0 7608.0
9265.0 3015.0
4855.0 8682.0
5522.0 5389.0
2873.0 9491.0
4353.0 1876.0
4945.0 1632.0
1405.0 349.0
4924.0 7536.0
7585.0 9683.0
2543.0 5653.0
7724.0 8774.0
8215.0 1718.0
2933.0 3718.0
7144.0 819.0
3511.0 9100.0
884.0 7519.0
1839.0 1865.0
7063.0 3729.0
7190.0 8754.0
355.0 6576.0
6827.0 781.0
455.0 994.0
350.0 747.0
5155.0 4244.0
6683.0 2207.0
9197.0 2125.0
5607.0 962.0
2103.0 9068.0
8268.0 2451.0
605.0 6851.0
3581.0 1099.0
3839.0 9179.0
9908.0 47.0
2022.0 1827.0
3973.0 2274.0
1696.0 591.0
1391.0 6561.0
3262.0 1774.0
5736.0 4293.0
8944.0 2421.0
5576.0 5567.0
1866.0 38.0
1359.0 5586.0
9365.0 4025.0
6595.0 4798.0
6261.0 3540.0
234.0 8804.0
6196.0 9030.0
9653.0 6441.0
1740.0 7156.0
6160.0 7087.0
6410.0 1314.0
7444.0 610.0
4289.0 2523.0
3893.0 5982.0
5363.0 7861.0
8148.0 6987.0
7296.0 6222.0
9862.0 6043.0
6774.0 3564.0
49.0 9600.0
6078.0 2423.0
1933.0 1074.0
3078.0 2913.0
7739.0 9812.0
5277.0 4897.0
3306.0 7061.0
1111.0 3620.0
4944.0 2423.0
4110.0 3475.0
5496.0 6747.0
8161.0 7152.0
8923.0 9973.0
4458.0 9911.0
5431.0 4876.0
3362.0 1166.0
1487.0 193.0
6813.0 8154.0
1646.0 9113.0
9444.0 8870.0
1628.0 1619.0
9087.0 4037.0
4557.0 1616.0
9828.0 299.0
4729.0 2380.0
3254.0 9391.0
5884.0 6267.0
6087.0 500.0
3376.0 7142.0
4852.0 5551.0
2123.0 6583.0
738.0 9630.0
4802.0 7216.0
340.0 1292.0
7160.0 9285.0
408.0 9971.0
9892.0 8834.0
7306.0 187.0
8960.0 8528.0
4327.0 4860.0
8814.0 4586.0
2516.0 2348.0
5376.0 5785.0
3196.0 4532.0
8250.0 3024.0
2830.0 5616.0
4046.0 424.0
3397.0 3880.0
5222.0 1431.0
3959.0 1140.0
1399.0 5919.0
1547.0 7111.0
2515.0 6745.0
2074.0 8389.0
5766.0 6744.0
4409.0 4347.0
722.0 9656.0
3275.0 4564.0
9576.0 922.0
9167.0 5122.0
1867.0 6871.0
5904.0 3423.0
5674.0 3241.0
9033.0 3784.0
9637.0 6526.0
704.0 8536.0
2730.0 4127.0
9214.0 1834.0
1232.0 1776.0
3850.0 5937.0
4753.0 9205.0
8235.0 2158.0
5789.0 7556.0
7808.0 1207.0
9689.0 4489.0
9608.0 188.0
4431.0 5478.0
5056.0 5941.0
2167.0 2263.0
8847.0 6969.0
6901.0 1929.0
9665.0 8675.0
5280.0 2616.0
855.0 9143.0
9808.0 4297.0
1722.0 5180.0
6531.0 5638.0
2636.0 846.0
1472.0 388.0
9589.0 3203.0
2840.0 9290.0
6374.0 2514.0
8362.0 5996.0
5053.0 6605.0
9668.0 7930.0
7872.0 1623.0
8156.0 5633.0
6294.0 3926.0
9236.0 6499.0
5315.0 311.0
4380.0 1437.0
3713.0 6338.0
2863.0 5389.0
3412.0 4939.0
7662.0 5226.0
3619.0 61.0
2371.0 950.0
7880.0 2566.0
8583.0 8730.0
4761.0 8130.0
5630.0 6691.0
5268.0 9316.0
7127.0 6989.0
2713.0 6629.0
1182.0 109.0
3151.0 5689.0
3745.0 9891.0
7106.0 321.0
6970.0 219.0
5672.0 3754.0
7006.0 6908.0
6728.0 2667.0
8168.0 718.0
9411.0 1291.0
2848.0 9976.0
7453.0 5312.0
9123.0 3829.0
4653.0 7811.0
452.0 9534.0
8034.0 1930.0
4385.0 9813.0
6958.0 7526.0
9696.0 8745.0
8750.0 1524.0
3845.0 7131.0
4114.0 4202.0
5211.0 871.0
7894.0 6118.0
6968.0 8272.0
3434.0 2939.0
2057.0 4807.0
1131.0 7861.0
1145.0 6264.0
4398.0 3875.0
7989.0 3793.0
8678.0 574.0
9129.0 6820.0
1653.0 2783.0
7311.0 2276.0
5368.0 669.0
567.0 1170.0
3363.0 3605.0
1356.0 5937.0
8546.0 2512.0
2670.0 4556.0
9914.0 7877.0
559.0 9907.0
8821.0 3199.0
4936.0 5373.0
7956.0 6086.0
3120.0 103.0
8663.0 1723.0
3005.0 9991.0
4820.0 5933.0
5284.0 2768.0
3877.0 7581.0
6617.0 8245.0
8274.0 2511.0
8212.0 7153.0
2885.0 3782.0
6653.0 4563.0
6620.0 5398.0
6465.0 6371.0
8905.0 9274.0
6287.0 9794.0
4157.0 7664.0
3075.0 1413.0
9950.0 5774.0
1251.0 8668.0
7003.0 1788.0
6228.0 3333.0
1696.0 4032.0
4182.0 7934.0
4242.0 7503.0
2544.0 8579.0
8190.0 4492.0
8077.0 174.0
9445.0 6531.0
1969.0 2520.0
5420.0 7374.0
3861.0 8255.0
7540.0 9258.0
9238.0 6106.0
2722.0 7165.0
7043.0 5464.0
2020.0 8303.0
6992.0 708.0
7064.0 6536.0
8473.0 6305.0
7515.0 4009.0
5435.0 6118.0
5144.0 4657.0
4212.0 2949.0
2717.0 6859.0
3649.0 6718.0
8381.0 4942.0
9499.0 2363.0
8647.0 1780.0
7465.0 806.0
5726.0 7193.0
1812.0 9093.0
7280.0 9387.0
8971.0 8081.0
9341.0 9165.0
8035.0 8715.0
5512.0 9124.0
2591.0 320.0
8122.0 2558.0
737.0 6948.0
9507.0 9329.0
2796.0 179.0
4079.0 8388.0
8532.0 9433.0
4349.0 9208.0
8390.0 3188.0
6559.0 6822.0
5564.0 7172.0
4094.0 7727.0
8415.0 7900.0
9337.0 6370.0
5069.0 2640.0
7135.0 4410.0
4647.0 9199.0
5534.0 7544.0
2057.0 1553.0
1944.0 7062.0
5703.0 9785.0
5413.0 5897.0
98.0 5298.0
8152.0 1396.0
7736.0 4807.0
2006.0 9493.0
7184.0 9038.0
7992.0 7585.0
6752.0 4678.0
9608.0 5772.0
5723.0 475.0
3071.0 8717.0
7501.0 1037.0
108.0 2857.0
1619.0 4263.0
1529.0 6168.0
4004.0 885.0
2181.0 248.0
7446.0 7119.0
510.0 6891.0
6643.0 3885.0
8331.0 3949.0
4753.0 8566.0
9022.0 7624.0
890.0 7815.0
4782.0 1005.0
431.0 2348.0
6118.0 995.0
2606.0 7210.0
9224.0 8435.0
2214.0 3520.0
9442.0 8561.0
4962.0 132.0
1411.0 1614.0
8264.0 6200.0
9137.0 5749.0
1957.0 8143.0
1601.0 7033.0
5860.0 6964.0
2080.0 3711.0
3532.0 4408.0
1861.0 4499.0
4208.0 8934.0
1486.0 3105.0
7286.0 4984.0
5218.0 3733.0
6307.0 1514.0
6868.0 4770.0
1800.0 8272.0
7664.0 394.0
4971.0 793.0
9326.0 2336.0
6566.0 7608.0
7995.0 6508.0
7915.0 5605.0
7208.0 1736.0
3497.0 2059.0
539.0 313.0
6962.0 4275.0
7126.0 2627.0
5059.0 350.0
5695.0 528.0
6330.0 7001.0
5290.0 6744.0
4006.0 2966.0
3345.0 12.0
5049.0 8921.0
4247.0 8154.0
9692.0 7423.0
4123.0 3867.0
8458.0 8832.0
9917.0 416.0
6014.0 1693.0
3516.0 6942.0
3818.0 8578.0
4015.0 5678.0
5941.0 809.0
3836.0 5730.0
5008.0 8109.0
6820.0 678.0
7639.0 1605.0
9022.0 9726.0
1341.0 1183.0
5282.0 4639.0
7219.0 661.0
7324.0 7150.0
5475.0 6762.0
1493.0 4118.0
3061.0 371.0
6805.0 119.0
5424.0 1039.0
6503.0 9730.0
6757.0 8206.0
8721.0 4211.0
5668.0 5154.0
4499.0 9814.0
5657.0 4120.0
3736.0 7459.0
2373.0 3574.0
2314.0 5992.0
1997.0 1140.0
5994.0 3750.0
7709.0 8115.0
9308.0 5668.0
3649.0 4096.0
50.0 5644.0
8259.0 2646.0
2596.0 6405.0
1462.0 1533.0
5641.0 1590.0
2548.0 3459.0
2611.0 7256.0
8215.0 5794.0
5309.0 2587.0
2663.0 289.0
4052.0 1975.0
4157.0 6230.0
9890.0 3229.0
4973.0 3014.0
7143.0 9158.0
4154.0 628.0
6835.0 2185.0
4954.0 9006.0
4280.0 4310.0
1442.0 9747.0
6399.0 7073.0
1116.0 6151.0
7006.0 8792.0
2987.0 69.0
666.0 8772.0
3032.0 6538.0
8343.0 725.0
1425.0 9674.0
446.0 132.0
8465.0 5802.0
5488.0 2764.0
8622.0 2301.0
4998.0 4096.0
4599.0 3141.0
7841.0 1824.0
5837.0 4573.0
9631.0 6246.0
8372.0 6989.0
5395.0 5694.0
5470.0 1373.0
6136.0 6764.0
916.0 1362.0
2484.0 1582.0
9427.0 4389.0
1079.0 6794.0
1073.0 7853.0
1863.0 1559.0
9085.0 8837.0
6940.0 4226.0
3058.0 8312.0
4163.0 9939.0
1846.0 3329.0
1121.0 3901.0
3176.0 3170.0
7683.0 7535.0
9304.0 7915.0
7773.0 7219.0
681.0 442.0
3528.0 7882.0
2018.0 5287.0
7509.0 6159.0
7695.0 386.0
1125.0 324.0
5873.0 143.0
9944.0 6736.0
3277.0 824.0
9052.0 5045.0
5045.0 1725.0
4103.0 6837.0
6544.0 8137.0
6260.0 5003.0
6585.0 4516.0
1664.0 3499.0
3936.0 8916.0
8610.0 9780.0
1576.0 2088.0
8072.0 4590.0
5554.0 7277.0
5784.0 6354.0
7919.0 9144.0
6486.0 9904.0
5608.0 2846.0
3545.0 1763.0
9699.0 6692.0
9588.0 6677.0
1974.0 4399.0
6335.0 2710.0
8168.0 5401.0
4249.0 4505.0
9849.0 4182.0
5244.0 7062.0
9322.0 2129.0
4027.0 4678.0
4494.0 7871.0
6315.0 2282.0
3080.0 4580.0
4538.0 8949.0
8102.0 5216.0
4214.0 5748.0
9067.0 9173.0
6664.0 2690.0
5747.0 6344.0
6225.0 2011.0
3991.0 7032.0
2619.0 7471.0
5444.0 8725.0
1645.0 1957.0
5637.0 3172.0
9871.0 8058.0
7317.0 9794.0
1472.0 8887.0
8453.0 3828.0
7896.0 8830.0
6846.0 259.0
3492.0 6502.0
5723.0 6957.0
2811.0 4585.0
7248.0 3042.0
7696.0 3808.0
3378.0 903.0
4845.0 789.0
5934.0 2911.0
7043.0 1942.0
368.0 6232.0
3649.0 8229.0
70.0 1771.0
8594.0 7903.0
670.0 5709.0
6479.0 7069.0
6254.0 4596.0
9982.0 189.0
1869.0 7480.0
4224.0 5337.0
9280.0 1065.0
6244.0 1372.0
5358.0 6365.0
279.0 6813.0
5018.0 7821.0
1985.0 2572.0
3145.0 8367.0
7272.0 3345.0
2380.0 6425.0
3923.0 4834.0
6234.0 3303.0
6651.0 6557.0
9386.0 1961.0
8765.0 2446.0
9638.0 635.0
6108.0 3996.0
8365.0 7301.0
1433.0 3149.0
8977.0 3431.0
9871.0 4677.0
5205.0 8043.0
8661.0 271.0
3687.0 5512.0
6828.0 9050.0
7751.0 3108.0
2919.0 1768.0
1808.0 6763.0
1526.0 8370.0
8273.0 6008.0
1709.0 1197.0
1415.0 1597.0
3004.0 8501.0
5067.0 1761.0
7195.0 5569.0
3605.0 5589.0
6478.0 3106.0
8114.0 4499.0
1208.0 5157.0
2121.0 5278.0
2889.0 1281.0
3882.0 700.0
566.0 190.0
4550.0 6120.0
1288.0 4587.0
4212.0 3125.0
7794.0 9458.0
151.0 3620.0
9099.0 8488.0
4301.0 399.0
2148.0 5869.0
9257.0 2627.0
5185.0 3224.0
4796.0 7249.0
6019.0 3861.0
9296.0 9773.0
827.0 9083.0
2983.0 420.0
1688.0 3787.0
2408.0 4106.0
3498.0 1087.0
8084.0 5251.0
3415.0 8168.0
9668.0 864.0
8531.0 8109.0
5646.0 7912.0
9897.0 4896.0
6895.0 3423.0
3609.0 1375.0
6046.0 8309.0
2069.0 2320.0
7087.0 8405.0
1130.0 7408.0
2080.0 8651.0
1260.0 1268.0
4441.0 8960.0
3404.0 375.0
669.0 2680.0
2699.0 8977.0
4972.0 1191.0
5711.0 8833.0
3658.0 564.0
9366.0 9928.0
8747.0 8773.0
2214.0 1928.0
2711.0 4463.0
1215.0 8607.0
8715.0 703.0
9711.0 9956.0
3335.0 9746.0
4724.0 9182.0
1126.0 7241.0
4262.0 4388.0
2964.0 6883.0
7811.0 7076.0
2576.0 8999.0
5633.0 2278.0
8177.0 8996.0
5093.0 7477.0
8626.0 4207.0
4621.0 93.0
6007.0 67.0
8514.0 5737.0
9056.0 9125.0
8222.0 1957.0
4351.0 8835.0
8298.0 4714.0
4680.0 6641.0
7646.0 7314.0
6480.0 3315.0
9274.0 4008.0
798.0 8012.0
4182.0 3003.0
4653.0 1034.0
7552.0 6108.0
2229.0 2785.0
7929.0 4733.0
7829.0 9877.0
2532.0 4474.0
4955.0 1875.0
4361.0 3003.0
8494.0 4642.0
9286.0 8509.0
9363.0 8801.0
3752.0 8396.0
3571.0 4228.0
6283.0 467.0
87.0 4109.0
8453.0 1328.0
4440.0 4506.0
3462.0 9251.0
7454.0 7926.0
3019.0 1181.0
1060.0 1845.0
5661.0 6153.0
5537.0 5705.0
2192.0 9853.0
5192.0 2303.0
6399.0 7484.0
1794.0 2119.0
1722.0 4752.0
7733.0 1482.0
7004.0 9130.0
3323.0 8129.0
7054.0 6159.0
5123.0 56.0
6098.0 8014.0
4720.0 6210.0
4870.0 4038.0
9889.0 9944.0
4430.0 5494.0
2521.0 8741.0
2452.0 9251.0
263.0 6168.0
62.0 7640.0
1264.0 4559.0
9949.0 4180.0
3929.0 9364.0
8905.0 7454.0
6142.0 8684.0
433.0 7776.0
830.0 3948.0
5611.0 3990.0
7271.0 197.0
2866.0 6.0
125.0 6974.0
9815.0 3396.0
532.0 3291.0
2874.0 729.0
6218.0 2625.0
2722.0 6865.0
48.0 6478.0
6394.0 7982.0
8886.0 7390.0
9050.0 495.0
7239.0 4976.0
1176.0 668.0
2529.0 890.0
9332.0 2075.0
1488.0 1234.0
1122.0 683.0
9505.0 7376.0
7557.0 9776.0
7411.0 8647.0
8477.0 9429.0
2570.0 2901.0
9172.0 7767.0
3716.0 3421.0
8895.0 3759.0
1428.0 3129.0
4428.0 3725.0
8678.0 9599.0
4330.0 6332.0
8364.0 6833.0
2085.0 3277.0
7211.0 2270.0
8779.0 5384.0
8007.0 45.0
8465.0 6359.0
4533.0 3917.0
1906.0 8906.0
6161.0 5880.0
6852.0 464.0
1451.0 8942.0
5486.0 8239.0
2767.0 5008.0
2254.0 5830.0
6222.0 1369.0
7705.0 6091.0
3945.0 1798.0
6508.0 7535.0
8040.0 674.0
333.0 3956.0
8160.0 1144.0
8738.0 9502.0
7118.0 819.0
3728.0 3955.0
1456.0 919.0
6170.0 5409.0
6354.0 7425.0
4694.0 89.0
6830.0 5124.0
286.0 1540.0
9622.0 8116.0
2199.0 3907.0
2679.0 2682.0
3354.0 6525.0
1658.0 1034.0
5935.0 9579.0
5366.0 6912.0
274.0 3004.0
4537.0 6503.0
2744.0 3407.0
874.0 655.0
807.0 6203.0
5761.0 6872.0
5871.0 2715.0
568.0 2063.0
7141.0 4431.0
2952.0 9512.0
2099.0 9186.0
6068.0 6063.0
1814.0 6473.0
132.0 7984.0
1709.0 1594.0
8202.0 6480.0
980.0 922.0
630.0 6365.0
6308.0 2953.0
5083.0 3817.0
8036.0 2407.0
1553.0 1744.0
9496.0 7086.0
4267.0 3707.0
2597.0 9736.0
4899.0 9878.0
5406.0 9604.0
4031.0 1028.0
9821.0 968.0
238.0 9007.0
65.0 8301.0
8743.0 4685.0
5091.0 375.0
4023.0 6853.0
636.0 7950.0
3330.0 8045.0
9035.0 2342.0
476.0 5757.0
7486.0 4543.0
1859.0 46.0
7917.0 7167.0
9096.0 993.0
4131.0 3911.0
5211.0 1971.0
4371.0 3776.0
3762.0 7253.0
8.0 9781.0
2855.0 4876.0
3473.0 4361.0
8429.0 8284.0
1120.0 6238.0
3733.0 2695.0
9190.0 5919.0
4439.0 4691.0
3516.0 9607.0
1238.0 5998.0
6157.0 3715.0
4424.0 4912.0
4624.0 4735.0
7293.0 1415.0
1827.0 1656.0
7821.0 4346.0
7457.0 703.0
537.0 1735.0
3948.0 4577.0
2971.0 7655.0
2646.0 952.0
3620.0 1657.0
8418.0 7447.0
839.0 9223.0
3321.0 2802.0
4571.0 4206.0
2474.0 6477.0
5323.0 6780.0
7875.0 1412.0
7306.0 2817.0
8231.0 7162.0
5170.0 3204.0
5549.0 3146.0
6208.0 4082.0
1591.0 4217.0
2490.0 1455.0
9887.0 3327.0
9810.0 6166.0
1477.0 8433.0
2873.0 7712.0
5019.0 3455.0
8612.0 7873.0
4447.0 5456.0
2111.0 7637.0
9832.0 2795.0
1956.0 3390.0
9632.0 1470.0
4518.0 844.0
4959.0 9392.0
9026.0 7693.0
9056.0 797.0
7853.0 8482.0
7641.0 5525.0
8954.0 7610.0
8271.0 414.0
9839.0 9033.0
9419.0 2522.0
5012.0 3553.0
2378.0 6377.0
1291.0 7237.0
1711.0 48.0
7911.0 6908.0
2379.0 7172.0
843.0 1196.0
4207.0 4766.0
3214.0 8110.0
6884.0 8960.0
6280.0 2645.0
1124.0 3430.0
7831.0 352.0
4175.0 7754.0
7464.0 5379.0
334.0 5384.0
629.0 3972.0
9624.0 3507.0
5864.0 6851.0
314.0 9483.0
2135.0 6520.0
3441.0 1108.0
5692.0 7920.0
9971.0 423.0
8353.0 3453.0
3809.0 3290.0
1639.0 5791.0
6293.0 9479.0
3665.0 4529.0
336.0 462.0
8207.0 5083.0
4888.0 4679.0
7849.0 849.0
2883.0 2456.0
5650.0 2097.0
8333.0 5361.0
2194.0 7561.0
726.0 7164.0
7510.0 7218.0
7406.0 6170.0
9706.0 7230.0
7084.0 1127.0
4768.0 503.0
161.0 5458.0
4437.0 8880.0
3997.0 7011.0
1570.0 5413.0
3840.0 3093.0
4894.0 7695.0
2531.0 2992.0
7584.0 5736.0
4665.0 2700.0
6561.0 372.0
3384.0 9092.0
1943.0 640.0
451.0 3286.0
8527.0 1159.0
2785.0 5383.0
3787.0 2924.0
1091.0 5324.0
9199.0 3550.0
8792.0 7132.0
4417.0 5405.0
1888.0 6195.0
6127.0 2629.0
2922.0 1864.0
6046.0 491.0
4730.0 95.0
4945.0 3100.0
2120.0 3320.0
2147.0 7903.0
2138.0 7328.0
2378.0 7971.0
6114.0 7336.0
4407.0 5563.0
9130.0 8014.0
8384.0 2898.0
5081.0 4651.0
1286.0 8660.0
7977.0 5230.0
2384.0 1197.0
2695.0 5605.0
3164.0 1861.0
781.0 2533.0
8586.0 4526.0
9519.0 1765.0
9115.0 9697.0
4914.0 936.0
5432.0 4226.0
1736.0 9474.0
251.0 108.0
6316.0 264.0
4124.0 8318.0
244.0 284.0
4692.0 6165.0
5632.0 9941.0
1258.0 9176.0
5107.0 3341.0
9126.0 931.0
2210.0 4196.0
579.0 6863.0
342.0 4648.0
1971.0 507.0
946.0 6660.0
8797.0 3126.0
4067.0 8274.0
3154.0 246.0
6979.0 9408.0
552.0 1051.0
9004.0 4453.0
5453.0 9103.0
3242.0 1386.0
7444.0 5395.0
8322.0 9611.0
2492.0 7182.0
5868.0 1278.0
6178.0 8577.0
1846.0 3296.0
8301.0 1419.0
2433.0 9763.0
817.0 7324.0
7604.0 7036.0
3483.0 4459.0
8064.0 6202.0
4127.0 4989.0
3734.0 104.0
2995.0 1665.0
4398.0 4736.0
3023.0 4540.0
5739.0 7181.0
519.0 1309.0
6378.0 4800.0
3120.0 7196.0
4099.0 2973.0
4447.0 2932.0
1929.0 1033.0
7398.0 1741.0
7223.0 8694.0
450.0 8855.0
9447.0 7633.0
3937.0 9500.0
4770.0 5511.0
5660.0 3860.0
8185.0 2105.0
7789.0 9970.0
6296.0 9849.0
9453.0 8031.0
6440.0 3421.0
1928.0 2124.0
288.0 5671.0
5837.0 7773.0
2637.0 9605.0
2303.0 6380.0
8507.0 8617.0
2423.0 9969.0
4239.0 9738.0
2016.0 2231.0
729.0 7096.0
1031.0 4336.0
9512.0 5347.0
9565.0 6527.0
4793.0 5263.0
4859.0 8908.0
7151.0 6246.0
6221.0 7453.0
7034.0 2944.0
7281.0 3708.0
8741.0 5761.0
7483.0 9131.0
8045.0 7431.0
7241.0 7582.0
9097.0 394.0
3655.0 1919.0
8815.0 2237.0
6236.0 3183.0
9412.0 8875.0
4506.0 3356.0
2188.0 7732.0
1923.0 5138.0
8312.0 5645.0
3041.0 4777.0
4702.0 8701.0
3299.0 6356.0
5709.0 3753.0
3376.0 8586.0
3750.0 3829.0
2514.0 7524.0
4545.0 2166.0
7715.0 1215.0
5136.0 2089.0
8258.0 4752.0
5363.0 2480.0
7410.0 6704.0
5931.0 1035.0
5767.0 390.0
8748.0 64.0
3147.0 5999.0
7716.0 2035.0
8422.0 2000.0
602.0 4608.0
9227.0 6861.0
5174.0 7386.0
5957.0 4498.0
5283.0 5086.0
6939.0 9484.0
5010.0 4379.0
4255.0 465.0
1592.0 4131.0
2042.0 2750.0
250.0 1241.0
1768.0 3607.0
6612.0 6834.0
1345.0 6154.0
4876.0 18.0
7511.0 402.0
2391.0 8943.0
3397.0 2392.0
3816.0 1364.0
5682.0 4887.0
498.0 9484.0
8269.0 5627.0
3288.0 6236.0
1870.0 1619.0
9395.0 2798.0
1439.0 400.0
6492.0 9514.0
5860.0 1811.0
9701.0 4988.0
6786.0 6208.0
9656.0 536.0
6066.0 7613.0
2277.0 9780.0
3673.0 2762.0
3435.0 5535.0
526.0 9563.0
4176.0 8798.0
3147.0 888.0
4654.0 6995.0
9538.0 2221.0
7445.0 1257.0
8222.0 4111.0
3411.0 4933.0
4857.0 2931.0
5771.0 8070.0
3289.0 5886.0
533.0 5081.0
541.0 8780.0
3985.0 5353.0
7591.0 7505.0
369.0 8982.0
356.0 6708.0
5419.0 2381.0
7840.0 1666.0
3950.0 1010.0
6806.0 1775.0
2107.0 8908.0
4912.0 6700.0
7500.0 7295.0
6752.0 8603.0
2844.0 6946.0
9643.0 6467.0
1287.0 1569.0
8653.0 978.0
4093.0 1934.0
2731.0 923.0
3834.0 2924.0
6377.0 4620.0
8751.0 8321.0
3748.0 2329.0
6477.0 469.0
4643.0 8112.0
7748.0 4583.0
4239.0 2153.0
3287.0 9936.0
1046.0 6987.0
9527.0 2625.0
9934.0 3614.0
1325.0 7164.0
9698.0 5996.0
2343.0 6620.0
7052.0 4893.0
6253.0 3517.0
1456.0 4527.0
4436.0 6246.0
7715.0 8031.0
8319.0 8205.0
5752.0 195.0
7055.0 9362.0
9458.0 8448.0
3662.0 2540.0
9049.0 5583.0
5318.0 9062.0
3845.0 170.0
5979.0 1072.0
4866.0 3169.0
1938.0 172.0
9183.0 1692.0
3559.0 4671.0
423.0 3400.0
8788.0 144.0
2337.0 7515.0
6648.0 510.0
4881.0 929.0
1340.0 9387.0
4654.0 353.0
175.0 3950.0
4191.0 4036.0
926.0 5977.0
6971.0 8986.0
6832.0 7367.0
7542.0 2183.0
9875.0 9813.0
8748.0 6788.0
5503.0 870.0
392.0 6764.0
4484.0 1169.0
6291.0 5939.0
28.0 9941.0
9137.0 9985.0
855.0 8667.0
5065.0 2254.0
3362.0 4985.0
2350.0 6957.0
8576.0 1662.0
1135.0 5719.0
2030.0 7801.0
3631.0 5891.0
7246.0 2045.0
6678.0 1678.0
5977.0 9973.0
1072.0 1510.0
875.0 451.0
4625.0 7669.0
8755.0 8145.0
8302.0 6601.0
5109.0 1893.0
7393.0 947.0
3050.0 1246.0
2140.0 6728.0
2320.0 5797.0
4697.0 1659.0
6576.0 4614.0
1868.0 3119.0
9552.0 5460.0
5515.0 6678.0
3322.0 6026.0
5076.0 8719.0
4302.0 1927.0
9092.0 9114.0
5137.0 8656.0
5136.0 2397.0
3174.0 7264.0
103.0 8480.0
8669.0 5936.0
5247.0 6316.0
8366.0 2263.0
2875.0 6530.0
2669.0 3344.0
4122.0 1486.0
7015.0 3552.0
9732.0 3750.0
642.0 2088.0
8235.0 6456.0
8407.0 5126.0
8444.0 1517.0
3827.0 9726.0
5698.0 4189.0
4003.0 9275.0
3756.0 4932.0
9569.0 2670.0
6730.0 2091.0
5368.0 1952.0
8041.0 1306.0
10000.0 5649.0
5722.0 208.0
4899.0 7532.0
6050.0 9308.0
6108.0 3033.0
9910.0 2588.0
4440.0 8003.0
8758.0 3786.0
2134.0 7114.0
9663.0 6802.0
