1
32 1 3.0 0.0 1000.0 3 160 240 100

6.5 13.5 29.3 58.5
13.0 27.0 58.5 117.0
19.5 40.5 87.8 175.5
26.0 54.0 117.0 234.0
39.0 81.0 175.5 351.0
52.0 108.0 234.0 468.0
58.5 121.5 263.3 526.5
65.0 135.0 292.5 585.0
78.0 162.0 351.0 702.0
0.0 180.0 390.0 780.0

2.0 5.0 8.0 11.0
5.0 8.0 11.0 14.0
9.0 12.0 15.0 18.0
11.0 14.0 17.0 20.0
15.0 18.0 21.0 24.0
18.0 21.0 24.0 27.0
20.0 23.0 26.0 29.0
25.0 28.0 31.0 34.0
29.0 32.0 35.0 38.0
0.0 34.0 37.0 40.0

6604.0 1211.0
5265.0 7308.0
1743.0 2506.0
6220.0 809.0
7530.0 4352.0
8887.0 1841.0
2733.0 3873.0
9959.0 1602.0
6477.0 3321.0
3199.0 9496.0
3837.0 541.0
8609.0 3197.0
950.0 757.0
8627.0 9588.0
266.0 9403.0
3246.0 7547.0
9143.0 8229.0
8486.0 6043.0
7422.0 9397.0
5117.0 3550.0
2156.0 4816.0
7065.0 7226.0
164.0 414.0
1400.0 2843.0
1560.0 7599.0
4320.0 8953.0
9931.0 6620.0
67.0 1255.0
7323.0 9062.0
2156.0 5646.0
4708.0 9195.0
8854.0 933.0

6609.0 1216.0
5270.0 7313.0
1747.0 2512.0
6225.0 814.0
7534.0 4357.0
8893.0 1845.0
2739.0 3878.0
9964.0 1608.0
6482.0 3326.0
3205.0 9501.0
3842.0 545.0
8613.0 3202.0
956.0 762.0
8632.0 9594.0
271.0 9407.0
3251.0 7553.0
9149.0 8234.0
8491.0 6049.0
7426.0 9402.0
5122.0 3554.0
2162.0 4821.0
7071.0 7230.0
169.0 419.0
1406.0 2848.0
1565.0 7604.0
4326.0 8958.0
9937.0 6624.0
72.0 1261.0
7328.0 9068.0
2161.0 5651.0
4713.0 9200.0
8859.0 939.0
