1
32 1 3.0 0.0 1000.0 3 160 240 100

6.5 13.5 29.3 58.5
13.0 27.0 58.5 117.0
19.5 40.5 87.8 175.5
26.0 54.0 117.0 234.0
39.0 81.0 175.5 351.0
52.0 108.0 234.0 468.0
58.5 121.5 263.3 526.5
65.0 135.0 292.5 585.0
78.0 162.0 351.0 702.0
0.0 180.0 390.0 780.0

2.0 5.0 8.0 11.0
5.0 8.0 11.0 14.0
9.0 12.0 15.0 18.0
11.0 14.0 17.0 20.0
15.0 18.0 21.0 24.0
18.0 21.0 24.0 27.0
20.0 23.0 26.0 29.0
25.0 28.0 31.0 34.0
29.0 32.0 35.0 38.0
0.0 34.0 37.0 40.0

1400.0 5043.0
2666.0 3808.0
824.0 2058.0
3107.0 2401.0
1197.0 6065.0
4894.0 8447.0
1585.0 6882.0
2694.0 538.0
6028.0 443.0
6009.0 3622.0
2145.0 9060.0
9776.0 4805.0
6105.0 4878.0
8877.0 1893.0
4636.0 6253.0
8448.0 5660.0
7237.0 9272.0
4399.0 9307.0
4256.0 9152.0
1090.0 1101.0
8988.0 8737.0
5531.0 8665.0
4480.0 3820.0
63.0 5890.0
8179.0 7525.0
7910.0 5962.0
112.0 8457.0
8513.0 6456.0
2747.0 9872.0
2084.0 4995.0
3198.0 9571.0
5268.0 6446.0

1405.0 5048.0
2671.0 3813.0
830.0 2063.0
3111.0 2407.0
1202.0 6069.0
4899.0 8452.0
1590.0 6887.0
2699.0 544.0
6033.0 448.0
6014.0 3627.0
2150.0 9066.0
9781.0 4809.0
6110.0 4883.0
8882.0 1899.0
4641.0 6258.0
8453.0 5665.0
7243.0 9277.0
4405.0 9312.0
4261.0 9158.0
1094.0 1106.0
8993.0 8742.0
5537.0 8669.0
4486.0 3825.0
69.0 5895.0
8185.0 7530.0
7916.0 5967.0
117.0 8462.0
8518.0 6462.0
2751.0 9878.0
2089.0 5000.0
3202.0 9577.0
5272.0 6451.0
