1
32 1 3.0 0.0 1000.0 3 160 240 100

6.5 13.5 29.3 58.5
13.0 27.0 58.5 117.0
19.5 40.5 87.8 175.5
26.0 54.0 117.0 234.0
39.0 81.0 175.5 351.0
52.0 108.0 234.0 468.0
58.5 121.5 263.3 526.5
65.0 135.0 292.5 585.0
78.0 162.0 351.0 702.0
0.0 180.0 390.0 780.0

2.0 5.0 8.0 11.0
5.0 8.0 11.0 14.0
9.0 12.0 15.0 18.0
11.0 14.0 17.0 20.0
15.0 18.0 21.0 24.0
18.0 21.0 24.0 27.0
20.0 23.0 26.0 29.0
25.0 28.0 31.0 34.0
29.0 32.0 35.0 38.0
0.0 34.0 37.0 40.0

5387.0 3208.0
2877.0 2004.0
8349.0 9728.0
9085.0 3432.0
9573.0 5882.0
9636.0 8106.0
9237.0 2486.0
2088.0 4712.0
7927.0 1063.0
6381.0 3411.0
3703.0 8120.0
7358.0 6580.0
2417.0 4486.0
8042.0 4191.0
1936.0 9458.0
5601.0 4770.0
3448.0 1962.0
4407.0 5441.0
5503.0 3459.0
3099.0 7014.0
8956.0 9836.0
5082.0 2595.0
3488.0 1991.0
4346.0 709.0
8847.0 7350.0
1055.0 6394.0
6492.0 7036.0
3786.0 6253.0
9796.0 5923.0
7859.0 5936.0
3475.0 5297.0
1653.0 1036.0

5392.0 3214.0
2882.0 2009.0
8354.0 9733.0
9091.0 3437.0
9577.0 5887.0
9641.0 8111.0
9242.0 2492.0
2092.0 4718.0
7933.0 1068.0
6385.0 3416.0
3708.0 8126.0
7364.0 6585.0
2422.0 4491.0
8046.0 4196.0
1940.0 9463.0
5606.0 4776.0
3453.0 1966.0
4412.0 5447.0
5508.0 3465.0
3104.0 7019.0
8962.0 9841.0
5087.0 2601.0
3493.0 1997.0
4352.0 714.0
8852.0 7354.0
1060.0 6399.0
6497.0 7042.0
3792.0 6257.0
9801.0 5928.0
7863.0 5941.0
3480.0 5302.0
1659.0 1041.0
