1
32 1 3.0 0.0 1000.0 3 160 240 100

6.5 13.5 29.3 58.5
13.0 27.0 58.5 117.0
19.5 40.5 87.8 175.5
26.0 54.0 117.0 234.0
39.0 81.0 175.5 351.0
52.0 108.0 234.0 468.0
58.5 121.5 263.3 526.5
65.0 135.0 292.5 585.0
78.0 162.0 351.0 702.0
0.0 180.0 390.0 780.0

2.0 5.0 8.0 11.0
5.0 8.0 11.0 14.0
9.0 12.0 15.0 18.0
11.0 14.0 17.0 20.0
15.0 18.0 21.0 24.0
18.0 21.0 24.0 27.0
20.0 23.0 26.0 29.0
25.0 28.0 31.0 34.0
29.0 32.0 35.0 38.0
0.0 34.0 37.0 40.0

9641.0 9425.0
4.0 4637.0
4576.0 7780.0
695.0 5835.0
14.0 2653.0
5486.0 124.0
1498.0 2660.0
3314.0 9901.0
9775.0 638.0
6223.0 6949.0
3000.0 1248.0
8573.0 573.0
5292.0 1773.0
130.0 8494.0
2348.0 5843.0
4975.0 1454.0
7240.0 2297.0
620.0 5024.0
2088.0 3923.0
4269.0 4584.0
3757.0 3306.0
5621.0 1956.0
4250.0 5487.0
8142.0 4666.0
8953.0 9689.0
3205.0 1303.0
8407.0 4817.0
4029.0 8968.0
1763.0 5965.0
8815.0 1272.0
2583.0 1655.0
5010.0 7876.0

9646.0 9430.0
9.0 4643.0
4581.0 7785.0
700.0 5840.0
18.0 2659.0
5492.0 128.0
1503.0 2665.0
3319.0 9907.0
9781.0 642.0
6229.0 6954.0
3004.0 1254.0
8579.0 577.0
5297.0 1779.0
136.0 8498.0
2352.0 5848.0
4980.0 1459.0
7245.0 2301.0
626.0 5028.0
2093.0 3927.0
4274.0 4589.0
3763.0 3311.0
5625.0 1962.0
4255.0 5493.0
8147.0 4672.0
8959.0 9694.0
3209.0 1308.0
8411.0 4823.0
4034.0 8974.0
1769.0 5969.0
8821.0 1277.0
2587.0 1660.0
5015.0 7881.0
