1
32 1 3.0 0.0 1000.0 3 160 240 100

6.5 13.5 29.3 58.5
13.0 27.0 58.5 117.0
19.5 40.5 87.8 175.5
26.0 54.0 117.0 234.0
39.0 81.0 175.5 351.0
52.0 108.0 234.0 468.0
58.5 121.5 263.3 526.5
65.0 135.0 292.5 585.0
78.0 162.0 351.0 702.0
0.0 180.0 390.0 780.0

2.0 5.0 8.0 11.0
5.0 8.0 11.0 14.0
9.0 12.0 15.0 18.0
11.0 14.0 17.0 20.0
15.0 18.0 21.0 24.0
18.0 21.0 24.0 27.0
20.0 23.0 26.0 29.0
25.0 28.0 31.0 34.0
29.0 32.0 35.0 38.0
0.0 34.0 37.0 40.0

7362.0 9404.0
9936.0 8630.0
7510.0 3002.0
8731.0 2002.0
9101.0 1630.0
1640.0 5412.0
1162.0 3992.0
1161.0 3485.0
51.0 928.0
6546.0 1119.0
2358.0 2871.0
4035.0 4296.0
4814.0 6126.0
1599.0 9253.0
1858.0 7695.0
121.0 1018.0
4026.0 871.0
5414.0 4748.0
2833.0 6332.0
8008.0 5881.0
315.0 5960.0
107.0 7558.0
3876.0 9113.0
1626.0 6301.0
9628.0 3576.0
9741.0 9412.0
9874.0 5912.0
8849.0 90.0
2897.0 8449.0
357.0 8721.0
5731.0 2626.0
4219.0 1330.0

7368.0 9409.0
9941.0 8636.0
7514.0 3007.0
8735.0 2007.0
9106.0 1636.0
1645.0 5417.0
1168.0 3997.0
1166.0 3491.0
56.0 932.0
6550.0 1124.0
2363.0 2875.0
4039.0 4302.0
4818.0 6131.0
1603.0 9259.0
1864.0 7700.0
126.0 1023.0
4030.0 876.0
5419.0 4754.0
2838.0 6337.0
8013.0 5886.0
320.0 5966.0
113.0 7563.0
3881.0 9117.0
1631.0 6305.0
9633.0 3580.0
9745.0 9417.0
9879.0 5916.0
8855.0 95.0
2901.0 8454.0
362.0 8725.0
5736.0 2631.0
4223.0 1335.0
