1
32 1 3.0 0.0 1000.0 3 160 240 100

6.5 13.5 29.3 58.5
13.0 27.0 58.5 117.0
19.5 40.5 87.8 175.5
26.0 54.0 117.0 234.0
39.0 81.0 175.5 351.0
52.0 108.0 234.0 468.0
58.5 121.5 263.3 526.5
65.0 135.0 292.5 585.0
78.0 162.0 351.0 702.0
0.0 180.0 390.0 780.0

2.0 5.0 8.0 11.0
5.0 8.0 11.0 14.0
9.0 12.0 15.0 18.0
11.0 14.0 17.0 20.0
15.0 18.0 21.0 24.0
18.0 21.0 24.0 27.0
20.0 23.0 26.0 29.0
25.0 28.0 31.0 34.0
29.0 32.0 35.0 38.0
0.0 34.0 37.0 40.0

144.0 4817.0
5285.0 4430.0
4903.0 4781.0
8244.0 3253.0
6983.0 8485.0
8455.0 2327.0
5828.0 9008.0
456.0 7947.0
9403.0 4798.0
4179.0 1260.0
5111.0 7944.0
9434.0 6144.0
203.0 3782.0
7415.0 7954.0
2357.0 1534.0
1136.0 4120.0
3573.0 8224.0
9212.0 66.0
3067.0 595.0
9897.0 6424.0
7312.0 2248.0
4800.0 6030.0
7902.0 5728.0
4184.0 1669.0
396.0 1805.0
8273.0 8051.0
9805.0 636.0
1464.0 3991.0
897.0 2081.0
8881.0 3274.0
3968.0 4863.0
7165.0 5173.0

149.0 4821.0
5290.0 4435.0
4907.0 4787.0
8249.0 3259.0
6989.0 8490.0
8460.0 2333.0
5833.0 9013.0
461.0 7951.0
9407.0 4804.0
4184.0 1264.0
5116.0 7949.0
9439.0 6148.0
209.0 3787.0
7420.0 7959.0
2362.0 1539.0
1140.0 4126.0
3579.0 8228.0
9218.0 71.0
3072.0 599.0
9902.0 6428.0
7316.0 2253.0
4805.0 6035.0
7907.0 5733.0
4189.0 1675.0
402.0 1810.0
8278.0 8056.0
9810.0 641.0
1469.0 3995.0
902.0 2086.0
8885.0 3279.0
3973.0 4868.0
7170.0 5177.0
