1
32 1 3.0 0.0 1000.0 3 160 240 100

6.5 13.5 29.3 58.5
13.0 27.0 58.5 117.0
19.5 40.5 87.8 175.5
26.0 54.0 117.0 234.0
39.0 81.0 175.5 351.0
52.0 108.0 234.0 468.0
58.5 121.5 263.3 526.5
65.0 135.0 292.5 585.0
78.0 162.0 351.0 702.0
0.0 180.0 390.0 780.0

2.0 5.0 8.0 11.0
5.0 8.0 11.0 14.0
9.0 12.0 15.0 18.0
11.0 14.0 17.0 20.0
15.0 18.0 21.0 24.0
18.0 21.0 24.0 27.0
20.0 23.0 26.0 29.0
25.0 28.0 31.0 34.0
29.0 32.0 35.0 38.0
0.0 34.0 37.0 40.0

6392.0 3797.0
87.0 7654.0
2646.0 2755.0
1488.0 2124.0
3231.0 9055.0
6110.0 5949.0
1993.0 9265.0
8227.0 2025.0
7318.0 3462.0
5476.0 1329.0
9453.0 6176.0
4754.0 8445.0
7328.0 8636.0
5123.0 7978.0
5530.0 2077.0
9655.0 2798.0
4617.0 4307.0
619.0 7619.0
409.0 4281.0
4927.0 3871.0
440.0 1895.0
9253.0 4349.0
8225.0 2733.0
6740.0 8616.0
8515.0 9997.0
9715.0 2638.0
9185.0 8333.0
5303.0 8613.0
7949.0 6798.0
3393.0 3499.0
4534.0 676.0
8827.0 7186.0

6398.0 3801.0
91.0 7659.0
2652.0 2760.0
1492.0 2129.0
3236.0 9061.0
6114.0 5954.0
1997.0 9270.0
8232.0 2030.0
7322.0 3468.0
5482.0 1333.0
9458.0 6181.0
4759.0 8451.0
7333.0 8642.0
5129.0 7982.0
5536.0 2082.0
9661.0 2802.0
4622.0 4312.0
624.0 7624.0
414.0 4286.0
4933.0 3876.0
445.0 1900.0
9258.0 4353.0
8230.0 2738.0
6745.0 8621.0
8520.0 10002.0
9720.0 2643.0
9191.0 8338.0
5309.0 8617.0
7954.0 6803.0
3398.0 3503.0
4539.0 681.0
8833.0 7191.0
