1
32 1 3.0 0.0 1000.0 3 160 240 100

6.5 13.5 29.3 58.5
13.0 27.0 58.5 117.0
19.5 40.5 87.8 175.5
26.0 54.0 117.0 234.0
39.0 81.0 175.5 351.0
52.0 108.0 234.0 468.0
58.5 121.5 263.3 526.5
65.0 135.0 292.5 585.0
78.0 162.0 351.0 702.0
0.0 180.0 390.0 780.0

2.0 5.0 8.0 11.0
5.0 8.0 11.0 14.0
9.0 12.0 15.0 18.0
11.0 14.0 17.0 20.0
15.0 18.0 21.0 24.0
18.0 21.0 24.0 27.0
20.0 23.0 26.0 29.0
25.0 28.0 31.0 34.0
29.0 32.0 35.0 38.0
0.0 34.0 37.0 40.0

5108.0 6113.0
4200.0 3038.0
3232.0 9621.0
170.0 5031.0
7547.0 7930.0
3931.0 7597.0
7450.0 9559.0
367.0 5926.0
1438.0 8770.0
5858.0 809.0
951.0 1466.0
9451.0 7883.0
1219.0 9908.0
8540.0 5245.0
9762.0 5968.0
983.0 421.0
5720.0 5174.0
8063.0 143.0
5676.0 6230.0
5206.0 8939.0
4126.0 3281.0
9877.0 4994.0
9272.0 618.0
8558.0 4260.0
7296.0 2065.0
7234.0 6300.0
780.0 9773.0
2288.0 7836.0
9435.0 9640.0
1228.0 2480.0
3807.0 3097.0
5165.0 7621.0

5113.0 6119.0
4205.0 3043.0
3236.0 9627.0
175.0 5035.0
7551.0 7935.0
3937.0 7601.0
7455.0 9565.0
371.0 5931.0
1443.0 8775.0
5863.0 814.0
956.0 1471.0
9456.0 7888.0
1224.0 9913.0
8546.0 5250.0
9766.0 5973.0
989.0 426.0
5724.0 5179.0
8069.0 148.0
5682.0 6235.0
5211.0 8943.0
4131.0 3285.0
9882.0 4998.0
9276.0 623.0
8563.0 4266.0
7301.0 2071.0
7239.0 6304.0
785.0 9778.0
2294.0 7840.0
9441.0 9644.0
1233.0 2485.0
3811.0 3102.0
5169.0 7627.0
