1
32 1 3.0 0.0 1000.0 3 160 240 100

6.5 13.5 29.3 58.5
13.0 27.0 58.5 117.0
19.5 40.5 87.8 175.5
26.0 54.0 117.0 234.0
39.0 81.0 175.5 351.0
52.0 108.0 234.0 468.0
58.5 121.5 263.3 526.5
65.0 135.0 292.5 585.0
78.0 162.0 351.0 702.0
0.0 180.0 390.0 780.0

2.0 5.0 8.0 11.0
5.0 8.0 11.0 14.0
9.0 12.0 15.0 18.0
11.0 14.0 17.0 20.0
15.0 18.0 21.0 24.0
18.0 21.0 24.0 27.0
20.0 23.0 26.0 29.0
25.0 28.0 31.0 34.0
29.0 32.0 35.0 38.0
0.0 34.0 37.0 40.0

4674.0 7114.0
6684.0 7852.0
8450.0 5332.0
6918.0 2882.0
2938.0 9493.0
6612.0 9528.0
5716.0 3581.0
8683.0 3183.0
1390.0 182.0
43.0 7583.0
825.0 2394.0
653.0 2566.0
2382.0 9561.0
2104.0 5203.0
5812.0 6548.0
7617.0 5277.0
1973.0 8789.0
7895.0 8586.0
4046.0 7837.0
9737.0 4040.0
8394.0 4631.0
6819.0 3037.0
5747.0 227.0
4565.0 2097.0
5867.0 6196.0
3523.0 2213.0
1355.0 9433.0
8151.0 920.0
8777.0 8595.0
437.0 5539.0
7752.0 1901.0
260.0 8581.0

4679.0 7119.0
6690.0 7857.0
8455.0 5337.0
6922.0 2888.0
2943.0 9497.0
6616.0 9534.0
5721.0 3586.0
8688.0 3188.0
1395.0 186.0
48.0 7589.0
830.0 2400.0
658.0 2572.0
2387.0 9566.0
2109.0 5208.0
5818.0 6553.0
7622.0 5282.0
1978.0 8795.0
7901.0 8591.0
4051.0 7841.0
9742.0 4045.0
8399.0 4635.0
6824.0 3042.0
5752.0 232.0
4571.0 2102.0
5872.0 6201.0
3527.0 2218.0
1360.0 9439.0
8156.0 926.0
8782.0 8601.0
442.0 5544.0
7757.0 1905.0
264.0 8586.0
