1
32 1 3.0 0.0 1000.0 3 160 240 100

6.5 13.5 29.3 58.5
13.0 27.0 58.5 117.0
19.5 40.5 87.8 175.5
26.0 54.0 117.0 234.0
39.0 81.0 175.5 351.0
52.0 108.0 234.0 468.0
58.5 121.5 263.3 526.5
65.0 135.0 292.5 585.0
78.0 162.0 351.0 702.0
0.0 180.0 390.0 780.0

2.0 5.0 8.0 11.0
5.0 8.0 11.0 14.0
9.0 12.0 15.0 18.0
11.0 14.0 17.0 20.0
15.0 18.0 21.0 24.0
18.0 21.0 24.0 27.0
20.0 23.0 26.0 29.0
25.0 28.0 31.0 34.0
29.0 32.0 35.0 38.0
0.0 34.0 37.0 40.0

8353.0 6631.0
3030.0 9467.0
245.0 3420.0
1822.0 347.0
2005.0 5934.0
9632.0 1731.0
5939.0 953.0
8529.0 2327.0
9828.0 4359.0
1370.0 8382.0
3639.0 2475.0
4893.0 9932.0
1347.0 5344.0
5449.0 8542.0
8557.0 1677.0
9291.0 7521.0
9063.0 7706.0
1832.0 8088.0
6035.0 4649.0
2790.0 7453.0
5979.0 2034.0
6632.0 7308.0
6135.0 6598.0
225.0 3693.0
8489.0 8988.0
2119.0 1712.0
6059.0 2990.0
371.0 1084.0
9605.0 4519.0
8317.0 1005.0
5445.0 91.0
223.0 5281.0

8358.0 6637.0
3035.0 9473.0
250.0 3424.0
1826.0 352.0
2010.0 5940.0
9637.0 1736.0
5945.0 958.0
8535.0 2332.0
9832.0 4364.0
1375.0 8387.0
3645.0 2479.0
4898.0 9937.0
1353.0 5348.0
5453.0 8547.0
8562.0 1682.0
9296.0 7525.0
9068.0 7712.0
1837.0 8093.0
6040.0 4653.0
2795.0 7458.0
5983.0 2039.0
6638.0 7313.0
6139.0 6603.0
230.0 3698.0
8494.0 8992.0
2124.0 1717.0
6064.0 2995.0
376.0 1089.0
9609.0 4524.0
8322.0 1011.0
5450.0 95.0
228.0 5286.0
