1
32 1 3.0 0.0 1000.0 3 160 240 100

6.5 13.5 29.3 58.5
13.0 27.0 58.5 117.0
19.5 40.5 87.8 175.5
26.0 54.0 117.0 234.0
39.0 81.0 175.5 351.0
52.0 108.0 234.0 468.0
58.5 121.5 263.3 526.5
65.0 135.0 292.5 585.0
78.0 162.0 351.0 702.0
0.0 180.0 390.0 780.0

2.0 5.0 8.0 11.0
5.0 8.0 11.0 14.0
9.0 12.0 15.0 18.0
11.0 14.0 17.0 20.0
15.0 18.0 21.0 24.0
18.0 21.0 24.0 27.0
20.0 23.0 26.0 29.0
25.0 28.0 31.0 34.0
29.0 32.0 35.0 38.0
0.0 34.0 37.0 40.0

506.0 2208.0
1935.0 49.0
2287.0 4554.0
9189.0 163.0
9153.0 4016.0
2974.0 106.0
6235.0 3869.0
9233.0 5253.0
8377.0 6392.0
4154.0 5977.0
9156.0 6196.0
3315.0 9637.0
2506.0 2995.0
969.0 1565.0
7642.0 3550.0
1393.0 6022.0
433.0 5006.0
6696.0 605.0
6884.0 4357.0
8023.0 69.0
6902.0 1261.0
9546.0 8066.0
9004.0 3926.0
7179.0 7745.0
9133.0 309.0
6411.0 4718.0
9239.0 9335.0
6183.0 8347.0
3807.0 9379.0
8220.0 9851.0
4972.0 3730.0
3731.0 8183.0

511.0 2213.0
1940.0 55.0
2292.0 4558.0
9194.0 168.0
9158.0 4021.0
2979.0 111.0
6240.0 3874.0
9237.0 5258.0
8382.0 6397.0
4158.0 5982.0
9161.0 6202.0
3320.0 9641.0
2512.0 3000.0
974.0 1570.0
7647.0 3555.0
1398.0 6027.0
438.0 5010.0
6701.0 611.0
6888.0 4362.0
8028.0 75.0
6907.0 1267.0
9552.0 8071.0
9009.0 3930.0
7184.0 7750.0
9138.0 314.0
6417.0 4723.0
9245.0 9340.0
6188.0 8353.0
3812.0 9384.0
8225.0 9855.0
4977.0 3735.0
3736.0 8188.0
