1
32 1 3.0 0.0 1000.0 3 160 240 100

6.5 13.5 29.3 58.5
13.0 27.0 58.5 117.0
19.5 40.5 87.8 175.5
26.0 54.0 117.0 234.0
39.0 81.0 175.5 351.0
52.0 108.0 234.0 468.0
58.5 121.5 263.3 526.5
65.0 135.0 292.5 585.0
78.0 162.0 351.0 702.0
0.0 180.0 390.0 780.0

2.0 5.0 8.0 11.0
5.0 8.0 11.0 14.0
9.0 12.0 15.0 18.0
11.0 14.0 17.0 20.0
15.0 18.0 21.0 24.0
18.0 21.0 24.0 27.0
20.0 23.0 26.0 29.0
25.0 28.0 31.0 34.0
29.0 32.0 35.0 38.0
0.0 34.0 37.0 40.0

9217.0 5048.0
1429.0 3784.0
9059.0 6122.0
4236.0 7537.0
3035.0 9852.0
2066.0 5118.0
7079.0 3877.0
3496.0 6434.0
6565.0 3928.0
1849.0 1892.0
5178.0 2803.0
4820.0 5661.0
7665.0 31.0
5507.0 9180.0
7114.0 1960.0
6740.0 5880.0
9939.0 4492.0
3134.0 610.0
4232.0 3191.0
7779.0 9735.0
9637.0 7988.0
2968.0 384.0
9425.0 2219.0
6902.0 9830.0
7916.0 8214.0
760.0 8467.0
8936.0 4160.0
3066.0 2375.0
3445.0 9481.0
756.0 3939.0
7023.0 8442.0
8871.0 1498.0

9222.0 5053.0
1434.0 3789.0
9063.0 6127.0
4241.0 7542.0
3040.0 9857.0
2071.0 5123.0
7084.0 3882.0
3501.0 6440.0
6571.0 3932.0
1854.0 1896.0
5182.0 2808.0
4825.0 5667.0
7669.0 36.0
5512.0 9186.0
7119.0 1965.0
6745.0 5886.0
9944.0 4497.0
3139.0 615.0
4237.0 3197.0
7785.0 9740.0
9642.0 7993.0
2974.0 389.0
9431.0 2224.0
6907.0 9836.0
7921.0 8219.0
764.0 8472.0
8940.0 4166.0
3070.0 2380.0
3451.0 9486.0
761.0 3944.0
7028.0 8447.0
8876.0 1503.0
