1
32 1 3.0 0.0 1000.0 3 160 240 100

6.5 13.5 29.3 58.5
13.0 27.0 58.5 117.0
19.5 40.5 87.8 175.5
26.0 54.0 117.0 234.0
39.0 81.0 175.5 351.0
52.0 108.0 234.0 468.0
58.5 121.5 263.3 526.5
65.0 135.0 292.5 585.0
78.0 162.0 351.0 702.0
0.0 180.0 390.0 780.0

2.0 5.0 8.0 11.0
5.0 8.0 11.0 14.0
9.0 12.0 15.0 18.0
11.0 14.0 17.0 20.0
15.0 18.0 21.0 24.0
18.0 21.0 24.0 27.0
20.0 23.0 26.0 29.0
25.0 28.0 31.0 34.0
29.0 32.0 35.0 38.0
0.0 34.0 37.0 40.0

3365.0 6849.0
9446.0 570.0
9509.0 7359.0
5694.0 1011.0
849.0 1469.0
8113.0 9220.0
3402.0 8414.0
9474.0 6070.0
8019.0 2924.0
9228.0 7348.0
6721.0 7596.0
9349.0 9166.0
404.0 3457.0
9072.0 1115.0
8584.0 8449.0
438.0 8138.0
4343.0 6066.0
9051.0 4601.0
140.0 8852.0
6984.0 6544.0
2645.0 4018.0
7217.0 575.0
7278.0 866.0
1551.0 396.0
5591.0 2282.0
6392.0 4434.0
1183.0 4998.0
3327.0 550.0
2292.0 5866.0
3902.0 6307.0
1743.0 3869.0
524.0 5771.0

3371.0 6854.0
9451.0 575.0
9514.0 7363.0
5699.0 1015.0
853.0 1474.0
8118.0 9225.0
3406.0 8420.0
9480.0 6075.0
8024.0 2929.0
9233.0 7353.0
6725.0 7601.0
9354.0 9171.0
410.0 3462.0
9078.0 1120.0
8588.0 8454.0
444.0 8142.0
4347.0 6071.0
9056.0 4605.0
145.0 8856.0
6988.0 6549.0
2650.0 4023.0
7222.0 581.0
7283.0 871.0
1556.0 401.0
5596.0 2287.0
6397.0 4440.0
1189.0 5003.0
3332.0 555.0
2297.0 5871.0
3906.0 6313.0
1748.0 3874.0
530.0 5775.0
