1
32 1 3.0 0.0 1000.0 3 160 240 100

6.5 13.5 29.3 58.5
13.0 27.0 58.5 117.0
19.5 40.5 87.8 175.5
26.0 54.0 117.0 234.0
39.0 81.0 175.5 351.0
52.0 108.0 234.0 468.0
58.5 121.5 263.3 526.5
65.0 135.0 292.5 585.0
78.0 162.0 351.0 702.0
0.0 180.0 390.0 780.0

2.0 5.0 8.0 11.0
5.0 8.0 11.0 14.0
9.0 12.0 15.0 18.0
11.0 14.0 17.0 20.0
15.0 18.0 21.0 24.0
18.0 21.0 24.0 27.0
20.0 23.0 26.0 29.0
25.0 28.0 31.0 34.0
29.0 32.0 35.0 38.0
0.0 34.0 37.0 40.0

2723.0 7856.0
6926.0 6680.0
9280.0 4164.0
8230.0 2274.0
8529.0 3666.0
5753.0 2406.0
9567.0 8628.0
1951.0 2036.0
4284.0 7262.0
291.0 45.0
190.0 6962.0
5079.0 3008.0
9598.0 720.0
5179.0 1703.0
5861.0 6478.0
3542.0 1345.0
9796.0 1616.0
6953.0 9020.0
1980.0 7320.0
2914.0 4290.0
9073.0 46.0
3075.0 1450.0
4836.0 9812.0
5123.0 4412.0
9000.0 7546.0
7556.0 7695.0
9666.0 6214.0
4241.0 9495.0
7381.0 2945.0
8182.0 5310.0
1566.0 1904.0
6399.0 3103.0

2729.0 7860.0
6931.0 6684.0
9285.0 4169.0
8235.0 2280.0
8534.0 3672.0
5758.0 2411.0
9571.0 8633.0
1956.0 2041.0
4290.0 7266.0
295.0 50.0
195.0 6967.0
5084.0 3013.0
9603.0 725.0
5184.0 1709.0
5865.0 6484.0
3547.0 1350.0
9801.0 1620.0
6957.0 9025.0
1985.0 7325.0
2919.0 4294.0
9078.0 50.0
3079.0 1455.0
4840.0 9818.0
5128.0 4418.0
9005.0 7552.0
7561.0 7699.0
9671.0 6219.0
4246.0 9499.0
7386.0 2949.0
8187.0 5314.0
1570.0 1909.0
6404.0 3108.0
