1
32 1 3.0 0.0 1000.0 3 160 240 100

6.5 13.5 29.3 58.5
13.0 27.0 58.5 117.0
19.5 40.5 87.8 175.5
26.0 54.0 117.0 234.0
39.0 81.0 175.5 351.0
52.0 108.0 234.0 468.0
58.5 121.5 263.3 526.5
65.0 135.0 292.5 585.0
78.0 162.0 351.0 702.0
0.0 180.0 390.0 780.0

2.0 5.0 8.0 11.0
5.0 8.0 11.0 14.0
9.0 12.0 15.0 18.0
11.0 14.0 17.0 20.0
15.0 18.0 21.0 24.0
18.0 21.0 24.0 27.0
20.0 23.0 26.0 29.0
25.0 28.0 31.0 34.0
29.0 32.0 35.0 38.0
0.0 34.0 37.0 40.0

5768.0 554.0
7758.0 8756.0
352.0 48.0
2601.0 8698.0
6372.0 2652.0
4521.0 2718.0
4268.0 6428.0
388.0 7409.0
587.0 9216.0
8475.0 8536.0
7940.0 6421.0
6368.0 7799.0
3210.0 8871.0
4633.0 9224.0
4669.0 480.0
8175.0 6142.0
1170.0 7917.0
9681.0 2244.0
9078.0 7037.0
2083.0 2686.0
5113.0 3283.0
9439.0 3716.0
5749.0 5785.0
8147.0 1814.0
6352.0 7394.0
2924.0 5794.0
5718.0 5372.0
4437.0 7882.0
4159.0 9952.0
8018.0 2207.0
5826.0 521.0
5379.0 1715.0

5772.0 560.0
7764.0 8761.0
357.0 52.0
2606.0 8703.0
6377.0 2658.0
4527.0 2723.0
4274.0 6433.0
393.0 7415.0
592.0 9221.0
8480.0 8542.0
7944.0 6426.0
6374.0 7803.0
3216.0 8875.0
4637.0 9230.0
4673.0 486.0
8180.0 6148.0
1176.0 7921.0
9687.0 2249.0
9083.0 7042.0
2088.0 2692.0
5118.0 3287.0
9443.0 3721.0
5754.0 5790.0
8151.0 1819.0
6358.0 7399.0
2929.0 5799.0
5723.0 5377.0
4441.0 7887.0
4164.0 9957.0
8023.0 2211.0
5831.0 527.0
5385.0 1719.0
