1
32 1 3.0 0.0 1000.0 3 160 240 100

6.5 13.5 29.3 58.5
13.0 27.0 58.5 117.0
19.5 40.5 87.8 175.5
26.0 54.0 117.0 234.0
39.0 81.0 175.5 351.0
52.0 108.0 234.0 468.0
58.5 121.5 263.3 526.5
65.0 135.0 292.5 585.0
78.0 162.0 351.0 702.0
0.0 180.0 390.0 780.0

2.0 5.0 8.0 11.0
5.0 8.0 11.0 14.0
9.0 12.0 15.0 18.0
11.0 14.0 17.0 20.0
15.0 18.0 21.0 24.0
18.0 21.0 24.0 27.0
20.0 23.0 26.0 29.0
25.0 28.0 31.0 34.0
29.0 32.0 35.0 38.0
0.0 34.0 37.0 40.0

8794.0 2418.0
3842.0 1690.0
4540.0 5495.0
2809.0 3101.0
9303.0 9871.0
819.0 2068.0
574.0 2291.0
6601.0 2014.0
1259.0 5779.0
7886.0 7599.0
9028.0 3853.0
4328.0 8529.0
5165.0 6066.0
7450.0 4247.0
3580.0 4581.0
9514.0 466.0
3147.0 4029.0
5742.0 1020.0
9032.0 9358.0
6791.0 1027.0
1174.0 8911.0
908.0 9811.0
583.0 2455.0
7663.0 4590.0
6626.0 6391.0
7694.0 8391.0
949.0 861.0
5363.0 8164.0
6218.0 5994.0
3737.0 1585.0
330.0 7011.0
3823.0 3513.0

8799.0 2423.0
3847.0 1695.0
4544.0 5500.0
2814.0 3105.0
9308.0 9876.0
824.0 2073.0
579.0 2296.0
6605.0 2019.0
1264.0 5784.0
7890.0 7605.0
9033.0 3859.0
4333.0 8534.0
5171.0 6071.0
7455.0 4251.0
3585.0 4587.0
9520.0 470.0
3152.0 4034.0
5747.0 1025.0
9036.0 9363.0
6797.0 1031.0
1179.0 8917.0
914.0 9816.0
587.0 2461.0
7667.0 4595.0
6630.0 6396.0
7698.0 8396.0
954.0 867.0
5367.0 8169.0
6222.0 6000.0
3743.0 1590.0
335.0 7016.0
3828.0 3519.0
