1
32 1 3.0 0.0 1000.0 3 160 240 100

6.5 13.5 29.3 58.5
13.0 27.0 58.5 117.0
19.5 40.5 87.8 175.5
26.0 54.0 117.0 234.0
39.0 81.0 175.5 351.0
52.0 108.0 234.0 468.0
58.5 121.5 263.3 526.5
65.0 135.0 292.5 585.0
78.0 162.0 351.0 702.0
0.0 180.0 390.0 780.0

2.0 5.0 8.0 11.0
5.0 8.0 11.0 14.0
9.0 12.0 15.0 18.0
11.0 14.0 17.0 20.0
15.0 18.0 21.0 24.0
18.0 21.0 24.0 27.0
20.0 23.0 26.0 29.0
25.0 28.0 31.0 34.0
29.0 32.0 35.0 38.0
0.0 34.0 37.0 40.0

2187.0 242.0
7144.0 5277.0
481.0 7059.0
7988.0 6836.0
2376.0 3552.0
6474.0 9364.0
4805.0 2052.0
9385.0 6432.0
3368.0 4942.0
9210.0 3584.0
6389.0 3117.0
7397.0 7010.0
9728.0 7002.0
5876.0 4355.0
2993.0 9876.0
8767.0 8606.0
344.0 5712.0
8676.0 8568.0
1518.0 6267.0
4512.0 1877.0
1274.0 4646.0
211.0 9046.0
7898.0 5073.0
6314.0 9516.0
3938.0 1083.0
8786.0 3174.0
4844.0 6877.0
2006.0 3341.0
3660.0 9046.0
5331.0 9684.0
2443.0 8419.0
5163.0 2038.0

2191.0 248.0
7149.0 5282.0
485.0 7065.0
7993.0 6841.0
2381.0 3558.0
6479.0 9368.0
4811.0 2056.0
9390.0 6438.0
3373.0 4947.0
9216.0 3589.0
6394.0 3121.0
7402.0 7015.0
9732.0 7007.0
5882.0 4360.0
2998.0 9881.0
8772.0 8610.0
349.0 5718.0
8680.0 8574.0
1523.0 6272.0
4517.0 1882.0
1280.0 4650.0
216.0 9051.0
7904.0 5078.0
6319.0 9522.0
3943.0 1089.0
8791.0 3180.0
4849.0 6882.0
2011.0 3347.0
3665.0 9051.0
5335.0 9689.0
2447.0 8424.0
5168.0 2042.0
