1
32 1 3.0 0.0 1000.0 3 160 240 100

6.5 13.5 29.3 58.5
13.0 27.0 58.5 117.0
19.5 40.5 87.8 175.5
26.0 54.0 117.0 234.0
39.0 81.0 175.5 351.0
52.0 108.0 234.0 468.0
58.5 121.5 263.3 526.5
65.0 135.0 292.5 585.0
78.0 162.0 351.0 702.0
0.0 180.0 390.0 780.0

2.0 5.0 8.0 11.0
5.0 8.0 11.0 14.0
9.0 12.0 15.0 18.0
11.0 14.0 17.0 20.0
15.0 18.0 21.0 24.0
18.0 21.0 24.0 27.0
20.0 23.0 26.0 29.0
25.0 28.0 31.0 34.0
29.0 32.0 35.0 38.0
0.0 34.0 37.0 40.0

72.0 3113.0
9823.0 6792.0
4860.0 3644.0
7582.0 393.0
7612.0 5108.0
5826.0 3248.0
5960.0 6534.0
9006.0 1086.0
3415.0 9436.0
7133.0 6915.0
5899.0 6721.0
5887.0 9532.0
7791.0 2903.0
3750.0 2894.0
8122.0 5382.0
8064.0 7340.0
100.0 8979.0
4435.0 6132.0
9625.0 8475.0
6403.0 3298.0
961.0 6379.0
4778.0 1253.0
220.0 5642.0
8564.0 9166.0
9832.0 9553.0
1893.0 5562.0
9658.0 3538.0
3860.0 1131.0
2920.0 6090.0
705.0 209.0
7596.0 8562.0
2223.0 1933.0

77.0 3119.0
9828.0 6798.0
4865.0 3649.0
7586.0 398.0
7616.0 5114.0
5832.0 3252.0
5965.0 6539.0
9011.0 1090.0
3420.0 9442.0
7138.0 6921.0
5903.0 6726.0
5892.0 9537.0
7797.0 2908.0
3756.0 2899.0
8127.0 5387.0
8068.0 7345.0
105.0 8985.0
4440.0 6138.0
9629.0 8480.0
6407.0 3303.0
966.0 6383.0
4783.0 1257.0
226.0 5646.0
8568.0 9172.0
9837.0 9559.0
1898.0 5567.0
9663.0 3543.0
3866.0 1136.0
2924.0 6095.0
710.0 214.0
7600.0 8567.0
2228.0 1938.0
