1
32 1 3.0 0.0 1000.0 3 160 240 100

6.5 13.5 29.3 58.5
13.0 27.0 58.5 117.0
19.5 40.5 87.8 175.5
26.0 54.0 117.0 234.0
39.0 81.0 175.5 351.0
52.0 108.0 234.0 468.0
58.5 121.5 263.3 526.5
65.0 135.0 292.5 585.0
78.0 162.0 351.0 702.0
0.0 180.0 390.0 780.0

2.0 5.0 8.0 11.0
5.0 8.0 11.0 14.0
9.0 12.0 15.0 18.0
11.0 14.0 17.0 20.0
15.0 18.0 21.0 24.0
18.0 21.0 24.0 27.0
20.0 23.0 26.0 29.0
25.0 28.0 31.0 34.0
29.0 32.0 35.0 38.0
0.0 34.0 37.0 40.0

9745.0 8335.0
7625.0 870.0
3060.0 8039.0
8116.0 7701.0
1554.0 2764.0
5310.0 1132.0
4363.0 5649.0
9300.0 7023.0
8636.0 903.0
984.0 6185.0
5572.0 5407.0
3238.0 9652.0
9088.0 9774.0
2239.0 2948.0
7768.0 8567.0
836.0 320.0
3269.0 1924.0
8397.0 2433.0
831.0 3302.0
4039.0 3468.0
80.0 569.0
2656.0 6145.0
6764.0 177.0
5660.0 5603.0
8598.0 6640.0
846.0 5645.0
881.0 2033.0
8303.0 3316.0
52.0 2758.0
1775.0 276.0
5837.0 3286.0
7391.0 1971.0

9750.0 8340.0
7629.0 875.0
3065.0 8045.0
8122.0 7706.0
1558.0 2769.0
5314.0 1138.0
4367.0 5654.0
9305.0 7028.0
8641.0 908.0
989.0 6190.0
5577.0 5412.0
3244.0 9657.0
9092.0 9779.0
2244.0 2953.0
7774.0 8572.0
841.0 326.0
3274.0 1930.0
8402.0 2438.0
835.0 3307.0
4045.0 3473.0
85.0 574.0
2660.0 6151.0
6770.0 182.0
5665.0 5608.0
8603.0 6645.0
851.0 5650.0
886.0 2039.0
8308.0 3322.0
57.0 2762.0
1779.0 282.0
5842.0 3291.0
7396.0 1976.0
