1
32 1 3.0 0.0 1000.0 3 160 240 100

6.5 13.5 29.3 58.5
13.0 27.0 58.5 117.0
19.5 40.5 87.8 175.5
26.0 54.0 117.0 234.0
39.0 81.0 175.5 351.0
52.0 108.0 234.0 468.0
58.5 121.5 263.3 526.5
65.0 135.0 292.5 585.0
78.0 162.0 351.0 702.0
0.0 180.0 390.0 780.0

2.0 5.0 8.0 11.0
5.0 8.0 11.0 14.0
9.0 12.0 15.0 18.0
11.0 14.0 17.0 20.0
15.0 18.0 21.0 24.0
18.0 21.0 24.0 27.0
20.0 23.0 26.0 29.0
25.0 28.0 31.0 34.0
29.0 32.0 35.0 38.0
0.0 34.0 37.0 40.0

369.0 2142.0
4273.0 7014.0
5883.0 7096.0
3663.0 1540.0
966.0 5175.0
719.0 6289.0
5443.0 9479.0
4439.0 9074.0
7666.0 6776.0
8934.0 3113.0
9388.0 6061.0
5930.0 1747.0
8252.0 1561.0
2415.0 7164.0
8574.0 9918.0
5344.0 4086.0
3571.0 3755.0
7811.0 1914.0
4706.0 6379.0
3608.0 1286.0
6314.0 4828.0
9578.0 3540.0
6166.0 994.0
7689.0 4062.0
5147.0 3054.0
1224.0 2977.0
1695.0 1924.0
2022.0 9176.0
9190.0 9977.0
8164.0 6152.0
6927.0 1737.0
4038.0 615.0

375.0 2147.0
4279.0 7019.0
5887.0 7101.0
3668.0 1544.0
971.0 5180.0
724.0 6293.0
5449.0 9484.0
4445.0 9078.0
7671.0 6780.0
8939.0 3118.0
9393.0 6065.0
5934.0 1752.0
8257.0 1567.0
2420.0 7169.0
8579.0 9923.0
5350.0 4091.0
3577.0 3760.0
7815.0 1919.0
4711.0 6383.0
3613.0 1290.0
6318.0 4833.0
9583.0 3544.0
6170.0 999.0
7694.0 4067.0
5152.0 3060.0
1230.0 2982.0
1699.0 1929.0
2027.0 9180.0
9194.0 9983.0
8170.0 6156.0
6933.0 1742.0
4044.0 620.0
