1
32 1 3.0 0.0 1000.0 3 160 240 100

6.5 13.5 29.3 58.5
13.0 27.0 58.5 117.0
19.5 40.5 87.8 175.5
26.0 54.0 117.0 234.0
39.0 81.0 175.5 351.0
52.0 108.0 234.0 468.0
58.5 121.5 263.3 526.5
65.0 135.0 292.5 585.0
78.0 162.0 351.0 702.0
0.0 180.0 390.0 780.0

2.0 5.0 8.0 11.0
5.0 8.0 11.0 14.0
9.0 12.0 15.0 18.0
11.0 14.0 17.0 20.0
15.0 18.0 21.0 24.0
18.0 21.0 24.0 27.0
20.0 23.0 26.0 29.0
25.0 28.0 31.0 34.0
29.0 32.0 35.0 38.0
0.0 34.0 37.0 40.0

4998.0 3591.0
2810.0 8090.0
9502.0 3940.0
4322.0 9506.0
8968.0 7766.0
9951.0 3066.0
5834.0 3723.0
6151.0 973.0
6567.0 2933.0
7875.0 8147.0
4815.0 7079.0
4367.0 1481.0
2181.0 939.0
87.0 3097.0
7284.0 9100.0
2696.0 8561.0
6269.0 9058.0
2508.0 3556.0
435.0 5451.0
335.0 4978.0
9140.0 2634.0
3118.0 4930.0
8647.0 5339.0
9283.0 8593.0
85.0 9632.0
8212.0 9457.0
2168.0 8901.0
765.0 7878.0
6862.0 2105.0
248.0 1438.0
8644.0 4001.0
5756.0 8103.0

5002.0 3597.0
2815.0 8095.0
9508.0 3944.0
4327.0 9510.0
8972.0 7771.0
9956.0 3072.0
5839.0 3727.0
6156.0 978.0
6571.0 2939.0
7879.0 8152.0
4820.0 7084.0
4373.0 1486.0
2186.0 944.0
92.0 3102.0
7290.0 9105.0
2701.0 8565.0
6274.0 9063.0
2513.0 3561.0
440.0 5456.0
341.0 4983.0
9146.0 2639.0
3123.0 4936.0
8651.0 5344.0
9288.0 8598.0
90.0 9638.0
8218.0 9461.0
2173.0 8905.0
771.0 7883.0
6867.0 2109.0
253.0 1442.0
8649.0 4005.0
5761.0 8108.0
