1
32 1 3.0 0.0 1000.0 3 160 240 100

6.5 13.5 29.3 58.5
13.0 27.0 58.5 117.0
19.5 40.5 87.8 175.5
26.0 54.0 117.0 234.0
39.0 81.0 175.5 351.0
52.0 108.0 234.0 468.0
58.5 121.5 263.3 526.5
65.0 135.0 292.5 585.0
78.0 162.0 351.0 702.0
0.0 180.0 390.0 780.0

2.0 5.0 8.0 11.0
5.0 8.0 11.0 14.0
9.0 12.0 15.0 18.0
11.0 14.0 17.0 20.0
15.0 18.0 21.0 24.0
18.0 21.0 24.0 27.0
20.0 23.0 26.0 29.0
25.0 28.0 31.0 34.0
29.0 32.0 35.0 38.0
0.0 34.0 37.0 40.0

4768.0 9895.0
1464.0 4663.0
4098.0 4421.0
9930.0 2698.0
8776.0 8781.0
1585.0 1500.0
7226.0 9539.0
6178.0 5660.0
7550.0 362.0
8892.0 6445.0
6683.0 9700.0
9000.0 2525.0
910.0 6665.0
7417.0 8434.0
8419.0 4832.0
5054.0 1759.0
7067.0 6178.0
6393.0 2523.0
2993.0 9905.0
5198.0 748.0
8278.0 3360.0
1777.0 661.0
8282.0 4776.0
3694.0 2536.0
1850.0 75.0
4377.0 5630.0
35.0 8445.0
6500.0 8214.0
1502.0 3929.0
9579.0 3145.0
5288.0 2737.0
3681.0 9985.0

4773.0 9900.0
1469.0 4667.0
4103.0 4426.0
9935.0 2704.0
8781.0 8787.0
1589.0 1505.0
7231.0 9544.0
6183.0 5666.0
7556.0 367.0
8898.0 6449.0
6688.0 9704.0
9006.0 2529.0
916.0 6670.0
7423.0 8438.0
8425.0 4837.0
5059.0 1763.0
7072.0 6184.0
6399.0 2527.0
2997.0 9910.0
5202.0 754.0
8283.0 3365.0
1782.0 667.0
8287.0 4782.0
3699.0 2541.0
1854.0 80.0
4381.0 5635.0
41.0 8450.0
6505.0 8219.0
1507.0 3934.0
9584.0 3151.0
5292.0 2742.0
3686.0 9990.0
