1
32 1 3.0 0.0 1000.0 3 160 240 100

6.5 13.5 29.3 58.5
13.0 27.0 58.5 117.0
19.5 40.5 87.8 175.5
26.0 54.0 117.0 234.0
39.0 81.0 175.5 351.0
52.0 108.0 234.0 468.0
58.5 121.5 263.3 526.5
65.0 135.0 292.5 585.0
78.0 162.0 351.0 702.0
0.0 180.0 390.0 780.0

2.0 5.0 8.0 11.0
5.0 8.0 11.0 14.0
9.0 12.0 15.0 18.0
11.0 14.0 17.0 20.0
15.0 18.0 21.0 24.0
18.0 21.0 24.0 27.0
20.0 23.0 26.0 29.0
25.0 28.0 31.0 34.0
29.0 32.0 35.0 38.0
0.0 34.0 37.0 40.0

4215.0 6805.0
7916.0 8898.0
6990.0 8946.0
6514.0 1407.0
8495.0 5697.0
5851.0 5839.0
6259.0 4931.0
4864.0 4633.0
2584.0 8004.0
9816.0 9971.0
3697.0 3464.0
771.0 839.0
5904.0 9578.0
2590.0 8458.0
9412.0 5407.0
2364.0 1054.0
2967.0 2651.0
7681.0 1462.0
4985.0 2994.0
2662.0 3516.0
9344.0 8170.0
1165.0 5727.0
6482.0 2488.0
9080.0 3210.0
2987.0 30.0
123.0 1333.0
5328.0 1254.0
2046.0 7084.0
5895.0 6234.0
2680.0 6608.0
2023.0 4247.0
7715.0 9914.0

4220.0 6810.0
7921.0 8904.0
6995.0 8951.0
6519.0 1412.0
8499.0 5702.0
5857.0 5844.0
6265.0 4935.0
4870.0 4637.0
2590.0 8008.0
9820.0 9976.0
3702.0 3469.0
776.0 845.0
5910.0 9583.0
2594.0 8464.0
9416.0 5413.0
2370.0 1058.0
2972.0 2656.0
7685.0 1467.0
4989.0 3000.0
2668.0 3520.0
9350.0 8174.0
1170.0 5732.0
6486.0 2494.0
9084.0 3215.0
2993.0 34.0
127.0 1339.0
5332.0 1260.0
2050.0 7089.0
5900.0 6238.0
2685.0 6613.0
2028.0 4252.0
7720.0 9919.0
