1
32 1 3.0 0.0 1000.0 3 160 240 100

6.5 13.5 29.3 58.5
13.0 27.0 58.5 117.0
19.5 40.5 87.8 175.5
26.0 54.0 117.0 234.0
39.0 81.0 175.5 351.0
52.0 108.0 234.0 468.0
58.5 121.5 263.3 526.5
65.0 135.0 292.5 585.0
78.0 162.0 351.0 702.0
0.0 180.0 390.0 780.0

2.0 5.0 8.0 11.0
5.0 8.0 11.0 14.0
9.0 12.0 15.0 18.0
11.0 14.0 17.0 20.0
15.0 18.0 21.0 24.0
18.0 21.0 24.0 27.0
20.0 23.0 26.0 29.0
25.0 28.0 31.0 34.0
29.0 32.0 35.0 38.0
0.0 34.0 37.0 40.0

3823.0 5026.0
8736.0 3840.0
3633.0 8720.0
5647.0 4559.0
745.0 6576.0
6554.0 1170.0
9668.0 9551.0
6090.0 1532.0
1256.0 5016.0
9110.0 2623.0
8099.0 698.0
5595.0 7511.0
1301.0 6800.0
4453.0 75.0
9281.0 6051.0
8120.0 8433.0
1781.0 3902.0
2392.0 587.0
4742.0 3597.0
8382.0 8223.0
4202.0 3335.0
6028.0 7176.0
9892.0 5274.0
1065.0 5519.0
1685.0 8575.0
9872.0 2753.0
4574.0 1231.0
9112.0 6077.0
324.0 7905.0
9575.0 2224.0
6480.0 3498.0
6136.0 5819.0

3827.0 5032.0
8741.0 3846.0
3638.0 8724.0
5652.0 4563.0
750.0 6582.0
6558.0 1175.0
9673.0 9556.0
6095.0 1538.0
1261.0 5021.0
9115.0 2629.0
8103.0 703.0
5601.0 7516.0
1306.0 6806.0
4459.0 80.0
9286.0 6056.0
8124.0 8438.0
1785.0 3908.0
2397.0 592.0
4746.0 3603.0
8387.0 8228.0
4207.0 3340.0
6033.0 7181.0
9896.0 5279.0
1069.0 5524.0
1690.0 8581.0
9877.0 2758.0
4579.0 1235.0
9118.0 6081.0
330.0 7910.0
9580.0 2229.0
6485.0 3504.0
6142.0 5824.0
