1
32 1 3.0 0.0 1000.0 3 160 240 100

6.5 13.5 29.3 58.5
13.0 27.0 58.5 117.0
19.5 40.5 87.8 175.5
26.0 54.0 117.0 234.0
39.0 81.0 175.5 351.0
52.0 108.0 234.0 468.0
58.5 121.5 263.3 526.5
65.0 135.0 292.5 585.0
78.0 162.0 351.0 702.0
0.0 180.0 390.0 780.0

2.0 5.0 8.0 11.0
5.0 8.0 11.0 14.0
9.0 12.0 15.0 18.0
11.0 14.0 17.0 20.0
15.0 18.0 21.0 24.0
18.0 21.0 24.0 27.0
20.0 23.0 26.0 29.0
25.0 28.0 31.0 34.0
29.0 32.0 35.0 38.0
0.0 34.0 37.0 40.0

8852.0 3635.0
7786.0 4553.0
2107.0 4763.0
8291.0 7476.0
3447.0 76.0
3202.0 672.0
4731.0 3177.0
2662.0 9876.0
3364.0 8543.0
6145.0 7159.0
8289.0 3007.0
4519.0 4510.0
477.0 3562.0
4128.0 3290.0
8582.0 1208.0
4809.0 530.0
2916.0 3066.0
6247.0 5548.0
3419.0 7504.0
9594.0 2878.0
9780.0 9469.0
3762.0 9956.0
4380.0 5793.0
8304.0 581.0
1210.0 2657.0
7290.0 7582.0
6441.0 9973.0
1109.0 709.0
8806.0 9894.0
5591.0 8199.0
444.0 9178.0
379.0 2998.0

8858.0 3640.0
7791.0 4559.0
2111.0 4769.0
8296.0 7480.0
3453.0 80.0
3207.0 677.0
4735.0 3182.0
2667.0 9880.0
3369.0 8548.0
6151.0 7163.0
8294.0 3012.0
4525.0 4515.0
482.0 3568.0
4133.0 3295.0
8587.0 1213.0
4815.0 535.0
2921.0 3071.0
6252.0 5553.0
3424.0 7509.0
9599.0 2883.0
9784.0 9475.0
3767.0 9962.0
4385.0 5798.0
8309.0 586.0
1216.0 2662.0
7294.0 7587.0
6446.0 9979.0
1115.0 714.0
8811.0 9900.0
5597.0 8204.0
450.0 9183.0
384.0 3003.0
