1
256 1 3.0 0.0 1000.0 3 160 240 100

6.5 13.5 29.3 58.5
13.0 27.0 58.5 117.0
19.5 40.5 87.8 175.5
26.0 54.0 117.0 234.0
39.0 81.0 175.5 351.0
52.0 108.0 234.0 468.0
58.5 121.5 263.3 526.5
65.0 135.0 292.5 585.0
78.0 162.0 351.0 702.0
0.0 180.0 390.0 780.0

2.0 5.0 8.0 11.0
5.0 8.0 11.0 14.0
9.0 12.0 15.0 18.0
11.0 14.0 17.0 20.0
15.0 18.0 21.0 24.0
18.0 21.0 24.0 27.0
20.0 23.0 26.0 29.0
25.0 28.0 31.0 34.0
29.0 32.0 35.0 38.0
0.0 34.0 37.0 40.0

9543.0 1068.0
7087.0 6069.0
396.0 7587.0
464.0 1597.0
8922.0 7493.0
4903.0 330.0
4798.0 588.0
3608.0 48.0
8364.0 1161.0
2556.0 5174.0
5451.0 1162.0
1718.0 4144.0
4889.0 5481.0
2815.0 2877.0
4525.0 467.0
5669.0 1740.0
4057.0 9303.0
7737.0 5886.0
5521.0 398.0
3875.0 1339.0
4738.0 7400.0
5923.0 1729.0
9549.0 1982.0
4169.0 3035.0
3153.0 3025.0
5268.0 6241.0
3372.0 8335.0
3684.0 274.0
1164.0 7528.0
6226.0 109.0
4198.0 7203.0
1747.0 7435.0
3822.0 2058.0
581.0 3742.0
6234.0 8059.0
779.0 8236.0
1180.0 6316.0
727.0 5454.0
4003.0 8779.0
202.0 9954.0
9356.0 9399.0
4453.0 7979.0
7408.0 6888.0
8355.0 8466.0
5855.0 7699.0
237.0 8291.0
3562.0 373.0
7418.0 9119.0
4155.0 4877.0
8053.0 5760.0
378.0 3067.0
6341.0 8405.0
2545.0 8912.0
673.0 3616.0
6902.0 9607.0
6786.0 1472.0
2218.0 1213.0
493.0 8739.0
5426.0 4955.0
7071.0 446.0
9634.0 2805.0
6854.0 4769.0
336.0 3498.0
9127.0 8574.0
8125.0 2588.0
8875.0 3537.0
8739.0 2711.0
3460.0 5191.0
3769.0 2657.0
8800.0 9812.0
7829.0 6397.0
7120.0 6504.0
522.0 5705.0
841.0 4376.0
4024.0 2490.0
9681.0 7197.0
9597.0 9488.0
537.0 408.0
8856.0 434.0
2223.0 7861.0
8113.0 3358.0
9620.0 8201.0
6616.0 3128.0
4331.0 3233.0
1997.0 1877.0
1387.0 3191.0
8765.0 8448.0
4094.0 6269.0
8142.0 490.0
1579.0 2310.0
91.0 5331.0
6113.0 3028.0
825.0 8275.0
9772.0 3654.0
1638.0 9436.0
2520.0 3377.0
7381.0 2762.0
6271.0 4479.0
5379.0 3369.0
2004.0 2524.0
8140.0 1820.0
9513.0 2514.0
5654.0 6485.0
1840.0 8361.0
5614.0 7616.0
8983.0 5590.0
2370.0 9259.0
7934.0 9631.0
7949.0 7649.0
8627.0 4597.0
947.0 7218.0
7866.0 9924.0
1628.0 7841.0
5786.0 4757.0
4033.0 9460.0
1952.0 2475.0
8438.0 2716.0
627.0 215.0
9969.0 6727.0
7307.0 802.0
1693.0 7635.0
1085.0 6954.0
3019.0 4061.0
9911.0 150.0
6711.0 8106.0
8318.0 9035.0
351.0 3018.0
9696.0 4763.0
555.0 1169.0
7663.0 3143.0
780.0 8467.0
3629.0 5974.0
6026.0 3845.0
101.0 6467.0
266.0 4946.0
1811.0 6112.0
4917.0 3656.0
9235.0 2895.0
9174.0 7594.0
1575.0 3237.0
5528.0 6219.0
8768.0 2531.0
6288.0 2657.0
4601.0 1687.0
9429.0 4910.0
5496.0 9527.0
4582.0 2555.0
2034.0 3454.0
2492.0 7590.0
2802.0 3243.0
3755.0 529.0
2608.0 5368.0
5172.0 5414.0
9665.0 7720.0
4515.0 9850.0
8785.0 7117.0
7052.0 8703.0
174.0 4483.0
9629.0 2606.0
5892.0 5074.0
644.0 4884.0
8543.0 3650.0
6726.0 3054.0
9274.0 6950.0
9443.0 3509.0
4645.0 8378.0
7858.0 543.0
4451.0 2268.0
5249.0 3332.0
5050.0 7615.0
823.0 7010.0
5286.0 3655.0
9735.0 6473.0
4565.0 2179.0
7238.0 4043.0
5154.0 3956.0
5281.0 4632.0
3286.0 9159.0
2379.0 4517.0
6125.0 4168.0
67.0 2392.0
4166.0 9633.0
1772.0 3797.0
1154.0 7192.0
2413.0 2581.0
6071.0 4705.0
9545.0 5517.0
4277.0 2409.0
9389.0 8709.0
7367.0 4866.0
3536.0 6922.0
3818.0 6077.0
4677.0 9470.0
4997.0 7674.0
2159.0 8788.0
3597.0 2539.0
693.0 325.0
4073.0 8755.0
8034.0 4903.0
7152.0 1264.0
9960.0 7143.0
2977.0 1119.0
3360.0 6130.0
9970.0 4702.0
752.0 6919.0
8968.0 7808.0
2063.0 4030.0
4719.0 1958.0
1981.0 562.0
9294.0 2849.0
3694.0 9059.0
4494.0 3289.0
2355.0 2754.0
2818.0 5540.0
4078.0 8339.0
9068.0 419.0
8784.0 3875.0
7148.0 3053.0
7733.0 7992.0
9151.0 7679.0
9046.0 9000.0
6273.0 6351.0
7043.0 5051.0
3656.0 8961.0
3719.0 8975.0
3709.0 4434.0
3182.0 3938.0
4978.0 5498.0
2357.0 8544.0
6156.0 1900.0
3804.0 2512.0
7273.0 9459.0
8935.0 6569.0
2659.0 4829.0
2488.0 2689.0
2747.0 8369.0
1546.0 3304.0
4274.0 9985.0
4941.0 631.0
962.0 5347.0
1358.0 9743.0
9248.0 2340.0
6957.0 1507.0
6132.0 163.0
5831.0 4044.0
8706.0 5919.0
9136.0 3821.0
7447.0 6120.0
1186.0 20.0
7839.0 2961.0
3361.0 8315.0
7387.0 7752.0
9133.0 2693.0
7609.0 6406.0
6030.0 6438.0
3057.0 4341.0

9548.0 1073.0
7093.0 6073.0
400.0 7592.0
469.0 1602.0
8926.0 7497.0
4908.0 336.0
4803.0 592.0
3613.0 52.0
8369.0 1167.0
2562.0 5179.0
5456.0 1167.0
1722.0 4148.0
4893.0 5485.0
2819.0 2882.0
4531.0 471.0
5674.0 1746.0
4061.0 9307.0
7742.0 5891.0
5526.0 403.0
3881.0 1344.0
4744.0 7405.0
5928.0 1734.0
9554.0 1987.0
4175.0 3039.0
3159.0 3030.0
5273.0 6245.0
3377.0 8341.0
3690.0 279.0
1168.0 7532.0
6231.0 114.0
4203.0 7208.0
1752.0 7440.0
3828.0 2063.0
586.0 3746.0
6239.0 8064.0
784.0 8241.0
1184.0 6322.0
732.0 5459.0
4007.0 8783.0
207.0 9959.0
9361.0 9405.0
4458.0 7984.0
7413.0 6893.0
8359.0 8471.0
5859.0 7704.0
241.0 8295.0
3566.0 377.0
7423.0 9124.0
4159.0 4881.0
8058.0 5765.0
383.0 3072.0
6347.0 8409.0
2549.0 8918.0
679.0 3620.0
6907.0 9611.0
6791.0 1477.0
2223.0 1218.0
497.0 8745.0
5431.0 4960.0
7075.0 451.0
9639.0 2810.0
6860.0 4775.0
342.0 3504.0
9132.0 8579.0
8131.0 2594.0
8881.0 3542.0
8745.0 2715.0
3464.0 5196.0
3775.0 2663.0
8804.0 9818.0
7834.0 6401.0
7124.0 6508.0
527.0 5709.0
846.0 4380.0
4029.0 2494.0
9687.0 7201.0
9602.0 9494.0
543.0 413.0
8861.0 440.0
2228.0 7866.0
8119.0 3364.0
9624.0 8206.0
6621.0 3134.0
4336.0 3238.0
2002.0 1882.0
1391.0 3196.0
8771.0 8453.0
4099.0 6273.0
8147.0 495.0
1585.0 2315.0
96.0 5336.0
6118.0 3032.0
829.0 8281.0
9776.0 3658.0
1644.0 9442.0
2525.0 3382.0
7386.0 2768.0
6277.0 4485.0
5385.0 3374.0
2008.0 2529.0
8145.0 1825.0
9518.0 2519.0
5659.0 6489.0
1845.0 8365.0
5620.0 7621.0
8988.0 5595.0
2375.0 9263.0
7939.0 9636.0
7954.0 7655.0
8632.0 4603.0
952.0 7223.0
7871.0 9929.0
1633.0 7847.0
5790.0 4762.0
4037.0 9465.0
1957.0 2480.0
8444.0 2721.0
632.0 221.0
9973.0 6733.0
7312.0 807.0
1697.0 7641.0
1091.0 6959.0
3024.0 4066.0
9916.0 156.0
6716.0 8111.0
8323.0 9041.0
355.0 3022.0
9702.0 4767.0
559.0 1173.0
7669.0 3149.0
784.0 8472.0
3634.0 5979.0
6031.0 3849.0
105.0 6472.0
271.0 4952.0
1817.0 6117.0
4921.0 3660.0
9240.0 2901.0
9178.0 7599.0
1579.0 3243.0
5532.0 6224.0
8773.0 2535.0
6292.0 2663.0
4606.0 1692.0
9434.0 4914.0
5502.0 9531.0
4586.0 2560.0
2040.0 3459.0
2498.0 7594.0
2807.0 3248.0
3760.0 534.0
2613.0 5372.0
5177.0 5418.0
9670.0 7724.0
4519.0 9856.0
8790.0 7122.0
7057.0 8709.0
180.0 4488.0
9634.0 2610.0
5898.0 5080.0
649.0 4889.0
8548.0 3654.0
6731.0 3060.0
9279.0 6955.0
9448.0 3513.0
4649.0 8383.0
7863.0 547.0
4456.0 2274.0
5254.0 3337.0
5056.0 7619.0
829.0 7015.0
5291.0 3661.0
9740.0 6479.0
4571.0 2183.0
7244.0 4048.0
5160.0 3961.0
5286.0 4637.0
3292.0 9165.0
2385.0 4522.0
6129.0 4172.0
73.0 2396.0
4172.0 9638.0
1776.0 3802.0
1159.0 7196.0
2418.0 2585.0
6077.0 4709.0
9551.0 5523.0
4281.0 2415.0
9394.0 8713.0
7371.0 4870.0
3542.0 6927.0
3824.0 6081.0
4682.0 9474.0
5001.0 7679.0
2163.0 8794.0
3603.0 2545.0
699.0 330.0
4077.0 8759.0
8039.0 4909.0
7158.0 1268.0
9966.0 7147.0
2982.0 1124.0
3364.0 6135.0
9975.0 4707.0
758.0 6925.0
8973.0 7812.0
2069.0 4034.0
4725.0 1963.0
1986.0 566.0
9300.0 2853.0
3699.0 9063.0
4499.0 3295.0
2360.0 2760.0
2824.0 5544.0
4083.0 8344.0
9072.0 424.0
8788.0 3880.0
7153.0 3058.0
7738.0 7997.0
9156.0 7684.0
9050.0 9005.0
6279.0 6355.0
7049.0 5055.0
3660.0 8965.0
3723.0 8979.0
3713.0 4438.0
3187.0 3943.0
4982.0 5504.0
2362.0 8548.0
6161.0 1905.0
3808.0 2517.0
7278.0 9464.0
8941.0 6573.0
2663.0 4834.0
2494.0 2693.0
2752.0 8375.0
1551.0 3310.0
4280.0 9990.0
4945.0 637.0
968.0 5352.0
1363.0 9748.0
9253.0 2345.0
6963.0 1512.0
6137.0 169.0
5836.0 4048.0
8712.0 5925.0
9142.0 3826.0
7452.0 6125.0
1190.0 26.0
7844.0 2966.0
3366.0 8320.0
7391.0 7758.0
9138.0 2697.0
7614.0 6412.0
6035.0 6443.0
3063.0 4345.0
