1
256 1 3.0 0.0 1000.0 3 160 240 100

6.5 13.5 29.3 58.5
13.0 27.0 58.5 117.0
19.5 40.5 87.8 175.5
26.0 54.0 117.0 234.0
39.0 81.0 175.5 351.0
52.0 108.0 234.0 468.0
58.5 121.5 263.3 526.5
65.0 135.0 292.5 585.0
78.0 162.0 351.0 702.0
0.0 180.0 390.0 780.0

2.0 5.0 8.0 11.0
5.0 8.0 11.0 14.0
9.0 12.0 15.0 18.0
11.0 14.0 17.0 20.0
15.0 18.0 21.0 24.0
18.0 21.0 24.0 27.0
20.0 23.0 26.0 29.0
25.0 28.0 31.0 34.0
29.0 32.0 35.0 38.0
0.0 34.0 37.0 40.0

7793.0 4009.0
5280.0 4901.0
4795.0 3718.0
5808.0 1075.0
9342.0 2953.0
3540.0 4104.0
355.0 291.0
4505.0 477.0
7726.0 8837.0
9723.0 4343.0
2216.0 2600.0
4003.0 582.0
3047.0 9979.0
6279.0 8980.0
8995.0 5475.0
3541.0 6902.0
1304.0 3283.0
2941.0 322.0
9253.0 8876.0
9141.0 5621.0
1676.0 7226.0
6471.0 7022.0
277.0 8790.0
7978.0 7033.0
3049.0 6902.0
5914.0 9811.0
8616.0 2688.0
767.0 9800.0
4819.0 6153.0
8363.0 543.0
7378.0 4563.0
7155.0 1043.0
6932.0 1758.0
228.0 9561.0
5288.0 4532.0
9121.0 7235.0
4199.0 4701.0
9018.0 6387.0
2492.0 8011.0
7385.0 930.0
9859.0 3499.0
625.0 8726.0
8137.0 9456.0
5819.0 8304.0
3403.0 4611.0
7120.0 4799.0
4691.0 5681.0
8876.0 2517.0
7658.0 4911.0
54.0 3988.0
4030.0 3741.0
7019.0 7900.0
123.0 1233.0
4269.0 805.0
285.0 8388.0
5159.0 9956.0
3567.0 1988.0
7216.0 7185.0
4440.0 4097.0
9101.0 6184.0
887.0 5847.0
8782.0 8089.0
5690.0 6658.0
5004.0 2727.0
9218.0 2498.0
6619.0 5440.0
4560.0 9347.0
6837.0 1834.0
8302.0 472.0
1990.0 5368.0
2779.0 8661.0
6854.0 5144.0
8121.0 7041.0
1118.0 3785.0
4913.0 4621.0
4067.0 7796.0
783.0 5183.0
7040.0 5272.0
6753.0 657.0
5740.0 8352.0
1659.0 2620.0
6973.0 292.0
5465.0 8044.0
6873.0 9542.0
4795.0 7925.0
189.0 5719.0
6496.0 9932.0
2710.0 4834.0
7563.0 8702.0
1391.0 3693.0
2235.0 9923.0
9249.0 5816.0
9587.0 6829.0
4607.0 3790.0
7439.0 239.0
6753.0 5409.0
908.0 5783.0
2579.0 3514.0
6407.0 4441.0
1281.0 1888.0
4428.0 5023.0
6674.0 2111.0
6922.0 9735.0
9218.0 8736.0
7594.0 6453.0
2291.0 2699.0
5941.0 3840.0
9815.0 5307.0
8346.0 7949.0
4780.0 7725.0
2052.0 1425.0
742.0 3317.0
332.0 8960.0
875.0 2737.0
9683.0 5119.0
1637.0 4151.0
2360.0 3177.0
622.0 3474.0
69.0 6095.0
675.0 1995.0
7134.0 3275.0
4827.0 1287.0
3979.0 9217.0
9138.0 7780.0
4220.0 2720.0
3004.0 1870.0
1202.0 7759.0
8998.0 8959.0
2296.0 9656.0
6834.0 2311.0
1785.0 2702.0
8498.0 89.0
5641.0 7848.0
4135.0 1475.0
4035.0 1591.0
754.0 9247.0
9888.0 9711.0
8328.0 8694.0
4278.0 1967.0
352.0 5258.0
2040.0 6399.0
8429.0 5782.0
3368.0 4370.0
2966.0 745.0
9735.0 9966.0
4531.0 7374.0
4967.0 9911.0
2968.0 6004.0
4774.0 2601.0
3805.0 4582.0
572.0 7416.0
4063.0 8690.0
5907.0 7927.0
2006.0 6970.0
6306.0 5136.0
7919.0 4335.0
5874.0 9380.0
5482.0 7852.0
6461.0 2033.0
5807.0 2674.0
7706.0 645.0
8703.0 7908.0
8804.0 3632.0
8256.0 4800.0
5283.0 3176.0
2280.0 2123.0
6642.0 7445.0
7709.0 6141.0
3150.0 5778.0
6512.0 5046.0
2637.0 2966.0
9187.0 243.0
591.0 1260.0
5420.0 9364.0
9387.0 1236.0
3963.0 8394.0
4960.0 5161.0
6309.0 2804.0
1758.0 8976.0
1244.0 52.0
9272.0 1545.0
9821.0 8353.0
5984.0 2292.0
2859.0 9097.0
9047.0 865.0
5506.0 2791.0
510.0 4954.0
5959.0 912.0
3419.0 4902.0
7899.0 8558.0
3607.0 6237.0
8717.0 5272.0
5497.0 3765.0
8100.0 3928.0
2737.0 3342.0
4043.0 60.0
6985.0 9975.0
5867.0 6512.0
674.0 3376.0
6303.0 804.0
2060.0 4603.0
7217.0 5079.0
3393.0 9916.0
6050.0 1032.0
5512.0 494.0
2532.0 4693.0
4705.0 9131.0
7757.0 8446.0
133.0 7551.0
172.0 177.0
2657.0 480.0
5561.0 1919.0
8374.0 5093.0
597.0 2894.0
2689.0 6982.0
2016.0 4314.0
3249.0 6280.0
6004.0 5849.0
2543.0 52.0
4851.0 6117.0
3508.0 9617.0
456.0 2108.0
3942.0 3909.0
6738.0 4897.0
8060.0 2518.0
5536.0 1546.0
6010.0 4555.0
3065.0 5579.0
4656.0 1946.0
6495.0 901.0
5469.0 8325.0
2723.0 6550.0
7830.0 7121.0
3917.0 2167.0
8575.0 5005.0
6892.0 6568.0
1097.0 9302.0
5890.0 4289.0
9826.0 522.0
842.0 7505.0
8411.0 3633.0
5677.0 3189.0
2421.0 4204.0
3739.0 7906.0
9882.0 8066.0
9907.0 5114.0
5480.0 5608.0
1458.0 2366.0
6741.0 4351.0
2267.0 8292.0
3015.0 5925.0
7405.0 1731.0
577.0 6094.0
7701.0 7923.0
9671.0 8946.0
6348.0 9116.0

7798.0 4015.0
5286.0 4907.0
4799.0 3724.0
5813.0 1079.0
9348.0 2958.0
3545.0 4109.0
361.0 296.0
4510.0 482.0
7732.0 8842.0
9728.0 4349.0
2222.0 2605.0
4007.0 586.0
3051.0 9983.0
6285.0 8984.0
9000.0 5479.0
3546.0 6906.0
1310.0 3288.0
2946.0 328.0
9257.0 8881.0
9147.0 5626.0
1681.0 7232.0
6477.0 7026.0
282.0 8794.0
7984.0 7037.0
3054.0 6906.0
5919.0 9816.0
8621.0 2693.0
771.0 9806.0
4825.0 6158.0
8368.0 547.0
7382.0 4569.0
7160.0 1048.0
6938.0 1763.0
233.0 9565.0
5294.0 4537.0
9126.0 7240.0
4205.0 4706.0
9023.0 6393.0
2497.0 8016.0
7389.0 934.0
9864.0 3504.0
630.0 8732.0
8142.0 9460.0
5825.0 8309.0
3407.0 4617.0
7125.0 4803.0
4695.0 5686.0
8881.0 2522.0
7663.0 4916.0
60.0 3993.0
4036.0 3745.0
7023.0 7906.0
128.0 1239.0
4273.0 810.0
289.0 8394.0
5164.0 9960.0
3572.0 1992.0
7221.0 7190.0
4445.0 4101.0
9106.0 6189.0
892.0 5853.0
8786.0 8094.0
5696.0 6662.0
5008.0 2731.0
9222.0 2504.0
6623.0 5446.0
4564.0 9352.0
6841.0 1840.0
8306.0 476.0
1995.0 5373.0
2785.0 8666.0
6859.0 5149.0
8125.0 7045.0
1124.0 3790.0
4918.0 4626.0
4072.0 7802.0
788.0 5188.0
7045.0 5276.0
6757.0 661.0
5744.0 8357.0
1663.0 2625.0
6979.0 297.0
5471.0 8049.0
6878.0 9548.0
4801.0 7930.0
194.0 5723.0
6502.0 9938.0
2715.0 4839.0
7567.0 8707.0
1396.0 3698.0
2240.0 9928.0
9254.0 5820.0
9593.0 6833.0
4612.0 3795.0
7445.0 243.0
6757.0 5413.0
912.0 5787.0
2584.0 3518.0
6412.0 4446.0
1286.0 1892.0
4434.0 5028.0
6679.0 2115.0
6927.0 9741.0
9222.0 8742.0
7600.0 6459.0
2296.0 2704.0
5947.0 3846.0
9819.0 5312.0
8351.0 7955.0
4785.0 7729.0
2056.0 1431.0
747.0 3322.0
336.0 8964.0
879.0 2741.0
9688.0 5124.0
1642.0 4155.0
2365.0 3181.0
626.0 3479.0
74.0 6100.0
681.0 2000.0
7140.0 3280.0
4833.0 1292.0
3983.0 9223.0
9142.0 7785.0
4226.0 2726.0
3009.0 1876.0
1206.0 7763.0
9003.0 8964.0
2302.0 9660.0
6839.0 2316.0
1790.0 2706.0
8504.0 94.0
5646.0 7853.0
4140.0 1480.0
4040.0 1596.0
760.0 9253.0
9892.0 9716.0
8333.0 8699.0
4284.0 1972.0
358.0 5263.0
2045.0 6405.0
8433.0 5786.0
3373.0 4374.0
2972.0 750.0
9741.0 9971.0
4536.0 7378.0
4971.0 9916.0
2974.0 6008.0
4779.0 2606.0
3809.0 4587.0
577.0 7421.0
4067.0 8694.0
5912.0 7933.0
2011.0 6974.0
6312.0 5142.0
7925.0 4340.0
5880.0 9385.0
5488.0 7857.0
6467.0 2037.0
5812.0 2678.0
7711.0 650.0
8708.0 7913.0
8809.0 3636.0
8262.0 4806.0
5288.0 3181.0
2285.0 2128.0
6647.0 7449.0
7714.0 6146.0
3156.0 5783.0
6518.0 5051.0
2641.0 2970.0
9192.0 248.0
595.0 1266.0
5424.0 9368.0
9391.0 1241.0
3969.0 8400.0
4966.0 5165.0
6314.0 2809.0
1763.0 8982.0
1249.0 57.0
9277.0 1551.0
9826.0 8358.0
5990.0 2298.0
2864.0 9102.0
9053.0 870.0
5510.0 2797.0
515.0 4959.0
5965.0 916.0
3424.0 4906.0
7905.0 8562.0
3613.0 6242.0
8722.0 5276.0
5503.0 3771.0
8105.0 3932.0
2742.0 3347.0
4048.0 65.0
6990.0 9980.0
5873.0 6518.0
679.0 3382.0
6308.0 808.0
2064.0 4608.0
7222.0 5084.0
3399.0 9921.0
6055.0 1038.0
5518.0 499.0
2537.0 4697.0
4709.0 9137.0
7763.0 8451.0
139.0 7555.0
178.0 181.0
2663.0 486.0
5565.0 1924.0
8380.0 5098.0
602.0 2899.0
2694.0 6986.0
2021.0 4318.0
3253.0 6284.0
6009.0 5854.0
2548.0 58.0
4855.0 6122.0
3513.0 9622.0
460.0 2113.0
3947.0 3914.0
6742.0 4901.0
8066.0 2524.0
5542.0 1551.0
6016.0 4561.0
3069.0 5583.0
4661.0 1952.0
6500.0 906.0
5475.0 8331.0
2728.0 6555.0
7835.0 7125.0
3921.0 2172.0
8581.0 5010.0
6897.0 6573.0
1102.0 9307.0
5894.0 4294.0
9831.0 526.0
847.0 7509.0
8416.0 3638.0
5681.0 3195.0
2426.0 4209.0
3744.0 7911.0
9888.0 8072.0
9913.0 5119.0
5486.0 5612.0
1462.0 2372.0
6746.0 4356.0
2273.0 8298.0
3020.0 5930.0
7410.0 1736.0
581.0 6100.0
7706.0 7927.0
9675.0 8950.0
6353.0 9122.0
