1
256 1 3.0 0.0 1000.0 3 160 240 100

6.5 13.5 29.3 58.5
13.0 27.0 58.5 117.0
19.5 40.5 87.8 175.5
26.0 54.0 117.0 234.0
39.0 81.0 175.5 351.0
52.0 108.0 234.0 468.0
58.5 121.5 263.3 526.5
65.0 135.0 292.5 585.0
78.0 162.0 351.0 702.0
0.0 180.0 390.0 780.0

2.0 5.0 8.0 11.0
5.0 8.0 11.0 14.0
9.0 12.0 15.0 18.0
11.0 14.0 17.0 20.0
15.0 18.0 21.0 24.0
18.0 21.0 24.0 27.0
20.0 23.0 26.0 29.0
25.0 28.0 31.0 34.0
29.0 32.0 35.0 38.0
0.0 34.0 37.0 40.0

2742.0 6149.0
6270.0 220.0
3847.0 4692.0
6535.0 1960.0
7478.0 5771.0
3669.0 4240.0
315.0 7565.0
6469.0 9054.0
2429.0 6832.0
7827.0 1479.0
4297.0 1779.0
8140.0 6730.0
6503.0 7025.0
5254.0 3323.0
7937.0 1803.0
3003.0 9725.0
822.0 5033.0
2927.0 4378.0
3383.0 3390.0
6225.0 1475.0
3488.0 1011.0
5532.0 7377.0
9065.0 1968.0
8563.0 5050.0
3628.0 9138.0
8226.0 6405.0
7734.0 5606.0
6246.0 4922.0
9679.0 7239.0
9894.0 3448.0
1262.0 7546.0
3870.0 4542.0
6941.0 8482.0
1926.0 3259.0
7191.0 3306.0
5294.0 4746.0
9388.0 139.0
7489.0 1546.0
2048.0 7353.0
7553.0 7976.0
728.0 4418.0
6321.0 1479.0
6416.0 4350.0
2769.0 3322.0
9733.0 6375.0
21.0 3521.0
6759.0 9969.0
3077.0 7388.0
4815.0 3878.0
2851.0 3572.0
9009.0 6275.0
3556.0 5976.0
2871.0 4662.0
3048.0 4442.0
8907.0 6682.0
8165.0 1584.0
7374.0 5438.0
9644.0 5638.0
4110.0 5480.0
3695.0 1738.0
735.0 8080.0
9785.0 6474.0
3044.0 6927.0
6719.0 3133.0
5910.0 7883.0
1572.0 7499.0
5522.0 8919.0
8558.0 6595.0
2273.0 8886.0
7396.0 5251.0
121.0 6224.0
3248.0 7874.0
745.0 1271.0
2794.0 5323.0
3313.0 8288.0
3522.0 9242.0
3180.0 5831.0
5799.0 8758.0
5352.0 6616.0
9791.0 6920.0
1008.0 500.0
1809.0 6755.0
7929.0 6714.0
7142.0 9330.0
8137.0 3972.0
8959.0 8705.0
8571.0 9611.0
5338.0 1154.0
3116.0 1369.0
9002.0 8540.0
6810.0 7946.0
6827.0 8226.0
5547.0 6991.0
8695.0 4406.0
7099.0 1624.0
7758.0 8236.0
1766.0 9141.0
6695.0 6653.0
3496.0 8045.0
7010.0 2258.0
4772.0 2005.0
968.0 9152.0
1100.0 1907.0
8219.0 2101.0
3419.0 9615.0
1693.0 8923.0
9243.0 9571.0
9825.0 8471.0
5866.0 6880.0
4689.0 9093.0
1446.0 3001.0
8114.0 4965.0
2284.0 2683.0
337.0 164.0
7128.0 8276.0
8280.0 2876.0
1817.0 51.0
3016.0 4612.0
76.0 3666.0
8485.0 1824.0
8808.0 8397.0
6048.0 9797.0
8669.0 2288.0
1932.0 1204.0
3277.0 2830.0
7147.0 4202.0
2861.0 4322.0
1945.0 7458.0
661.0 5534.0
9379.0 1982.0
2926.0 3806.0
5056.0 2159.0
5805.0 4224.0
2627.0 844.0
4958.0 4994.0
7103.0 5929.0
6220.0 2661.0
564.0 8241.0
8123.0 3289.0
7327.0 3165.0
9595.0 8249.0
8140.0 884.0
8680.0 5744.0
5489.0 2590.0
561.0 1696.0
4566.0 2585.0
5750.0 6139.0
6985.0 8625.0
1723.0 3745.0
6814.0 5408.0
3851.0 9616.0
976.0 8580.0
3939.0 3978.0
8623.0 9146.0
7182.0 1899.0
6517.0 666.0
871.0 6688.0
13.0 4121.0
672.0 8073.0
1704.0 7829.0
2778.0 8825.0
2303.0 2298.0
2784.0 5938.0
823.0 2397.0
4576.0 5007.0
3642.0 1724.0
5077.0 8935.0
4505.0 6559.0
3156.0 4605.0
47.0 9285.0
3526.0 3640.0
7896.0 3655.0
8955.0 5898.0
6943.0 6788.0
6600.0 6824.0
1827.0 5289.0
6792.0 2296.0
6221.0 5353.0
5095.0 7094.0
1994.0 9263.0
950.0 5636.0
3794.0 3137.0
8731.0 6096.0
1153.0 3332.0
9532.0 1550.0
2666.0 1371.0
4502.0 4287.0
9312.0 9778.0
3059.0 1895.0
6507.0 3718.0
1783.0 6285.0
6934.0 5802.0
2336.0 9263.0
8740.0 3958.0
9199.0 786.0
6157.0 4744.0
574.0 8555.0
2128.0 6982.0
8248.0 45.0
5005.0 3112.0
4763.0 631.0
3877.0 8117.0
8685.0 3936.0
9623.0 8443.0
1317.0 3023.0
1238.0 5761.0
661.0 3581.0
9510.0 2976.0
959.0 2724.0
2627.0 2352.0
8622.0 9543.0
764.0 8149.0
7879.0 6044.0
9245.0 8643.0
1962.0 9597.0
2330.0 4916.0
8141.0 541.0
2209.0 6304.0
7441.0 1067.0
266.0 4880.0
2352.0 4016.0
191.0 3849.0
8355.0 2732.0
5003.0 7256.0
7586.0 5583.0
2561.0 872.0
5460.0 1308.0
6625.0 6646.0
3568.0 3805.0
3046.0 5614.0
4670.0 7496.0
3149.0 6633.0
8115.0 6909.0
8886.0 842.0
6490.0 6601.0
6817.0 4206.0
6834.0 59.0
507.0 3057.0
2228.0 8718.0
3393.0 9991.0
2081.0 4710.0
6699.0 14.0
1948.0 3499.0
9472.0 9317.0
6171.0 5024.0
299.0 1566.0
9195.0 4477.0
2790.0 9087.0
3855.0 6364.0
9384.0 8829.0
7468.0 7968.0
551.0 5486.0
9047.0 853.0
8972.0 6667.0
3452.0 1544.0
750.0 7493.0

2747.0 6154.0
6274.0 225.0
3852.0 4697.0
6540.0 1965.0
7484.0 5777.0
3674.0 4245.0
320.0 7570.0
6473.0 9059.0
2433.0 6836.0
7832.0 1484.0
4301.0 1785.0
8145.0 6736.0
6508.0 7031.0
5260.0 3327.0
7942.0 1808.0
3009.0 9731.0
826.0 5038.0
2932.0 4384.0
3388.0 3396.0
6231.0 1480.0
3493.0 1016.0
5536.0 7383.0
9070.0 1974.0
8568.0 5054.0
3633.0 9143.0
8232.0 6411.0
7738.0 5610.0
6251.0 4927.0
9683.0 7244.0
9900.0 3453.0
1266.0 7552.0
3876.0 4547.0
6947.0 8486.0
1931.0 3265.0
7196.0 3312.0
5299.0 4752.0
9393.0 145.0
7493.0 1551.0
2054.0 7357.0
7558.0 7981.0
733.0 4424.0
6326.0 1484.0
6420.0 4354.0
2775.0 3327.0
9738.0 6381.0
26.0 3526.0
6764.0 9973.0
3082.0 7393.0
4820.0 3884.0
2857.0 3576.0
9015.0 6281.0
3561.0 5980.0
2875.0 4666.0
3053.0 4446.0
8913.0 6688.0
8170.0 1589.0
7379.0 5443.0
9649.0 5642.0
4115.0 5485.0
3699.0 1744.0
741.0 8085.0
9790.0 6480.0
3048.0 6932.0
6724.0 3137.0
5915.0 7887.0
1576.0 7504.0
5528.0 8924.0
8562.0 6600.0
2277.0 8890.0
7401.0 5256.0
126.0 6228.0
3253.0 7880.0
749.0 1277.0
2798.0 5328.0
3318.0 8294.0
3526.0 9248.0
3186.0 5836.0
5804.0 8763.0
5356.0 6622.0
9795.0 6924.0
1014.0 505.0
1813.0 6761.0
7934.0 6720.0
7147.0 9336.0
8142.0 3977.0
8964.0 8711.0
8576.0 9615.0
5343.0 1159.0
3121.0 1375.0
9007.0 8545.0
6815.0 7951.0
6831.0 8231.0
5552.0 6996.0
8700.0 4411.0
7105.0 1630.0
7762.0 8241.0
1772.0 9146.0
6699.0 6659.0
3500.0 8050.0
7015.0 2264.0
4778.0 2011.0
974.0 9157.0
1106.0 1912.0
8223.0 2107.0
3424.0 9619.0
1698.0 8929.0
9248.0 9576.0
9830.0 8476.0
5871.0 6886.0
4694.0 9097.0
1451.0 3007.0
8120.0 4969.0
2289.0 2687.0
341.0 169.0
7133.0 8280.0
8285.0 2880.0
1822.0 56.0
3021.0 4618.0
81.0 3671.0
8490.0 1829.0
8812.0 8401.0
6053.0 9802.0
8674.0 2293.0
1938.0 1209.0
3283.0 2836.0
7152.0 4206.0
2866.0 4327.0
1951.0 7463.0
666.0 5538.0
9384.0 1988.0
2930.0 3810.0
5060.0 2164.0
5810.0 4228.0
2633.0 850.0
4963.0 4999.0
7109.0 5933.0
6225.0 2666.0
568.0 8247.0
8129.0 3295.0
7332.0 3170.0
9600.0 8254.0
8144.0 888.0
8685.0 5749.0
5495.0 2595.0
565.0 1702.0
4571.0 2590.0
5756.0 6144.0
6989.0 8630.0
1727.0 3749.0
6819.0 5412.0
3856.0 9620.0
980.0 8585.0
3944.0 3982.0
8627.0 9152.0
7187.0 1905.0
6522.0 670.0
877.0 6694.0
17.0 4125.0
678.0 8078.0
1709.0 7834.0
2784.0 8830.0
2308.0 2302.0
2790.0 5944.0
829.0 2402.0
4581.0 5011.0
3647.0 1728.0
5081.0 8939.0
4510.0 6564.0
3162.0 4609.0
53.0 9290.0
3532.0 3645.0
7901.0 3661.0
8960.0 5902.0
6949.0 6793.0
6605.0 6829.0
1832.0 5294.0
6798.0 2301.0
6226.0 5357.0
5100.0 7100.0
1998.0 9268.0
955.0 5641.0
3799.0 3142.0
8736.0 6101.0
1158.0 3336.0
9537.0 1554.0
2670.0 1375.0
4506.0 4292.0
9317.0 9783.0
3065.0 1900.0
6513.0 3722.0
1788.0 6291.0
6938.0 5807.0
2342.0 9269.0
8745.0 3964.0
9204.0 792.0
6162.0 4749.0
579.0 8561.0
2133.0 6986.0
8253.0 50.0
5010.0 3118.0
4769.0 636.0
3883.0 8123.0
8690.0 3941.0
9628.0 8448.0
1323.0 3029.0
1243.0 5767.0
666.0 3586.0
9515.0 2981.0
964.0 2728.0
2633.0 2358.0
8628.0 9548.0
770.0 8155.0
7885.0 6049.0
9249.0 8647.0
1968.0 9601.0
2336.0 4921.0
8147.0 545.0
2213.0 6308.0
7447.0 1072.0
271.0 4885.0
2358.0 4020.0
196.0 3854.0
8361.0 2737.0
5007.0 7261.0
7592.0 5589.0
2565.0 878.0
5464.0 1313.0
6631.0 6650.0
3574.0 3810.0
3051.0 5619.0
4674.0 7501.0
3154.0 6638.0
8120.0 6914.0
8892.0 847.0
6494.0 6607.0
6823.0 4210.0
6839.0 64.0
513.0 3062.0
2233.0 8724.0
3399.0 9996.0
2085.0 4715.0
6705.0 19.0
1952.0 3504.0
9478.0 9322.0
6177.0 5030.0
303.0 1572.0
9201.0 4481.0
2795.0 9093.0
3861.0 6369.0
9389.0 8834.0
7473.0 7972.0
557.0 5491.0
9051.0 858.0
8977.0 6671.0
3456.0 1549.0
754.0 7499.0
