1
256 1 3.0 0.0 1000.0 3 160 240 100

6.5 13.5 29.3 58.5
13.0 27.0 58.5 117.0
19.5 40.5 87.8 175.5
26.0 54.0 117.0 234.0
39.0 81.0 175.5 351.0
52.0 108.0 234.0 468.0
58.5 121.5 263.3 526.5
65.0 135.0 292.5 585.0
78.0 162.0 351.0 702.0
0.0 180.0 390.0 780.0

2.0 5.0 8.0 11.0
5.0 8.0 11.0 14.0
9.0 12.0 15.0 18.0
11.0 14.0 17.0 20.0
15.0 18.0 21.0 24.0
18.0 21.0 24.0 27.0
20.0 23.0 26.0 29.0
25.0 28.0 31.0 34.0
29.0 32.0 35.0 38.0
0.0 34.0 37.0 40.0

6922.0 3204.0
3375.0 2326.0
9903.0 5021.0
988.0 7973.0
7905.0 7889.0
1774.0 3364.0
1016.0 114.0
9359.0 5691.0
2416.0 8547.0
9249.0 4211.0
307.0 8239.0
4658.0 1600.0
7536.0 9209.0
3875.0 6413.0
4721.0 1442.0
1223.0 4029.0
5194.0 1753.0
6204.0 5970.0
2596.0 8661.0
7868.0 9982.0
4438.0 3884.0
4012.0 5738.0
7438.0 1615.0
7253.0 3581.0
2974.0 9185.0
2555.0 6155.0
3459.0 5268.0
3279.0 5329.0
2959.0 4244.0
5330.0 9291.0
7880.0 7864.0
1469.0 7190.0
6047.0 7844.0
350.0 1214.0
4980.0 5525.0
7375.0 8491.0
2704.0 7228.0
6918.0 7677.0
6908.0 6434.0
7987.0 7646.0
766.0 6433.0
7917.0 8126.0
6255.0 9568.0
1140.0 4700.0
8270.0 1696.0
2606.0 3029.0
5381.0 3024.0
7946.0 9691.0
5530.0 8926.0
4917.0 9523.0
7501.0 6894.0
3223.0 1833.0
1481.0 8248.0
2270.0 385.0
4528.0 5728.0
8932.0 4521.0
9272.0 624.0
9889.0 1318.0
6670.0 5553.0
5623.0 1154.0
6125.0 1533.0
5626.0 1565.0
8799.0 473.0
6896.0 6783.0
2444.0 6728.0
299.0 2834.0
8556.0 3834.0
1855.0 572.0
5189.0 5066.0
8528.0 1550.0
1236.0 8959.0
585.0 4085.0
504.0 3400.0
5091.0 9427.0
6410.0 4457.0
7626.0 391.0
600.0 8546.0
1772.0 7356.0
1327.0 9097.0
8461.0 8991.0
9903.0 1325.0
9735.0 7617.0
6050.0 1261.0
4009.0 1563.0
5455.0 7664.0
2390.0 9413.0
5371.0 7953.0
8128.0 3527.0
6571.0 1780.0
3776.0 2714.0
2471.0 8395.0
3120.0 6437.0
8761.0 6421.0
7450.0 5440.0
9340.0 7180.0
8252.0 6181.0
6901.0 5194.0
881.0 8943.0
8960.0 2005.0
6283.0 2015.0
2671.0 1943.0
356.0 6825.0
4237.0 966.0
2991.0 1406.0
1240.0 2217.0
1390.0 2071.0
8702.0 4428.0
4716.0 5701.0
2220.0 1794.0
9646.0 7500.0
3960.0 6466.0
8910.0 1620.0
9870.0 7282.0
7364.0 4538.0
8898.0 874.0
2693.0 3556.0
7561.0 3789.0
293.0 5315.0
5661.0 6746.0
4414.0 1711.0
1498.0 4667.0
135.0 3078.0
7370.0 8623.0
3227.0 1044.0
8701.0 8314.0
7498.0 5923.0
2611.0 6220.0
1666.0 6037.0
4243.0 7064.0
351.0 8851.0
1675.0 8711.0
6238.0 6291.0
2741.0 3134.0
2995.0 9147.0
9559.0 8593.0
1012.0 7929.0
9117.0 6643.0
531.0 68.0
718.0 118.0
9229.0 5834.0
3605.0 710.0
3847.0 7865.0
591.0 7295.0
7907.0 1692.0
6019.0 8612.0
107.0 7117.0
8861.0 6461.0
462.0 2870.0
4283.0 8016.0
3747.0 9385.0
9496.0 8425.0
2335.0 7105.0
2214.0 7286.0
2979.0 191.0
2533.0 5180.0
4626.0 8014.0
1565.0 8850.0
6811.0 9316.0
2626.0 6188.0
735.0 6428.0
3324.0 4649.0
7560.0 9416.0
9347.0 9231.0
1016.0 2546.0
3276.0 8649.0
3886.0 7956.0
4253.0 837.0
428.0 3902.0
6814.0 1421.0
9325.0 7474.0
9704.0 1273.0
4207.0 4164.0
8015.0 1804.0
1339.0 9157.0
4438.0 9110.0
6535.0 7746.0
7974.0 619.0
5863.0 4737.0
910.0 357.0
7223.0 5238.0
7389.0 1475.0
2365.0 1712.0
9385.0 7169.0
1403.0 4666.0
8412.0 3625.0
4420.0 6885.0
3786.0 1118.0
7217.0 3561.0
751.0 1906.0
778.0 3225.0
4307.0 6042.0
6530.0 6855.0
7036.0 8745.0
1954.0 5042.0
1776.0 5460.0
3638.0 5598.0
2435.0 3236.0
7315.0 6492.0
8784.0 9560.0
6988.0 1491.0
3539.0 2282.0
7682.0 8395.0
2563.0 6753.0
8911.0 2243.0
1493.0 8818.0
8433.0 8377.0
4629.0 4800.0
8349.0 2745.0
4392.0 2093.0
8124.0 9327.0
2178.0 6513.0
1608.0 7067.0
3931.0 5031.0
7607.0 1186.0
6244.0 5019.0
6103.0 6276.0
1320.0 3656.0
4661.0 1041.0
1611.0 3600.0
2122.0 7072.0
7446.0 3593.0
9131.0 6550.0
3485.0 5099.0
7589.0 6242.0
2300.0 8634.0
3575.0 7686.0
5923.0 5902.0
841.0 5942.0
8662.0 6379.0
4415.0 1795.0
7021.0 9483.0
6412.0 4792.0
5038.0 5943.0
8603.0 6986.0
5858.0 4526.0
8822.0 9795.0
2865.0 2734.0
785.0 8826.0
6198.0 2614.0
9374.0 4075.0
2961.0 5309.0
5983.0 5368.0
1953.0 488.0
964.0 5436.0
6242.0 9286.0
2779.0 5497.0
9398.0 1878.0
5892.0 740.0
3698.0 3339.0
2005.0 5587.0
1149.0 3903.0
1684.0 1108.0
616.0 2261.0
5950.0 9492.0
6899.0 3041.0
9923.0 2937.0

6927.0 3209.0
3380.0 2331.0
9908.0 5025.0
993.0 7978.0
7909.0 7895.0
1779.0 3370.0
1022.0 119.0
9364.0 5696.0
2422.0 8553.0
9253.0 4216.0
313.0 8245.0
4663.0 1604.0
7541.0 9214.0
3880.0 6418.0
4725.0 1446.0
1228.0 4034.0
5199.0 1759.0
6209.0 5974.0
2601.0 8666.0
7873.0 9987.0
4443.0 3889.0
4017.0 5743.0
7442.0 1619.0
7258.0 3586.0
2980.0 9189.0
2559.0 6159.0
3463.0 5274.0
3283.0 5335.0
2963.0 4248.0
5336.0 9295.0
7885.0 7868.0
1473.0 7194.0
6052.0 7850.0
355.0 1219.0
4986.0 5529.0
7381.0 8497.0
2708.0 7234.0
6924.0 7682.0
6913.0 6440.0
7992.0 7651.0
772.0 6438.0
7922.0 8131.0
6261.0 9573.0
1145.0 4706.0
8274.0 1701.0
2611.0 3034.0
5386.0 3029.0
7950.0 9697.0
5535.0 8932.0
4922.0 9528.0
7507.0 6898.0
3229.0 1839.0
1485.0 8253.0
2275.0 389.0
4534.0 5733.0
8936.0 4527.0
9278.0 629.0
9893.0 1322.0
6675.0 5559.0
5628.0 1159.0
6130.0 1537.0
5631.0 1571.0
8804.0 478.0
6901.0 6788.0
2448.0 6733.0
303.0 2839.0
8560.0 3838.0
1860.0 577.0
5193.0 5071.0
8532.0 1555.0
1241.0 8964.0
590.0 4090.0
508.0 3404.0
5096.0 9433.0
6416.0 4461.0
7632.0 397.0
605.0 8551.0
1777.0 7361.0
1333.0 9102.0
8467.0 8995.0
9907.0 1329.0
9741.0 7622.0
6055.0 1266.0
4014.0 1567.0
5460.0 7669.0
2395.0 9418.0
5375.0 7959.0
8134.0 3532.0
6575.0 1786.0
3780.0 2719.0
2475.0 8401.0
3125.0 6443.0
8765.0 6427.0
7455.0 5445.0
9346.0 7186.0
8257.0 6186.0
6906.0 5199.0
887.0 8948.0
8966.0 2010.0
6288.0 2020.0
2677.0 1949.0
361.0 6831.0
4242.0 970.0
2996.0 1412.0
1245.0 2222.0
1395.0 2076.0
8708.0 4433.0
4722.0 5707.0
2225.0 1799.0
9651.0 7506.0
3965.0 6470.0
8915.0 1625.0
9876.0 7286.0
7369.0 4542.0
8902.0 879.0
2698.0 3561.0
7566.0 3793.0
297.0 5321.0
5666.0 6751.0
4419.0 1716.0
1503.0 4671.0
141.0 3083.0
7376.0 8627.0
3232.0 1048.0
8706.0 8318.0
7503.0 5929.0
2617.0 6226.0
1670.0 6042.0
4249.0 7069.0
356.0 8856.0
1681.0 8716.0
6242.0 6296.0
2745.0 3138.0
3000.0 9152.0
9565.0 8599.0
1018.0 7933.0
9123.0 6647.0
537.0 73.0
723.0 124.0
9235.0 5838.0
3610.0 716.0
3852.0 7870.0
595.0 7300.0
7912.0 1698.0
6025.0 8618.0
112.0 7122.0
8865.0 6467.0
467.0 2874.0
4289.0 8022.0
3752.0 9391.0
9502.0 8429.0
2341.0 7111.0
2219.0 7292.0
2985.0 195.0
2538.0 5186.0
4632.0 8018.0
1570.0 8856.0
6815.0 9320.0
2632.0 6193.0
740.0 6432.0
3328.0 4654.0
7564.0 9421.0
9353.0 9237.0
1021.0 2551.0
3282.0 8653.0
3890.0 7962.0
4258.0 842.0
433.0 3906.0
6818.0 1425.0
9329.0 7479.0
9709.0 1278.0
4212.0 4169.0
8020.0 1810.0
1345.0 9161.0
4443.0 9114.0
6540.0 7750.0
7979.0 625.0
5867.0 4742.0
914.0 362.0
7228.0 5243.0
7393.0 1481.0
2369.0 1716.0
9389.0 7174.0
1407.0 4670.0
8416.0 3629.0
4424.0 6889.0
3792.0 1123.0
7222.0 3566.0
757.0 1910.0
783.0 3229.0
4312.0 6048.0
6536.0 6859.0
7041.0 8749.0
1960.0 5046.0
1780.0 5466.0
3642.0 5603.0
2439.0 3242.0
7321.0 6498.0
8789.0 9566.0
6992.0 1496.0
3543.0 2287.0
7686.0 8400.0
2567.0 6758.0
8916.0 2249.0
1498.0 8824.0
8438.0 8383.0
4633.0 4805.0
8355.0 2750.0
4396.0 2098.0
8128.0 9333.0
2182.0 6518.0
1613.0 7072.0
3936.0 5035.0
7612.0 1191.0
6250.0 5024.0
6108.0 6282.0
1325.0 3660.0
4667.0 1047.0
1617.0 3606.0
2126.0 7078.0
7451.0 3597.0
9137.0 6556.0
3490.0 5103.0
7595.0 6248.0
2304.0 8639.0
3580.0 7691.0
5929.0 5907.0
845.0 5946.0
8667.0 6384.0
4420.0 1801.0
7026.0 9488.0
6418.0 4796.0
5043.0 5949.0
8608.0 6992.0
5863.0 4530.0
8828.0 9799.0
2870.0 2739.0
789.0 8831.0
6204.0 2618.0
9379.0 4079.0
2965.0 5313.0
5987.0 5372.0
1959.0 493.0
969.0 5441.0
6248.0 9291.0
2784.0 5503.0
9402.0 1882.0
5898.0 745.0
3704.0 3344.0
2011.0 5593.0
1154.0 3908.0
1689.0 1112.0
621.0 2266.0
5955.0 9497.0
6903.0 3047.0
9927.0 2942.0
