1
256 1 3.0 0.0 1000.0 3 160 240 100

6.5 13.5 29.3 58.5
13.0 27.0 58.5 117.0
19.5 40.5 87.8 175.5
26.0 54.0 117.0 234.0
39.0 81.0 175.5 351.0
52.0 108.0 234.0 468.0
58.5 121.5 263.3 526.5
65.0 135.0 292.5 585.0
78.0 162.0 351.0 702.0
0.0 180.0 390.0 780.0

2.0 5.0 8.0 11.0
5.0 8.0 11.0 14.0
9.0 12.0 15.0 18.0
11.0 14.0 17.0 20.0
15.0 18.0 21.0 24.0
18.0 21.0 24.0 27.0
20.0 23.0 26.0 29.0
25.0 28.0 31.0 34.0
29.0 32.0 35.0 38.0
0.0 34.0 37.0 40.0

6695.0 6365.0
8745.0 1126.0
3162.0 9625.0
271.0 3420.0
5272.0 6853.0
1407.0 1211.0
1282.0 6023.0
2490.0 3572.0
5560.0 1522.0
637.0 6391.0
4282.0 7562.0
9327.0 7470.0
8790.0 8690.0
9517.0 2733.0
2475.0 8543.0
4348.0 929.0
9472.0 457.0
2043.0 6693.0
6002.0 6094.0
4028.0 4379.0
7680.0 687.0
7875.0 7519.0
8610.0 6064.0
7131.0 1306.0
581.0 5062.0
2588.0 7983.0
3193.0 3481.0
2093.0 7512.0
8228.0 8202.0
8436.0 8423.0
4087.0 2593.0
7415.0 6199.0
8613.0 2863.0
627.0 9114.0
1124.0 1464.0
65.0 3870.0
6971.0 6199.0
4096.0 5952.0
446.0 6153.0
6879.0 2052.0
4353.0 8093.0
5798.0 4465.0
7073.0 9456.0
3984.0 9839.0
440.0 6567.0
7496.0 7141.0
4233.0 9220.0
9219.0 2257.0
5634.0 5251.0
4069.0 9073.0
4443.0 1231.0
2562.0 9445.0
7392.0 7932.0
2318.0 6931.0
7358.0 1666.0
9577.0 1662.0
5823.0 5167.0
5288.0 6252.0
9368.0 4118.0
2854.0 5108.0
3548.0 7971.0
7088.0 2045.0
9958.0 6194.0
6466.0 3570.0
4806.0 3569.0
3230.0 7726.0
9825.0 681.0
8433.0 887.0
8831.0 8228.0
1469.0 7365.0
5755.0 6282.0
6189.0 9237.0
2475.0 2146.0
8149.0 6256.0
7250.0 2920.0
65.0 8240.0
7099.0 1426.0
5064.0 4810.0
9923.0 6619.0
9769.0 9882.0
4713.0 2111.0
1821.0 764.0
643.0 8950.0
8884.0 4269.0
8383.0 1286.0
8714.0 4713.0
9444.0 6047.0
2367.0 1183.0
1884.0 267.0
5101.0 3961.0
3185.0 2197.0
2061.0 2478.0
3625.0 4836.0
8297.0 9694.0
5973.0 2998.0
5209.0 280.0
9816.0 7572.0
7965.0 2474.0
1344.0 3086.0
981.0 6019.0
1910.0 7229.0
1024.0 1045.0
1197.0 3436.0
9.0 5277.0
3288.0 202.0
2061.0 9473.0
6491.0 3229.0
1920.0 3451.0
208.0 9055.0
4244.0 7597.0
4697.0 1293.0
5893.0 7246.0
2016.0 3117.0
5758.0 9801.0
9008.0 2115.0
9210.0 6984.0
5605.0 6158.0
6735.0 7107.0
4309.0 1414.0
8823.0 4728.0
9142.0 6125.0
1697.0 7594.0
4902.0 6300.0
924.0 3237.0
43.0 1951.0
2509.0 126.0
8989.0 4990.0
3522.0 733.0
2216.0 2443.0
6835.0 6414.0
4915.0 1098.0
7039.0 6488.0
7553.0 2226.0
7108.0 6383.0
4167.0 7502.0
7894.0 2242.0
6686.0 9768.0
4999.0 1874.0
6133.0 4768.0
117.0 4425.0
3996.0 2473.0
6405.0 3657.0
9614.0 9158.0
9952.0 2214.0
1883.0 3837.0
1931.0 6765.0
6102.0 5201.0
8479.0 6399.0
9294.0 7691.0
7898.0 9156.0
9804.0 7835.0
7240.0 4081.0
9506.0 4492.0
2838.0 8683.0
9437.0 9118.0
1873.0 4177.0
2171.0 4705.0
4516.0 3395.0
6770.0 4515.0
8755.0 8755.0
4612.0 4244.0
2442.0 155.0
6931.0 3750.0
9652.0 5189.0
7385.0 6982.0
911.0 6572.0
5469.0 1228.0
9376.0 4128.0
9096.0 9339.0
7528.0 1266.0
7172.0 1033.0
1449.0 8289.0
5470.0 1938.0
2261.0 7442.0
1645.0 1490.0
6782.0 7073.0
7686.0 3324.0
1990.0 4790.0
648.0 4297.0
348.0 1998.0
4966.0 763.0
5567.0 4701.0
2186.0 3239.0
879.0 7949.0
6421.0 3105.0
4386.0 3810.0
6363.0 7453.0
8559.0 5259.0
7159.0 725.0
3455.0 854.0
7988.0 4281.0
5726.0 7598.0
3643.0 7520.0
7982.0 1852.0
945.0 6684.0
5590.0 692.0
3316.0 9993.0
468.0 8601.0
9316.0 226.0
3951.0 6854.0
3479.0 8395.0
3302.0 5505.0
262.0 4635.0
8926.0 343.0
4424.0 4946.0
1872.0 9707.0
3665.0 4926.0
3685.0 8538.0
1832.0 4116.0
3178.0 9555.0
3527.0 7101.0
7197.0 3935.0
3423.0 9990.0
4952.0 6381.0
6122.0 3417.0
7978.0 1963.0
4864.0 5689.0
295.0 4605.0
9914.0 2219.0
5854.0 9621.0
9942.0 9872.0
2809.0 5156.0
2225.0 7356.0
6725.0 9937.0
9982.0 5304.0
7247.0 7210.0
7667.0 2154.0
5343.0 7240.0
7539.0 4493.0
663.0 3261.0
3328.0 2966.0
1092.0 8263.0
9328.0 7402.0
9077.0 2495.0
5715.0 7291.0
1781.0 4060.0
3434.0 6226.0
4646.0 7501.0
4460.0 1466.0
439.0 7743.0
5761.0 2240.0
8335.0 9289.0
7778.0 2923.0
125.0 3040.0
748.0 9725.0
3107.0 5635.0
4686.0 2020.0
1740.0 8677.0
1345.0 1952.0
2617.0 7748.0
8980.0 8442.0
9850.0 3575.0
3237.0 4245.0
409.0 250.0
9970.0 7171.0
1513.0 7868.0

6701.0 6369.0
8750.0 1131.0
3167.0 9630.0
276.0 3425.0
5277.0 6858.0
1413.0 1216.0
1286.0 6029.0
2495.0 3578.0
5565.0 1528.0
642.0 6396.0
4287.0 7568.0
9331.0 7474.0
8794.0 8694.0
9521.0 2738.0
2480.0 8549.0
4354.0 934.0
9478.0 462.0
2049.0 6697.0
6007.0 6100.0
4032.0 4385.0
7685.0 693.0
7880.0 7524.0
8615.0 6069.0
7137.0 1311.0
587.0 5066.0
2593.0 7988.0
3199.0 3486.0
2098.0 7518.0
8234.0 8207.0
8442.0 8428.0
4091.0 2597.0
7421.0 6204.0
8619.0 2867.0
631.0 9118.0
1129.0 1469.0
70.0 3874.0
6976.0 6204.0
4101.0 5956.0
451.0 6157.0
6884.0 2058.0
4357.0 8098.0
5803.0 4470.0
7079.0 9461.0
3989.0 9843.0
446.0 6572.0
7502.0 7147.0
4239.0 9225.0
9224.0 2262.0
5639.0 5257.0
4075.0 9079.0
4449.0 1237.0
2567.0 9450.0
7396.0 7937.0
2323.0 6935.0
7363.0 1672.0
9582.0 1668.0
5829.0 5172.0
5293.0 6258.0
9373.0 4123.0
2858.0 5113.0
3553.0 7976.0
7094.0 2049.0
9963.0 6199.0
6472.0 3575.0
4811.0 3574.0
3235.0 7732.0
9829.0 686.0
8438.0 891.0
8837.0 8233.0
1474.0 7369.0
5760.0 6287.0
6194.0 9242.0
2479.0 2152.0
8153.0 6260.0
7255.0 2924.0
70.0 8244.0
7104.0 1432.0
5070.0 4815.0
9929.0 6624.0
9774.0 9887.0
4719.0 2116.0
1825.0 769.0
648.0 8955.0
8890.0 4275.0
8387.0 1291.0
8720.0 4719.0
9449.0 6051.0
2372.0 1187.0
1889.0 272.0
5107.0 3966.0
3191.0 2203.0
2066.0 2483.0
3629.0 4840.0
8301.0 9699.0
5978.0 3002.0
5215.0 284.0
9822.0 7577.0
7970.0 2479.0
1349.0 3091.0
985.0 6024.0
1916.0 7234.0
1028.0 1050.0
1201.0 3441.0
15.0 5281.0
3293.0 206.0
2067.0 9478.0
6497.0 3233.0
1925.0 3455.0
212.0 9061.0
4249.0 7601.0
4703.0 1299.0
5898.0 7251.0
2021.0 3122.0
5763.0 9805.0
9012.0 2121.0
9215.0 6990.0
5610.0 6164.0
6740.0 7113.0
4313.0 1419.0
8827.0 4733.0
9148.0 6131.0
1702.0 7600.0
4907.0 6304.0
929.0 3243.0
48.0 1956.0
2515.0 132.0
8995.0 4994.0
3526.0 738.0
2222.0 2448.0
6839.0 6420.0
4921.0 1104.0
7044.0 6492.0
7559.0 2232.0
7114.0 6388.0
4172.0 7507.0
7900.0 2247.0
6691.0 9772.0
5004.0 1878.0
6138.0 4774.0
121.0 4429.0
4000.0 2477.0
6411.0 3661.0
9619.0 9163.0
9956.0 2218.0
1887.0 3842.0
1937.0 6769.0
6107.0 5206.0
8484.0 6404.0
9300.0 7697.0
7904.0 9161.0
9809.0 7841.0
7246.0 4086.0
9511.0 4496.0
2842.0 8688.0
9443.0 9124.0
1877.0 4182.0
2177.0 4710.0
4521.0 3401.0
6776.0 4519.0
8760.0 8761.0
4618.0 4249.0
2447.0 159.0
6937.0 3754.0
9656.0 5194.0
7390.0 6987.0
917.0 6578.0
5475.0 1232.0
9381.0 4134.0
9100.0 9343.0
7534.0 1272.0
7177.0 1038.0
1455.0 8293.0
5475.0 1944.0
2266.0 7446.0
1651.0 1495.0
6786.0 7079.0
7691.0 3329.0
1995.0 4794.0
652.0 4301.0
354.0 2003.0
4971.0 767.0
5571.0 4706.0
2192.0 3244.0
885.0 7953.0
6427.0 3109.0
4390.0 3815.0
6368.0 7458.0
8565.0 5264.0
7163.0 729.0
3460.0 858.0
7993.0 4285.0
5732.0 7603.0
3647.0 7526.0
7987.0 1857.0
950.0 6690.0
5596.0 697.0
3320.0 9998.0
473.0 8606.0
9321.0 232.0
3956.0 6859.0
3484.0 8399.0
3307.0 5509.0
268.0 4639.0
8931.0 347.0
4430.0 4950.0
1877.0 9712.0
3671.0 4932.0
3691.0 8543.0
1837.0 4120.0
3183.0 9560.0
3531.0 7106.0
7203.0 3940.0
3428.0 9995.0
4957.0 6385.0
6126.0 3423.0
7983.0 1968.0
4869.0 5695.0
300.0 4609.0
9918.0 2223.0
5859.0 9625.0
9947.0 9878.0
2815.0 5161.0
2230.0 7360.0
6731.0 9943.0
9986.0 5309.0
7252.0 7215.0
7672.0 2160.0
5348.0 7245.0
7544.0 4499.0
668.0 3265.0
3332.0 2970.0
1097.0 8269.0
9332.0 7406.0
9082.0 2501.0
5719.0 7296.0
1785.0 4064.0
3439.0 6231.0
4652.0 7505.0
4465.0 1470.0
444.0 7749.0
5767.0 2246.0
8341.0 9293.0
7783.0 2928.0
131.0 3045.0
753.0 9731.0
3111.0 5640.0
4691.0 2025.0
1746.0 8683.0
1350.0 1958.0
2623.0 7753.0
8986.0 8447.0
9855.0 3581.0
3243.0 4249.0
414.0 255.0
9975.0 7177.0
1519.0 7873.0
