1
256 1 3.0 0.0 1000.0 3 160 240 100

6.5 13.5 29.3 58.5
13.0 27.0 58.5 117.0
19.5 40.5 87.8 175.5
26.0 54.0 117.0 234.0
39.0 81.0 175.5 351.0
52.0 108.0 234.0 468.0
58.5 121.5 263.3 526.5
65.0 135.0 292.5 585.0
78.0 162.0 351.0 702.0
0.0 180.0 390.0 780.0

2.0 5.0 8.0 11.0
5.0 8.0 11.0 14.0
9.0 12.0 15.0 18.0
11.0 14.0 17.0 20.0
15.0 18.0 21.0 24.0
18.0 21.0 24.0 27.0
20.0 23.0 26.0 29.0
25.0 28.0 31.0 34.0
29.0 32.0 35.0 38.0
0.0 34.0 37.0 40.0

8798.0 9285.0
2676.0 990.0
734.0 1911.0
2289.0 943.0
7727.0 6740.0
7761.0 9185.0
8559.0 113.0
6426.0 6848.0
7528.0 974.0
6598.0 2556.0
3490.0 7009.0
8018.0 7757.0
1591.0 2896.0
8822.0 8173.0
3500.0 1787.0
1117.0 8723.0
4463.0 3661.0
9727.0 1836.0
8010.0 6675.0
1182.0 1502.0
1620.0 153.0
2517.0 7977.0
9172.0 337.0
1958.0 495.0
8505.0 2540.0
6057.0 7891.0
4902.0 5832.0
356.0 9510.0
3819.0 8892.0
3138.0 1280.0
8681.0 8153.0
4349.0 4345.0
2070.0 1881.0
4249.0 6122.0
1108.0 6323.0
8872.0 6187.0
384.0 2539.0
1856.0 1855.0
8211.0 5076.0
4727.0 841.0
4569.0 6095.0
187.0 891.0
1519.0 1099.0
5499.0 8765.0
9440.0 4880.0
5525.0 3439.0
4887.0 8842.0
7485.0 939.0
8400.0 3299.0
2018.0 656.0
3084.0 911.0
7615.0 5549.0
7278.0 9878.0
7978.0 1114.0
7135.0 8017.0
4400.0 487.0
7430.0 1377.0
7710.0 5591.0
1423.0 3501.0
6876.0 6678.0
3090.0 3981.0
3827.0 5180.0
7547.0 7437.0
6557.0 7224.0
7985.0 6549.0
5094.0 7717.0
9939.0 5287.0
7399.0 7368.0
6206.0 946.0
4761.0 7535.0
8239.0 6149.0
8770.0 282.0
2334.0 4433.0
4418.0 3529.0
1427.0 5554.0
6427.0 3669.0
5830.0 9143.0
8346.0 551.0
8714.0 7851.0
6506.0 2192.0
4675.0 3609.0
3390.0 9119.0
2188.0 3146.0
7509.0 716.0
3276.0 1378.0
9323.0 8450.0
6221.0 3828.0
5312.0 3380.0
9622.0 1686.0
4733.0 7809.0
8635.0 5652.0
6169.0 3479.0
6706.0 7204.0
3407.0 1182.0
8620.0 8397.0
2735.0 9174.0
3194.0 3862.0
6229.0 272.0
6414.0 1098.0
8086.0 19.0
8364.0 7732.0
3585.0 803.0
9740.0 6841.0
2751.0 9305.0
6294.0 3993.0
3272.0 7162.0
2004.0 2135.0
9759.0 7235.0
4313.0 2954.0
8917.0 348.0
7243.0 5850.0
2682.0 9905.0
705.0 8156.0
3911.0 4244.0
6838.0 2728.0
1691.0 9120.0
6675.0 1547.0
5833.0 5213.0
2982.0 6463.0
2624.0 8016.0
7570.0 713.0
6405.0 12.0
3907.0 7349.0
4054.0 7512.0
8360.0 3197.0
1932.0 7028.0
5866.0 9504.0
7371.0 8583.0
8377.0 2875.0
9269.0 5827.0
6877.0 2660.0
4869.0 5344.0
309.0 3408.0
2282.0 36.0
7220.0 3525.0
839.0 3965.0
8452.0 3767.0
3824.0 8534.0
1696.0 1710.0
675.0 2398.0
1226.0 818.0
8216.0 9970.0
8643.0 5240.0
2985.0 5930.0
2940.0 3991.0
9241.0 5597.0
708.0 618.0
9708.0 3555.0
9819.0 7011.0
8636.0 5429.0
2377.0 2473.0
9240.0 163.0
5291.0 1696.0
99.0 2719.0
9264.0 7767.0
7570.0 9552.0
9530.0 8836.0
3805.0 1755.0
4159.0 9587.0
2422.0 3261.0
8252.0 1134.0
6424.0 3975.0
4832.0 5490.0
5406.0 225.0
5777.0 3220.0
1652.0 7410.0
8591.0 5433.0
7170.0 2241.0
7345.0 3732.0
6245.0 4436.0
8608.0 4262.0
575.0 269.0
5687.0 4478.0
6567.0 2855.0
6993.0 3782.0
6860.0 6539.0
6861.0 1651.0
640.0 5294.0
9631.0 9388.0
9828.0 7488.0
335.0 4134.0
703.0 1923.0
7773.0 6271.0
3033.0 2513.0
8341.0 3855.0
1284.0 1494.0
1391.0 194.0
4978.0 3545.0
9476.0 3231.0
7771.0 5701.0
9282.0 7837.0
7318.0 444.0
1566.0 4670.0
499.0 1857.0
939.0 1714.0
1074.0 7214.0
8787.0 7148.0
9340.0 8900.0
5175.0 4659.0
5855.0 4038.0
8042.0 4855.0
3803.0 1707.0
503.0 8882.0
7079.0 134.0
9598.0 2912.0
3640.0 8740.0
2279.0 4598.0
6219.0 2430.0
6983.0 5160.0
4960.0 8001.0
1597.0 3220.0
9039.0 5060.0
1133.0 9016.0
6854.0 6321.0
947.0 134.0
6847.0 4682.0
3805.0 2397.0
3525.0 6953.0
1629.0 2028.0
5758.0 6614.0
5242.0 7728.0
6923.0 502.0
7923.0 3808.0
8956.0 6790.0
1103.0 7999.0
4895.0 4161.0
3019.0 72.0
6974.0 4540.0
3641.0 9911.0
9839.0 4279.0
1703.0 6161.0
971.0 1183.0
2146.0 9085.0
2861.0 7238.0
4804.0 3776.0
4030.0 9450.0
7645.0 2336.0
8450.0 3660.0
395.0 6171.0
5448.0 8722.0
6857.0 2028.0
4651.0 931.0
6753.0 7910.0
3050.0 1084.0
407.0 7493.0
3754.0 9043.0
2082.0 4197.0
8498.0 3209.0
302.0 8518.0
8483.0 4758.0
5980.0 4779.0
613.0 9054.0
1655.0 5910.0
8699.0 9094.0
7682.0 7413.0
1708.0 8383.0

8802.0 9289.0
2680.0 995.0
740.0 1916.0
2294.0 948.0
7731.0 6745.0
7765.0 9190.0
8563.0 118.0
6430.0 6853.0
7533.0 980.0
6604.0 2560.0
3495.0 7013.0
8022.0 7762.0
1597.0 2902.0
8827.0 8179.0
3505.0 1791.0
1122.0 8728.0
4469.0 3667.0
9732.0 1842.0
8014.0 6680.0
1186.0 1506.0
1625.0 157.0
2523.0 7982.0
9178.0 341.0
1962.0 499.0
8509.0 2545.0
6062.0 7896.0
4907.0 5837.0
360.0 9514.0
3823.0 8898.0
3143.0 1286.0
8687.0 8158.0
4354.0 4349.0
2075.0 1886.0
4255.0 6126.0
1114.0 6328.0
8877.0 6192.0
388.0 2543.0
1861.0 1859.0
8216.0 5081.0
4732.0 847.0
4573.0 6099.0
192.0 897.0
1524.0 1103.0
5503.0 8770.0
9446.0 4885.0
5531.0 3443.0
4893.0 8846.0
7490.0 944.0
8405.0 3304.0
2023.0 661.0
3089.0 917.0
7620.0 5554.0
7283.0 9882.0
7983.0 1119.0
7140.0 8022.0
4404.0 493.0
7435.0 1383.0
7714.0 5595.0
1428.0 3506.0
6881.0 6683.0
3096.0 3986.0
3831.0 5186.0
7553.0 7442.0
6562.0 7228.0
7989.0 6554.0
5098.0 7721.0
9943.0 5293.0
7405.0 7374.0
6210.0 951.0
4765.0 7540.0
8243.0 6155.0
8776.0 287.0
2338.0 4438.0
4422.0 3534.0
1432.0 5559.0
6431.0 3673.0
5835.0 9148.0
8351.0 556.0
8720.0 7855.0
6511.0 2197.0
4681.0 3614.0
3396.0 9125.0
2194.0 3151.0
7515.0 720.0
3281.0 1383.0
9328.0 8456.0
6227.0 3833.0
5317.0 3384.0
9626.0 1690.0
4739.0 7813.0
8639.0 5656.0
6175.0 3484.0
6711.0 7209.0
3411.0 1187.0
8624.0 8402.0
2740.0 9179.0
3199.0 3866.0
6234.0 276.0
6419.0 1102.0
8091.0 24.0
8368.0 7736.0
3590.0 807.0
9746.0 6846.0
2756.0 9309.0
6299.0 3997.0
3277.0 7167.0
2009.0 2139.0
9765.0 7240.0
4318.0 2959.0
8921.0 353.0
7248.0 5856.0
2686.0 9910.0
710.0 8162.0
3915.0 4248.0
6842.0 2733.0
1696.0 9125.0
6680.0 1553.0
5837.0 5218.0
2987.0 6467.0
2629.0 8020.0
7575.0 718.0
6409.0 17.0
3912.0 7354.0
4059.0 7517.0
8364.0 3203.0
1936.0 7034.0
5871.0 9509.0
7375.0 8588.0
8383.0 2881.0
9273.0 5832.0
6881.0 2664.0
4875.0 5350.0
313.0 3413.0
2286.0 41.0
7225.0 3530.0
845.0 3970.0
8458.0 3772.0
3829.0 8538.0
1702.0 1714.0
680.0 2403.0
1231.0 823.0
8222.0 9974.0
8648.0 5245.0
2990.0 5936.0
2944.0 3996.0
9245.0 5602.0
713.0 623.0
9714.0 3561.0
9825.0 7016.0
8641.0 5435.0
2382.0 2478.0
9245.0 169.0
5296.0 1700.0
104.0 2725.0
9269.0 7772.0
7574.0 9557.0
9535.0 8840.0
3811.0 1759.0
4164.0 9593.0
2428.0 3267.0
8256.0 1140.0
6429.0 3980.0
4838.0 5494.0
5412.0 230.0
5781.0 3226.0
1657.0 7415.0
8597.0 5437.0
7175.0 2246.0
7351.0 3737.0
6250.0 4441.0
8612.0 4267.0
579.0 273.0
5693.0 4483.0
6573.0 2860.0
6997.0 3787.0
6865.0 6544.0
6866.0 1656.0
644.0 5298.0
9636.0 9393.0
9832.0 7493.0
339.0 4138.0
708.0 1928.0
7777.0 6276.0
3039.0 2518.0
8346.0 3859.0
1289.0 1499.0
1396.0 199.0
4983.0 3549.0
9480.0 3236.0
7776.0 5706.0
9286.0 7841.0
7323.0 450.0
1571.0 4676.0
503.0 1861.0
943.0 1720.0
1079.0 7218.0
8792.0 7152.0
9344.0 8905.0
5180.0 4663.0
5859.0 4043.0
8048.0 4860.0
3807.0 1712.0
508.0 8888.0
7085.0 138.0
9604.0 2918.0
3645.0 8745.0
2283.0 4603.0
6223.0 2436.0
6989.0 5165.0
4964.0 8005.0
1602.0 3225.0
9043.0 5064.0
1137.0 9020.0
6860.0 6327.0
952.0 138.0
6851.0 4688.0
3810.0 2402.0
3530.0 6958.0
1634.0 2032.0
5763.0 6619.0
5246.0 7734.0
6928.0 507.0
7928.0 3814.0
8961.0 6795.0
1108.0 8005.0
4900.0 4167.0
3023.0 77.0
6978.0 4545.0
3645.0 9915.0
9844.0 4284.0
1708.0 6166.0
976.0 1187.0
2151.0 9089.0
2866.0 7243.0
4810.0 3780.0
4035.0 9455.0
7651.0 2341.0
8455.0 3665.0
399.0 6176.0
5452.0 8727.0
6862.0 2033.0
4655.0 937.0
6758.0 7916.0
3055.0 1089.0
412.0 7497.0
3759.0 9048.0
2086.0 4202.0
8502.0 3214.0
308.0 8522.0
8489.0 4762.0
5985.0 4784.0
618.0 9059.0
1660.0 5915.0
8703.0 9098.0
7686.0 7419.0
1714.0 8389.0
