1
256 1 3.0 0.0 1000.0 3 160 240 100

6.5 13.5 29.3 58.5
13.0 27.0 58.5 117.0
19.5 40.5 87.8 175.5
26.0 54.0 117.0 234.0
39.0 81.0 175.5 351.0
52.0 108.0 234.0 468.0
58.5 121.5 263.3 526.5
65.0 135.0 292.5 585.0
78.0 162.0 351.0 702.0
0.0 180.0 390.0 780.0

2.0 5.0 8.0 11.0
5.0 8.0 11.0 14.0
9.0 12.0 15.0 18.0
11.0 14.0 17.0 20.0
15.0 18.0 21.0 24.0
18.0 21.0 24.0 27.0
20.0 23.0 26.0 29.0
25.0 28.0 31.0 34.0
29.0 32.0 35.0 38.0
0.0 34.0 37.0 40.0

2376.0 4516.0
1201.0 6476.0
3778.0 1196.0
9511.0 7555.0
2433.0 1259.0
5550.0 5543.0
1373.0 3925.0
2308.0 8611.0
6413.0 6915.0
2434.0 5977.0
3014.0 2909.0
6492.0 3563.0
5818.0 8107.0
7744.0 5740.0
6700.0 4024.0
5535.0 580.0
9633.0 6156.0
1857.0 8471.0
3206.0 5642.0
8144.0 6487.0
4103.0 2566.0
1888.0 3400.0
7364.0 2021.0
5137.0 2708.0
1764.0 6577.0
9443.0 3569.0
1100.0 1273.0
4332.0 2025.0
4741.0 9786.0
8880.0 7383.0
3232.0 2889.0
8434.0 1164.0
7295.0 2844.0
1085.0 8473.0
1025.0 9853.0
936.0 4195.0
2630.0 9215.0
7748.0 8888.0
8501.0 304.0
5030.0 1756.0
8963.0 1014.0
1148.0 599.0
6510.0 3792.0
518.0 1094.0
9845.0 1909.0
4452.0 329.0
9558.0 7083.0
3739.0 1931.0
3742.0 2098.0
7513.0 2704.0
4392.0 4550.0
5498.0 3144.0
7877.0 351.0
3182.0 6715.0
5343.0 8125.0
2006.0 5273.0
1325.0 8127.0
9126.0 515.0
1428.0 1825.0
3828.0 3844.0
2368.0 761.0
155.0 9523.0
210.0 5849.0
7834.0 8511.0
5111.0 717.0
6052.0 2855.0
3410.0 5243.0
7167.0 3026.0
349.0 7915.0
9918.0 3077.0
9287.0 8137.0
4207.0 1018.0
5695.0 2130.0
2019.0 4271.0
6769.0 8549.0
1554.0 2604.0
9972.0 2455.0
4143.0 3427.0
6340.0 8768.0
6012.0 6812.0
6851.0 8842.0
9467.0 156.0
2694.0 6294.0
581.0 4828.0
2754.0 707.0
2928.0 9720.0
4132.0 361.0
9463.0 9061.0
4017.0 7607.0
7101.0 4384.0
3737.0 3024.0
1067.0 3032.0
8305.0 6992.0
8593.0 8085.0
7285.0 9815.0
4028.0 7081.0
5287.0 4020.0
9933.0 9429.0
2930.0 4974.0
1232.0 4891.0
1571.0 8446.0
1982.0 8002.0
7640.0 6246.0
6849.0 5840.0
4892.0 3582.0
1839.0 9000.0
5392.0 4253.0
1372.0 8168.0
2564.0 2327.0
1263.0 1185.0
2122.0 1428.0
9669.0 7963.0
9187.0 5265.0
600.0 3159.0
2441.0 5534.0
7033.0 8972.0
8606.0 5836.0
3220.0 2956.0
3097.0 2733.0
8253.0 8228.0
5140.0 7576.0
5456.0 5956.0
8207.0 5246.0
4681.0 2503.0
9058.0 8428.0
7060.0 6121.0
1237.0 8568.0
4313.0 572.0
1318.0 7123.0
7155.0 5550.0
8744.0 3261.0
9880.0 6309.0
2561.0 6628.0
706.0 7352.0
878.0 6316.0
9935.0 7591.0
1369.0 9674.0
496.0 6841.0
3637.0 7084.0
7964.0 6036.0
6770.0 1343.0
9600.0 6056.0
7885.0 2778.0
4495.0 2545.0
13.0 3730.0
9385.0 6593.0
119.0 8544.0
7213.0 3681.0
591.0 7680.0
7998.0 5761.0
8.0 7106.0
4091.0 3855.0
1527.0 6583.0
4379.0 1061.0
9677.0 2980.0
4522.0 8342.0
8917.0 7257.0
2771.0 7984.0
9752.0 6251.0
3462.0 2109.0
731.0 2882.0
2739.0 6122.0
7167.0 933.0
3580.0 9472.0
9868.0 3020.0
9704.0 8615.0
9727.0 2893.0
415.0 9564.0
6475.0 5698.0
974.0 9899.0
2424.0 2338.0
5542.0 2630.0
4519.0 6558.0
2293.0 6791.0
519.0 5889.0
2745.0 2143.0
7623.0 88.0
9892.0 7885.0
4374.0 3207.0
2201.0 7734.0
9146.0 7913.0
3047.0 6272.0
1047.0 3207.0
7663.0 3945.0
1542.0 9162.0
2151.0 578.0
7643.0 4824.0
1663.0 9810.0
9955.0 7900.0
7285.0 9322.0
1424.0 7367.0
3715.0 4240.0
5089.0 2641.0
2305.0 3599.0
1673.0 5431.0
6524.0 2247.0
322.0 2917.0
9432.0 3078.0
8320.0 3383.0
5212.0 6973.0
8092.0 7930.0
9352.0 325.0
2327.0 4420.0
4539.0 2549.0
528.0 2263.0
1823.0 8438.0
2823.0 9196.0
9147.0 2768.0
9345.0 3675.0
1788.0 7014.0
6007.0 9020.0
1797.0 584.0
9997.0 7950.0
5999.0 1428.0
800.0 8622.0
4625.0 3427.0
5085.0 5832.0
5149.0 433.0
6260.0 3491.0
8398.0 9340.0
2028.0 7018.0
6507.0 7084.0
5756.0 6784.0
4784.0 8935.0
9985.0 6229.0
2065.0 7981.0
2893.0 805.0
6623.0 8173.0
1038.0 6350.0
7195.0 5828.0
4201.0 8054.0
1216.0 6959.0
637.0 3634.0
4807.0 321.0
3581.0 6845.0
1609.0 8562.0
2294.0 9986.0
19.0 2346.0
3505.0 6497.0
897.0 4852.0
1541.0 7313.0
335.0 6506.0
7980.0 7090.0
4525.0 2359.0
4147.0 8939.0
6331.0 6963.0
2264.0 8801.0
5606.0 4152.0
3588.0 3100.0
7847.0 1602.0
4342.0 5801.0
8241.0 2541.0
2775.0 3505.0
688.0 9519.0
3160.0 9726.0
3851.0 7591.0

2380.0 4520.0
1206.0 6482.0
3783.0 1202.0
9515.0 7560.0
2439.0 1265.0
5556.0 5548.0
1377.0 3929.0
2312.0 8617.0
6419.0 6920.0
2438.0 5982.0
3020.0 2914.0
6496.0 3567.0
5823.0 8112.0
7749.0 5745.0
6705.0 4028.0
5541.0 585.0
9639.0 6160.0
1862.0 8477.0
3212.0 5648.0
8149.0 6492.0
4109.0 2571.0
1893.0 3405.0
7370.0 2026.0
5142.0 2713.0
1769.0 6582.0
9449.0 3574.0
1105.0 1279.0
4337.0 2030.0
4745.0 9790.0
8884.0 7388.0
3238.0 2894.0
8439.0 1170.0
7299.0 2848.0
1089.0 8479.0
1029.0 9858.0
941.0 4200.0
2635.0 9220.0
7752.0 8894.0
8505.0 309.0
5035.0 1761.0
8968.0 1019.0
1154.0 603.0
6515.0 3796.0
523.0 1099.0
9849.0 1913.0
4457.0 335.0
9564.0 7088.0
3744.0 1936.0
3748.0 2104.0
7519.0 2709.0
4398.0 4555.0
5503.0 3149.0
7881.0 356.0
3187.0 6720.0
5348.0 8130.0
2010.0 5278.0
1329.0 8132.0
9132.0 520.0
1433.0 1829.0
3833.0 3850.0
2374.0 766.0
159.0 9529.0
215.0 5855.0
7839.0 8517.0
5116.0 723.0
6056.0 2860.0
3415.0 5248.0
7171.0 3030.0
353.0 7920.0
9924.0 3083.0
9292.0 8142.0
4213.0 1023.0
5700.0 2135.0
2024.0 4276.0
6775.0 8555.0
1559.0 2609.0
9976.0 2460.0
4149.0 3433.0
6344.0 8773.0
6018.0 6818.0
6857.0 8847.0
9473.0 161.0
2699.0 6298.0
585.0 4833.0
2759.0 712.0
2934.0 9725.0
4137.0 367.0
9467.0 9066.0
4021.0 7612.0
7107.0 4388.0
3743.0 3030.0
1071.0 3037.0
8310.0 6997.0
8598.0 8090.0
7291.0 9820.0
4034.0 7086.0
5292.0 4026.0
9939.0 9434.0
2934.0 4978.0
1237.0 4897.0
1575.0 8451.0
1986.0 8008.0
7646.0 6251.0
6854.0 5846.0
4896.0 3587.0
1844.0 9005.0
5396.0 4257.0
1377.0 8173.0
2568.0 2331.0
1267.0 1189.0
2126.0 1432.0
9674.0 7968.0
9192.0 5270.0
604.0 3164.0
2446.0 5539.0
7038.0 8978.0
8611.0 5841.0
3225.0 2961.0
3102.0 2739.0
8257.0 8234.0
5145.0 7581.0
5460.0 5961.0
8212.0 5251.0
4686.0 2507.0
9063.0 8433.0
7065.0 6126.0
1241.0 8572.0
4318.0 577.0
1323.0 7128.0
7160.0 5554.0
8748.0 3267.0
9885.0 6315.0
2566.0 6633.0
712.0 7358.0
882.0 6322.0
9940.0 7595.0
1374.0 9680.0
501.0 6847.0
3642.0 7089.0
7970.0 6042.0
6775.0 1348.0
9606.0 6061.0
7890.0 2783.0
4500.0 2550.0
18.0 3735.0
9390.0 6598.0
125.0 8548.0
7217.0 3685.0
596.0 7684.0
8002.0 5765.0
13.0 7110.0
4096.0 3861.0
1532.0 6588.0
4385.0 1066.0
9682.0 2985.0
4527.0 8347.0
8922.0 7261.0
2775.0 7990.0
9757.0 6256.0
3466.0 2113.0
737.0 2888.0
2745.0 6127.0
7172.0 938.0
3584.0 9477.0
9873.0 3024.0
9710.0 8620.0
9733.0 2898.0
419.0 9569.0
6479.0 5703.0
980.0 9904.0
2429.0 2343.0
5547.0 2635.0
4523.0 6563.0
2297.0 6796.0
523.0 5894.0
2749.0 2149.0
7627.0 92.0
9896.0 7890.0
4379.0 3213.0
2206.0 7740.0
9152.0 7918.0
3053.0 6277.0
1052.0 3212.0
7669.0 3950.0
1547.0 9168.0
2156.0 584.0
7648.0 4829.0
1669.0 9815.0
9960.0 7905.0
7290.0 9326.0
1429.0 7372.0
3721.0 4245.0
5093.0 2645.0
2311.0 3603.0
1677.0 5436.0
6530.0 2252.0
327.0 2922.0
9436.0 3083.0
8325.0 3387.0
5218.0 6978.0
8096.0 7935.0
9356.0 331.0
2331.0 4424.0
4544.0 2554.0
534.0 2269.0
1828.0 8442.0
2828.0 9202.0
9153.0 2772.0
9350.0 3681.0
1793.0 7018.0
6013.0 9026.0
1802.0 589.0
10003.0 7955.0
6004.0 1433.0
806.0 8627.0
4630.0 3431.0
5090.0 5836.0
5153.0 437.0
6264.0 3496.0
8404.0 9344.0
2034.0 7023.0
6512.0 7088.0
5761.0 6789.0
4789.0 8940.0
9989.0 6235.0
2071.0 7985.0
2897.0 810.0
6629.0 8179.0
1043.0 6355.0
7199.0 5832.0
4206.0 8059.0
1221.0 6964.0
643.0 3639.0
4813.0 326.0
3585.0 6851.0
1615.0 8566.0
2300.0 9991.0
23.0 2352.0
3511.0 6503.0
902.0 4857.0
1546.0 7318.0
340.0 6510.0
7985.0 7096.0
4530.0 2364.0
4152.0 8944.0
6336.0 6967.0
2269.0 8807.0
5611.0 4158.0
3592.0 3105.0
7852.0 1607.0
4347.0 5806.0
8245.0 2546.0
2779.0 3510.0
692.0 9523.0
3165.0 9731.0
3856.0 7595.0
