1
256 1 3.0 0.0 1000.0 3 160 240 100

6.5 13.5 29.3 58.5
13.0 27.0 58.5 117.0
19.5 40.5 87.8 175.5
26.0 54.0 117.0 234.0
39.0 81.0 175.5 351.0
52.0 108.0 234.0 468.0
58.5 121.5 263.3 526.5
65.0 135.0 292.5 585.0
78.0 162.0 351.0 702.0
0.0 180.0 390.0 780.0

2.0 5.0 8.0 11.0
5.0 8.0 11.0 14.0
9.0 12.0 15.0 18.0
11.0 14.0 17.0 20.0
15.0 18.0 21.0 24.0
18.0 21.0 24.0 27.0
20.0 23.0 26.0 29.0
25.0 28.0 31.0 34.0
29.0 32.0 35.0 38.0
0.0 34.0 37.0 40.0

9454.0 3427.0
5444.0 7614.0
1947.0 9933.0
4709.0 4076.0
6028.0 7804.0
8976.0 1344.0
4066.0 4092.0
2026.0 3205.0
8185.0 6479.0
2395.0 9749.0
3374.0 5988.0
7883.0 9269.0
3279.0 1788.0
6584.0 6268.0
4501.0 9245.0
6526.0 2950.0
7711.0 4832.0
8477.0 4089.0
6418.0 4044.0
8998.0 7648.0
6701.0 953.0
3306.0 6043.0
3716.0 517.0
18.0 5422.0
3326.0 7296.0
2356.0 2844.0
9642.0 6706.0
2863.0 3756.0
1814.0 7424.0
1229.0 4626.0
5896.0 6102.0
7262.0 8138.0
88.0 8012.0
3615.0 815.0
4190.0 9746.0
5297.0 5463.0
6581.0 2618.0
5572.0 3314.0
4553.0 7900.0
305.0 3254.0
6300.0 7508.0
5311.0 8014.0
5407.0 6296.0
3802.0 9710.0
1145.0 4567.0
3489.0 9619.0
391.0 1949.0
5401.0 9563.0
9500.0 6268.0
9015.0 4796.0
6948.0 3540.0
742.0 767.0
63.0 7724.0
5358.0 8646.0
1667.0 1372.0
2437.0 6998.0
4949.0 796.0
2367.0 9487.0
7387.0 1897.0
9011.0 982.0
7043.0 5284.0
8591.0 6971.0
7051.0 1811.0
6858.0 3636.0
6613.0 2179.0
9121.0 8507.0
9330.0 6718.0
207.0 4035.0
2182.0 3993.0
3924.0 9015.0
988.0 9369.0
4088.0 5197.0
653.0 7153.0
1697.0 8998.0
1026.0 2468.0
5312.0 687.0
1700.0 1468.0
4221.0 5926.0
1560.0 1048.0
6456.0 7047.0
1408.0 1667.0
6228.0 3954.0
479.0 9421.0
7858.0 7035.0
178.0 6006.0
5771.0 6950.0
846.0 7692.0
2618.0 8700.0
9885.0 6947.0
108.0 9846.0
2060.0 2848.0
9607.0 5262.0
5295.0 8903.0
2087.0 3311.0
7784.0 9420.0
9483.0 822.0
4742.0 8060.0
2043.0 6745.0
5616.0 4705.0
8720.0 6889.0
5061.0 9265.0
203.0 4589.0
3532.0 3572.0
6635.0 4728.0
5778.0 4982.0
4598.0 958.0
8081.0 7824.0
434.0 8528.0
7557.0 1324.0
9478.0 7594.0
9332.0 5144.0
3257.0 4390.0
9913.0 6155.0
9246.0 144.0
7591.0 2600.0
236.0 135.0
3170.0 4254.0
2889.0 7747.0
6866.0 9730.0
7557.0 934.0
9684.0 4561.0
3920.0 951.0
93.0 6186.0
9534.0 5757.0
9327.0 4482.0
833.0 2951.0
1122.0 8961.0
8688.0 9644.0
4220.0 6277.0
3057.0 9137.0
8455.0 4176.0
3833.0 6791.0
7735.0 505.0
7426.0 9975.0
5752.0 8443.0
1175.0 9465.0
2740.0 1549.0
150.0 2198.0
4081.0 4797.0
3410.0 7731.0
4116.0 204.0
9299.0 3325.0
939.0 8197.0
1839.0 5004.0
527.0 8346.0
2794.0 4495.0
1019.0 5600.0
6484.0 4420.0
444.0 658.0
6901.0 6625.0
3749.0 5602.0
9217.0 1029.0
7427.0 8435.0
240.0 4883.0
2572.0 2649.0
4893.0 4805.0
9677.0 458.0
8294.0 6491.0
1001.0 827.0
5491.0 9477.0
8826.0 5936.0
3437.0 6836.0
414.0 2207.0
2267.0 2186.0
3000.0 4523.0
5455.0 8911.0
4624.0 4778.0
909.0 8951.0
9138.0 8395.0
7588.0 1072.0
6195.0 4931.0
4702.0 970.0
9558.0 1412.0
3071.0 8118.0
9521.0 9533.0
706.0 6724.0
7795.0 340.0
7192.0 686.0
5658.0 2555.0
3933.0 4921.0
8690.0 3143.0
9843.0 7971.0
3925.0 1283.0
4536.0 3241.0
7732.0 9353.0
3597.0 8769.0
5246.0 7087.0
3008.0 7915.0
4669.0 7502.0
2279.0 5831.0
2266.0 5771.0
8386.0 9119.0
6369.0 4631.0
5050.0 8544.0
1216.0 2490.0
4463.0 7188.0
3939.0 2861.0
999.0 8934.0
532.0 6233.0
9008.0 4652.0
9104.0 8047.0
9241.0 5983.0
1248.0 8881.0
994.0 9091.0
4846.0 5490.0
9527.0 3273.0
4127.0 3834.0
837.0 1811.0
5295.0 7723.0
8355.0 4943.0
8561.0 9210.0
8634.0 7341.0
9881.0 9374.0
5596.0 4974.0
8232.0 611.0
5419.0 8747.0
6746.0 4087.0
6621.0 4787.0
8518.0 8459.0
2422.0 3772.0
410.0 8525.0
4944.0 4170.0
671.0 4910.0
3333.0 6791.0
8696.0 8439.0
361.0 514.0
7742.0 5326.0
4581.0 1588.0
3915.0 1801.0
7611.0 1381.0
7269.0 9327.0
8613.0 9957.0
3305.0 4019.0
535.0 5383.0
5724.0 6413.0
5190.0 1116.0
3730.0 214.0
6743.0 6389.0
9714.0 1148.0
5677.0 6948.0
5638.0 9568.0
7796.0 6044.0
8939.0 2923.0
5358.0 8056.0
1273.0 6747.0
9887.0 9618.0
5917.0 5285.0
8744.0 5649.0
2152.0 5391.0
35.0 163.0
7452.0 9840.0
2899.0 4233.0
788.0 8672.0
2787.0 6005.0
2875.0 9720.0
3765.0 137.0

9458.0 3433.0
5449.0 7618.0
1952.0 9938.0
4714.0 4081.0
6033.0 7809.0
8982.0 1348.0
4071.0 4098.0
2032.0 3211.0
8190.0 6485.0
2399.0 9753.0
3379.0 5994.0
7888.0 9273.0
3285.0 1793.0
6589.0 6273.0
4505.0 9249.0
6532.0 2955.0
7715.0 4838.0
8481.0 4094.0
6423.0 4048.0
9002.0 7653.0
6706.0 958.0
3311.0 6048.0
3720.0 522.0
24.0 5427.0
3331.0 7301.0
2361.0 2849.0
9647.0 6711.0
2867.0 3761.0
1819.0 7430.0
1234.0 4631.0
5900.0 6108.0
7267.0 8144.0
93.0 8016.0
3621.0 820.0
4195.0 9750.0
5302.0 5467.0
6586.0 2623.0
5577.0 3319.0
4558.0 7906.0
310.0 3259.0
6305.0 7513.0
5316.0 8019.0
5412.0 6301.0
3807.0 9714.0
1149.0 4572.0
3495.0 9623.0
396.0 1954.0
5406.0 9569.0
9504.0 6274.0
9019.0 4801.0
6953.0 3544.0
747.0 772.0
69.0 7730.0
5364.0 8652.0
1673.0 1377.0
2441.0 7002.0
4953.0 802.0
2372.0 9491.0
7393.0 1901.0
9017.0 986.0
7049.0 5289.0
8596.0 6975.0
7056.0 1815.0
6863.0 3641.0
6618.0 2183.0
9126.0 8513.0
9336.0 6723.0
213.0 4041.0
2187.0 3998.0
3930.0 9019.0
993.0 9375.0
4093.0 5203.0
658.0 7157.0
1703.0 9002.0
1032.0 2473.0
5317.0 691.0
1706.0 1473.0
4226.0 5930.0
1565.0 1052.0
6460.0 7053.0
1413.0 1673.0
6233.0 3959.0
484.0 9426.0
7862.0 7041.0
183.0 6011.0
5777.0 6955.0
851.0 7696.0
2624.0 8705.0
9891.0 6952.0
114.0 9850.0
2066.0 2852.0
9611.0 5268.0
5299.0 8909.0
2092.0 3317.0
7788.0 9425.0
9488.0 828.0
4748.0 8065.0
2048.0 6749.0
5622.0 4711.0
8725.0 6894.0
5067.0 9271.0
208.0 4594.0
3537.0 3577.0
6640.0 4732.0
5784.0 4986.0
4602.0 962.0
8086.0 7829.0
440.0 8534.0
7562.0 1330.0
9483.0 7599.0
9337.0 5149.0
3263.0 4395.0
9917.0 6160.0
9251.0 150.0
7596.0 2606.0
242.0 141.0
3175.0 4259.0
2894.0 7752.0
6871.0 9735.0
7562.0 939.0
9689.0 4567.0
3925.0 957.0
98.0 6192.0
9538.0 5762.0
9332.0 4486.0
838.0 2956.0
1127.0 8967.0
8693.0 9650.0
4225.0 6282.0
3061.0 9143.0
8460.0 4181.0
3838.0 6796.0
7741.0 509.0
7431.0 9980.0
5756.0 8449.0
1180.0 9469.0
2745.0 1553.0
156.0 2204.0
4086.0 4801.0
3414.0 7736.0
4120.0 210.0
9305.0 3331.0
944.0 8201.0
1843.0 5009.0
533.0 8351.0
2799.0 4500.0
1024.0 5605.0
6489.0 4424.0
448.0 663.0
6905.0 6629.0
3754.0 5607.0
9223.0 1034.0
7433.0 8440.0
244.0 4887.0
2577.0 2654.0
4897.0 4809.0
9682.0 463.0
8300.0 6495.0
1005.0 832.0
5497.0 9483.0
8832.0 5941.0
3442.0 6842.0
418.0 2213.0
2272.0 2190.0
3005.0 4527.0
5460.0 8916.0
4629.0 4782.0
913.0 8955.0
9144.0 8399.0
7592.0 1078.0
6199.0 4936.0
4708.0 975.0
9563.0 1416.0
3076.0 8123.0
9525.0 9538.0
710.0 6728.0
7799.0 346.0
7198.0 692.0
5664.0 2561.0
3939.0 4927.0
8695.0 3149.0
9847.0 7976.0
3930.0 1288.0
4541.0 3246.0
7737.0 9358.0
3603.0 8773.0
5251.0 7091.0
3014.0 7920.0
4673.0 7506.0
2285.0 5836.0
2272.0 5776.0
8390.0 9124.0
6373.0 4637.0
5054.0 8549.0
1220.0 2496.0
4468.0 7193.0
3943.0 2866.0
1003.0 8939.0
538.0 6239.0
9012.0 4657.0
9108.0 8052.0
9246.0 5989.0
1253.0 8886.0
1000.0 9096.0
4851.0 5495.0
9532.0 3277.0
4133.0 3839.0
843.0 1817.0
5301.0 7727.0
8359.0 4947.0
8565.0 9215.0
8638.0 7346.0
9887.0 9378.0
5602.0 4980.0
8237.0 616.0
5425.0 8752.0
6750.0 4091.0
6627.0 4792.0
8524.0 8464.0
2427.0 3777.0
415.0 8530.0
4950.0 4175.0
677.0 4915.0
3338.0 6796.0
8701.0 8443.0
365.0 518.0
7747.0 5331.0
4586.0 1593.0
3921.0 1806.0
7617.0 1385.0
7273.0 9331.0
8617.0 9963.0
3309.0 4025.0
539.0 5389.0
5729.0 6417.0
5195.0 1121.0
3736.0 219.0
6748.0 6394.0
9720.0 1153.0
5682.0 6953.0
5643.0 9574.0
7801.0 6049.0
8944.0 2928.0
5363.0 8062.0
1278.0 6753.0
9891.0 9623.0
5923.0 5289.0
8749.0 5654.0
2158.0 5397.0
41.0 168.0
7456.0 9845.0
2904.0 4239.0
793.0 8678.0
2793.0 6011.0
2879.0 9724.0
3770.0 142.0
