1
256 1 3.0 0.0 1000.0 3 160 240 100

6.5 13.5 29.3 58.5
13.0 27.0 58.5 117.0
19.5 40.5 87.8 175.5
26.0 54.0 117.0 234.0
39.0 81.0 175.5 351.0
52.0 108.0 234.0 468.0
58.5 121.5 263.3 526.5
65.0 135.0 292.5 585.0
78.0 162.0 351.0 702.0
0.0 180.0 390.0 780.0

2.0 5.0 8.0 11.0
5.0 8.0 11.0 14.0
9.0 12.0 15.0 18.0
11.0 14.0 17.0 20.0
15.0 18.0 21.0 24.0
18.0 21.0 24.0 27.0
20.0 23.0 26.0 29.0
25.0 28.0 31.0 34.0
29.0 32.0 35.0 38.0
0.0 34.0 37.0 40.0

3365.0 9310.0
8800.0 8180.0
481.0 101.0
7263.0 1840.0
610.0 106.0
5258.0 4169.0
1297.0 152.0
8846.0 8068.0
8327.0 1498.0
7756.0 7658.0
3439.0 2522.0
1997.0 1663.0
9729.0 2519.0
3.0 7900.0
552.0 3731.0
377.0 6257.0
255.0 5241.0
1813.0 43.0
7549.0 4881.0
8253.0 8099.0
4850.0 7758.0
8861.0 2537.0
9399.0 2556.0
4878.0 9506.0
4497.0 9239.0
7931.0 2861.0
1659.0 4277.0
6869.0 3117.0
7013.0 2051.0
2685.0 6571.0
7775.0 3539.0
3607.0 1980.0
7098.0 5953.0
4928.0 4666.0
8138.0 9416.0
630.0 449.0
642.0 9359.0
6394.0 4273.0
5888.0 5730.0
6046.0 914.0
8291.0 2673.0
6028.0 7660.0
4493.0 4801.0
4945.0 1337.0
3273.0 8693.0
7779.0 4563.0
2072.0 758.0
6823.0 8621.0
8478.0 5084.0
3909.0 2830.0
7479.0 7424.0
1016.0 2789.0
7798.0 3926.0
8797.0 2395.0
3151.0 5771.0
5135.0 6992.0
6723.0 3325.0
8258.0 7565.0
9705.0 5950.0
1516.0 8329.0
7197.0 6106.0
9370.0 2629.0
7301.0 8878.0
6674.0 4497.0
1732.0 558.0
5809.0 5789.0
8754.0 2412.0
8763.0 1250.0
1775.0 8273.0
3687.0 6410.0
9411.0 7083.0
8049.0 5688.0
5342.0 4030.0
2904.0 587.0
8785.0 6399.0
5389.0 362.0
8899.0 2773.0
9001.0 43.0
8942.0 6728.0
3713.0 3200.0
8508.0 8639.0
530.0 9331.0
4652.0 1741.0
7521.0 8252.0
5233.0 1072.0
6924.0 6373.0
293.0 6432.0
5382.0 2255.0
9791.0 2997.0
1878.0 1307.0
8513.0 5705.0
447.0 2026.0
1477.0 6070.0
7234.0 8660.0
5656.0 2532.0
3962.0 7662.0
6337.0 7996.0
2385.0 7842.0
8938.0 681.0
6797.0 6571.0
9600.0 6916.0
4168.0 6955.0
384.0 7017.0
3973.0 3320.0
7372.0 7871.0
2286.0 4930.0
2524.0 8371.0
7211.0 299.0
2580.0 6324.0
5221.0 6978.0
847.0 7975.0
471.0 4217.0
184.0 3766.0
1663.0 8363.0
8007.0 6479.0
3517.0 3402.0
6636.0 384.0
2446.0 1497.0
4797.0 2526.0
8474.0 937.0
8609.0 9798.0
7991.0 1354.0
2870.0 7904.0
4403.0 8605.0
5968.0 878.0
6254.0 4202.0
4227.0 2266.0
4882.0 6660.0
4018.0 1619.0
6190.0 4663.0
2456.0 2423.0
3591.0 4417.0
9992.0 96.0
1712.0 6082.0
734.0 1202.0
2907.0 6661.0
8807.0 7485.0
1172.0 9228.0
1580.0 884.0
511.0 881.0
3075.0 8150.0
7340.0 4305.0
3378.0 6197.0
8992.0 317.0
2375.0 1815.0
2892.0 1290.0
8640.0 1896.0
3473.0 7831.0
6774.0 2786.0
6411.0 3590.0
9045.0 9904.0
2234.0 5602.0
9619.0 1261.0
3892.0 19.0
2226.0 1019.0
5346.0 5637.0
4571.0 1701.0
753.0 91.0
5311.0 6208.0
6313.0 6098.0
1914.0 3270.0
9357.0 7642.0
235.0 2451.0
1725.0 8463.0
9108.0 7355.0
7041.0 7765.0
5796.0 8168.0
3912.0 490.0
605.0 7146.0
9656.0 2069.0
1480.0 3216.0
1611.0 17.0
1925.0 4290.0
5604.0 7257.0
8034.0 8450.0
3640.0 4570.0
2987.0 7619.0
5397.0 2024.0
9803.0 9860.0
579.0 1801.0
5696.0 8940.0
1715.0 7274.0
3827.0 2274.0
9459.0 5739.0
796.0 905.0
4973.0 4664.0
685.0 7635.0
6458.0 3865.0
8967.0 1946.0
9399.0 8460.0
2111.0 2847.0
2606.0 9.0
1195.0 3276.0
4613.0 5715.0
356.0 2189.0
7499.0 8060.0
3388.0 2972.0
7724.0 9774.0
4315.0 9305.0
6017.0 1506.0
257.0 2117.0
925.0 2091.0
7409.0 3757.0
3054.0 3787.0
3452.0 8020.0
9604.0 7370.0
2224.0 7155.0
1252.0 4470.0
8956.0 9499.0
5954.0 7027.0
6911.0 3851.0
6745.0 6250.0
8734.0 9242.0
3098.0 5970.0
8339.0 1210.0
7914.0 7759.0
1649.0 8234.0
4721.0 7702.0
7013.0 4446.0
2142.0 7209.0
8622.0 7256.0
5207.0 2742.0
8739.0 1031.0
5582.0 1848.0
7064.0 450.0
5282.0 5369.0
8061.0 9674.0
934.0 8233.0
9556.0 5961.0
8172.0 3680.0
8441.0 8867.0
8225.0 8333.0
1789.0 8646.0
1266.0 7979.0
4210.0 9.0
3603.0 6447.0
4765.0 9850.0
8278.0 2475.0
9264.0 91.0
1133.0 1936.0
6254.0 9261.0
6933.0 5309.0
7532.0 8960.0
2602.0 2789.0
6504.0 3825.0
7146.0 1897.0
188.0 6145.0
336.0 4999.0
3218.0 8740.0
4718.0 6592.0
4631.0 2259.0
8022.0 2761.0
784.0 5512.0
5537.0 7671.0
216.0 9973.0
4532.0 4494.0

3370.0 9315.0
8806.0 8186.0
487.0 106.0
7268.0 1845.0
616.0 110.0
5263.0 4174.0
1302.0 157.0
8851.0 8073.0
8331.0 1503.0
7761.0 7662.0
3444.0 2528.0
2003.0 1668.0
9734.0 2525.0
9.0 7906.0
558.0 3737.0
382.0 6261.0
260.0 5247.0
1819.0 48.0
7554.0 4886.0
8258.0 8103.0
4855.0 7763.0
8866.0 2542.0
9405.0 2561.0
4882.0 9512.0
4502.0 9244.0
7936.0 2866.0
1664.0 4281.0
6874.0 3122.0
7017.0 2057.0
2691.0 6575.0
7780.0 3543.0
3611.0 1984.0
7103.0 5959.0
4933.0 4672.0
8143.0 9420.0
635.0 453.0
646.0 9364.0
6398.0 4278.0
5893.0 5736.0
6052.0 920.0
8296.0 2678.0
6033.0 7666.0
4498.0 4807.0
4949.0 1343.0
3278.0 8698.0
7784.0 4568.0
2077.0 763.0
6828.0 8626.0
8483.0 5088.0
3914.0 2836.0
7483.0 7428.0
1022.0 2794.0
7802.0 3931.0
8803.0 2399.0
3156.0 5776.0
5140.0 6996.0
6728.0 3331.0
8264.0 7570.0
9709.0 5956.0
1522.0 8333.0
7201.0 6111.0
9374.0 2634.0
7307.0 8882.0
6680.0 4502.0
1736.0 562.0
5814.0 5794.0
8758.0 2418.0
8768.0 1256.0
1779.0 8279.0
3693.0 6415.0
9416.0 7088.0
8054.0 5692.0
5346.0 4035.0
2910.0 592.0
8790.0 6403.0
5394.0 368.0
8903.0 2777.0
9007.0 49.0
8947.0 6733.0
3718.0 3206.0
8512.0 8643.0
535.0 9336.0
4657.0 1746.0
7526.0 8256.0
5238.0 1077.0
6929.0 6378.0
297.0 6436.0
5388.0 2261.0
9796.0 3002.0
1883.0 1311.0
8517.0 5710.0
452.0 2030.0
1481.0 6074.0
7238.0 8665.0
5661.0 2537.0
3966.0 7667.0
6343.0 8002.0
2389.0 7847.0
8944.0 687.0
6802.0 6576.0
9606.0 6922.0
4172.0 6960.0
388.0 7022.0
3979.0 3325.0
7377.0 7875.0
2291.0 4935.0
2528.0 8376.0
7216.0 304.0
2585.0 6328.0
5227.0 6983.0
852.0 7980.0
476.0 4222.0
188.0 3772.0
1667.0 8368.0
8012.0 6485.0
3521.0 3407.0
6641.0 389.0
2451.0 1501.0
4802.0 2531.0
8479.0 942.0
8613.0 9803.0
7995.0 1359.0
2874.0 7909.0
4407.0 8610.0
5973.0 883.0
6259.0 4207.0
4231.0 2270.0
4887.0 6664.0
4023.0 1624.0
6195.0 4669.0
2461.0 2429.0
3596.0 4422.0
9997.0 101.0
1717.0 6086.0
739.0 1206.0
2912.0 6666.0
8812.0 7490.0
1177.0 9233.0
1585.0 889.0
516.0 886.0
3079.0 8155.0
7344.0 4309.0
3382.0 6202.0
8997.0 322.0
2381.0 1821.0
2897.0 1294.0
8646.0 1902.0
3477.0 7836.0
6779.0 2791.0
6416.0 3595.0
9051.0 9909.0
2240.0 5608.0
9623.0 1266.0
3897.0 25.0
2232.0 1025.0
5350.0 5642.0
4576.0 1706.0
757.0 96.0
5316.0 6213.0
6319.0 6102.0
1919.0 3275.0
9362.0 7646.0
240.0 2456.0
1730.0 8469.0
9112.0 7360.0
7046.0 7771.0
5801.0 8173.0
3917.0 495.0
610.0 7151.0
9661.0 2074.0
1486.0 3221.0
1616.0 23.0
1929.0 4296.0
5609.0 7261.0
8039.0 8454.0
3645.0 4575.0
2992.0 7625.0
5402.0 2029.0
9809.0 9864.0
584.0 1806.0
5701.0 8946.0
1721.0 7279.0
3832.0 2278.0
9464.0 5743.0
801.0 910.0
4977.0 4669.0
689.0 7640.0
6463.0 3871.0
8973.0 1951.0
9404.0 8464.0
2116.0 2851.0
2610.0 14.0
1199.0 3281.0
4619.0 5721.0
360.0 2194.0
7504.0 8065.0
3392.0 2977.0
7728.0 9780.0
4320.0 9310.0
6023.0 1511.0
261.0 2121.0
929.0 2096.0
7415.0 3762.0
3058.0 3791.0
3458.0 8024.0
9608.0 7375.0
2230.0 7160.0
1257.0 4474.0
8961.0 9504.0
5959.0 7032.0
6915.0 3855.0
6750.0 6254.0
8739.0 9247.0
3102.0 5976.0
8345.0 1215.0
7919.0 7764.0
1653.0 8239.0
4726.0 7707.0
7019.0 4450.0
2148.0 7214.0
8627.0 7261.0
5212.0 2746.0
8745.0 1036.0
5587.0 1852.0
7069.0 455.0
5288.0 5374.0
8065.0 9679.0
940.0 8238.0
9562.0 5966.0
8177.0 3684.0
8445.0 8871.0
8231.0 8338.0
1793.0 8651.0
1270.0 7985.0
4214.0 13.0
3607.0 6452.0
4769.0 9854.0
8284.0 2481.0
9270.0 96.0
1138.0 1942.0
6259.0 9265.0
6938.0 5314.0
7537.0 8964.0
2607.0 2794.0
6510.0 3830.0
7152.0 1901.0
193.0 6150.0
340.0 5004.0
3224.0 8746.0
4723.0 6598.0
4636.0 2264.0
8028.0 2766.0
790.0 5517.0
5543.0 7677.0
221.0 9978.0
4537.0 4500.0
