1
256 1 3.0 0.0 1000.0 3 160 240 100

6.5 13.5 29.3 58.5
13.0 27.0 58.5 117.0
19.5 40.5 87.8 175.5
26.0 54.0 117.0 234.0
39.0 81.0 175.5 351.0
52.0 108.0 234.0 468.0
58.5 121.5 263.3 526.5
65.0 135.0 292.5 585.0
78.0 162.0 351.0 702.0
0.0 180.0 390.0 780.0

2.0 5.0 8.0 11.0
5.0 8.0 11.0 14.0
9.0 12.0 15.0 18.0
11.0 14.0 17.0 20.0
15.0 18.0 21.0 24.0
18.0 21.0 24.0 27.0
20.0 23.0 26.0 29.0
25.0 28.0 31.0 34.0
29.0 32.0 35.0 38.0
0.0 34.0 37.0 40.0

5048.0 1962.0
8831.0 6819.0
8618.0 7718.0
5509.0 6465.0
9415.0 8085.0
7144.0 5750.0
8319.0 37.0
5291.0 8586.0
5058.0 1059.0
9609.0 2138.0
6077.0 2243.0
9628.0 1615.0
97.0 8490.0
8053.0 6163.0
7179.0 6947.0
7663.0 3252.0
9605.0 7310.0
6389.0 1435.0
5413.0 133.0
7625.0 3858.0
7888.0 1764.0
5364.0 7410.0
6845.0 7054.0
6203.0 4897.0
16.0 3460.0
2813.0 110.0
5359.0 2689.0
5928.0 8195.0
7620.0 8494.0
4424.0 6172.0
4954.0 1782.0
5569.0 1025.0
3939.0 6642.0
6.0 5214.0
3796.0 3443.0
8534.0 2010.0
3131.0 7625.0
273.0 5526.0
5034.0 5322.0
4270.0 2841.0
8836.0 9442.0
9124.0 8075.0
9366.0 2351.0
7689.0 826.0
7002.0 3775.0
6445.0 3833.0
4368.0 5066.0
1584.0 7250.0
7965.0 3463.0
6404.0 9426.0
5582.0 2481.0
7062.0 6557.0
2790.0 7049.0
6267.0 6105.0
4354.0 4552.0
6984.0 1359.0
8867.0 5391.0
712.0 7031.0
7441.0 9199.0
7413.0 8256.0
9767.0 5353.0
6657.0 7889.0
3365.0 8902.0
2064.0 9481.0
4352.0 5557.0
3592.0 5813.0
534.0 1867.0
4771.0 5369.0
153.0 9212.0
4423.0 1641.0
2112.0 2760.0
4958.0 2636.0
5988.0 9005.0
1816.0 480.0
2657.0 8021.0
1110.0 3489.0
8857.0 9077.0
5060.0 5602.0
1505.0 733.0
7269.0 550.0
82.0 9053.0
2429.0 651.0
7923.0 73.0
7518.0 2604.0
5711.0 5150.0
4054.0 5178.0
3014.0 329.0
3490.0 6163.0
6174.0 3358.0
304.0 8487.0
3376.0 4488.0
9873.0 7854.0
205.0 9686.0
676.0 6814.0
1530.0 7396.0
2928.0 2627.0
8015.0 2482.0
8186.0 8814.0
8096.0 3484.0
7016.0 2778.0
8726.0 1820.0
4281.0 4374.0
729.0 4067.0
4128.0 2805.0
7060.0 958.0
9242.0 1749.0
4816.0 9215.0
1428.0 5068.0
4291.0 4870.0
3109.0 8013.0
928.0 9191.0
1798.0 1282.0
8450.0 847.0
2109.0 7832.0
4031.0 462.0
2398.0 4822.0
8788.0 6162.0
5585.0 5560.0
9452.0 1278.0
6230.0 8856.0
9501.0 7813.0
8446.0 5650.0
609.0 1823.0
1705.0 5293.0
7708.0 9335.0
4113.0 6390.0
3492.0 3937.0
5228.0 9551.0
689.0 9678.0
2980.0 1961.0
2905.0 5404.0
1782.0 6146.0
7382.0 9162.0
1379.0 7806.0
5467.0 3816.0
8527.0 108.0
9135.0 7494.0
6056.0 4328.0
4368.0 5005.0
6398.0 9205.0
4720.0 8862.0
9149.0 3909.0
885.0 1041.0
4721.0 1996.0
4596.0 9100.0
8683.0 6239.0
7656.0 2811.0
3828.0 6705.0
9444.0 9915.0
9565.0 6981.0
8707.0 2155.0
685.0 5909.0
7946.0 5194.0
89.0 4738.0
1245.0 8583.0
2527.0 2050.0
8829.0 4376.0
8949.0 1360.0
4203.0 5557.0
3499.0 8769.0
2166.0 7892.0
7762.0 551.0
8543.0 1345.0
9306.0 3057.0
4933.0 9687.0
4097.0 9816.0
4318.0 9444.0
4870.0 3228.0
5827.0 1795.0
7.0 712.0
9497.0 3575.0
1.0 7713.0
4338.0 5999.0
1080.0 2430.0
5534.0 2248.0
8061.0 9671.0
9081.0 7553.0
988.0 3691.0
4709.0 7895.0
2653.0 2425.0
385.0 5977.0
6545.0 7968.0
4224.0 5577.0
7308.0 716.0
2141.0 7927.0
8279.0 7022.0
2046.0 6257.0
3178.0 2775.0
7909.0 7122.0
1507.0 7762.0
9523.0 9651.0
9748.0 8218.0
6275.0 6359.0
2916.0 7427.0
5748.0 1638.0
3542.0 6766.0
478.0 6581.0
7657.0 2082.0
8683.0 1248.0
9845.0 2771.0
7285.0 8030.0
1942.0 3444.0
8044.0 2223.0
2434.0 579.0
128.0 8462.0
6152.0 9017.0
4937.0 4138.0
6308.0 5705.0
1498.0 3431.0
3455.0 557.0
3260.0 8101.0
8440.0 6825.0
9598.0 3651.0
8921.0 5851.0
7857.0 2022.0
1519.0 3596.0
4250.0 4421.0
4161.0 8819.0
4432.0 449.0
5717.0 5292.0
7068.0 2125.0
2460.0 2938.0
6221.0 3976.0
3454.0 5262.0
876.0 2797.0
9422.0 2980.0
2419.0 3224.0
2169.0 6204.0
3396.0 7764.0
4129.0 81.0
3369.0 2388.0
110.0 1267.0
189.0 1352.0
5800.0 5116.0
7508.0 7355.0
117.0 5966.0
1851.0 5669.0
958.0 5409.0
5067.0 3396.0
6427.0 5923.0
474.0 7449.0
6111.0 9753.0
3533.0 7425.0
9475.0 5422.0
355.0 1976.0
937.0 6754.0
9868.0 9829.0
3712.0 1791.0
7971.0 9075.0
6974.0 1495.0
4483.0 869.0
3424.0 602.0
6212.0 6169.0
6822.0 5524.0
1973.0 6648.0
1563.0 6685.0

5054.0 1968.0
8835.0 6823.0
8622.0 7723.0
5514.0 6469.0
9419.0 8090.0
7150.0 5756.0
8324.0 43.0
5297.0 8592.0
5062.0 1063.0
9613.0 2143.0
6082.0 2249.0
9633.0 1620.0
102.0 8495.0
8057.0 6167.0
7183.0 6953.0
7667.0 3257.0
9610.0 7314.0
6395.0 1439.0
5419.0 138.0
7631.0 3864.0
7893.0 1768.0
5369.0 7416.0
6850.0 7058.0
6209.0 4903.0
22.0 3466.0
2818.0 116.0
5363.0 2693.0
5934.0 8200.0
7625.0 8499.0
4430.0 6178.0
4959.0 1787.0
5575.0 1030.0
3944.0 6647.0
12.0 5219.0
3800.0 3447.0
8540.0 2014.0
3137.0 7630.0
277.0 5532.0
5038.0 5328.0
4275.0 2845.0
8841.0 9446.0
9129.0 8080.0
9370.0 2357.0
7693.0 831.0
7007.0 3779.0
6450.0 3838.0
4373.0 5071.0
1588.0 7255.0
7969.0 3468.0
6408.0 9432.0
5587.0 2486.0
7066.0 6562.0
2795.0 7053.0
6272.0 6110.0
4359.0 4557.0
6989.0 1364.0
8871.0 5395.0
718.0 7037.0
7447.0 9204.0
7418.0 8261.0
9772.0 5358.0
6661.0 7894.0
3370.0 8907.0
2068.0 9486.0
4357.0 5562.0
3597.0 5818.0
540.0 1871.0
4775.0 5375.0
159.0 9216.0
4429.0 1645.0
2118.0 2765.0
4962.0 2641.0
5993.0 9010.0
1821.0 485.0
2662.0 8025.0
1115.0 3493.0
8862.0 9081.0
5065.0 5606.0
1510.0 738.0
7273.0 555.0
88.0 9058.0
2434.0 655.0
7927.0 78.0
7523.0 2608.0
5716.0 5156.0
4059.0 5184.0
3019.0 333.0
3494.0 6168.0
6179.0 3363.0
310.0 8492.0
3381.0 4493.0
9878.0 7858.0
211.0 9691.0
680.0 6820.0
1534.0 7400.0
2934.0 2633.0
8020.0 2488.0
8192.0 8818.0
8100.0 3488.0
7021.0 2783.0
8730.0 1824.0
4287.0 4379.0
733.0 4072.0
4133.0 2810.0
7065.0 964.0
9248.0 1755.0
4820.0 9220.0
1433.0 5074.0
4295.0 4875.0
3114.0 8018.0
934.0 9197.0
1802.0 1286.0
8455.0 852.0
2113.0 7837.0
4035.0 468.0
2403.0 4826.0
8792.0 6167.0
5591.0 5566.0
9457.0 1284.0
6235.0 8862.0
9505.0 7817.0
8452.0 5655.0
613.0 1828.0
1709.0 5298.0
7712.0 9340.0
4118.0 6394.0
3497.0 3942.0
5233.0 9557.0
695.0 9684.0
2984.0 1966.0
2911.0 5409.0
1786.0 6151.0
7388.0 9168.0
1384.0 7811.0
5471.0 3820.0
8532.0 112.0
9140.0 7500.0
6061.0 4334.0
4373.0 5010.0
6403.0 9210.0
4726.0 8868.0
9154.0 3915.0
890.0 1045.0
4726.0 2001.0
4601.0 9105.0
8687.0 6243.0
7661.0 2815.0
3834.0 6710.0
9448.0 9920.0
9570.0 6986.0
8712.0 2159.0
689.0 5913.0
7952.0 5199.0
93.0 4742.0
1249.0 8587.0
2533.0 2056.0
8835.0 4381.0
8953.0 1366.0
4208.0 5563.0
3503.0 8773.0
2172.0 7896.0
7766.0 556.0
8548.0 1351.0
9310.0 3062.0
4939.0 9691.0
4102.0 9822.0
4324.0 9449.0
4875.0 3232.0
5833.0 1800.0
12.0 717.0
9502.0 3581.0
7.0 7718.0
4342.0 6004.0
1086.0 2436.0
5538.0 2253.0
8066.0 9676.0
9086.0 7558.0
992.0 3697.0
4713.0 7899.0
2658.0 2429.0
390.0 5982.0
6549.0 7974.0
4229.0 5582.0
7313.0 720.0
2146.0 7932.0
8283.0 7027.0
2051.0 6261.0
3183.0 2780.0
7915.0 7127.0
1512.0 7768.0
9528.0 9656.0
9752.0 8224.0
6279.0 6363.0
2920.0 7433.0
5753.0 1643.0
3547.0 6772.0
484.0 6586.0
7662.0 2088.0
8687.0 1252.0
9851.0 2777.0
7291.0 8034.0
1946.0 3449.0
8049.0 2228.0
2439.0 583.0
133.0 8468.0
6157.0 9022.0
4942.0 4144.0
6314.0 5710.0
1502.0 3437.0
3460.0 562.0
3265.0 8105.0
8445.0 6831.0
9602.0 3657.0
8926.0 5856.0
7862.0 2028.0
1524.0 3602.0
4255.0 4426.0
4166.0 8823.0
4437.0 454.0
5722.0 5297.0
7072.0 2130.0
2466.0 2942.0
6225.0 3981.0
3459.0 5267.0
882.0 2802.0
9427.0 2986.0
2425.0 3229.0
2174.0 6208.0
3402.0 7769.0
4133.0 86.0
3373.0 2394.0
115.0 1273.0
194.0 1357.0
5805.0 5121.0
7513.0 7361.0
122.0 5972.0
1856.0 5673.0
963.0 5415.0
5072.0 3402.0
6431.0 5927.0
478.0 7455.0
6116.0 9758.0
3537.0 7429.0
9480.0 5427.0
360.0 1982.0
941.0 6759.0
9873.0 9834.0
3717.0 1795.0
7976.0 9079.0
6979.0 1500.0
4489.0 874.0
3429.0 606.0
6218.0 6175.0
6828.0 5528.0
1978.0 6654.0
1568.0 6689.0
