1
256 1 3.0 0.0 1000.0 3 160 240 100

6.5 13.5 29.3 58.5
13.0 27.0 58.5 117.0
19.5 40.5 87.8 175.5
26.0 54.0 117.0 234.0
39.0 81.0 175.5 351.0
52.0 108.0 234.0 468.0
58.5 121.5 263.3 526.5
65.0 135.0 292.5 585.0
78.0 162.0 351.0 702.0
0.0 180.0 390.0 780.0

2.0 5.0 8.0 11.0
5.0 8.0 11.0 14.0
9.0 12.0 15.0 18.0
11.0 14.0 17.0 20.0
15.0 18.0 21.0 24.0
18.0 21.0 24.0 27.0
20.0 23.0 26.0 29.0
25.0 28.0 31.0 34.0
29.0 32.0 35.0 38.0
0.0 34.0 37.0 40.0

7861.0 3413.0
8854.0 5153.0
3610.0 9657.0
6584.0 5976.0
3350.0 5894.0
2429.0 3088.0
6592.0 8882.0
2292.0 3172.0
7753.0 7902.0
8619.0 8369.0
5047.0 4489.0
5691.0 209.0
2056.0 4275.0
1436.0 9644.0
7806.0 2071.0
7850.0 573.0
3670.0 3806.0
4581.0 6745.0
7915.0 1477.0
2767.0 4408.0
1211.0 9729.0
8680.0 5602.0
8927.0 5200.0
9251.0 9468.0
8535.0 2272.0
4051.0 1467.0
2934.0 1343.0
799.0 2875.0
3028.0 8278.0
3957.0 5459.0
5364.0 6147.0
8494.0 8698.0
3159.0 2900.0
3384.0 9436.0
1537.0 1102.0
1905.0 6361.0
287.0 8365.0
8318.0 4177.0
9976.0 9614.0
2990.0 4862.0
9726.0 4807.0
530.0 5893.0
7478.0 8255.0
8016.0 7818.0
6071.0 8170.0
2873.0 6057.0
941.0 7572.0
2481.0 4325.0
7778.0 187.0
82.0 9547.0
948.0 7476.0
4045.0 648.0
6005.0 5421.0
85.0 6119.0
2114.0 2197.0
8470.0 7717.0
2705.0 381.0
823.0 197.0
5182.0 9805.0
3563.0 9458.0
2989.0 9710.0
7571.0 3978.0
5887.0 1312.0
6138.0 6933.0
6729.0 4437.0
5778.0 8867.0
5570.0 4333.0
6971.0 3310.0
4436.0 7308.0
4402.0 222.0
8554.0 6325.0
8774.0 4641.0
2387.0 179.0
4762.0 427.0
1275.0 2394.0
2174.0 1474.0
2010.0 8481.0
9898.0 5284.0
8171.0 2670.0
4696.0 6277.0
8526.0 7765.0
9428.0 8722.0
9334.0 4255.0
7758.0 1681.0
3857.0 7300.0
4930.0 828.0
4913.0 2742.0
6674.0 4551.0
8780.0 5759.0
815.0 4199.0
1279.0 8303.0
8660.0 871.0
9348.0 3960.0
5719.0 3617.0
3943.0 1345.0
3854.0 6449.0
2563.0 9690.0
9399.0 4034.0
2241.0 2738.0
4342.0 8449.0
6311.0 9590.0
133.0 1894.0
767.0 3620.0
6186.0 2734.0
8552.0 3117.0
7639.0 4758.0
2569.0 9759.0
9468.0 2036.0
768.0 3572.0
6487.0 4260.0
9100.0 5496.0
1340.0 9946.0
673.0 1198.0
5031.0 7384.0
1931.0 2255.0
7076.0 5720.0
9172.0 3353.0
4841.0 1050.0
1221.0 6622.0
4139.0 4908.0
6590.0 6748.0
5650.0 5036.0
5936.0 2995.0
4250.0 808.0
3144.0 6760.0
800.0 8207.0
842.0 5808.0
8474.0 1726.0
8689.0 8809.0
8204.0 3074.0
5239.0 6316.0
298.0 9078.0
6707.0 6813.0
1811.0 3664.0
8464.0 8965.0
1735.0 1290.0
7566.0 3709.0
8580.0 1721.0
7151.0 2314.0
7421.0 8534.0
6025.0 9042.0
5964.0 6218.0
9241.0 9545.0
1729.0 3276.0
8011.0 8632.0
4896.0 1192.0
9758.0 3532.0
3890.0 1651.0
1638.0 1300.0
3290.0 6905.0
3340.0 1482.0
6111.0 651.0
7497.0 7678.0
5044.0 9317.0
8525.0 4150.0
9719.0 6136.0
3197.0 6078.0
9558.0 2883.0
8801.0 4625.0
4298.0 6670.0
7165.0 433.0
6747.0 1672.0
5408.0 1676.0
4840.0 8171.0
6704.0 5317.0
2578.0 3803.0
6902.0 2685.0
1903.0 4383.0
5310.0 3025.0
100.0 4203.0
471.0 1133.0
9775.0 8172.0
4245.0 7727.0
995.0 688.0
18.0 3671.0
7651.0 8634.0
3368.0 1696.0
2624.0 8357.0
5991.0 1750.0
8810.0 9036.0
6226.0 8599.0
5591.0 7313.0
1981.0 2829.0
2808.0 563.0
4401.0 8864.0
6812.0 8702.0
3072.0 6149.0
5670.0 6897.0
6113.0 2117.0
3084.0 4075.0
946.0 8082.0
3100.0 4609.0
4085.0 1686.0
178.0 3062.0
756.0 2040.0
1691.0 4375.0
7665.0 6178.0
2424.0 4378.0
4746.0 7970.0
3144.0 8011.0
4198.0 3124.0
7810.0 5138.0
7636.0 6404.0
6497.0 6329.0
4671.0 9700.0
3594.0 3503.0
8759.0 2089.0
3363.0 2811.0
8601.0 5509.0
7413.0 9637.0
5963.0 2186.0
1170.0 8108.0
3189.0 2443.0
8909.0 9990.0
6265.0 4032.0
9417.0 355.0
1729.0 6607.0
6860.0 9900.0
8263.0 7484.0
3928.0 6306.0
6277.0 7319.0
6815.0 9513.0
1311.0 6825.0
4123.0 8296.0
9575.0 8179.0
4242.0 8028.0
6444.0 7239.0
8293.0 2011.0
1234.0 5207.0
8184.0 1256.0
4070.0 868.0
1880.0 94.0
3177.0 7051.0
417.0 7507.0
3409.0 7423.0
3771.0 6557.0
9335.0 2269.0
5120.0 6791.0
8702.0 4378.0
5593.0 7021.0
4605.0 8675.0
4056.0 8340.0
7167.0 1728.0
9023.0 9776.0
8066.0 9763.0
2251.0 1455.0
3718.0 6322.0
6097.0 2659.0
5447.0 3195.0
9194.0 4668.0
7444.0 759.0
7538.0 753.0
5861.0 6360.0
532.0 8227.0
4838.0 1862.0
4079.0 9907.0

7866.0 3418.0
8859.0 5159.0
3615.0 9662.0
6588.0 5981.0
3355.0 5899.0
2435.0 3093.0
6596.0 8888.0
2298.0 3178.0
7759.0 7907.0
8624.0 8375.0
5051.0 4494.0
5697.0 214.0
2061.0 4280.0
1442.0 9649.0
7810.0 2076.0
7854.0 579.0
3675.0 3811.0
4586.0 6750.0
7920.0 1482.0
2773.0 4412.0
1217.0 9735.0
8685.0 5607.0
8932.0 5206.0
9255.0 9473.0
8541.0 2277.0
4056.0 1472.0
2939.0 1348.0
804.0 2881.0
3034.0 8284.0
3962.0 5464.0
5369.0 6152.0
8499.0 8702.0
3164.0 2905.0
3388.0 9441.0
1543.0 1107.0
1909.0 6366.0
293.0 8370.0
8322.0 4183.0
9980.0 9619.0
2994.0 4867.0
9731.0 4811.0
536.0 5897.0
7484.0 8259.0
8021.0 7822.0
6077.0 8175.0
2879.0 6062.0
945.0 7577.0
2487.0 4331.0
7783.0 192.0
88.0 9552.0
952.0 7480.0
4051.0 654.0
6009.0 5426.0
89.0 6125.0
2118.0 2203.0
8475.0 7721.0
2709.0 387.0
829.0 201.0
5186.0 9809.0
3569.0 9463.0
2993.0 9715.0
7576.0 3983.0
5891.0 1317.0
6142.0 6938.0
6733.0 4442.0
5783.0 8872.0
5575.0 4337.0
6975.0 3316.0
4442.0 7312.0
4406.0 228.0
8559.0 6331.0
8779.0 4645.0
2392.0 185.0
4766.0 431.0
1281.0 2399.0
2180.0 1479.0
2015.0 8485.0
9903.0 5289.0
8175.0 2675.0
4700.0 6281.0
8531.0 7771.0
9432.0 8726.0
9339.0 4259.0
7764.0 1685.0
3862.0 7304.0
4935.0 832.0
4918.0 2747.0
6679.0 4555.0
8785.0 5763.0
820.0 4203.0
1284.0 8308.0
8665.0 876.0
9354.0 3965.0
5724.0 3623.0
3947.0 1351.0
3859.0 6454.0
2569.0 9694.0
9403.0 4038.0
2245.0 2742.0
4346.0 8454.0
6316.0 9596.0
138.0 1898.0
771.0 3625.0
6191.0 2739.0
8557.0 3123.0
7644.0 4763.0
2575.0 9764.0
9473.0 2042.0
772.0 3577.0
6492.0 4265.0
9104.0 5502.0
1344.0 9952.0
678.0 1203.0
5035.0 7389.0
1936.0 2260.0
7080.0 5724.0
9178.0 3357.0
4845.0 1056.0
1225.0 6627.0
4144.0 4913.0
6595.0 6753.0
5655.0 5041.0
5941.0 3000.0
4256.0 814.0
3149.0 6764.0
804.0 8212.0
846.0 5813.0
8478.0 1732.0
8693.0 8814.0
8209.0 3080.0
5244.0 6321.0
304.0 9082.0
6713.0 6817.0
1816.0 3669.0
8469.0 8970.0
1740.0 1294.0
7572.0 3714.0
8585.0 1725.0
7156.0 2319.0
7427.0 8539.0
6030.0 9047.0
5969.0 6223.0
9246.0 9550.0
1734.0 3281.0
8016.0 8636.0
4901.0 1198.0
9763.0 3538.0
3895.0 1656.0
1642.0 1304.0
3295.0 6910.0
3345.0 1487.0
6116.0 656.0
7502.0 7683.0
5049.0 9323.0
8529.0 4155.0
9725.0 6141.0
3203.0 6083.0
9563.0 2888.0
8807.0 4630.0
4303.0 6675.0
7170.0 438.0
6753.0 1676.0
5413.0 1682.0
4846.0 8176.0
6710.0 5323.0
2583.0 3809.0
6907.0 2690.0
1908.0 4388.0
5316.0 3030.0
105.0 4209.0
476.0 1138.0
9780.0 8177.0
4251.0 7733.0
1000.0 694.0
22.0 3675.0
7655.0 8640.0
3373.0 1701.0
2630.0 8363.0
5996.0 1756.0
8815.0 9042.0
6231.0 8604.0
5596.0 7318.0
1985.0 2834.0
2813.0 569.0
4406.0 8870.0
6816.0 8707.0
3076.0 6153.0
5676.0 6901.0
6118.0 2123.0
3088.0 4080.0
951.0 8087.0
3104.0 4614.0
4091.0 1691.0
184.0 3068.0
760.0 2045.0
1695.0 4380.0
7670.0 6183.0
2429.0 4382.0
4751.0 7975.0
3149.0 8015.0
4203.0 3130.0
7815.0 5143.0
7642.0 6409.0
6501.0 6335.0
4677.0 9705.0
3600.0 3508.0
8764.0 2094.0
3368.0 2817.0
8607.0 5515.0
7418.0 9643.0
5969.0 2191.0
1176.0 8113.0
3193.0 2448.0
8914.0 9994.0
6271.0 4036.0
9422.0 360.0
1734.0 6611.0
6866.0 9905.0
8267.0 7490.0
3933.0 6311.0
6282.0 7325.0
6820.0 9519.0
1317.0 6830.0
4127.0 8301.0
9581.0 8183.0
4247.0 8033.0
6449.0 7243.0
8299.0 2015.0
1238.0 5213.0
8189.0 1262.0
4076.0 873.0
1886.0 100.0
3182.0 7056.0
422.0 7513.0
3413.0 7429.0
3776.0 6563.0
9339.0 2274.0
5124.0 6797.0
8706.0 4383.0
5598.0 7027.0
4609.0 8680.0
4061.0 8346.0
7173.0 1733.0
9028.0 9782.0
8072.0 9769.0
2257.0 1460.0
3722.0 6327.0
6102.0 2664.0
5452.0 3199.0
9198.0 4673.0
7448.0 764.0
7544.0 757.0
5866.0 6365.0
537.0 8233.0
4842.0 1867.0
4084.0 9912.0
