1
256 1 3.0 0.0 1000.0 3 160 240 100

6.5 13.5 29.3 58.5
13.0 27.0 58.5 117.0
19.5 40.5 87.8 175.5
26.0 54.0 117.0 234.0
39.0 81.0 175.5 351.0
52.0 108.0 234.0 468.0
58.5 121.5 263.3 526.5
65.0 135.0 292.5 585.0
78.0 162.0 351.0 702.0
0.0 180.0 390.0 780.0

2.0 5.0 8.0 11.0
5.0 8.0 11.0 14.0
9.0 12.0 15.0 18.0
11.0 14.0 17.0 20.0
15.0 18.0 21.0 24.0
18.0 21.0 24.0 27.0
20.0 23.0 26.0 29.0
25.0 28.0 31.0 34.0
29.0 32.0 35.0 38.0
0.0 34.0 37.0 40.0

1685.0 1928.0
2428.0 6546.0
4033.0 7626.0
503.0 850.0
6577.0 2361.0
5692.0 1386.0
2035.0 3440.0
2839.0 181.0
8939.0 811.0
9991.0 7772.0
5765.0 6406.0
6414.0 4240.0
2739.0 598.0
2145.0 1362.0
7147.0 6882.0
1145.0 3241.0
468.0 8432.0
2622.0 5314.0
8161.0 2660.0
7598.0 4118.0
5406.0 2399.0
287.0 2686.0
4634.0 4865.0
6360.0 8972.0
3165.0 2010.0
2656.0 7170.0
1769.0 8411.0
5424.0 4330.0
7476.0 5325.0
6657.0 7134.0
6449.0 2038.0
585.0 6228.0
5245.0 8149.0
4907.0 7990.0
1286.0 2915.0
3833.0 6111.0
5855.0 293.0
2486.0 7883.0
5438.0 812.0
4768.0 2560.0
9737.0 3908.0
9225.0 1698.0
7172.0 6849.0
11.0 3831.0
1189.0 8892.0
2500.0 8389.0
3199.0 1804.0
5629.0 6221.0
463.0 363.0
5537.0 6626.0
9755.0 9003.0
7567.0 3250.0
101.0 3202.0
6217.0 3764.0
446.0 6773.0
5084.0 666.0
533.0 8672.0
1400.0 3134.0
5848.0 5469.0
2204.0 2270.0
9930.0 8102.0
1746.0 4651.0
9869.0 4065.0
2167.0 1556.0
3322.0 8641.0
2050.0 3744.0
7860.0 1327.0
9893.0 4184.0
5963.0 6087.0
2085.0 3605.0
1495.0 6546.0
7454.0 6257.0
5964.0 9783.0
2950.0 5761.0
5402.0 4841.0
7548.0 3432.0
1176.0 4584.0
3925.0 3964.0
552.0 2044.0
9989.0 5844.0
5335.0 4891.0
4838.0 6402.0
9406.0 4141.0
6199.0 3852.0
8466.0 5763.0
8939.0 1231.0
7824.0 6292.0
6707.0 9605.0
6538.0 6094.0
1277.0 426.0
8728.0 6418.0
6664.0 9430.0
5389.0 8857.0
7590.0 6951.0
2521.0 8361.0
4356.0 2038.0
3893.0 3428.0
8703.0 255.0
9268.0 9610.0
7728.0 7552.0
1399.0 4970.0
5426.0 5082.0
7633.0 8604.0
3922.0 2355.0
4420.0 5895.0
8974.0 8606.0
5574.0 6595.0
6812.0 4759.0
7581.0 4394.0
1879.0 880.0
7795.0 9095.0
7555.0 6488.0
3827.0 5033.0
4421.0 3615.0
4957.0 1877.0
3147.0 4996.0
8887.0 6427.0
1563.0 2270.0
9648.0 6565.0
7988.0 1585.0
4996.0 977.0
5392.0 6467.0
4104.0 777.0
3452.0 364.0
8875.0 1682.0
8074.0 3726.0
4699.0 7848.0
467.0 3014.0
8969.0 1021.0
307.0 1519.0
8183.0 1122.0
103.0 4376.0
6943.0 6903.0
291.0 2646.0
4683.0 7812.0
7168.0 3866.0
8435.0 689.0
8201.0 8929.0
2461.0 7435.0
1809.0 7702.0
8068.0 2283.0
1169.0 8231.0
9427.0 9808.0
4126.0 6956.0
3717.0 7295.0
3776.0 9785.0
6412.0 7625.0
6788.0 6427.0
5038.0 1274.0
9044.0 2860.0
7204.0 8599.0
659.0 9327.0
1254.0 6008.0
4949.0 3728.0
330.0 2174.0
8435.0 2800.0
3193.0 2903.0
1428.0 5968.0
7604.0 5809.0
1285.0 9248.0
4594.0 8418.0
2902.0 9081.0
4436.0 5830.0
3502.0 8488.0
7659.0 6586.0
1308.0 425.0
6888.0 7857.0
157.0 5720.0
7875.0 3596.0
4630.0 5476.0
497.0 1794.0
2769.0 324.0
3083.0 9446.0
5948.0 1406.0
5853.0 6397.0
7975.0 474.0
1814.0 1667.0
7988.0 8981.0
5931.0 8408.0
4216.0 8565.0
5874.0 6121.0
8184.0 7778.0
189.0 1260.0
1420.0 2476.0
2193.0 9864.0
9243.0 9727.0
418.0 8350.0
8702.0 7638.0
8932.0 1084.0
225.0 5969.0
3348.0 5889.0
5069.0 4930.0
844.0 1102.0
3121.0 2034.0
5018.0 317.0
8133.0 9395.0
8893.0 3454.0
9951.0 6346.0
1898.0 5285.0
5827.0 4775.0
9136.0 5035.0
5357.0 7039.0
3774.0 3218.0
6139.0 8865.0
5858.0 4314.0
9713.0 2098.0
3387.0 6438.0
9844.0 4691.0
3963.0 1625.0
7740.0 7821.0
7830.0 2864.0
1249.0 2505.0
5633.0 6521.0
7629.0 603.0
6706.0 1276.0
1944.0 7601.0
6228.0 7205.0
5669.0 7033.0
2039.0 1156.0
2562.0 8953.0
4464.0 7025.0
1387.0 7316.0
4948.0 2095.0
7545.0 3670.0
1830.0 3044.0
8194.0 7021.0
4074.0 7773.0
7921.0 2278.0
6276.0 1678.0
4540.0 2137.0
769.0 9505.0
7085.0 9811.0
5151.0 6409.0
572.0 2460.0
6041.0 4365.0
4590.0 7735.0
2405.0 2556.0
5307.0 8293.0
4253.0 2868.0
2946.0 1682.0
5041.0 4133.0
9309.0 5472.0
8589.0 1240.0
2424.0 13.0
3836.0 7765.0
7872.0 3711.0
3268.0 3237.0
8875.0 8194.0
3307.0 8678.0
9714.0 3261.0
7522.0 6554.0
9545.0 3993.0
5944.0 3762.0
6180.0 4900.0
6331.0 8793.0
1912.0 8506.0

1689.0 1933.0
2433.0 6551.0
4037.0 7630.0
508.0 856.0
6583.0 2365.0
5697.0 1391.0
2040.0 3445.0
2843.0 187.0
8943.0 817.0
9996.0 7778.0
5770.0 6411.0
6419.0 4245.0
2744.0 602.0
2151.0 1367.0
7153.0 6888.0
1150.0 3247.0
473.0 8437.0
2627.0 5318.0
8166.0 2666.0
7603.0 4122.0
5412.0 2405.0
292.0 2692.0
4639.0 4870.0
6364.0 8978.0
3170.0 2014.0
2662.0 7174.0
1774.0 8416.0
5429.0 4335.0
7482.0 5330.0
6661.0 7140.0
6455.0 2043.0
590.0 6232.0
5251.0 8154.0
4912.0 7996.0
1290.0 2920.0
3837.0 6115.0
5861.0 298.0
2492.0 7889.0
5443.0 818.0
4774.0 2565.0
9742.0 3914.0
9230.0 1703.0
7177.0 6854.0
15.0 3836.0
1193.0 8896.0
2504.0 8394.0
3205.0 1809.0
5633.0 6227.0
469.0 367.0
5542.0 6632.0
9760.0 9009.0
7573.0 3254.0
106.0 3206.0
6223.0 3768.0
451.0 6777.0
5089.0 670.0
538.0 8676.0
1406.0 3139.0
5853.0 5473.0
2208.0 2275.0
9936.0 8107.0
1751.0 4655.0
9874.0 4070.0
2171.0 1561.0
3328.0 8646.0
2055.0 3749.0
7866.0 1333.0
9897.0 4189.0
5969.0 6091.0
2090.0 3610.0
1500.0 6551.0
7460.0 6263.0
5970.0 9788.0
2954.0 5767.0
5407.0 4845.0
7553.0 3437.0
1182.0 4588.0
3930.0 3968.0
557.0 2049.0
9995.0 5849.0
5340.0 4895.0
4843.0 6407.0
9410.0 4145.0
6204.0 3857.0
8471.0 5768.0
8943.0 1235.0
7829.0 6297.0
6711.0 9609.0
6543.0 6099.0
1283.0 431.0
8733.0 6422.0
6668.0 9435.0
5394.0 8863.0
7596.0 6955.0
2527.0 8366.0
4361.0 2042.0
3899.0 3433.0
8707.0 260.0
9273.0 9616.0
7732.0 7556.0
1403.0 4975.0
5432.0 5088.0
7639.0 8609.0
3927.0 2360.0
4426.0 5900.0
8979.0 8610.0
5579.0 6599.0
6817.0 4764.0
7586.0 4398.0
1885.0 885.0
7800.0 9099.0
7560.0 6494.0
3832.0 5039.0
4426.0 3620.0
4963.0 1883.0
3151.0 5001.0
8891.0 6432.0
1567.0 2275.0
9652.0 6569.0
7993.0 1590.0
5001.0 981.0
5397.0 6473.0
4110.0 782.0
3456.0 370.0
8881.0 1688.0
8079.0 3730.0
4705.0 7854.0
472.0 3018.0
8975.0 1027.0
311.0 1524.0
8189.0 1126.0
108.0 4380.0
6947.0 6908.0
296.0 2652.0
4688.0 7816.0
7172.0 3871.0
8440.0 694.0
8207.0 8935.0
2466.0 7439.0
1814.0 7708.0
8073.0 2288.0
1173.0 8237.0
9433.0 9813.0
4131.0 6960.0
3722.0 7299.0
3782.0 9791.0
6418.0 7630.0
6794.0 6431.0
5043.0 1279.0
9048.0 2865.0
7210.0 8604.0
664.0 9331.0
1258.0 6013.0
4954.0 3732.0
335.0 2178.0
8439.0 2804.0
3198.0 2909.0
1432.0 5972.0
7610.0 5813.0
1289.0 9252.0
4600.0 8423.0
2906.0 9085.0
4441.0 5834.0
3508.0 8493.0
7664.0 6591.0
1313.0 430.0
6894.0 7863.0
163.0 5724.0
7881.0 3600.0
4635.0 5480.0
503.0 1798.0
2773.0 328.0
3089.0 9451.0
5953.0 1410.0
5858.0 6403.0
7980.0 479.0
1818.0 1673.0
7993.0 8986.0
5937.0 8412.0
4221.0 8570.0
5879.0 6125.0
8190.0 7783.0
194.0 1265.0
1425.0 2481.0
2199.0 9869.0
9248.0 9733.0
424.0 8355.0
8707.0 7643.0
8937.0 1088.0
229.0 5974.0
3353.0 5895.0
5074.0 4935.0
850.0 1107.0
3126.0 2039.0
5023.0 323.0
8138.0 9400.0
8898.0 3458.0
9955.0 6351.0
1903.0 5290.0
5833.0 4781.0
9141.0 5041.0
5362.0 7045.0
3779.0 3222.0
6144.0 8871.0
5864.0 4319.0
9719.0 2102.0
3392.0 6443.0
9849.0 4696.0
3968.0 1630.0
7745.0 7826.0
7835.0 2868.0
1255.0 2510.0
5638.0 6526.0
7634.0 608.0
6711.0 1280.0
1949.0 7606.0
6232.0 7210.0
5675.0 7037.0
2045.0 1161.0
2567.0 8958.0
4469.0 7030.0
1393.0 7320.0
4953.0 2100.0
7549.0 3674.0
1835.0 3050.0
8199.0 7027.0
4079.0 7779.0
7927.0 2284.0
6282.0 1683.0
4545.0 2141.0
774.0 9510.0
7089.0 9817.0
5156.0 6414.0
578.0 2465.0
6047.0 4371.0
4594.0 7741.0
2409.0 2560.0
5313.0 8299.0
4258.0 2874.0
2951.0 1688.0
5047.0 4138.0
9314.0 5476.0
8593.0 1245.0
2430.0 18.0
3841.0 7770.0
7876.0 3715.0
3272.0 3241.0
8881.0 8198.0
3311.0 8682.0
9720.0 3267.0
7527.0 6558.0
9550.0 3998.0
5949.0 3767.0
6185.0 4906.0
6336.0 8797.0
1918.0 8512.0
