1
256 1 3.0 0.0 1000.0 3 160 240 100

6.5 13.5 29.3 58.5
13.0 27.0 58.5 117.0
19.5 40.5 87.8 175.5
26.0 54.0 117.0 234.0
39.0 81.0 175.5 351.0
52.0 108.0 234.0 468.0
58.5 121.5 263.3 526.5
65.0 135.0 292.5 585.0
78.0 162.0 351.0 702.0
0.0 180.0 390.0 780.0

2.0 5.0 8.0 11.0
5.0 8.0 11.0 14.0
9.0 12.0 15.0 18.0
11.0 14.0 17.0 20.0
15.0 18.0 21.0 24.0
18.0 21.0 24.0 27.0
20.0 23.0 26.0 29.0
25.0 28.0 31.0 34.0
29.0 32.0 35.0 38.0
0.0 34.0 37.0 40.0

5428.0 4784.0
2586.0 9159.0
9774.0 7092.0
1271.0 4578.0
2188.0 4019.0
1581.0 2228.0
6839.0 3704.0
5499.0 5240.0
2505.0 6767.0
9335.0 1186.0
6371.0 2840.0
1438.0 307.0
5535.0 4206.0
1427.0 4841.0
1999.0 7674.0
3039.0 6851.0
9497.0 8322.0
5132.0 4419.0
2961.0 1238.0
7946.0 8592.0
3953.0 9900.0
4167.0 5973.0
7884.0 2317.0
6874.0 4331.0
1339.0 8573.0
8946.0 1108.0
323.0 5906.0
988.0 7222.0
2760.0 9946.0
7347.0 1029.0
1054.0 3252.0
2302.0 9847.0
3039.0 4787.0
979.0 8906.0
2134.0 6447.0
2076.0 121.0
27.0 5294.0
1962.0 5564.0
7707.0 2612.0
2222.0 3015.0
3166.0 3430.0
5215.0 3490.0
6581.0 2635.0
4722.0 3100.0
6316.0 6321.0
1248.0 4161.0
1548.0 9487.0
4050.0 2905.0
9836.0 3738.0
4467.0 3694.0
474.0 1107.0
7606.0 2109.0
6920.0 2638.0
1982.0 1811.0
4143.0 2858.0
9151.0 2537.0
9199.0 3779.0
7928.0 9133.0
5856.0 4551.0
256.0 3990.0
6593.0 5408.0
8286.0 7785.0
7789.0 7040.0
4756.0 5887.0
6424.0 9016.0
1220.0 330.0
9113.0 3394.0
1215.0 9729.0
6789.0 2162.0
7919.0 2015.0
866.0 9623.0
8391.0 7386.0
9186.0 3373.0
8942.0 1344.0
2587.0 9995.0
8720.0 204.0
5401.0 4110.0
1080.0 3968.0
5705.0 1907.0
4798.0 3927.0
3652.0 2801.0
9717.0 4895.0
8688.0 5333.0
3875.0 4444.0
8993.0 5957.0
1705.0 4025.0
8948.0 1845.0
5359.0 9360.0
2969.0 1340.0
3743.0 9994.0
6505.0 8195.0
6322.0 375.0
7539.0 8219.0
1267.0 7356.0
4407.0 9480.0
21.0 1500.0
8247.0 9683.0
2844.0 2067.0
913.0 6865.0
2418.0 8075.0
1659.0 2034.0
5075.0 301.0
8427.0 4887.0
1719.0 1625.0
2050.0 6243.0
3012.0 5583.0
4193.0 3319.0
5907.0 5524.0
2355.0 6481.0
1072.0 9242.0
7748.0 8612.0
3299.0 6482.0
4377.0 717.0
9464.0 9182.0
135.0 9906.0
1095.0 6857.0
3247.0 8389.0
1131.0 1982.0
9865.0 4608.0
6945.0 2783.0
1151.0 146.0
4185.0 3301.0
652.0 8544.0
8522.0 3117.0
5308.0 4656.0
4862.0 1622.0
5890.0 5679.0
6099.0 4213.0
5208.0 7488.0
5979.0 300.0
4896.0 2408.0
3139.0 5506.0
4106.0 7062.0
5901.0 2940.0
5913.0 1417.0
9887.0 928.0
9778.0 2673.0
3017.0 7091.0
862.0 117.0
4978.0 1135.0
9531.0 9582.0
717.0 1263.0
6863.0 8642.0
42.0 1560.0
4474.0 6175.0
7887.0 263.0
9503.0 2426.0
2328.0 1280.0
8042.0 8202.0
9905.0 3849.0
2870.0 4341.0
328.0 7715.0
3781.0 5073.0
5143.0 3711.0
1341.0 1415.0
7411.0 2131.0
7394.0 3235.0
1987.0 3762.0
8128.0 1109.0
8465.0 978.0
8036.0 1614.0
1352.0 8761.0
5580.0 2178.0
4550.0 8043.0
3879.0 4131.0
9713.0 6247.0
2251.0 5086.0
551.0 2416.0
6921.0 4281.0
7643.0 6798.0
1714.0 7011.0
847.0 7291.0
2063.0 6795.0
8856.0 7610.0
8141.0 6399.0
7985.0 4575.0
5443.0 1356.0
4759.0 4394.0
3640.0 2106.0
9359.0 322.0
7021.0 3401.0
9513.0 6594.0
2345.0 2099.0
6897.0 5988.0
2428.0 6983.0
602.0 930.0
6270.0 6735.0
4764.0 504.0
9071.0 4706.0
9905.0 8254.0
7917.0 1603.0
62.0 8172.0
1498.0 9734.0
283.0 8731.0
4642.0 4943.0
1544.0 7379.0
1014.0 4863.0
2671.0 339.0
9780.0 4630.0
1333.0 5132.0
4565.0 3673.0
8673.0 5687.0
5529.0 9735.0
4652.0 2416.0
7869.0 8739.0
3674.0 2161.0
2587.0 1646.0
2559.0 5365.0
7815.0 1923.0
5449.0 380.0
1553.0 9769.0
2690.0 7264.0
9110.0 1726.0
3292.0 5980.0
1083.0 6797.0
3011.0 6359.0
193.0 2724.0
2642.0 9714.0
7798.0 8543.0
3579.0 4499.0
3399.0 2057.0
224.0 876.0
2965.0 3353.0
1306.0 1593.0
4389.0 8004.0
4691.0 9041.0
916.0 6082.0
2737.0 883.0
5828.0 5619.0
7784.0 9129.0
4244.0 1645.0
9831.0 46.0
329.0 4441.0
986.0 4786.0
742.0 3133.0
3750.0 3109.0
7650.0 3271.0
2701.0 5091.0
7109.0 9507.0
1663.0 8192.0
1154.0 7026.0
921.0 9576.0
4406.0 7851.0
1547.0 6060.0
8518.0 655.0
6420.0 6571.0
281.0 5212.0
2.0 4506.0
1712.0 5131.0
1440.0 9867.0
2941.0 4989.0
8073.0 3552.0
1222.0 511.0
8897.0 8703.0
1884.0 2914.0
82.0 6465.0

5432.0 4790.0
2592.0 9164.0
9779.0 7098.0
1275.0 4583.0
2193.0 4025.0
1586.0 2232.0
6845.0 3709.0
5504.0 5244.0
2509.0 6773.0
9340.0 1191.0
6375.0 2845.0
1444.0 312.0
5541.0 4210.0
1432.0 4846.0
2004.0 7679.0
3045.0 6856.0
9501.0 8326.0
5137.0 4424.0
2965.0 1244.0
7951.0 8597.0
3958.0 9905.0
4172.0 5978.0
7889.0 2321.0
6880.0 4336.0
1343.0 8577.0
8952.0 1113.0
327.0 5911.0
994.0 7228.0
2765.0 9952.0
7352.0 1035.0
1058.0 3257.0
2307.0 9851.0
3045.0 4792.0
985.0 8910.0
2139.0 6452.0
2081.0 127.0
33.0 5299.0
1967.0 5570.0
7712.0 2617.0
2228.0 3019.0
3172.0 3435.0
5220.0 3495.0
6586.0 2641.0
4727.0 3104.0
6321.0 6325.0
1252.0 4166.0
1553.0 9491.0
4054.0 2910.0
9841.0 3744.0
4473.0 3700.0
479.0 1112.0
7612.0 2114.0
6924.0 2644.0
1987.0 1816.0
4148.0 2864.0
9155.0 2542.0
9204.0 3784.0
7933.0 9137.0
5861.0 4555.0
262.0 3995.0
6598.0 5412.0
8292.0 7790.0
7794.0 7045.0
4760.0 5892.0
6429.0 9021.0
1225.0 336.0
9119.0 3398.0
1220.0 9733.0
6793.0 2167.0
7925.0 2019.0
870.0 9628.0
8397.0 7391.0
9191.0 3377.0
8946.0 1350.0
2591.0 10001.0
8725.0 209.0
5406.0 4115.0
1085.0 3974.0
5710.0 1912.0
4803.0 3931.0
3657.0 2806.0
9721.0 4901.0
8692.0 5339.0
3881.0 4449.0
8998.0 5962.0
1710.0 4031.0
8954.0 1850.0
5365.0 9366.0
2975.0 1344.0
3747.0 9999.0
6509.0 8200.0
6327.0 380.0
7544.0 8224.0
1271.0 7361.0
4412.0 9484.0
26.0 1505.0
8253.0 9688.0
2849.0 2072.0
918.0 6871.0
2423.0 8080.0
1664.0 2039.0
5081.0 305.0
8431.0 4891.0
1725.0 1630.0
2054.0 6248.0
3016.0 5588.0
4198.0 3325.0
5911.0 5529.0
2361.0 6487.0
1077.0 9247.0
7753.0 8617.0
3305.0 6486.0
4381.0 722.0
9469.0 9187.0
140.0 9911.0
1099.0 6861.0
3252.0 8395.0
1137.0 1988.0
9870.0 4613.0
6951.0 2787.0
1157.0 152.0
4190.0 3306.0
656.0 8548.0
8527.0 3121.0
5314.0 4662.0
4867.0 1627.0
5895.0 5684.0
6104.0 4218.0
5213.0 7493.0
5985.0 306.0
4901.0 2413.0
3145.0 5512.0
4111.0 7067.0
5905.0 2945.0
5918.0 1421.0
9893.0 934.0
9784.0 2678.0
3022.0 7095.0
867.0 122.0
4983.0 1140.0
9536.0 9586.0
723.0 1269.0
6867.0 8646.0
46.0 1565.0
4479.0 6181.0
7893.0 268.0
9508.0 2432.0
2333.0 1284.0
8048.0 8206.0
9910.0 3855.0
2875.0 4346.0
333.0 7719.0
3786.0 5077.0
5149.0 3715.0
1346.0 1421.0
7417.0 2136.0
7399.0 3240.0
1993.0 3768.0
8133.0 1113.0
8471.0 983.0
8040.0 1619.0
1358.0 8766.0
5585.0 2182.0
4555.0 8048.0
3883.0 4136.0
9717.0 6252.0
2257.0 5092.0
556.0 2422.0
6926.0 4287.0
7647.0 6802.0
1718.0 7017.0
851.0 7296.0
2067.0 6799.0
8862.0 7614.0
8146.0 6403.0
7990.0 4580.0
5449.0 1362.0
4765.0 4399.0
3645.0 2112.0
9364.0 327.0
7025.0 3407.0
9518.0 6600.0
2349.0 2103.0
6902.0 5993.0
2432.0 6987.0
607.0 935.0
6275.0 6740.0
4769.0 510.0
9076.0 4710.0
9910.0 8258.0
7922.0 1607.0
67.0 8176.0
1502.0 9739.0
288.0 8736.0
4647.0 4948.0
1549.0 7385.0
1019.0 4867.0
2676.0 343.0
9784.0 4635.0
1338.0 5138.0
4571.0 3678.0
8678.0 5692.0
5534.0 9739.0
4658.0 2420.0
7873.0 8743.0
3678.0 2167.0
2593.0 1652.0
2564.0 5370.0
7821.0 1928.0
5455.0 386.0
1558.0 9773.0
2696.0 7269.0
9115.0 1730.0
3297.0 5986.0
1088.0 6802.0
3016.0 6364.0
197.0 2728.0
2648.0 9720.0
7803.0 8549.0
3584.0 4505.0
3405.0 2062.0
228.0 880.0
2969.0 3358.0
1312.0 1597.0
4394.0 8009.0
4696.0 9047.0
921.0 6086.0
2741.0 887.0
5834.0 5625.0
7790.0 9133.0
4250.0 1650.0
9835.0 52.0
334.0 4447.0
991.0 4792.0
746.0 3138.0
3755.0 3115.0
7654.0 3276.0
2706.0 5097.0
7113.0 9511.0
1669.0 8197.0
1160.0 7032.0
927.0 9582.0
4410.0 7855.0
1551.0 6065.0
8523.0 660.0
6424.0 6576.0
287.0 5218.0
8.0 4510.0
1717.0 5136.0
1444.0 9871.0
2947.0 4995.0
8078.0 3556.0
1228.0 515.0
8903.0 8709.0
1889.0 2919.0
87.0 6470.0
