1
256 1 3.0 0.0 1000.0 3 160 240 100

6.5 13.5 29.3 58.5
13.0 27.0 58.5 117.0
19.5 40.5 87.8 175.5
26.0 54.0 117.0 234.0
39.0 81.0 175.5 351.0
52.0 108.0 234.0 468.0
58.5 121.5 263.3 526.5
65.0 135.0 292.5 585.0
78.0 162.0 351.0 702.0
0.0 180.0 390.0 780.0

2.0 5.0 8.0 11.0
5.0 8.0 11.0 14.0
9.0 12.0 15.0 18.0
11.0 14.0 17.0 20.0
15.0 18.0 21.0 24.0
18.0 21.0 24.0 27.0
20.0 23.0 26.0 29.0
25.0 28.0 31.0 34.0
29.0 32.0 35.0 38.0
0.0 34.0 37.0 40.0

1821.0 8892.0
2117.0 9484.0
8213.0 6605.0
6252.0 6745.0
2492.0 7529.0
2611.0 5347.0
3775.0 4092.0
3129.0 8614.0
8204.0 5255.0
3180.0 9733.0
9872.0 9532.0
3885.0 3967.0
4423.0 118.0
964.0 6971.0
1162.0 3239.0
2184.0 6601.0
1987.0 3385.0
7979.0 8089.0
7967.0 1536.0
2317.0 4984.0
6884.0 5022.0
3371.0 718.0
7559.0 152.0
6080.0 8200.0
9287.0 1242.0
1163.0 7316.0
7194.0 2178.0
7653.0 2707.0
6845.0 9136.0
8526.0 6721.0
3912.0 5609.0
1497.0 4920.0
7236.0 3359.0
9547.0 4013.0
6089.0 5439.0
8254.0 4616.0
4971.0 9900.0
9507.0 3704.0
1748.0 5341.0
3652.0 4154.0
7463.0 1911.0
4668.0 1246.0
8633.0 3909.0
5420.0 8519.0
5352.0 2614.0
2570.0 7857.0
1032.0 472.0
3216.0 1186.0
2083.0 276.0
7829.0 3672.0
8368.0 5479.0
6555.0 800.0
7748.0 254.0
8453.0 4211.0
535.0 456.0
5747.0 3687.0
2180.0 9106.0
7652.0 5167.0
5006.0 2528.0
847.0 7171.0
2315.0 5783.0
6172.0 518.0
689.0 8518.0
3608.0 8724.0
8797.0 4881.0
122.0 8954.0
3542.0 3612.0
7441.0 5926.0
6852.0 6969.0
9321.0 3628.0
8951.0 9595.0
392.0 2255.0
6418.0 984.0
1141.0 228.0
5861.0 7658.0
6111.0 3690.0
6529.0 3699.0
4870.0 8364.0
7667.0 773.0
7846.0 1137.0
8959.0 1259.0
1572.0 1282.0
4857.0 645.0
433.0 3675.0
6126.0 7791.0
4464.0 8898.0
4427.0 4225.0
5296.0 7623.0
8251.0 6078.0
4792.0 9140.0
1036.0 4802.0
3462.0 6427.0
4773.0 5311.0
8222.0 2632.0
4933.0 2657.0
1570.0 6366.0
5029.0 904.0
6737.0 5676.0
1633.0 295.0
5904.0 3082.0
3181.0 1385.0
1037.0 6572.0
8357.0 7241.0
9421.0 3924.0
2414.0 7356.0
8455.0 246.0
2222.0 9412.0
6791.0 1117.0
3379.0 7517.0
1372.0 6206.0
5200.0 8055.0
2450.0 755.0
1905.0 6774.0
1150.0 4814.0
825.0 3258.0
6652.0 2601.0
956.0 1400.0
2561.0 6880.0
7660.0 7027.0
4534.0 5725.0
1861.0 6284.0
3735.0 1577.0
4527.0 941.0
3190.0 4947.0
9788.0 9233.0
6608.0 7675.0
2486.0 3370.0
1747.0 3109.0
8488.0 7360.0
2880.0 3096.0
8584.0 1266.0
9454.0 4165.0
9284.0 532.0
485.0 7787.0
6345.0 1524.0
6781.0 2090.0
9329.0 6892.0
5559.0 4919.0
8037.0 6916.0
4515.0 613.0
4115.0 5450.0
4929.0 5398.0
3679.0 1593.0
5876.0 8763.0
9245.0 746.0
4099.0 708.0
1821.0 1153.0
6635.0 7248.0
6455.0 4584.0
5747.0 9059.0
7069.0 2287.0
8239.0 638.0
8904.0 9833.0
3731.0 9871.0
9379.0 6995.0
8947.0 382.0
713.0 1298.0
7605.0 1564.0
97.0 6361.0
7970.0 3640.0
5767.0 8670.0
2637.0 7681.0
9771.0 8916.0
7625.0 2930.0
773.0 6531.0
338.0 6325.0
2704.0 8553.0
8486.0 1610.0
7576.0 6446.0
4501.0 7912.0
3285.0 7028.0
2557.0 162.0
9731.0 6113.0
7741.0 6254.0
9055.0 6023.0
9442.0 8311.0
8337.0 588.0
3553.0 7957.0
5551.0 3777.0
524.0 7957.0
2126.0 581.0
8868.0 5136.0
7897.0 1296.0
6159.0 1928.0
6808.0 2821.0
2123.0 6461.0
4152.0 3125.0
868.0 3555.0
8681.0 7492.0
1836.0 1508.0
5423.0 7698.0
1545.0 2067.0
7488.0 7738.0
688.0 3447.0
7730.0 2247.0
3668.0 8806.0
3541.0 6239.0
119.0 5035.0
631.0 7297.0
519.0 9261.0
4098.0 3859.0
422.0 2941.0
7605.0 5715.0
414.0 5925.0
4002.0 5362.0
1351.0 5385.0
3190.0 1342.0
6937.0 6970.0
5571.0 7199.0
8239.0 8099.0
1882.0 2188.0
7183.0 5744.0
2753.0 2366.0
8619.0 3610.0
3793.0 3202.0
3013.0 6085.0
4537.0 7332.0
4351.0 8838.0
2063.0 3606.0
309.0 8461.0
2614.0 6036.0
4267.0 6021.0
7028.0 3807.0
1244.0 1925.0
8310.0 5956.0
2310.0 1957.0
2157.0 6874.0
4557.0 6895.0
3765.0 1248.0
6194.0 565.0
6731.0 9587.0
8835.0 3746.0
2374.0 7955.0
1560.0 3769.0
294.0 8055.0
3802.0 2235.0
3489.0 6285.0
6650.0 5701.0
3853.0 2908.0
4621.0 6736.0
6371.0 4963.0
2483.0 5225.0
2837.0 9056.0
4196.0 2298.0
8407.0 2651.0
3538.0 1778.0
6818.0 5017.0
8491.0 6523.0
2582.0 1435.0
3951.0 9540.0
987.0 6822.0
9846.0 2271.0
9211.0 7389.0
4212.0 4913.0
4387.0 1479.0
3313.0 6172.0

1826.0 8897.0
2121.0 9490.0
8218.0 6610.0
6258.0 6750.0
2497.0 7534.0
2617.0 5351.0
3781.0 4097.0
3135.0 8619.0
8210.0 5259.0
3184.0 9738.0
9876.0 9537.0
3889.0 3972.0
4428.0 124.0
970.0 6977.0
1166.0 3245.0
2188.0 6605.0
1993.0 3391.0
7984.0 8094.0
7972.0 1541.0
2322.0 4989.0
6890.0 5027.0
3377.0 724.0
7565.0 158.0
6086.0 8205.0
9292.0 1246.0
1168.0 7322.0
7199.0 2184.0
7658.0 2712.0
6851.0 9142.0
8532.0 6727.0
3917.0 5615.0
1502.0 4924.0
7242.0 3363.0
9553.0 4019.0
6094.0 5444.0
8258.0 4621.0
4977.0 9905.0
9513.0 3708.0
1753.0 5347.0
3656.0 4159.0
7468.0 1916.0
4673.0 1251.0
8638.0 3914.0
5425.0 8525.0
5358.0 2620.0
2576.0 7862.0
1037.0 477.0
3221.0 1191.0
2088.0 282.0
7833.0 3678.0
8374.0 5485.0
6560.0 806.0
7753.0 259.0
8458.0 4216.0
541.0 461.0
5752.0 3691.0
2185.0 9111.0
7658.0 5171.0
5010.0 2533.0
852.0 7176.0
2321.0 5789.0
6177.0 522.0
694.0 8524.0
3614.0 8728.0
8801.0 4886.0
127.0 8959.0
3546.0 3617.0
7445.0 5932.0
6857.0 6974.0
9327.0 3632.0
8955.0 9599.0
396.0 2260.0
6423.0 989.0
1146.0 234.0
5865.0 7662.0
6115.0 3694.0
6534.0 3704.0
4875.0 8370.0
7672.0 778.0
7852.0 1142.0
8963.0 1263.0
1577.0 1287.0
4862.0 649.0
439.0 3680.0
6132.0 7795.0
4469.0 8902.0
4432.0 4230.0
5301.0 7629.0
8256.0 6084.0
4797.0 9144.0
1042.0 4806.0
3466.0 6433.0
4777.0 5315.0
8226.0 2636.0
4937.0 2662.0
1574.0 6370.0
5033.0 909.0
6742.0 5681.0
1638.0 300.0
5910.0 3088.0
3187.0 1391.0
1043.0 6576.0
8361.0 7245.0
9425.0 3930.0
2419.0 7360.0
8460.0 252.0
2228.0 9416.0
6796.0 1123.0
3383.0 7522.0
1376.0 6210.0
5205.0 8059.0
2454.0 759.0
1910.0 6779.0
1154.0 4820.0
830.0 3264.0
6658.0 2605.0
962.0 1405.0
2566.0 6885.0
7666.0 7032.0
4539.0 5730.0
1867.0 6288.0
3739.0 1582.0
4531.0 947.0
3196.0 4952.0
9794.0 9238.0
6613.0 7680.0
2491.0 3375.0
1752.0 3113.0
8494.0 7365.0
2885.0 3100.0
8590.0 1270.0
9459.0 4170.0
9288.0 538.0
491.0 7791.0
6351.0 1528.0
6785.0 2094.0
9334.0 6897.0
5563.0 4923.0
8043.0 6920.0
4521.0 618.0
4120.0 5455.0
4934.0 5402.0
3684.0 1598.0
5881.0 8768.0
9249.0 750.0
4104.0 713.0
1826.0 1158.0
6641.0 7252.0
6460.0 4589.0
5751.0 9064.0
7073.0 2291.0
8245.0 643.0
8910.0 9837.0
3736.0 9877.0
9384.0 7001.0
8952.0 387.0
717.0 1302.0
7609.0 1569.0
102.0 6367.0
7975.0 3645.0
5771.0 8674.0
2641.0 7685.0
9775.0 8921.0
7631.0 2936.0
777.0 6537.0
343.0 6331.0
2709.0 8557.0
8492.0 1614.0
7580.0 6452.0
4505.0 7916.0
3291.0 7032.0
2562.0 166.0
9735.0 6118.0
7747.0 6260.0
9060.0 6028.0
9447.0 8317.0
8341.0 593.0
3559.0 7963.0
5556.0 3781.0
530.0 7962.0
2130.0 587.0
8872.0 5141.0
7901.0 1300.0
6165.0 1933.0
6812.0 2826.0
2127.0 6465.0
4157.0 3130.0
874.0 3559.0
8685.0 7497.0
1841.0 1513.0
5429.0 7702.0
1549.0 2073.0
7493.0 7744.0
692.0 3453.0
7735.0 2251.0
3673.0 8812.0
3546.0 6244.0
124.0 5040.0
636.0 7302.0
523.0 9265.0
4103.0 3864.0
426.0 2945.0
7611.0 5720.0
418.0 5931.0
4006.0 5367.0
1356.0 5390.0
3195.0 1346.0
6942.0 6975.0
5576.0 7205.0
8244.0 8103.0
1887.0 2193.0
7188.0 5750.0
2759.0 2372.0
8625.0 3616.0
3798.0 3208.0
3017.0 6089.0
4543.0 7337.0
4355.0 8843.0
2068.0 3611.0
314.0 8467.0
2618.0 6042.0
4271.0 6026.0
7033.0 3812.0
1250.0 1930.0
8315.0 5961.0
2315.0 1961.0
2162.0 6880.0
4563.0 6900.0
3769.0 1252.0
6199.0 570.0
6736.0 9593.0
8840.0 3751.0
2380.0 7960.0
1565.0 3774.0
300.0 8061.0
3807.0 2240.0
3493.0 6290.0
6656.0 5705.0
3859.0 2913.0
4625.0 6740.0
6375.0 4968.0
2488.0 5230.0
2842.0 9062.0
4200.0 2302.0
8413.0 2655.0
3544.0 1783.0
6822.0 5022.0
8496.0 6527.0
2587.0 1440.0
3957.0 9545.0
991.0 6826.0
9852.0 2276.0
9216.0 7394.0
4217.0 4917.0
4391.0 1484.0
3319.0 6177.0
