1
256 1 3.0 0.0 1000.0 3 160 240 100

6.5 13.5 29.3 58.5
13.0 27.0 58.5 117.0
19.5 40.5 87.8 175.5
26.0 54.0 117.0 234.0
39.0 81.0 175.5 351.0
52.0 108.0 234.0 468.0
58.5 121.5 263.3 526.5
65.0 135.0 292.5 585.0
78.0 162.0 351.0 702.0
0.0 180.0 390.0 780.0

2.0 5.0 8.0 11.0
5.0 8.0 11.0 14.0
9.0 12.0 15.0 18.0
11.0 14.0 17.0 20.0
15.0 18.0 21.0 24.0
18.0 21.0 24.0 27.0
20.0 23.0 26.0 29.0
25.0 28.0 31.0 34.0
29.0 32.0 35.0 38.0
0.0 34.0 37.0 40.0

811.0 5007.0
8233.0 4496.0
2014.0 7073.0
1517.0 1224.0
3613.0 4431.0
8200.0 408.0
7949.0 3326.0
3457.0 94.0
6815.0 595.0
5001.0 3618.0
9489.0 3167.0
9.0 5796.0
8445.0 4676.0
3581.0 230.0
8569.0 299.0
799.0 5098.0
8208.0 3468.0
6953.0 7320.0
2849.0 586.0
3017.0 7473.0
4772.0 2366.0
5935.0 347.0
4492.0 2950.0
5788.0 8530.0
2295.0 417.0
4414.0 8876.0
710.0 4830.0
2557.0 4284.0
1221.0 2445.0
5103.0 5626.0
1052.0 7218.0
6483.0 1236.0
8330.0 3244.0
815.0 3836.0
6464.0 4260.0
3840.0 7272.0
1046.0 8841.0
6243.0 7955.0
5100.0 2431.0
419.0 8388.0
1003.0 9831.0
5245.0 2650.0
9889.0 4282.0
5950.0 6237.0
1868.0 1780.0
8636.0 5131.0
2867.0 1748.0
1524.0 1484.0
6425.0 7701.0
7497.0 5801.0
1258.0 4040.0
5019.0 7997.0
7911.0 7600.0
6978.0 2227.0
322.0 5095.0
9547.0 2848.0
617.0 86.0
5621.0 1426.0
7953.0 5604.0
9896.0 7137.0
4738.0 1065.0
5181.0 5476.0
6037.0 4608.0
1984.0 2636.0
493.0 4488.0
5966.0 5446.0
3574.0 5661.0
324.0 9256.0
6487.0 183.0
2672.0 8645.0
6546.0 2570.0
8494.0 8333.0
7349.0 3746.0
5737.0 4193.0
9555.0 9700.0
7614.0 6728.0
5608.0 3513.0
3193.0 1911.0
4207.0 1852.0
7832.0 6760.0
2848.0 9596.0
8037.0 9535.0
9268.0 8708.0
7818.0 6946.0
5099.0 9989.0
6098.0 3242.0
7562.0 8851.0
7265.0 8573.0
7507.0 8744.0
9420.0 6506.0
4640.0 8353.0
7401.0 3079.0
3242.0 1225.0
152.0 2268.0
4200.0 8932.0
4502.0 5265.0
1682.0 1421.0
9939.0 3430.0
5265.0 679.0
1420.0 7320.0
840.0 6338.0
9830.0 6664.0
6120.0 4362.0
2115.0 8669.0
9057.0 2454.0
5691.0 4549.0
9.0 8291.0
4193.0 6642.0
952.0 9255.0
4119.0 1021.0
7586.0 4759.0
4460.0 2960.0
2627.0 4827.0
3873.0 5150.0
1128.0 1048.0
2473.0 1047.0
1132.0 8533.0
7810.0 8230.0
5497.0 19.0
7107.0 9156.0
3187.0 5748.0
325.0 9194.0
875.0 5250.0
1126.0 4320.0
8162.0 9671.0
5304.0 3352.0
2241.0 5767.0
8761.0 2120.0
316.0 5209.0
9581.0 9439.0
615.0 5328.0
1299.0 7278.0
5291.0 9925.0
6906.0 9999.0
1059.0 1290.0
5682.0 63.0
5867.0 7058.0
7418.0 70.0
2433.0 8034.0
1101.0 3525.0
1970.0 5620.0
7626.0 9209.0
3909.0 9976.0
8615.0 6544.0
9947.0 2555.0
5902.0 1824.0
3246.0 9131.0
8767.0 7703.0
6088.0 1970.0
8477.0 827.0
1822.0 2260.0
2211.0 4976.0
9412.0 6442.0
944.0 9618.0
1417.0 2581.0
8344.0 6243.0
8710.0 5387.0
274.0 7375.0
7767.0 1054.0
6951.0 5622.0
8845.0 5507.0
2338.0 2676.0
5862.0 2234.0
7853.0 619.0
1311.0 8299.0
9934.0 435.0
2013.0 9694.0
3568.0 5103.0
4048.0 9645.0
6322.0 7157.0
7666.0 6020.0
9971.0 3097.0
5515.0 6461.0
9273.0 9523.0
9987.0 2376.0
9974.0 8394.0
8024.0 5426.0
617.0 1280.0
4190.0 2637.0
5202.0 4989.0
5329.0 8773.0
6305.0 3467.0
2637.0 7097.0
684.0 3333.0
9469.0 2158.0
1979.0 2950.0
5685.0 741.0
7550.0 7406.0
1880.0 9593.0
9043.0 4284.0
9295.0 1093.0
8735.0 7615.0
3752.0 453.0
6250.0 9890.0
4403.0 632.0
2694.0 4507.0
652.0 3552.0
1794.0 3556.0
3037.0 8779.0
116.0 8302.0
6404.0 3288.0
906.0 2260.0
6207.0 8450.0
8660.0 9252.0
1223.0 2865.0
3964.0 1308.0
8541.0 2189.0
687.0 3817.0
9108.0 9573.0
104.0 7794.0
4684.0 2859.0
9001.0 1656.0
9498.0 7151.0
1348.0 7384.0
2454.0 3915.0
5605.0 8452.0
8179.0 213.0
2230.0 9417.0
7755.0 4238.0
8460.0 9539.0
2450.0 5745.0
9937.0 5325.0
6251.0 2546.0
1249.0 9368.0
5552.0 6675.0
9953.0 5379.0
6789.0 6372.0
1154.0 1778.0
5351.0 2511.0
2213.0 8746.0
1595.0 609.0
9640.0 6097.0
2274.0 2049.0
2767.0 1877.0
8210.0 638.0
1244.0 4058.0
1514.0 3156.0
5948.0 210.0
8199.0 5008.0
5371.0 2542.0
4482.0 4616.0
2047.0 8188.0
7610.0 2700.0
6106.0 7128.0
4525.0 5051.0
5504.0 2610.0
4190.0 9959.0
5023.0 1482.0
1895.0 3910.0
8592.0 4290.0
6364.0 1692.0
2009.0 7548.0
2981.0 9535.0
5629.0 3043.0
8966.0 2438.0
9095.0 1573.0

815.0 5013.0
8238.0 4501.0
2018.0 7078.0
1523.0 1229.0
3618.0 4435.0
8205.0 413.0
7954.0 3330.0
3462.0 98.0
6819.0 601.0
5006.0 3622.0
9493.0 3172.0
14.0 5801.0
8449.0 4681.0
3585.0 235.0
8575.0 304.0
804.0 5102.0
8214.0 3473.0
6959.0 7325.0
2855.0 592.0
3023.0 7479.0
4777.0 2372.0
5940.0 351.0
4498.0 2956.0
5793.0 8535.0
2301.0 422.0
4420.0 8881.0
715.0 4835.0
2562.0 4288.0
1227.0 2450.0
5108.0 5630.0
1057.0 7223.0
6488.0 1242.0
8335.0 3248.0
821.0 3841.0
6469.0 4266.0
3846.0 7277.0
1050.0 8847.0
6249.0 7960.0
5104.0 2436.0
424.0 8393.0
1008.0 9836.0
5250.0 2656.0
9894.0 4287.0
5955.0 6242.0
1873.0 1784.0
8640.0 5137.0
2872.0 1754.0
1530.0 1488.0
6430.0 7706.0
7502.0 5807.0
1263.0 4046.0
5024.0 8002.0
7915.0 7604.0
6982.0 2231.0
328.0 5099.0
9552.0 2852.0
622.0 90.0
5627.0 1430.0
7958.0 5608.0
9902.0 7142.0
4742.0 1069.0
5187.0 5481.0
6041.0 4613.0
1988.0 2640.0
497.0 4493.0
5972.0 5452.0
3579.0 5666.0
330.0 9260.0
6493.0 188.0
2677.0 8649.0
6550.0 2574.0
8499.0 8338.0
7353.0 3750.0
5742.0 4199.0
9560.0 9704.0
7619.0 6732.0
5613.0 3517.0
3198.0 1917.0
4211.0 1858.0
7836.0 6766.0
2853.0 9600.0
8042.0 9539.0
9273.0 8714.0
7824.0 6950.0
5104.0 9995.0
6104.0 3247.0
7566.0 8855.0
7270.0 8578.0
7512.0 8749.0
9425.0 6511.0
4646.0 8357.0
7406.0 3085.0
3246.0 1229.0
157.0 2274.0
4206.0 8937.0
4506.0 5270.0
1688.0 1426.0
9943.0 3435.0
5271.0 684.0
1424.0 7325.0
844.0 6342.0
9834.0 6670.0
6126.0 4368.0
2120.0 8673.0
9062.0 2458.0
5696.0 4554.0
15.0 8296.0
4197.0 6648.0
956.0 9261.0
4123.0 1025.0
7591.0 4765.0
4465.0 2966.0
2633.0 4831.0
3878.0 5154.0
1133.0 1052.0
2479.0 1051.0
1137.0 8537.0
7815.0 8235.0
5502.0 23.0
7112.0 9162.0
3191.0 5753.0
329.0 9199.0
880.0 5255.0
1130.0 4326.0
8168.0 9675.0
5309.0 3357.0
2246.0 5771.0
8765.0 2125.0
320.0 5214.0
9587.0 9445.0
621.0 5334.0
1305.0 7283.0
5297.0 9930.0
6912.0 10004.0
1064.0 1295.0
5687.0 68.0
5872.0 7063.0
7423.0 74.0
2438.0 8040.0
1105.0 3530.0
1975.0 5626.0
7631.0 9215.0
3914.0 9982.0
8620.0 6550.0
9952.0 2560.0
5906.0 1829.0
3252.0 9137.0
8773.0 7708.0
6094.0 1976.0
8482.0 832.0
1827.0 2266.0
2216.0 4981.0
9418.0 6448.0
950.0 9624.0
1422.0 2585.0
8349.0 6248.0
8715.0 5392.0
279.0 7381.0
7772.0 1059.0
6956.0 5628.0
8849.0 5511.0
2343.0 2681.0
5867.0 2238.0
7858.0 624.0
1316.0 8304.0
9939.0 441.0
2019.0 9699.0
3572.0 5109.0
4053.0 9651.0
6327.0 7161.0
7671.0 6026.0
9977.0 3101.0
5520.0 6466.0
9278.0 9527.0
9992.0 2381.0
9980.0 8398.0
8029.0 5430.0
621.0 1285.0
4195.0 2642.0
5207.0 4994.0
5334.0 8778.0
6309.0 3473.0
2642.0 7102.0
689.0 3337.0
9474.0 2162.0
1984.0 2956.0
5691.0 745.0
7555.0 7412.0
1884.0 9599.0
9049.0 4288.0
9300.0 1098.0
8739.0 7619.0
3756.0 458.0
6254.0 9896.0
4408.0 637.0
2699.0 4513.0
656.0 3557.0
1799.0 3561.0
3042.0 8785.0
121.0 8308.0
6409.0 3292.0
912.0 2265.0
6212.0 8456.0
8666.0 9257.0
1227.0 2870.0
3968.0 1314.0
8547.0 2194.0
691.0 3823.0
9113.0 9578.0
109.0 7800.0
4690.0 2864.0
9007.0 1662.0
9504.0 7157.0
1353.0 7389.0
2460.0 3919.0
5609.0 8456.0
8183.0 217.0
2236.0 9422.0
7759.0 4242.0
8464.0 9544.0
2455.0 5750.0
9941.0 5331.0
6257.0 2552.0
1254.0 9373.0
5557.0 6680.0
9957.0 5383.0
6794.0 6378.0
1160.0 1783.0
5356.0 2517.0
2218.0 8751.0
1600.0 613.0
9645.0 6102.0
2279.0 2055.0
2772.0 1883.0
8215.0 644.0
1249.0 4064.0
1520.0 3161.0
5953.0 214.0
8204.0 5012.0
5376.0 2547.0
4487.0 4622.0
2053.0 8194.0
7614.0 2705.0
6110.0 7133.0
4530.0 5055.0
5509.0 2615.0
4196.0 9965.0
5027.0 1488.0
1899.0 3914.0
8596.0 4296.0
6369.0 1697.0
2014.0 7554.0
2986.0 9541.0
5634.0 3048.0
8971.0 2443.0
9099.0 1577.0
