1
256 1 3.0 0.0 1000.0 3 160 240 100

6.5 13.5 29.3 58.5
13.0 27.0 58.5 117.0
19.5 40.5 87.8 175.5
26.0 54.0 117.0 234.0
39.0 81.0 175.5 351.0
52.0 108.0 234.0 468.0
58.5 121.5 263.3 526.5
65.0 135.0 292.5 585.0
78.0 162.0 351.0 702.0
0.0 180.0 390.0 780.0

2.0 5.0 8.0 11.0
5.0 8.0 11.0 14.0
9.0 12.0 15.0 18.0
11.0 14.0 17.0 20.0
15.0 18.0 21.0 24.0
18.0 21.0 24.0 27.0
20.0 23.0 26.0 29.0
25.0 28.0 31.0 34.0
29.0 32.0 35.0 38.0
0.0 34.0 37.0 40.0

8336.0 9114.0
4624.0 9484.0
4965.0 9027.0
3120.0 4749.0
2528.0 8454.0
3222.0 5138.0
8534.0 780.0
239.0 8122.0
2670.0 7814.0
4702.0 190.0
3502.0 9833.0
5466.0 1090.0
7858.0 7745.0
9333.0 4176.0
8722.0 8471.0
9288.0 250.0
9944.0 7208.0
5897.0 4771.0
8598.0 2684.0
8953.0 819.0
8310.0 4056.0
8934.0 2701.0
9361.0 563.0
342.0 7572.0
3907.0 7590.0
1499.0 4965.0
7113.0 5258.0
7860.0 6604.0
7545.0 8180.0
8427.0 1386.0
2619.0 7515.0
7321.0 2916.0
7444.0 8957.0
5097.0 9475.0
7866.0 2779.0
6853.0 8810.0
1043.0 4580.0
6721.0 2620.0
9370.0 7864.0
803.0 8121.0
6065.0 2069.0
3121.0 6593.0
3250.0 2204.0
1654.0 1253.0
5840.0 8707.0
4031.0 9380.0
7054.0 8662.0
4949.0 6043.0
3888.0 2017.0
9895.0 9328.0
3344.0 8918.0
2221.0 9448.0
2758.0 6808.0
3177.0 6614.0
38.0 8420.0
6932.0 5048.0
2127.0 4287.0
5184.0 3034.0
2518.0 5916.0
8419.0 1368.0
1149.0 8247.0
3384.0 5113.0
2479.0 2543.0
8852.0 6024.0
78.0 3323.0
4245.0 5535.0
8553.0 5498.0
8192.0 689.0
6127.0 316.0
6576.0 7892.0
3682.0 1272.0
2166.0 1876.0
8606.0 3593.0
374.0 9753.0
4247.0 3457.0
8240.0 2545.0
8304.0 5550.0
6183.0 9061.0
5965.0 123.0
4611.0 9529.0
6131.0 3153.0
9955.0 8836.0
1528.0 5766.0
7193.0 1780.0
6027.0 1542.0
8430.0 5210.0
5017.0 2827.0
9626.0 4434.0
7114.0 9710.0
9.0 3780.0
8062.0 7773.0
1280.0 3699.0
118.0 3255.0
6146.0 9279.0
2763.0 6767.0
8277.0 7565.0
3043.0 9190.0
8243.0 3565.0
6371.0 5884.0
2510.0 7323.0
1104.0 7841.0
5055.0 6939.0
2723.0 920.0
3681.0 4923.0
5920.0 6798.0
5599.0 7773.0
5438.0 1756.0
9340.0 1135.0
8958.0 1951.0
2577.0 5466.0
7872.0 6298.0
7930.0 9540.0
4247.0 586.0
1302.0 1719.0
4822.0 8987.0
9850.0 1338.0
5334.0 1554.0
9131.0 5122.0
1004.0 8880.0
1513.0 5978.0
1513.0 7515.0
410.0 4078.0
1269.0 2302.0
7420.0 2604.0
8301.0 4246.0
1926.0 3029.0
7593.0 5062.0
5241.0 7330.0
7179.0 2023.0
3862.0 7013.0
7819.0 9248.0
8900.0 1325.0
9584.0 4069.0
1267.0 9544.0
1154.0 9588.0
4673.0 4726.0
166.0 7083.0
1027.0 8799.0
5425.0 4379.0
5287.0 1368.0
4296.0 8823.0
9350.0 7140.0
1101.0 5992.0
7036.0 9333.0
4840.0 7774.0
4753.0 8950.0
7058.0 5944.0
4895.0 2324.0
3178.0 9880.0
1562.0 1784.0
3115.0 9540.0
651.0 6855.0
9498.0 7344.0
8915.0 5851.0
4320.0 5084.0
9033.0 262.0
7332.0 4503.0
279.0 6807.0
2000.0 2666.0
6857.0 4538.0
7357.0 5771.0
8467.0 6878.0
6558.0 7513.0
176.0 981.0
5458.0 653.0
1168.0 9289.0
7045.0 2913.0
4435.0 670.0
37.0 831.0
1985.0 1029.0
2470.0 7712.0
2639.0 5759.0
3593.0 4312.0
1979.0 8928.0
9887.0 3373.0
6528.0 6585.0
3549.0 1660.0
6722.0 4053.0
4223.0 5618.0
5753.0 9609.0
7344.0 9289.0
3852.0 9427.0
4874.0 5625.0
71.0 1162.0
6780.0 4823.0
6151.0 6070.0
4058.0 5812.0
9537.0 2028.0
6627.0 9540.0
5110.0 2359.0
1920.0 5176.0
7711.0 7830.0
2483.0 2872.0
21.0 1705.0
3404.0 9211.0
2871.0 250.0
2901.0 3982.0
7561.0 3555.0
1873.0 9398.0
2232.0 4066.0
759.0 5413.0
6897.0 2711.0
4493.0 7255.0
4173.0 5000.0
8905.0 3804.0
5293.0 1973.0
4373.0 7970.0
3476.0 3402.0
5045.0 2675.0
9218.0 3098.0
4464.0 8596.0
4569.0 8740.0
897.0 2287.0
5978.0 1080.0
8213.0 5818.0
7773.0 9923.0
601.0 1567.0
839.0 6757.0
1979.0 8291.0
3569.0 6429.0
3386.0 7112.0
4668.0 2726.0
4202.0 8551.0
9858.0 5271.0
5495.0 4248.0
7081.0 7591.0
6334.0 9489.0
7242.0 8768.0
6371.0 5179.0
93.0 3522.0
526.0 403.0
7300.0 8146.0
4092.0 9188.0
7283.0 2139.0
9071.0 7618.0
8886.0 7955.0
5076.0 9921.0
3461.0 3717.0
608.0 4672.0
7422.0 6308.0
3035.0 4735.0
9848.0 4705.0
8085.0 7080.0
2207.0 5939.0
2188.0 1117.0
9759.0 8574.0
3472.0 6660.0
6728.0 1081.0
9737.0 5177.0
9794.0 4981.0
4241.0 437.0
6987.0 5167.0
2593.0 7207.0
1546.0 2250.0
6599.0 9111.0
2825.0 4350.0

8340.0 9120.0
4629.0 9489.0
4971.0 9031.0
3126.0 4755.0
2534.0 8460.0
3227.0 5143.0
8540.0 786.0
244.0 8128.0
2676.0 7818.0
4706.0 195.0
3507.0 9839.0
5471.0 1096.0
7862.0 7750.0
9337.0 4181.0
8727.0 8477.0
9293.0 255.0
9948.0 7212.0
5903.0 4775.0
8604.0 2688.0
8958.0 824.0
8315.0 4061.0
8940.0 2707.0
9367.0 569.0
347.0 7577.0
3911.0 7595.0
1504.0 4969.0
7117.0 5263.0
7865.0 6609.0
7551.0 8184.0
8432.0 1392.0
2623.0 7520.0
7325.0 2922.0
7450.0 8961.0
5103.0 9480.0
7871.0 2785.0
6857.0 8816.0
1048.0 4585.0
6726.0 2625.0
9376.0 7870.0
808.0 8126.0
6070.0 2073.0
3126.0 6598.0
3255.0 2210.0
1658.0 1259.0
5846.0 8711.0
4037.0 9386.0
7059.0 8667.0
4953.0 6047.0
3893.0 2022.0
9899.0 9333.0
3350.0 8924.0
2226.0 9453.0
2763.0 6814.0
3182.0 6618.0
44.0 8426.0
6937.0 5054.0
2131.0 4292.0
5189.0 3038.0
2523.0 5920.0
8424.0 1373.0
1154.0 8252.0
3389.0 5118.0
2483.0 2547.0
8857.0 6029.0
83.0 3329.0
4250.0 5539.0
8558.0 5502.0
8198.0 693.0
6131.0 321.0
6582.0 7898.0
3688.0 1277.0
2171.0 1881.0
8611.0 3599.0
379.0 9758.0
4251.0 3462.0
8245.0 2550.0
8309.0 5555.0
6189.0 9066.0
5970.0 129.0
4617.0 9533.0
6137.0 3157.0
9959.0 8841.0
1532.0 5772.0
7198.0 1786.0
6032.0 1548.0
8436.0 5214.0
5022.0 2832.0
9630.0 4439.0
7119.0 9716.0
14.0 3785.0
8067.0 7778.0
1286.0 3704.0
123.0 3261.0
6150.0 9285.0
2767.0 6772.0
8283.0 7570.0
3047.0 9195.0
8247.0 3570.0
6376.0 5889.0
2515.0 7327.0
1108.0 7846.0
5061.0 6944.0
2727.0 925.0
3685.0 4929.0
5925.0 6802.0
5605.0 7777.0
5443.0 1761.0
9346.0 1141.0
8963.0 1957.0
2583.0 5471.0
7878.0 6303.0
7934.0 9544.0
4253.0 591.0
1307.0 1724.0
4826.0 8993.0
9854.0 1343.0
5339.0 1559.0
9136.0 5127.0
1009.0 8885.0
1518.0 5983.0
1517.0 7520.0
415.0 4083.0
1273.0 2306.0
7424.0 2610.0
8306.0 4251.0
1930.0 3034.0
7598.0 5068.0
5246.0 7334.0
7184.0 2029.0
3867.0 7018.0
7825.0 9253.0
8905.0 1330.0
9590.0 4073.0
1271.0 9550.0
1159.0 9592.0
4678.0 4732.0
170.0 7088.0
1033.0 8803.0
5430.0 4385.0
5293.0 1372.0
4301.0 8827.0
9355.0 7146.0
1106.0 5997.0
7042.0 9339.0
4845.0 7778.0
4757.0 8956.0
7063.0 5949.0
4900.0 2329.0
3183.0 9885.0
1568.0 1789.0
3119.0 9546.0
656.0 6861.0
9504.0 7348.0
8919.0 5857.0
4325.0 5090.0
9038.0 266.0
7337.0 4507.0
284.0 6812.0
2005.0 2671.0
6863.0 4543.0
7363.0 5776.0
8472.0 6882.0
6562.0 7517.0
181.0 986.0
5462.0 659.0
1174.0 9293.0
7049.0 2917.0
4440.0 676.0
42.0 836.0
1989.0 1033.0
2475.0 7717.0
2643.0 5764.0
3598.0 4317.0
1985.0 8933.0
9892.0 3378.0
6533.0 6590.0
3555.0 1666.0
6727.0 4057.0
4228.0 5623.0
5758.0 9614.0
7349.0 9295.0
3856.0 9432.0
4879.0 5629.0
77.0 1167.0
6784.0 4828.0
6155.0 6076.0
4063.0 5816.0
9542.0 2033.0
6632.0 9545.0
5115.0 2364.0
1925.0 5180.0
7717.0 7835.0
2489.0 2877.0
27.0 1711.0
3409.0 9217.0
2875.0 255.0
2907.0 3987.0
7567.0 3559.0
1878.0 9402.0
2237.0 4071.0
763.0 5418.0
6901.0 2717.0
4498.0 7260.0
4179.0 5004.0
8910.0 3808.0
5298.0 1978.0
4377.0 7976.0
3481.0 3408.0
5051.0 2680.0
9223.0 3102.0
4469.0 8601.0
4574.0 8744.0
903.0 2292.0
5983.0 1084.0
8217.0 5822.0
7777.0 9928.0
606.0 1571.0
845.0 6762.0
1983.0 8296.0
3574.0 6434.0
3391.0 7118.0
4673.0 2731.0
4207.0 8556.0
9863.0 5276.0
5500.0 4253.0
7087.0 7596.0
6339.0 9495.0
7247.0 8774.0
6376.0 5183.0
98.0 3528.0
531.0 407.0
7305.0 8152.0
4098.0 9193.0
7289.0 2143.0
9075.0 7623.0
8891.0 7961.0
5081.0 9926.0
3466.0 3723.0
613.0 4677.0
7427.0 6314.0
3040.0 4741.0
9853.0 4709.0
8091.0 7086.0
2211.0 5943.0
2193.0 1123.0
9763.0 8579.0
3477.0 6665.0
6733.0 1087.0
9743.0 5181.0
9799.0 4987.0
4246.0 441.0
6992.0 5171.0
2598.0 7211.0
1551.0 2254.0
6603.0 9116.0
2830.0 4354.0
