1
256 1 3.0 0.0 1000.0 3 160 240 100

6.5 13.5 29.3 58.5
13.0 27.0 58.5 117.0
19.5 40.5 87.8 175.5
26.0 54.0 117.0 234.0
39.0 81.0 175.5 351.0
52.0 108.0 234.0 468.0
58.5 121.5 263.3 526.5
65.0 135.0 292.5 585.0
78.0 162.0 351.0 702.0
0.0 180.0 390.0 780.0

2.0 5.0 8.0 11.0
5.0 8.0 11.0 14.0
9.0 12.0 15.0 18.0
11.0 14.0 17.0 20.0
15.0 18.0 21.0 24.0
18.0 21.0 24.0 27.0
20.0 23.0 26.0 29.0
25.0 28.0 31.0 34.0
29.0 32.0 35.0 38.0
0.0 34.0 37.0 40.0

8760.0 2093.0
5282.0 639.0
5749.0 9551.0
5770.0 9679.0
4620.0 75.0
9647.0 4852.0
3735.0 3967.0
9507.0 1520.0
5759.0 3966.0
58.0 8468.0
6384.0 8582.0
8243.0 426.0
5754.0 7530.0
9909.0 6704.0
8379.0 401.0
5062.0 3308.0
9884.0 2200.0
6302.0 8431.0
1396.0 1890.0
7501.0 3704.0
4903.0 2560.0
2291.0 6075.0
5388.0 4373.0
4433.0 7719.0
8079.0 3898.0
4643.0 3844.0
1620.0 5992.0
941.0 787.0
487.0 6830.0
2094.0 9277.0
2470.0 9244.0
6220.0 252.0
9552.0 3991.0
9128.0 3108.0
2979.0 3080.0
9469.0 8771.0
5869.0 3801.0
251.0 2459.0
9165.0 4580.0
8806.0 3539.0
9257.0 6298.0
9777.0 2341.0
8092.0 5201.0
8178.0 6327.0
9092.0 6043.0
2125.0 487.0
4701.0 6586.0
7285.0 9352.0
3883.0 7094.0
7622.0 501.0
389.0 954.0
9516.0 1953.0
5114.0 5052.0
8811.0 8321.0
8360.0 1050.0
2882.0 3103.0
340.0 1174.0
2268.0 7016.0
720.0 4675.0
8966.0 4727.0
543.0 3563.0
931.0 4889.0
2339.0 8779.0
4878.0 848.0
6745.0 417.0
1932.0 1910.0
6466.0 8129.0
3216.0 7555.0
877.0 363.0
4936.0 9467.0
7106.0 3544.0
5036.0 8784.0
5909.0 4849.0
5995.0 8431.0
3152.0 4700.0
833.0 2927.0
236.0 7610.0
1901.0 554.0
9271.0 2512.0
4523.0 5257.0
1322.0 6210.0
53.0 8174.0
8557.0 6077.0
5439.0 1170.0
3602.0 643.0
8829.0 7251.0
1936.0 9193.0
3332.0 5259.0
5641.0 4017.0
3465.0 8714.0
9327.0 1447.0
1382.0 1194.0
1553.0 298.0
2445.0 3136.0
7566.0 8872.0
2211.0 7434.0
1675.0 4130.0
9397.0 3726.0
84.0 9180.0
1912.0 3750.0
7501.0 7722.0
5498.0 2641.0
3345.0 6555.0
7080.0 3576.0
5872.0 9812.0
7380.0 5619.0
5039.0 1026.0
9854.0 7177.0
7426.0 1689.0
5557.0 9932.0
9038.0 7405.0
5963.0 636.0
4304.0 5300.0
8348.0 658.0
2102.0 8797.0
783.0 5660.0
2115.0 8413.0
6314.0 280.0
7354.0 9681.0
8403.0 5217.0
1157.0 1864.0
2198.0 6593.0
9496.0 3560.0
8695.0 9976.0
1897.0 3862.0
1378.0 3945.0
6805.0 180.0
7393.0 584.0
9712.0 6374.0
7828.0 2786.0
4866.0 7325.0
4182.0 749.0
3880.0 8575.0
578.0 2547.0
7072.0 2174.0
3795.0 6158.0
5836.0 2366.0
5694.0 2835.0
6888.0 7237.0
5109.0 4201.0
1685.0 4973.0
8758.0 7948.0
6859.0 5852.0
3267.0 9525.0
3966.0 3601.0
2857.0 9708.0
9387.0 2261.0
9784.0 405.0
7685.0 7176.0
7080.0 3623.0
4260.0 1255.0
5685.0 934.0
5595.0 136.0
528.0 3360.0
7942.0 2378.0
2632.0 4035.0
7741.0 3316.0
6820.0 8543.0
9618.0 3721.0
7069.0 297.0
260.0 6883.0
4120.0 869.0
9001.0 267.0
2372.0 7621.0
8438.0 354.0
5665.0 3548.0
889.0 1821.0
4004.0 6698.0
9027.0 4678.0
5798.0 9059.0
1491.0 5500.0
2685.0 7298.0
6819.0 1391.0
6517.0 227.0
1500.0 7800.0
564.0 387.0
478.0 3841.0
9525.0 9625.0
929.0 1229.0
5397.0 1058.0
2626.0 5483.0
8789.0 2291.0
709.0 514.0
7739.0 7288.0
9196.0 244.0
8612.0 6766.0
6035.0 3375.0
6142.0 9506.0
3032.0 9958.0
2203.0 9454.0
6474.0 873.0
5357.0 5996.0
6755.0 3874.0
5767.0 7303.0
7839.0 2321.0
2545.0 9107.0
9880.0 5230.0
3091.0 3806.0
806.0 9777.0
6505.0 7285.0
5201.0 9899.0
5645.0 3317.0
1300.0 7097.0
4891.0 7939.0
9418.0 2109.0
3190.0 8694.0
7634.0 8560.0
4457.0 6104.0
3042.0 2228.0
9893.0 7264.0
9408.0 2070.0
9297.0 3948.0
4536.0 1622.0
946.0 97.0
3166.0 1922.0
2097.0 6082.0
3734.0 9582.0
4703.0 9613.0
9805.0 6138.0
3394.0 5698.0
9502.0 7322.0
5310.0 502.0
8751.0 3377.0
3842.0 6528.0
6666.0 4052.0
859.0 8966.0
3887.0 4414.0
4490.0 5620.0
7197.0 107.0
2035.0 5282.0
6239.0 3187.0
64.0 1936.0
648.0 2168.0
6285.0 4686.0
8423.0 2418.0
254.0 5770.0
8855.0 5530.0
2480.0 1573.0
5843.0 8802.0
4017.0 3986.0
9895.0 8462.0
1097.0 2025.0
9660.0 2767.0
1882.0 6077.0
6297.0 3617.0
4903.0 9652.0
6501.0 7803.0
1261.0 6043.0
2516.0 1531.0
5148.0 9754.0
9941.0 4363.0
9775.0 5093.0
6664.0 1179.0
8265.0 6810.0
8735.0 3335.0
1582.0 162.0

8766.0 2098.0
5287.0 644.0
5753.0 9556.0
5775.0 9685.0
4624.0 81.0
9652.0 4857.0
3740.0 3973.0
9513.0 1525.0
5763.0 3970.0
63.0 8474.0
6389.0 8587.0
8248.0 431.0
5759.0 7535.0
9913.0 6709.0
8383.0 407.0
5066.0 3312.0
9890.0 2205.0
6307.0 8437.0
1402.0 1896.0
7506.0 3709.0
4908.0 2565.0
2297.0 6080.0
5394.0 4377.0
4438.0 7725.0
8084.0 3903.0
4649.0 3848.0
1624.0 5997.0
947.0 791.0
492.0 6836.0
2099.0 9281.0
2476.0 9249.0
6226.0 257.0
9557.0 3997.0
9132.0 3112.0
2983.0 3084.0
9474.0 8775.0
5875.0 3806.0
256.0 2465.0
9169.0 4585.0
8812.0 3544.0
9262.0 6302.0
9783.0 2346.0
8098.0 5206.0
8183.0 6331.0
9097.0 6048.0
2130.0 493.0
4707.0 6590.0
7290.0 9358.0
3889.0 7098.0
7627.0 506.0
394.0 960.0
9522.0 1957.0
5118.0 5057.0
8816.0 8326.0
8365.0 1056.0
2887.0 3107.0
345.0 1179.0
2272.0 7022.0
724.0 4680.0
8970.0 4732.0
548.0 3568.0
937.0 4894.0
2343.0 8784.0
4883.0 854.0
6751.0 422.0
1936.0 1915.0
6471.0 8134.0
3221.0 7559.0
882.0 368.0
4941.0 9472.0
7112.0 3549.0
5042.0 8789.0
5914.0 4854.0
5999.0 8435.0
3157.0 4705.0
838.0 2932.0
240.0 7615.0
1905.0 559.0
9277.0 2517.0
4529.0 5261.0
1326.0 6215.0
58.0 8180.0
8563.0 6082.0
5445.0 1174.0
3607.0 648.0
8834.0 7256.0
1942.0 9198.0
3337.0 5264.0
5646.0 4023.0
3470.0 8719.0
9333.0 1453.0
1388.0 1199.0
1558.0 303.0
2450.0 3140.0
7571.0 8878.0
2216.0 7439.0
1680.0 4135.0
9403.0 3731.0
89.0 9185.0
1916.0 3756.0
7506.0 7727.0
5503.0 2647.0
3349.0 6561.0
7085.0 3580.0
5877.0 9817.0
7385.0 5624.0
5044.0 1031.0
9860.0 7182.0
7431.0 1693.0
5561.0 9937.0
9043.0 7410.0
5968.0 642.0
4309.0 5305.0
8353.0 663.0
2107.0 8801.0
789.0 5665.0
2120.0 8418.0
6319.0 285.0
7360.0 9685.0
8408.0 5221.0
1161.0 1869.0
2204.0 6598.0
9501.0 3565.0
8701.0 9982.0
1901.0 3866.0
1383.0 3950.0
6811.0 185.0
7398.0 590.0
9716.0 6379.0
7833.0 2791.0
4871.0 7331.0
4188.0 754.0
3885.0 8579.0
583.0 2552.0
7076.0 2179.0
3800.0 6164.0
5842.0 2371.0
5700.0 2839.0
6893.0 7242.0
5115.0 4206.0
1689.0 4977.0
8762.0 7952.0
6865.0 5857.0
3272.0 9529.0
3972.0 3607.0
2863.0 9712.0
9393.0 2265.0
9788.0 411.0
7690.0 7182.0
7085.0 3628.0
4266.0 1260.0
5691.0 939.0
5599.0 140.0
533.0 3365.0
7947.0 2382.0
2638.0 4039.0
7746.0 3322.0
6824.0 8547.0
9623.0 3725.0
7073.0 303.0
264.0 6889.0
4126.0 873.0
9006.0 272.0
2378.0 7626.0
8443.0 358.0
5670.0 3552.0
894.0 1827.0
4009.0 6702.0
9032.0 4683.0
5802.0 9063.0
1496.0 5506.0
2689.0 7303.0
6824.0 1396.0
6521.0 233.0
1505.0 7806.0
568.0 392.0
482.0 3846.0
9529.0 9630.0
935.0 1234.0
5402.0 1063.0
2631.0 5488.0
8793.0 2296.0
715.0 519.0
7744.0 7293.0
9202.0 249.0
8617.0 6771.0
6041.0 3381.0
6146.0 9510.0
3037.0 9963.0
2207.0 9459.0
6480.0 878.0
5363.0 6001.0
6761.0 3879.0
5772.0 7307.0
7845.0 2326.0
2551.0 9111.0
9884.0 5235.0
3096.0 3812.0
812.0 9781.0
6509.0 7291.0
5207.0 9904.0
5650.0 3322.0
1304.0 7102.0
4897.0 7945.0
9423.0 2115.0
3194.0 8700.0
7640.0 8564.0
4462.0 6109.0
3048.0 2232.0
9898.0 7268.0
9413.0 2076.0
9301.0 3953.0
4542.0 1628.0
951.0 102.0
3171.0 1926.0
2103.0 6087.0
3738.0 9588.0
4707.0 9617.0
9810.0 6143.0
3399.0 5703.0
9508.0 7327.0
5315.0 507.0
8757.0 3382.0
3846.0 6533.0
6672.0 4057.0
865.0 8970.0
3892.0 4419.0
4495.0 5626.0
7202.0 113.0
2041.0 5287.0
6244.0 3191.0
68.0 1941.0
653.0 2173.0
6290.0 4691.0
8429.0 2422.0
258.0 5775.0
8859.0 5536.0
2485.0 1579.0
5848.0 8807.0
4021.0 3990.0
9901.0 8467.0
1103.0 2030.0
9665.0 2771.0
1887.0 6081.0
6303.0 3622.0
4909.0 9658.0
6507.0 7809.0
1266.0 6048.0
2520.0 1535.0
5153.0 9759.0
9947.0 4368.0
9780.0 5098.0
6668.0 1185.0
8271.0 6816.0
8740.0 3339.0
1586.0 166.0
