1
256 1 3.0 0.0 1000.0 3 160 240 100

6.5 13.5 29.3 58.5
13.0 27.0 58.5 117.0
19.5 40.5 87.8 175.5
26.0 54.0 117.0 234.0
39.0 81.0 175.5 351.0
52.0 108.0 234.0 468.0
58.5 121.5 263.3 526.5
65.0 135.0 292.5 585.0
78.0 162.0 351.0 702.0
0.0 180.0 390.0 780.0

2.0 5.0 8.0 11.0
5.0 8.0 11.0 14.0
9.0 12.0 15.0 18.0
11.0 14.0 17.0 20.0
15.0 18.0 21.0 24.0
18.0 21.0 24.0 27.0
20.0 23.0 26.0 29.0
25.0 28.0 31.0 34.0
29.0 32.0 35.0 38.0
0.0 34.0 37.0 40.0

1497.0 2606.0
8078.0 282.0
6810.0 4082.0
1713.0 3251.0
9661.0 6629.0
8523.0 3736.0
14.0 2054.0
3419.0 6589.0
8193.0 6609.0
1865.0 2291.0
4627.0 967.0
3525.0 8612.0
7286.0 7293.0
7436.0 3385.0
2618.0 4560.0
788.0 5764.0
8307.0 5725.0
5871.0 5859.0
8678.0 2913.0
2268.0 5119.0
6071.0 9229.0
3858.0 2363.0
3994.0 8341.0
2704.0 2822.0
382.0 5461.0
4392.0 87.0
1788.0 5858.0
1897.0 3349.0
1817.0 9536.0
7539.0 4800.0
9619.0 3209.0
5105.0 4592.0
6784.0 3214.0
6707.0 3226.0
3430.0 5475.0
1441.0 3762.0
6827.0 1173.0
5424.0 8726.0
8366.0 9244.0
5279.0 9106.0
7192.0 9334.0
9627.0 5307.0
1338.0 1358.0
5674.0 2458.0
9650.0 273.0
452.0 4951.0
357.0 7226.0
8783.0 7595.0
4580.0 688.0
2542.0 3264.0
5616.0 3712.0
8294.0 9426.0
7308.0 5953.0
2854.0 8441.0
7332.0 1583.0
8869.0 8993.0
3705.0 6725.0
4974.0 8561.0
5352.0 2544.0
7590.0 9295.0
41.0 2635.0
3951.0 2192.0
5507.0 5825.0
8411.0 6937.0
2096.0 8040.0
6621.0 7322.0
7731.0 9353.0
4623.0 4589.0
8536.0 4855.0
2455.0 3611.0
934.0 485.0
4323.0 9274.0
3536.0 7441.0
9907.0 2957.0
9639.0 1316.0
3893.0 1475.0
3669.0 4580.0
3268.0 3392.0
7365.0 3557.0
4486.0 58.0
4050.0 3508.0
5035.0 1287.0
1782.0 7980.0
6518.0 8020.0
8737.0 1023.0
8779.0 6890.0
6612.0 3438.0
7172.0 4054.0
393.0 6664.0
7530.0 8173.0
5295.0 452.0
5906.0 4937.0
4200.0 2956.0
2662.0 8004.0
1409.0 4368.0
2969.0 3738.0
1035.0 7734.0
8291.0 9641.0
850.0 3087.0
5927.0 8843.0
4908.0 3525.0
6177.0 5546.0
771.0 4364.0
9200.0 8803.0
9647.0 9012.0
6139.0 4512.0
272.0 7678.0
1592.0 8005.0
9848.0 7563.0
6971.0 2124.0
7859.0 5667.0
6852.0 8157.0
1086.0 7827.0
2868.0 9526.0
648.0 144.0
2220.0 598.0
4373.0 1409.0
369.0 5518.0
339.0 7674.0
9997.0 4428.0
9885.0 2604.0
790.0 6970.0
938.0 9724.0
7116.0 5453.0
4941.0 5216.0
3181.0 2555.0
3243.0 2384.0
7718.0 961.0
1238.0 1430.0
2785.0 4805.0
1087.0 660.0
3745.0 5308.0
6350.0 7771.0
9999.0 5486.0
4333.0 2333.0
8530.0 1327.0
4482.0 3119.0
4852.0 9294.0
3638.0 6392.0
8405.0 2563.0
1478.0 3806.0
1990.0 867.0
1960.0 1035.0
7306.0 1320.0
9091.0 775.0
1158.0 126.0
7839.0 6244.0
9399.0 7533.0
3512.0 3815.0
8203.0 929.0
5423.0 5922.0
4700.0 3460.0
3155.0 7860.0
1581.0 8047.0
6259.0 4614.0
2713.0 9194.0
695.0 6366.0
9363.0 7462.0
7837.0 3783.0
9071.0 3995.0
4372.0 6752.0
1766.0 4983.0
3897.0 2667.0
186.0 8441.0
3551.0 2916.0
4172.0 8187.0
1489.0 8702.0
906.0 2404.0
3531.0 9817.0
5671.0 6671.0
9793.0 2518.0
184.0 3838.0
4628.0 5129.0
8104.0 5635.0
5699.0 2500.0
9747.0 3397.0
499.0 2967.0
614.0 7781.0
1141.0 3928.0
778.0 9867.0
736.0 4684.0
4708.0 8526.0
7187.0 7674.0
3608.0 1420.0
2708.0 1730.0
4825.0 9547.0
9897.0 3488.0
5412.0 7686.0
7675.0 5594.0
9408.0 5639.0
2926.0 2834.0
909.0 7653.0
6141.0 9808.0
7493.0 9894.0
1895.0 6312.0
1081.0 8375.0
7481.0 9022.0
5796.0 2199.0
5512.0 644.0
4890.0 9514.0
8817.0 149.0
1315.0 6061.0
8455.0 227.0
9004.0 8692.0
8156.0 588.0
4435.0 8745.0
1017.0 8263.0
539.0 2664.0
6781.0 8505.0
7544.0 9733.0
496.0 2457.0
7797.0 9321.0
5906.0 193.0
4156.0 2511.0
9358.0 283.0
4018.0 5502.0
2585.0 9500.0
3541.0 4664.0
5146.0 8821.0
9145.0 5630.0
9878.0 4327.0
5861.0 1303.0
7153.0 4167.0
4584.0 6172.0
6279.0 5194.0
2820.0 6805.0
4853.0 5413.0
5983.0 916.0
9397.0 883.0
8816.0 9876.0
3085.0 8192.0
9012.0 2065.0
8896.0 6145.0
7600.0 6933.0
8999.0 2800.0
3159.0 2162.0
3698.0 6477.0
9451.0 8809.0
5760.0 1884.0
8522.0 1820.0
8437.0 4977.0
3850.0 5776.0
8008.0 2705.0
618.0 8287.0
4170.0 6259.0
2664.0 5885.0
4075.0 8963.0
8198.0 9823.0
8357.0 2444.0
8842.0 1638.0
9961.0 7201.0
9069.0 898.0
9084.0 6224.0
5614.0 9966.0
70.0 2776.0
8920.0 3213.0

1503.0 2612.0
8083.0 287.0
6814.0 4088.0
1718.0 3256.0
9665.0 6633.0
8528.0 3740.0
18.0 2060.0
3425.0 6594.0
8198.0 6614.0
1870.0 2297.0
4632.0 972.0
3530.0 8617.0
7291.0 7299.0
7441.0 3389.0
2623.0 4565.0
794.0 5770.0
8312.0 5730.0
5876.0 5864.0
8683.0 2918.0
2272.0 5124.0
6076.0 9233.0
3862.0 2369.0
3998.0 8347.0
2708.0 2827.0
387.0 5467.0
4398.0 91.0
1793.0 5864.0
1903.0 3354.0
1823.0 9540.0
7543.0 4804.0
9624.0 3213.0
5111.0 4597.0
6788.0 3219.0
6713.0 3231.0
3435.0 5479.0
1445.0 3766.0
6832.0 1179.0
5429.0 8730.0
8372.0 9250.0
5284.0 9110.0
7196.0 9339.0
9632.0 5312.0
1343.0 1363.0
5679.0 2462.0
9654.0 278.0
456.0 4957.0
362.0 7230.0
8788.0 7600.0
4584.0 693.0
2547.0 3269.0
5621.0 3717.0
8298.0 9431.0
7313.0 5957.0
2859.0 8445.0
7336.0 1588.0
8873.0 8998.0
3709.0 6731.0
4979.0 8566.0
5357.0 2549.0
7596.0 9299.0
45.0 2640.0
3956.0 2196.0
5512.0 5830.0
8416.0 6943.0
2102.0 8045.0
6626.0 7326.0
7735.0 9357.0
4629.0 4593.0
8542.0 4859.0
2460.0 3617.0
938.0 491.0
4329.0 9278.0
3541.0 7446.0
9912.0 2961.0
9644.0 1322.0
3898.0 1479.0
3674.0 4584.0
3273.0 3397.0
7370.0 3562.0
4491.0 63.0
4056.0 3512.0
5039.0 1291.0
1787.0 7985.0
6522.0 8026.0
8743.0 1028.0
8784.0 6895.0
6618.0 3442.0
7177.0 4060.0
398.0 6669.0
7534.0 8179.0
5299.0 456.0
5912.0 4943.0
4205.0 2961.0
2666.0 8009.0
1415.0 4372.0
2975.0 3743.0
1040.0 7739.0
8296.0 9645.0
855.0 3092.0
5932.0 8848.0
4913.0 3529.0
6181.0 5552.0
775.0 4369.0
9205.0 8807.0
9653.0 9018.0
6143.0 4517.0
278.0 7684.0
1598.0 8011.0
9854.0 7567.0
6976.0 2128.0
7864.0 5671.0
6856.0 8162.0
1091.0 7832.0
2873.0 9531.0
654.0 148.0
2225.0 604.0
4378.0 1414.0
375.0 5522.0
343.0 7678.0
10001.0 4433.0
9890.0 2610.0
795.0 6975.0
942.0 9728.0
7121.0 5458.0
4946.0 5222.0
3186.0 2560.0
3248.0 2388.0
7724.0 967.0
1243.0 1436.0
2791.0 4811.0
1093.0 666.0
3750.0 5312.0
6355.0 7777.0
10004.0 5491.0
4339.0 2338.0
8534.0 1331.0
4487.0 3124.0
4856.0 9299.0
3643.0 6397.0
8410.0 2567.0
1483.0 3811.0
1996.0 871.0
1966.0 1040.0
7310.0 1324.0
9097.0 780.0
1164.0 130.0
7845.0 6248.0
9403.0 7538.0
3518.0 3820.0
8209.0 935.0
5428.0 5927.0
4704.0 3465.0
3159.0 7865.0
1585.0 8053.0
6265.0 4619.0
2718.0 9200.0
700.0 6371.0
9368.0 7466.0
7843.0 3787.0
9076.0 4000.0
4378.0 6758.0
1771.0 4988.0
3901.0 2672.0
190.0 8445.0
3557.0 2922.0
4177.0 8193.0
1493.0 8707.0
912.0 2410.0
3536.0 9822.0
5676.0 6676.0
9798.0 2522.0
188.0 3844.0
4634.0 5133.0
8108.0 5640.0
5704.0 2506.0
9752.0 3403.0
505.0 2973.0
618.0 7786.0
1146.0 3932.0
783.0 9872.0
740.0 4688.0
4714.0 8530.0
7192.0 7678.0
3614.0 1424.0
2712.0 1734.0
4830.0 9552.0
9902.0 3492.0
5416.0 7691.0
7679.0 5599.0
9412.0 5644.0
2931.0 2840.0
914.0 7659.0
6146.0 9813.0
7499.0 9899.0
1901.0 6317.0
1086.0 8379.0
7487.0 9027.0
5802.0 2203.0
5516.0 648.0
4895.0 9518.0
8822.0 154.0
1319.0 6065.0
8460.0 232.0
9010.0 8697.0
8161.0 594.0
4440.0 8749.0
1021.0 8267.0
544.0 2668.0
6786.0 8509.0
7548.0 9738.0
500.0 2463.0
7802.0 9326.0
5911.0 197.0
4161.0 2515.0
9363.0 288.0
4023.0 5508.0
2589.0 9505.0
3546.0 4669.0
5151.0 8827.0
9150.0 5636.0
9884.0 4332.0
5866.0 1308.0
7157.0 4173.0
4589.0 6178.0
6283.0 5198.0
2824.0 6809.0
4859.0 5418.0
5988.0 921.0
9401.0 888.0
8822.0 9880.0
3089.0 8196.0
9017.0 2069.0
8902.0 6150.0
7605.0 6938.0
9003.0 2805.0
3164.0 2167.0
3703.0 6481.0
9457.0 8814.0
5766.0 1889.0
8527.0 1826.0
8442.0 4981.0
3856.0 5782.0
8014.0 2709.0
623.0 8293.0
4175.0 6264.0
2668.0 5891.0
4079.0 8967.0
8204.0 9828.0
8362.0 2450.0
8846.0 1643.0
9965.0 7205.0
9074.0 903.0
9088.0 6229.0
5618.0 9971.0
76.0 2781.0
8925.0 3218.0
