1
256 1 3.0 0.0 1000.0 3 160 240 100

6.5 13.5 29.3 58.5
13.0 27.0 58.5 117.0
19.5 40.5 87.8 175.5
26.0 54.0 117.0 234.0
39.0 81.0 175.5 351.0
52.0 108.0 234.0 468.0
58.5 121.5 263.3 526.5
65.0 135.0 292.5 585.0
78.0 162.0 351.0 702.0
0.0 180.0 390.0 780.0

2.0 5.0 8.0 11.0
5.0 8.0 11.0 14.0
9.0 12.0 15.0 18.0
11.0 14.0 17.0 20.0
15.0 18.0 21.0 24.0
18.0 21.0 24.0 27.0
20.0 23.0 26.0 29.0
25.0 28.0 31.0 34.0
29.0 32.0 35.0 38.0
0.0 34.0 37.0 40.0

1464.0 5921.0
7154.0 9684.0
9030.0 5191.0
5645.0 2869.0
3740.0 7036.0
7678.0 5841.0
5375.0 6050.0
4403.0 6308.0
3771.0 1230.0
5301.0 6588.0
3489.0 2753.0
4261.0 9568.0
1170.0 838.0
2169.0 775.0
1395.0 7867.0
8112.0 3931.0
9362.0 7349.0
3744.0 9885.0
1221.0 5907.0
7908.0 1293.0
5359.0 6886.0
1052.0 7943.0
481.0 6729.0
1546.0 99.0
8793.0 7761.0
8438.0 9741.0
5109.0 3493.0
7745.0 2107.0
5211.0 5099.0
1830.0 2384.0
9263.0 194.0
3944.0 4971.0
8626.0 7529.0
2508.0 5159.0
6871.0 3768.0
2195.0 5642.0
8323.0 947.0
1387.0 2722.0
9950.0 5768.0
8079.0 9594.0
4926.0 4354.0
8799.0 6606.0
8673.0 8602.0
7614.0 860.0
721.0 2757.0
4791.0 48.0
8194.0 1353.0
7184.0 7903.0
9240.0 2144.0
4924.0 1141.0
7239.0 161.0
1467.0 295.0
9096.0 1531.0
6586.0 9298.0
3445.0 8180.0
4374.0 1223.0
7086.0 7074.0
811.0 44.0
465.0 102.0
7999.0 813.0
5540.0 3260.0
4599.0 3126.0
1822.0 6253.0
4570.0 5272.0
8939.0 6156.0
8756.0 8939.0
6529.0 1259.0
6413.0 6859.0
4784.0 3740.0
6231.0 8282.0
1465.0 2284.0
8924.0 9662.0
3720.0 8297.0
5968.0 423.0
5502.0 1835.0
1543.0 6211.0
3931.0 5885.0
7260.0 4493.0
402.0 137.0
1742.0 9900.0
4777.0 7870.0
9619.0 9194.0
3459.0 2087.0
7023.0 8234.0
4697.0 9540.0
3142.0 5834.0
6909.0 3765.0
9910.0 1893.0
8374.0 774.0
4395.0 9675.0
9091.0 3523.0
967.0 4625.0
8144.0 3798.0
2802.0 4609.0
2370.0 2647.0
4811.0 8947.0
4679.0 2998.0
2541.0 6144.0
2816.0 583.0
4139.0 2675.0
1916.0 1813.0
4943.0 7725.0
6641.0 9734.0
6759.0 1270.0
1249.0 1691.0
6412.0 5360.0
8392.0 4835.0
630.0 1010.0
9977.0 8117.0
6836.0 5574.0
5907.0 1883.0
1914.0 7974.0
9014.0 8718.0
3522.0 1687.0
7024.0 1660.0
1027.0 7853.0
4849.0 8429.0
5624.0 3403.0
3048.0 2798.0
1710.0 1578.0
769.0 6734.0
4093.0 4727.0
3980.0 9444.0
8093.0 1770.0
2342.0 1975.0
2120.0 5198.0
499.0 8470.0
4780.0 5008.0
2152.0 7739.0
1102.0 9442.0
7702.0 1269.0
4935.0 4921.0
8797.0 6301.0
7103.0 53.0
5608.0 5115.0
1376.0 1099.0
5140.0 4151.0
2832.0 8782.0
1412.0 9096.0
5680.0 8819.0
821.0 4584.0
121.0 1056.0
8502.0 9616.0
295.0 4599.0
4027.0 2363.0
7919.0 8813.0
7231.0 463.0
8653.0 2572.0
7519.0 5451.0
786.0 6658.0
2447.0 2459.0
8303.0 6671.0
3915.0 8814.0
2903.0 6343.0
2784.0 7667.0
2043.0 3645.0
5235.0 5292.0
2578.0 4557.0
6706.0 3177.0
2060.0 1890.0
1700.0 8547.0
2274.0 9049.0
314.0 9458.0
2082.0 1104.0
4788.0 3073.0
9136.0 8066.0
1905.0 8284.0
2538.0 7753.0
9555.0 6281.0
1024.0 8107.0
8294.0 5227.0
3719.0 1372.0
1205.0 7653.0
3064.0 5001.0
7892.0 1720.0
1955.0 6673.0
922.0 9967.0
9693.0 3312.0
5538.0 1695.0
3792.0 6481.0
5960.0 7595.0
7226.0 9049.0
4098.0 7785.0
3187.0 487.0
8992.0 6861.0
1919.0 712.0
7810.0 2103.0
6701.0 4823.0
1711.0 3483.0
8548.0 3648.0
2399.0 6584.0
1703.0 7455.0
7696.0 2079.0
4489.0 2731.0
6938.0 7903.0
2585.0 4400.0
9532.0 2738.0
4312.0 8365.0
2478.0 1961.0
9980.0 1761.0
5190.0 9671.0
9881.0 799.0
2426.0 2943.0
7993.0 8581.0
8657.0 6928.0
959.0 7772.0
9686.0 1943.0
4432.0 5518.0
9840.0 6180.0
1323.0 474.0
5560.0 162.0
9058.0 4347.0
8708.0 1585.0
5387.0 2824.0
5401.0 1677.0
4832.0 3269.0
8710.0 6707.0
333.0 9074.0
6027.0 776.0
7174.0 3051.0
4436.0 8520.0
8748.0 4733.0
9893.0 8869.0
6235.0 8986.0
8548.0 3476.0
6772.0 5803.0
1020.0 5967.0
7166.0 3664.0
2957.0 638.0
2748.0 1347.0
7683.0 1727.0
3406.0 5575.0
9271.0 6898.0
1391.0 4373.0
6853.0 1075.0
7966.0 8527.0
3488.0 9248.0
8448.0 6030.0
5405.0 9394.0
7736.0 6880.0
9954.0 9137.0
883.0 8139.0
3071.0 2285.0
5785.0 1609.0
9581.0 3883.0
7558.0 9032.0
2166.0 4895.0
6676.0 2179.0
7313.0 172.0
5429.0 7719.0
9060.0 5820.0
9789.0 9250.0
3863.0 4612.0
6241.0 1371.0
2412.0 572.0
5651.0 3190.0

1469.0 5927.0
7160.0 9689.0
9035.0 5196.0
5650.0 2874.0
3746.0 7041.0
7683.0 5846.0
5380.0 6054.0
4409.0 6314.0
3776.0 1235.0
5305.0 6594.0
3495.0 2757.0
4266.0 9572.0
1175.0 842.0
2174.0 779.0
1399.0 7872.0
8117.0 3935.0
9368.0 7354.0
3749.0 9890.0
1225.0 5913.0
7913.0 1298.0
5364.0 6890.0
1057.0 7949.0
486.0 6734.0
1551.0 103.0
8799.0 7765.0
8442.0 9747.0
5115.0 3499.0
7750.0 2113.0
5215.0 5105.0
1835.0 2389.0
9267.0 200.0
3950.0 4975.0
8630.0 7535.0
2513.0 5165.0
6875.0 3773.0
2200.0 5647.0
8329.0 953.0
1392.0 2726.0
9955.0 5774.0
8084.0 9599.0
4931.0 4360.0
8803.0 6611.0
8677.0 8606.0
7620.0 865.0
727.0 2762.0
4796.0 53.0
8199.0 1358.0
7189.0 7907.0
9245.0 2150.0
4930.0 1145.0
7244.0 165.0
1472.0 301.0
9100.0 1536.0
6591.0 9302.0
3450.0 8186.0
4379.0 1227.0
7090.0 7080.0
815.0 49.0
470.0 108.0
8005.0 818.0
5546.0 3266.0
4605.0 3131.0
1826.0 6258.0
4574.0 5277.0
8943.0 6161.0
8760.0 8943.0
6533.0 1264.0
6419.0 6864.0
4788.0 3745.0
6237.0 8287.0
1471.0 2288.0
8928.0 9667.0
3726.0 8303.0
5972.0 429.0
5507.0 1839.0
1547.0 6215.0
3936.0 5891.0
7266.0 4498.0
407.0 142.0
1747.0 9905.0
4782.0 7875.0
9624.0 9199.0
3463.0 2091.0
7027.0 8239.0
4701.0 9545.0
3148.0 5839.0
6913.0 3771.0
9916.0 1898.0
8378.0 779.0
4401.0 9681.0
9096.0 3528.0
972.0 4630.0
8149.0 3804.0
2808.0 4614.0
2376.0 2653.0
4815.0 8952.0
4685.0 3002.0
2545.0 6150.0
2821.0 588.0
4144.0 2679.0
1921.0 1819.0
4947.0 7729.0
6645.0 9739.0
6764.0 1275.0
1254.0 1695.0
6416.0 5365.0
8397.0 4840.0
635.0 1015.0
9982.0 8122.0
6842.0 5579.0
5912.0 1888.0
1919.0 7980.0
9019.0 8724.0
3528.0 1691.0
7028.0 1666.0
1031.0 7858.0
4854.0 8434.0
5628.0 3407.0
3053.0 2803.0
1716.0 1584.0
774.0 6738.0
4098.0 4731.0
3986.0 9450.0
8098.0 1774.0
2347.0 1981.0
2125.0 5203.0
504.0 8475.0
4786.0 5012.0
2157.0 7744.0
1107.0 9448.0
7707.0 1274.0
4940.0 4926.0
8801.0 6306.0
7109.0 59.0
5613.0 5120.0
1381.0 1105.0
5146.0 4157.0
2838.0 8787.0
1417.0 9102.0
5685.0 8825.0
826.0 4588.0
126.0 1062.0
8507.0 9621.0
300.0 4604.0
4033.0 2367.0
7924.0 8817.0
7236.0 469.0
8658.0 2576.0
7524.0 5456.0
791.0 6664.0
2453.0 2464.0
8308.0 6675.0
3919.0 8818.0
2908.0 6347.0
2789.0 7672.0
2048.0 3650.0
5240.0 5297.0
2584.0 4562.0
6712.0 3181.0
2064.0 1894.0
1705.0 8552.0
2278.0 9054.0
319.0 9464.0
2088.0 1110.0
4793.0 3078.0
9142.0 8071.0
1910.0 8289.0
2544.0 7759.0
9559.0 6286.0
1029.0 8112.0
8300.0 5231.0
3725.0 1378.0
1210.0 7657.0
3069.0 5007.0
7897.0 1725.0
1961.0 6677.0
928.0 9972.0
9698.0 3317.0
5544.0 1700.0
3797.0 6487.0
5964.0 7600.0
7230.0 9055.0
4103.0 7791.0
3193.0 493.0
8997.0 6866.0
1924.0 716.0
7814.0 2108.0
6707.0 4828.0
1717.0 3487.0
8552.0 3653.0
2404.0 6589.0
1707.0 7460.0
7701.0 2084.0
4493.0 2735.0
6942.0 7908.0
2591.0 4404.0
9538.0 2743.0
4317.0 8369.0
2484.0 1967.0
9985.0 1767.0
5196.0 9677.0
9887.0 805.0
2431.0 2948.0
7997.0 8587.0
8663.0 6934.0
964.0 7778.0
9690.0 1949.0
4437.0 5522.0
9844.0 6184.0
1327.0 479.0
5565.0 167.0
9063.0 4352.0
8714.0 1590.0
5391.0 2829.0
5405.0 1682.0
4838.0 3274.0
8715.0 6711.0
339.0 9079.0
6032.0 782.0
7178.0 3057.0
4441.0 8525.0
8753.0 4738.0
9897.0 8874.0
6240.0 8991.0
8553.0 3481.0
6778.0 5808.0
1024.0 5971.0
7170.0 3668.0
2963.0 642.0
2753.0 1353.0
7688.0 1732.0
3411.0 5581.0
9276.0 6902.0
1396.0 4379.0
6857.0 1080.0
7972.0 8532.0
3493.0 9252.0
8453.0 6034.0
5411.0 9400.0
7742.0 6885.0
9960.0 9142.0
887.0 8144.0
3077.0 2290.0
5791.0 1613.0
9586.0 3888.0
7564.0 9037.0
2170.0 4899.0
6681.0 2184.0
7318.0 176.0
5434.0 7724.0
9065.0 5825.0
9794.0 9255.0
3867.0 4616.0
6246.0 1376.0
2416.0 577.0
5656.0 3196.0
