1
256 1 3.0 0.0 1000.0 3 160 240 100

6.5 13.5 29.3 58.5
13.0 27.0 58.5 117.0
19.5 40.5 87.8 175.5
26.0 54.0 117.0 234.0
39.0 81.0 175.5 351.0
52.0 108.0 234.0 468.0
58.5 121.5 263.3 526.5
65.0 135.0 292.5 585.0
78.0 162.0 351.0 702.0
0.0 180.0 390.0 780.0

2.0 5.0 8.0 11.0
5.0 8.0 11.0 14.0
9.0 12.0 15.0 18.0
11.0 14.0 17.0 20.0
15.0 18.0 21.0 24.0
18.0 21.0 24.0 27.0
20.0 23.0 26.0 29.0
25.0 28.0 31.0 34.0
29.0 32.0 35.0 38.0
0.0 34.0 37.0 40.0

3543.0 1937.0
4443.0 6548.0
5145.0 5198.0
4871.0 8220.0
1997.0 8462.0
3416.0 5066.0
3547.0 238.0
6621.0 2600.0
7785.0 9507.0
6914.0 8577.0
4039.0 5613.0
6799.0 2070.0
8449.0 265.0
9580.0 8672.0
7960.0 2766.0
8682.0 9170.0
1120.0 2115.0
152.0 1606.0
6537.0 2114.0
5392.0 9081.0
2297.0 8099.0
3716.0 8207.0
2162.0 6449.0
6776.0 5568.0
6882.0 483.0
9457.0 2099.0
1430.0 8898.0
4283.0 7739.0
1476.0 5372.0
8923.0 1256.0
4939.0 456.0
8862.0 2629.0
6921.0 9409.0
9800.0 7859.0
8843.0 2087.0
6862.0 8601.0
5117.0 3536.0
184.0 1493.0
3161.0 6405.0
8936.0 4572.0
5082.0 8830.0
8372.0 651.0
1851.0 3910.0
6958.0 51.0
3279.0 9406.0
3158.0 7560.0
9635.0 8809.0
3949.0 1007.0
3197.0 7391.0
9631.0 1334.0
586.0 9396.0
2005.0 6549.0
9187.0 4971.0
5489.0 4439.0
3472.0 8010.0
3238.0 1432.0
9566.0 8505.0
2853.0 7485.0
8854.0 5561.0
8721.0 9383.0
3965.0 9709.0
596.0 7334.0
2947.0 5624.0
445.0 2240.0
9948.0 8916.0
2176.0 3528.0
3238.0 3103.0
1280.0 9923.0
3878.0 5401.0
3977.0 8044.0
860.0 2474.0
7943.0 6215.0
1047.0 9772.0
9158.0 3359.0
4720.0 584.0
1983.0 5371.0
62.0 3446.0
2008.0 3844.0
2396.0 9035.0
3758.0 4540.0
6493.0 180.0
7815.0 5474.0
2781.0 1125.0
4437.0 7014.0
767.0 4678.0
3237.0 8859.0
5490.0 8371.0
996.0 1294.0
5335.0 3274.0
2179.0 596.0
2021.0 1593.0
9227.0 975.0
6086.0 1675.0
2188.0 7940.0
3683.0 1574.0
9762.0 457.0
3024.0 4783.0
6341.0 1800.0
1268.0 4290.0
2089.0 1467.0
5198.0 3579.0
5656.0 3046.0
1490.0 5705.0
1590.0 5412.0
4899.0 4088.0
7001.0 7145.0
5185.0 1145.0
4581.0 6542.0
6101.0 3405.0
1512.0 2115.0
2255.0 4233.0
6361.0 944.0
2174.0 7794.0
8520.0 4795.0
8387.0 401.0
7264.0 6346.0
7847.0 7861.0
9992.0 443.0
8516.0 9972.0
1730.0 7746.0
427.0 5790.0
465.0 649.0
2051.0 5806.0
5370.0 3867.0
5282.0 9659.0
7504.0 4565.0
4864.0 525.0
5050.0 9418.0
580.0 9815.0
7658.0 8468.0
3025.0 8302.0
6976.0 8191.0
6280.0 2330.0
2925.0 8626.0
3308.0 6221.0
7793.0 1968.0
2392.0 4520.0
2728.0 2501.0
5442.0 212.0
3683.0 253.0
1480.0 7538.0
6397.0 3260.0
1132.0 551.0
2479.0 5820.0
441.0 1036.0
1158.0 2613.0
4828.0 1934.0
3783.0 1087.0
6521.0 4898.0
630.0 6969.0
1259.0 3116.0
2094.0 308.0
2611.0 3039.0
8832.0 1912.0
4719.0 1128.0
7938.0 2580.0
6781.0 4284.0
4696.0 9998.0
5113.0 5058.0
2016.0 683.0
1083.0 5307.0
2087.0 6873.0
5765.0 4405.0
7350.0 723.0
4610.0 649.0
333.0 710.0
7976.0 7003.0
4442.0 7614.0
5813.0 4796.0
260.0 9969.0
7347.0 1516.0
4439.0 1363.0
9070.0 1338.0
739.0 4469.0
6854.0 9502.0
5307.0 9189.0
524.0 4193.0
737.0 4796.0
1687.0 2046.0
6012.0 8455.0
8167.0 5901.0
1875.0 5012.0
838.0 5967.0
3710.0 5419.0
1192.0 7990.0
6502.0 3700.0
458.0 4595.0
8942.0 4814.0
3593.0 8410.0
6262.0 8324.0
3962.0 8113.0
3840.0 5237.0
7032.0 1041.0
6185.0 7905.0
3896.0 8477.0
8338.0 5368.0
7956.0 2269.0
9277.0 9023.0
566.0 3897.0
9394.0 6002.0
3981.0 9631.0
6614.0 138.0
2413.0 7901.0
8219.0 2907.0
4521.0 7533.0
7957.0 9229.0
3159.0 7957.0
508.0 5500.0
690.0 5039.0
7860.0 9757.0
703.0 8669.0
4690.0 6340.0
9445.0 723.0
2296.0 9945.0
2778.0 4550.0
3174.0 6447.0
7005.0 9602.0
787.0 379.0
4362.0 7355.0
1614.0 1440.0
6512.0 7134.0
9042.0 4932.0
1851.0 2994.0
1170.0 3490.0
4958.0 5282.0
7102.0 4.0
8990.0 3006.0
8788.0 4103.0
4370.0 5657.0
7997.0 7088.0
9558.0 5609.0
480.0 2710.0
2249.0 4725.0
1903.0 3648.0
1811.0 1321.0
2614.0 6094.0
6270.0 6089.0
816.0 7325.0
9689.0 8149.0
6217.0 3622.0
8237.0 4833.0
8727.0 8460.0
5776.0 1348.0
9274.0 3306.0
2298.0 8948.0
2307.0 5941.0
1013.0 2750.0
2050.0 3680.0
2420.0 2820.0
7100.0 1361.0
6181.0 4669.0
405.0 6503.0
4114.0 7790.0
4226.0 6505.0
130.0 3365.0
2128.0 5275.0

3548.0 1941.0
4448.0 6552.0
5150.0 5202.0
4875.0 8225.0
2002.0 8467.0
3421.0 5071.0
3551.0 244.0
6626.0 2605.0
7790.0 9511.0
6919.0 8582.0
4044.0 5618.0
6803.0 2074.0
8454.0 269.0
9585.0 8677.0
7965.0 2772.0
8686.0 9175.0
1125.0 2120.0
157.0 1611.0
6541.0 2119.0
5397.0 9087.0
2301.0 8104.0
3720.0 8213.0
2167.0 6455.0
6782.0 5574.0
6888.0 488.0
9461.0 2103.0
1435.0 8904.0
4289.0 7744.0
1481.0 5377.0
8927.0 1261.0
4944.0 461.0
8866.0 2634.0
6926.0 9413.0
9805.0 7863.0
8847.0 2092.0
6867.0 8605.0
5123.0 3542.0
189.0 1498.0
3166.0 6409.0
8942.0 4578.0
5088.0 8835.0
8377.0 657.0
1857.0 3916.0
6962.0 57.0
3283.0 9411.0
3163.0 7565.0
9641.0 8814.0
3954.0 1012.0
3202.0 7395.0
9636.0 1338.0
591.0 9401.0
2011.0 6554.0
9193.0 4976.0
5493.0 4444.0
3478.0 8016.0
3244.0 1437.0
9572.0 8510.0
2858.0 7490.0
8859.0 5566.0
8726.0 9387.0
3970.0 9714.0
601.0 7338.0
2953.0 5629.0
450.0 2246.0
9952.0 8922.0
2181.0 3533.0
3243.0 3109.0
1286.0 9928.0
3883.0 5407.0
3982.0 8050.0
866.0 2478.0
7947.0 6220.0
1052.0 9776.0
9163.0 3365.0
4725.0 588.0
1988.0 5376.0
67.0 3451.0
2012.0 3848.0
2402.0 9040.0
3763.0 4545.0
6497.0 185.0
7819.0 5479.0
2786.0 1130.0
4442.0 7019.0
772.0 4683.0
3241.0 8863.0
5496.0 8376.0
1001.0 1299.0
5341.0 3280.0
2184.0 600.0
2026.0 1599.0
9233.0 981.0
6091.0 1680.0
2194.0 7945.0
3687.0 1580.0
9768.0 463.0
3029.0 4787.0
6346.0 1804.0
1273.0 4295.0
2093.0 1471.0
5203.0 3584.0
5660.0 3050.0
1495.0 5711.0
1595.0 5417.0
4904.0 4093.0
7007.0 7151.0
5189.0 1150.0
4587.0 6547.0
6106.0 3409.0
1518.0 2120.0
2261.0 4238.0
6366.0 949.0
2179.0 7799.0
8524.0 4800.0
8392.0 405.0
7269.0 6350.0
7851.0 7866.0
9996.0 449.0
8521.0 9976.0
1734.0 7751.0
431.0 5796.0
470.0 654.0
2055.0 5811.0
5375.0 3872.0
5288.0 9664.0
7510.0 4569.0
4869.0 531.0
5054.0 9422.0
586.0 9819.0
7664.0 8474.0
3029.0 8307.0
6980.0 8197.0
6285.0 2335.0
2930.0 8630.0
3313.0 6227.0
7798.0 1973.0
2397.0 4525.0
2734.0 2506.0
5447.0 218.0
3688.0 259.0
1485.0 7543.0
6403.0 3264.0
1138.0 556.0
2484.0 5825.0
446.0 1042.0
1162.0 2617.0
4832.0 1938.0
3789.0 1091.0
6526.0 4903.0
635.0 6974.0
1265.0 3121.0
2099.0 312.0
2615.0 3045.0
8837.0 1916.0
4723.0 1132.0
7942.0 2585.0
6786.0 4290.0
4702.0 10003.0
5117.0 5063.0
2021.0 688.0
1087.0 5312.0
2093.0 6878.0
5770.0 4409.0
7355.0 728.0
4614.0 654.0
338.0 715.0
7981.0 7008.0
4448.0 7620.0
5818.0 4801.0
265.0 9974.0
7352.0 1521.0
4444.0 1368.0
9074.0 1344.0
744.0 4473.0
6859.0 9508.0
5312.0 9194.0
528.0 4197.0
743.0 4801.0
1693.0 2051.0
6017.0 8460.0
8172.0 5906.0
1881.0 5017.0
842.0 5972.0
3715.0 5423.0
1197.0 7994.0
6507.0 3705.0
463.0 4600.0
8947.0 4819.0
3598.0 8416.0
6266.0 8329.0
3968.0 8118.0
3844.0 5243.0
7037.0 1045.0
6190.0 7911.0
3901.0 8481.0
8343.0 5373.0
7961.0 2275.0
9282.0 9029.0
571.0 3902.0
9399.0 6008.0
3987.0 9636.0
6619.0 143.0
2417.0 7905.0
8223.0 2911.0
4526.0 7538.0
7962.0 9233.0
3164.0 7962.0
513.0 5505.0
696.0 5044.0
7865.0 9762.0
709.0 8675.0
4695.0 6346.0
9450.0 728.0
2301.0 9951.0
2783.0 4556.0
3180.0 6453.0
7009.0 9606.0
793.0 383.0
4367.0 7360.0
1619.0 1446.0
6516.0 7139.0
9046.0 4937.0
1856.0 2998.0
1174.0 3495.0
4964.0 5287.0
7107.0 9.0
8995.0 3010.0
8792.0 4109.0
4375.0 5662.0
8001.0 7093.0
9563.0 5614.0
486.0 2716.0
2254.0 4731.0
1908.0 3654.0
1815.0 1326.0
2619.0 6098.0
6275.0 6094.0
820.0 7330.0
9695.0 8154.0
6222.0 3627.0
8242.0 4838.0
8732.0 8465.0
5780.0 1353.0
9278.0 3312.0
2303.0 8953.0
2312.0 5945.0
1017.0 2755.0
2054.0 3686.0
2426.0 2826.0
7105.0 1366.0
6185.0 4675.0
409.0 6508.0
4119.0 7794.0
4231.0 6509.0
134.0 3369.0
2134.0 5280.0
