1
256 1 3.0 0.0 1000.0 3 160 240 100

6.5 13.5 29.3 58.5
13.0 27.0 58.5 117.0
19.5 40.5 87.8 175.5
26.0 54.0 117.0 234.0
39.0 81.0 175.5 351.0
52.0 108.0 234.0 468.0
58.5 121.5 263.3 526.5
65.0 135.0 292.5 585.0
78.0 162.0 351.0 702.0
0.0 180.0 390.0 780.0

2.0 5.0 8.0 11.0
5.0 8.0 11.0 14.0
9.0 12.0 15.0 18.0
11.0 14.0 17.0 20.0
15.0 18.0 21.0 24.0
18.0 21.0 24.0 27.0
20.0 23.0 26.0 29.0
25.0 28.0 31.0 34.0
29.0 32.0 35.0 38.0
0.0 34.0 37.0 40.0

3677.0 4124.0
3611.0 3127.0
6048.0 5913.0
1923.0 6103.0
4923.0 965.0
4485.0 7120.0
6311.0 7753.0
6570.0 7426.0
7793.0 9360.0
2877.0 7965.0
8588.0 6258.0
1488.0 3850.0
7295.0 6200.0
9358.0 9951.0
3143.0 2346.0
1402.0 4961.0
9063.0 3252.0
7758.0 3847.0
7408.0 862.0
6291.0 1049.0
1634.0 5139.0
9911.0 9313.0
9769.0 6458.0
769.0 1556.0
7986.0 9397.0
5914.0 5623.0
5102.0 4067.0
1465.0 4335.0
1324.0 3597.0
4885.0 5710.0
7066.0 8929.0
7414.0 729.0
138.0 4535.0
1238.0 8540.0
2163.0 1199.0
8463.0 1479.0
7503.0 4499.0
1462.0 4793.0
547.0 116.0
6673.0 8443.0
9654.0 9604.0
6405.0 875.0
8595.0 2754.0
5738.0 7140.0
8801.0 5193.0
4071.0 6245.0
8234.0 2330.0
3406.0 5115.0
5217.0 3313.0
7921.0 9060.0
8025.0 1093.0
1913.0 1117.0
3574.0 7262.0
5683.0 5151.0
1011.0 2776.0
1419.0 112.0
8542.0 8202.0
3670.0 5307.0
4312.0 9625.0
1457.0 9098.0
4644.0 8844.0
1608.0 5883.0
5488.0 8992.0
5385.0 8758.0
5366.0 9207.0
2965.0 7736.0
657.0 4502.0
2853.0 5917.0
6532.0 9442.0
5797.0 8469.0
9365.0 6789.0
5270.0 1833.0
8930.0 4726.0
9096.0 3005.0
1221.0 8804.0
9282.0 1300.0
5197.0 7237.0
9642.0 7474.0
9288.0 690.0
3259.0 7576.0
5967.0 181.0
4377.0 1430.0
5229.0 9232.0
1787.0 8124.0
270.0 8909.0
3270.0 3377.0
1214.0 6872.0
3174.0 6186.0
5191.0 4085.0
7700.0 4621.0
3585.0 5297.0
4953.0 3162.0
9790.0 1944.0
9344.0 6446.0
3273.0 8600.0
2404.0 6824.0
8278.0 6604.0
4577.0 5601.0
7983.0 1006.0
5077.0 339.0
7445.0 9456.0
9366.0 3117.0
1127.0 4172.0
6325.0 7118.0
3357.0 624.0
9694.0 1437.0
2519.0 9056.0
845.0 6484.0
2302.0 7493.0
2469.0 4871.0
5831.0 7355.0
5226.0 5161.0
996.0 5312.0
1958.0 8367.0
7799.0 7519.0
6505.0 9580.0
1047.0 4860.0
6719.0 9608.0
4196.0 327.0
3731.0 4013.0
2683.0 2186.0
2045.0 9424.0
7555.0 9038.0
7538.0 9517.0
2723.0 5425.0
2916.0 5528.0
1652.0 9113.0
2723.0 8706.0
1820.0 3673.0
2452.0 4568.0
7752.0 2507.0
8835.0 1343.0
5959.0 2942.0
888.0 7504.0
7604.0 1528.0
3770.0 5746.0
7205.0 4178.0
41.0 3306.0
8203.0 7270.0
5372.0 1019.0
8716.0 8358.0
8295.0 5964.0
3299.0 7615.0
6047.0 5109.0
9017.0 3647.0
1091.0 9828.0
6677.0 9805.0
5379.0 3668.0
517.0 9633.0
1924.0 8262.0
2182.0 2584.0
5759.0 4751.0
7305.0 3631.0
8847.0 623.0
5513.0 2913.0
6017.0 4326.0
7184.0 4051.0
1488.0 2558.0
2764.0 2252.0
8066.0 7606.0
2975.0 5850.0
3568.0 4618.0
731.0 7412.0
1552.0 1199.0
8076.0 3036.0
5929.0 4198.0
3976.0 981.0
1509.0 1085.0
1275.0 3259.0
5074.0 5794.0
3642.0 6320.0
4029.0 1407.0
5825.0 9465.0
2211.0 4583.0
3035.0 2122.0
4930.0 9085.0
7778.0 3614.0
7800.0 8319.0
4959.0 1551.0
6443.0 9246.0
8571.0 7484.0
6622.0 2554.0
5805.0 948.0
6896.0 6484.0
6876.0 5531.0
8339.0 4175.0
1410.0 3101.0
8416.0 6930.0
4701.0 4824.0
8574.0 8266.0
9657.0 98.0
7628.0 6148.0
2758.0 7054.0
5494.0 3283.0
4848.0 737.0
4370.0 7850.0
80.0 7610.0
6900.0 9562.0
8829.0 7516.0
3417.0 8431.0
2903.0 6722.0
2827.0 6130.0
3866.0 8188.0
4201.0 2323.0
7796.0 7682.0
8651.0 854.0
2292.0 6888.0
3554.0 3175.0
4062.0 7128.0
3705.0 8897.0
7901.0 9832.0
6450.0 5845.0
386.0 2403.0
399.0 4500.0
4106.0 584.0
9753.0 4216.0
747.0 985.0
8852.0 1085.0
3852.0 9891.0
3982.0 9839.0
4582.0 6980.0
2033.0 4677.0
6286.0 5096.0
8072.0 6383.0
6215.0 9695.0
6399.0 5644.0
5188.0 4114.0
2155.0 4916.0
8539.0 9274.0
3058.0 3761.0
4159.0 8979.0
3338.0 5001.0
5957.0 4408.0
4426.0 1595.0
3562.0 3968.0
9496.0 6616.0
1579.0 7115.0
1397.0 1205.0
4229.0 3288.0
6071.0 7892.0
3682.0 9588.0
6019.0 9166.0
2918.0 3333.0
876.0 3669.0
6421.0 8117.0
4683.0 4913.0
4535.0 4519.0
1911.0 9879.0
9804.0 9078.0
6813.0 7407.0
6107.0 7683.0
3182.0 8741.0
3920.0 1995.0
4067.0 5117.0
7516.0 50.0
3535.0 9785.0

3682.0 4129.0
3616.0 3131.0
6053.0 5918.0
1928.0 6108.0
4929.0 971.0
4491.0 7126.0
6316.0 7759.0
6575.0 7432.0
7798.0 9364.0
2881.0 7970.0
8592.0 6263.0
1493.0 3856.0
7301.0 6205.0
9364.0 9955.0
3149.0 2350.0
1407.0 4967.0
9067.0 3258.0
7764.0 3853.0
7412.0 867.0
6296.0 1053.0
1640.0 5144.0
9916.0 9318.0
9774.0 6462.0
774.0 1561.0
7990.0 9402.0
5919.0 5628.0
5108.0 4072.0
1470.0 4340.0
1330.0 3602.0
4891.0 5714.0
7070.0 8934.0
7420.0 733.0
144.0 4540.0
1242.0 8545.0
2169.0 1204.0
8469.0 1484.0
7509.0 4504.0
1467.0 4798.0
552.0 121.0
6678.0 8449.0
9658.0 9609.0
6410.0 881.0
8599.0 2760.0
5742.0 7145.0
8806.0 5198.0
4077.0 6249.0
8238.0 2335.0
3412.0 5121.0
5222.0 3319.0
7926.0 9066.0
8031.0 1098.0
1918.0 1122.0
3579.0 7267.0
5687.0 5155.0
1016.0 2781.0
1424.0 118.0
8548.0 8206.0
3675.0 5313.0
4318.0 9630.0
1461.0 9103.0
4648.0 8849.0
1613.0 5888.0
5492.0 8996.0
5389.0 8763.0
5371.0 9212.0
2971.0 7741.0
663.0 4507.0
2858.0 5923.0
6536.0 9448.0
5802.0 8474.0
9370.0 6795.0
5275.0 1839.0
8936.0 4732.0
9102.0 3010.0
1226.0 8809.0
9287.0 1305.0
5202.0 7242.0
9647.0 7478.0
9294.0 695.0
3265.0 7580.0
5972.0 185.0
4381.0 1435.0
5233.0 9238.0
1792.0 8130.0
276.0 8913.0
3275.0 3381.0
1219.0 6877.0
3179.0 6191.0
5197.0 4091.0
7705.0 4625.0
3590.0 5303.0
4957.0 3166.0
9795.0 1948.0
9349.0 6451.0
3278.0 8606.0
2408.0 6830.0
8284.0 6609.0
4582.0 5607.0
7988.0 1010.0
5082.0 344.0
7451.0 9462.0
9371.0 3121.0
1131.0 4178.0
6330.0 7123.0
3363.0 629.0
9699.0 1443.0
2525.0 9061.0
850.0 6490.0
2306.0 7499.0
2475.0 4876.0
5835.0 7360.0
5231.0 5167.0
1001.0 5318.0
1962.0 8371.0
7804.0 7524.0
6510.0 9585.0
1052.0 4865.0
6723.0 9614.0
4200.0 332.0
3735.0 4018.0
2689.0 2191.0
2050.0 9429.0
7561.0 9044.0
7543.0 9523.0
2727.0 5431.0
2920.0 5533.0
1656.0 9118.0
2728.0 8710.0
1824.0 3679.0
2456.0 4573.0
7757.0 2512.0
8841.0 1349.0
5964.0 2947.0
893.0 7509.0
7608.0 1532.0
3774.0 5750.0
7209.0 4183.0
46.0 3311.0
8208.0 7274.0
5376.0 1025.0
8721.0 8363.0
8300.0 5969.0
3304.0 7620.0
6051.0 5115.0
9023.0 3653.0
1096.0 9833.0
6681.0 9809.0
5383.0 3673.0
522.0 9638.0
1928.0 8268.0
2187.0 2590.0
5765.0 4756.0
7310.0 3635.0
8853.0 629.0
5519.0 2919.0
6022.0 4331.0
7189.0 4055.0
1494.0 2563.0
2770.0 2256.0
8070.0 7611.0
2981.0 5856.0
3573.0 4624.0
736.0 7417.0
1557.0 1204.0
8081.0 3042.0
5934.0 4203.0
3982.0 987.0
1514.0 1090.0
1281.0 3265.0
5080.0 5800.0
3648.0 6324.0
4033.0 1413.0
5830.0 9469.0
2217.0 4588.0
3040.0 2128.0
4934.0 9091.0
7783.0 3619.0
7805.0 8324.0
4965.0 1556.0
6448.0 9251.0
8575.0 7488.0
6627.0 2559.0
5809.0 953.0
6901.0 6490.0
6882.0 5536.0
8344.0 4180.0
1416.0 3106.0
8420.0 6935.0
4707.0 4829.0
8580.0 8271.0
9662.0 103.0
7633.0 6153.0
2764.0 7059.0
5500.0 3288.0
4853.0 743.0
4374.0 7856.0
85.0 7615.0
6905.0 9567.0
8835.0 7521.0
3422.0 8435.0
2907.0 6728.0
2831.0 6135.0
3872.0 8194.0
4207.0 2328.0
7800.0 7687.0
8655.0 859.0
2297.0 6892.0
3559.0 3179.0
4067.0 7133.0
3711.0 8901.0
7905.0 9838.0
6455.0 5850.0
391.0 2409.0
404.0 4505.0
4111.0 589.0
9758.0 4222.0
752.0 989.0
8857.0 1090.0
3857.0 9896.0
3987.0 9843.0
4588.0 6984.0
2037.0 4681.0
6291.0 5101.0
8077.0 6387.0
6220.0 9700.0
6403.0 5650.0
5193.0 4118.0
2160.0 4921.0
8544.0 9278.0
3064.0 3765.0
4165.0 8985.0
3343.0 5007.0
5962.0 4413.0
4430.0 1599.0
3566.0 3973.0
9502.0 6621.0
1583.0 7119.0
1402.0 1211.0
4234.0 3292.0
6076.0 7896.0
3686.0 9592.0
6024.0 9170.0
2923.0 3339.0
881.0 3674.0
6426.0 8121.0
4687.0 4917.0
4540.0 4524.0
1915.0 9885.0
9810.0 9083.0
6818.0 7412.0
6111.0 7688.0
3187.0 8746.0
3925.0 2000.0
4072.0 5122.0
7521.0 54.0
3541.0 9789.0
