1
256 1 3.0 0.0 1000.0 3 160 240 100

6.5 13.5 29.3 58.5
13.0 27.0 58.5 117.0
19.5 40.5 87.8 175.5
26.0 54.0 117.0 234.0
39.0 81.0 175.5 351.0
52.0 108.0 234.0 468.0
58.5 121.5 263.3 526.5
65.0 135.0 292.5 585.0
78.0 162.0 351.0 702.0
0.0 180.0 390.0 780.0

2.0 5.0 8.0 11.0
5.0 8.0 11.0 14.0
9.0 12.0 15.0 18.0
11.0 14.0 17.0 20.0
15.0 18.0 21.0 24.0
18.0 21.0 24.0 27.0
20.0 23.0 26.0 29.0
25.0 28.0 31.0 34.0
29.0 32.0 35.0 38.0
0.0 34.0 37.0 40.0

8555.0 5990.0
1198.0 533.0
9702.0 398.0
8163.0 7542.0
836.0 8034.0
4021.0 7367.0
4299.0 4242.0
1778.0 1385.0
8857.0 819.0
3438.0 8802.0
457.0 2631.0
7164.0 7458.0
5678.0 6326.0
968.0 742.0
3685.0 2288.0
5003.0 7987.0
5002.0 3458.0
7030.0 8249.0
7936.0 7155.0
8125.0 9830.0
5958.0 8530.0
8195.0 450.0
1881.0 6790.0
3387.0 5424.0
7131.0 7818.0
9938.0 3761.0
6953.0 9328.0
1559.0 4538.0
4857.0 7183.0
9903.0 8439.0
2137.0 4014.0
210.0 1862.0
771.0 3764.0
6673.0 3442.0
531.0 8305.0
4616.0 5407.0
3620.0 4742.0
9048.0 4623.0
2655.0 4550.0
1661.0 728.0
323.0 8174.0
837.0 1233.0
1519.0 1225.0
1756.0 5966.0
1299.0 899.0
6144.0 5753.0
4454.0 3757.0
3762.0 2712.0
5046.0 8508.0
178.0 2042.0
6697.0 9902.0
7920.0 7693.0
6983.0 2395.0
558.0 6802.0
1731.0 4702.0
1794.0 270.0
7546.0 8869.0
4134.0 9372.0
3392.0 12.0
4210.0 771.0
4542.0 5339.0
4312.0 4835.0
4721.0 3595.0
2219.0 4625.0
4762.0 8570.0
3885.0 5447.0
8588.0 2787.0
6055.0 7338.0
9854.0 14.0
8379.0 5390.0
5059.0 7734.0
7105.0 5270.0
1449.0 3198.0
4899.0 3839.0
536.0 9199.0
3890.0 7242.0
549.0 8198.0
1486.0 1354.0
3641.0 5939.0
1048.0 1966.0
6169.0 8175.0
1983.0 4593.0
2868.0 6653.0
6330.0 6287.0
8242.0 2978.0
1408.0 4340.0
987.0 1497.0
599.0 9251.0
9775.0 4828.0
6831.0 1858.0
1207.0 8175.0
5841.0 6992.0
3269.0 1061.0
8769.0 8562.0
99.0 7597.0
6182.0 3437.0
6395.0 8949.0
8073.0 4010.0
2276.0 4105.0
6915.0 1837.0
1925.0 7591.0
3341.0 7216.0
1827.0 5273.0
6527.0 2111.0
6925.0 1864.0
3824.0 6282.0
5514.0 6278.0
6745.0 9019.0
6200.0 3463.0
2845.0 1354.0
2725.0 3839.0
5583.0 6143.0
5007.0 3991.0
6731.0 5890.0
7184.0 4725.0
8398.0 702.0
6013.0 5138.0
4244.0 1259.0
5417.0 3834.0
1952.0 4179.0
5522.0 911.0
1526.0 9656.0
6984.0 6850.0
6488.0 3770.0
3951.0 6955.0
7547.0 330.0
1456.0 2457.0
805.0 9652.0
5572.0 1928.0
5070.0 4143.0
7161.0 9132.0
5351.0 3077.0
2505.0 5951.0
2107.0 1447.0
6683.0 1508.0
8311.0 278.0
7972.0 1134.0
8905.0 8275.0
4120.0 1304.0
9718.0 7202.0
3806.0 9167.0
5418.0 5860.0
9096.0 7827.0
8558.0 60.0
7226.0 978.0
4302.0 8468.0
2537.0 3047.0
7890.0 6699.0
1859.0 3471.0
4413.0 4557.0
9201.0 6236.0
2976.0 3790.0
8026.0 8324.0
9810.0 6252.0
1968.0 3182.0
7410.0 4847.0
7284.0 7866.0
9268.0 2145.0
2883.0 4974.0
2265.0 4051.0
6228.0 3018.0
1303.0 8406.0
5963.0 1354.0
3240.0 908.0
4549.0 8308.0
9696.0 3228.0
6760.0 3640.0
816.0 718.0
2345.0 8955.0
4533.0 9578.0
3676.0 2224.0
8429.0 5872.0
1705.0 5022.0
3747.0 1280.0
6048.0 3632.0
3634.0 2961.0
7529.0 7641.0
173.0 7412.0
3977.0 2160.0
7293.0 713.0
2627.0 2309.0
9107.0 25.0
4924.0 1084.0
5762.0 3746.0
2060.0 4255.0
1372.0 181.0
2061.0 8425.0
1087.0 7141.0
1748.0 870.0
6897.0 7314.0
9381.0 2308.0
4209.0 6838.0
6331.0 6220.0
3799.0 6909.0
8563.0 865.0
6178.0 851.0
1292.0 2614.0
7973.0 1501.0
2597.0 1733.0
2369.0 6303.0
4334.0 4260.0
8194.0 9998.0
1166.0 6101.0
4716.0 7280.0
1017.0 7974.0
1721.0 319.0
2789.0 2344.0
6944.0 8509.0
9650.0 5972.0
5416.0 356.0
8715.0 4217.0
7814.0 9854.0
445.0 5723.0
7362.0 2258.0
3581.0 8622.0
7374.0 6629.0
3928.0 1882.0
3995.0 5026.0
7826.0 7948.0
1219.0 740.0
3604.0 5286.0
7744.0 443.0
6861.0 1981.0
7756.0 7640.0
7880.0 4019.0
176.0 7309.0
1999.0 4375.0
3482.0 4104.0
6257.0 1556.0
5647.0 9010.0
8143.0 8711.0
1267.0 1830.0
4761.0 6969.0
468.0 9394.0
3229.0 9108.0
6640.0 1856.0
5647.0 2209.0
2575.0 1981.0
4430.0 417.0
7092.0 4797.0
6356.0 1450.0
6700.0 7483.0
6117.0 2978.0
9381.0 1905.0
2726.0 7516.0
62.0 4646.0
4575.0 6955.0
9845.0 1948.0
1470.0 368.0
3560.0 9419.0
4481.0 1229.0
2725.0 8911.0
6898.0 2663.0
3468.0 7434.0
2138.0 1875.0
1493.0 5509.0

8561.0 5994.0
1203.0 538.0
9707.0 404.0
8168.0 7548.0
841.0 8039.0
4027.0 7371.0
4304.0 4247.0
1782.0 1390.0
8862.0 824.0
3443.0 8807.0
463.0 2637.0
7168.0 7462.0
5682.0 6331.0
974.0 746.0
3690.0 2293.0
5007.0 7993.0
5006.0 3463.0
7036.0 8254.0
7941.0 7160.0
8130.0 9835.0
5963.0 8535.0
8199.0 455.0
1886.0 6796.0
3392.0 5429.0
7136.0 7823.0
9943.0 3765.0
6959.0 9333.0
1565.0 4543.0
4862.0 7189.0
9907.0 8444.0
2142.0 4019.0
214.0 1867.0
776.0 3770.0
6678.0 3448.0
536.0 8311.0
4621.0 5412.0
3624.0 4748.0
9053.0 4628.0
2661.0 4556.0
1667.0 734.0
328.0 8178.0
842.0 1238.0
1524.0 1229.0
1761.0 5971.0
1305.0 904.0
6149.0 5758.0
4458.0 3762.0
3767.0 2717.0
5051.0 8512.0
183.0 2047.0
6702.0 9908.0
7926.0 7697.0
6987.0 2401.0
564.0 6806.0
1736.0 4707.0
1799.0 275.0
7552.0 8874.0
4140.0 9378.0
3397.0 16.0
4214.0 775.0
4547.0 5344.0
4317.0 4840.0
4725.0 3601.0
2224.0 4629.0
4766.0 8576.0
3891.0 5453.0
8593.0 2791.0
6059.0 7343.0
9860.0 19.0
8384.0 5395.0
5064.0 7739.0
7110.0 5276.0
1454.0 3203.0
4903.0 3844.0
541.0 9204.0
3895.0 7248.0
553.0 8204.0
1490.0 1359.0
3645.0 5943.0
1054.0 1972.0
6174.0 8181.0
1988.0 4599.0
2873.0 6657.0
6336.0 6292.0
8248.0 2983.0
1412.0 4345.0
991.0 1501.0
604.0 9256.0
9781.0 4833.0
6836.0 1864.0
1213.0 8180.0
5846.0 6997.0
3274.0 1066.0
8773.0 8568.0
103.0 7603.0
6187.0 3442.0
6399.0 8954.0
8079.0 4015.0
2281.0 4110.0
6920.0 1842.0
1931.0 7595.0
3347.0 7221.0
1831.0 5279.0
6532.0 2115.0
6930.0 1869.0
3830.0 6288.0
5519.0 6283.0
6751.0 9024.0
6204.0 3468.0
2851.0 1359.0
2730.0 3843.0
5587.0 6148.0
5012.0 3996.0
6735.0 5895.0
7190.0 4730.0
8403.0 706.0
6019.0 5142.0
4250.0 1265.0
5423.0 3840.0
1958.0 4185.0
5527.0 916.0
1532.0 9660.0
6988.0 6855.0
6494.0 3776.0
3955.0 6960.0
7553.0 334.0
1460.0 2462.0
809.0 9657.0
5576.0 1934.0
5075.0 4148.0
7165.0 9137.0
5356.0 3082.0
2510.0 5957.0
2112.0 1452.0
6687.0 1513.0
8316.0 283.0
7977.0 1140.0
8910.0 8281.0
4125.0 1309.0
9724.0 7207.0
3812.0 9173.0
5423.0 5866.0
9101.0 7831.0
8563.0 64.0
7231.0 982.0
4307.0 8474.0
2543.0 3053.0
7895.0 6705.0
1865.0 3477.0
4418.0 4562.0
9206.0 6241.0
2981.0 3796.0
8031.0 8329.0
9814.0 6256.0
1973.0 3187.0
7415.0 4852.0
7289.0 7870.0
9274.0 2150.0
2889.0 4979.0
2270.0 4055.0
6233.0 3022.0
1309.0 8411.0
5969.0 1360.0
3244.0 913.0
4554.0 8313.0
9701.0 3232.0
6766.0 3644.0
821.0 722.0
2350.0 8959.0
4537.0 9584.0
3681.0 2230.0
8434.0 5877.0
1710.0 5028.0
3752.0 1285.0
6053.0 3637.0
3640.0 2966.0
7534.0 7646.0
178.0 7418.0
3982.0 2165.0
7298.0 718.0
2633.0 2314.0
9112.0 30.0
4930.0 1090.0
5767.0 3751.0
2065.0 4260.0
1377.0 186.0
2066.0 8430.0
1093.0 7147.0
1752.0 875.0
6903.0 7319.0
9386.0 2313.0
4213.0 6843.0
6335.0 6225.0
3804.0 6914.0
8569.0 870.0
6182.0 856.0
1297.0 2619.0
7978.0 1506.0
2602.0 1738.0
2374.0 6307.0
4338.0 4265.0
8200.0 10003.0
1172.0 6106.0
4721.0 7286.0
1022.0 7980.0
1726.0 324.0
2794.0 2350.0
6948.0 8513.0
9654.0 5976.0
5422.0 361.0
8720.0 4221.0
7818.0 9859.0
450.0 5729.0
7367.0 2262.0
3585.0 8626.0
7380.0 6634.0
3933.0 1886.0
4000.0 5030.0
7831.0 7953.0
1224.0 744.0
3609.0 5291.0
7749.0 449.0
6865.0 1986.0
7761.0 7644.0
7885.0 4024.0
181.0 7314.0
2003.0 4379.0
3488.0 4109.0
6263.0 1560.0
5652.0 9015.0
8148.0 8717.0
1273.0 1835.0
4767.0 6975.0
474.0 9398.0
3235.0 9113.0
6644.0 1861.0
5653.0 2214.0
2581.0 1985.0
4435.0 421.0
7098.0 4802.0
6362.0 1455.0
6705.0 7488.0
6123.0 2983.0
9387.0 1909.0
2732.0 7522.0
68.0 4651.0
4579.0 6959.0
9849.0 1954.0
1475.0 373.0
3566.0 9424.0
4486.0 1233.0
2729.0 8917.0
6904.0 2667.0
3474.0 7439.0
2142.0 1880.0
1497.0 5514.0
