1
256 1 3.0 0.0 1000.0 3 160 240 100

6.5 13.5 29.3 58.5
13.0 27.0 58.5 117.0
19.5 40.5 87.8 175.5
26.0 54.0 117.0 234.0
39.0 81.0 175.5 351.0
52.0 108.0 234.0 468.0
58.5 121.5 263.3 526.5
65.0 135.0 292.5 585.0
78.0 162.0 351.0 702.0
0.0 180.0 390.0 780.0

2.0 5.0 8.0 11.0
5.0 8.0 11.0 14.0
9.0 12.0 15.0 18.0
11.0 14.0 17.0 20.0
15.0 18.0 21.0 24.0
18.0 21.0 24.0 27.0
20.0 23.0 26.0 29.0
25.0 28.0 31.0 34.0
29.0 32.0 35.0 38.0
0.0 34.0 37.0 40.0

73.0 2086.0
3061.0 6850.0
5906.0 5672.0
3087.0 9743.0
681.0 2299.0
3164.0 4704.0
6243.0 8187.0
4391.0 9819.0
3587.0 105.0
8188.0 7450.0
5809.0 1673.0
5644.0 4717.0
3740.0 1768.0
3395.0 105.0
89.0 6162.0
8107.0 3547.0
404.0 6028.0
4123.0 9888.0
1682.0 9453.0
1363.0 8099.0
1940.0 4578.0
3029.0 1130.0
6579.0 5508.0
5195.0 3786.0
9839.0 4622.0
2849.0 8500.0
2201.0 7412.0
9465.0 1403.0
7012.0 8494.0
9659.0 3551.0
2198.0 9907.0
7014.0 4713.0
5345.0 5354.0
1645.0 9588.0
3001.0 6496.0
4556.0 8843.0
7502.0 9952.0
8385.0 9853.0
7137.0 6118.0
6586.0 4515.0
7996.0 3459.0
5632.0 4039.0
8294.0 4388.0
7300.0 3082.0
8510.0 1374.0
613.0 8113.0
3152.0 4416.0
5513.0 7394.0
2477.0 3500.0
2827.0 2463.0
4971.0 2191.0
7596.0 3484.0
3926.0 983.0
5356.0 3374.0
3928.0 1534.0
3409.0 8067.0
5570.0 5435.0
1685.0 2809.0
9222.0 3626.0
250.0 6868.0
1168.0 5114.0
3028.0 1526.0
7935.0 6101.0
9814.0 8765.0
7136.0 3181.0
1156.0 500.0
5644.0 6715.0
3149.0 757.0
8417.0 3030.0
1746.0 5680.0
3798.0 6580.0
8629.0 8744.0
3608.0 5680.0
3226.0 1055.0
8850.0 7972.0
7934.0 9135.0
4350.0 4241.0
6131.0 5047.0
8149.0 1710.0
5031.0 6276.0
3970.0 458.0
7970.0 5219.0
7584.0 9096.0
3175.0 692.0
383.0 8311.0
8600.0 6312.0
5994.0 3443.0
4901.0 3158.0
8251.0 9698.0
1102.0 6589.0
1330.0 6154.0
43.0 9583.0
5401.0 7178.0
3173.0 7513.0
3576.0 2386.0
6746.0 1714.0
8504.0 8795.0
4019.0 1738.0
9426.0 1276.0
489.0 8673.0
3001.0 9964.0
1764.0 4419.0
3728.0 5740.0
6124.0 4293.0
2299.0 7429.0
6355.0 2848.0
2672.0 6843.0
7911.0 5295.0
1219.0 295.0
2987.0 9405.0
3745.0 7737.0
2569.0 5272.0
8704.0 3125.0
1027.0 2832.0
7442.0 2173.0
331.0 9499.0
4778.0 6111.0
3450.0 2828.0
5736.0 2581.0
9011.0 5562.0
6774.0 7315.0
1783.0 2963.0
2299.0 2717.0
6070.0 4805.0
9812.0 1980.0
1555.0 6909.0
9491.0 9888.0
3703.0 9604.0
6537.0 3910.0
3255.0 3000.0
7100.0 1742.0
1919.0 1452.0
1113.0 3919.0
3798.0 2103.0
7841.0 2627.0
4644.0 4875.0
2479.0 356.0
3502.0 3816.0
4613.0 4525.0
3817.0 2156.0
1860.0 6698.0
3567.0 5981.0
4518.0 7553.0
6504.0 3890.0
9534.0 1206.0
9065.0 2524.0
4627.0 5039.0
19.0 354.0
5861.0 3664.0
2439.0 4606.0
4518.0 8157.0
46.0 8700.0
1566.0 4179.0
2509.0 105.0
560.0 5146.0
6776.0 965.0
2283.0 9052.0
3983.0 6408.0
6961.0 93.0
4048.0 7901.0
2356.0 8726.0
2480.0 1533.0
8574.0 6284.0
6503.0 3632.0
2894.0 2796.0
56.0 8564.0
454.0 9128.0
9734.0 6126.0
9092.0 7095.0
6245.0 8406.0
9185.0 3656.0
8458.0 8484.0
1797.0 7848.0
9600.0 5871.0
951.0 1577.0
7688.0 6058.0
8350.0 7897.0
4748.0 4067.0
1375.0 2921.0
1913.0 4380.0
7666.0 9993.0
9947.0 2127.0
2114.0 7241.0
7287.0 2923.0
4586.0 2166.0
155.0 1237.0
9203.0 9385.0
1827.0 9666.0
8482.0 158.0
610.0 4005.0
8174.0 4849.0
8618.0 1497.0
1118.0 1929.0
5905.0 2136.0
915.0 9685.0
7024.0 5422.0
8771.0 9233.0
9588.0 7433.0
9297.0 9996.0
6907.0 5606.0
3612.0 1266.0
9256.0 1116.0
557.0 5985.0
861.0 1221.0
9339.0 5381.0
2163.0 6466.0
9437.0 5586.0
9439.0 129.0
6073.0 9876.0
6336.0 9784.0
2085.0 2660.0
4406.0 3374.0
9510.0 3852.0
2197.0 4670.0
6706.0 4764.0
4984.0 5500.0
9328.0 9142.0
9693.0 4630.0
5978.0 5488.0
2112.0 5686.0
1858.0 9303.0
5933.0 8992.0
6227.0 6364.0
5718.0 4707.0
2010.0 694.0
8339.0 7153.0
8350.0 3342.0
9987.0 2706.0
9450.0 606.0
8293.0 6140.0
5505.0 2842.0
1651.0 2798.0
4050.0 7477.0
305.0 6491.0
2556.0 2373.0
6273.0 5481.0
5577.0 8167.0
1677.0 1461.0
2277.0 719.0
7550.0 8881.0
2659.0 7310.0
7685.0 4543.0
3310.0 2705.0
4615.0 9806.0
5991.0 3735.0
7262.0 316.0
4884.0 3520.0
2357.0 627.0
816.0 8955.0
4188.0 3603.0
3292.0 7622.0
9738.0 6977.0
3645.0 2726.0
8799.0 1960.0
5125.0 7210.0
1123.0 1270.0

78.0 2090.0
3066.0 6854.0
5912.0 5677.0
3092.0 9748.0
685.0 2304.0
3170.0 4709.0
6247.0 8191.0
4396.0 9825.0
3592.0 110.0
8194.0 7456.0
5815.0 1678.0
5649.0 4722.0
3745.0 1773.0
3401.0 110.0
93.0 6166.0
8112.0 3552.0
410.0 6032.0
4128.0 9893.0
1688.0 9459.0
1369.0 8104.0
1946.0 4583.0
3033.0 1135.0
6584.0 5513.0
5200.0 3790.0
9845.0 4627.0
2853.0 8505.0
2205.0 7418.0
9470.0 1407.0
7017.0 8499.0
9663.0 3555.0
2203.0 9911.0
7019.0 4718.0
5351.0 5359.0
1650.0 9593.0
3005.0 6501.0
4560.0 8849.0
7506.0 9958.0
8391.0 9857.0
7142.0 6124.0
6591.0 4521.0
8000.0 3465.0
5638.0 4044.0
8299.0 4393.0
7305.0 3088.0
8516.0 1380.0
619.0 8118.0
3158.0 4422.0
5518.0 7399.0
2482.0 3504.0
2831.0 2468.0
4975.0 2195.0
7600.0 3488.0
3930.0 988.0
5361.0 3378.0
3934.0 1540.0
3414.0 8072.0
5576.0 5440.0
1690.0 2815.0
9227.0 3630.0
256.0 6872.0
1173.0 5119.0
3034.0 1531.0
7939.0 6105.0
9818.0 8770.0
7141.0 3185.0
1162.0 504.0
5650.0 6721.0
3153.0 762.0
8421.0 3034.0
1750.0 5685.0
3803.0 6586.0
8634.0 8750.0
3612.0 5685.0
3231.0 1061.0
8855.0 7976.0
7939.0 9141.0
4355.0 4246.0
6136.0 5052.0
8153.0 1716.0
5036.0 6281.0
3975.0 464.0
7976.0 5224.0
7588.0 9100.0
3180.0 697.0
388.0 8317.0
8606.0 6317.0
5998.0 3448.0
4905.0 3163.0
8256.0 9704.0
1107.0 6594.0
1336.0 6160.0
48.0 9588.0
5406.0 7184.0
3179.0 7518.0
3581.0 2391.0
6751.0 1718.0
8509.0 8800.0
4024.0 1743.0
9432.0 1282.0
493.0 8678.0
3006.0 9968.0
1769.0 4423.0
3732.0 5745.0
6129.0 4298.0
2304.0 7435.0
6360.0 2852.0
2677.0 6848.0
7915.0 5300.0
1224.0 301.0
2992.0 9409.0
3751.0 7741.0
2573.0 5278.0
8710.0 3130.0
1031.0 2836.0
7448.0 2178.0
336.0 9504.0
4782.0 6116.0
3456.0 2833.0
5740.0 2587.0
9015.0 5568.0
6778.0 7321.0
1787.0 2969.0
2303.0 2722.0
6074.0 4810.0
9818.0 1984.0
1559.0 6914.0
9495.0 9893.0
3707.0 9608.0
6542.0 3914.0
3261.0 3004.0
7105.0 1746.0
1925.0 1457.0
1119.0 3924.0
3802.0 2109.0
7846.0 2631.0
4649.0 4879.0
2485.0 361.0
3508.0 3821.0
4618.0 4531.0
3822.0 2161.0
1865.0 6703.0
3572.0 5986.0
4522.0 7558.0
6509.0 3896.0
9539.0 1210.0
9070.0 2529.0
4632.0 5044.0
25.0 359.0
5866.0 3670.0
2444.0 4612.0
4523.0 8161.0
51.0 8704.0
1571.0 4184.0
2514.0 109.0
564.0 5150.0
6782.0 970.0
2287.0 9058.0
3989.0 6413.0
6966.0 97.0
4052.0 7906.0
2361.0 8732.0
2486.0 1538.0
8579.0 6290.0
6507.0 3637.0
2898.0 2801.0
61.0 8569.0
459.0 9132.0
9739.0 6132.0
9096.0 7100.0
6250.0 8411.0
9190.0 3662.0
8463.0 8489.0
1803.0 7852.0
9605.0 5876.0
956.0 1583.0
7694.0 6062.0
8355.0 7903.0
4753.0 4071.0
1379.0 2927.0
1919.0 4385.0
7670.0 9997.0
9951.0 2131.0
2120.0 7246.0
7293.0 2928.0
4590.0 2172.0
160.0 1242.0
9208.0 9391.0
1833.0 9672.0
8487.0 162.0
615.0 4009.0
8178.0 4854.0
8622.0 1502.0
1123.0 1933.0
5909.0 2140.0
921.0 9689.0
7029.0 5428.0
8775.0 9238.0
9593.0 7438.0
9302.0 10001.0
6913.0 5610.0
3617.0 1270.0
9261.0 1121.0
563.0 5990.0
867.0 1227.0
9344.0 5387.0
2168.0 6471.0
9442.0 5590.0
9443.0 135.0
6078.0 9882.0
6341.0 9788.0
2090.0 2665.0
4411.0 3378.0
9515.0 3856.0
2202.0 4675.0
6712.0 4769.0
4988.0 5504.0
9333.0 9148.0
9697.0 4635.0
5984.0 5493.0
2116.0 5691.0
1862.0 9309.0
5937.0 8998.0
6232.0 6369.0
5722.0 4713.0
2014.0 699.0
8343.0 7158.0
8354.0 3347.0
9993.0 2710.0
9455.0 610.0
8297.0 6146.0
5511.0 2847.0
1657.0 2803.0
4055.0 7482.0
310.0 6496.0
2561.0 2378.0
6277.0 5487.0
5582.0 8172.0
1682.0 1467.0
2282.0 723.0
7556.0 8886.0
2663.0 7314.0
7690.0 4548.0
3315.0 2711.0
4620.0 9811.0
5996.0 3740.0
7267.0 322.0
4888.0 3525.0
2362.0 632.0
820.0 8960.0
4192.0 3608.0
3298.0 7627.0
9743.0 6983.0
3650.0 2731.0
8805.0 1964.0
5131.0 7214.0
1128.0 1275.0
