1
256 1 3.0 0.0 1000.0 3 160 240 100

6.5 13.5 29.3 58.5
13.0 27.0 58.5 117.0
19.5 40.5 87.8 175.5
26.0 54.0 117.0 234.0
39.0 81.0 175.5 351.0
52.0 108.0 234.0 468.0
58.5 121.5 263.3 526.5
65.0 135.0 292.5 585.0
78.0 162.0 351.0 702.0
0.0 180.0 390.0 780.0

2.0 5.0 8.0 11.0
5.0 8.0 11.0 14.0
9.0 12.0 15.0 18.0
11.0 14.0 17.0 20.0
15.0 18.0 21.0 24.0
18.0 21.0 24.0 27.0
20.0 23.0 26.0 29.0
25.0 28.0 31.0 34.0
29.0 32.0 35.0 38.0
0.0 34.0 37.0 40.0

2866.0 5932.0
1956.0 700.0
3051.0 3387.0
5520.0 4260.0
7303.0 7151.0
5514.0 5919.0
1587.0 719.0
2146.0 5134.0
8591.0 4080.0
6836.0 214.0
3568.0 3534.0
6963.0 4818.0
7866.0 8610.0
2126.0 5577.0
5954.0 7224.0
4019.0 8196.0
4276.0 2701.0
4476.0 1929.0
2756.0 8798.0
8751.0 4809.0
2254.0 1367.0
3619.0 4522.0
3821.0 7774.0
2358.0 2290.0
8052.0 7728.0
1180.0 9670.0
5368.0 1640.0
4192.0 629.0
540.0 5136.0
6442.0 3795.0
7286.0 890.0
7142.0 2254.0
1248.0 1363.0
7613.0 790.0
2185.0 8626.0
1042.0 2933.0
8681.0 9867.0
3611.0 2713.0
1212.0 9733.0
9073.0 8497.0
1879.0 3130.0
1344.0 8791.0
1621.0 4622.0
2180.0 2386.0
8247.0 3056.0
3511.0 7748.0
1094.0 2545.0
6499.0 9007.0
632.0 3450.0
1899.0 8456.0
3837.0 9480.0
8781.0 7921.0
8663.0 9561.0
1195.0 3901.0
3414.0 5586.0
4838.0 3847.0
9351.0 9699.0
8306.0 3475.0
7353.0 7228.0
5988.0 7485.0
1942.0 3918.0
2182.0 8582.0
8505.0 8574.0
8504.0 2162.0
2028.0 4774.0
9150.0 6571.0
8158.0 7760.0
1087.0 1295.0
9922.0 5152.0
8756.0 7984.0
5914.0 2626.0
5327.0 1678.0
8283.0 8160.0
5114.0 2127.0
1321.0 1024.0
4185.0 7586.0
4003.0 4097.0
8764.0 5961.0
2262.0 694.0
3478.0 703.0
9354.0 9491.0
4034.0 1313.0
5104.0 3713.0
1376.0 866.0
7384.0 3204.0
6916.0 5407.0
1604.0 510.0
896.0 2633.0
6583.0 4615.0
8445.0 9715.0
7572.0 8456.0
420.0 2668.0
9796.0 8861.0
8586.0 2131.0
8293.0 21.0
7207.0 2951.0
2402.0 4160.0
5631.0 7459.0
5704.0 5503.0
8918.0 4801.0
4743.0 6201.0
6104.0 1231.0
2337.0 5329.0
8152.0 8729.0
3819.0 4599.0
172.0 1838.0
7006.0 6919.0
4982.0 5101.0
9234.0 6425.0
7563.0 5979.0
7267.0 1131.0
2507.0 631.0
8405.0 1810.0
8995.0 2442.0
3621.0 3268.0
408.0 5685.0
6024.0 6610.0
8112.0 9190.0
491.0 3659.0
1510.0 7413.0
2780.0 7147.0
8922.0 8782.0
8940.0 2810.0
6356.0 3700.0
8344.0 2024.0
3756.0 7102.0
6161.0 6121.0
785.0 2930.0
3599.0 6000.0
6718.0 418.0
6716.0 3183.0
1519.0 4580.0
7143.0 944.0
7658.0 5755.0
533.0 6636.0
4761.0 5629.0
1038.0 8859.0
1642.0 9588.0
2670.0 5599.0
2797.0 7792.0
823.0 1968.0
8935.0 9863.0
9824.0 8676.0
3603.0 562.0
4783.0 4881.0
492.0 6330.0
8608.0 1527.0
8472.0 5092.0
7474.0 3827.0
3955.0 4197.0
580.0 4007.0
2630.0 3878.0
2511.0 7954.0
5158.0 6113.0
9030.0 1887.0
3882.0 1276.0
9609.0 7705.0
140.0 7457.0
2532.0 8127.0
4242.0 9831.0
883.0 5260.0
2669.0 9963.0
241.0 8738.0
9593.0 7432.0
1405.0 2050.0
2264.0 8652.0
3962.0 8202.0
2341.0 281.0
9024.0 8341.0
7741.0 7091.0
1963.0 9468.0
2078.0 6690.0
8436.0 9888.0
1249.0 5973.0
9559.0 3514.0
9258.0 6692.0
4515.0 6662.0
7828.0 16.0
1443.0 3483.0
6881.0 2476.0
9908.0 8640.0
5466.0 8177.0
784.0 8390.0
5177.0 4641.0
1875.0 3677.0
668.0 2196.0
73.0 1395.0
4303.0 9266.0
3399.0 2435.0
4533.0 8455.0
8733.0 7651.0
54.0 813.0
3548.0 5392.0
4334.0 8155.0
2490.0 6716.0
7566.0 5833.0
2095.0 6921.0
5615.0 818.0
9492.0 4544.0
8046.0 2508.0
3393.0 1431.0
9784.0 6108.0
8196.0 40.0
3491.0 1001.0
4520.0 6588.0
2223.0 8968.0
2004.0 1187.0
4433.0 9639.0
2665.0 8599.0
5904.0 3086.0
5665.0 5741.0
5673.0 1901.0
6783.0 4573.0
5510.0 7674.0
8428.0 1504.0
5041.0 9238.0
8505.0 6947.0
7064.0 2568.0
8957.0 1156.0
150.0 4714.0
7305.0 4982.0
8072.0 6654.0
7002.0 6668.0
8167.0 2455.0
4925.0 8336.0
3164.0 4606.0
6827.0 8278.0
3583.0 7933.0
4060.0 7699.0
249.0 6951.0
7401.0 3039.0
9002.0 4060.0
6295.0 7503.0
2180.0 8450.0
4337.0 7942.0
3927.0 8108.0
4309.0 5703.0
8918.0 9804.0
8601.0 2601.0
6557.0 4446.0
3328.0 5624.0
5216.0 7676.0
6968.0 6518.0
3601.0 8101.0
6840.0 4883.0
8798.0 8034.0
9242.0 5908.0
3083.0 4132.0
1568.0 6379.0
4055.0 7815.0
7231.0 5101.0
5170.0 7836.0
6700.0 6352.0
6245.0 9912.0
484.0 7515.0
5998.0 763.0

2870.0 5937.0
1961.0 705.0
3056.0 3392.0
5525.0 4265.0
7308.0 7156.0
5518.0 5924.0
1593.0 723.0
2151.0 5138.0
8597.0 4085.0
6840.0 220.0
3572.0 3540.0
6967.0 4822.0
7871.0 8615.0
2130.0 5583.0
5959.0 7230.0
4024.0 8202.0
4282.0 2706.0
4482.0 1933.0
2760.0 8803.0
8756.0 4814.0
2258.0 1372.0
3623.0 4527.0
3827.0 7780.0
2364.0 2295.0
8057.0 7733.0
1185.0 9675.0
5373.0 1644.0
4196.0 633.0
545.0 5141.0
6447.0 3799.0
7292.0 894.0
7148.0 2259.0
1253.0 1368.0
7617.0 794.0
2191.0 8631.0
1046.0 2938.0
8686.0 9871.0
3616.0 2717.0
1217.0 9738.0
9078.0 8502.0
1885.0 3136.0
1350.0 8797.0
1627.0 4627.0
2184.0 2391.0
8252.0 3061.0
3516.0 7752.0
1099.0 2550.0
6503.0 9012.0
637.0 3455.0
1905.0 8460.0
3842.0 9485.0
8785.0 7927.0
8669.0 9566.0
1200.0 3907.0
3419.0 5590.0
4842.0 3852.0
9356.0 9704.0
8310.0 3480.0
7358.0 7234.0
5993.0 7489.0
1948.0 3923.0
2188.0 8587.0
8510.0 8578.0
8508.0 2167.0
2032.0 4780.0
9156.0 6575.0
8162.0 7765.0
1093.0 1300.0
9927.0 5157.0
8761.0 7988.0
5920.0 2631.0
5332.0 1683.0
8287.0 8165.0
5118.0 2133.0
1325.0 1029.0
4191.0 7592.0
4007.0 4102.0
8768.0 5967.0
2268.0 699.0
3483.0 707.0
9359.0 9496.0
4039.0 1319.0
5109.0 3717.0
1381.0 872.0
7390.0 3209.0
6920.0 5412.0
1609.0 515.0
902.0 2638.0
6589.0 4620.0
8449.0 9720.0
7576.0 8461.0
426.0 2673.0
9801.0 8867.0
8590.0 2137.0
8299.0 27.0
7213.0 2956.0
2406.0 4165.0
5636.0 7463.0
5710.0 5509.0
8924.0 4806.0
4747.0 6207.0
6110.0 1237.0
2342.0 5335.0
8158.0 8734.0
3824.0 4604.0
177.0 1843.0
7012.0 6925.0
4987.0 5105.0
9240.0 6430.0
7569.0 5983.0
7272.0 1135.0
2512.0 637.0
8409.0 1815.0
8999.0 2447.0
3626.0 3273.0
413.0 5690.0
6029.0 6614.0
8118.0 9196.0
497.0 3664.0
1515.0 7417.0
2786.0 7152.0
8927.0 8788.0
8945.0 2815.0
6360.0 3705.0
8350.0 2028.0
3761.0 7107.0
6166.0 6127.0
790.0 2934.0
3603.0 6005.0
6723.0 422.0
6722.0 3188.0
1525.0 4585.0
7147.0 948.0
7663.0 5760.0
538.0 6641.0
4766.0 5634.0
1042.0 8864.0
1647.0 9593.0
2675.0 5605.0
2802.0 7797.0
829.0 1973.0
8940.0 9869.0
9830.0 8681.0
3609.0 568.0
4789.0 4885.0
497.0 6335.0
8614.0 1533.0
8477.0 5097.0
7479.0 3831.0
3959.0 4202.0
585.0 4011.0
2635.0 3884.0
2516.0 7960.0
5163.0 6117.0
9035.0 1893.0
3886.0 1281.0
9614.0 7711.0
144.0 7462.0
2537.0 8131.0
4248.0 9836.0
888.0 5265.0
2673.0 9968.0
246.0 8743.0
9598.0 7436.0
1411.0 2055.0
2270.0 8657.0
3968.0 8206.0
2347.0 287.0
9030.0 8345.0
7746.0 7096.0
1968.0 9472.0
2083.0 6694.0
8441.0 9894.0
1253.0 5978.0
9565.0 3519.0
9262.0 6696.0
4520.0 6667.0
7832.0 21.0
1448.0 3488.0
6886.0 2481.0
9914.0 8644.0
5470.0 8182.0
789.0 8395.0
5181.0 4645.0
1880.0 3682.0
672.0 2202.0
78.0 1399.0
4309.0 9271.0
3404.0 2439.0
4538.0 8459.0
8738.0 7657.0
59.0 818.0
3552.0 5396.0
4340.0 8161.0
2496.0 6722.0
7571.0 5838.0
2099.0 6926.0
5619.0 824.0
9497.0 4550.0
8051.0 2513.0
3397.0 1436.0
9788.0 6113.0
8201.0 44.0
3497.0 1007.0
4525.0 6592.0
2228.0 8972.0
2008.0 1193.0
4437.0 9644.0
2670.0 8604.0
5910.0 3091.0
5669.0 5745.0
5678.0 1905.0
6789.0 4578.0
5516.0 7679.0
8432.0 1509.0
5047.0 9243.0
8511.0 6951.0
7070.0 2574.0
8962.0 1161.0
155.0 4720.0
7311.0 4986.0
8077.0 6660.0
7008.0 6672.0
8172.0 2461.0
4931.0 8341.0
3169.0 4610.0
6832.0 8284.0
3589.0 7939.0
4064.0 7705.0
254.0 6956.0
7406.0 3044.0
9007.0 4065.0
6300.0 7507.0
2184.0 8455.0
4342.0 7946.0
3932.0 8113.0
4313.0 5709.0
8923.0 9810.0
8606.0 2606.0
6562.0 4451.0
3334.0 5629.0
5221.0 7682.0
6974.0 6523.0
3605.0 8105.0
6844.0 4887.0
8804.0 8038.0
9247.0 5913.0
3089.0 4137.0
1573.0 6385.0
4060.0 7819.0
7237.0 5107.0
5174.0 7841.0
6706.0 6356.0
6250.0 9918.0
488.0 7521.0
6003.0 767.0
