1
256 1 3.0 0.0 1000.0 3 160 240 100

6.5 13.5 29.3 58.5
13.0 27.0 58.5 117.0
19.5 40.5 87.8 175.5
26.0 54.0 117.0 234.0
39.0 81.0 175.5 351.0
52.0 108.0 234.0 468.0
58.5 121.5 263.3 526.5
65.0 135.0 292.5 585.0
78.0 162.0 351.0 702.0
0.0 180.0 390.0 780.0

2.0 5.0 8.0 11.0
5.0 8.0 11.0 14.0
9.0 12.0 15.0 18.0
11.0 14.0 17.0 20.0
15.0 18.0 21.0 24.0
18.0 21.0 24.0 27.0
20.0 23.0 26.0 29.0
25.0 28.0 31.0 34.0
29.0 32.0 35.0 38.0
0.0 34.0 37.0 40.0

8440.0 4127.0
3755.0 4634.0
5011.0 490.0
1657.0 4854.0
8736.0 6335.0
1160.0 3540.0
7316.0 9800.0
5647.0 1672.0
9722.0 3586.0
5713.0 8905.0
1177.0 4545.0
5539.0 2344.0
826.0 5360.0
5802.0 1428.0
7907.0 9472.0
5190.0 6294.0
4742.0 2866.0
5082.0 9523.0
7381.0 8860.0
4476.0 3635.0
7202.0 4530.0
4726.0 9223.0
9307.0 9903.0
6166.0 1108.0
6013.0 3543.0
1180.0 2403.0
6274.0 677.0
806.0 8848.0
4350.0 2484.0
4425.0 8333.0
3541.0 7675.0
4615.0 2959.0
3307.0 17.0
1748.0 3542.0
595.0 7908.0
5379.0 8926.0
8701.0 4654.0
2022.0 5006.0
9464.0 577.0
1363.0 828.0
7144.0 584.0
5493.0 1656.0
4782.0 3324.0
8226.0 1389.0
6363.0 584.0
4073.0 9206.0
621.0 8037.0
8944.0 7834.0
4781.0 989.0
7144.0 3302.0
9078.0 1245.0
1740.0 8581.0
5360.0 3742.0
7864.0 5990.0
5612.0 4066.0
1024.0 5738.0
8695.0 501.0
4992.0 505.0
6150.0 6733.0
6343.0 8429.0
368.0 3835.0
5208.0 9383.0
947.0 2693.0
4328.0 1941.0
7567.0 471.0
949.0 887.0
197.0 7273.0
8664.0 7686.0
9950.0 1625.0
8748.0 8760.0
6414.0 5912.0
3058.0 8989.0
9777.0 5398.0
3087.0 293.0
8560.0 6972.0
2214.0 7691.0
6294.0 6241.0
750.0 7717.0
2937.0 4113.0
5823.0 6576.0
9379.0 6494.0
692.0 7916.0
5834.0 3241.0
554.0 2616.0
7446.0 4994.0
4408.0 5453.0
2936.0 9027.0
5058.0 6041.0
4599.0 7750.0
1815.0 3928.0
482.0 5991.0
2975.0 221.0
2053.0 5694.0
7640.0 643.0
3191.0 9164.0
8952.0 7377.0
8810.0 4497.0
3315.0 9603.0
3941.0 9315.0
2668.0 5104.0
6591.0 1460.0
9384.0 7818.0
203.0 7751.0
5867.0 8724.0
4027.0 4472.0
3411.0 9946.0
2239.0 5685.0
7399.0 4452.0
5108.0 8039.0
8403.0 6239.0
8053.0 3175.0
1267.0 8381.0
6890.0 1384.0
6733.0 8821.0
103.0 2635.0
2684.0 6297.0
1458.0 3617.0
4578.0 1278.0
8768.0 1916.0
7137.0 9300.0
7149.0 975.0
1864.0 6575.0
7573.0 1955.0
7460.0 263.0
4035.0 1135.0
2712.0 8290.0
5175.0 3995.0
3912.0 6092.0
8654.0 9590.0
1398.0 167.0
9107.0 1378.0
2263.0 823.0
3013.0 3105.0
8822.0 8994.0
6271.0 906.0
4895.0 4527.0
2836.0 5235.0
4481.0 5795.0
5202.0 8771.0
9898.0 3046.0
80.0 8920.0
8947.0 349.0
5078.0 6060.0
3185.0 3538.0
4700.0 1145.0
1864.0 4022.0
6496.0 8823.0
8613.0 852.0
677.0 4674.0
438.0 5928.0
9005.0 7722.0
1101.0 9720.0
1304.0 1849.0
3450.0 7402.0
387.0 2237.0
7775.0 7765.0
8729.0 5471.0
5762.0 9800.0
2712.0 4453.0
2103.0 4336.0
2753.0 1733.0
8345.0 611.0
138.0 7414.0
6045.0 160.0
3889.0 243.0
8800.0 2902.0
3472.0 3045.0
5217.0 2815.0
5678.0 6104.0
7404.0 3070.0
6492.0 4649.0
2047.0 3021.0
1266.0 9065.0
3645.0 1921.0
9026.0 8966.0
1959.0 6756.0
9228.0 4755.0
8281.0 4072.0
1783.0 2816.0
7546.0 8188.0
3667.0 2967.0
5899.0 666.0
7952.0 9296.0
5761.0 8430.0
3554.0 8032.0
2980.0 412.0
6547.0 8561.0
3118.0 5112.0
6334.0 6248.0
6477.0 3947.0
2521.0 8167.0
3891.0 7781.0
793.0 5393.0
7899.0 6512.0
8631.0 7987.0
6330.0 4107.0
4175.0 1295.0
7901.0 3954.0
4062.0 4701.0
1879.0 1928.0
8560.0 6479.0
6384.0 7047.0
4810.0 848.0
2407.0 2099.0
1504.0 5890.0
3102.0 9131.0
821.0 3455.0
440.0 7170.0
5929.0 4673.0
3776.0 2074.0
4891.0 7234.0
7410.0 882.0
4278.0 3034.0
6716.0 5553.0
8322.0 7352.0
4899.0 3482.0
1922.0 3167.0
4955.0 4657.0
8331.0 6764.0
3908.0 7865.0
4831.0 3252.0
8885.0 807.0
2229.0 3128.0
7114.0 1523.0
6495.0 3525.0
4399.0 997.0
3344.0 276.0
9153.0 9329.0
9111.0 9414.0
1554.0 361.0
3711.0 9268.0
9899.0 2133.0
4023.0 6751.0
8724.0 3054.0
8514.0 4011.0
5755.0 6177.0
6419.0 4047.0
7273.0 6452.0
7295.0 6445.0
3950.0 8339.0
9289.0 6848.0
1734.0 3679.0
6907.0 6308.0
4850.0 2185.0
1639.0 9149.0
492.0 9451.0
1236.0 462.0
7267.0 9854.0
5966.0 6887.0
1976.0 4238.0
2679.0 6793.0
1783.0 4754.0
9983.0 8503.0
1362.0 1750.0
373.0 7687.0
7078.0 82.0

8445.0 4133.0
3759.0 4639.0
5016.0 494.0
1661.0 4859.0
8742.0 6339.0
1165.0 3545.0
7321.0 9804.0
5652.0 1677.0
9726.0 3590.0
5718.0 8910.0
1183.0 4550.0
5543.0 2350.0
831.0 5364.0
5808.0 1432.0
7911.0 9478.0
5195.0 6298.0
4747.0 2872.0
5086.0 9528.0
7386.0 8865.0
4480.0 3639.0
7207.0 4535.0
4731.0 9228.0
9313.0 9908.0
6171.0 1114.0
6018.0 3548.0
1185.0 2408.0
6279.0 683.0
811.0 8853.0
4354.0 2488.0
4430.0 8339.0
3547.0 7680.0
4621.0 2964.0
3312.0 22.0
1753.0 3547.0
601.0 7913.0
5385.0 8932.0
8706.0 4659.0
2026.0 5011.0
9469.0 581.0
1368.0 833.0
7149.0 590.0
5497.0 1661.0
4787.0 3329.0
8231.0 1394.0
6369.0 588.0
4078.0 9212.0
626.0 8043.0
8949.0 7840.0
4787.0 994.0
7149.0 3307.0
9082.0 1250.0
1745.0 8586.0
5365.0 3747.0
7869.0 5994.0
5616.0 4071.0
1029.0 5744.0
8699.0 507.0
4997.0 510.0
6155.0 6738.0
6349.0 8434.0
374.0 3839.0
5212.0 9388.0
951.0 2698.0
4334.0 1945.0
7571.0 476.0
955.0 893.0
201.0 7278.0
8669.0 7690.0
9955.0 1630.0
8753.0 8765.0
6419.0 5917.0
3063.0 8994.0
9782.0 5402.0
3093.0 297.0
8565.0 6976.0
2219.0 7696.0
6300.0 6247.0
755.0 7722.0
2941.0 4118.0
5827.0 6581.0
9384.0 6499.0
696.0 7921.0
5839.0 3246.0
558.0 2621.0
7452.0 4999.0
4414.0 5458.0
2941.0 9031.0
5064.0 6046.0
4604.0 7756.0
1820.0 3933.0
487.0 5996.0
2980.0 225.0
2057.0 5699.0
7645.0 647.0
3197.0 9170.0
8958.0 7383.0
8816.0 4502.0
3319.0 9608.0
3947.0 9320.0
2673.0 5110.0
6595.0 1466.0
9388.0 7823.0
208.0 7755.0
5871.0 8730.0
4032.0 4477.0
3416.0 9950.0
2244.0 5690.0
7403.0 4457.0
5114.0 8043.0
8407.0 6244.0
8058.0 3179.0
1272.0 8386.0
6894.0 1389.0
6737.0 8827.0
109.0 2640.0
2690.0 6301.0
1464.0 3622.0
4583.0 1284.0
8774.0 1922.0
7141.0 9306.0
7154.0 981.0
1868.0 6581.0
7577.0 1960.0
7465.0 268.0
4040.0 1140.0
2717.0 8295.0
5180.0 4000.0
3918.0 6097.0
8659.0 9595.0
1404.0 172.0
9111.0 1384.0
2269.0 828.0
3017.0 3110.0
8827.0 9000.0
6276.0 911.0
4899.0 4533.0
2841.0 5239.0
4486.0 5800.0
5208.0 8775.0
9903.0 3051.0
85.0 8924.0
8953.0 355.0
5083.0 6066.0
3190.0 3542.0
4705.0 1149.0
1869.0 4028.0
6502.0 8828.0
8618.0 856.0
683.0 4678.0
443.0 5932.0
9010.0 7727.0
1107.0 9725.0
1310.0 1854.0
3455.0 7408.0
393.0 2243.0
7781.0 7771.0
8735.0 5476.0
5768.0 9806.0
2717.0 4457.0
2108.0 4341.0
2758.0 1738.0
8351.0 617.0
142.0 7419.0
6050.0 165.0
3895.0 249.0
8805.0 2907.0
3477.0 3050.0
5222.0 2820.0
5683.0 6110.0
7409.0 3076.0
6497.0 4654.0
2052.0 3027.0
1272.0 9071.0
3649.0 1925.0
9031.0 8972.0
1964.0 6760.0
9233.0 4760.0
8286.0 4077.0
1789.0 2822.0
7551.0 8194.0
3671.0 2972.0
5904.0 671.0
7957.0 9301.0
5765.0 8435.0
3558.0 8038.0
2984.0 417.0
6553.0 8566.0
3122.0 5117.0
6339.0 6252.0
6481.0 3953.0
2526.0 8171.0
3896.0 7785.0
798.0 5398.0
7905.0 6517.0
8636.0 7993.0
6335.0 4112.0
4180.0 1299.0
7906.0 3958.0
4068.0 4706.0
1884.0 1933.0
8565.0 6483.0
6389.0 7053.0
4815.0 854.0
2412.0 2105.0
1510.0 5895.0
3108.0 9137.0
827.0 3461.0
444.0 7176.0
5933.0 4678.0
3781.0 2080.0
4895.0 7240.0
7415.0 887.0
4284.0 3040.0
6721.0 5558.0
8326.0 7357.0
4905.0 3486.0
1926.0 3172.0
4960.0 4663.0
8337.0 6769.0
3913.0 7869.0
4836.0 3257.0
8889.0 811.0
2233.0 3133.0
7118.0 1527.0
6500.0 3529.0
4403.0 1002.0
3349.0 282.0
9158.0 9334.0
9116.0 9420.0
1560.0 366.0
3716.0 9272.0
9903.0 2138.0
4028.0 6756.0
8729.0 3060.0
8520.0 4015.0
5759.0 6182.0
6424.0 4052.0
7279.0 6457.0
7301.0 6450.0
3955.0 8343.0
9293.0 6853.0
1739.0 3684.0
6912.0 6313.0
4854.0 2191.0
1644.0 9153.0
497.0 9456.0
1242.0 468.0
7273.0 9860.0
5972.0 6892.0
1981.0 4244.0
2683.0 6799.0
1788.0 4759.0
9987.0 8508.0
1367.0 1755.0
379.0 7693.0
7083.0 88.0
