1
256 1 3.0 0.0 1000.0 3 160 240 100

6.5 13.5 29.3 58.5
13.0 27.0 58.5 117.0
19.5 40.5 87.8 175.5
26.0 54.0 117.0 234.0
39.0 81.0 175.5 351.0
52.0 108.0 234.0 468.0
58.5 121.5 263.3 526.5
65.0 135.0 292.5 585.0
78.0 162.0 351.0 702.0
0.0 180.0 390.0 780.0

2.0 5.0 8.0 11.0
5.0 8.0 11.0 14.0
9.0 12.0 15.0 18.0
11.0 14.0 17.0 20.0
15.0 18.0 21.0 24.0
18.0 21.0 24.0 27.0
20.0 23.0 26.0 29.0
25.0 28.0 31.0 34.0
29.0 32.0 35.0 38.0
0.0 34.0 37.0 40.0

6911.0 7386.0
8650.0 4814.0
467.0 5202.0
8192.0 7536.0
3247.0 2556.0
8274.0 2295.0
755.0 360.0
5780.0 4019.0
979.0 7988.0
5035.0 7673.0
6164.0 6529.0
8482.0 8199.0
2281.0 9144.0
8888.0 1571.0
1994.0 9663.0
5152.0 4335.0
9447.0 3041.0
6287.0 1523.0
7709.0 3821.0
642.0 5323.0
2166.0 1232.0
9936.0 9381.0
5716.0 2050.0
179.0 6136.0
4056.0 4862.0
4040.0 7041.0
1903.0 1857.0
1747.0 8089.0
3459.0 6790.0
70.0 5492.0
2939.0 236.0
1480.0 8920.0
3491.0 5782.0
8034.0 2179.0
5322.0 3275.0
7066.0 3692.0
6349.0 7774.0
8257.0 1696.0
1198.0 5327.0
4147.0 1513.0
6877.0 9209.0
8666.0 4790.0
5927.0 2758.0
743.0 3085.0
391.0 7438.0
2585.0 690.0
2409.0 7258.0
4668.0 4062.0
9759.0 3195.0
2038.0 7757.0
7174.0 3729.0
8967.0 9238.0
6742.0 146.0
1559.0 7452.0
3223.0 7735.0
351.0 2547.0
2591.0 6499.0
7508.0 6622.0
4629.0 7533.0
5647.0 7888.0
2899.0 3691.0
7899.0 3116.0
7896.0 5668.0
1248.0 5773.0
1720.0 7149.0
7734.0 9708.0
5077.0 5136.0
583.0 788.0
9934.0 4107.0
4842.0 1352.0
3646.0 5120.0
4580.0 4880.0
2877.0 3511.0
1230.0 748.0
8133.0 1304.0
146.0 1462.0
2229.0 2981.0
4938.0 7239.0
8513.0 5739.0
1657.0 5340.0
7158.0 7851.0
7407.0 4014.0
354.0 1300.0
446.0 3457.0
9717.0 7274.0
1349.0 8646.0
1724.0 5698.0
7308.0 1461.0
9513.0 2401.0
4128.0 1941.0
1852.0 71.0
3007.0 1093.0
2614.0 1628.0
1649.0 108.0
6552.0 7140.0
1798.0 3390.0
9732.0 7919.0
7754.0 5256.0
5402.0 3938.0
2945.0 2716.0
8654.0 3186.0
4123.0 9200.0
5679.0 4110.0
5258.0 6611.0
5933.0 4759.0
5691.0 5602.0
8055.0 4783.0
9634.0 6453.0
2833.0 8904.0
6564.0 5418.0
9052.0 3002.0
4604.0 3951.0
544.0 6433.0
1445.0 671.0
5250.0 6742.0
9889.0 8456.0
9637.0 5366.0
7574.0 1552.0
4255.0 5491.0
2964.0 82.0
8793.0 5676.0
2164.0 1825.0
7425.0 5393.0
3632.0 3662.0
7781.0 1098.0
360.0 7567.0
9357.0 3978.0
1600.0 8517.0
9694.0 3009.0
8691.0 4223.0
9127.0 9444.0
2071.0 9043.0
7448.0 1382.0
9038.0 6978.0
8286.0 9527.0
4334.0 1122.0
9532.0 7804.0
8111.0 9454.0
625.0 4925.0
8370.0 9354.0
23.0 5572.0
7426.0 5725.0
8681.0 2306.0
4466.0 107.0
7850.0 1851.0
8799.0 656.0
2020.0 1876.0
828.0 5388.0
328.0 6909.0
344.0 3554.0
2258.0 4524.0
4208.0 2536.0
5936.0 5419.0
7974.0 150.0
9858.0 3535.0
8545.0 4731.0
1362.0 4833.0
7418.0 7891.0
7669.0 5872.0
6598.0 7327.0
7806.0 5822.0
1741.0 9562.0
6239.0 8032.0
9604.0 5007.0
1534.0 9797.0
9372.0 220.0
5867.0 1464.0
9929.0 4751.0
3697.0 8484.0
7643.0 2453.0
431.0 2572.0
1740.0 9635.0
4401.0 586.0
6831.0 4958.0
7962.0 2272.0
4672.0 8438.0
6045.0 502.0
9711.0 9443.0
2979.0 132.0
5514.0 6080.0
904.0 4126.0
1618.0 838.0
5586.0 8072.0
2898.0 9875.0
7979.0 6711.0
6011.0 5841.0
2318.0 8643.0
9990.0 6605.0
4103.0 7803.0
553.0 4777.0
3755.0 2875.0
204.0 5413.0
4302.0 8250.0
8693.0 1772.0
3884.0 2686.0
906.0 1521.0
6416.0 4274.0
1755.0 8260.0
6227.0 2874.0
138.0 5762.0
4980.0 3624.0
6541.0 4799.0
1722.0 7675.0
1347.0 4941.0
9355.0 8784.0
3434.0 6214.0
3365.0 6882.0
1118.0 8001.0
1127.0 2269.0
19.0 5057.0
2604.0 6552.0
4921.0 3031.0
5758.0 8977.0
5198.0 8386.0
2499.0 9267.0
5861.0 74.0
3493.0 619.0
8825.0 2874.0
2635.0 8975.0
1434.0 4765.0
4531.0 7216.0
1843.0 3220.0
788.0 5397.0
3302.0 7793.0
3447.0 667.0
1933.0 8902.0
6365.0 3005.0
5060.0 5171.0
7881.0 5391.0
9662.0 4231.0
579.0 9574.0
3024.0 4342.0
6469.0 1032.0
150.0 6741.0
8403.0 9297.0
5018.0 1088.0
1053.0 2240.0
5235.0 8887.0
7268.0 5479.0
2175.0 2277.0
8130.0 521.0
1156.0 8070.0
7526.0 7791.0
8743.0 9416.0
4568.0 3157.0
6732.0 9982.0
9666.0 9108.0
4897.0 8031.0
2582.0 4196.0
7059.0 269.0
3291.0 6900.0
7563.0 7867.0
8957.0 2512.0
7711.0 9515.0
2853.0 4212.0
4247.0 8909.0

6917.0 7391.0
8655.0 4818.0
472.0 5207.0
8197.0 7542.0
3253.0 2561.0
8279.0 2300.0
760.0 365.0
5786.0 4024.0
985.0 7993.0
5039.0 7677.0
6169.0 6535.0
8487.0 8203.0
2286.0 9149.0
8894.0 1577.0
1999.0 9669.0
5158.0 4340.0
9452.0 3047.0
6291.0 1528.0
7714.0 3826.0
647.0 5328.0
2170.0 1237.0
9941.0 9385.0
5722.0 2056.0
184.0 6140.0
4060.0 4867.0
4044.0 7046.0
1909.0 1861.0
1752.0 8094.0
3464.0 6795.0
76.0 5497.0
2944.0 240.0
1484.0 8924.0
3496.0 5787.0
8039.0 2184.0
5328.0 3279.0
7071.0 3697.0
6355.0 7778.0
8263.0 1702.0
1204.0 5332.0
4153.0 1518.0
6882.0 9214.0
8672.0 4794.0
5932.0 2763.0
748.0 3090.0
396.0 7442.0
2591.0 695.0
2413.0 7263.0
4672.0 4067.0
9765.0 3201.0
2042.0 7763.0
7179.0 3734.0
8972.0 9243.0
6748.0 151.0
1563.0 7457.0
3228.0 7741.0
355.0 2551.0
2595.0 6505.0
7513.0 6627.0
4634.0 7539.0
5651.0 7893.0
2903.0 3696.0
7904.0 3121.0
7902.0 5673.0
1253.0 5778.0
1724.0 7154.0
7739.0 9713.0
5083.0 5141.0
589.0 792.0
9940.0 4113.0
4847.0 1356.0
3650.0 5124.0
4585.0 4885.0
2883.0 3515.0
1235.0 753.0
8137.0 1309.0
150.0 1467.0
2233.0 2986.0
4942.0 7244.0
8517.0 5744.0
1663.0 5345.0
7162.0 7855.0
7413.0 4019.0
359.0 1304.0
450.0 3461.0
9722.0 7280.0
1355.0 8651.0
1728.0 5704.0
7313.0 1466.0
9518.0 2405.0
4134.0 1945.0
1856.0 76.0
3012.0 1098.0
2620.0 1633.0
1654.0 112.0
6558.0 7144.0
1803.0 3394.0
9738.0 7924.0
7759.0 5260.0
5408.0 3944.0
2950.0 2721.0
8659.0 3192.0
4127.0 9204.0
5683.0 4115.0
5263.0 6615.0
5937.0 4765.0
5696.0 5606.0
8060.0 4787.0
9638.0 6459.0
2838.0 8909.0
6569.0 5423.0
9058.0 3007.0
4608.0 3957.0
549.0 6437.0
1451.0 677.0
5255.0 6747.0
9894.0 8461.0
9643.0 5372.0
7580.0 1557.0
4260.0 5495.0
2969.0 88.0
8798.0 5680.0
2168.0 1830.0
7430.0 5397.0
3637.0 3668.0
7786.0 1102.0
366.0 7572.0
9362.0 3983.0
1605.0 8523.0
9699.0 3014.0
8697.0 4229.0
9132.0 9449.0
2077.0 9048.0
7454.0 1387.0
9044.0 6983.0
8291.0 9532.0
4338.0 1128.0
9538.0 7810.0
8115.0 9460.0
631.0 4931.0
8374.0 9359.0
28.0 5576.0
7430.0 5731.0
8686.0 2312.0
4471.0 112.0
7854.0 1855.0
8803.0 662.0
2024.0 1880.0
834.0 5393.0
332.0 6914.0
349.0 3559.0
2264.0 4530.0
4214.0 2541.0
5940.0 5423.0
7980.0 154.0
9863.0 3541.0
8550.0 4736.0
1367.0 4839.0
7423.0 7897.0
7675.0 5877.0
6603.0 7333.0
7810.0 5826.0
1746.0 9566.0
6244.0 8037.0
9610.0 5012.0
1539.0 9801.0
9377.0 224.0
5872.0 1470.0
9934.0 4756.0
3701.0 8489.0
7647.0 2459.0
436.0 2578.0
1744.0 9639.0
4405.0 591.0
6836.0 4963.0
7966.0 2277.0
4677.0 8443.0
6050.0 507.0
9715.0 9447.0
2985.0 137.0
5519.0 6084.0
909.0 4131.0
1624.0 844.0
5590.0 8078.0
2902.0 9880.0
7985.0 6716.0
6015.0 5846.0
2322.0 8648.0
9994.0 6609.0
4108.0 7807.0
558.0 4782.0
3761.0 2881.0
208.0 5418.0
4306.0 8254.0
8698.0 1777.0
3888.0 2692.0
912.0 1525.0
6422.0 4280.0
1761.0 8264.0
6231.0 2879.0
142.0 5767.0
4985.0 3629.0
6545.0 4804.0
1726.0 7679.0
1351.0 4946.0
9360.0 8788.0
3439.0 6218.0
3369.0 6887.0
1123.0 8006.0
1131.0 2274.0
25.0 5062.0
2609.0 6558.0
4926.0 3037.0
5763.0 8983.0
5203.0 8390.0
2504.0 9271.0
5866.0 78.0
3498.0 624.0
8831.0 2879.0
2639.0 8980.0
1438.0 4771.0
4535.0 7222.0
1849.0 3225.0
792.0 5401.0
3306.0 7798.0
3452.0 671.0
1938.0 8906.0
6370.0 3010.0
5065.0 5176.0
7886.0 5397.0
9667.0 4236.0
585.0 9579.0
3030.0 4346.0
6473.0 1036.0
155.0 6746.0
8408.0 9302.0
5023.0 1093.0
1057.0 2245.0
5239.0 8892.0
7273.0 5483.0
2180.0 2282.0
8135.0 526.0
1161.0 8075.0
7531.0 7796.0
8747.0 9421.0
4573.0 3163.0
6738.0 9987.0
9671.0 9113.0
4903.0 8036.0
2588.0 4200.0
7064.0 273.0
3296.0 6905.0
7569.0 7872.0
8962.0 2517.0
7716.0 9520.0
2859.0 4217.0
4253.0 8914.0
