1
64 1 3.0 0.0 1000.0 3 160 240 100

6.5 13.5 29.3 58.5
13.0 27.0 58.5 117.0
19.5 40.5 87.8 175.5
26.0 54.0 117.0 234.0
39.0 81.0 175.5 351.0
52.0 108.0 234.0 468.0
58.5 121.5 263.3 526.5
65.0 135.0 292.5 585.0
78.0 162.0 351.0 702.0
0.0 180.0 390.0 780.0

2.0 5.0 8.0 11.0
5.0 8.0 11.0 14.0
9.0 12.0 15.0 18.0
11.0 14.0 17.0 20.0
15.0 18.0 21.0 24.0
18.0 21.0 24.0 27.0
20.0 23.0 26.0 29.0
25.0 28.0 31.0 34.0
29.0 32.0 35.0 38.0
0.0 34.0 37.0 40.0

11.0 54.0
127.0 155.0
76.0 172.0
160.0 26.0
46.0 101.0
17.0 72.0
133.0 46.0
172.0 38.0
208.0 57.0
245.0 127.0
34.0 167.0
217.0 47.0
94.0 13.0
44.0 213.0
208.0 213.0
26.0 11.0
197.0 80.0
105.0 119.0
179.0 68.0
62.0 187.0
124.0 154.0
173.0 249.0
129.0 185.0
161.0 25.0
164.0 20.0
138.0 117.0
126.0 106.0
238.0 151.0
80.0 206.0
14.0 216.0
137.0 40.0
186.0 45.0
246.0 180.0
167.0 159.0
199.0 93.0
96.0 44.0
13.0 32.0
177.0 207.0
127.0 59.0
166.0 50.0
168.0 17.0
201.0 53.0
137.0 116.0
176.0 53.0
121.0 72.0
223.0 2.0
4.0 78.0
158.0 115.0
186.0 195.0
47.0 159.0
124.0 52.0
136.0 175.0
93.0 56.0
182.0 5.0
121.0 154.0
49.0 50.0
92.0 206.0
226.0 238.0
115.0 132.0
6.0 20.0
31.0 30.0
128.0 246.0
16.0 42.0
216.0 104.0

16.0 60.0
132.0 160.0
81.0 176.0
164.0 31.0
51.0 106.0
23.0 76.0
137.0 52.0
177.0 43.0
213.0 63.0
250.0 132.0
39.0 172.0
223.0 53.0
98.0 17.0
49.0 219.0
214.0 219.0
30.0 17.0
202.0 85.0
109.0 124.0
184.0 73.0
67.0 191.0
129.0 160.0
178.0 253.0
133.0 190.0
166.0 29.0
168.0 24.0
144.0 122.0
131.0 111.0
243.0 156.0
85.0 210.0
19.0 221.0
141.0 45.0
190.0 50.0
252.0 185.0
171.0 165.0
204.0 97.0
101.0 49.0
19.0 37.0
183.0 213.0
132.0 64.0
171.0 55.0
172.0 22.0
207.0 57.0
141.0 122.0
180.0 59.0
126.0 76.0
229.0 7.0
9.0 82.0
163.0 119.0
190.0 200.0
53.0 165.0
130.0 57.0
141.0 180.0
99.0 62.0
186.0 11.0
125.0 158.0
54.0 55.0
97.0 210.0
231.0 243.0
119.0 137.0
11.0 24.0
35.0 36.0
133.0 252.0
21.0 47.0
222.0 108.0
