1
64 1 3.0 0.0 1000.0 3 160 240 100

6.5 13.5 29.3 58.5
13.0 27.0 58.5 117.0
19.5 40.5 87.8 175.5
26.0 54.0 117.0 234.0
39.0 81.0 175.5 351.0
52.0 108.0 234.0 468.0
58.5 121.5 263.3 526.5
65.0 135.0 292.5 585.0
78.0 162.0 351.0 702.0
0.0 180.0 390.0 780.0

2.0 5.0 8.0 11.0
5.0 8.0 11.0 14.0
9.0 12.0 15.0 18.0
11.0 14.0 17.0 20.0
15.0 18.0 21.0 24.0
18.0 21.0 24.0 27.0
20.0 23.0 26.0 29.0
25.0 28.0 31.0 34.0
29.0 32.0 35.0 38.0
0.0 34.0 37.0 40.0

239.0 88.0
27.0 139.0
54.0 22.0
110.0 12.0
215.0 190.0
100.0 139.0
142.0 6.0
125.0 5.0
234.0 144.0
209.0 60.0
97.0 136.0
1.0 20.0
168.0 20.0
222.0 120.0
190.0 56.0
174.0 242.0
51.0 85.0
238.0 176.0
62.0 187.0
96.0 38.0
67.0 94.0
205.0 234.0
69.0 115.0
154.0 138.0
159.0 185.0
47.0 213.0
44.0 147.0
163.0 147.0
95.0 6.0
174.0 103.0
83.0 161.0
42.0 8.0
141.0 195.0
242.0 137.0
7.0 131.0
67.0 29.0
204.0 98.0
43.0 97.0
95.0 188.0
60.0 126.0
76.0 85.0
153.0 130.0
241.0 103.0
145.0 130.0
149.0 105.0
210.0 213.0
142.0 64.0
203.0 50.0
234.0 96.0
190.0 116.0
141.0 125.0
138.0 156.0
92.0 120.0
76.0 16.0
118.0 192.0
85.0 17.0
82.0 115.0
16.0 111.0
34.0 186.0
193.0 112.0
12.0 118.0
124.0 135.0
11.0 243.0
91.0 143.0

244.0 94.0
33.0 144.0
59.0 27.0
115.0 17.0
221.0 196.0
106.0 144.0
146.0 12.0
131.0 9.0
240.0 150.0
213.0 65.0
103.0 142.0
6.0 24.0
174.0 24.0
228.0 124.0
195.0 61.0
180.0 247.0
55.0 91.0
243.0 182.0
67.0 192.0
100.0 42.0
73.0 99.0
211.0 238.0
75.0 120.0
158.0 143.0
164.0 191.0
51.0 219.0
48.0 153.0
168.0 151.0
99.0 11.0
180.0 107.0
89.0 166.0
47.0 13.0
147.0 200.0
246.0 141.0
13.0 136.0
73.0 35.0
210.0 104.0
49.0 101.0
99.0 192.0
65.0 132.0
82.0 90.0
157.0 136.0
247.0 108.0
150.0 135.0
155.0 110.0
215.0 218.0
147.0 70.0
207.0 55.0
240.0 102.0
194.0 121.0
146.0 130.0
143.0 160.0
98.0 125.0
81.0 21.0
123.0 197.0
91.0 22.0
87.0 119.0
21.0 117.0
38.0 191.0
198.0 117.0
17.0 124.0
129.0 140.0
17.0 248.0
96.0 147.0
