1
64 1 3.0 0.0 1000.0 3 160 240 100

6.5 13.5 29.3 58.5
13.0 27.0 58.5 117.0
19.5 40.5 87.8 175.5
26.0 54.0 117.0 234.0
39.0 81.0 175.5 351.0
52.0 108.0 234.0 468.0
58.5 121.5 263.3 526.5
65.0 135.0 292.5 585.0
78.0 162.0 351.0 702.0
0.0 180.0 390.0 780.0

2.0 5.0 8.0 11.0
5.0 8.0 11.0 14.0
9.0 12.0 15.0 18.0
11.0 14.0 17.0 20.0
15.0 18.0 21.0 24.0
18.0 21.0 24.0 27.0
20.0 23.0 26.0 29.0
25.0 28.0 31.0 34.0
29.0 32.0 35.0 38.0
0.0 34.0 37.0 40.0

33.0 180.0
249.0 196.0
155.0 58.0
82.0 67.0
73.0 88.0
193.0 98.0
153.0 128.0
117.0 138.0
38.0 71.0
201.0 195.0
97.0 130.0
26.0 134.0
214.0 110.0
236.0 28.0
110.0 187.0
117.0 64.0
226.0 12.0
103.0 20.0
225.0 61.0
188.0 93.0
9.0 166.0
37.0 205.0
205.0 9.0
161.0 203.0
123.0 160.0
53.0 211.0
18.0 56.0
47.0 162.0
43.0 123.0
168.0 141.0
94.0 69.0
91.0 209.0
52.0 176.0
132.0 204.0
7.0 242.0
240.0 57.0
99.0 119.0
43.0 0.0
174.0 135.0
54.0 94.0
16.0 216.0
204.0 50.0
235.0 118.0
181.0 167.0
198.0 217.0
124.0 228.0
201.0 126.0
28.0 57.0
142.0 237.0
19.0 197.0
29.0 65.0
248.0 37.0
201.0 112.0
185.0 236.0
220.0 25.0
169.0 126.0
191.0 117.0
141.0 83.0
87.0 161.0
37.0 169.0
221.0 160.0
136.0 157.0
55.0 108.0
213.0 116.0

38.0 185.0
254.0 200.0
161.0 63.0
88.0 72.0
78.0 92.0
198.0 103.0
159.0 134.0
122.0 144.0
43.0 77.0
207.0 199.0
103.0 136.0
31.0 140.0
218.0 114.0
241.0 33.0
116.0 193.0
122.0 69.0
231.0 17.0
109.0 26.0
229.0 66.0
193.0 98.0
14.0 171.0
42.0 210.0
211.0 13.0
167.0 208.0
127.0 165.0
58.0 216.0
22.0 62.0
52.0 168.0
49.0 128.0
173.0 146.0
99.0 74.0
96.0 213.0
57.0 181.0
137.0 208.0
12.0 248.0
245.0 62.0
104.0 125.0
47.0 5.0
179.0 141.0
59.0 98.0
20.0 221.0
208.0 55.0
239.0 123.0
187.0 172.0
204.0 223.0
129.0 232.0
207.0 130.0
34.0 62.0
148.0 242.0
24.0 202.0
34.0 69.0
254.0 42.0
207.0 116.0
189.0 240.0
226.0 30.0
174.0 131.0
197.0 122.0
146.0 88.0
93.0 167.0
43.0 174.0
226.0 166.0
142.0 162.0
60.0 112.0
218.0 121.0
