1
64 1 3.0 0.0 1000.0 3 160 240 100

6.5 13.5 29.3 58.5
13.0 27.0 58.5 117.0
19.5 40.5 87.8 175.5
26.0 54.0 117.0 234.0
39.0 81.0 175.5 351.0
52.0 108.0 234.0 468.0
58.5 121.5 263.3 526.5
65.0 135.0 292.5 585.0
78.0 162.0 351.0 702.0
0.0 180.0 390.0 780.0

2.0 5.0 8.0 11.0
5.0 8.0 11.0 14.0
9.0 12.0 15.0 18.0
11.0 14.0 17.0 20.0
15.0 18.0 21.0 24.0
18.0 21.0 24.0 27.0
20.0 23.0 26.0 29.0
25.0 28.0 31.0 34.0
29.0 32.0 35.0 38.0
0.0 34.0 37.0 40.0

121.0 236.0
124.0 155.0
98.0 53.0
65.0 105.0
186.0 123.0
85.0 97.0
175.0 121.0
238.0 4.0
11.0 80.0
83.0 98.0
128.0 85.0
5.0 51.0
156.0 230.0
232.0 104.0
197.0 115.0
124.0 96.0
180.0 206.0
182.0 71.0
135.0 211.0
230.0 35.0
247.0 177.0
97.0 209.0
169.0 77.0
115.0 225.0
87.0 227.0
146.0 231.0
116.0 165.0
77.0 231.0
177.0 217.0
115.0 0.0
33.0 6.0
208.0 23.0
21.0 248.0
30.0 178.0
32.0 219.0
5.0 237.0
151.0 114.0
160.0 20.0
130.0 57.0
171.0 156.0
233.0 104.0
17.0 176.0
10.0 126.0
227.0 244.0
142.0 40.0
249.0 136.0
67.0 146.0
78.0 151.0
134.0 169.0
24.0 184.0
120.0 132.0
138.0 25.0
247.0 38.0
56.0 237.0
150.0 117.0
149.0 39.0
48.0 224.0
124.0 203.0
212.0 45.0
70.0 233.0
99.0 47.0
236.0 225.0
120.0 213.0
156.0 60.0

126.0 241.0
128.0 160.0
104.0 57.0
69.0 111.0
191.0 128.0
90.0 102.0
181.0 125.0
243.0 8.0
17.0 85.0
88.0 103.0
133.0 91.0
11.0 56.0
161.0 235.0
238.0 109.0
202.0 120.0
130.0 100.0
184.0 212.0
187.0 75.0
140.0 217.0
235.0 39.0
252.0 183.0
101.0 213.0
174.0 82.0
120.0 231.0
92.0 232.0
152.0 235.0
120.0 171.0
81.0 236.0
183.0 223.0
119.0 5.0
39.0 12.0
213.0 27.0
27.0 254.0
34.0 182.0
36.0 224.0
10.0 242.0
156.0 120.0
164.0 26.0
136.0 61.0
176.0 162.0
237.0 108.0
22.0 180.0
16.0 131.0
231.0 250.0
147.0 44.0
253.0 141.0
72.0 151.0
83.0 156.0
139.0 175.0
29.0 188.0
125.0 138.0
143.0 30.0
251.0 43.0
60.0 241.0
155.0 123.0
154.0 45.0
53.0 229.0
129.0 208.0
216.0 51.0
75.0 238.0
104.0 52.0
241.0 230.0
125.0 219.0
161.0 64.0
