1
64 1 3.0 0.0 1000.0 3 160 240 100

6.5 13.5 29.3 58.5
13.0 27.0 58.5 117.0
19.5 40.5 87.8 175.5
26.0 54.0 117.0 234.0
39.0 81.0 175.5 351.0
52.0 108.0 234.0 468.0
58.5 121.5 263.3 526.5
65.0 135.0 292.5 585.0
78.0 162.0 351.0 702.0
0.0 180.0 390.0 780.0

2.0 5.0 8.0 11.0
5.0 8.0 11.0 14.0
9.0 12.0 15.0 18.0
11.0 14.0 17.0 20.0
15.0 18.0 21.0 24.0
18.0 21.0 24.0 27.0
20.0 23.0 26.0 29.0
25.0 28.0 31.0 34.0
29.0 32.0 35.0 38.0
0.0 34.0 37.0 40.0

3.0 159.0
215.0 127.0
13.0 109.0
236.0 210.0
61.0 182.0
228.0 203.0
225.0 199.0
49.0 160.0
171.0 56.0
140.0 137.0
220.0 122.0
211.0 16.0
34.0 144.0
102.0 246.0
127.0 193.0
190.0 200.0
198.0 223.0
241.0 102.0
130.0 147.0
210.0 110.0
36.0 133.0
15.0 147.0
42.0 139.0
154.0 165.0
87.0 30.0
75.0 78.0
50.0 157.0
39.0 174.0
105.0 122.0
8.0 107.0
241.0 235.0
180.0 157.0
220.0 10.0
78.0 242.0
42.0 81.0
175.0 236.0
61.0 13.0
108.0 204.0
194.0 4.0
78.0 233.0
239.0 97.0
108.0 104.0
136.0 3.0
143.0 89.0
42.0 38.0
33.0 13.0
182.0 155.0
8.0 233.0
239.0 188.0
55.0 40.0
100.0 171.0
198.0 29.0
103.0 224.0
202.0 50.0
233.0 243.0
72.0 172.0
29.0 6.0
13.0 143.0
28.0 66.0
81.0 155.0
133.0 162.0
66.0 21.0
106.0 148.0
224.0 195.0

9.0 165.0
220.0 132.0
18.0 115.0
241.0 216.0
66.0 187.0
233.0 208.0
229.0 204.0
53.0 164.0
176.0 61.0
145.0 141.0
226.0 127.0
215.0 21.0
39.0 149.0
108.0 252.0
133.0 198.0
195.0 204.0
203.0 229.0
246.0 107.0
135.0 152.0
215.0 116.0
40.0 138.0
19.0 153.0
48.0 144.0
158.0 171.0
92.0 35.0
81.0 83.0
54.0 163.0
44.0 179.0
111.0 127.0
12.0 112.0
246.0 239.0
185.0 162.0
225.0 15.0
83.0 247.0
47.0 86.0
180.0 240.0
66.0 17.0
112.0 210.0
199.0 8.0
83.0 238.0
244.0 102.0
112.0 109.0
141.0 9.0
147.0 95.0
47.0 42.0
37.0 18.0
188.0 161.0
13.0 237.0
243.0 194.0
60.0 45.0
106.0 176.0
202.0 34.0
108.0 228.0
206.0 55.0
237.0 248.0
76.0 177.0
34.0 12.0
17.0 147.0
33.0 70.0
87.0 159.0
138.0 167.0
71.0 27.0
111.0 152.0
229.0 200.0
