1
64 1 3.0 0.0 1000.0 3 160 240 100

6.5 13.5 29.3 58.5
13.0 27.0 58.5 117.0
19.5 40.5 87.8 175.5
26.0 54.0 117.0 234.0
39.0 81.0 175.5 351.0
52.0 108.0 234.0 468.0
58.5 121.5 263.3 526.5
65.0 135.0 292.5 585.0
78.0 162.0 351.0 702.0
0.0 180.0 390.0 780.0

2.0 5.0 8.0 11.0
5.0 8.0 11.0 14.0
9.0 12.0 15.0 18.0
11.0 14.0 17.0 20.0
15.0 18.0 21.0 24.0
18.0 21.0 24.0 27.0
20.0 23.0 26.0 29.0
25.0 28.0 31.0 34.0
29.0 32.0 35.0 38.0
0.0 34.0 37.0 40.0

33.0 137.0
31.0 182.0
59.0 121.0
104.0 9.0
91.0 237.0
72.0 87.0
212.0 125.0
142.0 176.0
15.0 106.0
144.0 239.0
71.0 8.0
189.0 159.0
165.0 161.0
171.0 19.0
16.0 89.0
200.0 155.0
230.0 218.0
156.0 193.0
67.0 9.0
85.0 135.0
165.0 218.0
232.0 110.0
162.0 53.0
67.0 210.0
231.0 62.0
229.0 156.0
108.0 148.0
109.0 87.0
248.0 172.0
121.0 100.0
56.0 153.0
30.0 206.0
209.0 165.0
222.0 198.0
147.0 62.0
195.0 222.0
110.0 248.0
16.0 190.0
188.0 9.0
141.0 173.0
127.0 234.0
240.0 58.0
239.0 188.0
23.0 228.0
26.0 24.0
101.0 168.0
245.0 69.0
2.0 138.0
160.0 209.0
242.0 183.0
64.0 29.0
202.0 8.0
199.0 146.0
91.0 101.0
44.0 32.0
107.0 18.0
204.0 138.0
214.0 70.0
8.0 223.0
23.0 227.0
175.0 104.0
51.0 81.0
20.0 72.0
242.0 69.0

39.0 142.0
37.0 186.0
64.0 126.0
109.0 13.0
96.0 242.0
76.0 92.0
217.0 130.0
147.0 182.0
21.0 110.0
148.0 245.0
76.0 13.0
195.0 165.0
171.0 165.0
176.0 24.0
21.0 93.0
205.0 159.0
234.0 224.0
162.0 197.0
71.0 13.0
90.0 140.0
170.0 223.0
238.0 116.0
167.0 59.0
73.0 215.0
237.0 68.0
234.0 162.0
113.0 153.0
114.0 92.0
253.0 177.0
126.0 104.0
62.0 159.0
35.0 210.0
215.0 171.0
227.0 202.0
153.0 68.0
201.0 227.0
115.0 253.0
21.0 194.0
194.0 15.0
146.0 178.0
131.0 239.0
245.0 62.0
245.0 193.0
28.0 234.0
30.0 30.0
105.0 173.0
251.0 75.0
8.0 143.0
166.0 214.0
247.0 189.0
69.0 34.0
207.0 12.0
204.0 150.0
97.0 107.0
49.0 36.0
112.0 22.0
208.0 143.0
219.0 74.0
12.0 228.0
29.0 231.0
179.0 108.0
57.0 85.0
24.0 77.0
247.0 73.0
