1
64 1 3.0 0.0 1000.0 3 160 240 100

6.5 13.5 29.3 58.5
13.0 27.0 58.5 117.0
19.5 40.5 87.8 175.5
26.0 54.0 117.0 234.0
39.0 81.0 175.5 351.0
52.0 108.0 234.0 468.0
58.5 121.5 263.3 526.5
65.0 135.0 292.5 585.0
78.0 162.0 351.0 702.0
0.0 180.0 390.0 780.0

2.0 5.0 8.0 11.0
5.0 8.0 11.0 14.0
9.0 12.0 15.0 18.0
11.0 14.0 17.0 20.0
15.0 18.0 21.0 24.0
18.0 21.0 24.0 27.0
20.0 23.0 26.0 29.0
25.0 28.0 31.0 34.0
29.0 32.0 35.0 38.0
0.0 34.0 37.0 40.0

215.0 236.0
166.0 247.0
68.0 144.0
197.0 167.0
116.0 244.0
167.0 39.0
118.0 171.0
27.0 236.0
140.0 179.0
185.0 231.0
155.0 114.0
163.0 182.0
134.0 24.0
50.0 69.0
80.0 178.0
118.0 55.0
22.0 76.0
30.0 60.0
43.0 104.0
92.0 106.0
223.0 28.0
129.0 31.0
212.0 109.0
64.0 23.0
173.0 164.0
133.0 190.0
201.0 231.0
208.0 234.0
69.0 28.0
38.0 83.0
37.0 239.0
240.0 165.0
211.0 208.0
235.0 59.0
36.0 187.0
91.0 73.0
67.0 93.0
74.0 123.0
210.0 39.0
20.0 76.0
192.0 243.0
180.0 56.0
99.0 186.0
43.0 14.0
110.0 238.0
154.0 167.0
125.0 30.0
59.0 2.0
58.0 133.0
24.0 59.0
114.0 221.0
33.0 68.0
191.0 142.0
79.0 37.0
102.0 197.0
135.0 231.0
143.0 186.0
205.0 22.0
56.0 139.0
188.0 164.0
62.0 165.0
107.0 111.0
124.0 219.0
56.0 49.0

219.0 241.0
171.0 252.0
72.0 149.0
202.0 173.0
121.0 249.0
172.0 45.0
124.0 175.0
32.0 241.0
146.0 183.0
191.0 236.0
160.0 118.0
168.0 187.0
139.0 29.0
55.0 74.0
85.0 183.0
123.0 61.0
28.0 81.0
36.0 64.0
48.0 110.0
97.0 111.0
228.0 33.0
133.0 36.0
216.0 114.0
69.0 28.0
179.0 169.0
138.0 196.0
207.0 237.0
213.0 238.0
74.0 33.0
44.0 88.0
42.0 245.0
244.0 169.0
216.0 214.0
240.0 65.0
40.0 192.0
96.0 78.0
72.0 99.0
79.0 128.0
216.0 45.0
25.0 81.0
197.0 247.0
185.0 62.0
104.0 191.0
48.0 20.0
115.0 244.0
158.0 171.0
130.0 35.0
63.0 7.0
64.0 137.0
30.0 64.0
119.0 226.0
37.0 74.0
197.0 146.0
83.0 42.0
107.0 202.0
139.0 235.0
149.0 190.0
209.0 26.0
62.0 145.0
193.0 170.0
67.0 171.0
112.0 116.0
130.0 224.0
61.0 53.0
