1
64 1 3.0 0.0 1000.0 3 160 240 100

6.5 13.5 29.3 58.5
13.0 27.0 58.5 117.0
19.5 40.5 87.8 175.5
26.0 54.0 117.0 234.0
39.0 81.0 175.5 351.0
52.0 108.0 234.0 468.0
58.5 121.5 263.3 526.5
65.0 135.0 292.5 585.0
78.0 162.0 351.0 702.0
0.0 180.0 390.0 780.0

2.0 5.0 8.0 11.0
5.0 8.0 11.0 14.0
9.0 12.0 15.0 18.0
11.0 14.0 17.0 20.0
15.0 18.0 21.0 24.0
18.0 21.0 24.0 27.0
20.0 23.0 26.0 29.0
25.0 28.0 31.0 34.0
29.0 32.0 35.0 38.0
0.0 34.0 37.0 40.0

198.0 98.0
150.0 176.0
68.0 179.0
14.0 178.0
66.0 66.0
39.0 44.0
31.0 130.0
213.0 161.0
1.0 200.0
98.0 133.0
57.0 19.0
73.0 200.0
93.0 32.0
61.0 142.0
225.0 14.0
116.0 99.0
93.0 134.0
23.0 35.0
126.0 92.0
146.0 164.0
180.0 42.0
80.0 185.0
219.0 67.0
188.0 21.0
75.0 45.0
221.0 33.0
105.0 42.0
236.0 24.0
126.0 202.0
100.0 140.0
89.0 145.0
207.0 100.0
246.0 212.0
61.0 240.0
145.0 195.0
203.0 176.0
74.0 23.0
50.0 195.0
176.0 155.0
216.0 58.0
229.0 39.0
23.0 201.0
179.0 4.0
151.0 130.0
50.0 67.0
240.0 137.0
200.0 158.0
46.0 3.0
168.0 113.0
63.0 178.0
198.0 56.0
103.0 247.0
68.0 163.0
127.0 39.0
193.0 39.0
166.0 62.0
236.0 72.0
30.0 242.0
82.0 149.0
10.0 36.0
40.0 180.0
137.0 11.0
235.0 226.0
84.0 91.0

202.0 103.0
155.0 181.0
74.0 184.0
19.0 182.0
71.0 72.0
44.0 49.0
36.0 135.0
217.0 167.0
6.0 205.0
103.0 139.0
62.0 25.0
79.0 204.0
99.0 38.0
66.0 148.0
231.0 18.0
121.0 104.0
98.0 140.0
28.0 40.0
131.0 96.0
151.0 169.0
184.0 48.0
84.0 190.0
224.0 72.0
193.0 25.0
80.0 50.0
225.0 37.0
111.0 48.0
242.0 29.0
131.0 206.0
104.0 146.0
93.0 149.0
212.0 105.0
251.0 216.0
66.0 245.0
150.0 200.0
207.0 181.0
79.0 27.0
54.0 200.0
181.0 159.0
221.0 64.0
235.0 44.0
28.0 207.0
185.0 10.0
155.0 134.0
55.0 73.0
244.0 141.0
206.0 163.0
51.0 8.0
173.0 118.0
67.0 182.0
202.0 61.0
109.0 251.0
73.0 169.0
132.0 43.0
199.0 44.0
170.0 66.0
242.0 77.0
35.0 247.0
87.0 153.0
15.0 40.0
45.0 184.0
142.0 15.0
241.0 232.0
88.0 96.0
