1
64 1 3.0 0.0 1000.0 3 160 240 100

6.5 13.5 29.3 58.5
13.0 27.0 58.5 117.0
19.5 40.5 87.8 175.5
26.0 54.0 117.0 234.0
39.0 81.0 175.5 351.0
52.0 108.0 234.0 468.0
58.5 121.5 263.3 526.5
65.0 135.0 292.5 585.0
78.0 162.0 351.0 702.0
0.0 180.0 390.0 780.0

2.0 5.0 8.0 11.0
5.0 8.0 11.0 14.0
9.0 12.0 15.0 18.0
11.0 14.0 17.0 20.0
15.0 18.0 21.0 24.0
18.0 21.0 24.0 27.0
20.0 23.0 26.0 29.0
25.0 28.0 31.0 34.0
29.0 32.0 35.0 38.0
0.0 34.0 37.0 40.0

106.0 103.0
29.0 125.0
81.0 85.0
178.0 170.0
183.0 42.0
55.0 81.0
210.0 189.0
99.0 196.0
191.0 85.0
158.0 138.0
240.0 121.0
49.0 84.0
212.0 205.0
241.0 124.0
119.0 164.0
7.0 168.0
66.0 213.0
224.0 130.0
33.0 113.0
45.0 186.0
139.0 248.0
243.0 225.0
87.0 122.0
78.0 174.0
60.0 127.0
108.0 173.0
134.0 211.0
180.0 174.0
101.0 170.0
136.0 46.0
150.0 70.0
95.0 151.0
174.0 141.0
238.0 94.0
17.0 36.0
60.0 228.0
58.0 162.0
147.0 8.0
86.0 106.0
79.0 128.0
214.0 236.0
132.0 190.0
166.0 126.0
4.0 184.0
82.0 6.0
112.0 168.0
29.0 21.0
69.0 55.0
229.0 113.0
8.0 14.0
96.0 193.0
232.0 15.0
206.0 40.0
238.0 159.0
147.0 216.0
217.0 192.0
25.0 63.0
206.0 217.0
193.0 196.0
116.0 133.0
89.0 180.0
181.0 192.0
138.0 180.0
191.0 68.0

112.0 108.0
34.0 130.0
87.0 91.0
183.0 174.0
188.0 48.0
60.0 86.0
215.0 193.0
104.0 202.0
196.0 90.0
164.0 144.0
246.0 126.0
54.0 89.0
217.0 209.0
247.0 130.0
124.0 169.0
13.0 174.0
72.0 218.0
230.0 135.0
37.0 119.0
50.0 190.0
143.0 253.0
248.0 230.0
92.0 126.0
83.0 179.0
64.0 132.0
113.0 179.0
139.0 215.0
185.0 178.0
106.0 175.0
140.0 51.0
155.0 74.0
100.0 156.0
179.0 146.0
243.0 99.0
22.0 42.0
65.0 234.0
63.0 167.0
152.0 12.0
91.0 110.0
83.0 133.0
218.0 241.0
137.0 194.0
172.0 130.0
9.0 189.0
87.0 12.0
117.0 173.0
33.0 25.0
75.0 61.0
234.0 118.0
13.0 19.0
101.0 199.0
236.0 20.0
211.0 45.0
242.0 165.0
152.0 221.0
222.0 197.0
30.0 68.0
210.0 221.0
199.0 201.0
120.0 138.0
94.0 186.0
186.0 197.0
143.0 184.0
196.0 74.0
