1
64 1 3.0 0.0 1000.0 3 160 240 100

6.5 13.5 29.3 58.5
13.0 27.0 58.5 117.0
19.5 40.5 87.8 175.5
26.0 54.0 117.0 234.0
39.0 81.0 175.5 351.0
52.0 108.0 234.0 468.0
58.5 121.5 263.3 526.5
65.0 135.0 292.5 585.0
78.0 162.0 351.0 702.0
0.0 180.0 390.0 780.0

2.0 5.0 8.0 11.0
5.0 8.0 11.0 14.0
9.0 12.0 15.0 18.0
11.0 14.0 17.0 20.0
15.0 18.0 21.0 24.0
18.0 21.0 24.0 27.0
20.0 23.0 26.0 29.0
25.0 28.0 31.0 34.0
29.0 32.0 35.0 38.0
0.0 34.0 37.0 40.0

53.0 211.0
63.0 11.0
22.0 7.0
68.0 189.0
186.0 129.0
184.0 18.0
167.0 4.0
31.0 17.0
173.0 186.0
247.0 88.0
183.0 97.0
21.0 43.0
208.0 245.0
19.0 22.0
102.0 198.0
75.0 235.0
170.0 146.0
47.0 0.0
151.0 193.0
92.0 155.0
219.0 91.0
126.0 182.0
196.0 180.0
103.0 235.0
239.0 129.0
17.0 66.0
88.0 111.0
105.0 129.0
248.0 127.0
55.0 247.0
58.0 246.0
78.0 16.0
171.0 98.0
245.0 171.0
5.0 11.0
87.0 234.0
69.0 6.0
2.0 43.0
89.0 160.0
59.0 104.0
233.0 183.0
142.0 237.0
221.0 98.0
141.0 87.0
241.0 225.0
2.0 97.0
96.0 6.0
238.0 136.0
115.0 240.0
61.0 4.0
136.0 128.0
131.0 131.0
209.0 88.0
200.0 75.0
218.0 106.0
27.0 2.0
184.0 215.0
209.0 128.0
66.0 232.0
183.0 188.0
218.0 230.0
176.0 34.0
174.0 246.0
218.0 44.0

57.0 217.0
69.0 16.0
27.0 12.0
73.0 194.0
191.0 134.0
190.0 23.0
172.0 8.0
35.0 23.0
177.0 191.0
251.0 93.0
189.0 102.0
26.0 48.0
213.0 251.0
23.0 27.0
107.0 203.0
79.0 240.0
176.0 151.0
51.0 5.0
157.0 197.0
96.0 159.0
224.0 97.0
130.0 188.0
202.0 184.0
107.0 239.0
245.0 135.0
21.0 70.0
93.0 117.0
110.0 134.0
252.0 133.0
60.0 253.0
63.0 251.0
82.0 20.0
176.0 102.0
250.0 177.0
11.0 16.0
92.0 240.0
75.0 10.0
7.0 48.0
93.0 164.0
64.0 108.0
238.0 188.0
147.0 242.0
227.0 102.0
146.0 92.0
246.0 230.0
8.0 102.0
100.0 11.0
244.0 140.0
120.0 245.0
66.0 8.0
140.0 134.0
136.0 137.0
214.0 93.0
205.0 80.0
223.0 110.0
32.0 7.0
189.0 220.0
214.0 133.0
70.0 237.0
188.0 192.0
222.0 235.0
182.0 39.0
180.0 250.0
222.0 48.0
