1
64 1 3.0 0.0 1000.0 3 160 240 100

6.5 13.5 29.3 58.5
13.0 27.0 58.5 117.0
19.5 40.5 87.8 175.5
26.0 54.0 117.0 234.0
39.0 81.0 175.5 351.0
52.0 108.0 234.0 468.0
58.5 121.5 263.3 526.5
65.0 135.0 292.5 585.0
78.0 162.0 351.0 702.0
0.0 180.0 390.0 780.0

2.0 5.0 8.0 11.0
5.0 8.0 11.0 14.0
9.0 12.0 15.0 18.0
11.0 14.0 17.0 20.0
15.0 18.0 21.0 24.0
18.0 21.0 24.0 27.0
20.0 23.0 26.0 29.0
25.0 28.0 31.0 34.0
29.0 32.0 35.0 38.0
0.0 34.0 37.0 40.0

6.0 162.0
62.0 194.0
245.0 78.0
182.0 7.0
226.0 234.0
99.0 5.0
183.0 14.0
211.0 116.0
141.0 156.0
18.0 216.0
123.0 53.0
207.0 242.0
2.0 98.0
207.0 26.0
212.0 96.0
50.0 249.0
64.0 79.0
227.0 19.0
4.0 158.0
14.0 118.0
206.0 135.0
54.0 43.0
177.0 133.0
64.0 249.0
164.0 85.0
80.0 107.0
167.0 224.0
217.0 102.0
217.0 33.0
249.0 163.0
87.0 173.0
100.0 27.0
241.0 228.0
188.0 147.0
55.0 153.0
73.0 178.0
225.0 148.0
230.0 167.0
58.0 208.0
44.0 121.0
140.0 201.0
182.0 191.0
234.0 111.0
104.0 21.0
26.0 150.0
224.0 135.0
177.0 19.0
102.0 27.0
190.0 145.0
70.0 206.0
170.0 40.0
37.0 234.0
114.0 240.0
2.0 135.0
184.0 100.0
146.0 92.0
218.0 14.0
161.0 173.0
61.0 227.0
53.0 144.0
100.0 172.0
216.0 223.0
211.0 128.0
118.0 213.0

12.0 168.0
67.0 198.0
251.0 83.0
188.0 13.0
230.0 239.0
105.0 9.0
188.0 20.0
217.0 120.0
145.0 161.0
24.0 222.0
129.0 58.0
213.0 247.0
6.0 103.0
212.0 31.0
216.0 100.0
54.0 254.0
69.0 85.0
233.0 24.0
9.0 164.0
19.0 123.0
211.0 140.0
59.0 49.0
182.0 138.0
69.0 254.0
168.0 90.0
85.0 112.0
173.0 230.0
223.0 107.0
222.0 38.0
254.0 168.0
93.0 178.0
105.0 32.0
245.0 233.0
192.0 151.0
60.0 157.0
77.0 182.0
230.0 153.0
236.0 171.0
62.0 212.0
49.0 125.0
145.0 206.0
188.0 195.0
239.0 115.0
109.0 26.0
30.0 155.0
229.0 140.0
183.0 24.0
107.0 32.0
195.0 151.0
74.0 212.0
176.0 45.0
42.0 239.0
120.0 244.0
7.0 139.0
189.0 106.0
150.0 96.0
223.0 19.0
166.0 178.0
67.0 232.0
58.0 149.0
106.0 177.0
221.0 227.0
217.0 132.0
124.0 218.0
