1
64 1 3.0 0.0 1000.0 3 160 240 100

6.5 13.5 29.3 58.5
13.0 27.0 58.5 117.0
19.5 40.5 87.8 175.5
26.0 54.0 117.0 234.0
39.0 81.0 175.5 351.0
52.0 108.0 234.0 468.0
58.5 121.5 263.3 526.5
65.0 135.0 292.5 585.0
78.0 162.0 351.0 702.0
0.0 180.0 390.0 780.0

2.0 5.0 8.0 11.0
5.0 8.0 11.0 14.0
9.0 12.0 15.0 18.0
11.0 14.0 17.0 20.0
15.0 18.0 21.0 24.0
18.0 21.0 24.0 27.0
20.0 23.0 26.0 29.0
25.0 28.0 31.0 34.0
29.0 32.0 35.0 38.0
0.0 34.0 37.0 40.0

206.0 90.0
214.0 32.0
145.0 147.0
95.0 49.0
43.0 83.0
208.0 11.0
121.0 126.0
91.0 150.0
222.0 240.0
237.0 243.0
19.0 189.0
98.0 148.0
186.0 209.0
98.0 121.0
239.0 55.0
46.0 55.0
43.0 14.0
82.0 176.0
79.0 29.0
164.0 201.0
98.0 125.0
129.0 112.0
110.0 184.0
183.0 198.0
234.0 131.0
240.0 109.0
214.0 189.0
103.0 233.0
14.0 152.0
8.0 4.0
161.0 201.0
160.0 59.0
134.0 99.0
167.0 2.0
91.0 156.0
104.0 60.0
97.0 172.0
11.0 6.0
38.0 127.0
167.0 18.0
240.0 211.0
74.0 221.0
114.0 77.0
111.0 206.0
226.0 29.0
186.0 145.0
224.0 173.0
202.0 179.0
148.0 102.0
39.0 66.0
199.0 16.0
13.0 142.0
93.0 240.0
122.0 207.0
214.0 154.0
165.0 17.0
64.0 116.0
177.0 121.0
109.0 31.0
137.0 85.0
121.0 21.0
19.0 236.0
10.0 214.0
16.0 80.0

210.0 95.0
218.0 37.0
151.0 153.0
100.0 54.0
49.0 89.0
214.0 16.0
126.0 131.0
95.0 156.0
227.0 245.0
241.0 249.0
25.0 193.0
103.0 154.0
191.0 213.0
102.0 126.0
244.0 60.0
51.0 60.0
48.0 19.0
86.0 180.0
84.0 33.0
169.0 205.0
103.0 129.0
135.0 118.0
116.0 189.0
189.0 204.0
238.0 137.0
245.0 115.0
220.0 193.0
107.0 237.0
19.0 157.0
14.0 10.0
167.0 206.0
165.0 63.0
140.0 104.0
172.0 7.0
96.0 162.0
108.0 66.0
102.0 176.0
16.0 12.0
42.0 132.0
172.0 23.0
244.0 217.0
79.0 226.0
119.0 81.0
115.0 211.0
230.0 35.0
190.0 150.0
230.0 178.0
207.0 185.0
153.0 107.0
45.0 71.0
205.0 21.0
18.0 147.0
99.0 245.0
128.0 212.0
220.0 160.0
169.0 23.0
69.0 122.0
183.0 126.0
115.0 36.0
142.0 89.0
126.0 26.0
24.0 241.0
15.0 218.0
21.0 86.0
