1
64 1 3.0 0.0 1000.0 3 160 240 100

6.5 13.5 29.3 58.5
13.0 27.0 58.5 117.0
19.5 40.5 87.8 175.5
26.0 54.0 117.0 234.0
39.0 81.0 175.5 351.0
52.0 108.0 234.0 468.0
58.5 121.5 263.3 526.5
65.0 135.0 292.5 585.0
78.0 162.0 351.0 702.0
0.0 180.0 390.0 780.0

2.0 5.0 8.0 11.0
5.0 8.0 11.0 14.0
9.0 12.0 15.0 18.0
11.0 14.0 17.0 20.0
15.0 18.0 21.0 24.0
18.0 21.0 24.0 27.0
20.0 23.0 26.0 29.0
25.0 28.0 31.0 34.0
29.0 32.0 35.0 38.0
0.0 34.0 37.0 40.0

196.0 35.0
13.0 122.0
235.0 41.0
73.0 225.0
79.0 101.0
246.0 134.0
99.0 116.0
233.0 94.0
242.0 11.0
67.0 29.0
220.0 11.0
127.0 84.0
234.0 92.0
238.0 230.0
168.0 113.0
217.0 137.0
28.0 228.0
32.0 39.0
186.0 219.0
49.0 146.0
88.0 202.0
173.0 214.0
99.0 236.0
233.0 209.0
27.0 158.0
24.0 43.0
128.0 51.0
249.0 194.0
242.0 39.0
152.0 66.0
4.0 196.0
186.0 18.0
148.0 132.0
158.0 58.0
228.0 176.0
56.0 240.0
134.0 91.0
127.0 146.0
126.0 104.0
45.0 111.0
118.0 79.0
90.0 195.0
66.0 238.0
86.0 198.0
77.0 122.0
111.0 76.0
203.0 77.0
121.0 203.0
173.0 88.0
129.0 196.0
145.0 116.0
183.0 118.0
108.0 135.0
187.0 174.0
147.0 151.0
166.0 68.0
68.0 23.0
154.0 21.0
222.0 248.0
169.0 239.0
153.0 150.0
90.0 211.0
35.0 10.0
25.0 248.0

202.0 40.0
17.0 127.0
239.0 46.0
78.0 230.0
85.0 107.0
250.0 139.0
104.0 122.0
238.0 99.0
247.0 16.0
72.0 34.0
224.0 17.0
133.0 90.0
240.0 98.0
242.0 236.0
172.0 118.0
221.0 141.0
33.0 233.0
36.0 44.0
191.0 224.0
53.0 150.0
92.0 207.0
178.0 218.0
104.0 241.0
239.0 215.0
32.0 162.0
28.0 49.0
134.0 55.0
255.0 199.0
246.0 44.0
158.0 72.0
8.0 201.0
191.0 23.0
153.0 137.0
163.0 63.0
234.0 181.0
61.0 245.0
139.0 95.0
133.0 151.0
130.0 108.0
49.0 117.0
123.0 84.0
96.0 199.0
70.0 244.0
90.0 203.0
82.0 127.0
116.0 80.0
208.0 82.0
126.0 208.0
177.0 93.0
134.0 202.0
150.0 120.0
189.0 123.0
113.0 141.0
192.0 178.0
152.0 157.0
171.0 74.0
73.0 28.0
158.0 25.0
227.0 253.0
175.0 245.0
158.0 154.0
95.0 216.0
39.0 14.0
30.0 253.0
