1
64 1 3.0 0.0 1000.0 3 160 240 100

6.5 13.5 29.3 58.5
13.0 27.0 58.5 117.0
19.5 40.5 87.8 175.5
26.0 54.0 117.0 234.0
39.0 81.0 175.5 351.0
52.0 108.0 234.0 468.0
58.5 121.5 263.3 526.5
65.0 135.0 292.5 585.0
78.0 162.0 351.0 702.0
0.0 180.0 390.0 780.0

2.0 5.0 8.0 11.0
5.0 8.0 11.0 14.0
9.0 12.0 15.0 18.0
11.0 14.0 17.0 20.0
15.0 18.0 21.0 24.0
18.0 21.0 24.0 27.0
20.0 23.0 26.0 29.0
25.0 28.0 31.0 34.0
29.0 32.0 35.0 38.0
0.0 34.0 37.0 40.0

86.0 143.0
158.0 117.0
106.0 136.0
222.0 44.0
138.0 174.0
118.0 167.0
176.0 215.0
9.0 88.0
165.0 54.0
227.0 137.0
234.0 197.0
70.0 13.0
209.0 161.0
201.0 242.0
95.0 210.0
226.0 151.0
51.0 120.0
143.0 85.0
179.0 111.0
128.0 170.0
15.0 156.0
220.0 235.0
167.0 191.0
236.0 76.0
129.0 51.0
109.0 49.0
72.0 42.0
119.0 32.0
17.0 84.0
61.0 147.0
93.0 223.0
206.0 133.0
123.0 72.0
230.0 145.0
135.0 91.0
87.0 2.0
172.0 153.0
122.0 19.0
109.0 179.0
26.0 87.0
228.0 163.0
59.0 244.0
148.0 241.0
23.0 38.0
218.0 6.0
15.0 57.0
104.0 93.0
85.0 27.0
60.0 120.0
209.0 248.0
216.0 119.0
51.0 147.0
21.0 182.0
80.0 73.0
48.0 75.0
118.0 10.0
158.0 168.0
17.0 191.0
108.0 63.0
179.0 174.0
246.0 141.0
215.0 234.0
233.0 40.0
108.0 12.0

91.0 149.0
164.0 122.0
111.0 142.0
227.0 50.0
144.0 179.0
122.0 172.0
181.0 220.0
14.0 94.0
169.0 59.0
232.0 143.0
238.0 202.0
74.0 17.0
213.0 166.0
207.0 247.0
99.0 215.0
230.0 156.0
56.0 124.0
148.0 91.0
183.0 115.0
133.0 175.0
21.0 161.0
226.0 240.0
173.0 197.0
241.0 82.0
134.0 56.0
114.0 55.0
77.0 47.0
123.0 37.0
22.0 89.0
66.0 152.0
98.0 228.0
211.0 138.0
129.0 77.0
235.0 149.0
140.0 96.0
92.0 7.0
177.0 158.0
128.0 24.0
114.0 184.0
31.0 93.0
232.0 167.0
64.0 249.0
154.0 247.0
28.0 43.0
224.0 12.0
20.0 63.0
108.0 98.0
89.0 33.0
65.0 125.0
213.0 253.0
221.0 125.0
57.0 152.0
26.0 187.0
85.0 79.0
52.0 80.0
123.0 15.0
163.0 172.0
22.0 197.0
113.0 67.0
184.0 178.0
250.0 146.0
221.0 239.0
238.0 45.0
113.0 18.0
