1
64 1 3.0 0.0 1000.0 3 160 240 100

6.5 13.5 29.3 58.5
13.0 27.0 58.5 117.0
19.5 40.5 87.8 175.5
26.0 54.0 117.0 234.0
39.0 81.0 175.5 351.0
52.0 108.0 234.0 468.0
58.5 121.5 263.3 526.5
65.0 135.0 292.5 585.0
78.0 162.0 351.0 702.0
0.0 180.0 390.0 780.0

2.0 5.0 8.0 11.0
5.0 8.0 11.0 14.0
9.0 12.0 15.0 18.0
11.0 14.0 17.0 20.0
15.0 18.0 21.0 24.0
18.0 21.0 24.0 27.0
20.0 23.0 26.0 29.0
25.0 28.0 31.0 34.0
29.0 32.0 35.0 38.0
0.0 34.0 37.0 40.0

121.0 86.0
176.0 49.0
122.0 76.0
169.0 129.0
97.0 212.0
167.0 154.0
112.0 233.0
195.0 139.0
227.0 217.0
72.0 53.0
77.0 8.0
164.0 224.0
189.0 16.0
197.0 51.0
249.0 191.0
233.0 191.0
80.0 235.0
225.0 207.0
143.0 197.0
131.0 234.0
219.0 176.0
141.0 21.0
202.0 127.0
116.0 37.0
35.0 131.0
152.0 118.0
98.0 248.0
17.0 211.0
192.0 181.0
239.0 84.0
76.0 13.0
210.0 171.0
53.0 99.0
222.0 49.0
201.0 10.0
165.0 93.0
121.0 239.0
191.0 174.0
151.0 189.0
182.0 77.0
80.0 25.0
206.0 137.0
158.0 27.0
194.0 123.0
60.0 177.0
114.0 14.0
248.0 218.0
21.0 66.0
244.0 42.0
133.0 175.0
137.0 46.0
179.0 85.0
211.0 155.0
54.0 56.0
158.0 47.0
140.0 160.0
112.0 155.0
211.0 209.0
109.0 87.0
156.0 104.0
85.0 188.0
66.0 228.0
130.0 240.0
27.0 51.0

127.0 90.0
182.0 55.0
128.0 80.0
174.0 134.0
102.0 218.0
172.0 158.0
117.0 238.0
201.0 144.0
232.0 221.0
77.0 57.0
82.0 12.0
168.0 229.0
195.0 20.0
202.0 56.0
253.0 197.0
239.0 196.0
86.0 240.0
230.0 212.0
149.0 202.0
136.0 239.0
224.0 181.0
146.0 25.0
206.0 132.0
121.0 41.0
39.0 135.0
158.0 124.0
104.0 253.0
23.0 217.0
198.0 186.0
243.0 89.0
81.0 19.0
215.0 176.0
58.0 104.0
227.0 53.0
205.0 15.0
170.0 98.0
127.0 244.0
196.0 178.0
157.0 194.0
186.0 83.0
85.0 31.0
211.0 143.0
162.0 32.0
199.0 128.0
64.0 183.0
119.0 19.0
252.0 224.0
25.0 71.0
249.0 47.0
138.0 179.0
142.0 51.0
185.0 90.0
215.0 161.0
59.0 60.0
163.0 52.0
146.0 166.0
117.0 160.0
217.0 214.0
115.0 93.0
160.0 109.0
90.0 193.0
71.0 233.0
134.0 244.0
33.0 56.0
