1
64 1 3.0 0.0 1000.0 3 160 240 100

6.5 13.5 29.3 58.5
13.0 27.0 58.5 117.0
19.5 40.5 87.8 175.5
26.0 54.0 117.0 234.0
39.0 81.0 175.5 351.0
52.0 108.0 234.0 468.0
58.5 121.5 263.3 526.5
65.0 135.0 292.5 585.0
78.0 162.0 351.0 702.0
0.0 180.0 390.0 780.0

2.0 5.0 8.0 11.0
5.0 8.0 11.0 14.0
9.0 12.0 15.0 18.0
11.0 14.0 17.0 20.0
15.0 18.0 21.0 24.0
18.0 21.0 24.0 27.0
20.0 23.0 26.0 29.0
25.0 28.0 31.0 34.0
29.0 32.0 35.0 38.0
0.0 34.0 37.0 40.0

115.0 8.0
43.0 240.0
236.0 190.0
97.0 163.0
187.0 91.0
31.0 8.0
85.0 12.0
247.0 110.0
216.0 67.0
137.0 195.0
116.0 123.0
1.0 212.0
207.0 182.0
83.0 28.0
199.0 235.0
80.0 153.0
250.0 174.0
48.0 248.0
231.0 159.0
177.0 208.0
222.0 133.0
242.0 188.0
185.0 29.0
77.0 3.0
91.0 228.0
240.0 125.0
66.0 184.0
107.0 106.0
189.0 159.0
188.0 12.0
161.0 98.0
14.0 65.0
85.0 221.0
21.0 226.0
197.0 229.0
165.0 18.0
184.0 90.0
53.0 206.0
31.0 159.0
200.0 10.0
173.0 231.0
84.0 95.0
9.0 160.0
233.0 130.0
190.0 19.0
122.0 34.0
104.0 45.0
12.0 99.0
93.0 232.0
122.0 203.0
217.0 193.0
140.0 189.0
200.0 15.0
99.0 11.0
19.0 119.0
236.0 79.0
134.0 209.0
245.0 42.0
198.0 210.0
165.0 53.0
130.0 150.0
182.0 145.0
244.0 5.0
218.0 133.0

121.0 14.0
47.0 245.0
240.0 195.0
102.0 169.0
193.0 96.0
36.0 12.0
90.0 18.0
253.0 115.0
220.0 72.0
141.0 200.0
121.0 128.0
6.0 218.0
213.0 188.0
89.0 33.0
204.0 239.0
84.0 157.0
255.0 179.0
53.0 254.0
235.0 164.0
183.0 213.0
228.0 138.0
247.0 194.0
189.0 33.0
82.0 8.0
96.0 233.0
246.0 129.0
71.0 188.0
113.0 111.0
193.0 164.0
192.0 18.0
165.0 102.0
20.0 70.0
91.0 227.0
26.0 230.0
202.0 234.0
169.0 23.0
190.0 94.0
58.0 210.0
37.0 164.0
204.0 16.0
178.0 235.0
89.0 99.0
15.0 166.0
239.0 136.0
195.0 25.0
127.0 38.0
108.0 49.0
17.0 104.0
99.0 237.0
126.0 209.0
223.0 198.0
146.0 195.0
205.0 19.0
105.0 17.0
25.0 125.0
242.0 85.0
140.0 215.0
251.0 47.0
204.0 216.0
171.0 58.0
135.0 155.0
187.0 151.0
249.0 9.0
223.0 138.0
