1
64 1 3.0 0.0 1000.0 3 160 240 100

6.5 13.5 29.3 58.5
13.0 27.0 58.5 117.0
19.5 40.5 87.8 175.5
26.0 54.0 117.0 234.0
39.0 81.0 175.5 351.0
52.0 108.0 234.0 468.0
58.5 121.5 263.3 526.5
65.0 135.0 292.5 585.0
78.0 162.0 351.0 702.0
0.0 180.0 390.0 780.0

2.0 5.0 8.0 11.0
5.0 8.0 11.0 14.0
9.0 12.0 15.0 18.0
11.0 14.0 17.0 20.0
15.0 18.0 21.0 24.0
18.0 21.0 24.0 27.0
20.0 23.0 26.0 29.0
25.0 28.0 31.0 34.0
29.0 32.0 35.0 38.0
0.0 34.0 37.0 40.0

195.0 196.0
39.0 228.0
64.0 176.0
107.0 177.0
69.0 120.0
198.0 99.0
97.0 228.0
130.0 35.0
103.0 96.0
213.0 195.0
169.0 74.0
194.0 26.0
233.0 202.0
205.0 18.0
209.0 237.0
54.0 161.0
250.0 112.0
37.0 74.0
225.0 226.0
3.0 63.0
66.0 13.0
205.0 19.0
162.0 66.0
61.0 44.0
79.0 151.0
226.0 69.0
176.0 248.0
224.0 6.0
5.0 92.0
164.0 47.0
193.0 217.0
167.0 42.0
71.0 98.0
156.0 193.0
129.0 34.0
2.0 111.0
173.0 228.0
68.0 111.0
148.0 84.0
242.0 162.0
131.0 56.0
160.0 233.0
73.0 196.0
65.0 91.0
174.0 106.0
125.0 162.0
97.0 63.0
42.0 135.0
23.0 156.0
140.0 38.0
142.0 77.0
159.0 105.0
191.0 18.0
37.0 31.0
13.0 212.0
52.0 58.0
137.0 174.0
237.0 109.0
207.0 71.0
46.0 53.0
147.0 144.0
66.0 181.0
14.0 231.0
141.0 100.0

200.0 202.0
44.0 234.0
68.0 180.0
112.0 183.0
73.0 125.0
202.0 104.0
101.0 233.0
136.0 39.0
107.0 101.0
218.0 199.0
175.0 80.0
200.0 32.0
238.0 206.0
210.0 22.0
215.0 243.0
59.0 167.0
256.0 116.0
42.0 78.0
231.0 231.0
7.0 67.0
72.0 17.0
209.0 24.0
168.0 71.0
65.0 50.0
85.0 157.0
232.0 75.0
180.0 252.0
229.0 11.0
10.0 97.0
169.0 51.0
198.0 222.0
171.0 48.0
75.0 102.0
162.0 197.0
134.0 40.0
8.0 115.0
177.0 232.0
74.0 116.0
153.0 88.0
247.0 167.0
136.0 60.0
164.0 238.0
77.0 201.0
71.0 96.0
178.0 110.0
129.0 168.0
102.0 67.0
46.0 140.0
27.0 161.0
145.0 43.0
147.0 83.0
164.0 110.0
196.0 23.0
42.0 36.0
17.0 217.0
57.0 63.0
142.0 180.0
242.0 114.0
212.0 77.0
51.0 58.0
152.0 148.0
70.0 185.0
19.0 236.0
146.0 104.0
