1
64 1 3.0 0.0 1000.0 3 160 240 100

6.5 13.5 29.3 58.5
13.0 27.0 58.5 117.0
19.5 40.5 87.8 175.5
26.0 54.0 117.0 234.0
39.0 81.0 175.5 351.0
52.0 108.0 234.0 468.0
58.5 121.5 263.3 526.5
65.0 135.0 292.5 585.0
78.0 162.0 351.0 702.0
0.0 180.0 390.0 780.0

2.0 5.0 8.0 11.0
5.0 8.0 11.0 14.0
9.0 12.0 15.0 18.0
11.0 14.0 17.0 20.0
15.0 18.0 21.0 24.0
18.0 21.0 24.0 27.0
20.0 23.0 26.0 29.0
25.0 28.0 31.0 34.0
29.0 32.0 35.0 38.0
0.0 34.0 37.0 40.0

145.0 204.0
102.0 14.0
209.0 12.0
154.0 94.0
5.0 38.0
95.0 219.0
167.0 27.0
102.0 61.0
217.0 153.0
11.0 116.0
134.0 174.0
157.0 187.0
108.0 169.0
217.0 120.0
178.0 113.0
145.0 191.0
12.0 144.0
130.0 153.0
159.0 148.0
52.0 226.0
161.0 130.0
232.0 166.0
217.0 138.0
86.0 72.0
177.0 79.0
90.0 176.0
170.0 65.0
56.0 171.0
29.0 243.0
248.0 187.0
193.0 154.0
196.0 95.0
102.0 164.0
136.0 124.0
171.0 158.0
50.0 99.0
222.0 159.0
98.0 158.0
73.0 187.0
57.0 125.0
50.0 153.0
178.0 39.0
248.0 210.0
197.0 122.0
180.0 1.0
42.0 71.0
3.0 92.0
87.0 80.0
102.0 155.0
143.0 99.0
90.0 61.0
134.0 124.0
125.0 79.0
31.0 129.0
235.0 213.0
139.0 73.0
163.0 2.0
152.0 217.0
72.0 183.0
216.0 60.0
227.0 168.0
38.0 243.0
118.0 117.0
151.0 116.0

151.0 209.0
108.0 18.0
214.0 17.0
160.0 98.0
9.0 42.0
101.0 224.0
173.0 32.0
107.0 67.0
223.0 159.0
16.0 120.0
139.0 178.0
161.0 192.0
113.0 174.0
222.0 124.0
183.0 119.0
151.0 196.0
17.0 149.0
135.0 157.0
163.0 153.0
56.0 231.0
165.0 136.0
237.0 170.0
221.0 142.0
90.0 77.0
181.0 85.0
95.0 181.0
175.0 70.0
61.0 176.0
35.0 248.0
253.0 191.0
197.0 159.0
201.0 101.0
107.0 168.0
141.0 130.0
176.0 164.0
55.0 104.0
227.0 164.0
104.0 163.0
79.0 192.0
63.0 130.0
55.0 157.0
183.0 44.0
252.0 215.0
202.0 127.0
185.0 7.0
47.0 76.0
9.0 98.0
91.0 86.0
107.0 159.0
147.0 104.0
94.0 67.0
138.0 128.0
130.0 84.0
35.0 135.0
241.0 219.0
144.0 78.0
168.0 8.0
157.0 221.0
77.0 188.0
222.0 66.0
231.0 173.0
44.0 248.0
123.0 122.0
155.0 121.0
