1
64 1 3.0 0.0 1000.0 3 160 240 100

6.5 13.5 29.3 58.5
13.0 27.0 58.5 117.0
19.5 40.5 87.8 175.5
26.0 54.0 117.0 234.0
39.0 81.0 175.5 351.0
52.0 108.0 234.0 468.0
58.5 121.5 263.3 526.5
65.0 135.0 292.5 585.0
78.0 162.0 351.0 702.0
0.0 180.0 390.0 780.0

2.0 5.0 8.0 11.0
5.0 8.0 11.0 14.0
9.0 12.0 15.0 18.0
11.0 14.0 17.0 20.0
15.0 18.0 21.0 24.0
18.0 21.0 24.0 27.0
20.0 23.0 26.0 29.0
25.0 28.0 31.0 34.0
29.0 32.0 35.0 38.0
0.0 34.0 37.0 40.0

63.0 213.0
77.0 118.0
137.0 38.0
179.0 172.0
231.0 192.0
50.0 2.0
160.0 218.0
50.0 173.0
13.0 204.0
210.0 103.0
203.0 132.0
13.0 211.0
128.0 230.0
121.0 233.0
165.0 118.0
124.0 153.0
234.0 67.0
11.0 204.0
31.0 22.0
68.0 26.0
44.0 99.0
9.0 69.0
77.0 70.0
196.0 185.0
25.0 178.0
122.0 131.0
235.0 165.0
119.0 58.0
87.0 236.0
111.0 76.0
248.0 217.0
249.0 90.0
109.0 248.0
106.0 134.0
232.0 150.0
159.0 13.0
193.0 183.0
108.0 115.0
26.0 202.0
131.0 66.0
18.0 61.0
248.0 219.0
202.0 141.0
26.0 37.0
162.0 234.0
167.0 221.0
116.0 25.0
90.0 15.0
33.0 34.0
162.0 182.0
112.0 137.0
86.0 201.0
10.0 146.0
204.0 38.0
17.0 204.0
111.0 187.0
195.0 86.0
213.0 205.0
50.0 45.0
235.0 47.0
131.0 168.0
213.0 72.0
7.0 5.0
78.0 134.0

68.0 219.0
82.0 123.0
142.0 43.0
185.0 177.0
236.0 198.0
54.0 7.0
164.0 223.0
55.0 177.0
18.0 208.0
214.0 108.0
208.0 138.0
19.0 216.0
133.0 235.0
126.0 239.0
171.0 122.0
129.0 158.0
239.0 72.0
16.0 209.0
37.0 27.0
72.0 31.0
50.0 104.0
14.0 74.0
82.0 76.0
202.0 190.0
30.0 183.0
127.0 136.0
239.0 170.0
125.0 63.0
91.0 241.0
116.0 81.0
253.0 222.0
253.0 94.0
114.0 254.0
112.0 138.0
237.0 155.0
163.0 18.0
198.0 188.0
114.0 121.0
31.0 207.0
136.0 70.0
22.0 67.0
253.0 224.0
206.0 146.0
30.0 41.0
166.0 239.0
173.0 226.0
122.0 30.0
95.0 21.0
37.0 38.0
167.0 188.0
117.0 143.0
91.0 205.0
16.0 151.0
210.0 44.0
23.0 209.0
116.0 191.0
199.0 91.0
217.0 209.0
55.0 50.0
240.0 53.0
137.0 173.0
219.0 76.0
13.0 9.0
84.0 139.0
