1
64 1 3.0 0.0 1000.0 3 160 240 100

6.5 13.5 29.3 58.5
13.0 27.0 58.5 117.0
19.5 40.5 87.8 175.5
26.0 54.0 117.0 234.0
39.0 81.0 175.5 351.0
52.0 108.0 234.0 468.0
58.5 121.5 263.3 526.5
65.0 135.0 292.5 585.0
78.0 162.0 351.0 702.0
0.0 180.0 390.0 780.0

2.0 5.0 8.0 11.0
5.0 8.0 11.0 14.0
9.0 12.0 15.0 18.0
11.0 14.0 17.0 20.0
15.0 18.0 21.0 24.0
18.0 21.0 24.0 27.0
20.0 23.0 26.0 29.0
25.0 28.0 31.0 34.0
29.0 32.0 35.0 38.0
0.0 34.0 37.0 40.0

123.0 66.0
247.0 9.0
123.0 62.0
210.0 202.0
27.0 122.0
157.0 6.0
201.0 230.0
238.0 227.0
145.0 246.0
141.0 81.0
168.0 123.0
214.0 50.0
89.0 58.0
168.0 72.0
162.0 73.0
232.0 232.0
245.0 130.0
162.0 199.0
25.0 158.0
99.0 216.0
207.0 213.0
63.0 247.0
89.0 32.0
190.0 207.0
68.0 71.0
136.0 32.0
120.0 167.0
123.0 116.0
174.0 40.0
171.0 244.0
49.0 142.0
132.0 205.0
240.0 202.0
180.0 49.0
114.0 101.0
2.0 66.0
170.0 37.0
225.0 87.0
38.0 6.0
193.0 37.0
1.0 178.0
3.0 231.0
115.0 58.0
42.0 207.0
45.0 154.0
61.0 228.0
91.0 159.0
147.0 107.0
149.0 234.0
12.0 111.0
196.0 47.0
74.0 239.0
170.0 5.0
136.0 241.0
218.0 224.0
4.0 48.0
48.0 54.0
231.0 117.0
236.0 53.0
200.0 220.0
105.0 136.0
101.0 71.0
141.0 146.0
162.0 183.0

128.0 71.0
251.0 14.0
128.0 68.0
216.0 206.0
32.0 126.0
162.0 11.0
206.0 236.0
243.0 231.0
149.0 251.0
147.0 86.0
172.0 128.0
219.0 55.0
94.0 62.0
172.0 76.0
166.0 77.0
238.0 237.0
251.0 135.0
166.0 204.0
31.0 164.0
104.0 221.0
212.0 218.0
68.0 253.0
95.0 37.0
195.0 211.0
74.0 77.0
142.0 37.0
126.0 172.0
128.0 120.0
179.0 45.0
175.0 250.0
55.0 147.0
136.0 209.0
244.0 207.0
184.0 54.0
119.0 105.0
7.0 72.0
175.0 43.0
231.0 92.0
43.0 11.0
199.0 42.0
7.0 182.0
7.0 235.0
120.0 64.0
46.0 213.0
50.0 160.0
65.0 233.0
97.0 165.0
152.0 113.0
154.0 238.0
17.0 116.0
201.0 52.0
79.0 244.0
175.0 9.0
141.0 245.0
223.0 230.0
9.0 52.0
52.0 60.0
236.0 121.0
241.0 58.0
204.0 224.0
109.0 142.0
107.0 77.0
146.0 151.0
167.0 189.0
