1
64 1 3.0 0.0 1000.0 3 160 240 100

6.5 13.5 29.3 58.5
13.0 27.0 58.5 117.0
19.5 40.5 87.8 175.5
26.0 54.0 117.0 234.0
39.0 81.0 175.5 351.0
52.0 108.0 234.0 468.0
58.5 121.5 263.3 526.5
65.0 135.0 292.5 585.0
78.0 162.0 351.0 702.0
0.0 180.0 390.0 780.0

2.0 5.0 8.0 11.0
5.0 8.0 11.0 14.0
9.0 12.0 15.0 18.0
11.0 14.0 17.0 20.0
15.0 18.0 21.0 24.0
18.0 21.0 24.0 27.0
20.0 23.0 26.0 29.0
25.0 28.0 31.0 34.0
29.0 32.0 35.0 38.0
0.0 34.0 37.0 40.0

116.0 214.0
159.0 129.0
156.0 202.0
85.0 95.0
180.0 158.0
100.0 236.0
146.0 191.0
161.0 69.0
233.0 47.0
143.0 162.0
191.0 105.0
65.0 54.0
69.0 135.0
241.0 108.0
11.0 93.0
221.0 206.0
132.0 36.0
189.0 40.0
57.0 45.0
49.0 40.0
1.0 125.0
235.0 56.0
96.0 92.0
124.0 228.0
226.0 39.0
189.0 17.0
197.0 21.0
151.0 218.0
128.0 165.0
163.0 57.0
12.0 237.0
125.0 50.0
211.0 232.0
68.0 118.0
214.0 145.0
68.0 5.0
36.0 132.0
244.0 115.0
221.0 67.0
203.0 197.0
200.0 101.0
83.0 113.0
85.0 92.0
196.0 243.0
37.0 135.0
46.0 144.0
159.0 206.0
94.0 133.0
167.0 249.0
177.0 40.0
183.0 104.0
73.0 179.0
19.0 235.0
246.0 150.0
157.0 33.0
135.0 155.0
203.0 12.0
153.0 63.0
113.0 65.0
123.0 21.0
106.0 217.0
206.0 236.0
190.0 158.0
169.0 95.0

121.0 219.0
164.0 135.0
162.0 207.0
91.0 99.0
184.0 163.0
104.0 241.0
152.0 196.0
165.0 73.0
238.0 51.0
149.0 166.0
196.0 110.0
71.0 59.0
73.0 139.0
245.0 113.0
15.0 98.0
226.0 212.0
137.0 42.0
195.0 45.0
63.0 51.0
54.0 45.0
7.0 130.0
240.0 60.0
101.0 97.0
129.0 232.0
230.0 45.0
193.0 22.0
202.0 27.0
157.0 224.0
132.0 169.0
167.0 63.0
17.0 241.0
131.0 55.0
216.0 237.0
73.0 123.0
219.0 150.0
73.0 10.0
41.0 137.0
248.0 120.0
226.0 72.0
209.0 202.0
204.0 106.0
88.0 119.0
91.0 97.0
201.0 248.0
41.0 139.0
50.0 149.0
164.0 210.0
98.0 139.0
172.0 254.0
182.0 45.0
188.0 109.0
78.0 184.0
25.0 240.0
251.0 155.0
162.0 37.0
140.0 161.0
207.0 17.0
159.0 68.0
119.0 71.0
128.0 26.0
112.0 222.0
212.0 240.0
195.0 163.0
175.0 100.0
