1
64 1 3.0 0.0 1000.0 3 160 240 100

6.5 13.5 29.3 58.5
13.0 27.0 58.5 117.0
19.5 40.5 87.8 175.5
26.0 54.0 117.0 234.0
39.0 81.0 175.5 351.0
52.0 108.0 234.0 468.0
58.5 121.5 263.3 526.5
65.0 135.0 292.5 585.0
78.0 162.0 351.0 702.0
0.0 180.0 390.0 780.0

2.0 5.0 8.0 11.0
5.0 8.0 11.0 14.0
9.0 12.0 15.0 18.0
11.0 14.0 17.0 20.0
15.0 18.0 21.0 24.0
18.0 21.0 24.0 27.0
20.0 23.0 26.0 29.0
25.0 28.0 31.0 34.0
29.0 32.0 35.0 38.0
0.0 34.0 37.0 40.0

233.0 150.0
171.0 208.0
104.0 226.0
237.0 249.0
238.0 9.0
185.0 117.0
31.0 27.0
144.0 242.0
188.0 199.0
246.0 124.0
204.0 198.0
16.0 43.0
55.0 173.0
35.0 51.0
52.0 104.0
245.0 140.0
128.0 109.0
38.0 109.0
117.0 116.0
143.0 156.0
177.0 101.0
74.0 66.0
54.0 152.0
21.0 189.0
198.0 215.0
82.0 165.0
48.0 142.0
83.0 229.0
147.0 19.0
27.0 192.0
9.0 35.0
15.0 25.0
18.0 223.0
77.0 51.0
185.0 228.0
136.0 24.0
139.0 48.0
142.0 227.0
60.0 32.0
250.0 13.0
72.0 203.0
184.0 12.0
158.0 65.0
57.0 88.0
241.0 94.0
144.0 119.0
139.0 186.0
12.0 69.0
145.0 141.0
133.0 57.0
57.0 93.0
248.0 244.0
61.0 69.0
248.0 147.0
147.0 224.0
194.0 58.0
84.0 64.0
143.0 51.0
27.0 68.0
7.0 137.0
142.0 157.0
236.0 180.0
192.0 30.0
199.0 247.0

239.0 155.0
175.0 214.0
110.0 231.0
243.0 254.0
243.0 14.0
190.0 123.0
37.0 31.0
148.0 248.0
193.0 204.0
250.0 129.0
209.0 204.0
21.0 48.0
60.0 177.0
41.0 56.0
58.0 110.0
251.0 146.0
133.0 113.0
43.0 114.0
122.0 120.0
148.0 161.0
183.0 106.0
79.0 71.0
59.0 156.0
25.0 193.0
203.0 221.0
87.0 170.0
54.0 147.0
88.0 233.0
152.0 23.0
32.0 197.0
15.0 40.0
19.0 29.0
22.0 227.0
82.0 56.0
191.0 232.0
140.0 29.0
144.0 52.0
147.0 233.0
66.0 37.0
255.0 18.0
77.0 208.0
190.0 16.0
164.0 70.0
63.0 94.0
246.0 99.0
149.0 124.0
145.0 192.0
17.0 75.0
151.0 147.0
137.0 62.0
63.0 98.0
254.0 250.0
66.0 74.0
253.0 151.0
152.0 228.0
199.0 62.0
88.0 69.0
149.0 57.0
33.0 72.0
12.0 141.0
148.0 162.0
240.0 186.0
198.0 36.0
204.0 252.0
