1
64 1 3.0 0.0 1000.0 3 160 240 100

6.5 13.5 29.3 58.5
13.0 27.0 58.5 117.0
19.5 40.5 87.8 175.5
26.0 54.0 117.0 234.0
39.0 81.0 175.5 351.0
52.0 108.0 234.0 468.0
58.5 121.5 263.3 526.5
65.0 135.0 292.5 585.0
78.0 162.0 351.0 702.0
0.0 180.0 390.0 780.0

2.0 5.0 8.0 11.0
5.0 8.0 11.0 14.0
9.0 12.0 15.0 18.0
11.0 14.0 17.0 20.0
15.0 18.0 21.0 24.0
18.0 21.0 24.0 27.0
20.0 23.0 26.0 29.0
25.0 28.0 31.0 34.0
29.0 32.0 35.0 38.0
0.0 34.0 37.0 40.0

55.0 77.0
134.0 84.0
143.0 48.0
247.0 68.0
36.0 203.0
84.0 238.0
59.0 213.0
201.0 82.0
223.0 63.0
24.0 141.0
22.0 167.0
220.0 240.0
246.0 128.0
107.0 28.0
219.0 156.0
239.0 233.0
7.0 230.0
60.0 139.0
155.0 144.0
134.0 71.0
95.0 155.0
220.0 20.0
173.0 244.0
68.0 63.0
60.0 78.0
91.0 90.0
128.0 71.0
153.0 123.0
157.0 240.0
16.0 97.0
107.0 145.0
49.0 31.0
185.0 227.0
117.0 80.0
53.0 205.0
139.0 11.0
58.0 229.0
101.0 228.0
179.0 69.0
136.0 15.0
216.0 162.0
85.0 243.0
37.0 170.0
21.0 81.0
17.0 11.0
40.0 94.0
134.0 121.0
157.0 137.0
219.0 40.0
246.0 40.0
197.0 215.0
237.0 140.0
195.0 227.0
126.0 25.0
233.0 211.0
158.0 154.0
242.0 57.0
81.0 107.0
248.0 35.0
228.0 10.0
110.0 47.0
208.0 2.0
247.0 37.0
56.0 165.0

60.0 83.0
138.0 88.0
147.0 52.0
251.0 74.0
41.0 208.0
89.0 244.0
65.0 218.0
207.0 86.0
227.0 68.0
28.0 147.0
28.0 171.0
224.0 245.0
250.0 133.0
112.0 32.0
223.0 161.0
245.0 238.0
11.0 234.0
64.0 145.0
161.0 150.0
139.0 76.0
99.0 159.0
225.0 25.0
179.0 249.0
73.0 69.0
66.0 83.0
95.0 95.0
133.0 76.0
159.0 127.0
162.0 245.0
21.0 103.0
111.0 151.0
54.0 37.0
190.0 231.0
123.0 84.0
58.0 210.0
143.0 16.0
62.0 235.0
105.0 234.0
185.0 74.0
141.0 20.0
221.0 168.0
89.0 248.0
43.0 174.0
26.0 86.0
23.0 15.0
44.0 99.0
138.0 126.0
162.0 142.0
224.0 45.0
251.0 44.0
202.0 221.0
243.0 145.0
201.0 232.0
132.0 30.0
238.0 216.0
163.0 159.0
246.0 62.0
86.0 111.0
253.0 40.0
234.0 15.0
116.0 51.0
213.0 6.0
251.0 43.0
61.0 171.0
