1
64 1 3.0 0.0 1000.0 3 160 240 100

6.5 13.5 29.3 58.5
13.0 27.0 58.5 117.0
19.5 40.5 87.8 175.5
26.0 54.0 117.0 234.0
39.0 81.0 175.5 351.0
52.0 108.0 234.0 468.0
58.5 121.5 263.3 526.5
65.0 135.0 292.5 585.0
78.0 162.0 351.0 702.0
0.0 180.0 390.0 780.0

2.0 5.0 8.0 11.0
5.0 8.0 11.0 14.0
9.0 12.0 15.0 18.0
11.0 14.0 17.0 20.0
15.0 18.0 21.0 24.0
18.0 21.0 24.0 27.0
20.0 23.0 26.0 29.0
25.0 28.0 31.0 34.0
29.0 32.0 35.0 38.0
0.0 34.0 37.0 40.0

139.0 129.0
27.0 161.0
153.0 153.0
6.0 133.0
109.0 7.0
77.0 220.0
7.0 124.0
109.0 125.0
200.0 135.0
30.0 221.0
79.0 121.0
22.0 249.0
161.0 158.0
172.0 216.0
22.0 176.0
196.0 177.0
96.0 225.0
150.0 138.0
173.0 24.0
105.0 126.0
205.0 26.0
92.0 55.0
158.0 242.0
162.0 43.0
138.0 186.0
234.0 192.0
144.0 56.0
214.0 115.0
64.0 141.0
177.0 85.0
133.0 194.0
220.0 228.0
94.0 124.0
149.0 1.0
165.0 152.0
248.0 4.0
171.0 123.0
145.0 247.0
63.0 14.0
169.0 36.0
70.0 207.0
77.0 237.0
79.0 182.0
166.0 196.0
107.0 77.0
45.0 203.0
86.0 153.0
180.0 151.0
210.0 223.0
124.0 161.0
175.0 215.0
182.0 192.0
203.0 63.0
22.0 24.0
39.0 191.0
131.0 28.0
197.0 193.0
245.0 218.0
20.0 89.0
6.0 139.0
200.0 113.0
145.0 193.0
195.0 66.0
21.0 96.0

143.0 134.0
33.0 166.0
158.0 158.0
10.0 138.0
113.0 12.0
81.0 225.0
11.0 129.0
115.0 129.0
206.0 141.0
35.0 226.0
85.0 125.0
27.0 253.0
166.0 162.0
177.0 222.0
27.0 181.0
201.0 182.0
101.0 230.0
155.0 143.0
177.0 29.0
109.0 131.0
210.0 32.0
98.0 60.0
163.0 246.0
167.0 49.0
142.0 191.0
240.0 197.0
148.0 61.0
219.0 119.0
69.0 146.0
181.0 91.0
139.0 199.0
225.0 234.0
99.0 128.0
154.0 5.0
171.0 158.0
252.0 9.0
176.0 128.0
149.0 253.0
69.0 20.0
173.0 41.0
74.0 211.0
83.0 243.0
83.0 187.0
171.0 201.0
113.0 82.0
49.0 208.0
92.0 157.0
185.0 156.0
215.0 228.0
130.0 167.0
180.0 221.0
186.0 197.0
208.0 67.0
26.0 29.0
45.0 195.0
135.0 32.0
203.0 197.0
251.0 223.0
25.0 95.0
12.0 144.0
205.0 118.0
149.0 197.0
200.0 71.0
26.0 101.0
