1
64 1 3.0 0.0 1000.0 3 160 240 100

6.5 13.5 29.3 58.5
13.0 27.0 58.5 117.0
19.5 40.5 87.8 175.5
26.0 54.0 117.0 234.0
39.0 81.0 175.5 351.0
52.0 108.0 234.0 468.0
58.5 121.5 263.3 526.5
65.0 135.0 292.5 585.0
78.0 162.0 351.0 702.0
0.0 180.0 390.0 780.0

2.0 5.0 8.0 11.0
5.0 8.0 11.0 14.0
9.0 12.0 15.0 18.0
11.0 14.0 17.0 20.0
15.0 18.0 21.0 24.0
18.0 21.0 24.0 27.0
20.0 23.0 26.0 29.0
25.0 28.0 31.0 34.0
29.0 32.0 35.0 38.0
0.0 34.0 37.0 40.0

36.0 179.0
29.0 171.0
93.0 67.0
210.0 137.0
152.0 19.0
61.0 177.0
21.0 58.0
144.0 156.0
177.0 119.0
210.0 181.0
15.0 202.0
73.0 73.0
235.0 71.0
199.0 48.0
93.0 14.0
113.0 20.0
7.0 13.0
39.0 36.0
108.0 196.0
18.0 124.0
112.0 48.0
26.0 181.0
222.0 149.0
225.0 72.0
74.0 7.0
241.0 186.0
36.0 157.0
219.0 241.0
24.0 205.0
186.0 208.0
8.0 114.0
89.0 35.0
243.0 47.0
167.0 148.0
33.0 169.0
150.0 46.0
182.0 118.0
64.0 88.0
60.0 163.0
12.0 165.0
79.0 128.0
97.0 232.0
115.0 239.0
209.0 14.0
53.0 88.0
234.0 239.0
118.0 245.0
28.0 84.0
41.0 96.0
92.0 69.0
102.0 53.0
152.0 198.0
213.0 99.0
225.0 217.0
227.0 176.0
243.0 168.0
238.0 18.0
168.0 209.0
201.0 51.0
95.0 34.0
12.0 97.0
102.0 230.0
234.0 117.0
235.0 2.0

40.0 185.0
35.0 177.0
97.0 72.0
216.0 143.0
158.0 24.0
66.0 182.0
27.0 63.0
150.0 161.0
183.0 123.0
215.0 185.0
20.0 207.0
79.0 78.0
241.0 77.0
203.0 53.0
99.0 18.0
118.0 26.0
11.0 18.0
45.0 41.0
112.0 200.0
23.0 129.0
116.0 52.0
30.0 186.0
227.0 154.0
231.0 78.0
79.0 12.0
246.0 192.0
41.0 162.0
224.0 246.0
29.0 209.0
191.0 213.0
12.0 119.0
93.0 40.0
248.0 52.0
172.0 154.0
39.0 175.0
156.0 52.0
188.0 123.0
70.0 94.0
65.0 167.0
16.0 170.0
83.0 133.0
102.0 237.0
121.0 244.0
214.0 20.0
59.0 93.0
239.0 245.0
123.0 250.0
34.0 88.0
46.0 101.0
96.0 74.0
108.0 57.0
157.0 203.0
217.0 105.0
230.0 221.0
232.0 181.0
247.0 173.0
242.0 22.0
174.0 214.0
207.0 55.0
100.0 38.0
16.0 102.0
108.0 235.0
238.0 123.0
239.0 6.0
