1
64 1 3.0 0.0 1000.0 3 160 240 100

6.5 13.5 29.3 58.5
13.0 27.0 58.5 117.0
19.5 40.5 87.8 175.5
26.0 54.0 117.0 234.0
39.0 81.0 175.5 351.0
52.0 108.0 234.0 468.0
58.5 121.5 263.3 526.5
65.0 135.0 292.5 585.0
78.0 162.0 351.0 702.0
0.0 180.0 390.0 780.0

2.0 5.0 8.0 11.0
5.0 8.0 11.0 14.0
9.0 12.0 15.0 18.0
11.0 14.0 17.0 20.0
15.0 18.0 21.0 24.0
18.0 21.0 24.0 27.0
20.0 23.0 26.0 29.0
25.0 28.0 31.0 34.0
29.0 32.0 35.0 38.0
0.0 34.0 37.0 40.0

76.0 60.0
220.0 194.0
111.0 42.0
164.0 192.0
229.0 74.0
45.0 168.0
73.0 118.0
180.0 30.0
136.0 174.0
208.0 186.0
80.0 161.0
114.0 187.0
99.0 5.0
122.0 4.0
52.0 185.0
55.0 74.0
103.0 103.0
100.0 133.0
220.0 143.0
189.0 125.0
143.0 137.0
52.0 49.0
49.0 23.0
51.0 184.0
149.0 2.0
194.0 165.0
71.0 110.0
92.0 221.0
138.0 154.0
125.0 191.0
11.0 35.0
186.0 238.0
210.0 41.0
175.0 6.0
66.0 2.0
211.0 15.0
24.0 24.0
122.0 170.0
222.0 56.0
62.0 45.0
117.0 148.0
166.0 196.0
239.0 17.0
242.0 46.0
199.0 150.0
31.0 210.0
163.0 211.0
141.0 180.0
45.0 69.0
81.0 124.0
3.0 120.0
127.0 85.0
115.0 86.0
51.0 201.0
197.0 75.0
90.0 122.0
16.0 231.0
50.0 122.0
231.0 119.0
48.0 185.0
194.0 57.0
176.0 205.0
57.0 159.0
190.0 214.0

82.0 65.0
225.0 199.0
116.0 46.0
169.0 197.0
235.0 78.0
50.0 173.0
77.0 123.0
186.0 34.0
142.0 179.0
214.0 192.0
85.0 167.0
118.0 192.0
104.0 10.0
126.0 9.0
57.0 190.0
61.0 79.0
109.0 109.0
104.0 139.0
224.0 147.0
194.0 130.0
148.0 142.0
56.0 54.0
54.0 27.0
56.0 189.0
153.0 6.0
198.0 170.0
77.0 115.0
98.0 226.0
142.0 159.0
131.0 196.0
16.0 40.0
190.0 243.0
216.0 46.0
179.0 11.0
70.0 7.0
216.0 20.0
30.0 28.0
126.0 176.0
227.0 61.0
66.0 49.0
123.0 154.0
170.0 200.0
243.0 23.0
247.0 50.0
205.0 154.0
36.0 215.0
168.0 216.0
145.0 185.0
50.0 75.0
87.0 130.0
8.0 124.0
132.0 89.0
119.0 91.0
56.0 205.0
202.0 80.0
95.0 128.0
20.0 235.0
55.0 127.0
235.0 124.0
53.0 191.0
199.0 61.0
180.0 210.0
62.0 164.0
196.0 219.0
