1
2048 1 3.0 0.0 1000.0 3 160 240 100

6.5 13.5 29.3 58.5
13.0 27.0 58.5 117.0
19.5 40.5 87.8 175.5
26.0 54.0 117.0 234.0
39.0 81.0 175.5 351.0
52.0 108.0 234.0 468.0
58.5 121.5 263.3 526.5
65.0 135.0 292.5 585.0
78.0 162.0 351.0 702.0
0.0 180.0 390.0 780.0

2.0 5.0 8.0 11.0
5.0 8.0 11.0 14.0
9.0 12.0 15.0 18.0
11.0 14.0 17.0 20.0
15.0 18.0 21.0 24.0
18.0 21.0 24.0 27.0
20.0 23.0 26.0 29.0
25.0 28.0 31.0 34.0
29.0 32.0 35.0 38.0
0.0 34.0 37.0 40.0

211.0 172.0
230.0 201.0
160.0 120.0
11.0 4.0
239.0 223.0
18.0 173.0
226.0 233.0
106.0 47.0
250.0 18.0
237.0 155.0
162.0 50.0
134.0 101.0
235.0 45.0
190.0 49.0
119.0 122.0
223.0 114.0
53.0 193.0
222.0 241.0
142.0 68.0
60.0 244.0
74.0 102.0
201.0 221.0
209.0 17.0
230.0 144.0
35.0 88.0
123.0 201.0
55.0 194.0
225.0 72.0
226.0 55.0
191.0 104.0
132.0 41.0
15.0 167.0
138.0 228.0
19.0 51.0
91.0 233.0
39.0 50.0
185.0 114.0
74.0 221.0
166.0 236.0
248.0 98.0
147.0 47.0
228.0 205.0
67.0 250.0
76.0 38.0
185.0 207.0
52.0 235.0
32.0 196.0
215.0 217.0
71.0 219.0
226.0 158.0
135.0 102.0
64.0 185.0
244.0 227.0
186.0 36.0
5.0 8.0
226.0 215.0
82.0 55.0
131.0 236.0
51.0 42.0
195.0 126.0
2.0 82.0
32.0 149.0
91.0 5.0
74.0 48.0
18.0 212.0
239.0 152.0
3.0 128.0
244.0 244.0
135.0 57.0
91.0 195.0
14.0 88.0
63.0 112.0
198.0 212.0
132.0 132.0
12.0 196.0
5.0 1.0
76.0 244.0
70.0 174.0
12.0 101.0
97.0 215.0
53.0 26.0
96.0 97.0
130.0 150.0
32.0 68.0
51.0 30.0
201.0 55.0
208.0 29.0
84.0 131.0
63.0 219.0
98.0 162.0
213.0 56.0
201.0 33.0
170.0 148.0
136.0 177.0
26.0 249.0
147.0 200.0
13.0 160.0
81.0 196.0
4.0 56.0
76.0 157.0
96.0 45.0
135.0 217.0
186.0 101.0
151.0 2.0
57.0 42.0
66.0 193.0
22.0 93.0
96.0 206.0
8.0 56.0
84.0 220.0
247.0 12.0
45.0 84.0
97.0 215.0
73.0 208.0
23.0 195.0
69.0 85.0
141.0 143.0
68.0 187.0
228.0 198.0
9.0 8.0
224.0 79.0
97.0 102.0
15.0 74.0
228.0 38.0
129.0 201.0
4.0 232.0
23.0 162.0
172.0 205.0
220.0 49.0
150.0 106.0
93.0 41.0
103.0 164.0
168.0 166.0
91.0 44.0
148.0 12.0
137.0 148.0
125.0 70.0
122.0 190.0
78.0 225.0
206.0 240.0
238.0 200.0
71.0 170.0
34.0 94.0
71.0 77.0
114.0 201.0
190.0 248.0
230.0 111.0
20.0 109.0
131.0 173.0
52.0 102.0
146.0 185.0
105.0 50.0
188.0 13.0
52.0 97.0
8.0 141.0
65.0 132.0
57.0 220.0
147.0 183.0
151.0 244.0
49.0 48.0
178.0 46.0
219.0 35.0
161.0 124.0
12.0 200.0
48.0 104.0
168.0 72.0
161.0 233.0
169.0 140.0
60.0 79.0
121.0 215.0
115.0 207.0
119.0 59.0
180.0 142.0
137.0 24.0
30.0 248.0
26.0 221.0
81.0 215.0
19.0 79.0
180.0 168.0
225.0 199.0
109.0 196.0
116.0 230.0
219.0 207.0
127.0 51.0
206.0 26.0
243.0 104.0
73.0 7.0
58.0 52.0
168.0 223.0
85.0 220.0
219.0 110.0
140.0 113.0
113.0 8.0
224.0 114.0
243.0 113.0
108.0 9.0
25.0 142.0
145.0 79.0
38.0 103.0
170.0 37.0
15.0 109.0
111.0 153.0
21.0 238.0
54.0 242.0
157.0 11.0
28.0 228.0
4.0 113.0
97.0 72.0
36.0 55.0
175.0 165.0
73.0 28.0
16.0 94.0
131.0 12.0
169.0 13.0
125.0 33.0
230.0 141.0
151.0 1.0
49.0 247.0
168.0 128.0
109.0 28.0
206.0 9.0
96.0 108.0
17.0 236.0
21.0 189.0
189.0 235.0
18.0 205.0
12.0 89.0
63.0 140.0
236.0 159.0
124.0 232.0
136.0 134.0
88.0 107.0
150.0 201.0
117.0 180.0
140.0 95.0
159.0 236.0
149.0 91.0
118.0 178.0
83.0 65.0
58.0 213.0
83.0 84.0
59.0 77.0
123.0 248.0
220.0 218.0
225.0 142.0
67.0 154.0
216.0 233.0
218.0 44.0
26.0 201.0
206.0 68.0
85.0 167.0
174.0 36.0
198.0 162.0
218.0 185.0
74.0 211.0
227.0 215.0
9.0 215.0
116.0 150.0
37.0 148.0
170.0 201.0
161.0 131.0
28.0 82.0
112.0 13.0
145.0 87.0
122.0 150.0
145.0 16.0
20.0 139.0
12.0 108.0
43.0 78.0
170.0 217.0
8.0 220.0
21.0 1.0
137.0 229.0
117.0 240.0
61.0 30.0
157.0 176.0
137.0 79.0
111.0 116.0
17.0 175.0
44.0 68.0
209.0 16.0
50.0 27.0
191.0 244.0
18.0 50.0
204.0 53.0
247.0 114.0
153.0 238.0
8.0 30.0
117.0 128.0
203.0 20.0
26.0 155.0
89.0 109.0
126.0 130.0
100.0 67.0
173.0 103.0
90.0 175.0
91.0 3.0
176.0 172.0
164.0 61.0
125.0 48.0
133.0 77.0
78.0 137.0
128.0 178.0
185.0 72.0
180.0 234.0
81.0 185.0
137.0 216.0
140.0 8.0
84.0 38.0
52.0 124.0
225.0 28.0
62.0 115.0
203.0 214.0
19.0 0.0
184.0 184.0
210.0 36.0
66.0 83.0
240.0 128.0
3.0 130.0
75.0 127.0
243.0 96.0
125.0 116.0
79.0 247.0
99.0 89.0
52.0 77.0
156.0 12.0
71.0 191.0
193.0 33.0
218.0 62.0
169.0 203.0
26.0 133.0
189.0 114.0
123.0 104.0
120.0 178.0
154.0 29.0
85.0 87.0
6.0 159.0
226.0 45.0
116.0 45.0
225.0 186.0
4.0 207.0
83.0 163.0
212.0 11.0
24.0 172.0
140.0 191.0
157.0 30.0
93.0 19.0
124.0 207.0
159.0 191.0
11.0 37.0
110.0 64.0
101.0 151.0
57.0 179.0
146.0 218.0
190.0 77.0
96.0 171.0
203.0 238.0
84.0 125.0
107.0 241.0
2.0 39.0
165.0 132.0
61.0 204.0
19.0 208.0
74.0 235.0
120.0 80.0
211.0 31.0
157.0 99.0
95.0 236.0
222.0 130.0
117.0 59.0
29.0 150.0
212.0 113.0
52.0 244.0
97.0 230.0
21.0 142.0
84.0 67.0
26.0 222.0
107.0 79.0
23.0 237.0
193.0 21.0
140.0 99.0
133.0 223.0
192.0 80.0
222.0 145.0
167.0 128.0
195.0 87.0
242.0 68.0
96.0 195.0
191.0 226.0
93.0 3.0
131.0 140.0
87.0 33.0
96.0 18.0
18.0 62.0
7.0 223.0
84.0 211.0
144.0 90.0
147.0 82.0
69.0 203.0
174.0 231.0
0.0 88.0
109.0 73.0
176.0 54.0
145.0 127.0
105.0 30.0
183.0 82.0
120.0 242.0
43.0 218.0
243.0 209.0
118.0 24.0
161.0 33.0
152.0 182.0
198.0 65.0
190.0 142.0
206.0 79.0
34.0 58.0
121.0 138.0
115.0 213.0
13.0 160.0
233.0 60.0
221.0 4.0
213.0 128.0
39.0 201.0
45.0 72.0
176.0 32.0
183.0 210.0
61.0 193.0
203.0 212.0
117.0 126.0
110.0 168.0
182.0 143.0
121.0 67.0
75.0 38.0
96.0 35.0
123.0 179.0
61.0 249.0
11.0 168.0
124.0 239.0
150.0 179.0
104.0 130.0
51.0 185.0
41.0 160.0
22.0 57.0
46.0 139.0
57.0 127.0
23.0 71.0
93.0 76.0
98.0 238.0
154.0 91.0
164.0 67.0
169.0 64.0
9.0 220.0
94.0 127.0
46.0 117.0
29.0 162.0
246.0 174.0
70.0 238.0
176.0 119.0
203.0 216.0
96.0 28.0
122.0 90.0
164.0 73.0
149.0 209.0
70.0 9.0
247.0 54.0
14.0 248.0
203.0 88.0
239.0 181.0
86.0 232.0
153.0 229.0
173.0 122.0
118.0 149.0
84.0 56.0
78.0 201.0
202.0 166.0
223.0 84.0
219.0 114.0
234.0 115.0
30.0 197.0
186.0 185.0
191.0 60.0
19.0 97.0
21.0 9.0
45.0 189.0
205.0 250.0
15.0 223.0
93.0 185.0
86.0 73.0
195.0 203.0
95.0 54.0
162.0 221.0
107.0 69.0
150.0 44.0
8.0 30.0
233.0 177.0
242.0 104.0
127.0 24.0
88.0 121.0
15.0 237.0
204.0 60.0
117.0 20.0
198.0 93.0
175.0 41.0
87.0 208.0
105.0 112.0
35.0 25.0
123.0 174.0
87.0 209.0
222.0 133.0
182.0 200.0
179.0 183.0
31.0 52.0
95.0 62.0
17.0 233.0
21.0 243.0
80.0 38.0
44.0 125.0
116.0 88.0
24.0 109.0
233.0 216.0
221.0 247.0
17.0 73.0
121.0 217.0
13.0 117.0
96.0 208.0
226.0 222.0
59.0 61.0
196.0 173.0
143.0 151.0
85.0 166.0
175.0 227.0
222.0 205.0
110.0 50.0
133.0 132.0
68.0 204.0
161.0 81.0
1.0 17.0
72.0 181.0
41.0 101.0
99.0 198.0
136.0 80.0
236.0 74.0
190.0 135.0
80.0 140.0
169.0 50.0
164.0 135.0
12.0 31.0
220.0 146.0
197.0 100.0
164.0 236.0
161.0 197.0
134.0 16.0
65.0 192.0
245.0 24.0
217.0 48.0
23.0 73.0
15.0 213.0
35.0 27.0
112.0 115.0
78.0 64.0
34.0 205.0
61.0 2.0
68.0 53.0
54.0 116.0
42.0 62.0
28.0 160.0
182.0 181.0
142.0 131.0
36.0 65.0
199.0 131.0
36.0 171.0
27.0 232.0
62.0 133.0
24.0 60.0
195.0 17.0
241.0 157.0
153.0 171.0
130.0 191.0
230.0 160.0
193.0 201.0
94.0 120.0
48.0 79.0
141.0 137.0
6.0 97.0
149.0 116.0
62.0 50.0
40.0 135.0
23.0 208.0
119.0 98.0
36.0 24.0
236.0 77.0
122.0 151.0
104.0 20.0
113.0 101.0
92.0 104.0
203.0 230.0
110.0 19.0
153.0 249.0
25.0 92.0
228.0 59.0
100.0 177.0
32.0 9.0
23.0 68.0
192.0 235.0
136.0 6.0
184.0 56.0
64.0 158.0
134.0 207.0
226.0 11.0
250.0 20.0
52.0 184.0
92.0 196.0
11.0 227.0
228.0 166.0
152.0 41.0
94.0 50.0
146.0 98.0
227.0 84.0
136.0 232.0
84.0 165.0
27.0 64.0
214.0 242.0
138.0 174.0
148.0 85.0
222.0 248.0
126.0 39.0
166.0 161.0
167.0 163.0
231.0 104.0
220.0 234.0
24.0 105.0
21.0 155.0
209.0 155.0
38.0 111.0
241.0 181.0
222.0 129.0
23.0 197.0
110.0 31.0
151.0 247.0
93.0 51.0
8.0 98.0
25.0 219.0
248.0 175.0
130.0 184.0
68.0 61.0
235.0 179.0
177.0 198.0
166.0 178.0
228.0 220.0
228.0 102.0
6.0 176.0
204.0 206.0
17.0 217.0
190.0 154.0
133.0 123.0
62.0 45.0
68.0 105.0
29.0 0.0
223.0 152.0
186.0 215.0
40.0 225.0
141.0 210.0
33.0 191.0
20.0 51.0
6.0 175.0
36.0 155.0
13.0 103.0
53.0 81.0
173.0 236.0
209.0 29.0
48.0 86.0
162.0 96.0
54.0 150.0
121.0 118.0
228.0 225.0
139.0 27.0
230.0 107.0
170.0 188.0
249.0 72.0
16.0 1.0
69.0 70.0
28.0 123.0
104.0 132.0
67.0 214.0
23.0 77.0
215.0 185.0
150.0 124.0
111.0 235.0
137.0 122.0
38.0 20.0
213.0 145.0
245.0 121.0
144.0 9.0
22.0 34.0
75.0 118.0
124.0 214.0
10.0 44.0
199.0 23.0
237.0 136.0
174.0 1.0
68.0 191.0
144.0 167.0
81.0 90.0
97.0 156.0
110.0 76.0
120.0 24.0
45.0 195.0
66.0 142.0
58.0 197.0
210.0 149.0
198.0 50.0
211.0 249.0
96.0 235.0
72.0 207.0
87.0 99.0
32.0 191.0
136.0 71.0
178.0 207.0
226.0 117.0
125.0 136.0
238.0 149.0
162.0 239.0
105.0 104.0
71.0 45.0
120.0 57.0
167.0 73.0
99.0 206.0
132.0 203.0
115.0 197.0
53.0 17.0
145.0 37.0
131.0 48.0
223.0 163.0
89.0 135.0
61.0 35.0
119.0 193.0
111.0 224.0
17.0 224.0
144.0 214.0
232.0 6.0
206.0 13.0
98.0 154.0
152.0 196.0
93.0 120.0
234.0 59.0
30.0 207.0
70.0 157.0
144.0 13.0
105.0 35.0
100.0 42.0
9.0 31.0
24.0 5.0
244.0 97.0
197.0 155.0
132.0 138.0
134.0 87.0
15.0 191.0
77.0 206.0
227.0 75.0
243.0 164.0
94.0 196.0
226.0 103.0
44.0 21.0
27.0 122.0
184.0 36.0
226.0 197.0
36.0 63.0
158.0 71.0
180.0 135.0
225.0 236.0
111.0 180.0
71.0 152.0
175.0 81.0
153.0 180.0
38.0 249.0
30.0 24.0
163.0 137.0
51.0 18.0
119.0 215.0
125.0 171.0
89.0 216.0
136.0 209.0
8.0 29.0
63.0 127.0
91.0 196.0
233.0 118.0
46.0 246.0
150.0 28.0
94.0 204.0
198.0 72.0
2.0 144.0
54.0 85.0
93.0 232.0
200.0 166.0
73.0 7.0
19.0 124.0
30.0 232.0
246.0 191.0
38.0 176.0
108.0 58.0
129.0 40.0
70.0 57.0
175.0 10.0
139.0 172.0
60.0 24.0
13.0 91.0
81.0 121.0
164.0 86.0
62.0 67.0
10.0 77.0
7.0 16.0
130.0 31.0
149.0 19.0
76.0 176.0
92.0 15.0
87.0 64.0
29.0 242.0
148.0 84.0
114.0 75.0
75.0 84.0
94.0 112.0
174.0 71.0
142.0 134.0
64.0 40.0
135.0 124.0
57.0 9.0
200.0 122.0
71.0 194.0
123.0 203.0
99.0 28.0
86.0 238.0
74.0 71.0
208.0 109.0
46.0 164.0
206.0 140.0
109.0 218.0
52.0 62.0
138.0 136.0
53.0 150.0
161.0 143.0
111.0 201.0
12.0 114.0
209.0 132.0
246.0 77.0
10.0 10.0
93.0 108.0
242.0 129.0
25.0 151.0
121.0 94.0
111.0 113.0
123.0 162.0
111.0 151.0
222.0 154.0
94.0 115.0
37.0 63.0
170.0 194.0
122.0 70.0
236.0 101.0
221.0 197.0
204.0 222.0
107.0 188.0
244.0 191.0
185.0 228.0
125.0 180.0
107.0 206.0
59.0 13.0
216.0 24.0
21.0 245.0
184.0 15.0
61.0 202.0
25.0 102.0
213.0 0.0
241.0 144.0
138.0 151.0
155.0 220.0
238.0 164.0
49.0 164.0
245.0 122.0
48.0 247.0
145.0 4.0
244.0 178.0
80.0 121.0
122.0 192.0
202.0 60.0
154.0 38.0
245.0 126.0
2.0 2.0
170.0 50.0
79.0 144.0
24.0 79.0
13.0 23.0
242.0 93.0
159.0 211.0
150.0 239.0
73.0 234.0
39.0 106.0
202.0 131.0
184.0 39.0
110.0 135.0
37.0 19.0
88.0 45.0
135.0 59.0
116.0 163.0
34.0 172.0
136.0 5.0
199.0 1.0
231.0 13.0
54.0 18.0
53.0 114.0
224.0 31.0
211.0 236.0
51.0 14.0
91.0 237.0
55.0 126.0
182.0 239.0
36.0 74.0
36.0 197.0
110.0 37.0
23.0 70.0
9.0 202.0
158.0 50.0
65.0 246.0
31.0 94.0
67.0 184.0
238.0 79.0
44.0 54.0
226.0 211.0
60.0 221.0
62.0 130.0
157.0 161.0
182.0 217.0
185.0 115.0
239.0 164.0
35.0 116.0
243.0 199.0
115.0 142.0
230.0 145.0
231.0 20.0
24.0 80.0
72.0 233.0
217.0 153.0
105.0 96.0
44.0 197.0
186.0 97.0
165.0 77.0
77.0 5.0
138.0 25.0
45.0 140.0
234.0 34.0
117.0 43.0
10.0 187.0
36.0 80.0
138.0 120.0
104.0 73.0
60.0 112.0
116.0 121.0
86.0 133.0
163.0 89.0
106.0 223.0
141.0 51.0
192.0 136.0
133.0 22.0
120.0 29.0
111.0 163.0
206.0 230.0
6.0 165.0
122.0 246.0
222.0 103.0
209.0 178.0
249.0 108.0
80.0 69.0
101.0 27.0
141.0 235.0
97.0 27.0
219.0 221.0
79.0 197.0
35.0 73.0
223.0 235.0
91.0 164.0
154.0 135.0
85.0 175.0
144.0 99.0
45.0 74.0
245.0 207.0
173.0 64.0
238.0 199.0
216.0 234.0
134.0 23.0
226.0 1.0
2.0 125.0
158.0 197.0
199.0 20.0
35.0 24.0
180.0 248.0
5.0 101.0
80.0 102.0
154.0 200.0
118.0 137.0
15.0 20.0
145.0 215.0
9.0 223.0
247.0 205.0
145.0 209.0
132.0 235.0
85.0 221.0
45.0 234.0
19.0 137.0
96.0 36.0
84.0 162.0
116.0 152.0
161.0 163.0
29.0 123.0
145.0 216.0
13.0 171.0
135.0 250.0
33.0 191.0
45.0 219.0
167.0 180.0
190.0 76.0
169.0 6.0
216.0 92.0
65.0 11.0
65.0 175.0
112.0 208.0
225.0 108.0
32.0 195.0
57.0 233.0
226.0 180.0
94.0 124.0
10.0 97.0
233.0 158.0
196.0 102.0
67.0 149.0
196.0 43.0
171.0 62.0
85.0 64.0
216.0 134.0
176.0 74.0
87.0 8.0
190.0 110.0
7.0 99.0
165.0 194.0
235.0 174.0
84.0 97.0
190.0 228.0
242.0 236.0
209.0 35.0
195.0 233.0
161.0 52.0
196.0 238.0
7.0 206.0
77.0 181.0
143.0 102.0
116.0 174.0
245.0 59.0
222.0 93.0
83.0 146.0
89.0 198.0
139.0 240.0
52.0 200.0
130.0 152.0
142.0 246.0
137.0 225.0
217.0 101.0
73.0 81.0
43.0 148.0
66.0 20.0
62.0 92.0
108.0 154.0
102.0 103.0
177.0 138.0
152.0 193.0
64.0 205.0
71.0 154.0
214.0 242.0
222.0 235.0
217.0 2.0
47.0 34.0
119.0 49.0
176.0 120.0
55.0 158.0
230.0 13.0
18.0 153.0
18.0 154.0
130.0 10.0
178.0 113.0
100.0 114.0
80.0 55.0
119.0 84.0
166.0 70.0
6.0 210.0
177.0 27.0
213.0 30.0
47.0 172.0
133.0 210.0
69.0 14.0
218.0 146.0
216.0 88.0
189.0 56.0
96.0 15.0
241.0 122.0
69.0 75.0
156.0 68.0
109.0 86.0
78.0 115.0
75.0 180.0
18.0 57.0
92.0 148.0
191.0 50.0
90.0 62.0
140.0 213.0
72.0 230.0
135.0 9.0
29.0 62.0
156.0 148.0
211.0 25.0
81.0 81.0
31.0 149.0
19.0 218.0
202.0 128.0
33.0 59.0
242.0 107.0
56.0 246.0
90.0 80.0
136.0 100.0
80.0 98.0
178.0 26.0
143.0 106.0
192.0 225.0
118.0 221.0
106.0 226.0
151.0 152.0
5.0 38.0
206.0 193.0
247.0 75.0
27.0 115.0
188.0 30.0
209.0 27.0
85.0 202.0
87.0 128.0
48.0 108.0
231.0 82.0
220.0 246.0
126.0 29.0
188.0 205.0
203.0 111.0
182.0 132.0
176.0 143.0
182.0 113.0
217.0 179.0
128.0 112.0
65.0 245.0
212.0 150.0
213.0 83.0
77.0 224.0
149.0 87.0
41.0 53.0
166.0 135.0
24.0 12.0
100.0 106.0
189.0 202.0
130.0 201.0
86.0 165.0
121.0 191.0
197.0 61.0
27.0 108.0
37.0 176.0
207.0 135.0
92.0 219.0
44.0 51.0
117.0 154.0
91.0 153.0
195.0 133.0
23.0 114.0
232.0 169.0
233.0 73.0
126.0 226.0
218.0 50.0
185.0 249.0
244.0 98.0
152.0 188.0
35.0 172.0
36.0 150.0
108.0 242.0
232.0 125.0
139.0 1.0
249.0 35.0
79.0 86.0
161.0 176.0
52.0 26.0
224.0 183.0
129.0 210.0
152.0 212.0
114.0 220.0
104.0 92.0
82.0 190.0
19.0 10.0
181.0 170.0
223.0 122.0
39.0 25.0
57.0 13.0
191.0 215.0
84.0 32.0
232.0 130.0
8.0 54.0
219.0 191.0
220.0 52.0
186.0 7.0
238.0 179.0
141.0 188.0
85.0 102.0
49.0 228.0
242.0 174.0
44.0 171.0
89.0 45.0
234.0 107.0
110.0 194.0
246.0 95.0
145.0 91.0
223.0 170.0
77.0 101.0
57.0 155.0
128.0 226.0
191.0 75.0
27.0 146.0
155.0 15.0
87.0 54.0
41.0 78.0
84.0 114.0
198.0 177.0
112.0 155.0
248.0 192.0
160.0 61.0
54.0 86.0
224.0 103.0
133.0 152.0
82.0 22.0
18.0 106.0
151.0 16.0
179.0 64.0
187.0 48.0
142.0 3.0
133.0 250.0
33.0 117.0
236.0 222.0
61.0 41.0
117.0 128.0
55.0 228.0
48.0 6.0
175.0 79.0
229.0 71.0
46.0 241.0
213.0 60.0
72.0 37.0
134.0 8.0
25.0 73.0
10.0 147.0
70.0 115.0
167.0 183.0
184.0 155.0
160.0 9.0
246.0 126.0
122.0 2.0
149.0 70.0
43.0 79.0
75.0 86.0
41.0 24.0
159.0 243.0
234.0 159.0
63.0 162.0
166.0 230.0
54.0 67.0
14.0 198.0
244.0 137.0
155.0 205.0
190.0 93.0
200.0 19.0
164.0 223.0
189.0 88.0
147.0 146.0
189.0 153.0
232.0 145.0
108.0 176.0
127.0 9.0
89.0 130.0
57.0 78.0
186.0 66.0
141.0 40.0
48.0 112.0
151.0 91.0
183.0 189.0
131.0 90.0
174.0 244.0
124.0 213.0
30.0 130.0
142.0 119.0
162.0 94.0
236.0 241.0
55.0 96.0
169.0 110.0
0.0 61.0
196.0 177.0
80.0 166.0
56.0 179.0
137.0 120.0
71.0 150.0
60.0 191.0
74.0 228.0
233.0 35.0
187.0 230.0
106.0 228.0
49.0 52.0
116.0 166.0
139.0 216.0
28.0 121.0
166.0 243.0
70.0 235.0
47.0 65.0
31.0 114.0
75.0 27.0
91.0 189.0
170.0 55.0
174.0 115.0
179.0 173.0
209.0 23.0
16.0 80.0
227.0 242.0
214.0 75.0
37.0 203.0
60.0 184.0
53.0 17.0
15.0 146.0
136.0 44.0
205.0 224.0
128.0 93.0
76.0 150.0
99.0 183.0
104.0 22.0
85.0 132.0
44.0 92.0
217.0 26.0
226.0 149.0
157.0 214.0
10.0 42.0
97.0 18.0
33.0 195.0
131.0 145.0
230.0 16.0
116.0 148.0
145.0 175.0
210.0 43.0
139.0 48.0
88.0 31.0
124.0 163.0
136.0 86.0
60.0 65.0
7.0 214.0
240.0 70.0
212.0 29.0
192.0 202.0
0.0 68.0
111.0 151.0
91.0 125.0
42.0 171.0
116.0 146.0
74.0 142.0
222.0 82.0
155.0 71.0
69.0 137.0
173.0 147.0
47.0 164.0
13.0 250.0
65.0 29.0
135.0 139.0
114.0 76.0
243.0 109.0
91.0 120.0
217.0 215.0
197.0 1.0
5.0 213.0
30.0 235.0
30.0 218.0
63.0 166.0
169.0 81.0
241.0 45.0
240.0 113.0
20.0 56.0
184.0 46.0
216.0 92.0
248.0 224.0
94.0 168.0
236.0 40.0
199.0 164.0
243.0 231.0
240.0 154.0
91.0 193.0
139.0 128.0
235.0 28.0
194.0 4.0
237.0 121.0
93.0 106.0
211.0 87.0
91.0 125.0
202.0 10.0
223.0 120.0
26.0 184.0
238.0 203.0
173.0 152.0
247.0 77.0
156.0 136.0
149.0 215.0
46.0 26.0
213.0 213.0
198.0 143.0
230.0 222.0
25.0 71.0
2.0 138.0
222.0 144.0
229.0 62.0
143.0 18.0
142.0 91.0
127.0 31.0
95.0 76.0
96.0 155.0
95.0 35.0
98.0 121.0
88.0 231.0
242.0 151.0
118.0 222.0
64.0 243.0
50.0 29.0
162.0 68.0
92.0 95.0
6.0 72.0
192.0 61.0
136.0 179.0
171.0 157.0
21.0 93.0
23.0 98.0
185.0 218.0
149.0 182.0
236.0 51.0
55.0 79.0
26.0 202.0
160.0 143.0
218.0 32.0
145.0 126.0
91.0 172.0
76.0 224.0
2.0 38.0
123.0 223.0
210.0 1.0
250.0 56.0
95.0 179.0
46.0 157.0
109.0 140.0
211.0 40.0
113.0 122.0
239.0 128.0
73.0 167.0
191.0 134.0
136.0 155.0
220.0 128.0
171.0 21.0
115.0 237.0
198.0 249.0
155.0 225.0
148.0 55.0
168.0 31.0
1.0 244.0
200.0 129.0
129.0 8.0
74.0 171.0
2.0 31.0
119.0 155.0
237.0 50.0
209.0 185.0
233.0 106.0
45.0 218.0
27.0 6.0
166.0 218.0
240.0 119.0
13.0 236.0
89.0 138.0
159.0 240.0
9.0 53.0
139.0 50.0
198.0 116.0
135.0 100.0
9.0 138.0
66.0 8.0
152.0 44.0
212.0 38.0
221.0 146.0
57.0 72.0
155.0 176.0
86.0 42.0
28.0 182.0
114.0 76.0
126.0 186.0
9.0 171.0
107.0 93.0
235.0 24.0
65.0 124.0
235.0 219.0
170.0 128.0
192.0 23.0
87.0 185.0
46.0 95.0
204.0 218.0
212.0 12.0
19.0 159.0
229.0 37.0
73.0 5.0
168.0 134.0
164.0 191.0
150.0 56.0
105.0 239.0
177.0 136.0
124.0 228.0
20.0 208.0
54.0 179.0
207.0 182.0
42.0 21.0
8.0 84.0
36.0 108.0
85.0 181.0
154.0 69.0
55.0 149.0
92.0 102.0
32.0 28.0
14.0 112.0
19.0 37.0
236.0 167.0
79.0 123.0
16.0 68.0
35.0 193.0
117.0 122.0
14.0 33.0
105.0 28.0
199.0 224.0
166.0 111.0
226.0 197.0
23.0 178.0
223.0 104.0
116.0 103.0
59.0 26.0
1.0 42.0
157.0 77.0
7.0 19.0
73.0 30.0
234.0 149.0
80.0 166.0
51.0 109.0
67.0 100.0
49.0 19.0
125.0 141.0
244.0 194.0
4.0 76.0
109.0 74.0
200.0 75.0
87.0 159.0
201.0 203.0
61.0 119.0
58.0 126.0
48.0 67.0
169.0 130.0
219.0 247.0
63.0 148.0
137.0 25.0
218.0 52.0
187.0 61.0
44.0 25.0
223.0 162.0
217.0 139.0
25.0 78.0
106.0 94.0
213.0 114.0
112.0 108.0
96.0 194.0
24.0 35.0
219.0 125.0
100.0 85.0
215.0 80.0
96.0 98.0
96.0 149.0
70.0 111.0
222.0 140.0
77.0 51.0
207.0 68.0
186.0 179.0
109.0 157.0
73.0 216.0
65.0 166.0
244.0 178.0
73.0 240.0
16.0 218.0
209.0 218.0
178.0 111.0
120.0 216.0
101.0 83.0
190.0 76.0
79.0 218.0
99.0 72.0
50.0 42.0
54.0 134.0
111.0 126.0
32.0 86.0
88.0 184.0
184.0 32.0
207.0 153.0
126.0 21.0
3.0 70.0
134.0 238.0
144.0 143.0
88.0 245.0
160.0 188.0
74.0 122.0
154.0 202.0
105.0 170.0
101.0 129.0
229.0 156.0
174.0 209.0
143.0 119.0
103.0 94.0
179.0 109.0
112.0 237.0
161.0 2.0
67.0 127.0
145.0 117.0
16.0 246.0
128.0 185.0
117.0 185.0
149.0 245.0
12.0 187.0
223.0 157.0
30.0 170.0
156.0 176.0
135.0 123.0
77.0 143.0
130.0 56.0
78.0 142.0
178.0 16.0
201.0 16.0
1.0 234.0
24.0 235.0
198.0 33.0
212.0 149.0
178.0 191.0
162.0 207.0
26.0 9.0
233.0 80.0
152.0 160.0
66.0 142.0
187.0 189.0
100.0 103.0
96.0 111.0
184.0 137.0
84.0 119.0
243.0 177.0
166.0 204.0
41.0 87.0
75.0 75.0
117.0 12.0
17.0 84.0
56.0 234.0
77.0 132.0
62.0 221.0
146.0 149.0
101.0 74.0
60.0 20.0
218.0 155.0
194.0 144.0
171.0 22.0
66.0 135.0
108.0 43.0
86.0 236.0
49.0 195.0
119.0 70.0
34.0 70.0
122.0 172.0
75.0 187.0
158.0 59.0
137.0 19.0
157.0 152.0
166.0 225.0
117.0 188.0
20.0 91.0
233.0 47.0
191.0 67.0
22.0 22.0
43.0 32.0
53.0 80.0
92.0 23.0
236.0 3.0
168.0 209.0
149.0 100.0
114.0 220.0
223.0 247.0
235.0 226.0
150.0 67.0
29.0 248.0
209.0 132.0
37.0 242.0
243.0 136.0
218.0 42.0
113.0 28.0
69.0 86.0
229.0 197.0
1.0 141.0
122.0 60.0
88.0 65.0
25.0 17.0
70.0 200.0
39.0 23.0
89.0 75.0
9.0 85.0
175.0 111.0
26.0 78.0
89.0 152.0
73.0 60.0
160.0 134.0
114.0 99.0
89.0 82.0
247.0 176.0
250.0 142.0
113.0 45.0
79.0 189.0
46.0 242.0
194.0 115.0
41.0 244.0
232.0 192.0
142.0 108.0
154.0 7.0
200.0 199.0
140.0 237.0
243.0 221.0
201.0 113.0
16.0 45.0
233.0 1.0
62.0 145.0
56.0 50.0
35.0 42.0
244.0 215.0
234.0 174.0
194.0 240.0
178.0 217.0
106.0 13.0
76.0 161.0
186.0 21.0
153.0 31.0
147.0 198.0
49.0 185.0
157.0 241.0
129.0 207.0
216.0 85.0
53.0 192.0
228.0 237.0
57.0 80.0
107.0 18.0
183.0 211.0
82.0 56.0
17.0 105.0
159.0 195.0
67.0 54.0
11.0 43.0
202.0 135.0
161.0 188.0
160.0 96.0
78.0 191.0
179.0 116.0
184.0 11.0
124.0 19.0
24.0 92.0
44.0 47.0
211.0 131.0
162.0 159.0
33.0 155.0
96.0 99.0
198.0 34.0
193.0 52.0
239.0 184.0
158.0 16.0
181.0 226.0
222.0 88.0
98.0 206.0
165.0 162.0
67.0 45.0
56.0 116.0
247.0 174.0
155.0 101.0
223.0 161.0
221.0 149.0
229.0 162.0
25.0 78.0
241.0 123.0
213.0 33.0
206.0 186.0
179.0 31.0
4.0 107.0
210.0 205.0
38.0 21.0
207.0 4.0
183.0 213.0
109.0 166.0
101.0 139.0
198.0 90.0
34.0 198.0
35.0 51.0
215.0 146.0
85.0 23.0
118.0 22.0
165.0 155.0
70.0 91.0
123.0 56.0
77.0 74.0
28.0 60.0
5.0 17.0
149.0 237.0
87.0 212.0
124.0 219.0
38.0 142.0
229.0 211.0
110.0 236.0
11.0 138.0
0.0 33.0
83.0 182.0
72.0 168.0
216.0 20.0
167.0 150.0
146.0 151.0
100.0 221.0
111.0 250.0
246.0 142.0
161.0 53.0
175.0 73.0
122.0 95.0
114.0 10.0
156.0 176.0
95.0 79.0
139.0 248.0
158.0 21.0
201.0 235.0
113.0 43.0
17.0 87.0
110.0 243.0
56.0 222.0
124.0 169.0
29.0 21.0
250.0 75.0
88.0 158.0
31.0 79.0
159.0 57.0
89.0 153.0
87.0 126.0
162.0 13.0
93.0 201.0
178.0 246.0
100.0 205.0
115.0 82.0
53.0 88.0
143.0 38.0
165.0 186.0
155.0 220.0
85.0 184.0
96.0 137.0
56.0 186.0
33.0 176.0
174.0 220.0
27.0 224.0
186.0 45.0
113.0 213.0
80.0 212.0
69.0 193.0
19.0 125.0
173.0 95.0
245.0 188.0
239.0 155.0
137.0 135.0
7.0 27.0
166.0 22.0
58.0 204.0
68.0 110.0
205.0 138.0
93.0 219.0
150.0 42.0
21.0 176.0
235.0 162.0
195.0 52.0
209.0 110.0
128.0 202.0
201.0 175.0
50.0 154.0
205.0 85.0
94.0 250.0
150.0 7.0
100.0 213.0
207.0 127.0
111.0 160.0
64.0 229.0
181.0 120.0
186.0 247.0
168.0 179.0
146.0 65.0
22.0 219.0
196.0 177.0
129.0 229.0
32.0 112.0
65.0 18.0
32.0 99.0
217.0 216.0
63.0 3.0
2.0 238.0
8.0 140.0
5.0 234.0
226.0 123.0
142.0 82.0
227.0 220.0
60.0 52.0
150.0 8.0
234.0 95.0
204.0 162.0
109.0 249.0
27.0 62.0
126.0 237.0
246.0 165.0
93.0 134.0
88.0 202.0
130.0 47.0
179.0 28.0
1.0 63.0
5.0 59.0
221.0 28.0
72.0 244.0
92.0 42.0
87.0 128.0
196.0 114.0
79.0 94.0
139.0 223.0
167.0 207.0
161.0 111.0
11.0 111.0
73.0 186.0
28.0 42.0
230.0 224.0
32.0 39.0
142.0 126.0
14.0 15.0
55.0 53.0
86.0 170.0
219.0 59.0
186.0 23.0
66.0 175.0
192.0 170.0
128.0 189.0
162.0 170.0
44.0 197.0
230.0 38.0
117.0 52.0
0.0 136.0
147.0 150.0
87.0 49.0
104.0 63.0
21.0 113.0
26.0 90.0
48.0 78.0
59.0 90.0
167.0 170.0
147.0 55.0
44.0 172.0
173.0 179.0
47.0 179.0
190.0 222.0
145.0 237.0
153.0 68.0
38.0 177.0
167.0 165.0
164.0 224.0
54.0 90.0
45.0 41.0
112.0 76.0
4.0 197.0
247.0 113.0
88.0 84.0
236.0 77.0
115.0 132.0
162.0 134.0
41.0 231.0
164.0 246.0
191.0 98.0
171.0 146.0
190.0 108.0
126.0 236.0
237.0 189.0
1.0 161.0
212.0 209.0
237.0 111.0
115.0 62.0
32.0 13.0
203.0 238.0
231.0 18.0
213.0 241.0
123.0 64.0
138.0 7.0
26.0 78.0
98.0 32.0
80.0 183.0
126.0 31.0
7.0 121.0
40.0 185.0
145.0 134.0
103.0 172.0
126.0 129.0
14.0 182.0
131.0 244.0
60.0 219.0
226.0 28.0
80.0 23.0
79.0 216.0
218.0 35.0
189.0 189.0
238.0 127.0
56.0 229.0
236.0 127.0
43.0 27.0
161.0 240.0
230.0 186.0
107.0 35.0
152.0 55.0
155.0 205.0
81.0 242.0
103.0 152.0
119.0 42.0
243.0 237.0
147.0 237.0
145.0 105.0
15.0 128.0
233.0 66.0
148.0 151.0
230.0 65.0
69.0 31.0
150.0 78.0
146.0 225.0
24.0 124.0
192.0 224.0
161.0 79.0
91.0 93.0
21.0 107.0

215.0 178.0
236.0 205.0
165.0 125.0
16.0 9.0
244.0 227.0
22.0 177.0
231.0 239.0
110.0 51.0
256.0 22.0
243.0 160.0
167.0 55.0
140.0 106.0
240.0 51.0
195.0 54.0
123.0 128.0
228.0 118.0
58.0 199.0
227.0 246.0
147.0 73.0
65.0 248.0
79.0 107.0
206.0 226.0
215.0 22.0
235.0 149.0
40.0 94.0
129.0 206.0
60.0 199.0
231.0 77.0
231.0 60.0
197.0 109.0
137.0 47.0
21.0 172.0
144.0 232.0
24.0 57.0
97.0 239.0
43.0 55.0
190.0 120.0
79.0 225.0
171.0 240.0
253.0 102.0
152.0 53.0
233.0 210.0
73.0 255.0
82.0 43.0
190.0 211.0
56.0 240.0
37.0 200.0
220.0 222.0
75.0 225.0
230.0 162.0
140.0 107.0
69.0 190.0
250.0 231.0
190.0 40.0
11.0 12.0
230.0 220.0
87.0 61.0
137.0 241.0
56.0 47.0
201.0 131.0
7.0 87.0
37.0 153.0
97.0 9.0
79.0 52.0
23.0 218.0
243.0 158.0
8.0 134.0
250.0 249.0
140.0 62.0
96.0 200.0
19.0 93.0
68.0 117.0
202.0 216.0
137.0 138.0
17.0 201.0
9.0 6.0
81.0 250.0
75.0 179.0
16.0 105.0
102.0 221.0
58.0 30.0
101.0 101.0
135.0 154.0
36.0 74.0
55.0 36.0
206.0 59.0
213.0 34.0
89.0 136.0
67.0 224.0
103.0 168.0
217.0 61.0
206.0 39.0
174.0 152.0
140.0 181.0
31.0 254.0
152.0 205.0
18.0 164.0
86.0 201.0
9.0 60.0
81.0 161.0
100.0 51.0
141.0 222.0
190.0 105.0
155.0 7.0
61.0 48.0
70.0 198.0
27.0 98.0
101.0 210.0
14.0 62.0
89.0 226.0
252.0 17.0
50.0 89.0
102.0 221.0
78.0 213.0
28.0 200.0
74.0 90.0
146.0 149.0
72.0 192.0
234.0 203.0
14.0 14.0
230.0 84.0
103.0 107.0
21.0 80.0
233.0 44.0
134.0 206.0
9.0 237.0
29.0 168.0
178.0 211.0
226.0 55.0
154.0 111.0
98.0 46.0
108.0 169.0
173.0 171.0
96.0 49.0
153.0 18.0
142.0 153.0
129.0 75.0
128.0 195.0
82.0 230.0
210.0 246.0
243.0 204.0
76.0 175.0
40.0 98.0
76.0 83.0
118.0 206.0
195.0 253.0
234.0 116.0
25.0 115.0
135.0 179.0
57.0 108.0
151.0 190.0
110.0 55.0
194.0 18.0
57.0 101.0
14.0 147.0
70.0 137.0
62.0 225.0
152.0 187.0
157.0 249.0
53.0 53.0
183.0 50.0
224.0 40.0
165.0 129.0
17.0 205.0
53.0 110.0
173.0 77.0
167.0 239.0
174.0 145.0
66.0 84.0
127.0 221.0
119.0 213.0
124.0 64.0
185.0 148.0
142.0 29.0
36.0 253.0
32.0 226.0
86.0 221.0
23.0 85.0
185.0 174.0
231.0 205.0
114.0 201.0
121.0 235.0
224.0 211.0
131.0 56.0
211.0 31.0
248.0 109.0
78.0 12.0
63.0 57.0
174.0 228.0
91.0 225.0
223.0 114.0
146.0 117.0
118.0 13.0
228.0 118.0
247.0 118.0
112.0 14.0
30.0 147.0
149.0 85.0
42.0 109.0
174.0 43.0
20.0 113.0
115.0 158.0
26.0 244.0
59.0 246.0
162.0 16.0
32.0 232.0
9.0 119.0
101.0 78.0
42.0 59.0
181.0 171.0
78.0 32.0
21.0 98.0
136.0 17.0
174.0 18.0
130.0 37.0
235.0 146.0
156.0 7.0
54.0 251.0
172.0 132.0
115.0 33.0
211.0 15.0
101.0 113.0
21.0 241.0
25.0 195.0
194.0 239.0
23.0 209.0
17.0 93.0
68.0 144.0
240.0 165.0
129.0 237.0
142.0 139.0
94.0 112.0
155.0 207.0
122.0 184.0
146.0 99.0
165.0 241.0
153.0 96.0
124.0 184.0
89.0 70.0
63.0 217.0
88.0 89.0
65.0 82.0
128.0 254.0
225.0 223.0
230.0 148.0
73.0 158.0
222.0 238.0
224.0 49.0
31.0 206.0
210.0 73.0
90.0 171.0
180.0 41.0
203.0 167.0
223.0 190.0
80.0 216.0
232.0 221.0
14.0 220.0
121.0 156.0
42.0 152.0
176.0 206.0
167.0 135.0
34.0 88.0
117.0 19.0
150.0 92.0
127.0 155.0
149.0 20.0
25.0 144.0
16.0 113.0
49.0 82.0
175.0 222.0
13.0 224.0
27.0 7.0
142.0 235.0
122.0 245.0
66.0 35.0
162.0 180.0
142.0 83.0
115.0 121.0
22.0 180.0
49.0 73.0
214.0 22.0
56.0 31.0
197.0 249.0
23.0 54.0
209.0 59.0
253.0 118.0
157.0 243.0
12.0 36.0
121.0 133.0
207.0 25.0
31.0 161.0
93.0 114.0
130.0 135.0
105.0 71.0
178.0 108.0
96.0 179.0
96.0 8.0
181.0 178.0
169.0 67.0
129.0 52.0
138.0 82.0
84.0 141.0
132.0 183.0
190.0 78.0
185.0 238.0
86.0 191.0
142.0 220.0
146.0 13.0
90.0 43.0
58.0 130.0
230.0 34.0
67.0 119.0
208.0 220.0
23.0 4.0
188.0 189.0
215.0 41.0
72.0 88.0
245.0 132.0
8.0 135.0
80.0 131.0
248.0 101.0
130.0 120.0
85.0 253.0
103.0 93.0
57.0 82.0
161.0 17.0
75.0 196.0
198.0 38.0
222.0 67.0
173.0 209.0
32.0 139.0
194.0 120.0
128.0 109.0
126.0 183.0
159.0 34.0
89.0 92.0
12.0 164.0
230.0 51.0
121.0 51.0
229.0 192.0
9.0 213.0
89.0 167.0
216.0 15.0
28.0 177.0
146.0 195.0
162.0 34.0
98.0 25.0
129.0 213.0
163.0 196.0
16.0 41.0
115.0 68.0
106.0 156.0
63.0 185.0
151.0 224.0
196.0 81.0
101.0 176.0
208.0 243.0
89.0 131.0
112.0 246.0
7.0 45.0
171.0 137.0
67.0 209.0
24.0 213.0
78.0 240.0
125.0 86.0
215.0 37.0
162.0 104.0
99.0 241.0
227.0 135.0
121.0 64.0
34.0 156.0
216.0 118.0
58.0 249.0
102.0 236.0
26.0 147.0
88.0 72.0
31.0 227.0
111.0 84.0
27.0 242.0
197.0 27.0
146.0 104.0
138.0 228.0
197.0 85.0
227.0 149.0
172.0 133.0
201.0 92.0
247.0 73.0
101.0 200.0
197.0 231.0
97.0 8.0
135.0 145.0
93.0 38.0
101.0 22.0
23.0 66.0
13.0 228.0
89.0 216.0
150.0 95.0
153.0 86.0
75.0 209.0
180.0 237.0
5.0 93.0
115.0 78.0
180.0 60.0
151.0 132.0
110.0 36.0
188.0 87.0
124.0 248.0
48.0 222.0
248.0 215.0
123.0 28.0
166.0 38.0
157.0 187.0
202.0 71.0
195.0 146.0
210.0 84.0
38.0 62.0
126.0 142.0
120.0 217.0
18.0 166.0
237.0 66.0
225.0 9.0
218.0 134.0
45.0 207.0
50.0 77.0
181.0 37.0
187.0 214.0
66.0 199.0
208.0 217.0
122.0 131.0
115.0 173.0
188.0 149.0
125.0 72.0
79.0 42.0
101.0 40.0
128.0 184.0
66.0 255.0
15.0 173.0
129.0 244.0
154.0 183.0
109.0 134.0
57.0 190.0
46.0 165.0
26.0 62.0
52.0 144.0
61.0 132.0
28.0 77.0
98.0 80.0
104.0 243.0
159.0 96.0
169.0 73.0
174.0 69.0
14.0 226.0
99.0 132.0
52.0 122.0
34.0 168.0
251.0 179.0
76.0 244.0
181.0 124.0
209.0 222.0
101.0 34.0
127.0 94.0
168.0 79.0
155.0 215.0
74.0 13.0
251.0 60.0
20.0 254.0
208.0 94.0
243.0 187.0
91.0 236.0
158.0 234.0
178.0 128.0
124.0 155.0
90.0 62.0
83.0 206.0
207.0 171.0
227.0 89.0
223.0 119.0
239.0 120.0
35.0 203.0
192.0 189.0
196.0 65.0
24.0 102.0
27.0 13.0
50.0 195.0
210.0 254.0
20.0 228.0
99.0 189.0
92.0 78.0
199.0 208.0
101.0 60.0
167.0 226.0
112.0 74.0
155.0 49.0
12.0 35.0
239.0 182.0
247.0 109.0
132.0 30.0
93.0 127.0
20.0 242.0
210.0 64.0
122.0 25.0
204.0 98.0
180.0 47.0
92.0 214.0
110.0 117.0
40.0 31.0
129.0 179.0
92.0 214.0
227.0 138.0
187.0 204.0
185.0 187.0
35.0 56.0
100.0 66.0
22.0 237.0
27.0 248.0
85.0 44.0
48.0 130.0
120.0 93.0
29.0 115.0
237.0 220.0
225.0 252.0
23.0 79.0
125.0 222.0
19.0 121.0
101.0 213.0
232.0 226.0
64.0 65.0
201.0 179.0
149.0 156.0
90.0 171.0
179.0 232.0
227.0 209.0
116.0 55.0
138.0 137.0
74.0 208.0
165.0 85.0
6.0 23.0
77.0 186.0
46.0 106.0
104.0 204.0
141.0 85.0
240.0 80.0
195.0 141.0
84.0 145.0
174.0 54.0
169.0 140.0
17.0 36.0
224.0 152.0
202.0 105.0
168.0 241.0
165.0 203.0
140.0 21.0
70.0 196.0
249.0 28.0
223.0 53.0
29.0 77.0
20.0 217.0
41.0 32.0
117.0 120.0
82.0 69.0
40.0 209.0
66.0 7.0
72.0 57.0
60.0 120.0
47.0 68.0
32.0 166.0
186.0 187.0
148.0 135.0
42.0 71.0
204.0 136.0
41.0 176.0
32.0 237.0
67.0 137.0
29.0 65.0
200.0 22.0
247.0 163.0
157.0 177.0
134.0 196.0
236.0 165.0
197.0 205.0
99.0 126.0
53.0 85.0
146.0 143.0
10.0 102.0
154.0 121.0
66.0 54.0
45.0 139.0
27.0 212.0
124.0 103.0
42.0 29.0
240.0 82.0
126.0 156.0
110.0 25.0
118.0 107.0
97.0 109.0
208.0 234.0
115.0 23.0
157.0 253.0
30.0 96.0
234.0 64.0
105.0 183.0
36.0 15.0
27.0 74.0
197.0 239.0
141.0 11.0
189.0 61.0
70.0 162.0
138.0 213.0
230.0 17.0
256.0 26.0
57.0 189.0
97.0 201.0
15.0 231.0
233.0 171.0
158.0 47.0
98.0 55.0
151.0 103.0
232.0 89.0
140.0 238.0
89.0 169.0
32.0 70.0
218.0 248.0
143.0 178.0
152.0 90.0
226.0 253.0
131.0 43.0
170.0 167.0
172.0 168.0
236.0 108.0
225.0 238.0
28.0 110.0
27.0 159.0
213.0 161.0
43.0 116.0
245.0 186.0
227.0 134.0
28.0 201.0
115.0 35.0
156.0 252.0
99.0 56.0
13.0 103.0
30.0 224.0
253.0 180.0
135.0 189.0
73.0 66.0
240.0 183.0
182.0 204.0
172.0 184.0
233.0 224.0
232.0 108.0
11.0 181.0
208.0 211.0
21.0 222.0
195.0 159.0
137.0 129.0
67.0 50.0
72.0 110.0
34.0 5.0
228.0 156.0
191.0 221.0
44.0 229.0
145.0 214.0
38.0 196.0
25.0 55.0
11.0 180.0
41.0 159.0
19.0 108.0
58.0 86.0
177.0 242.0
214.0 34.0
52.0 92.0
167.0 101.0
59.0 155.0
127.0 123.0
233.0 230.0
144.0 32.0
236.0 112.0
175.0 194.0
254.0 77.0
20.0 5.0
74.0 74.0
34.0 128.0
109.0 137.0
73.0 219.0
28.0 83.0
220.0 190.0
154.0 129.0
116.0 240.0
141.0 127.0
44.0 25.0
218.0 150.0
249.0 127.0
148.0 15.0
28.0 38.0
80.0 123.0
130.0 219.0
16.0 50.0
205.0 28.0
243.0 141.0
178.0 6.0
74.0 195.0
149.0 172.0
87.0 94.0
102.0 160.0
115.0 81.0
125.0 28.0
51.0 200.0
71.0 148.0
63.0 202.0
216.0 155.0
203.0 54.0
216.0 255.0
102.0 240.0
78.0 212.0
91.0 105.0
38.0 195.0
141.0 76.0
184.0 213.0
232.0 121.0
129.0 141.0
243.0 153.0
167.0 243.0
109.0 110.0
77.0 49.0
126.0 61.0
173.0 78.0
103.0 211.0
137.0 208.0
120.0 202.0
58.0 23.0
150.0 42.0
135.0 53.0
227.0 168.0
93.0 140.0
65.0 41.0
124.0 198.0
116.0 228.0
22.0 230.0
149.0 219.0
236.0 12.0
211.0 17.0
102.0 158.0
158.0 200.0
98.0 125.0
238.0 65.0
34.0 213.0
75.0 162.0
150.0 18.0
109.0 41.0
104.0 48.0
13.0 36.0
30.0 10.0
248.0 101.0
203.0 159.0
136.0 143.0
140.0 91.0
20.0 196.0
81.0 211.0
231.0 80.0
247.0 168.0
99.0 202.0
230.0 107.0
49.0 27.0
31.0 128.0
189.0 41.0
231.0 202.0
41.0 67.0
164.0 77.0
186.0 140.0
230.0 240.0
116.0 184.0
75.0 158.0
181.0 86.0
158.0 185.0
42.0 254.0
36.0 28.0
168.0 143.0
55.0 23.0
124.0 220.0
130.0 176.0
93.0 221.0
141.0 213.0
12.0 35.0
69.0 132.0
96.0 202.0
239.0 124.0
50.0 252.0
155.0 33.0
98.0 210.0
202.0 77.0
7.0 150.0
59.0 89.0
97.0 236.0
205.0 171.0
78.0 12.0
24.0 129.0
34.0 236.0
252.0 195.0
43.0 181.0
112.0 64.0
135.0 44.0
75.0 62.0
180.0 15.0
143.0 177.0
65.0 29.0
19.0 96.0
85.0 126.0
168.0 91.0
67.0 72.0
16.0 82.0
13.0 21.0
135.0 36.0
154.0 24.0
81.0 181.0
97.0 19.0
91.0 69.0
34.0 248.0
154.0 89.0
120.0 79.0
80.0 90.0
99.0 118.0
179.0 76.0
147.0 139.0
69.0 45.0
140.0 128.0
61.0 14.0
206.0 127.0
76.0 200.0
129.0 209.0
104.0 34.0
91.0 243.0
78.0 77.0
213.0 115.0
50.0 169.0
211.0 146.0
114.0 222.0
57.0 67.0
142.0 140.0
57.0 154.0
166.0 148.0
116.0 205.0
16.0 119.0
215.0 137.0
251.0 82.0
16.0 16.0
98.0 113.0
246.0 133.0
30.0 157.0
127.0 99.0
115.0 118.0
127.0 167.0
117.0 156.0
228.0 159.0
99.0 119.0
41.0 67.0
175.0 200.0
128.0 75.0
242.0 107.0
225.0 203.0
209.0 228.0
112.0 192.0
249.0 196.0
191.0 233.0
129.0 185.0
111.0 212.0
64.0 18.0
222.0 30.0
26.0 251.0
189.0 20.0
65.0 206.0
31.0 106.0
217.0 6.0
247.0 149.0
142.0 155.0
160.0 226.0
244.0 168.0
54.0 168.0
249.0 128.0
53.0 252.0
150.0 9.0
249.0 183.0
85.0 126.0
127.0 197.0
208.0 64.0
159.0 43.0
251.0 131.0
7.0 8.0
175.0 54.0
85.0 150.0
29.0 83.0
17.0 28.0
247.0 97.0
163.0 216.0
155.0 244.0
78.0 240.0
43.0 111.0
207.0 136.0
188.0 45.0
115.0 140.0
41.0 25.0
93.0 50.0
140.0 63.0
121.0 168.0
39.0 177.0
141.0 10.0
204.0 5.0
236.0 18.0
58.0 23.0
57.0 118.0
229.0 37.0
215.0 241.0
57.0 19.0
96.0 242.0
59.0 130.0
186.0 243.0
40.0 78.0
42.0 202.0
115.0 43.0
29.0 75.0
13.0 206.0
163.0 55.0
71.0 251.0
37.0 98.0
72.0 189.0
243.0 84.0
49.0 60.0
230.0 217.0
64.0 226.0
68.0 135.0
162.0 167.0
187.0 222.0
189.0 119.0
245.0 169.0
40.0 120.0
249.0 204.0
120.0 146.0
235.0 149.0
236.0 25.0
29.0 85.0
77.0 239.0
223.0 158.0
111.0 101.0
49.0 202.0
191.0 101.0
170.0 81.0
82.0 9.0
144.0 30.0
51.0 144.0
239.0 38.0
123.0 48.0
14.0 191.0
42.0 84.0
144.0 125.0
109.0 78.0
66.0 117.0
120.0 126.0
91.0 137.0
169.0 94.0
111.0 228.0
146.0 55.0
197.0 141.0
137.0 27.0
125.0 34.0
115.0 169.0
211.0 236.0
11.0 170.0
128.0 251.0
226.0 108.0
214.0 183.0
255.0 113.0
84.0 74.0
106.0 32.0
146.0 240.0
102.0 32.0
225.0 225.0
84.0 203.0
40.0 77.0
228.0 239.0
96.0 169.0
158.0 139.0
89.0 179.0
149.0 105.0
50.0 79.0
251.0 212.0
177.0 69.0
243.0 204.0
221.0 239.0
140.0 27.0
232.0 5.0
6.0 130.0
164.0 202.0
203.0 25.0
40.0 29.0
184.0 254.0
10.0 106.0
86.0 108.0
159.0 205.0
123.0 143.0
21.0 24.0
150.0 220.0
14.0 229.0
253.0 211.0
150.0 213.0
138.0 240.0
90.0 225.0
50.0 239.0
24.0 143.0
100.0 41.0
90.0 167.0
120.0 156.0
167.0 169.0
35.0 127.0
149.0 221.0
18.0 176.0
140.0 254.0
37.0 196.0
50.0 223.0
172.0 185.0
195.0 80.0
174.0 11.0
221.0 98.0
70.0 17.0
70.0 180.0
118.0 213.0
231.0 113.0
38.0 200.0
62.0 238.0
232.0 184.0
100.0 130.0
15.0 101.0
239.0 163.0
201.0 107.0
71.0 154.0
202.0 48.0
175.0 67.0
89.0 68.0
222.0 140.0
181.0 79.0
92.0 13.0
195.0 114.0
12.0 103.0
170.0 199.0
241.0 179.0
88.0 102.0
195.0 232.0
247.0 242.0
214.0 40.0
200.0 237.0
166.0 58.0
200.0 242.0
13.0 210.0
83.0 187.0
148.0 108.0
121.0 180.0
250.0 64.0
227.0 97.0
88.0 152.0
93.0 203.0
143.0 244.0
56.0 204.0
135.0 156.0
147.0 251.0
143.0 230.0
222.0 106.0
78.0 85.0
48.0 153.0
70.0 24.0
68.0 97.0
112.0 159.0
107.0 108.0
182.0 144.0
157.0 198.0
70.0 209.0
75.0 159.0
219.0 248.0
228.0 239.0
222.0 8.0
52.0 38.0
124.0 53.0
181.0 124.0
61.0 164.0
234.0 18.0
23.0 159.0
24.0 158.0
134.0 15.0
183.0 119.0
105.0 118.0
85.0 60.0
124.0 89.0
170.0 75.0
12.0 214.0
182.0 32.0
218.0 34.0
52.0 178.0
137.0 215.0
73.0 19.0
223.0 151.0
221.0 94.0
195.0 61.0
101.0 20.0
246.0 128.0
74.0 81.0
161.0 72.0
115.0 91.0
83.0 121.0
79.0 184.0
22.0 62.0
96.0 152.0
196.0 54.0
95.0 67.0
145.0 218.0
77.0 236.0
139.0 14.0
34.0 66.0
161.0 153.0
217.0 30.0
85.0 87.0
35.0 154.0
23.0 223.0
207.0 132.0
37.0 64.0
248.0 111.0
60.0 251.0
95.0 85.0
141.0 106.0
85.0 102.0
183.0 31.0
148.0 111.0
197.0 231.0
123.0 226.0
112.0 232.0
156.0 156.0
10.0 43.0
212.0 198.0
252.0 79.0
32.0 121.0
193.0 34.0
214.0 31.0
89.0 208.0
92.0 132.0
53.0 113.0
236.0 88.0
224.0 251.0
130.0 33.0
193.0 210.0
207.0 116.0
186.0 138.0
182.0 147.0
187.0 117.0
221.0 183.0
132.0 118.0
70.0 250.0
217.0 155.0
218.0 88.0
83.0 229.0
154.0 91.0
45.0 58.0
171.0 139.0
29.0 17.0
105.0 111.0
194.0 207.0
134.0 207.0
90.0 169.0
127.0 195.0
202.0 66.0
33.0 113.0
43.0 180.0
212.0 140.0
97.0 224.0
48.0 56.0
122.0 159.0
96.0 157.0
201.0 139.0
28.0 118.0
238.0 175.0
239.0 78.0
130.0 231.0
223.0 55.0
190.0 254.0
249.0 103.0
157.0 193.0
41.0 177.0
40.0 155.0
113.0 248.0
238.0 130.0
144.0 6.0
255.0 40.0
85.0 90.0
166.0 180.0
57.0 30.0
230.0 187.0
133.0 216.0
157.0 218.0
119.0 226.0
109.0 97.0
86.0 196.0
23.0 14.0
187.0 174.0
227.0 127.0
43.0 30.0
63.0 18.0
196.0 219.0
88.0 36.0
237.0 134.0
13.0 58.0
224.0 195.0
226.0 56.0
191.0 11.0
242.0 185.0
146.0 193.0
90.0 106.0
55.0 234.0
247.0 178.0
49.0 176.0
93.0 51.0
240.0 112.0
115.0 198.0
251.0 99.0
150.0 95.0
228.0 175.0
82.0 107.0
63.0 161.0
132.0 231.0
196.0 80.0
32.0 151.0
160.0 21.0
91.0 59.0
47.0 82.0
89.0 119.0
202.0 183.0
116.0 159.0
254.0 198.0
164.0 65.0
58.0 91.0
228.0 108.0
137.0 158.0
88.0 26.0
22.0 110.0
156.0 21.0
184.0 70.0
191.0 52.0
148.0 8.0
138.0 255.0
39.0 122.0
241.0 227.0
66.0 46.0
121.0 133.0
59.0 234.0
53.0 10.0
181.0 84.0
234.0 75.0
51.0 246.0
218.0 66.0
77.0 42.0
139.0 12.0
30.0 78.0
15.0 153.0
74.0 120.0
171.0 188.0
189.0 161.0
166.0 15.0
250.0 132.0
127.0 7.0
155.0 75.0
47.0 84.0
79.0 92.0
45.0 29.0
164.0 248.0
240.0 164.0
68.0 168.0
171.0 234.0
60.0 71.0
20.0 203.0
250.0 141.0
160.0 209.0
194.0 98.0
205.0 25.0
169.0 227.0
195.0 94.0
153.0 150.0
193.0 157.0
236.0 149.0
114.0 180.0
132.0 14.0
94.0 136.0
62.0 83.0
192.0 71.0
146.0 45.0
53.0 117.0
156.0 97.0
187.0 194.0
135.0 95.0
179.0 248.0
128.0 218.0
34.0 134.0
146.0 124.0
166.0 98.0
241.0 246.0
60.0 102.0
174.0 115.0
5.0 66.0
201.0 182.0
85.0 170.0
61.0 185.0
142.0 125.0
75.0 155.0
64.0 196.0
80.0 232.0
237.0 40.0
192.0 234.0
110.0 234.0
54.0 57.0
120.0 172.0
145.0 220.0
33.0 127.0
172.0 247.0
76.0 240.0
51.0 70.0
36.0 119.0
80.0 32.0
97.0 193.0
175.0 59.0
179.0 120.0
183.0 178.0
214.0 27.0
21.0 85.0
232.0 246.0
218.0 81.0
42.0 209.0
66.0 189.0
58.0 23.0
20.0 151.0
142.0 50.0
211.0 229.0
133.0 98.0
81.0 155.0
105.0 189.0
110.0 27.0
89.0 137.0
49.0 97.0
223.0 32.0
231.0 155.0
163.0 218.0
15.0 46.0
102.0 22.0
39.0 200.0
137.0 150.0
235.0 22.0
121.0 153.0
150.0 180.0
215.0 49.0
145.0 54.0
93.0 36.0
130.0 167.0
142.0 91.0
65.0 71.0
12.0 219.0
244.0 74.0
217.0 33.0
197.0 208.0
5.0 72.0
116.0 156.0
96.0 129.0
46.0 177.0
121.0 151.0
80.0 146.0
228.0 86.0
160.0 77.0
74.0 142.0
177.0 153.0
52.0 170.0
18.0 256.0
71.0 35.0
139.0 144.0
118.0 80.0
247.0 115.0
96.0 124.0
221.0 219.0
203.0 5.0
11.0 217.0
36.0 241.0
34.0 223.0
67.0 170.0
175.0 85.0
245.0 51.0
245.0 117.0
25.0 61.0
188.0 51.0
221.0 96.0
252.0 228.0
100.0 173.0
241.0 45.0
204.0 169.0
248.0 237.0
246.0 159.0
96.0 197.0
144.0 132.0
240.0 32.0
200.0 9.0
243.0 125.0
99.0 111.0
216.0 91.0
97.0 131.0
207.0 14.0
228.0 125.0
32.0 189.0
242.0 208.0
179.0 157.0
252.0 83.0
162.0 140.0
154.0 220.0
52.0 32.0
218.0 217.0
203.0 149.0
234.0 227.0
29.0 76.0
7.0 143.0
228.0 148.0
234.0 67.0
149.0 23.0
146.0 97.0
131.0 35.0
101.0 81.0
101.0 160.0
99.0 40.0
104.0 125.0
94.0 236.0
247.0 157.0
123.0 227.0
68.0 248.0
56.0 33.0
167.0 72.0
97.0 100.0
11.0 76.0
197.0 67.0
141.0 183.0
176.0 163.0
27.0 97.0
28.0 104.0
191.0 223.0
153.0 187.0
242.0 56.0
61.0 84.0
31.0 207.0
164.0 147.0
222.0 37.0
151.0 131.0
96.0 177.0
80.0 230.0
7.0 43.0
129.0 229.0
215.0 7.0
255.0 61.0
100.0 185.0
51.0 163.0
115.0 145.0
217.0 46.0
118.0 127.0
244.0 133.0
79.0 172.0
195.0 138.0
142.0 159.0
224.0 134.0
176.0 25.0
120.0 243.0
202.0 254.0
161.0 231.0
154.0 60.0
174.0 35.0
5.0 249.0
204.0 133.0
133.0 13.0
80.0 177.0
6.0 36.0
123.0 161.0
241.0 56.0
215.0 189.0
237.0 111.0
51.0 223.0
31.0 11.0
172.0 222.0
245.0 124.0
19.0 241.0
94.0 143.0
165.0 244.0
13.0 58.0
143.0 55.0
203.0 121.0
139.0 106.0
14.0 142.0
71.0 13.0
156.0 48.0
216.0 42.0
227.0 150.0
63.0 77.0
160.0 182.0
90.0 47.0
33.0 187.0
119.0 82.0
130.0 190.0
15.0 176.0
112.0 98.0
240.0 28.0
70.0 129.0
239.0 225.0
175.0 132.0
198.0 28.0
92.0 191.0
52.0 100.0
208.0 224.0
216.0 18.0
24.0 165.0
235.0 41.0
77.0 10.0
172.0 138.0
169.0 195.0
155.0 62.0
110.0 245.0
183.0 141.0
130.0 234.0
25.0 214.0
60.0 184.0
211.0 188.0
48.0 26.0
12.0 88.0
42.0 112.0
91.0 186.0
160.0 74.0
60.0 155.0
97.0 107.0
38.0 34.0
19.0 117.0
24.0 42.0
242.0 172.0
84.0 128.0
21.0 72.0
39.0 198.0
122.0 128.0
19.0 39.0
110.0 33.0
205.0 230.0
171.0 116.0
230.0 203.0
29.0 184.0
228.0 110.0
121.0 108.0
63.0 31.0
6.0 47.0
161.0 82.0
11.0 25.0
77.0 35.0
238.0 154.0
85.0 170.0
55.0 115.0
71.0 106.0
54.0 24.0
130.0 147.0
248.0 198.0
8.0 82.0
115.0 79.0
206.0 80.0
93.0 163.0
206.0 209.0
65.0 125.0
62.0 131.0
53.0 72.0
174.0 134.0
223.0 252.0
67.0 152.0
142.0 30.0
222.0 57.0
191.0 65.0
49.0 30.0
227.0 168.0
222.0 144.0
30.0 84.0
112.0 98.0
218.0 119.0
118.0 114.0
101.0 199.0
29.0 39.0
225.0 130.0
105.0 91.0
219.0 84.0
100.0 104.0
101.0 153.0
76.0 115.0
227.0 144.0
82.0 56.0
212.0 72.0
192.0 184.0
115.0 162.0
78.0 221.0
70.0 170.0
249.0 183.0
77.0 246.0
21.0 223.0
215.0 223.0
183.0 117.0
125.0 222.0
107.0 89.0
196.0 81.0
84.0 222.0
104.0 78.0
55.0 46.0
60.0 139.0
116.0 132.0
38.0 91.0
92.0 188.0
188.0 37.0
212.0 157.0
132.0 26.0
9.0 75.0
139.0 244.0
148.0 148.0
94.0 250.0
164.0 193.0
78.0 127.0
159.0 206.0
110.0 175.0
106.0 133.0
235.0 162.0
178.0 214.0
148.0 125.0
109.0 99.0
185.0 113.0
117.0 242.0
166.0 8.0
73.0 132.0
149.0 122.0
21.0 252.0
132.0 190.0
122.0 190.0
154.0 251.0
16.0 192.0
227.0 162.0
36.0 175.0
162.0 181.0
140.0 128.0
82.0 148.0
135.0 62.0
82.0 147.0
182.0 21.0
207.0 20.0
6.0 238.0
29.0 241.0
204.0 38.0
217.0 154.0
183.0 197.0
166.0 212.0
31.0 13.0
237.0 86.0
158.0 164.0
72.0 146.0
193.0 193.0
106.0 108.0
100.0 116.0
189.0 142.0
88.0 123.0
247.0 181.0
170.0 210.0
45.0 92.0
80.0 80.0
122.0 18.0
22.0 89.0
61.0 240.0
81.0 138.0
66.0 227.0
151.0 154.0
105.0 80.0
65.0 25.0
223.0 160.0
198.0 148.0
176.0 26.0
71.0 141.0
113.0 49.0
90.0 242.0
54.0 201.0
124.0 75.0
38.0 75.0
128.0 177.0
79.0 192.0
164.0 65.0
142.0 24.0
162.0 156.0
171.0 229.0
121.0 193.0
25.0 96.0
237.0 53.0
195.0 72.0
27.0 27.0
48.0 38.0
57.0 85.0
97.0 27.0
241.0 7.0
174.0 215.0
154.0 105.0
120.0 225.0
227.0 251.0
239.0 232.0
154.0 71.0
34.0 254.0
213.0 136.0
42.0 247.0
248.0 140.0
222.0 47.0
118.0 34.0
75.0 91.0
235.0 201.0
5.0 147.0
126.0 65.0
92.0 71.0
30.0 23.0
75.0 206.0
44.0 27.0
94.0 80.0
14.0 89.0
180.0 116.0
31.0 83.0
95.0 157.0
78.0 66.0
166.0 139.0
118.0 104.0
94.0 87.0
252.0 181.0
254.0 148.0
118.0 49.0
83.0 193.0
50.0 247.0
198.0 121.0
46.0 249.0
237.0 197.0
147.0 114.0
160.0 12.0
205.0 204.0
146.0 242.0
249.0 226.0
205.0 118.0
20.0 50.0
237.0 6.0
67.0 150.0
61.0 55.0
39.0 46.0
250.0 220.0
238.0 178.0
199.0 245.0
182.0 222.0
110.0 19.0
81.0 166.0
191.0 26.0
158.0 36.0
152.0 203.0
55.0 189.0
161.0 247.0
134.0 211.0
221.0 91.0
58.0 197.0
233.0 243.0
62.0 85.0
112.0 22.0
187.0 217.0
88.0 60.0
22.0 109.0
163.0 200.0
72.0 59.0
16.0 48.0
207.0 139.0
166.0 192.0
165.0 100.0
82.0 197.0
183.0 121.0
190.0 17.0
130.0 23.0
29.0 97.0
50.0 52.0
216.0 137.0
168.0 165.0
38.0 161.0
102.0 103.0
203.0 39.0
199.0 57.0
245.0 189.0
162.0 20.0
187.0 232.0
227.0 93.0
103.0 211.0
170.0 166.0
72.0 49.0
62.0 120.0
253.0 179.0
160.0 105.0
229.0 166.0
227.0 155.0
234.0 166.0
30.0 83.0
245.0 127.0
218.0 38.0
211.0 190.0
184.0 35.0
9.0 112.0
215.0 211.0
43.0 25.0
211.0 9.0
187.0 219.0
115.0 172.0
105.0 144.0
203.0 95.0
40.0 202.0
39.0 57.0
219.0 151.0
89.0 28.0
123.0 27.0
171.0 160.0
75.0 97.0
128.0 61.0
82.0 79.0
34.0 65.0
9.0 23.0
153.0 242.0
92.0 217.0
128.0 224.0
42.0 147.0
235.0 215.0
114.0 240.0
16.0 144.0
5.0 38.0
87.0 186.0
77.0 173.0
221.0 25.0
171.0 154.0
151.0 157.0
105.0 226.0
115.0 256.0
250.0 147.0
165.0 58.0
180.0 78.0
127.0 100.0
119.0 16.0
162.0 180.0
100.0 85.0
144.0 254.0
162.0 26.0
206.0 240.0
118.0 49.0
22.0 92.0
115.0 247.0
62.0 226.0
130.0 173.0
34.0 26.0
256.0 80.0
94.0 163.0
36.0 84.0
164.0 61.0
94.0 159.0
91.0 131.0
167.0 19.0
98.0 206.0
183.0 250.0
106.0 211.0
119.0 86.0
58.0 92.0
149.0 43.0
169.0 191.0
160.0 224.0
91.0 190.0
101.0 143.0
62.0 191.0
38.0 181.0
179.0 225.0
31.0 230.0
191.0 49.0
117.0 218.0
85.0 217.0
73.0 197.0
24.0 129.0
178.0 100.0
250.0 193.0
245.0 159.0
143.0 139.0
12.0 32.0
171.0 27.0
63.0 209.0
72.0 115.0
211.0 144.0
98.0 225.0
155.0 48.0
27.0 182.0
240.0 168.0
200.0 57.0
215.0 116.0
133.0 207.0
205.0 180.0
55.0 160.0
210.0 90.0
98.0 256.0
155.0 11.0
104.0 219.0
212.0 131.0
117.0 165.0
69.0 234.0
186.0 125.0
192.0 252.0
172.0 185.0
151.0 70.0
27.0 225.0
201.0 181.0
134.0 233.0
36.0 117.0
69.0 23.0
37.0 105.0
223.0 220.0
68.0 8.0
8.0 243.0
12.0 145.0
10.0 240.0
230.0 127.0
146.0 88.0
233.0 225.0
65.0 56.0
155.0 14.0
238.0 100.0
209.0 166.0
114.0 255.0
32.0 67.0
131.0 242.0
250.0 171.0
98.0 139.0
93.0 208.0
135.0 52.0
184.0 34.0
6.0 69.0
11.0 64.0
226.0 34.0
77.0 249.0
97.0 47.0
92.0 133.0
201.0 119.0
83.0 99.0
145.0 228.0
173.0 212.0
167.0 116.0
15.0 116.0
77.0 192.0
33.0 46.0
235.0 228.0
38.0 44.0
147.0 132.0
19.0 20.0
60.0 58.0
90.0 174.0
225.0 65.0
192.0 29.0
72.0 180.0
197.0 174.0
133.0 194.0
168.0 175.0
49.0 201.0
236.0 42.0
122.0 58.0
4.0 141.0
152.0 156.0
92.0 53.0
109.0 67.0
27.0 118.0
31.0 96.0
52.0 84.0
63.0 95.0
172.0 174.0
153.0 60.0
49.0 177.0
179.0 184.0
51.0 183.0
195.0 227.0
150.0 242.0
157.0 73.0
43.0 183.0
172.0 169.0
170.0 228.0
59.0 95.0
50.0 46.0
117.0 81.0
9.0 201.0
252.0 117.0
93.0 90.0
241.0 82.0
120.0 137.0
167.0 139.0
46.0 236.0
170.0 252.0
195.0 102.0
176.0 151.0
195.0 112.0
132.0 242.0
241.0 193.0
6.0 166.0
217.0 214.0
243.0 115.0
120.0 66.0
36.0 19.0
207.0 242.0
237.0 23.0
217.0 246.0
129.0 69.0
142.0 12.0
30.0 84.0
103.0 37.0
84.0 188.0
130.0 37.0
12.0 126.0
45.0 189.0
150.0 138.0
108.0 178.0
130.0 134.0
18.0 187.0
136.0 249.0
66.0 223.0
232.0 33.0
84.0 29.0
84.0 222.0
223.0 41.0
194.0 194.0
244.0 132.0
61.0 235.0
241.0 133.0
48.0 32.0
166.0 244.0
234.0 191.0
111.0 40.0
157.0 61.0
160.0 209.0
86.0 246.0
108.0 157.0
124.0 47.0
248.0 241.0
152.0 242.0
150.0 110.0
19.0 134.0
237.0 71.0
153.0 156.0
236.0 70.0
74.0 36.0
154.0 83.0
150.0 230.0
30.0 129.0
197.0 229.0
167.0 84.0
95.0 97.0
27.0 111.0
