1
2048 1 3.0 0.0 1000.0 3 160 240 100

6.5 13.5 29.3 58.5
13.0 27.0 58.5 117.0
19.5 40.5 87.8 175.5
26.0 54.0 117.0 234.0
39.0 81.0 175.5 351.0
52.0 108.0 234.0 468.0
58.5 121.5 263.3 526.5
65.0 135.0 292.5 585.0
78.0 162.0 351.0 702.0
0.0 180.0 390.0 780.0

2.0 5.0 8.0 11.0
5.0 8.0 11.0 14.0
9.0 12.0 15.0 18.0
11.0 14.0 17.0 20.0
15.0 18.0 21.0 24.0
18.0 21.0 24.0 27.0
20.0 23.0 26.0 29.0
25.0 28.0 31.0 34.0
29.0 32.0 35.0 38.0
0.0 34.0 37.0 40.0

8.0 161.0
236.0 103.0
81.0 192.0
21.0 208.0
129.0 193.0
148.0 246.0
234.0 15.0
103.0 246.0
220.0 243.0
107.0 166.0
3.0 164.0
236.0 237.0
247.0 117.0
58.0 176.0
43.0 128.0
95.0 37.0
94.0 15.0
45.0 65.0
203.0 210.0
216.0 201.0
216.0 128.0
191.0 218.0
73.0 211.0
88.0 25.0
237.0 72.0
47.0 234.0
51.0 24.0
166.0 149.0
140.0 34.0
178.0 164.0
59.0 248.0
184.0 88.0
161.0 21.0
117.0 3.0
23.0 211.0
148.0 79.0
19.0 60.0
51.0 42.0
6.0 21.0
135.0 111.0
98.0 2.0
129.0 229.0
101.0 12.0
7.0 13.0
221.0 31.0
3.0 143.0
235.0 235.0
190.0 224.0
125.0 22.0
240.0 222.0
226.0 85.0
119.0 132.0
20.0 109.0
212.0 109.0
249.0 215.0
242.0 88.0
109.0 98.0
118.0 248.0
67.0 107.0
198.0 233.0
189.0 94.0
226.0 95.0
155.0 158.0
46.0 9.0
208.0 219.0
242.0 87.0
101.0 187.0
170.0 233.0
161.0 43.0
163.0 225.0
150.0 202.0
241.0 101.0
186.0 112.0
246.0 156.0
12.0 86.0
99.0 2.0
2.0 189.0
219.0 128.0
77.0 54.0
192.0 22.0
44.0 81.0
96.0 192.0
141.0 8.0
189.0 249.0
193.0 189.0
246.0 25.0
32.0 186.0
142.0 18.0
206.0 147.0
64.0 1.0
8.0 195.0
86.0 218.0
230.0 171.0
136.0 134.0
43.0 89.0
175.0 26.0
27.0 11.0
20.0 17.0
143.0 89.0
5.0 208.0
30.0 101.0
16.0 136.0
53.0 89.0
241.0 97.0
106.0 71.0
42.0 176.0
230.0 58.0
157.0 142.0
156.0 207.0
14.0 204.0
224.0 229.0
248.0 127.0
166.0 10.0
77.0 97.0
63.0 181.0
247.0 211.0
100.0 221.0
81.0 92.0
50.0 210.0
214.0 149.0
242.0 185.0
174.0 84.0
65.0 95.0
32.0 69.0
129.0 180.0
127.0 43.0
27.0 147.0
227.0 191.0
185.0 91.0
27.0 183.0
116.0 160.0
191.0 99.0
196.0 43.0
216.0 250.0
146.0 139.0
226.0 198.0
231.0 130.0
78.0 55.0
205.0 182.0
5.0 237.0
161.0 112.0
82.0 137.0
192.0 143.0
88.0 9.0
124.0 194.0
182.0 160.0
127.0 196.0
110.0 112.0
77.0 28.0
202.0 199.0
102.0 174.0
29.0 153.0
60.0 58.0
94.0 6.0
7.0 69.0
45.0 245.0
35.0 71.0
178.0 160.0
147.0 54.0
71.0 207.0
190.0 96.0
3.0 207.0
132.0 159.0
131.0 60.0
72.0 21.0
189.0 180.0
163.0 232.0
64.0 214.0
183.0 43.0
142.0 107.0
90.0 42.0
148.0 213.0
150.0 90.0
1.0 145.0
107.0 167.0
31.0 165.0
110.0 82.0
204.0 213.0
231.0 42.0
84.0 229.0
180.0 158.0
40.0 246.0
164.0 16.0
63.0 42.0
127.0 242.0
70.0 194.0
185.0 86.0
189.0 200.0
128.0 78.0
29.0 143.0
178.0 141.0
38.0 177.0
234.0 103.0
103.0 190.0
191.0 115.0
101.0 52.0
170.0 37.0
186.0 176.0
132.0 176.0
148.0 170.0
89.0 66.0
4.0 184.0
242.0 53.0
23.0 116.0
164.0 236.0
233.0 143.0
206.0 159.0
233.0 119.0
134.0 191.0
224.0 188.0
43.0 99.0
222.0 19.0
185.0 128.0
224.0 142.0
134.0 224.0
188.0 168.0
39.0 88.0
202.0 240.0
27.0 72.0
85.0 135.0
123.0 220.0
177.0 228.0
131.0 103.0
173.0 109.0
204.0 128.0
148.0 211.0
188.0 74.0
242.0 94.0
93.0 189.0
24.0 121.0
131.0 200.0
144.0 56.0
73.0 211.0
156.0 182.0
224.0 215.0
245.0 112.0
151.0 56.0
122.0 245.0
87.0 213.0
188.0 173.0
16.0 102.0
115.0 126.0
245.0 145.0
68.0 126.0
87.0 178.0
77.0 60.0
81.0 84.0
176.0 220.0
14.0 78.0
192.0 155.0
40.0 159.0
158.0 245.0
16.0 51.0
127.0 219.0
3.0 0.0
229.0 159.0
169.0 130.0
125.0 82.0
158.0 104.0
65.0 14.0
40.0 171.0
96.0 37.0
36.0 212.0
243.0 75.0
14.0 240.0
73.0 40.0
53.0 104.0
114.0 239.0
217.0 213.0
149.0 14.0
207.0 163.0
225.0 153.0
142.0 213.0
39.0 170.0
40.0 97.0
161.0 124.0
102.0 20.0
120.0 181.0
249.0 186.0
201.0 228.0
151.0 69.0
97.0 118.0
64.0 184.0
142.0 221.0
84.0 158.0
146.0 249.0
25.0 1.0
176.0 138.0
143.0 7.0
183.0 91.0
30.0 38.0
198.0 197.0
55.0 24.0
115.0 80.0
20.0 42.0
161.0 144.0
39.0 170.0
204.0 236.0
199.0 131.0
108.0 153.0
127.0 30.0
178.0 211.0
135.0 79.0
12.0 163.0
211.0 234.0
198.0 69.0
143.0 19.0
33.0 19.0
165.0 88.0
72.0 199.0
54.0 165.0
84.0 60.0
172.0 49.0
73.0 222.0
13.0 191.0
73.0 249.0
139.0 163.0
8.0 20.0
167.0 140.0
192.0 5.0
73.0 98.0
141.0 10.0
122.0 230.0
140.0 84.0
30.0 139.0
115.0 42.0
56.0 198.0
139.0 146.0
29.0 22.0
227.0 45.0
88.0 37.0
137.0 133.0
50.0 243.0
205.0 45.0
52.0 19.0
55.0 84.0
237.0 196.0
86.0 175.0
39.0 118.0
210.0 4.0
183.0 38.0
96.0 68.0
87.0 211.0
48.0 173.0
175.0 133.0
132.0 232.0
135.0 182.0
46.0 10.0
24.0 223.0
246.0 61.0
130.0 61.0
170.0 124.0
100.0 185.0
230.0 87.0
147.0 54.0
5.0 177.0
196.0 249.0
202.0 102.0
164.0 111.0
192.0 175.0
114.0 67.0
50.0 30.0
99.0 145.0
42.0 75.0
65.0 241.0
113.0 173.0
246.0 29.0
193.0 73.0
45.0 193.0
237.0 198.0
230.0 244.0
209.0 201.0
30.0 247.0
53.0 3.0
111.0 60.0
213.0 115.0
137.0 64.0
138.0 75.0
6.0 114.0
212.0 181.0
116.0 29.0
152.0 222.0
104.0 23.0
214.0 9.0
49.0 236.0
96.0 52.0
206.0 149.0
28.0 35.0
135.0 187.0
54.0 75.0
162.0 136.0
111.0 43.0
177.0 83.0
54.0 49.0
66.0 108.0
93.0 249.0
159.0 79.0
168.0 203.0
117.0 142.0
108.0 63.0
27.0 133.0
222.0 200.0
232.0 143.0
44.0 166.0
53.0 65.0
249.0 231.0
61.0 1.0
101.0 20.0
158.0 214.0
56.0 99.0
29.0 148.0
25.0 185.0
71.0 57.0
30.0 177.0
13.0 147.0
140.0 75.0
187.0 164.0
53.0 113.0
46.0 177.0
62.0 23.0
19.0 133.0
170.0 161.0
165.0 57.0
210.0 23.0
101.0 98.0
103.0 0.0
28.0 162.0
245.0 43.0
223.0 216.0
20.0 188.0
178.0 128.0
64.0 15.0
135.0 242.0
157.0 98.0
80.0 201.0
219.0 139.0
66.0 63.0
189.0 240.0
46.0 121.0
132.0 113.0
218.0 83.0
207.0 69.0
189.0 156.0
247.0 188.0
82.0 65.0
188.0 174.0
18.0 165.0
226.0 141.0
219.0 71.0
79.0 210.0
53.0 67.0
77.0 66.0
119.0 113.0
121.0 196.0
89.0 79.0
77.0 102.0
20.0 145.0
36.0 76.0
227.0 123.0
129.0 215.0
60.0 25.0
202.0 133.0
50.0 245.0
165.0 166.0
138.0 62.0
196.0 165.0
76.0 201.0
233.0 40.0
105.0 36.0
73.0 26.0
98.0 58.0
126.0 210.0
168.0 48.0
12.0 164.0
49.0 212.0
196.0 105.0
121.0 99.0
197.0 35.0
13.0 174.0
214.0 174.0
38.0 249.0
66.0 10.0
5.0 15.0
164.0 146.0
49.0 250.0
49.0 154.0
146.0 84.0
78.0 234.0
71.0 9.0
169.0 9.0
109.0 138.0
60.0 146.0
127.0 34.0
132.0 239.0
215.0 240.0
102.0 29.0
117.0 200.0
32.0 28.0
39.0 69.0
80.0 226.0
177.0 247.0
48.0 100.0
173.0 0.0
55.0 211.0
241.0 115.0
246.0 235.0
4.0 99.0
245.0 93.0
194.0 236.0
135.0 155.0
132.0 132.0
56.0 45.0
226.0 182.0
72.0 161.0
74.0 238.0
29.0 52.0
17.0 13.0
167.0 143.0
96.0 129.0
101.0 84.0
141.0 231.0
47.0 76.0
77.0 187.0
35.0 85.0
41.0 184.0
112.0 157.0
15.0 96.0
152.0 145.0
218.0 77.0
151.0 169.0
53.0 124.0
244.0 233.0
5.0 186.0
206.0 232.0
150.0 186.0
37.0 110.0
42.0 169.0
37.0 46.0
23.0 55.0
75.0 56.0
90.0 91.0
91.0 1.0
240.0 108.0
166.0 28.0
54.0 44.0
72.0 43.0
71.0 222.0
249.0 133.0
79.0 221.0
12.0 156.0
248.0 195.0
59.0 33.0
118.0 100.0
194.0 95.0
236.0 80.0
227.0 151.0
73.0 74.0
78.0 235.0
155.0 33.0
179.0 80.0
149.0 182.0
78.0 173.0
221.0 81.0
205.0 33.0
36.0 60.0
87.0 203.0
78.0 153.0
92.0 238.0
53.0 221.0
115.0 30.0
160.0 25.0
170.0 142.0
129.0 61.0
160.0 115.0
190.0 38.0
173.0 44.0
230.0 199.0
204.0 11.0
201.0 221.0
19.0 45.0
132.0 38.0
189.0 76.0
208.0 190.0
140.0 175.0
141.0 164.0
110.0 176.0
146.0 208.0
246.0 87.0
156.0 211.0
101.0 20.0
199.0 10.0
136.0 178.0
183.0 69.0
128.0 233.0
161.0 46.0
186.0 28.0
184.0 51.0
179.0 55.0
184.0 239.0
138.0 15.0
135.0 163.0
62.0 39.0
46.0 160.0
71.0 247.0
164.0 77.0
198.0 113.0
70.0 217.0
165.0 171.0
155.0 202.0
22.0 155.0
60.0 7.0
151.0 0.0
171.0 223.0
127.0 167.0
133.0 195.0
56.0 70.0
101.0 219.0
23.0 222.0
71.0 44.0
128.0 1.0
127.0 15.0
133.0 9.0
70.0 223.0
62.0 58.0
156.0 107.0
156.0 144.0
10.0 19.0
152.0 55.0
86.0 63.0
163.0 92.0
114.0 83.0
245.0 201.0
21.0 13.0
66.0 88.0
139.0 67.0
125.0 9.0
81.0 106.0
71.0 184.0
203.0 53.0
193.0 134.0
164.0 51.0
246.0 39.0
135.0 123.0
77.0 21.0
36.0 135.0
76.0 83.0
223.0 218.0
45.0 239.0
140.0 69.0
139.0 177.0
230.0 143.0
93.0 126.0
232.0 63.0
14.0 145.0
55.0 105.0
83.0 118.0
219.0 231.0
58.0 58.0
169.0 147.0
63.0 132.0
96.0 219.0
169.0 128.0
190.0 122.0
131.0 144.0
73.0 168.0
165.0 114.0
231.0 60.0
237.0 65.0
49.0 149.0
153.0 90.0
150.0 67.0
21.0 64.0
33.0 182.0
10.0 213.0
57.0 128.0
97.0 186.0
160.0 228.0
107.0 112.0
231.0 189.0
119.0 170.0
152.0 16.0
142.0 29.0
46.0 140.0
40.0 63.0
123.0 90.0
216.0 72.0
49.0 77.0
162.0 30.0
85.0 193.0
21.0 228.0
59.0 218.0
121.0 212.0
40.0 117.0
23.0 237.0
154.0 96.0
164.0 31.0
29.0 153.0
250.0 217.0
190.0 158.0
114.0 45.0
16.0 240.0
75.0 166.0
204.0 142.0
126.0 239.0
227.0 221.0
115.0 201.0
97.0 102.0
129.0 133.0
72.0 54.0
114.0 178.0
205.0 217.0
64.0 64.0
30.0 120.0
194.0 56.0
146.0 2.0
50.0 34.0
112.0 244.0
93.0 130.0
59.0 49.0
100.0 244.0
32.0 58.0
21.0 16.0
115.0 163.0
23.0 180.0
213.0 77.0
248.0 6.0
174.0 41.0
111.0 140.0
3.0 122.0
65.0 168.0
214.0 89.0
21.0 73.0
218.0 201.0
230.0 72.0
147.0 26.0
194.0 92.0
148.0 238.0
25.0 11.0
169.0 143.0
210.0 56.0
146.0 12.0
60.0 93.0
244.0 83.0
192.0 85.0
170.0 191.0
184.0 82.0
113.0 27.0
134.0 131.0
166.0 80.0
138.0 110.0
201.0 165.0
35.0 237.0
150.0 209.0
74.0 137.0
40.0 60.0
208.0 102.0
130.0 138.0
62.0 32.0
91.0 47.0
140.0 87.0
234.0 105.0
208.0 152.0
81.0 33.0
30.0 22.0
168.0 134.0
19.0 40.0
245.0 77.0
126.0 206.0
139.0 240.0
122.0 128.0
78.0 119.0
245.0 209.0
101.0 97.0
233.0 51.0
241.0 244.0
88.0 114.0
220.0 44.0
229.0 218.0
231.0 94.0
235.0 67.0
162.0 63.0
223.0 249.0
203.0 60.0
191.0 12.0
95.0 93.0
237.0 160.0
56.0 128.0
110.0 230.0
26.0 63.0
130.0 174.0
166.0 2.0
68.0 76.0
88.0 12.0
129.0 23.0
148.0 131.0
16.0 8.0
166.0 178.0
102.0 127.0
249.0 15.0
34.0 66.0
230.0 178.0
201.0 18.0
21.0 163.0
7.0 151.0
2.0 152.0
238.0 136.0
140.0 82.0
113.0 243.0
77.0 246.0
175.0 122.0
243.0 164.0
227.0 175.0
131.0 67.0
107.0 234.0
154.0 105.0
131.0 98.0
86.0 225.0
109.0 9.0
147.0 231.0
155.0 248.0
107.0 87.0
66.0 50.0
87.0 94.0
111.0 152.0
58.0 131.0
129.0 52.0
102.0 226.0
163.0 144.0
41.0 7.0
147.0 212.0
146.0 174.0
242.0 60.0
140.0 192.0
223.0 127.0
86.0 182.0
139.0 3.0
6.0 115.0
6.0 66.0
184.0 156.0
153.0 29.0
140.0 117.0
94.0 241.0
91.0 28.0
163.0 157.0
15.0 127.0
183.0 200.0
2.0 159.0
4.0 51.0
155.0 183.0
75.0 214.0
69.0 127.0
12.0 20.0
48.0 167.0
178.0 40.0
212.0 62.0
136.0 198.0
14.0 128.0
115.0 177.0
207.0 121.0
209.0 35.0
157.0 76.0
84.0 249.0
159.0 2.0
37.0 225.0
28.0 111.0
65.0 130.0
6.0 98.0
149.0 189.0
119.0 24.0
36.0 195.0
161.0 196.0
116.0 245.0
60.0 232.0
36.0 66.0
176.0 61.0
30.0 88.0
161.0 185.0
226.0 232.0
57.0 68.0
45.0 206.0
148.0 113.0
65.0 159.0
91.0 217.0
95.0 97.0
243.0 231.0
220.0 36.0
74.0 194.0
158.0 186.0
198.0 48.0
95.0 3.0
59.0 74.0
199.0 35.0
158.0 129.0
98.0 13.0
247.0 56.0
167.0 1.0
240.0 209.0
19.0 181.0
152.0 104.0
168.0 195.0
188.0 11.0
152.0 14.0
159.0 110.0
188.0 126.0
239.0 167.0
31.0 131.0
101.0 217.0
242.0 162.0
74.0 95.0
147.0 110.0
239.0 166.0
79.0 170.0
224.0 224.0
46.0 82.0
2.0 46.0
61.0 210.0
58.0 179.0
145.0 189.0
129.0 79.0
94.0 177.0
233.0 61.0
180.0 54.0
83.0 47.0
232.0 242.0
224.0 192.0
136.0 106.0
104.0 8.0
94.0 231.0
62.0 196.0
41.0 166.0
39.0 160.0
193.0 62.0
157.0 56.0
247.0 148.0
64.0 231.0
77.0 121.0
79.0 2.0
83.0 8.0
174.0 31.0
147.0 194.0
168.0 118.0
241.0 66.0
78.0 24.0
16.0 80.0
108.0 43.0
26.0 76.0
104.0 54.0
60.0 24.0
78.0 134.0
100.0 164.0
4.0 106.0
7.0 73.0
117.0 220.0
83.0 19.0
32.0 212.0
215.0 249.0
64.0 74.0
154.0 201.0
160.0 143.0
240.0 156.0
217.0 226.0
3.0 200.0
74.0 246.0
88.0 140.0
66.0 237.0
35.0 111.0
59.0 66.0
19.0 145.0
235.0 71.0
178.0 67.0
156.0 122.0
23.0 117.0
13.0 176.0
185.0 30.0
216.0 202.0
104.0 99.0
87.0 162.0
55.0 90.0
220.0 73.0
234.0 137.0
108.0 189.0
180.0 133.0
3.0 213.0
115.0 113.0
221.0 201.0
121.0 4.0
239.0 195.0
111.0 145.0
170.0 121.0
115.0 45.0
79.0 106.0
241.0 172.0
119.0 142.0
194.0 125.0
54.0 110.0
88.0 88.0
47.0 227.0
54.0 51.0
128.0 48.0
20.0 76.0
112.0 210.0
26.0 216.0
15.0 186.0
79.0 237.0
87.0 100.0
43.0 127.0
154.0 245.0
178.0 167.0
12.0 239.0
220.0 176.0
186.0 79.0
222.0 79.0
173.0 162.0
177.0 32.0
98.0 139.0
30.0 125.0
47.0 63.0
214.0 35.0
117.0 79.0
186.0 14.0
69.0 213.0
242.0 208.0
13.0 156.0
193.0 75.0
119.0 228.0
66.0 17.0
170.0 19.0
45.0 121.0
80.0 47.0
163.0 1.0
49.0 33.0
114.0 5.0
117.0 9.0
68.0 157.0
171.0 5.0
204.0 230.0
25.0 131.0
10.0 185.0
4.0 189.0
160.0 248.0
47.0 246.0
153.0 242.0
109.0 194.0
153.0 64.0
18.0 90.0
78.0 56.0
189.0 172.0
17.0 28.0
219.0 240.0
133.0 53.0
157.0 153.0
16.0 186.0
68.0 13.0
18.0 85.0
98.0 166.0
156.0 64.0
7.0 209.0
238.0 178.0
4.0 11.0
180.0 13.0
239.0 66.0
39.0 132.0
151.0 55.0
109.0 239.0
157.0 60.0
220.0 134.0
250.0 188.0
220.0 142.0
119.0 168.0
167.0 229.0
241.0 54.0
59.0 87.0
170.0 223.0
21.0 50.0
109.0 182.0
150.0 238.0
107.0 233.0
67.0 164.0
96.0 152.0
240.0 79.0
242.0 45.0
3.0 166.0
180.0 162.0
230.0 234.0
7.0 220.0
184.0 143.0
206.0 119.0
152.0 237.0
14.0 1.0
242.0 142.0
29.0 139.0
81.0 94.0
192.0 247.0
186.0 1.0
60.0 71.0
88.0 48.0
142.0 210.0
127.0 183.0
80.0 179.0
127.0 138.0
70.0 21.0
229.0 230.0
196.0 100.0
223.0 201.0
175.0 24.0
34.0 217.0
75.0 199.0
82.0 180.0
126.0 74.0
27.0 72.0
63.0 218.0
13.0 123.0
241.0 170.0
53.0 151.0
88.0 59.0
13.0 230.0
9.0 66.0
241.0 174.0
195.0 113.0
165.0 96.0
55.0 209.0
27.0 173.0
111.0 227.0
208.0 5.0
202.0 153.0
176.0 49.0
201.0 214.0
158.0 167.0
232.0 58.0
163.0 132.0
196.0 2.0
109.0 6.0
236.0 158.0
44.0 111.0
66.0 73.0
83.0 136.0
167.0 70.0
194.0 215.0
161.0 49.0
59.0 153.0
229.0 65.0
33.0 11.0
7.0 57.0
49.0 97.0
223.0 184.0
112.0 200.0
109.0 1.0
108.0 239.0
229.0 69.0
197.0 41.0
157.0 105.0
140.0 44.0
239.0 131.0
208.0 13.0
7.0 118.0
134.0 193.0
129.0 192.0
154.0 105.0
46.0 41.0
199.0 44.0
88.0 205.0
178.0 102.0
86.0 10.0
28.0 151.0
132.0 207.0
95.0 242.0
153.0 208.0
162.0 216.0
65.0 96.0
40.0 121.0
41.0 177.0
184.0 100.0
41.0 133.0
109.0 219.0
19.0 161.0
210.0 23.0
69.0 35.0
114.0 175.0
53.0 103.0
61.0 72.0
105.0 30.0
71.0 184.0
173.0 169.0
236.0 135.0
109.0 5.0
63.0 135.0
118.0 172.0
56.0 162.0
175.0 119.0
84.0 134.0
116.0 35.0
120.0 92.0
124.0 8.0
250.0 7.0
193.0 141.0
179.0 103.0
180.0 206.0
248.0 191.0
124.0 227.0
66.0 38.0
103.0 154.0
152.0 115.0
154.0 171.0
54.0 149.0
158.0 175.0
227.0 197.0
112.0 66.0
9.0 17.0
34.0 48.0
94.0 103.0
58.0 185.0
228.0 34.0
107.0 35.0
140.0 112.0
55.0 238.0
73.0 76.0
151.0 7.0
37.0 241.0
232.0 21.0
35.0 226.0
140.0 37.0
5.0 234.0
228.0 104.0
100.0 187.0
2.0 76.0
186.0 50.0
163.0 162.0
37.0 7.0
210.0 103.0
4.0 226.0
5.0 88.0
242.0 229.0
78.0 111.0
153.0 234.0
204.0 17.0
12.0 113.0
143.0 62.0
53.0 209.0
223.0 113.0
109.0 30.0
3.0 178.0
193.0 179.0
93.0 25.0
16.0 178.0
237.0 204.0
191.0 162.0
105.0 109.0
232.0 223.0
36.0 8.0
241.0 13.0
35.0 63.0
3.0 4.0
166.0 145.0
27.0 142.0
1.0 81.0
96.0 171.0
138.0 19.0
19.0 229.0
98.0 171.0
8.0 133.0
210.0 2.0
248.0 61.0
182.0 239.0
221.0 191.0
101.0 150.0
202.0 118.0
165.0 89.0
140.0 232.0
32.0 134.0
201.0 26.0
210.0 190.0
71.0 104.0
235.0 6.0
150.0 15.0
203.0 105.0
141.0 51.0
30.0 193.0
20.0 242.0
108.0 192.0
10.0 87.0
126.0 66.0
198.0 114.0
101.0 215.0
10.0 177.0
243.0 240.0
78.0 232.0
98.0 224.0
88.0 98.0
199.0 203.0
11.0 85.0
53.0 100.0
179.0 118.0
75.0 171.0
249.0 111.0
153.0 115.0
123.0 103.0
95.0 21.0
2.0 12.0
26.0 160.0
16.0 185.0
80.0 205.0
231.0 182.0
107.0 237.0
106.0 119.0
115.0 244.0
61.0 140.0
17.0 115.0
125.0 194.0
55.0 190.0
180.0 83.0
85.0 9.0
162.0 78.0
221.0 182.0
100.0 183.0
145.0 163.0
223.0 230.0
204.0 215.0
162.0 10.0
233.0 215.0
82.0 238.0
102.0 247.0
152.0 198.0
39.0 209.0
69.0 222.0
108.0 33.0
159.0 239.0
24.0 137.0
155.0 169.0
50.0 36.0
44.0 18.0
43.0 144.0
211.0 80.0
10.0 61.0
149.0 223.0
119.0 243.0
76.0 47.0
157.0 230.0
123.0 2.0
240.0 201.0
44.0 146.0
160.0 170.0
236.0 242.0
42.0 194.0
158.0 9.0
61.0 48.0
52.0 94.0
28.0 114.0
179.0 208.0
227.0 59.0
101.0 121.0
166.0 163.0
106.0 73.0
15.0 21.0
159.0 192.0
19.0 91.0
125.0 73.0
19.0 175.0
15.0 4.0
15.0 215.0
109.0 123.0
17.0 77.0
110.0 89.0
240.0 99.0
40.0 209.0
18.0 209.0
158.0 204.0
126.0 247.0
242.0 195.0
247.0 179.0
136.0 214.0
156.0 216.0
32.0 189.0
229.0 141.0
9.0 97.0
223.0 244.0
178.0 93.0
71.0 43.0
75.0 196.0
249.0 42.0
32.0 212.0
85.0 110.0
42.0 94.0
207.0 101.0
215.0 52.0
110.0 151.0
227.0 235.0
162.0 170.0
228.0 171.0
174.0 90.0
238.0 168.0
204.0 246.0
117.0 222.0
112.0 88.0
23.0 36.0
157.0 227.0
61.0 46.0
18.0 127.0
159.0 193.0
178.0 88.0
14.0 212.0
150.0 188.0
2.0 58.0
131.0 217.0
27.0 103.0
176.0 144.0
82.0 101.0
105.0 20.0
115.0 197.0
120.0 241.0
105.0 72.0
200.0 188.0
56.0 153.0
148.0 52.0
201.0 97.0
213.0 237.0
239.0 85.0
57.0 13.0
29.0 34.0
92.0 202.0
189.0 136.0
99.0 182.0
133.0 186.0
32.0 115.0
147.0 2.0
15.0 82.0
145.0 23.0
100.0 124.0
74.0 1.0
145.0 18.0
247.0 16.0
1.0 156.0
202.0 85.0
8.0 230.0
227.0 231.0
108.0 220.0
25.0 160.0
199.0 7.0
45.0 29.0
152.0 243.0
76.0 87.0
11.0 155.0
244.0 30.0
166.0 65.0
143.0 249.0
127.0 166.0
115.0 181.0
90.0 203.0
31.0 48.0
28.0 239.0
216.0 91.0
135.0 24.0
248.0 208.0
226.0 13.0
138.0 217.0
47.0 193.0
5.0 25.0
217.0 134.0
130.0 68.0
144.0 31.0
124.0 163.0
4.0 55.0
215.0 13.0
243.0 141.0
16.0 141.0
86.0 155.0
170.0 99.0
112.0 195.0
76.0 130.0
28.0 92.0
248.0 232.0
63.0 247.0
127.0 183.0
239.0 238.0
9.0 111.0
72.0 203.0
53.0 26.0
83.0 79.0
145.0 35.0
40.0 58.0
219.0 30.0
197.0 213.0
166.0 197.0
73.0 52.0
79.0 248.0
146.0 55.0
77.0 115.0
161.0 91.0
81.0 130.0
27.0 139.0
170.0 46.0
129.0 81.0
249.0 56.0
169.0 132.0
52.0 34.0
226.0 31.0
66.0 44.0
27.0 193.0
41.0 196.0
243.0 69.0
36.0 27.0
174.0 44.0
49.0 131.0
22.0 231.0
48.0 56.0
235.0 134.0
82.0 86.0
236.0 151.0
163.0 67.0
167.0 17.0
222.0 232.0
65.0 36.0
206.0 86.0
240.0 73.0
236.0 189.0
142.0 37.0
34.0 236.0
105.0 192.0
157.0 183.0
146.0 156.0
107.0 181.0
65.0 53.0
249.0 186.0
162.0 51.0
231.0 136.0
184.0 116.0
194.0 190.0
193.0 116.0
110.0 50.0
102.0 201.0
154.0 220.0
185.0 228.0
69.0 112.0
183.0 43.0
67.0 223.0
201.0 4.0
82.0 176.0
121.0 178.0
60.0 204.0
118.0 228.0
222.0 14.0
128.0 50.0
99.0 232.0
215.0 44.0
171.0 234.0
82.0 207.0
8.0 194.0
33.0 59.0
149.0 24.0
8.0 213.0
218.0 173.0
132.0 223.0
148.0 71.0
14.0 152.0
140.0 70.0
117.0 112.0
94.0 42.0
64.0 96.0
23.0 102.0
62.0 236.0
57.0 3.0
205.0 166.0
175.0 40.0
198.0 9.0
143.0 139.0
133.0 54.0
177.0 79.0
5.0 238.0
181.0 169.0
208.0 147.0
205.0 195.0
70.0 20.0
93.0 66.0
60.0 98.0
100.0 132.0
88.0 166.0
65.0 204.0
151.0 11.0
46.0 131.0
140.0 30.0
137.0 83.0
168.0 70.0
236.0 35.0
113.0 114.0
108.0 217.0
123.0 25.0
158.0 137.0
137.0 79.0
107.0 97.0
43.0 134.0
119.0 153.0
173.0 30.0
216.0 84.0
109.0 200.0
126.0 191.0
123.0 211.0
32.0 109.0
132.0 77.0
16.0 91.0
76.0 219.0
12.0 60.0
242.0 5.0
196.0 17.0
83.0 133.0
12.0 230.0
150.0 176.0
121.0 163.0
78.0 161.0
115.0 195.0
125.0 130.0
138.0 213.0
63.0 193.0
146.0 6.0
54.0 122.0
69.0 169.0
192.0 140.0
229.0 64.0
204.0 76.0
158.0 180.0
128.0 162.0
31.0 55.0
77.0 11.0
6.0 237.0
41.0 189.0
45.0 66.0
210.0 48.0
126.0 123.0
131.0 84.0
67.0 17.0
73.0 144.0
229.0 226.0
40.0 94.0
204.0 25.0
162.0 161.0
126.0 110.0
44.0 192.0
79.0 71.0
182.0 146.0
130.0 194.0
131.0 211.0
74.0 114.0
184.0 216.0
53.0 193.0
104.0 122.0
2.0 4.0
43.0 139.0
211.0 171.0
82.0 96.0
89.0 84.0
132.0 28.0
32.0 95.0
15.0 212.0
121.0 103.0
88.0 232.0
157.0 9.0
101.0 201.0
152.0 60.0
34.0 77.0
153.0 206.0
220.0 89.0
133.0 107.0
131.0 74.0
219.0 25.0
12.0 122.0
97.0 143.0
94.0 211.0
4.0 142.0
230.0 88.0
16.0 213.0
33.0 219.0
164.0 228.0
238.0 175.0
217.0 88.0
10.0 170.0
34.0 118.0
22.0 224.0
213.0 161.0
171.0 50.0
39.0 88.0
108.0 20.0
102.0 26.0
96.0 167.0
218.0 136.0
241.0 226.0
126.0 114.0
222.0 24.0
240.0 134.0
214.0 106.0
43.0 16.0
230.0 38.0
32.0 226.0
219.0 140.0
173.0 113.0
13.0 219.0
149.0 102.0
88.0 177.0
243.0 145.0
103.0 195.0
3.0 11.0
59.0 236.0
161.0 86.0
178.0 199.0
86.0 156.0
189.0 87.0
95.0 204.0
33.0 149.0
56.0 77.0
29.0 235.0
218.0 180.0
129.0 193.0
64.0 164.0
205.0 183.0
21.0 164.0
99.0 95.0
189.0 159.0
13.0 95.0
37.0 140.0
93.0 86.0
119.0 39.0
162.0 245.0
126.0 223.0
76.0 56.0
196.0 137.0
36.0 109.0
185.0 17.0
209.0 215.0
192.0 143.0
103.0 243.0
157.0 162.0
191.0 90.0
212.0 96.0
93.0 65.0
222.0 179.0
183.0 240.0
76.0 3.0
72.0 155.0
34.0 15.0
189.0 63.0
69.0 201.0
40.0 224.0
137.0 133.0
17.0 67.0
181.0 91.0
168.0 95.0
187.0 49.0
208.0 231.0
211.0 126.0
57.0 102.0
91.0 167.0
36.0 88.0
107.0 162.0
151.0 7.0
208.0 59.0
224.0 137.0
176.0 59.0
159.0 73.0
223.0 49.0
240.0 235.0
27.0 159.0
127.0 169.0
67.0 227.0
52.0 67.0
135.0 5.0
33.0 25.0
25.0 38.0
213.0 93.0
138.0 182.0
24.0 13.0
134.0 37.0
160.0 74.0
1.0 162.0
178.0 90.0
21.0 216.0
92.0 77.0
170.0 11.0
153.0 4.0
25.0 9.0
52.0 58.0
91.0 104.0
115.0 175.0
15.0 115.0
104.0 171.0
212.0 202.0
61.0 81.0
245.0 243.0
203.0 163.0
110.0 31.0
154.0 66.0
146.0 179.0
162.0 233.0
96.0 236.0
214.0 164.0
161.0 27.0
65.0 236.0
193.0 75.0
223.0 84.0
12.0 19.0
24.0 104.0
98.0 241.0
229.0 220.0
21.0 2.0
134.0 98.0
8.0 176.0
16.0 64.0
100.0 241.0
18.0 41.0
193.0 14.0
177.0 146.0
49.0 149.0
76.0 125.0
173.0 14.0
197.0 136.0
31.0 86.0
71.0 201.0
138.0 117.0
193.0 209.0
93.0 81.0
168.0 146.0
236.0 7.0
167.0 79.0
121.0 126.0
60.0 199.0
98.0 30.0
156.0 51.0
90.0 146.0
51.0 149.0
221.0 123.0
151.0 230.0
248.0 32.0
221.0 218.0
101.0 112.0
169.0 9.0
94.0 104.0
48.0 55.0
225.0 0.0
85.0 208.0
37.0 144.0
118.0 184.0
49.0 137.0
117.0 243.0
111.0 101.0
38.0 48.0
94.0 131.0
77.0 199.0
106.0 114.0
183.0 14.0
36.0 130.0
23.0 180.0
8.0 218.0
151.0 224.0
146.0 110.0
174.0 59.0
119.0 104.0
56.0 159.0
239.0 22.0
228.0 16.0
219.0 75.0
19.0 46.0
217.0 197.0
194.0 219.0
163.0 48.0
0.0 224.0
117.0 117.0
125.0 39.0
26.0 2.0
89.0 115.0
14.0 185.0
118.0 167.0
177.0 229.0
122.0 143.0
167.0 118.0
211.0 6.0
149.0 21.0
9.0 7.0
32.0 86.0
50.0 225.0
197.0 168.0
153.0 167.0
3.0 222.0
199.0 83.0
145.0 138.0
60.0 166.0
35.0 130.0
230.0 158.0
167.0 71.0
50.0 171.0
238.0 19.0
193.0 106.0
122.0 202.0
164.0 109.0
99.0 74.0
122.0 76.0
56.0 95.0
156.0 12.0
185.0 211.0
176.0 144.0
18.0 70.0
198.0 205.0
213.0 72.0
54.0 164.0
42.0 173.0
165.0 212.0
115.0 142.0
58.0 132.0
189.0 95.0
124.0 250.0
202.0 116.0
173.0 216.0
8.0 148.0
165.0 192.0
85.0 135.0
43.0 60.0
59.0 167.0
178.0 117.0
199.0 24.0
218.0 235.0
100.0 232.0
228.0 78.0
71.0 147.0
49.0 232.0
87.0 68.0
123.0 213.0
196.0 9.0
97.0 93.0
95.0 10.0
75.0 66.0
165.0 237.0
198.0 83.0
42.0 144.0
65.0 3.0
142.0 46.0
35.0 6.0
88.0 19.0
43.0 95.0
90.0 93.0
117.0 57.0
92.0 34.0
83.0 87.0
112.0 59.0
25.0 69.0
234.0 138.0
123.0 88.0
22.0 122.0
49.0 50.0
205.0 217.0
166.0 100.0
39.0 165.0
102.0 107.0
56.0 36.0
56.0 8.0
222.0 108.0
27.0 167.0
115.0 118.0
220.0 171.0
5.0 240.0
173.0 85.0
67.0 185.0
240.0 217.0
241.0 171.0
116.0 39.0
97.0 26.0
132.0 191.0
93.0 34.0
157.0 81.0
202.0 185.0
207.0 156.0
177.0 52.0
207.0 203.0
58.0 75.0
147.0 147.0
59.0 111.0
197.0 75.0
64.0 154.0
152.0 82.0
250.0 200.0
134.0 43.0
186.0 41.0
60.0 18.0
58.0 96.0
175.0 45.0
231.0 178.0
33.0 124.0
186.0 178.0
98.0 46.0
166.0 196.0
219.0 237.0
187.0 231.0
44.0 131.0
125.0 72.0
230.0 145.0
167.0 128.0
153.0 123.0
206.0 231.0
92.0 203.0
92.0 3.0
222.0 107.0
200.0 206.0
17.0 168.0
93.0 50.0
9.0 232.0
125.0 232.0
143.0 122.0
132.0 72.0
51.0 167.0
181.0 146.0
96.0 117.0
154.0 142.0
140.0 80.0
8.0 228.0
22.0 152.0
111.0 24.0
59.0 27.0
125.0 99.0
192.0 121.0
216.0 205.0
215.0 118.0
166.0 48.0
72.0 106.0
69.0 180.0
48.0 82.0
44.0 181.0
218.0 124.0
19.0 108.0
80.0 116.0
166.0 239.0
140.0 227.0
138.0 215.0
236.0 134.0
80.0 240.0
240.0 63.0
190.0 67.0
63.0 42.0
167.0 46.0
211.0 24.0
208.0 95.0
212.0 174.0
10.0 244.0
18.0 113.0
64.0 236.0
80.0 0.0
74.0 210.0
91.0 159.0
156.0 76.0
205.0 237.0
47.0 233.0
97.0 231.0
74.0 112.0
68.0 242.0
1.0 73.0

14.0 167.0
241.0 108.0
85.0 197.0
26.0 212.0
134.0 198.0
153.0 252.0
239.0 20.0
107.0 250.0
224.0 249.0
112.0 172.0
7.0 169.0
240.0 242.0
252.0 122.0
63.0 181.0
48.0 132.0
101.0 41.0
99.0 20.0
50.0 70.0
208.0 214.0
221.0 207.0
220.0 133.0
196.0 223.0
79.0 216.0
93.0 29.0
241.0 77.0
53.0 240.0
56.0 29.0
172.0 155.0
146.0 40.0
183.0 169.0
63.0 254.0
189.0 92.0
167.0 27.0
122.0 9.0
29.0 216.0
153.0 84.0
24.0 66.0
57.0 47.0
10.0 26.0
140.0 116.0
104.0 7.0
134.0 234.0
106.0 17.0
11.0 18.0
227.0 36.0
8.0 148.0
241.0 239.0
195.0 229.0
130.0 28.0
246.0 227.0
231.0 89.0
123.0 137.0
25.0 114.0
217.0 114.0
253.0 220.0
247.0 93.0
114.0 103.0
122.0 253.0
72.0 112.0
202.0 237.0
193.0 98.0
231.0 99.0
160.0 163.0
51.0 13.0
213.0 223.0
247.0 93.0
105.0 191.0
175.0 238.0
167.0 47.0
167.0 230.0
155.0 206.0
246.0 105.0
191.0 118.0
251.0 161.0
16.0 92.0
104.0 6.0
7.0 194.0
224.0 133.0
82.0 59.0
196.0 26.0
50.0 86.0
101.0 197.0
146.0 13.0
193.0 255.0
198.0 194.0
250.0 30.0
36.0 190.0
146.0 23.0
210.0 152.0
69.0 5.0
13.0 200.0
91.0 222.0
236.0 175.0
142.0 139.0
49.0 95.0
180.0 31.0
32.0 15.0
25.0 21.0
147.0 93.0
9.0 213.0
35.0 105.0
20.0 140.0
58.0 95.0
245.0 102.0
112.0 77.0
47.0 180.0
235.0 64.0
161.0 146.0
160.0 212.0
20.0 210.0
228.0 234.0
253.0 132.0
170.0 16.0
82.0 101.0
67.0 186.0
251.0 217.0
104.0 226.0
87.0 97.0
54.0 215.0
219.0 154.0
246.0 191.0
179.0 90.0
70.0 101.0
38.0 73.0
134.0 185.0
131.0 47.0
32.0 152.0
232.0 195.0
189.0 96.0
31.0 188.0
122.0 165.0
195.0 104.0
200.0 47.0
221.0 254.0
151.0 144.0
231.0 202.0
237.0 136.0
82.0 59.0
210.0 188.0
10.0 242.0
165.0 118.0
86.0 141.0
198.0 149.0
93.0 14.0
129.0 198.0
187.0 164.0
132.0 201.0
114.0 116.0
82.0 32.0
207.0 204.0
108.0 179.0
34.0 159.0
66.0 63.0
99.0 12.0
13.0 74.0
50.0 250.0
40.0 76.0
183.0 165.0
152.0 60.0
76.0 211.0
195.0 102.0
7.0 212.0
138.0 163.0
137.0 65.0
77.0 26.0
194.0 184.0
169.0 238.0
69.0 218.0
187.0 49.0
147.0 112.0
95.0 46.0
153.0 219.0
155.0 96.0
7.0 149.0
112.0 173.0
35.0 171.0
116.0 87.0
209.0 217.0
236.0 46.0
89.0 233.0
185.0 163.0
46.0 251.0
170.0 21.0
68.0 48.0
132.0 248.0
75.0 199.0
189.0 91.0
195.0 206.0
133.0 84.0
33.0 147.0
183.0 146.0
43.0 181.0
240.0 108.0
108.0 195.0
196.0 120.0
106.0 57.0
174.0 43.0
191.0 181.0
137.0 181.0
153.0 174.0
93.0 72.0
9.0 188.0
247.0 58.0
29.0 120.0
168.0 241.0
239.0 148.0
211.0 163.0
238.0 124.0
139.0 196.0
229.0 193.0
49.0 103.0
227.0 24.0
190.0 134.0
228.0 147.0
139.0 228.0
194.0 173.0
44.0 93.0
208.0 245.0
32.0 76.0
91.0 140.0
128.0 224.0
182.0 233.0
137.0 107.0
178.0 113.0
210.0 133.0
152.0 216.0
194.0 79.0
246.0 99.0
99.0 194.0
29.0 127.0
137.0 204.0
150.0 61.0
79.0 217.0
161.0 188.0
229.0 220.0
250.0 116.0
156.0 62.0
127.0 249.0
92.0 218.0
192.0 178.0
21.0 107.0
120.0 130.0
250.0 150.0
74.0 132.0
93.0 184.0
83.0 66.0
86.0 89.0
181.0 225.0
19.0 84.0
198.0 161.0
46.0 165.0
163.0 250.0
20.0 55.0
132.0 225.0
8.0 4.0
234.0 164.0
174.0 135.0
130.0 87.0
164.0 110.0
70.0 19.0
44.0 176.0
101.0 42.0
41.0 216.0
248.0 79.0
19.0 246.0
78.0 45.0
57.0 110.0
119.0 245.0
223.0 218.0
155.0 19.0
212.0 168.0
229.0 158.0
147.0 218.0
43.0 174.0
46.0 101.0
165.0 130.0
107.0 25.0
126.0 186.0
254.0 191.0
207.0 233.0
156.0 74.0
103.0 122.0
69.0 189.0
147.0 227.0
89.0 163.0
152.0 253.0
30.0 6.0
180.0 143.0
148.0 12.0
187.0 95.0
36.0 43.0
204.0 201.0
60.0 30.0
119.0 86.0
25.0 46.0
166.0 149.0
44.0 174.0
209.0 241.0
204.0 137.0
113.0 157.0
132.0 35.0
183.0 216.0
140.0 84.0
16.0 168.0
217.0 240.0
203.0 74.0
148.0 25.0
38.0 24.0
171.0 92.0
77.0 204.0
59.0 169.0
89.0 65.0
177.0 55.0
79.0 228.0
18.0 196.0
78.0 254.0
143.0 169.0
14.0 26.0
172.0 145.0
197.0 9.0
79.0 103.0
146.0 14.0
127.0 234.0
146.0 89.0
34.0 144.0
120.0 46.0
61.0 203.0
144.0 151.0
35.0 26.0
231.0 50.0
93.0 41.0
143.0 138.0
55.0 248.0
211.0 50.0
56.0 23.0
59.0 89.0
242.0 202.0
91.0 180.0
44.0 123.0
216.0 9.0
188.0 43.0
101.0 73.0
91.0 216.0
52.0 179.0
179.0 138.0
137.0 238.0
139.0 187.0
52.0 14.0
29.0 228.0
252.0 66.0
134.0 65.0
175.0 129.0
106.0 189.0
235.0 93.0
151.0 59.0
10.0 183.0
202.0 253.0
208.0 106.0
168.0 115.0
196.0 180.0
118.0 71.0
56.0 35.0
103.0 149.0
47.0 79.0
70.0 246.0
117.0 178.0
252.0 35.0
198.0 77.0
50.0 198.0
243.0 202.0
234.0 250.0
215.0 206.0
34.0 252.0
59.0 7.0
116.0 64.0
218.0 121.0
142.0 68.0
142.0 79.0
10.0 119.0
216.0 186.0
120.0 35.0
156.0 227.0
108.0 29.0
219.0 15.0
53.0 240.0
102.0 57.0
210.0 154.0
32.0 41.0
140.0 191.0
59.0 80.0
168.0 141.0
116.0 49.0
183.0 89.0
59.0 54.0
71.0 114.0
98.0 254.0
164.0 83.0
174.0 207.0
122.0 147.0
114.0 68.0
32.0 139.0
226.0 205.0
237.0 149.0
49.0 172.0
57.0 71.0
253.0 235.0
65.0 7.0
106.0 24.0
163.0 218.0
61.0 104.0
34.0 154.0
30.0 191.0
75.0 61.0
35.0 182.0
18.0 151.0
145.0 80.0
192.0 169.0
58.0 117.0
52.0 181.0
67.0 29.0
23.0 138.0
175.0 167.0
169.0 63.0
215.0 27.0
105.0 102.0
109.0 5.0
32.0 166.0
249.0 49.0
229.0 220.0
24.0 193.0
183.0 133.0
68.0 20.0
139.0 246.0
163.0 103.0
84.0 206.0
224.0 144.0
71.0 68.0
193.0 245.0
52.0 125.0
136.0 118.0
222.0 89.0
211.0 74.0
194.0 161.0
252.0 193.0
87.0 70.0
192.0 179.0
23.0 170.0
231.0 147.0
224.0 77.0
84.0 216.0
58.0 73.0
81.0 72.0
125.0 118.0
126.0 201.0
95.0 85.0
83.0 107.0
25.0 150.0
42.0 80.0
231.0 129.0
134.0 220.0
64.0 31.0
208.0 138.0
55.0 250.0
171.0 171.0
143.0 66.0
200.0 169.0
80.0 205.0
239.0 44.0
110.0 41.0
79.0 31.0
103.0 63.0
131.0 216.0
173.0 54.0
16.0 169.0
54.0 216.0
202.0 109.0
126.0 104.0
201.0 40.0
17.0 178.0
218.0 180.0
43.0 253.0
72.0 15.0
10.0 20.0
169.0 152.0
54.0 256.0
55.0 159.0
151.0 89.0
82.0 239.0
77.0 14.0
174.0 14.0
115.0 144.0
66.0 152.0
131.0 38.0
137.0 244.0
221.0 246.0
108.0 33.0
122.0 205.0
37.0 32.0
44.0 74.0
86.0 231.0
182.0 251.0
53.0 104.0
178.0 6.0
60.0 215.0
245.0 119.0
250.0 241.0
10.0 104.0
251.0 99.0
199.0 240.0
139.0 161.0
136.0 138.0
60.0 51.0
230.0 186.0
77.0 167.0
80.0 244.0
34.0 58.0
22.0 17.0
173.0 148.0
100.0 133.0
106.0 90.0
146.0 235.0
53.0 81.0
81.0 191.0
39.0 91.0
46.0 190.0
116.0 162.0
19.0 101.0
157.0 150.0
222.0 82.0
155.0 174.0
58.0 129.0
250.0 239.0
10.0 191.0
210.0 238.0
154.0 192.0
42.0 115.0
48.0 174.0
42.0 51.0
28.0 60.0
80.0 60.0
94.0 96.0
96.0 6.0
245.0 112.0
171.0 33.0
59.0 49.0
76.0 48.0
75.0 226.0
254.0 138.0
83.0 226.0
16.0 160.0
252.0 199.0
65.0 38.0
123.0 104.0
198.0 100.0
242.0 86.0
231.0 155.0
78.0 80.0
84.0 239.0
160.0 38.0
184.0 85.0
154.0 188.0
82.0 178.0
227.0 86.0
209.0 39.0
41.0 66.0
91.0 208.0
83.0 158.0
97.0 244.0
58.0 225.0
120.0 34.0
165.0 30.0
175.0 147.0
134.0 65.0
164.0 120.0
195.0 42.0
177.0 50.0
236.0 205.0
209.0 15.0
206.0 226.0
24.0 49.0
136.0 43.0
194.0 81.0
213.0 195.0
145.0 181.0
146.0 169.0
115.0 180.0
151.0 213.0
252.0 92.0
161.0 217.0
107.0 26.0
204.0 14.0
140.0 183.0
187.0 74.0
132.0 238.0
166.0 50.0
191.0 33.0
189.0 56.0
184.0 59.0
188.0 245.0
143.0 20.0
141.0 167.0
67.0 45.0
52.0 165.0
76.0 253.0
169.0 82.0
203.0 118.0
74.0 222.0
171.0 176.0
159.0 207.0
28.0 161.0
64.0 11.0
155.0 5.0
175.0 229.0
131.0 172.0
139.0 199.0
60.0 74.0
106.0 224.0
28.0 228.0
76.0 48.0
134.0 5.0
132.0 20.0
137.0 14.0
76.0 229.0
66.0 63.0
162.0 112.0
160.0 149.0
15.0 24.0
156.0 61.0
91.0 68.0
168.0 98.0
118.0 88.0
250.0 206.0
26.0 18.0
71.0 94.0
143.0 73.0
131.0 14.0
86.0 111.0
76.0 189.0
208.0 58.0
198.0 139.0
170.0 56.0
251.0 44.0
139.0 127.0
81.0 27.0
40.0 140.0
81.0 88.0
229.0 222.0
50.0 245.0
145.0 73.0
144.0 183.0
236.0 147.0
98.0 130.0
237.0 69.0
18.0 150.0
60.0 111.0
87.0 123.0
223.0 236.0
63.0 62.0
174.0 152.0
67.0 137.0
102.0 223.0
174.0 133.0
196.0 127.0
136.0 148.0
78.0 173.0
169.0 118.0
237.0 66.0
241.0 70.0
54.0 154.0
157.0 95.0
155.0 71.0
27.0 69.0
38.0 187.0
15.0 218.0
63.0 132.0
102.0 192.0
165.0 233.0
111.0 117.0
237.0 193.0
123.0 174.0
157.0 21.0
147.0 33.0
52.0 146.0
44.0 67.0
127.0 94.0
221.0 77.0
54.0 82.0
167.0 34.0
91.0 199.0
26.0 233.0
64.0 223.0
127.0 216.0
45.0 121.0
27.0 242.0
160.0 102.0
170.0 37.0
34.0 159.0
255.0 222.0
194.0 162.0
120.0 51.0
21.0 245.0
80.0 172.0
208.0 147.0
130.0 244.0
233.0 227.0
120.0 205.0
101.0 108.0
135.0 139.0
78.0 59.0
119.0 183.0
210.0 223.0
70.0 69.0
35.0 126.0
198.0 61.0
150.0 8.0
54.0 39.0
116.0 249.0
99.0 135.0
64.0 54.0
105.0 249.0
36.0 63.0
26.0 20.0
119.0 169.0
27.0 185.0
218.0 82.0
252.0 11.0
178.0 45.0
117.0 144.0
9.0 127.0
71.0 174.0
218.0 94.0
25.0 78.0
223.0 206.0
235.0 78.0
152.0 30.0
200.0 96.0
153.0 243.0
29.0 16.0
174.0 148.0
215.0 61.0
151.0 16.0
66.0 98.0
249.0 88.0
197.0 91.0
175.0 196.0
189.0 86.0
118.0 33.0
138.0 135.0
172.0 85.0
143.0 115.0
206.0 170.0
39.0 241.0
155.0 213.0
79.0 143.0
46.0 65.0
214.0 108.0
136.0 142.0
66.0 36.0
96.0 52.0
145.0 92.0
240.0 110.0
213.0 157.0
86.0 38.0
36.0 28.0
174.0 140.0
23.0 45.0
250.0 82.0
131.0 211.0
143.0 245.0
128.0 133.0
82.0 124.0
249.0 214.0
106.0 102.0
238.0 56.0
245.0 248.0
92.0 118.0
226.0 48.0
235.0 223.0
235.0 99.0
241.0 72.0
166.0 68.0
228.0 254.0
208.0 66.0
195.0 17.0
100.0 98.0
242.0 164.0
62.0 132.0
116.0 234.0
31.0 69.0
135.0 178.0
170.0 7.0
73.0 80.0
93.0 18.0
135.0 28.0
153.0 135.0
21.0 13.0
170.0 184.0
106.0 132.0
254.0 21.0
39.0 71.0
234.0 183.0
206.0 24.0
26.0 168.0
12.0 156.0
8.0 157.0
242.0 141.0
144.0 86.0
117.0 248.0
82.0 251.0
180.0 127.0
248.0 170.0
233.0 180.0
137.0 73.0
113.0 240.0
159.0 110.0
136.0 104.0
91.0 230.0
114.0 14.0
151.0 236.0
161.0 252.0
113.0 91.0
72.0 56.0
92.0 100.0
116.0 157.0
64.0 136.0
133.0 58.0
108.0 230.0
168.0 149.0
46.0 12.0
152.0 216.0
151.0 179.0
247.0 65.0
146.0 196.0
228.0 132.0
92.0 188.0
143.0 8.0
10.0 121.0
12.0 71.0
189.0 161.0
158.0 33.0
145.0 123.0
100.0 246.0
97.0 32.0
168.0 162.0
19.0 132.0
189.0 205.0
7.0 164.0
8.0 56.0
161.0 189.0
81.0 220.0
73.0 132.0
17.0 26.0
52.0 172.0
183.0 46.0
218.0 67.0
142.0 202.0
20.0 133.0
119.0 181.0
212.0 126.0
214.0 40.0
163.0 81.0
88.0 253.0
165.0 6.0
41.0 230.0
33.0 115.0
70.0 135.0
12.0 102.0
154.0 195.0
124.0 30.0
40.0 200.0
166.0 201.0
122.0 250.0
65.0 238.0
41.0 71.0
181.0 66.0
35.0 93.0
166.0 189.0
232.0 237.0
61.0 72.0
49.0 212.0
154.0 117.0
69.0 165.0
97.0 223.0
101.0 102.0
249.0 236.0
226.0 41.0
78.0 199.0
162.0 191.0
203.0 54.0
100.0 8.0
65.0 80.0
204.0 41.0
163.0 133.0
104.0 19.0
251.0 61.0
171.0 6.0
246.0 215.0
24.0 185.0
156.0 108.0
174.0 199.0
193.0 16.0
157.0 18.0
163.0 115.0
193.0 131.0
243.0 173.0
35.0 135.0
107.0 221.0
248.0 167.0
79.0 100.0
153.0 116.0
244.0 170.0
84.0 175.0
229.0 229.0
51.0 87.0
7.0 52.0
65.0 215.0
64.0 184.0
151.0 194.0
134.0 84.0
99.0 182.0
239.0 66.0
184.0 60.0
88.0 52.0
236.0 246.0
228.0 198.0
141.0 111.0
110.0 12.0
99.0 235.0
66.0 201.0
45.0 170.0
43.0 165.0
198.0 67.0
162.0 61.0
251.0 152.0
68.0 237.0
82.0 126.0
83.0 6.0
88.0 13.0
180.0 37.0
151.0 200.0
173.0 123.0
246.0 71.0
83.0 29.0
21.0 84.0
113.0 49.0
31.0 80.0
109.0 60.0
64.0 28.0
83.0 140.0
105.0 169.0
9.0 112.0
13.0 77.0
122.0 224.0
88.0 24.0
37.0 216.0
220.0 254.0
69.0 79.0
158.0 205.0
166.0 148.0
245.0 161.0
221.0 231.0
7.0 205.0
79.0 251.0
94.0 144.0
71.0 242.0
41.0 117.0
63.0 71.0
25.0 150.0
241.0 76.0
182.0 73.0
162.0 126.0
28.0 122.0
18.0 182.0
190.0 34.0
221.0 207.0
110.0 104.0
91.0 167.0
60.0 96.0
225.0 78.0
239.0 142.0
112.0 194.0
185.0 137.0
9.0 219.0
120.0 118.0
227.0 207.0
126.0 8.0
244.0 199.0
116.0 151.0
175.0 127.0
121.0 50.0
85.0 111.0
246.0 176.0
124.0 148.0
199.0 130.0
59.0 115.0
93.0 93.0
52.0 233.0
59.0 57.0
132.0 52.0
25.0 82.0
118.0 216.0
31.0 221.0
20.0 191.0
84.0 243.0
93.0 104.0
48.0 133.0
158.0 251.0
183.0 171.0
18.0 243.0
226.0 181.0
192.0 83.0
227.0 83.0
179.0 167.0
182.0 37.0
104.0 145.0
36.0 131.0
52.0 68.0
220.0 41.0
122.0 84.0
191.0 19.0
75.0 219.0
248.0 213.0
18.0 160.0
198.0 79.0
125.0 233.0
72.0 22.0
174.0 24.0
50.0 126.0
84.0 51.0
168.0 7.0
54.0 38.0
118.0 9.0
123.0 15.0
72.0 162.0
175.0 10.0
210.0 236.0
31.0 137.0
14.0 190.0
8.0 193.0
165.0 253.0
51.0 251.0
157.0 247.0
114.0 198.0
158.0 69.0
24.0 96.0
84.0 60.0
193.0 177.0
22.0 32.0
223.0 245.0
137.0 59.0
161.0 159.0
21.0 191.0
72.0 19.0
22.0 90.0
103.0 172.0
162.0 69.0
12.0 214.0
243.0 184.0
10.0 15.0
186.0 18.0
244.0 71.0
43.0 138.0
156.0 60.0
114.0 245.0
163.0 66.0
225.0 139.0
255.0 192.0
224.0 147.0
123.0 173.0
172.0 235.0
246.0 58.0
64.0 93.0
174.0 228.0
25.0 54.0
114.0 187.0
155.0 243.0
113.0 238.0
72.0 168.0
101.0 158.0
245.0 85.0
246.0 50.0
9.0 171.0
185.0 166.0
235.0 240.0
11.0 225.0
189.0 149.0
210.0 124.0
157.0 242.0
18.0 5.0
248.0 147.0
34.0 144.0
86.0 100.0
196.0 251.0
191.0 6.0
66.0 75.0
93.0 53.0
147.0 216.0
133.0 188.0
86.0 185.0
133.0 144.0
74.0 25.0
234.0 235.0
202.0 105.0
229.0 206.0
180.0 30.0
38.0 222.0
80.0 203.0
87.0 186.0
130.0 78.0
32.0 77.0
68.0 223.0
19.0 127.0
245.0 174.0
58.0 155.0
94.0 65.0
18.0 236.0
14.0 71.0
246.0 179.0
200.0 118.0
169.0 101.0
60.0 213.0
32.0 178.0
115.0 231.0
214.0 10.0
207.0 157.0
181.0 53.0
205.0 218.0
163.0 173.0
236.0 62.0
168.0 137.0
200.0 8.0
114.0 10.0
240.0 163.0
49.0 116.0
71.0 78.0
88.0 142.0
173.0 75.0
198.0 221.0
167.0 53.0
64.0 157.0
233.0 69.0
39.0 17.0
12.0 63.0
53.0 103.0
228.0 189.0
117.0 204.0
114.0 6.0
113.0 245.0
234.0 74.0
202.0 45.0
163.0 110.0
144.0 48.0
244.0 136.0
213.0 19.0
12.0 122.0
138.0 197.0
134.0 198.0
160.0 109.0
51.0 47.0
204.0 49.0
92.0 210.0
182.0 108.0
91.0 15.0
34.0 155.0
136.0 212.0
101.0 246.0
158.0 213.0
168.0 221.0
71.0 102.0
44.0 125.0
46.0 183.0
190.0 105.0
46.0 138.0
113.0 224.0
24.0 165.0
216.0 28.0
74.0 41.0
119.0 180.0
58.0 107.0
66.0 77.0
109.0 36.0
76.0 189.0
178.0 173.0
242.0 139.0
114.0 11.0
68.0 139.0
122.0 176.0
60.0 167.0
179.0 123.0
89.0 139.0
122.0 41.0
124.0 96.0
129.0 12.0
256.0 13.0
199.0 146.0
183.0 108.0
186.0 211.0
253.0 196.0
129.0 232.0
70.0 42.0
108.0 159.0
157.0 120.0
159.0 175.0
60.0 154.0
164.0 179.0
232.0 202.0
117.0 70.0
14.0 22.0
39.0 53.0
100.0 109.0
63.0 190.0
232.0 38.0
111.0 41.0
145.0 118.0
61.0 243.0
78.0 81.0
155.0 11.0
42.0 246.0
237.0 27.0
40.0 230.0
144.0 42.0
10.0 239.0
233.0 109.0
105.0 192.0
7.0 82.0
192.0 55.0
167.0 167.0
41.0 12.0
215.0 107.0
9.0 230.0
10.0 93.0
246.0 234.0
83.0 116.0
159.0 238.0
210.0 22.0
16.0 118.0
148.0 66.0
58.0 214.0
227.0 117.0
114.0 35.0
8.0 184.0
198.0 183.0
98.0 29.0
20.0 183.0
242.0 208.0
196.0 168.0
110.0 113.0
236.0 228.0
42.0 12.0
245.0 17.0
41.0 68.0
8.0 9.0
171.0 150.0
33.0 148.0
5.0 86.0
101.0 176.0
143.0 25.0
24.0 235.0
102.0 176.0
13.0 139.0
215.0 8.0
253.0 67.0
187.0 243.0
227.0 196.0
107.0 156.0
207.0 123.0
169.0 94.0
145.0 236.0
36.0 138.0
205.0 31.0
216.0 195.0
75.0 109.0
239.0 10.0
155.0 20.0
208.0 110.0
147.0 55.0
34.0 199.0
24.0 247.0
114.0 196.0
14.0 92.0
131.0 70.0
203.0 119.0
107.0 221.0
15.0 182.0
247.0 245.0
82.0 236.0
102.0 228.0
93.0 103.0
204.0 209.0
17.0 91.0
57.0 105.0
183.0 123.0
81.0 177.0
253.0 115.0
158.0 121.0
129.0 108.0
100.0 27.0
7.0 18.0
31.0 165.0
22.0 190.0
85.0 209.0
236.0 187.0
112.0 241.0
111.0 123.0
119.0 248.0
66.0 145.0
22.0 121.0
130.0 198.0
60.0 195.0
185.0 89.0
90.0 14.0
168.0 82.0
226.0 187.0
104.0 189.0
149.0 168.0
229.0 235.0
210.0 221.0
166.0 15.0
239.0 220.0
87.0 244.0
106.0 252.0
157.0 203.0
44.0 214.0
74.0 226.0
112.0 38.0
163.0 243.0
28.0 142.0
161.0 174.0
54.0 40.0
50.0 24.0
48.0 149.0
215.0 84.0
14.0 65.0
154.0 228.0
124.0 248.0
82.0 52.0
162.0 234.0
128.0 6.0
246.0 206.0
49.0 151.0
166.0 176.0
241.0 247.0
46.0 199.0
163.0 13.0
66.0 54.0
57.0 98.0
33.0 118.0
183.0 214.0
233.0 64.0
107.0 127.0
170.0 169.0
111.0 78.0
21.0 26.0
165.0 197.0
24.0 95.0
131.0 78.0
23.0 179.0
21.0 9.0
21.0 221.0
113.0 129.0
23.0 82.0
116.0 95.0
246.0 104.0
45.0 213.0
22.0 213.0
162.0 208.0
131.0 251.0
247.0 200.0
252.0 185.0
141.0 219.0
161.0 220.0
37.0 194.0
235.0 145.0
14.0 102.0
229.0 250.0
184.0 98.0
77.0 47.0
80.0 200.0
255.0 47.0
38.0 217.0
90.0 115.0
48.0 98.0
211.0 107.0
221.0 58.0
116.0 156.0
231.0 240.0
167.0 174.0
234.0 175.0
179.0 95.0
244.0 173.0
208.0 251.0
122.0 227.0
117.0 92.0
29.0 41.0
163.0 233.0
67.0 50.0
23.0 133.0
164.0 197.0
182.0 92.0
20.0 217.0
155.0 193.0
8.0 64.0
137.0 222.0
33.0 107.0
181.0 150.0
87.0 107.0
111.0 24.0
119.0 201.0
125.0 245.0
110.0 76.0
204.0 193.0
62.0 159.0
152.0 57.0
206.0 102.0
217.0 242.0
245.0 91.0
62.0 19.0
33.0 39.0
96.0 207.0
194.0 141.0
105.0 188.0
139.0 191.0
37.0 120.0
152.0 8.0
19.0 87.0
150.0 28.0
104.0 129.0
78.0 6.0
151.0 24.0
253.0 21.0
6.0 162.0
207.0 91.0
14.0 235.0
232.0 236.0
113.0 224.0
30.0 164.0
204.0 12.0
51.0 35.0
157.0 248.0
81.0 93.0
17.0 160.0
249.0 35.0
170.0 71.0
148.0 254.0
132.0 171.0
121.0 186.0
95.0 209.0
37.0 54.0
33.0 244.0
221.0 95.0
139.0 29.0
254.0 213.0
232.0 18.0
142.0 222.0
52.0 198.0
11.0 31.0
221.0 139.0
135.0 73.0
149.0 36.0
130.0 167.0
9.0 60.0
220.0 18.0
248.0 146.0
21.0 146.0
91.0 160.0
175.0 104.0
118.0 201.0
81.0 134.0
33.0 97.0
253.0 238.0
67.0 252.0
132.0 188.0
244.0 243.0
14.0 116.0
78.0 209.0
58.0 30.0
88.0 83.0
149.0 40.0
46.0 64.0
224.0 35.0
202.0 218.0
170.0 202.0
79.0 56.0
85.0 252.0
152.0 59.0
82.0 119.0
166.0 95.0
86.0 134.0
32.0 145.0
174.0 51.0
135.0 86.0
254.0 61.0
174.0 138.0
57.0 38.0
232.0 36.0
72.0 50.0
32.0 197.0
46.0 200.0
249.0 75.0
41.0 32.0
179.0 50.0
55.0 136.0
28.0 236.0
53.0 61.0
239.0 138.0
87.0 91.0
241.0 157.0
168.0 72.0
172.0 21.0
228.0 238.0
69.0 42.0
211.0 91.0
246.0 77.0
241.0 193.0
147.0 43.0
39.0 242.0
110.0 198.0
162.0 187.0
151.0 162.0
111.0 186.0
70.0 59.0
255.0 190.0
167.0 56.0
236.0 140.0
189.0 121.0
198.0 195.0
197.0 121.0
116.0 54.0
107.0 205.0
158.0 225.0
190.0 233.0
74.0 117.0
188.0 48.0
72.0 227.0
205.0 9.0
87.0 182.0
127.0 183.0
65.0 208.0
123.0 234.0
228.0 20.0
134.0 55.0
104.0 237.0
220.0 49.0
176.0 240.0
87.0 213.0
13.0 200.0
39.0 63.0
154.0 28.0
12.0 218.0
222.0 178.0
137.0 227.0
153.0 77.0
19.0 156.0
144.0 75.0
122.0 117.0
100.0 48.0
69.0 101.0
29.0 106.0
67.0 241.0
63.0 7.0
210.0 172.0
180.0 45.0
203.0 15.0
147.0 143.0
138.0 58.0
182.0 83.0
11.0 243.0
187.0 173.0
214.0 153.0
210.0 200.0
76.0 26.0
99.0 71.0
66.0 103.0
105.0 136.0
94.0 171.0
70.0 210.0
156.0 16.0
51.0 136.0
146.0 35.0
142.0 89.0
172.0 75.0
242.0 40.0
118.0 118.0
113.0 221.0
129.0 31.0
163.0 142.0
142.0 83.0
113.0 102.0
48.0 138.0
124.0 158.0
178.0 35.0
221.0 88.0
114.0 204.0
132.0 195.0
129.0 216.0
36.0 113.0
137.0 81.0
21.0 95.0
80.0 224.0
16.0 64.0
247.0 10.0
201.0 22.0
88.0 138.0
17.0 236.0
156.0 181.0
127.0 168.0
84.0 167.0
121.0 200.0
130.0 136.0
144.0 217.0
69.0 199.0
150.0 11.0
60.0 127.0
74.0 174.0
196.0 144.0
235.0 68.0
208.0 81.0
162.0 186.0
132.0 166.0
37.0 61.0
82.0 17.0
11.0 242.0
46.0 194.0
50.0 71.0
215.0 53.0
131.0 127.0
135.0 89.0
72.0 23.0
79.0 149.0
233.0 230.0
45.0 100.0
209.0 31.0
166.0 165.0
131.0 116.0
49.0 197.0
85.0 75.0
188.0 151.0
134.0 199.0
137.0 216.0
79.0 118.0
189.0 220.0
58.0 198.0
109.0 127.0
6.0 8.0
48.0 144.0
216.0 176.0
87.0 101.0
93.0 89.0
137.0 33.0
38.0 99.0
21.0 218.0
126.0 109.0
94.0 237.0
162.0 14.0
107.0 206.0
157.0 66.0
39.0 83.0
159.0 210.0
224.0 93.0
137.0 112.0
135.0 79.0
224.0 30.0
16.0 126.0
102.0 147.0
99.0 216.0
8.0 146.0
234.0 93.0
20.0 217.0
37.0 224.0
169.0 232.0
242.0 179.0
222.0 93.0
15.0 175.0
39.0 124.0
27.0 229.0
218.0 166.0
176.0 56.0
44.0 92.0
114.0 26.0
106.0 31.0
102.0 172.0
223.0 141.0
245.0 230.0
131.0 118.0
227.0 29.0
245.0 140.0
219.0 111.0
47.0 21.0
236.0 43.0
37.0 231.0
224.0 144.0
177.0 118.0
18.0 225.0
153.0 108.0
92.0 182.0
249.0 150.0
108.0 199.0
7.0 15.0
63.0 242.0
165.0 92.0
183.0 204.0
92.0 161.0
195.0 92.0
100.0 210.0
39.0 155.0
62.0 82.0
34.0 241.0
223.0 186.0
134.0 199.0
68.0 170.0
210.0 188.0
26.0 168.0
103.0 100.0
194.0 164.0
18.0 101.0
42.0 146.0
97.0 92.0
125.0 45.0
167.0 250.0
130.0 228.0
81.0 60.0
202.0 142.0
40.0 114.0
190.0 22.0
214.0 220.0
197.0 148.0
109.0 248.0
163.0 166.0
195.0 94.0
217.0 100.0
98.0 70.0
228.0 184.0
188.0 244.0
81.0 8.0
77.0 160.0
40.0 20.0
193.0 67.0
75.0 207.0
45.0 230.0
142.0 137.0
23.0 73.0
186.0 95.0
173.0 100.0
192.0 54.0
214.0 235.0
215.0 131.0
63.0 107.0
97.0 172.0
41.0 92.0
113.0 167.0
156.0 13.0
214.0 64.0
228.0 141.0
180.0 64.0
164.0 79.0
227.0 54.0
245.0 241.0
33.0 164.0
132.0 174.0
71.0 233.0
56.0 73.0
139.0 9.0
38.0 31.0
30.0 43.0
219.0 98.0
142.0 188.0
29.0 18.0
139.0 41.0
166.0 78.0
6.0 166.0
184.0 95.0
27.0 222.0
97.0 82.0
175.0 16.0
157.0 9.0
30.0 14.0
57.0 63.0
96.0 110.0
121.0 180.0
20.0 120.0
109.0 177.0
218.0 206.0
67.0 86.0
249.0 249.0
208.0 168.0
115.0 36.0
159.0 71.0
151.0 183.0
166.0 237.0
101.0 241.0
218.0 170.0
165.0 33.0
69.0 240.0
199.0 80.0
227.0 89.0
18.0 25.0
28.0 109.0
103.0 246.0
235.0 225.0
25.0 7.0
140.0 104.0
13.0 182.0
21.0 69.0
105.0 245.0
23.0 46.0
197.0 18.0
182.0 150.0
55.0 154.0
81.0 131.0
178.0 19.0
202.0 140.0
35.0 90.0
76.0 205.0
143.0 121.0
198.0 213.0
97.0 86.0
173.0 152.0
241.0 11.0
172.0 85.0
126.0 130.0
66.0 205.0
103.0 36.0
161.0 57.0
96.0 151.0
55.0 154.0
227.0 127.0
156.0 234.0
253.0 36.0
225.0 223.0
105.0 118.0
173.0 14.0
99.0 109.0
52.0 61.0
230.0 5.0
89.0 214.0
43.0 149.0
122.0 188.0
53.0 142.0
122.0 249.0
116.0 106.0
43.0 53.0
100.0 136.0
81.0 204.0
111.0 120.0
187.0 18.0
41.0 134.0
29.0 185.0
14.0 223.0
157.0 229.0
151.0 114.0
179.0 63.0
125.0 109.0
62.0 163.0
245.0 28.0
233.0 21.0
224.0 80.0
24.0 51.0
222.0 203.0
199.0 224.0
169.0 54.0
5.0 230.0
121.0 122.0
129.0 45.0
31.0 7.0
93.0 119.0
20.0 189.0
123.0 172.0
183.0 234.0
128.0 148.0
172.0 123.0
216.0 11.0
155.0 25.0
14.0 13.0
37.0 90.0
56.0 229.0
201.0 173.0
158.0 172.0
8.0 227.0
205.0 87.0
150.0 144.0
64.0 170.0
40.0 135.0
235.0 163.0
173.0 76.0
54.0 177.0
243.0 24.0
198.0 111.0
127.0 207.0
168.0 114.0
104.0 79.0
127.0 81.0
61.0 99.0
161.0 16.0
190.0 216.0
181.0 148.0
22.0 74.0
203.0 210.0
218.0 76.0
60.0 169.0
47.0 179.0
170.0 216.0
121.0 146.0
63.0 138.0
195.0 101.0
129.0 255.0
207.0 121.0
179.0 222.0
12.0 153.0
170.0 198.0
91.0 140.0
48.0 64.0
64.0 173.0
182.0 123.0
205.0 30.0
223.0 240.0
105.0 237.0
232.0 83.0
76.0 152.0
54.0 237.0
92.0 73.0
128.0 217.0
200.0 14.0
102.0 98.0
101.0 15.0
81.0 72.0
169.0 241.0
204.0 88.0
47.0 149.0
71.0 8.0
147.0 52.0
39.0 11.0
93.0 23.0
47.0 101.0
95.0 98.0
122.0 62.0
96.0 39.0
89.0 91.0
117.0 63.0
30.0 75.0
240.0 144.0
127.0 94.0
28.0 126.0
55.0 56.0
210.0 221.0
172.0 105.0
45.0 170.0
108.0 111.0
61.0 41.0
62.0 12.0
226.0 112.0
33.0 172.0
120.0 123.0
225.0 177.0
9.0 244.0
178.0 89.0
72.0 189.0
245.0 223.0
247.0 176.0
121.0 44.0
101.0 30.0
136.0 197.0
98.0 39.0
162.0 86.0
206.0 190.0
212.0 160.0
183.0 57.0
212.0 207.0
64.0 80.0
153.0 152.0
64.0 116.0
203.0 80.0
68.0 158.0
157.0 88.0
256.0 205.0
139.0 49.0
192.0 45.0
65.0 22.0
63.0 100.0
180.0 49.0
235.0 183.0
37.0 128.0
190.0 184.0
102.0 51.0
171.0 202.0
224.0 242.0
192.0 236.0
48.0 136.0
130.0 78.0
235.0 150.0
172.0 133.0
159.0 128.0
210.0 237.0
98.0 208.0
98.0 9.0
227.0 112.0
205.0 212.0
23.0 174.0
99.0 55.0
15.0 237.0
130.0 238.0
148.0 127.0
138.0 77.0
57.0 172.0
186.0 152.0
101.0 122.0
159.0 148.0
144.0 85.0
14.0 233.0
27.0 157.0
115.0 28.0
65.0 31.0
130.0 104.0
197.0 127.0
220.0 211.0
220.0 124.0
172.0 54.0
76.0 111.0
74.0 186.0
53.0 87.0
49.0 186.0
222.0 129.0
23.0 113.0
86.0 122.0
170.0 244.0
144.0 232.0
142.0 220.0
240.0 139.0
85.0 246.0
246.0 67.0
196.0 71.0
69.0 47.0
173.0 51.0
216.0 29.0
213.0 99.0
217.0 178.0
15.0 250.0
22.0 118.0
70.0 241.0
85.0 4.0
80.0 214.0
96.0 165.0
162.0 81.0
211.0 241.0
51.0 237.0
102.0 237.0
79.0 116.0
72.0 246.0
6.0 78.0
