1
2048 1 3.0 0.0 1000.0 3 160 240 100

6.5 13.5 29.3 58.5
13.0 27.0 58.5 117.0
19.5 40.5 87.8 175.5
26.0 54.0 117.0 234.0
39.0 81.0 175.5 351.0
52.0 108.0 234.0 468.0
58.5 121.5 263.3 526.5
65.0 135.0 292.5 585.0
78.0 162.0 351.0 702.0
0.0 180.0 390.0 780.0

2.0 5.0 8.0 11.0
5.0 8.0 11.0 14.0
9.0 12.0 15.0 18.0
11.0 14.0 17.0 20.0
15.0 18.0 21.0 24.0
18.0 21.0 24.0 27.0
20.0 23.0 26.0 29.0
25.0 28.0 31.0 34.0
29.0 32.0 35.0 38.0
0.0 34.0 37.0 40.0

156.0 157.0
14.0 230.0
246.0 39.0
170.0 196.0
108.0 37.0
239.0 237.0
127.0 95.0
86.0 78.0
78.0 20.0
190.0 102.0
186.0 160.0
234.0 170.0
7.0 231.0
205.0 48.0
77.0 164.0
82.0 231.0
58.0 181.0
25.0 15.0
205.0 90.0
21.0 217.0
18.0 116.0
27.0 34.0
19.0 165.0
193.0 65.0
148.0 194.0
69.0 92.0
85.0 198.0
12.0 47.0
125.0 142.0
79.0 120.0
42.0 197.0
228.0 54.0
181.0 246.0
6.0 231.0
92.0 141.0
167.0 192.0
85.0 55.0
10.0 84.0
126.0 29.0
27.0 59.0
81.0 184.0
14.0 229.0
122.0 83.0
102.0 84.0
151.0 73.0
3.0 96.0
193.0 229.0
49.0 53.0
247.0 96.0
179.0 212.0
152.0 232.0
93.0 189.0
101.0 127.0
105.0 53.0
222.0 109.0
23.0 171.0
240.0 206.0
224.0 137.0
16.0 193.0
126.0 212.0
91.0 162.0
104.0 237.0
170.0 229.0
163.0 66.0
38.0 84.0
55.0 100.0
231.0 123.0
25.0 106.0
63.0 2.0
235.0 27.0
212.0 215.0
194.0 75.0
100.0 164.0
113.0 208.0
143.0 210.0
127.0 151.0
215.0 26.0
186.0 178.0
41.0 137.0
192.0 202.0
246.0 82.0
42.0 15.0
131.0 207.0
34.0 90.0
34.0 160.0
177.0 166.0
229.0 205.0
235.0 166.0
97.0 65.0
167.0 18.0
130.0 31.0
165.0 76.0
149.0 176.0
88.0 87.0
155.0 22.0
117.0 250.0
76.0 145.0
40.0 216.0
209.0 176.0
133.0 194.0
235.0 57.0
167.0 126.0
239.0 153.0
124.0 228.0
227.0 178.0
40.0 236.0
214.0 184.0
172.0 27.0
237.0 177.0
31.0 84.0
244.0 2.0
125.0 93.0
93.0 177.0
46.0 14.0
227.0 183.0
134.0 48.0
153.0 36.0
249.0 219.0
138.0 9.0
223.0 100.0
153.0 206.0
159.0 44.0
86.0 238.0
50.0 74.0
133.0 67.0
221.0 151.0
21.0 153.0
216.0 126.0
79.0 93.0
4.0 189.0
211.0 9.0
246.0 20.0
139.0 245.0
130.0 78.0
109.0 17.0
129.0 85.0
52.0 195.0
75.0 49.0
1.0 225.0
28.0 233.0
162.0 19.0
201.0 51.0
37.0 175.0
48.0 165.0
134.0 234.0
159.0 152.0
42.0 223.0
177.0 127.0
11.0 48.0
27.0 70.0
219.0 127.0
27.0 117.0
219.0 196.0
63.0 195.0
123.0 45.0
8.0 132.0
161.0 4.0
201.0 235.0
27.0 59.0
47.0 115.0
24.0 32.0
156.0 109.0
67.0 100.0
238.0 206.0
157.0 189.0
20.0 212.0
24.0 158.0
43.0 175.0
167.0 186.0
226.0 178.0
128.0 137.0
170.0 166.0
92.0 208.0
242.0 13.0
16.0 245.0
249.0 133.0
35.0 173.0
143.0 227.0
194.0 33.0
190.0 71.0
134.0 210.0
158.0 85.0
165.0 215.0
92.0 196.0
231.0 227.0
94.0 114.0
59.0 140.0
73.0 174.0
132.0 192.0
235.0 216.0
166.0 42.0
160.0 41.0
74.0 9.0
121.0 45.0
248.0 197.0
101.0 183.0
20.0 109.0
55.0 247.0
230.0 100.0
230.0 241.0
167.0 129.0
228.0 196.0
171.0 56.0
4.0 90.0
36.0 58.0
84.0 106.0
135.0 39.0
102.0 241.0
21.0 227.0
47.0 142.0
70.0 214.0
194.0 58.0
16.0 10.0
242.0 146.0
93.0 230.0
8.0 157.0
3.0 119.0
70.0 113.0
41.0 167.0
83.0 119.0
229.0 116.0
38.0 47.0
169.0 18.0
68.0 129.0
81.0 9.0
187.0 48.0
117.0 66.0
198.0 188.0
48.0 72.0
22.0 36.0
24.0 44.0
73.0 243.0
145.0 2.0
46.0 216.0
161.0 197.0
114.0 141.0
163.0 43.0
42.0 162.0
211.0 121.0
70.0 9.0
134.0 197.0
214.0 156.0
70.0 10.0
202.0 198.0
120.0 156.0
70.0 141.0
40.0 177.0
17.0 160.0
224.0 74.0
164.0 173.0
46.0 226.0
184.0 131.0
167.0 50.0
87.0 4.0
0.0 12.0
244.0 6.0
86.0 208.0
61.0 145.0
178.0 242.0
5.0 17.0
162.0 239.0
32.0 68.0
1.0 115.0
232.0 101.0
199.0 37.0
120.0 145.0
83.0 107.0
17.0 72.0
47.0 45.0
64.0 213.0
172.0 42.0
201.0 231.0
226.0 198.0
24.0 132.0
115.0 59.0
221.0 36.0
133.0 79.0
132.0 222.0
220.0 113.0
10.0 202.0
209.0 167.0
149.0 190.0
131.0 125.0
76.0 120.0
192.0 49.0
114.0 185.0
111.0 163.0
126.0 198.0
70.0 224.0
111.0 95.0
77.0 28.0
123.0 24.0
123.0 123.0
17.0 218.0
54.0 112.0
144.0 204.0
175.0 220.0
121.0 183.0
127.0 165.0
162.0 12.0
170.0 107.0
232.0 237.0
53.0 92.0
132.0 232.0
216.0 162.0
148.0 35.0
140.0 143.0
2.0 46.0
207.0 181.0
114.0 50.0
17.0 145.0
29.0 120.0
150.0 105.0
151.0 227.0
182.0 126.0
17.0 240.0
84.0 205.0
115.0 15.0
187.0 224.0
111.0 137.0
199.0 116.0
124.0 138.0
104.0 247.0
16.0 121.0
41.0 81.0
230.0 249.0
123.0 10.0
16.0 150.0
172.0 40.0
195.0 71.0
187.0 82.0
176.0 206.0
172.0 181.0
14.0 163.0
4.0 47.0
86.0 109.0
87.0 86.0
48.0 189.0
99.0 188.0
39.0 139.0
217.0 88.0
150.0 50.0
241.0 179.0
13.0 91.0
115.0 222.0
152.0 17.0
162.0 199.0
69.0 142.0
156.0 143.0
89.0 238.0
152.0 58.0
60.0 152.0
83.0 131.0
49.0 241.0
186.0 239.0
19.0 26.0
117.0 66.0
246.0 57.0
197.0 211.0
84.0 4.0
39.0 237.0
217.0 91.0
110.0 148.0
119.0 20.0
99.0 128.0
9.0 118.0
33.0 172.0
123.0 239.0
132.0 33.0
227.0 21.0
210.0 12.0
70.0 156.0
8.0 144.0
69.0 155.0
123.0 171.0
53.0 129.0
47.0 229.0
232.0 206.0
117.0 19.0
100.0 221.0
2.0 22.0
50.0 174.0
162.0 142.0
47.0 228.0
16.0 210.0
4.0 102.0
148.0 116.0
84.0 17.0
151.0 130.0
210.0 175.0
63.0 40.0
105.0 45.0
129.0 58.0
39.0 71.0
201.0 235.0
232.0 192.0
157.0 219.0
202.0 177.0
10.0 219.0
142.0 25.0
211.0 132.0
226.0 61.0
211.0 79.0
76.0 123.0
144.0 170.0
146.0 59.0
68.0 129.0
138.0 89.0
17.0 217.0
77.0 110.0
169.0 218.0
35.0 118.0
249.0 38.0
17.0 217.0
111.0 67.0
106.0 248.0
234.0 233.0
18.0 149.0
201.0 6.0
35.0 179.0
34.0 170.0
92.0 23.0
55.0 246.0
114.0 16.0
41.0 249.0
241.0 127.0
215.0 49.0
185.0 79.0
208.0 134.0
212.0 113.0
163.0 177.0
127.0 145.0
247.0 76.0
129.0 197.0
106.0 246.0
30.0 247.0
160.0 205.0
105.0 220.0
154.0 108.0
159.0 166.0
223.0 155.0
226.0 213.0
23.0 135.0
106.0 220.0
57.0 167.0
20.0 82.0
128.0 32.0
235.0 250.0
159.0 19.0
38.0 39.0
203.0 56.0
59.0 156.0
6.0 182.0
181.0 156.0
58.0 5.0
168.0 124.0
131.0 63.0
133.0 170.0
115.0 123.0
80.0 159.0
20.0 212.0
42.0 149.0
84.0 22.0
151.0 55.0
226.0 126.0
57.0 169.0
163.0 13.0
150.0 169.0
58.0 11.0
113.0 104.0
130.0 215.0
154.0 140.0
235.0 139.0
69.0 165.0
209.0 64.0
97.0 158.0
118.0 174.0
97.0 61.0
78.0 104.0
142.0 169.0
154.0 82.0
178.0 159.0
150.0 183.0
215.0 147.0
149.0 8.0
87.0 16.0
2.0 168.0
100.0 39.0
2.0 3.0
249.0 152.0
65.0 75.0
202.0 30.0
22.0 203.0
77.0 204.0
224.0 220.0
121.0 237.0
199.0 107.0
175.0 73.0
171.0 26.0
149.0 212.0
64.0 72.0
36.0 189.0
173.0 107.0
61.0 135.0
4.0 144.0
99.0 32.0
90.0 5.0
101.0 59.0
156.0 106.0
45.0 16.0
59.0 209.0
250.0 97.0
20.0 122.0
212.0 127.0
182.0 72.0
181.0 162.0
141.0 87.0
243.0 179.0
116.0 9.0
17.0 147.0
11.0 78.0
104.0 68.0
187.0 101.0
13.0 161.0
47.0 14.0
89.0 149.0
144.0 223.0
36.0 201.0
29.0 160.0
186.0 109.0
184.0 73.0
229.0 133.0
122.0 95.0
187.0 214.0
127.0 241.0
221.0 111.0
104.0 22.0
163.0 49.0
107.0 167.0
17.0 46.0
178.0 45.0
171.0 135.0
159.0 137.0
191.0 24.0
246.0 33.0
84.0 39.0
79.0 177.0
249.0 17.0
5.0 204.0
153.0 109.0
178.0 230.0
52.0 46.0
15.0 48.0
189.0 205.0
54.0 232.0
159.0 139.0
88.0 214.0
232.0 50.0
16.0 219.0
228.0 231.0
145.0 242.0
83.0 84.0
21.0 86.0
89.0 121.0
146.0 7.0
74.0 179.0
14.0 124.0
119.0 118.0
237.0 5.0
211.0 119.0
30.0 213.0
49.0 237.0
224.0 106.0
41.0 178.0
199.0 39.0
63.0 91.0
10.0 148.0
151.0 221.0
16.0 221.0
85.0 87.0
109.0 242.0
142.0 155.0
13.0 206.0
111.0 51.0
121.0 177.0
223.0 142.0
195.0 77.0
215.0 175.0
44.0 30.0
46.0 174.0
123.0 137.0
118.0 140.0
37.0 126.0
151.0 155.0
22.0 140.0
170.0 49.0
19.0 209.0
152.0 96.0
28.0 61.0
145.0 45.0
230.0 202.0
43.0 59.0
209.0 11.0
206.0 244.0
116.0 191.0
228.0 230.0
234.0 181.0
172.0 95.0
180.0 241.0
187.0 230.0
56.0 196.0
220.0 53.0
165.0 181.0
108.0 53.0
245.0 238.0
125.0 188.0
189.0 232.0
154.0 250.0
93.0 78.0
189.0 98.0
222.0 99.0
202.0 236.0
109.0 140.0
214.0 17.0
10.0 150.0
213.0 90.0
40.0 206.0
158.0 220.0
97.0 71.0
73.0 235.0
33.0 161.0
86.0 120.0
38.0 100.0
64.0 106.0
72.0 139.0
54.0 176.0
207.0 235.0
67.0 197.0
58.0 190.0
40.0 230.0
61.0 27.0
129.0 100.0
156.0 112.0
54.0 156.0
232.0 97.0
19.0 173.0
45.0 51.0
51.0 198.0
81.0 234.0
155.0 193.0
185.0 9.0
17.0 108.0
85.0 216.0
9.0 147.0
227.0 132.0
110.0 227.0
184.0 218.0
135.0 6.0
196.0 147.0
229.0 123.0
203.0 189.0
184.0 130.0
70.0 80.0
129.0 161.0
240.0 66.0
33.0 164.0
129.0 128.0
216.0 137.0
136.0 207.0
150.0 61.0
199.0 55.0
148.0 93.0
148.0 161.0
81.0 99.0
165.0 248.0
105.0 195.0
212.0 163.0
166.0 22.0
134.0 45.0
119.0 39.0
157.0 205.0
130.0 176.0
114.0 222.0
68.0 25.0
7.0 87.0
155.0 20.0
93.0 1.0
240.0 162.0
241.0 49.0
71.0 129.0
129.0 221.0
57.0 178.0
131.0 127.0
31.0 75.0
101.0 26.0
110.0 73.0
43.0 93.0
59.0 53.0
216.0 217.0
118.0 226.0
70.0 111.0
79.0 126.0
170.0 129.0
190.0 185.0
124.0 241.0
61.0 221.0
73.0 152.0
12.0 24.0
103.0 151.0
160.0 244.0
28.0 48.0
84.0 128.0
31.0 173.0
209.0 199.0
226.0 154.0
142.0 40.0
17.0 77.0
218.0 165.0
181.0 126.0
121.0 241.0
177.0 179.0
216.0 36.0
244.0 78.0
55.0 240.0
145.0 174.0
104.0 125.0
13.0 4.0
16.0 104.0
29.0 53.0
105.0 12.0
2.0 102.0
245.0 37.0
213.0 236.0
214.0 20.0
220.0 126.0
74.0 154.0
110.0 52.0
5.0 190.0
12.0 142.0
28.0 58.0
248.0 176.0
184.0 119.0
45.0 60.0
226.0 101.0
68.0 167.0
1.0 50.0
71.0 72.0
218.0 214.0
50.0 210.0
154.0 90.0
77.0 121.0
112.0 158.0
53.0 208.0
56.0 163.0
213.0 14.0
132.0 94.0
229.0 88.0
91.0 96.0
113.0 73.0
233.0 86.0
157.0 195.0
237.0 194.0
231.0 183.0
136.0 161.0
48.0 154.0
174.0 195.0
85.0 125.0
168.0 55.0
167.0 71.0
10.0 213.0
7.0 52.0
28.0 17.0
84.0 205.0
243.0 60.0
48.0 5.0
101.0 55.0
132.0 221.0
91.0 63.0
153.0 74.0
209.0 228.0
202.0 170.0
58.0 1.0
227.0 89.0
154.0 135.0
241.0 54.0
117.0 46.0
224.0 217.0
189.0 210.0
87.0 102.0
128.0 64.0
133.0 89.0
46.0 195.0
11.0 150.0
125.0 174.0
231.0 68.0
137.0 183.0
92.0 223.0
90.0 176.0
235.0 64.0
54.0 90.0
45.0 219.0
92.0 223.0
223.0 237.0
4.0 183.0
144.0 47.0
163.0 120.0
199.0 236.0
37.0 52.0
92.0 120.0
42.0 112.0
183.0 88.0
207.0 134.0
224.0 51.0
156.0 56.0
189.0 119.0
30.0 172.0
180.0 197.0
214.0 80.0
234.0 21.0
123.0 240.0
143.0 168.0
43.0 117.0
229.0 209.0
142.0 192.0
54.0 172.0
38.0 190.0
155.0 71.0
148.0 184.0
143.0 84.0
98.0 61.0
125.0 247.0
23.0 115.0
181.0 102.0
180.0 135.0
217.0 71.0
66.0 141.0
56.0 111.0
92.0 235.0
208.0 29.0
138.0 118.0
64.0 154.0
147.0 114.0
73.0 127.0
233.0 103.0
26.0 105.0
60.0 107.0
130.0 39.0
106.0 43.0
120.0 188.0
204.0 12.0
213.0 151.0
71.0 18.0
41.0 211.0
115.0 105.0
228.0 142.0
105.0 181.0
122.0 146.0
101.0 149.0
239.0 211.0
128.0 239.0
35.0 164.0
95.0 21.0
198.0 89.0
82.0 137.0
203.0 21.0
120.0 93.0
191.0 195.0
195.0 37.0
43.0 152.0
0.0 228.0
85.0 83.0
33.0 244.0
168.0 116.0
175.0 29.0
191.0 31.0
243.0 180.0
173.0 244.0
14.0 206.0
79.0 164.0
89.0 49.0
126.0 138.0
234.0 194.0
153.0 227.0
166.0 64.0
145.0 130.0
68.0 137.0
132.0 143.0
170.0 101.0
180.0 87.0
42.0 125.0
47.0 216.0
88.0 170.0
131.0 173.0
237.0 53.0
131.0 116.0
198.0 64.0
176.0 215.0
172.0 220.0
234.0 20.0
236.0 75.0
171.0 22.0
178.0 59.0
134.0 27.0
125.0 134.0
25.0 51.0
123.0 108.0
110.0 225.0
121.0 25.0
141.0 39.0
147.0 106.0
173.0 47.0
19.0 19.0
78.0 228.0
239.0 85.0
58.0 14.0
33.0 76.0
38.0 43.0
72.0 84.0
115.0 21.0
220.0 233.0
65.0 133.0
190.0 111.0
221.0 18.0
99.0 44.0
78.0 106.0
189.0 225.0
86.0 220.0
50.0 208.0
103.0 116.0
13.0 120.0
81.0 226.0
157.0 14.0
104.0 169.0
237.0 73.0
211.0 159.0
92.0 207.0
6.0 7.0
216.0 145.0
106.0 213.0
183.0 173.0
60.0 222.0
223.0 4.0
163.0 228.0
28.0 57.0
166.0 201.0
198.0 245.0
202.0 169.0
40.0 190.0
24.0 42.0
244.0 77.0
24.0 133.0
41.0 197.0
246.0 56.0
227.0 13.0
233.0 5.0
36.0 172.0
54.0 242.0
125.0 180.0
212.0 153.0
31.0 30.0
179.0 96.0
232.0 126.0
107.0 11.0
41.0 174.0
99.0 140.0
112.0 250.0
219.0 207.0
137.0 94.0
234.0 38.0
156.0 225.0
160.0 80.0
175.0 27.0
221.0 183.0
138.0 50.0
158.0 234.0
81.0 46.0
148.0 120.0
128.0 93.0
124.0 244.0
50.0 221.0
127.0 188.0
148.0 10.0
129.0 136.0
66.0 201.0
64.0 1.0
190.0 159.0
137.0 25.0
78.0 112.0
21.0 145.0
227.0 133.0
143.0 30.0
243.0 143.0
34.0 216.0
86.0 52.0
77.0 93.0
91.0 182.0
8.0 76.0
58.0 208.0
107.0 72.0
237.0 144.0
83.0 197.0
124.0 227.0
208.0 244.0
26.0 110.0
68.0 221.0
175.0 88.0
129.0 82.0
231.0 143.0
93.0 110.0
87.0 149.0
132.0 184.0
169.0 169.0
91.0 18.0
42.0 37.0
125.0 237.0
128.0 42.0
238.0 245.0
215.0 40.0
62.0 127.0
213.0 168.0
224.0 163.0
188.0 124.0
248.0 79.0
4.0 63.0
238.0 229.0
247.0 188.0
152.0 207.0
128.0 221.0
29.0 219.0
152.0 200.0
125.0 80.0
143.0 166.0
179.0 45.0
28.0 71.0
138.0 204.0
94.0 68.0
207.0 45.0
247.0 165.0
156.0 23.0
121.0 33.0
135.0 113.0
172.0 40.0
48.0 79.0
246.0 215.0
130.0 38.0
135.0 71.0
127.0 195.0
210.0 107.0
112.0 191.0
43.0 68.0
220.0 70.0
235.0 137.0
189.0 179.0
209.0 16.0
133.0 141.0
91.0 206.0
52.0 79.0
52.0 59.0
132.0 108.0
92.0 34.0
205.0 153.0
43.0 114.0
71.0 233.0
133.0 186.0
148.0 141.0
4.0 221.0
45.0 40.0
167.0 164.0
149.0 25.0
155.0 24.0
183.0 49.0
227.0 177.0
220.0 137.0
21.0 247.0
214.0 161.0
123.0 226.0
176.0 226.0
79.0 40.0
175.0 67.0
194.0 122.0
157.0 122.0
20.0 71.0
150.0 68.0
240.0 62.0
224.0 110.0
249.0 245.0
139.0 168.0
245.0 141.0
173.0 151.0
3.0 167.0
209.0 70.0
40.0 172.0
173.0 64.0
201.0 226.0
38.0 206.0
7.0 193.0
118.0 51.0
166.0 180.0
227.0 161.0
217.0 34.0
63.0 188.0
82.0 106.0
11.0 137.0
116.0 63.0
109.0 5.0
64.0 106.0
235.0 56.0
136.0 248.0
134.0 34.0
223.0 129.0
233.0 210.0
114.0 152.0
221.0 197.0
90.0 41.0
222.0 42.0
134.0 233.0
172.0 157.0
28.0 70.0
91.0 226.0
168.0 87.0
237.0 18.0
17.0 242.0
217.0 136.0
149.0 242.0
164.0 230.0
168.0 197.0
169.0 101.0
92.0 140.0
218.0 93.0
106.0 246.0
187.0 62.0
145.0 183.0
25.0 222.0
94.0 51.0
52.0 2.0
189.0 205.0
128.0 107.0
19.0 56.0
237.0 37.0
114.0 13.0
128.0 134.0
114.0 36.0
186.0 32.0
151.0 100.0
26.0 204.0
53.0 143.0
133.0 118.0
127.0 184.0
156.0 57.0
24.0 75.0
52.0 242.0
25.0 167.0
69.0 198.0
177.0 247.0
134.0 115.0
213.0 160.0
7.0 30.0
56.0 74.0
157.0 195.0
238.0 194.0
78.0 88.0
142.0 8.0
131.0 65.0
32.0 236.0
19.0 223.0
144.0 199.0
82.0 97.0
185.0 146.0
164.0 146.0
145.0 144.0
109.0 16.0
129.0 183.0
1.0 171.0
245.0 221.0
93.0 241.0
136.0 210.0
173.0 60.0
61.0 204.0
163.0 130.0
236.0 195.0
83.0 79.0
223.0 168.0
70.0 8.0
192.0 153.0
184.0 145.0
231.0 123.0
76.0 90.0
146.0 150.0
124.0 188.0
50.0 39.0
240.0 189.0
69.0 236.0
80.0 110.0
72.0 98.0
222.0 76.0
143.0 190.0
186.0 198.0
67.0 86.0
233.0 114.0
183.0 202.0
170.0 143.0
242.0 20.0
11.0 53.0
249.0 107.0
65.0 10.0
54.0 152.0
186.0 94.0
51.0 65.0
137.0 60.0
119.0 222.0
167.0 117.0
33.0 40.0
140.0 29.0
123.0 77.0
177.0 176.0
10.0 220.0
35.0 7.0
92.0 42.0
55.0 157.0
229.0 244.0
32.0 25.0
157.0 162.0
206.0 209.0
237.0 113.0
106.0 236.0
172.0 190.0
74.0 81.0
170.0 162.0
77.0 63.0
81.0 199.0
250.0 230.0
95.0 217.0
162.0 185.0
150.0 187.0
116.0 99.0
32.0 62.0
106.0 242.0
178.0 61.0
120.0 150.0
27.0 84.0
21.0 126.0
84.0 110.0
83.0 74.0
146.0 240.0
51.0 245.0
227.0 107.0
142.0 12.0
28.0 195.0
11.0 122.0
90.0 153.0
220.0 185.0
112.0 31.0
94.0 208.0
205.0 147.0
140.0 58.0
165.0 133.0
40.0 47.0
193.0 250.0
7.0 147.0
238.0 137.0
145.0 142.0
41.0 221.0
239.0 111.0
172.0 64.0
218.0 173.0
247.0 6.0
115.0 249.0
32.0 11.0
127.0 174.0
198.0 189.0
224.0 16.0
94.0 29.0
51.0 59.0
167.0 199.0
177.0 204.0
8.0 60.0
68.0 102.0
51.0 135.0
220.0 144.0
10.0 56.0
195.0 17.0
217.0 89.0
118.0 61.0
64.0 159.0
16.0 4.0
91.0 86.0
176.0 212.0
53.0 71.0
18.0 127.0
115.0 36.0
47.0 174.0
154.0 224.0
7.0 171.0
184.0 36.0
165.0 161.0
2.0 139.0
233.0 74.0
205.0 190.0
218.0 244.0
44.0 99.0
100.0 91.0
144.0 39.0
249.0 100.0
183.0 250.0
84.0 39.0
181.0 237.0
44.0 166.0
111.0 12.0
228.0 6.0
118.0 113.0
151.0 63.0
182.0 181.0
104.0 163.0
133.0 208.0
181.0 189.0
221.0 83.0
101.0 23.0
39.0 206.0
246.0 72.0
125.0 164.0
175.0 64.0
149.0 98.0
171.0 141.0
154.0 148.0
182.0 42.0
132.0 224.0
106.0 19.0
12.0 116.0
162.0 171.0
235.0 59.0
148.0 216.0
108.0 154.0
220.0 246.0
240.0 124.0
120.0 111.0
124.0 185.0
100.0 122.0
42.0 140.0
108.0 73.0
250.0 103.0
100.0 152.0
210.0 63.0
160.0 123.0
232.0 104.0
196.0 217.0
162.0 101.0
238.0 243.0
88.0 65.0
246.0 226.0
89.0 118.0
78.0 215.0
128.0 115.0
150.0 195.0
228.0 30.0
63.0 110.0
156.0 10.0
99.0 61.0
140.0 66.0
248.0 64.0
213.0 197.0
28.0 64.0
86.0 37.0
149.0 194.0
8.0 187.0
150.0 115.0
159.0 219.0
183.0 55.0
145.0 111.0
205.0 244.0
18.0 241.0
124.0 246.0
26.0 83.0
34.0 14.0
117.0 83.0
209.0 38.0
58.0 6.0
117.0 32.0
44.0 87.0
9.0 167.0
39.0 178.0
193.0 166.0
106.0 73.0
202.0 143.0
87.0 89.0
80.0 117.0
18.0 217.0
110.0 225.0
8.0 26.0
95.0 189.0
97.0 39.0
139.0 162.0
205.0 109.0
163.0 166.0
50.0 150.0
229.0 97.0
20.0 142.0
23.0 146.0
19.0 110.0
210.0 242.0
127.0 146.0
132.0 219.0
232.0 38.0
175.0 213.0
97.0 200.0
165.0 106.0
142.0 96.0
243.0 138.0
24.0 221.0
203.0 147.0
185.0 217.0
103.0 171.0
66.0 49.0
29.0 249.0
24.0 205.0
192.0 33.0
48.0 217.0
107.0 174.0
160.0 85.0
154.0 209.0
239.0 35.0
164.0 48.0
27.0 71.0
187.0 167.0
174.0 105.0
217.0 207.0
208.0 34.0
163.0 241.0
164.0 144.0
192.0 10.0
135.0 93.0
145.0 29.0
98.0 245.0
242.0 238.0
156.0 200.0
173.0 207.0
178.0 197.0
158.0 222.0
92.0 95.0
196.0 113.0
202.0 237.0
228.0 44.0
154.0 19.0
24.0 237.0
29.0 115.0
186.0 222.0
102.0 35.0
174.0 237.0
85.0 92.0
121.0 216.0
24.0 104.0
241.0 117.0
60.0 247.0
206.0 171.0
89.0 35.0
161.0 169.0
145.0 217.0
151.0 234.0
183.0 175.0
243.0 83.0
203.0 3.0
231.0 97.0
18.0 227.0
103.0 75.0
236.0 204.0
20.0 122.0
119.0 60.0
111.0 169.0
36.0 61.0
212.0 192.0
37.0 149.0
236.0 18.0
130.0 190.0
152.0 147.0
186.0 3.0
166.0 113.0
157.0 121.0
192.0 182.0
168.0 219.0
69.0 32.0
44.0 24.0
14.0 96.0
205.0 36.0
122.0 86.0
112.0 240.0
30.0 248.0
73.0 7.0
191.0 247.0
229.0 2.0
241.0 108.0
135.0 167.0
31.0 228.0
144.0 212.0
184.0 22.0
127.0 79.0
126.0 87.0
121.0 157.0
77.0 68.0
50.0 121.0
59.0 244.0
249.0 25.0
59.0 132.0
53.0 150.0
15.0 17.0
56.0 120.0
129.0 67.0
183.0 157.0
67.0 67.0
48.0 119.0
169.0 73.0
120.0 51.0
98.0 119.0
48.0 34.0
181.0 171.0
30.0 186.0
0.0 85.0
217.0 214.0
102.0 131.0
155.0 8.0
16.0 218.0
124.0 43.0
76.0 6.0
18.0 206.0
100.0 170.0
237.0 196.0
62.0 120.0
116.0 228.0
177.0 74.0
229.0 77.0
151.0 154.0
232.0 51.0
169.0 34.0
197.0 69.0
212.0 190.0
228.0 62.0
173.0 139.0
191.0 217.0
247.0 108.0
211.0 199.0
153.0 137.0
166.0 220.0
82.0 186.0
182.0 210.0
28.0 126.0
242.0 110.0
16.0 49.0
52.0 148.0
36.0 162.0
129.0 239.0
46.0 78.0
146.0 8.0
238.0 134.0
115.0 201.0
59.0 170.0
73.0 94.0
45.0 49.0
226.0 61.0
101.0 200.0
86.0 17.0
140.0 94.0
189.0 27.0
108.0 82.0
50.0 186.0
170.0 98.0
67.0 167.0
216.0 50.0
157.0 173.0
86.0 27.0
206.0 75.0
35.0 15.0
1.0 79.0
246.0 127.0
97.0 92.0
245.0 158.0
146.0 9.0
177.0 105.0
48.0 202.0
165.0 92.0
50.0 62.0
92.0 198.0
30.0 6.0
143.0 10.0
238.0 177.0
67.0 36.0
75.0 113.0
156.0 160.0
84.0 239.0
225.0 150.0
98.0 101.0
2.0 40.0
84.0 46.0
77.0 6.0
27.0 158.0
186.0 187.0
242.0 29.0
123.0 202.0
103.0 36.0
151.0 179.0
194.0 98.0
112.0 182.0
237.0 188.0
211.0 224.0
201.0 223.0
57.0 113.0
42.0 210.0
65.0 222.0
127.0 150.0
158.0 32.0
161.0 225.0
26.0 167.0
33.0 108.0
237.0 155.0
37.0 75.0
80.0 5.0
10.0 133.0
76.0 204.0
214.0 193.0
149.0 98.0
124.0 152.0
18.0 149.0
83.0 36.0
189.0 142.0
106.0 177.0
218.0 218.0
170.0 211.0
3.0 179.0
149.0 1.0
165.0 66.0
103.0 143.0
128.0 80.0
203.0 19.0
98.0 222.0
132.0 201.0
180.0 108.0
121.0 39.0
191.0 187.0
72.0 108.0
42.0 211.0
60.0 221.0
135.0 61.0
53.0 58.0
247.0 141.0
237.0 9.0
243.0 76.0
194.0 128.0
205.0 51.0
173.0 191.0
197.0 154.0
78.0 131.0
130.0 176.0
55.0 199.0
66.0 119.0
154.0 26.0
55.0 229.0
90.0 34.0
219.0 188.0
195.0 15.0
52.0 147.0
216.0 191.0
15.0 119.0
173.0 198.0
39.0 39.0
56.0 198.0
126.0 126.0
199.0 161.0
38.0 235.0
239.0 165.0
142.0 211.0
126.0 129.0
25.0 51.0
205.0 192.0
68.0 18.0
217.0 44.0
228.0 137.0
127.0 30.0
86.0 86.0
228.0 216.0
21.0 46.0
74.0 117.0
223.0 139.0
52.0 144.0
9.0 148.0
32.0 102.0
30.0 23.0
30.0 158.0
214.0 248.0
176.0 3.0
160.0 176.0
78.0 240.0
202.0 58.0
238.0 102.0
220.0 243.0
223.0 155.0
61.0 127.0
135.0 216.0
12.0 234.0
209.0 18.0
68.0 113.0
198.0 219.0
49.0 67.0
13.0 171.0
204.0 20.0
139.0 174.0
215.0 156.0
174.0 240.0
120.0 30.0
143.0 230.0
197.0 141.0
48.0 10.0
188.0 48.0
191.0 122.0
57.0 151.0
106.0 225.0
7.0 85.0
249.0 185.0
87.0 222.0
171.0 205.0
248.0 114.0
195.0 227.0
41.0 238.0
194.0 143.0
199.0 8.0
115.0 157.0
157.0 30.0
221.0 215.0
152.0 201.0
82.0 230.0
60.0 0.0
147.0 122.0
242.0 188.0
55.0 45.0
192.0 153.0
157.0 192.0
117.0 237.0
13.0 161.0
135.0 151.0
218.0 168.0
76.0 198.0
205.0 206.0
211.0 27.0
241.0 54.0
25.0 22.0
141.0 119.0
215.0 169.0
50.0 145.0
159.0 125.0
190.0 130.0
181.0 218.0
30.0 122.0
210.0 217.0
179.0 114.0
37.0 235.0
70.0 72.0
163.0 219.0
99.0 195.0
32.0 26.0
188.0 75.0
53.0 150.0
45.0 218.0
58.0 242.0
207.0 226.0
221.0 99.0
34.0 223.0
240.0 138.0
105.0 208.0
146.0 172.0
51.0 33.0
182.0 107.0
168.0 63.0
247.0 22.0
211.0 101.0
218.0 113.0
77.0 9.0
8.0 94.0
169.0 218.0
70.0 159.0
28.0 201.0
64.0 220.0
128.0 222.0
24.0 158.0
55.0 48.0
123.0 169.0
105.0 82.0
247.0 75.0
130.0 213.0
92.0 45.0
45.0 224.0
131.0 233.0
204.0 176.0
38.0 147.0
183.0 235.0
29.0 137.0
48.0 232.0
104.0 175.0
23.0 57.0
8.0 210.0
17.0 41.0
17.0 141.0
45.0 58.0
8.0 51.0
119.0 124.0
40.0 136.0
36.0 100.0
11.0 99.0
5.0 158.0
20.0 50.0
158.0 227.0
108.0 76.0
24.0 215.0
135.0 138.0
130.0 100.0
92.0 81.0
188.0 52.0
231.0 52.0
145.0 58.0
190.0 216.0
199.0 90.0
112.0 214.0
160.0 167.0
68.0 110.0
153.0 205.0
161.0 154.0
165.0 156.0
232.0 228.0
40.0 197.0
181.0 186.0
76.0 84.0
200.0 74.0
177.0 73.0
52.0 57.0
111.0 138.0
66.0 185.0
187.0 15.0
110.0 180.0
31.0 178.0
89.0 15.0
158.0 155.0
101.0 85.0
125.0 153.0
176.0 110.0
107.0 38.0
99.0 212.0
50.0 10.0
132.0 172.0
111.0 139.0
247.0 171.0
170.0 231.0
62.0 167.0
1.0 70.0
221.0 85.0
5.0 116.0
38.0 74.0
225.0 95.0
12.0 161.0
166.0 182.0
165.0 168.0
15.0 78.0
178.0 92.0
161.0 69.0
164.0 205.0
233.0 242.0
168.0 179.0
185.0 61.0
104.0 136.0
16.0 114.0
114.0 43.0
29.0 105.0
155.0 225.0
98.0 24.0
201.0 52.0
219.0 202.0
229.0 191.0
184.0 46.0
245.0 94.0
33.0 51.0
153.0 9.0
4.0 245.0
103.0 53.0
247.0 54.0
228.0 237.0
161.0 104.0
46.0 144.0
244.0 78.0
63.0 246.0
167.0 22.0
212.0 198.0
123.0 85.0
55.0 224.0
17.0 232.0
11.0 45.0
163.0 9.0
137.0 96.0
204.0 45.0
126.0 114.0
28.0 3.0
171.0 208.0
24.0 12.0
211.0 119.0
86.0 190.0
115.0 171.0
67.0 158.0
175.0 216.0
225.0 28.0
86.0 235.0
249.0 143.0
177.0 246.0
16.0 176.0
185.0 64.0
36.0 239.0
202.0 197.0
136.0 236.0
229.0 35.0
202.0 236.0
91.0 5.0
141.0 230.0
248.0 203.0
30.0 159.0
162.0 75.0
231.0 214.0
121.0 26.0
53.0 171.0
34.0 136.0
131.0 128.0
1.0 11.0
226.0 37.0
33.0 65.0
217.0 24.0
110.0 127.0
154.0 16.0
59.0 57.0
240.0 37.0
81.0 128.0
239.0 72.0
35.0 250.0
60.0 232.0
173.0 147.0
134.0 8.0
64.0 201.0
223.0 196.0
22.0 201.0
123.0 175.0
167.0 73.0
50.0 0.0
30.0 220.0
48.0 98.0
233.0 162.0
67.0 164.0
23.0 230.0
174.0 176.0
50.0 140.0
193.0 238.0
64.0 64.0
91.0 57.0
41.0 147.0
31.0 132.0
27.0 229.0
54.0 80.0
91.0 83.0
155.0 71.0
67.0 47.0
121.0 146.0
71.0 5.0
5.0 41.0
118.0 203.0
219.0 150.0
204.0 235.0
26.0 117.0
30.0 69.0
7.0 98.0
136.0 55.0
172.0 23.0
228.0 181.0
172.0 36.0
91.0 125.0
143.0 80.0
15.0 1.0
22.0 160.0
228.0 234.0
242.0 141.0
151.0 68.0
12.0 235.0
92.0 24.0
222.0 151.0
72.0 194.0
62.0 202.0
14.0 52.0
242.0 205.0
130.0 52.0
61.0 95.0
96.0 65.0
65.0 225.0
232.0 46.0
169.0 136.0
157.0 119.0
121.0 141.0
246.0 83.0
44.0 148.0
8.0 164.0
61.0 181.0
55.0 129.0
124.0 145.0
189.0 220.0
168.0 176.0
129.0 157.0
84.0 242.0
36.0 16.0
17.0 220.0
244.0 136.0
97.0 232.0
207.0 220.0
241.0 88.0
222.0 163.0
14.0 245.0
41.0 142.0
42.0 21.0
66.0 132.0
109.0 72.0
124.0 15.0
60.0 12.0
116.0 48.0
239.0 59.0
190.0 5.0
241.0 207.0
95.0 125.0
62.0 184.0
231.0 53.0
59.0 64.0
190.0 37.0
179.0 190.0
183.0 188.0
234.0 123.0
9.0 195.0
77.0 160.0
81.0 175.0
59.0 28.0
73.0 175.0
5.0 142.0
37.0 133.0
223.0 175.0
200.0 184.0
144.0 214.0
179.0 249.0
242.0 99.0
157.0 169.0
205.0 112.0
178.0 193.0
131.0 239.0
207.0 207.0
87.0 34.0

161.0 163.0
19.0 236.0
251.0 44.0
174.0 200.0
112.0 43.0
244.0 243.0
132.0 101.0
91.0 83.0
83.0 25.0
195.0 107.0
191.0 165.0
239.0 175.0
11.0 237.0
211.0 53.0
83.0 169.0
86.0 235.0
63.0 186.0
30.0 19.0
210.0 95.0
26.0 221.0
23.0 120.0
32.0 39.0
24.0 169.0
198.0 70.0
154.0 199.0
73.0 97.0
89.0 204.0
18.0 51.0
129.0 147.0
83.0 125.0
47.0 201.0
233.0 59.0
187.0 250.0
12.0 237.0
97.0 146.0
173.0 196.0
90.0 60.0
15.0 89.0
131.0 34.0
32.0 64.0
87.0 189.0
18.0 233.0
128.0 89.0
107.0 88.0
156.0 79.0
8.0 102.0
198.0 233.0
55.0 58.0
251.0 100.0
183.0 218.0
156.0 237.0
98.0 194.0
106.0 133.0
111.0 58.0
227.0 113.0
28.0 177.0
244.0 212.0
229.0 143.0
21.0 198.0
131.0 217.0
96.0 168.0
108.0 241.0
176.0 234.0
168.0 72.0
43.0 89.0
59.0 104.0
237.0 128.0
29.0 110.0
68.0 7.0
240.0 33.0
217.0 220.0
199.0 80.0
105.0 170.0
119.0 214.0
148.0 214.0
132.0 156.0
220.0 31.0
190.0 182.0
46.0 142.0
196.0 208.0
251.0 87.0
47.0 20.0
137.0 212.0
39.0 95.0
39.0 164.0
182.0 170.0
234.0 209.0
240.0 171.0
102.0 69.0
173.0 23.0
136.0 37.0
170.0 81.0
154.0 180.0
92.0 91.0
160.0 26.0
123.0 255.0
81.0 149.0
45.0 221.0
213.0 182.0
137.0 198.0
241.0 63.0
173.0 130.0
244.0 159.0
128.0 233.0
233.0 182.0
46.0 242.0
218.0 189.0
176.0 32.0
242.0 181.0
36.0 89.0
249.0 6.0
131.0 98.0
98.0 183.0
51.0 19.0
232.0 189.0
139.0 53.0
157.0 42.0
254.0 224.0
142.0 15.0
229.0 106.0
158.0 211.0
164.0 50.0
91.0 243.0
54.0 79.0
138.0 72.0
226.0 156.0
26.0 159.0
221.0 130.0
83.0 98.0
10.0 194.0
216.0 13.0
250.0 25.0
145.0 250.0
136.0 83.0
114.0 22.0
134.0 90.0
57.0 199.0
81.0 55.0
6.0 230.0
34.0 237.0
166.0 24.0
206.0 57.0
42.0 179.0
54.0 170.0
140.0 240.0
163.0 157.0
48.0 228.0
183.0 131.0
15.0 53.0
32.0 76.0
223.0 131.0
32.0 121.0
223.0 200.0
68.0 200.0
127.0 50.0
14.0 137.0
166.0 8.0
206.0 240.0
32.0 64.0
52.0 120.0
28.0 38.0
160.0 113.0
72.0 105.0
243.0 210.0
161.0 194.0
24.0 217.0
28.0 162.0
49.0 180.0
172.0 192.0
230.0 183.0
132.0 142.0
176.0 171.0
97.0 213.0
246.0 17.0
21.0 249.0
255.0 137.0
40.0 178.0
149.0 232.0
198.0 38.0
194.0 76.0
138.0 215.0
164.0 90.0
170.0 221.0
98.0 202.0
237.0 231.0
99.0 119.0
64.0 145.0
77.0 179.0
136.0 198.0
240.0 222.0
171.0 46.0
166.0 47.0
79.0 13.0
126.0 50.0
253.0 202.0
106.0 189.0
25.0 114.0
60.0 253.0
234.0 105.0
235.0 246.0
172.0 134.0
233.0 201.0
176.0 62.0
9.0 96.0
42.0 63.0
90.0 110.0
139.0 43.0
106.0 246.0
25.0 232.0
52.0 147.0
75.0 219.0
200.0 64.0
20.0 15.0
247.0 151.0
97.0 235.0
12.0 162.0
9.0 124.0
76.0 119.0
45.0 173.0
87.0 123.0
235.0 120.0
44.0 52.0
174.0 22.0
74.0 134.0
86.0 15.0
191.0 53.0
123.0 70.0
202.0 193.0
53.0 76.0
28.0 42.0
30.0 49.0
77.0 248.0
149.0 7.0
52.0 221.0
167.0 203.0
118.0 146.0
168.0 47.0
47.0 168.0
216.0 126.0
76.0 15.0
140.0 201.0
220.0 161.0
75.0 16.0
207.0 202.0
126.0 160.0
74.0 146.0
44.0 182.0
21.0 166.0
229.0 78.0
169.0 179.0
50.0 230.0
190.0 136.0
171.0 54.0
91.0 10.0
5.0 17.0
249.0 12.0
90.0 212.0
66.0 151.0
183.0 247.0
11.0 21.0
166.0 244.0
36.0 74.0
5.0 121.0
236.0 105.0
204.0 41.0
126.0 151.0
89.0 112.0
21.0 78.0
52.0 50.0
69.0 218.0
177.0 47.0
205.0 237.0
231.0 203.0
30.0 138.0
120.0 64.0
225.0 42.0
138.0 84.0
137.0 226.0
224.0 119.0
16.0 207.0
215.0 171.0
153.0 196.0
136.0 130.0
82.0 124.0
197.0 53.0
118.0 189.0
117.0 169.0
131.0 203.0
76.0 228.0
116.0 100.0
82.0 33.0
128.0 28.0
128.0 128.0
22.0 223.0
59.0 117.0
149.0 210.0
179.0 224.0
126.0 189.0
132.0 170.0
167.0 16.0
176.0 112.0
237.0 243.0
58.0 97.0
136.0 238.0
220.0 167.0
152.0 40.0
145.0 149.0
8.0 51.0
212.0 187.0
120.0 55.0
22.0 150.0
34.0 126.0
156.0 110.0
156.0 233.0
188.0 131.0
22.0 245.0
89.0 211.0
120.0 19.0
192.0 229.0
116.0 142.0
204.0 121.0
128.0 144.0
108.0 251.0
20.0 126.0
46.0 86.0
236.0 253.0
127.0 14.0
22.0 154.0
177.0 45.0
200.0 75.0
192.0 87.0
180.0 212.0
177.0 186.0
19.0 168.0
10.0 52.0
91.0 113.0
93.0 91.0
53.0 194.0
104.0 192.0
44.0 144.0
223.0 94.0
156.0 55.0
247.0 183.0
17.0 95.0
119.0 228.0
157.0 22.0
168.0 203.0
73.0 147.0
162.0 149.0
93.0 244.0
157.0 64.0
65.0 158.0
88.0 136.0
55.0 246.0
191.0 245.0
23.0 31.0
122.0 72.0
251.0 61.0
201.0 216.0
89.0 9.0
43.0 242.0
222.0 96.0
115.0 152.0
123.0 24.0
104.0 134.0
14.0 124.0
38.0 178.0
128.0 244.0
138.0 38.0
232.0 26.0
214.0 18.0
76.0 161.0
13.0 150.0
74.0 161.0
128.0 177.0
58.0 134.0
52.0 234.0
236.0 212.0
121.0 24.0
106.0 227.0
7.0 27.0
56.0 180.0
167.0 146.0
52.0 233.0
20.0 214.0
8.0 108.0
153.0 122.0
88.0 22.0
156.0 135.0
216.0 180.0
68.0 45.0
110.0 50.0
134.0 62.0
43.0 76.0
205.0 239.0
238.0 196.0
162.0 224.0
206.0 183.0
15.0 224.0
148.0 30.0
217.0 138.0
230.0 66.0
217.0 85.0
81.0 128.0
148.0 176.0
151.0 64.0
73.0 135.0
143.0 95.0
21.0 221.0
82.0 116.0
173.0 223.0
40.0 123.0
253.0 42.0
22.0 223.0
116.0 72.0
112.0 252.0
240.0 238.0
24.0 154.0
205.0 10.0
39.0 185.0
40.0 175.0
98.0 28.0
60.0 251.0
120.0 20.0
46.0 253.0
245.0 133.0
219.0 54.0
189.0 84.0
212.0 138.0
217.0 118.0
169.0 182.0
131.0 149.0
251.0 82.0
135.0 202.0
111.0 250.0
35.0 253.0
165.0 209.0
109.0 225.0
159.0 112.0
163.0 170.0
227.0 160.0
231.0 219.0
28.0 140.0
111.0 226.0
62.0 171.0
25.0 86.0
133.0 37.0
241.0 256.0
165.0 25.0
44.0 44.0
208.0 62.0
64.0 161.0
11.0 186.0
186.0 161.0
63.0 10.0
173.0 128.0
136.0 67.0
137.0 176.0
120.0 128.0
84.0 163.0
25.0 218.0
47.0 155.0
88.0 27.0
156.0 60.0
231.0 132.0
62.0 174.0
169.0 18.0
156.0 174.0
63.0 16.0
119.0 108.0
134.0 220.0
159.0 145.0
239.0 144.0
75.0 170.0
214.0 69.0
102.0 163.0
123.0 178.0
102.0 65.0
82.0 108.0
147.0 174.0
159.0 86.0
184.0 163.0
154.0 188.0
221.0 153.0
153.0 13.0
91.0 21.0
6.0 174.0
105.0 45.0
8.0 9.0
254.0 158.0
71.0 81.0
206.0 34.0
28.0 207.0
81.0 210.0
230.0 225.0
126.0 242.0
204.0 112.0
181.0 79.0
176.0 31.0
154.0 217.0
70.0 77.0
41.0 194.0
178.0 112.0
66.0 139.0
8.0 149.0
104.0 38.0
95.0 10.0
106.0 65.0
161.0 110.0
49.0 22.0
64.0 213.0
255.0 102.0
26.0 127.0
217.0 131.0
186.0 77.0
187.0 167.0
145.0 93.0
248.0 184.0
120.0 15.0
21.0 152.0
15.0 84.0
109.0 73.0
191.0 106.0
17.0 165.0
52.0 19.0
95.0 153.0
149.0 228.0
40.0 206.0
33.0 166.0
191.0 114.0
188.0 78.0
234.0 139.0
127.0 100.0
193.0 219.0
131.0 246.0
225.0 116.0
109.0 27.0
168.0 54.0
112.0 173.0
21.0 51.0
183.0 49.0
175.0 139.0
165.0 143.0
197.0 29.0
251.0 39.0
89.0 43.0
85.0 183.0
253.0 21.0
9.0 210.0
158.0 114.0
182.0 235.0
57.0 50.0
20.0 54.0
195.0 211.0
59.0 238.0
163.0 144.0
92.0 219.0
238.0 55.0
20.0 225.0
232.0 235.0
150.0 248.0
89.0 90.0
25.0 91.0
95.0 127.0
151.0 12.0
79.0 183.0
19.0 130.0
124.0 123.0
242.0 10.0
216.0 124.0
35.0 218.0
53.0 243.0
230.0 111.0
47.0 183.0
204.0 44.0
68.0 95.0
16.0 152.0
156.0 226.0
21.0 227.0
91.0 92.0
114.0 247.0
147.0 159.0
18.0 210.0
117.0 56.0
126.0 183.0
227.0 147.0
200.0 82.0
219.0 181.0
48.0 36.0
50.0 179.0
128.0 141.0
122.0 144.0
42.0 132.0
157.0 159.0
26.0 144.0
176.0 55.0
24.0 214.0
157.0 102.0
34.0 66.0
150.0 49.0
236.0 207.0
49.0 64.0
214.0 15.0
210.0 249.0
121.0 195.0
232.0 235.0
238.0 187.0
177.0 101.0
185.0 247.0
192.0 236.0
61.0 201.0
226.0 58.0
170.0 186.0
114.0 58.0
250.0 244.0
130.0 193.0
194.0 236.0
159.0 255.0
97.0 83.0
194.0 103.0
227.0 105.0
207.0 242.0
114.0 145.0
219.0 22.0
15.0 154.0
218.0 95.0
44.0 211.0
164.0 225.0
101.0 77.0
77.0 240.0
38.0 165.0
91.0 125.0
43.0 106.0
69.0 111.0
77.0 144.0
59.0 180.0
213.0 241.0
73.0 203.0
62.0 195.0
46.0 235.0
66.0 32.0
135.0 105.0
161.0 116.0
59.0 161.0
236.0 101.0
24.0 178.0
51.0 56.0
56.0 203.0
87.0 239.0
159.0 199.0
190.0 14.0
22.0 112.0
90.0 221.0
14.0 151.0
232.0 137.0
115.0 231.0
190.0 224.0
140.0 11.0
201.0 153.0
234.0 128.0
208.0 195.0
190.0 136.0
75.0 85.0
134.0 166.0
245.0 71.0
38.0 169.0
133.0 133.0
221.0 141.0
141.0 211.0
155.0 66.0
204.0 60.0
153.0 99.0
154.0 167.0
86.0 103.0
169.0 252.0
110.0 200.0
217.0 168.0
171.0 27.0
139.0 50.0
123.0 43.0
161.0 210.0
136.0 181.0
120.0 227.0
74.0 29.0
12.0 92.0
160.0 25.0
98.0 7.0
245.0 167.0
246.0 54.0
76.0 134.0
134.0 225.0
62.0 183.0
136.0 133.0
35.0 80.0
107.0 31.0
115.0 77.0
49.0 99.0
63.0 58.0
221.0 221.0
123.0 231.0
74.0 116.0
85.0 131.0
175.0 134.0
195.0 191.0
130.0 246.0
66.0 226.0
78.0 157.0
17.0 30.0
108.0 155.0
165.0 249.0
33.0 54.0
89.0 134.0
36.0 179.0
215.0 204.0
232.0 159.0
148.0 45.0
21.0 82.0
223.0 170.0
186.0 132.0
126.0 246.0
183.0 184.0
220.0 41.0
249.0 83.0
60.0 245.0
149.0 178.0
109.0 130.0
17.0 9.0
20.0 109.0
34.0 59.0
111.0 16.0
6.0 108.0
250.0 41.0
218.0 241.0
218.0 26.0
226.0 132.0
79.0 160.0
115.0 58.0
11.0 194.0
17.0 148.0
32.0 64.0
253.0 181.0
188.0 125.0
50.0 64.0
232.0 105.0
73.0 173.0
5.0 55.0
76.0 78.0
223.0 218.0
55.0 214.0
159.0 96.0
81.0 125.0
117.0 162.0
58.0 213.0
61.0 168.0
219.0 20.0
137.0 99.0
235.0 93.0
96.0 101.0
118.0 79.0
237.0 90.0
162.0 199.0
242.0 199.0
236.0 189.0
141.0 167.0
52.0 159.0
180.0 199.0
90.0 131.0
172.0 59.0
173.0 76.0
15.0 218.0
11.0 57.0
33.0 23.0
90.0 209.0
249.0 66.0
52.0 10.0
106.0 60.0
138.0 226.0
97.0 69.0
157.0 79.0
215.0 234.0
206.0 176.0
63.0 6.0
232.0 95.0
159.0 139.0
246.0 59.0
122.0 51.0
229.0 222.0
195.0 214.0
91.0 106.0
132.0 69.0
137.0 94.0
50.0 200.0
16.0 155.0
131.0 179.0
237.0 73.0
142.0 188.0
97.0 228.0
96.0 181.0
241.0 69.0
60.0 95.0
50.0 225.0
96.0 229.0
229.0 242.0
8.0 189.0
148.0 51.0
168.0 126.0
204.0 241.0
42.0 57.0
97.0 125.0
47.0 117.0
189.0 93.0
213.0 138.0
228.0 55.0
162.0 62.0
194.0 123.0
35.0 177.0
184.0 203.0
219.0 85.0
239.0 27.0
128.0 246.0
148.0 172.0
48.0 121.0
234.0 215.0
146.0 197.0
59.0 176.0
42.0 195.0
160.0 75.0
154.0 189.0
148.0 90.0
102.0 67.0
129.0 252.0
28.0 121.0
186.0 106.0
185.0 139.0
221.0 77.0
70.0 146.0
60.0 115.0
98.0 240.0
213.0 33.0
142.0 124.0
70.0 159.0
153.0 119.0
79.0 133.0
238.0 108.0
32.0 110.0
66.0 113.0
135.0 44.0
111.0 48.0
125.0 193.0
209.0 18.0
219.0 157.0
77.0 22.0
47.0 215.0
120.0 110.0
233.0 148.0
110.0 185.0
126.0 151.0
106.0 154.0
244.0 217.0
133.0 244.0
39.0 168.0
101.0 25.0
204.0 93.0
86.0 143.0
207.0 25.0
125.0 99.0
195.0 200.0
199.0 41.0
48.0 156.0
5.0 232.0
91.0 88.0
38.0 250.0
174.0 121.0
180.0 35.0
196.0 36.0
247.0 184.0
178.0 250.0
18.0 211.0
84.0 169.0
94.0 53.0
130.0 143.0
238.0 198.0
159.0 233.0
171.0 69.0
150.0 135.0
73.0 142.0
137.0 149.0
175.0 106.0
185.0 93.0
47.0 130.0
53.0 222.0
94.0 175.0
136.0 178.0
242.0 59.0
136.0 121.0
203.0 69.0
180.0 219.0
178.0 225.0
239.0 24.0
242.0 81.0
176.0 26.0
183.0 64.0
138.0 33.0
129.0 140.0
31.0 55.0
128.0 114.0
116.0 231.0
126.0 30.0
147.0 44.0
153.0 112.0
178.0 52.0
24.0 24.0
83.0 232.0
245.0 91.0
64.0 20.0
39.0 81.0
43.0 48.0
77.0 88.0
121.0 27.0
225.0 239.0
69.0 138.0
194.0 115.0
225.0 23.0
104.0 49.0
82.0 111.0
194.0 229.0
91.0 225.0
54.0 214.0
107.0 120.0
19.0 124.0
86.0 232.0
163.0 19.0
110.0 173.0
242.0 78.0
216.0 165.0
98.0 212.0
11.0 13.0
221.0 150.0
111.0 218.0
187.0 179.0
66.0 226.0
228.0 9.0
168.0 233.0
33.0 61.0
172.0 206.0
204.0 249.0
208.0 174.0
46.0 195.0
28.0 47.0
249.0 82.0
29.0 137.0
47.0 202.0
251.0 62.0
233.0 19.0
237.0 9.0
40.0 177.0
58.0 246.0
130.0 185.0
217.0 159.0
36.0 36.0
184.0 101.0
236.0 131.0
112.0 15.0
46.0 180.0
103.0 146.0
118.0 256.0
225.0 212.0
143.0 99.0
239.0 43.0
161.0 230.0
166.0 86.0
180.0 32.0
227.0 189.0
144.0 55.0
164.0 240.0
86.0 51.0
152.0 124.0
133.0 97.0
129.0 250.0
55.0 226.0
132.0 193.0
153.0 14.0
134.0 141.0
71.0 205.0
70.0 5.0
196.0 164.0
142.0 30.0
83.0 116.0
26.0 150.0
231.0 138.0
147.0 36.0
248.0 148.0
39.0 222.0
92.0 56.0
83.0 97.0
95.0 187.0
14.0 81.0
63.0 214.0
111.0 76.0
242.0 149.0
88.0 202.0
129.0 232.0
214.0 248.0
31.0 116.0
72.0 226.0
180.0 93.0
134.0 86.0
236.0 148.0
99.0 115.0
92.0 153.0
137.0 189.0
174.0 173.0
97.0 24.0
48.0 43.0
130.0 242.0
134.0 47.0
243.0 249.0
219.0 45.0
68.0 133.0
219.0 174.0
230.0 167.0
192.0 128.0
253.0 84.0
10.0 67.0
242.0 233.0
252.0 193.0
157.0 212.0
134.0 225.0
34.0 224.0
156.0 204.0
130.0 84.0
148.0 171.0
185.0 50.0
33.0 77.0
144.0 210.0
99.0 72.0
212.0 50.0
252.0 169.0
160.0 28.0
126.0 37.0
140.0 119.0
178.0 45.0
52.0 85.0
251.0 221.0
135.0 44.0
141.0 75.0
133.0 201.0
216.0 113.0
118.0 196.0
47.0 73.0
224.0 76.0
240.0 142.0
193.0 184.0
214.0 21.0
138.0 145.0
96.0 210.0
58.0 84.0
57.0 64.0
138.0 114.0
98.0 38.0
209.0 158.0
48.0 119.0
76.0 237.0
137.0 191.0
153.0 145.0
8.0 225.0
51.0 44.0
172.0 168.0
154.0 30.0
160.0 29.0
188.0 55.0
233.0 181.0
226.0 142.0
26.0 252.0
219.0 165.0
127.0 231.0
181.0 231.0
85.0 45.0
180.0 71.0
198.0 127.0
162.0 126.0
24.0 75.0
155.0 73.0
245.0 66.0
229.0 115.0
254.0 249.0
145.0 173.0
250.0 145.0
177.0 155.0
8.0 171.0
213.0 76.0
44.0 178.0
178.0 68.0
206.0 230.0
43.0 211.0
12.0 197.0
123.0 57.0
172.0 186.0
232.0 165.0
221.0 39.0
67.0 192.0
87.0 111.0
15.0 141.0
122.0 67.0
115.0 10.0
68.0 111.0
239.0 61.0
141.0 254.0
138.0 38.0
227.0 135.0
239.0 215.0
119.0 156.0
227.0 202.0
95.0 47.0
227.0 47.0
140.0 238.0
176.0 162.0
33.0 75.0
96.0 231.0
173.0 91.0
242.0 22.0
23.0 247.0
223.0 140.0
155.0 248.0
168.0 235.0
172.0 201.0
174.0 106.0
97.0 144.0
224.0 99.0
111.0 251.0
193.0 67.0
150.0 187.0
31.0 226.0
99.0 56.0
56.0 7.0
194.0 210.0
134.0 112.0
24.0 62.0
243.0 42.0
119.0 17.0
134.0 139.0
120.0 41.0
191.0 36.0
156.0 106.0
32.0 210.0
58.0 147.0
139.0 123.0
132.0 189.0
162.0 62.0
29.0 80.0
56.0 248.0
29.0 171.0
74.0 204.0
181.0 253.0
138.0 120.0
218.0 165.0
12.0 35.0
62.0 79.0
161.0 201.0
243.0 198.0
82.0 94.0
147.0 12.0
136.0 70.0
36.0 240.0
24.0 228.0
148.0 204.0
87.0 102.0
191.0 150.0
169.0 152.0
150.0 149.0
113.0 20.0
135.0 189.0
5.0 175.0
250.0 226.0
98.0 245.0
141.0 215.0
177.0 64.0
65.0 209.0
168.0 136.0
242.0 199.0
89.0 84.0
229.0 174.0
75.0 13.0
197.0 159.0
190.0 151.0
236.0 127.0
81.0 95.0
152.0 155.0
129.0 194.0
56.0 44.0
245.0 195.0
74.0 241.0
86.0 116.0
77.0 104.0
227.0 81.0
148.0 196.0
191.0 203.0
71.0 92.0
238.0 119.0
188.0 207.0
174.0 147.0
248.0 24.0
16.0 59.0
254.0 112.0
71.0 16.0
60.0 156.0
192.0 98.0
56.0 70.0
142.0 65.0
125.0 227.0
171.0 121.0
38.0 46.0
144.0 35.0
129.0 82.0
183.0 181.0
14.0 225.0
40.0 12.0
97.0 48.0
61.0 163.0
235.0 248.0
37.0 31.0
162.0 168.0
212.0 215.0
241.0 118.0
111.0 241.0
178.0 196.0
78.0 87.0
175.0 168.0
83.0 67.0
86.0 205.0
254.0 236.0
100.0 223.0
168.0 191.0
155.0 193.0
121.0 103.0
37.0 67.0
111.0 248.0
182.0 65.0
125.0 155.0
31.0 90.0
27.0 132.0
88.0 115.0
88.0 80.0
150.0 245.0
56.0 249.0
233.0 112.0
147.0 17.0
33.0 201.0
17.0 127.0
95.0 157.0
225.0 189.0
118.0 35.0
100.0 213.0
211.0 152.0
144.0 62.0
170.0 137.0
44.0 52.0
197.0 255.0
12.0 153.0
244.0 142.0
150.0 146.0
46.0 226.0
244.0 115.0
177.0 68.0
223.0 178.0
251.0 10.0
120.0 254.0
37.0 16.0
132.0 179.0
203.0 194.0
228.0 20.0
100.0 34.0
56.0 63.0
172.0 204.0
182.0 208.0
13.0 65.0
74.0 108.0
57.0 139.0
225.0 149.0
14.0 61.0
199.0 22.0
222.0 94.0
123.0 67.0
69.0 163.0
20.0 10.0
96.0 92.0
182.0 217.0
58.0 75.0
23.0 132.0
120.0 40.0
52.0 179.0
160.0 229.0
11.0 175.0
190.0 42.0
170.0 167.0
7.0 144.0
238.0 80.0
209.0 195.0
223.0 249.0
48.0 104.0
105.0 96.0
150.0 44.0
254.0 104.0
187.0 255.0
90.0 45.0
186.0 241.0
49.0 172.0
115.0 18.0
233.0 10.0
124.0 118.0
155.0 68.0
186.0 185.0
109.0 168.0
137.0 214.0
186.0 193.0
226.0 88.0
106.0 27.0
44.0 212.0
252.0 77.0
130.0 169.0
179.0 69.0
154.0 102.0
176.0 145.0
160.0 153.0
187.0 47.0
137.0 229.0
112.0 23.0
17.0 121.0
167.0 176.0
241.0 64.0
153.0 221.0
114.0 158.0
225.0 252.0
244.0 129.0
125.0 115.0
128.0 190.0
105.0 127.0
47.0 144.0
113.0 77.0
255.0 108.0
105.0 158.0
215.0 69.0
166.0 127.0
237.0 109.0
202.0 222.0
166.0 107.0
242.0 247.0
93.0 69.0
252.0 231.0
94.0 122.0
83.0 220.0
133.0 119.0
154.0 200.0
232.0 35.0
68.0 115.0
162.0 14.0
104.0 67.0
145.0 70.0
253.0 69.0
218.0 203.0
33.0 68.0
91.0 41.0
154.0 200.0
14.0 192.0
155.0 121.0
164.0 224.0
188.0 60.0
151.0 116.0
210.0 249.0
23.0 246.0
128.0 251.0
31.0 89.0
39.0 19.0
123.0 87.0
215.0 44.0
62.0 11.0
122.0 37.0
49.0 93.0
13.0 173.0
45.0 183.0
197.0 172.0
111.0 78.0
207.0 149.0
93.0 94.0
84.0 121.0
22.0 223.0
116.0 231.0
12.0 31.0
99.0 194.0
102.0 45.0
144.0 168.0
210.0 115.0
169.0 171.0
54.0 155.0
235.0 102.0
24.0 147.0
28.0 151.0
25.0 115.0
215.0 248.0
133.0 151.0
138.0 225.0
237.0 43.0
179.0 217.0
102.0 205.0
170.0 111.0
146.0 101.0
249.0 143.0
28.0 226.0
207.0 153.0
190.0 222.0
107.0 176.0
71.0 53.0
35.0 255.0
29.0 209.0
197.0 38.0
52.0 222.0
112.0 178.0
165.0 89.0
159.0 213.0
244.0 41.0
169.0 52.0
32.0 76.0
193.0 172.0
179.0 110.0
223.0 213.0
213.0 39.0
169.0 247.0
169.0 149.0
198.0 14.0
141.0 98.0
151.0 34.0
103.0 250.0
247.0 244.0
161.0 205.0
178.0 212.0
184.0 203.0
164.0 227.0
98.0 99.0
202.0 119.0
207.0 241.0
233.0 50.0
159.0 25.0
28.0 242.0
34.0 121.0
192.0 228.0
106.0 40.0
180.0 242.0
90.0 98.0
125.0 222.0
29.0 108.0
245.0 121.0
65.0 252.0
212.0 176.0
94.0 39.0
166.0 174.0
150.0 222.0
156.0 240.0
187.0 180.0
248.0 87.0
208.0 7.0
237.0 102.0
22.0 233.0
108.0 81.0
242.0 210.0
24.0 128.0
124.0 65.0
115.0 175.0
41.0 67.0
217.0 198.0
42.0 154.0
241.0 24.0
135.0 196.0
157.0 151.0
190.0 9.0
171.0 119.0
161.0 125.0
197.0 187.0
172.0 224.0
73.0 36.0
50.0 29.0
19.0 100.0
209.0 41.0
127.0 92.0
116.0 246.0
34.0 252.0
78.0 12.0
196.0 252.0
233.0 7.0
246.0 114.0
140.0 172.0
36.0 233.0
149.0 217.0
189.0 26.0
132.0 84.0
131.0 92.0
126.0 163.0
81.0 72.0
55.0 125.0
63.0 249.0
255.0 30.0
64.0 137.0
58.0 155.0
21.0 22.0
61.0 124.0
134.0 71.0
189.0 163.0
73.0 71.0
53.0 123.0
173.0 78.0
124.0 56.0
103.0 125.0
53.0 40.0
186.0 175.0
36.0 190.0
5.0 91.0
223.0 218.0
107.0 137.0
160.0 14.0
21.0 223.0
129.0 47.0
81.0 11.0
24.0 210.0
105.0 175.0
243.0 202.0
67.0 125.0
122.0 233.0
182.0 79.0
235.0 81.0
156.0 159.0
237.0 56.0
175.0 39.0
203.0 73.0
218.0 195.0
232.0 67.0
178.0 145.0
197.0 222.0
252.0 113.0
216.0 204.0
158.0 141.0
171.0 224.0
87.0 192.0
186.0 215.0
33.0 131.0
247.0 114.0
20.0 55.0
56.0 153.0
42.0 168.0
135.0 244.0
52.0 84.0
151.0 12.0
243.0 139.0
121.0 206.0
64.0 176.0
78.0 100.0
50.0 54.0
230.0 67.0
106.0 205.0
90.0 22.0
144.0 99.0
194.0 32.0
113.0 87.0
55.0 191.0
174.0 103.0
71.0 173.0
222.0 55.0
163.0 177.0
91.0 32.0
210.0 79.0
40.0 20.0
7.0 84.0
251.0 132.0
101.0 98.0
249.0 163.0
152.0 14.0
181.0 111.0
54.0 207.0
170.0 97.0
55.0 67.0
96.0 202.0
34.0 11.0
147.0 14.0
243.0 183.0
73.0 41.0
79.0 119.0
161.0 165.0
90.0 245.0
229.0 155.0
103.0 106.0
7.0 46.0
89.0 50.0
81.0 11.0
32.0 164.0
190.0 192.0
248.0 34.0
128.0 207.0
108.0 41.0
155.0 184.0
199.0 103.0
118.0 187.0
242.0 192.0
217.0 229.0
206.0 229.0
62.0 118.0
47.0 215.0
70.0 227.0
133.0 155.0
164.0 38.0
166.0 229.0
32.0 172.0
38.0 112.0
241.0 160.0
42.0 80.0
84.0 10.0
14.0 139.0
81.0 209.0
219.0 198.0
155.0 102.0
128.0 157.0
23.0 154.0
88.0 41.0
193.0 148.0
110.0 182.0
224.0 223.0
176.0 216.0
8.0 184.0
154.0 7.0
170.0 70.0
108.0 148.0
132.0 85.0
207.0 23.0
104.0 228.0
137.0 206.0
185.0 112.0
127.0 44.0
196.0 193.0
77.0 113.0
47.0 216.0
66.0 226.0
140.0 67.0
59.0 63.0
251.0 145.0
242.0 14.0
248.0 80.0
199.0 132.0
209.0 56.0
178.0 196.0
203.0 159.0
84.0 136.0
136.0 181.0
60.0 204.0
71.0 125.0
159.0 31.0
60.0 234.0
96.0 38.0
224.0 192.0
200.0 20.0
58.0 153.0
221.0 196.0
20.0 125.0
177.0 202.0
43.0 43.0
60.0 204.0
131.0 132.0
203.0 165.0
43.0 239.0
243.0 170.0
146.0 216.0
131.0 133.0
31.0 57.0
210.0 198.0
74.0 24.0
223.0 49.0
233.0 143.0
132.0 35.0
92.0 90.0
233.0 222.0
26.0 51.0
79.0 121.0
228.0 145.0
57.0 148.0
13.0 152.0
38.0 107.0
35.0 28.0
35.0 163.0
218.0 253.0
180.0 9.0
164.0 180.0
83.0 245.0
207.0 63.0
242.0 108.0
226.0 247.0
227.0 160.0
65.0 132.0
139.0 221.0
17.0 240.0
214.0 24.0
72.0 118.0
204.0 223.0
55.0 71.0
18.0 175.0
208.0 26.0
144.0 179.0
220.0 160.0
179.0 245.0
126.0 35.0
148.0 236.0
202.0 145.0
54.0 15.0
192.0 52.0
195.0 128.0
63.0 156.0
111.0 229.0
13.0 89.0
255.0 190.0
92.0 226.0
175.0 209.0
253.0 119.0
200.0 232.0
46.0 243.0
200.0 148.0
204.0 14.0
119.0 161.0
161.0 34.0
227.0 220.0
156.0 205.0
87.0 234.0
66.0 4.0
153.0 128.0
246.0 192.0
60.0 51.0
197.0 159.0
161.0 196.0
121.0 242.0
18.0 167.0
139.0 157.0
224.0 172.0
82.0 203.0
210.0 210.0
216.0 32.0
246.0 58.0
31.0 28.0
146.0 124.0
220.0 173.0
54.0 150.0
164.0 131.0
196.0 135.0
187.0 223.0
35.0 128.0
216.0 223.0
183.0 120.0
41.0 239.0
75.0 77.0
169.0 225.0
104.0 200.0
37.0 32.0
194.0 81.0
57.0 155.0
50.0 222.0
63.0 247.0
211.0 232.0
227.0 104.0
39.0 228.0
245.0 142.0
109.0 213.0
150.0 177.0
56.0 39.0
187.0 112.0
173.0 68.0
253.0 27.0
216.0 106.0
223.0 118.0
82.0 15.0
13.0 98.0
174.0 224.0
74.0 163.0
33.0 206.0
69.0 225.0
133.0 227.0
29.0 163.0
60.0 52.0
128.0 174.0
111.0 86.0
252.0 80.0
134.0 217.0
96.0 50.0
50.0 230.0
136.0 239.0
209.0 181.0
43.0 152.0
188.0 240.0
35.0 142.0
52.0 238.0
109.0 180.0
27.0 62.0
13.0 214.0
21.0 46.0
21.0 146.0
49.0 63.0
12.0 56.0
123.0 129.0
45.0 140.0
41.0 104.0
17.0 104.0
10.0 164.0
26.0 55.0
163.0 232.0
114.0 82.0
29.0 221.0
141.0 143.0
135.0 105.0
96.0 86.0
194.0 56.0
236.0 57.0
150.0 62.0
195.0 222.0
203.0 95.0
116.0 220.0
165.0 173.0
73.0 116.0
158.0 210.0
167.0 158.0
170.0 160.0
236.0 233.0
45.0 202.0
186.0 190.0
81.0 89.0
205.0 79.0
182.0 78.0
58.0 62.0
116.0 143.0
72.0 191.0
192.0 21.0
115.0 185.0
35.0 183.0
93.0 19.0
163.0 159.0
105.0 90.0
131.0 158.0
181.0 116.0
113.0 43.0
104.0 216.0
55.0 15.0
138.0 177.0
117.0 144.0
253.0 175.0
175.0 236.0
67.0 172.0
6.0 75.0
227.0 90.0
11.0 121.0
42.0 80.0
230.0 101.0
17.0 166.0
170.0 188.0
169.0 173.0
20.0 83.0
183.0 96.0
166.0 73.0
169.0 209.0
239.0 246.0
173.0 184.0
190.0 66.0
109.0 140.0
21.0 118.0
118.0 49.0
34.0 110.0
161.0 229.0
104.0 30.0
205.0 57.0
224.0 207.0
235.0 197.0
190.0 50.0
250.0 99.0
38.0 56.0
158.0 13.0
9.0 251.0
108.0 57.0
251.0 58.0
232.0 242.0
167.0 110.0
51.0 149.0
250.0 84.0
69.0 252.0
171.0 27.0
216.0 203.0
128.0 90.0
60.0 229.0
22.0 237.0
17.0 50.0
167.0 14.0
142.0 102.0
208.0 51.0
131.0 118.0
32.0 7.0
177.0 213.0
28.0 16.0
215.0 124.0
91.0 195.0
119.0 176.0
73.0 164.0
180.0 221.0
230.0 33.0
91.0 240.0
255.0 149.0
183.0 251.0
20.0 180.0
191.0 69.0
41.0 244.0
207.0 202.0
141.0 242.0
234.0 39.0
207.0 240.0
96.0 10.0
147.0 235.0
253.0 209.0
34.0 163.0
168.0 81.0
236.0 219.0
127.0 30.0
57.0 176.0
39.0 142.0
137.0 134.0
5.0 16.0
231.0 42.0
39.0 71.0
222.0 29.0
116.0 132.0
159.0 20.0
64.0 63.0
246.0 41.0
85.0 133.0
245.0 76.0
40.0 256.0
66.0 238.0
178.0 153.0
138.0 13.0
68.0 205.0
227.0 201.0
27.0 207.0
128.0 180.0
171.0 79.0
55.0 5.0
35.0 225.0
52.0 103.0
238.0 167.0
72.0 170.0
28.0 235.0
179.0 182.0
56.0 146.0
197.0 244.0
68.0 69.0
97.0 63.0
47.0 152.0
36.0 136.0
32.0 235.0
58.0 85.0
96.0 87.0
160.0 75.0
72.0 52.0
126.0 150.0
75.0 9.0
11.0 46.0
124.0 208.0
225.0 155.0
208.0 240.0
32.0 121.0
34.0 74.0
12.0 103.0
141.0 61.0
178.0 28.0
233.0 185.0
178.0 42.0
97.0 130.0
149.0 86.0
20.0 6.0
26.0 164.0
232.0 239.0
247.0 145.0
156.0 73.0
16.0 240.0
96.0 28.0
227.0 156.0
77.0 199.0
66.0 206.0
20.0 56.0
247.0 209.0
136.0 56.0
65.0 100.0
102.0 70.0
70.0 229.0
237.0 50.0
174.0 141.0
163.0 124.0
126.0 145.0
250.0 87.0
49.0 153.0
13.0 170.0
67.0 185.0
59.0 133.0
129.0 150.0
194.0 226.0
173.0 180.0
134.0 162.0
90.0 247.0
40.0 22.0
22.0 225.0
248.0 140.0
103.0 237.0
212.0 226.0
247.0 93.0
228.0 167.0
19.0 249.0
47.0 146.0
46.0 26.0
71.0 138.0
114.0 76.0
130.0 20.0
65.0 16.0
122.0 52.0
244.0 64.0
194.0 10.0
246.0 212.0
100.0 129.0
68.0 189.0
237.0 59.0
64.0 70.0
195.0 41.0
185.0 196.0
188.0 193.0
239.0 129.0
14.0 199.0
81.0 165.0
86.0 181.0
63.0 33.0
78.0 180.0
11.0 147.0
42.0 137.0
227.0 181.0
205.0 189.0
149.0 219.0
185.0 254.0
246.0 104.0
162.0 174.0
209.0 116.0
182.0 197.0
136.0 245.0
213.0 212.0
92.0 40.0
