1
2048 1 3.0 0.0 1000.0 3 160 240 100

6.5 13.5 29.3 58.5
13.0 27.0 58.5 117.0
19.5 40.5 87.8 175.5
26.0 54.0 117.0 234.0
39.0 81.0 175.5 351.0
52.0 108.0 234.0 468.0
58.5 121.5 263.3 526.5
65.0 135.0 292.5 585.0
78.0 162.0 351.0 702.0
0.0 180.0 390.0 780.0

2.0 5.0 8.0 11.0
5.0 8.0 11.0 14.0
9.0 12.0 15.0 18.0
11.0 14.0 17.0 20.0
15.0 18.0 21.0 24.0
18.0 21.0 24.0 27.0
20.0 23.0 26.0 29.0
25.0 28.0 31.0 34.0
29.0 32.0 35.0 38.0
0.0 34.0 37.0 40.0

70.0 25.0
47.0 147.0
9.0 63.0
215.0 102.0
45.0 158.0
126.0 138.0
54.0 141.0
196.0 247.0
190.0 18.0
8.0 122.0
25.0 105.0
231.0 175.0
10.0 55.0
48.0 171.0
198.0 161.0
174.0 5.0
222.0 131.0
118.0 220.0
89.0 87.0
164.0 193.0
157.0 105.0
86.0 187.0
246.0 174.0
205.0 76.0
106.0 24.0
167.0 88.0
72.0 65.0
187.0 217.0
15.0 21.0
9.0 34.0
33.0 121.0
196.0 193.0
124.0 57.0
142.0 210.0
145.0 195.0
13.0 192.0
198.0 127.0
172.0 237.0
101.0 177.0
150.0 35.0
214.0 61.0
83.0 28.0
170.0 203.0
78.0 25.0
127.0 32.0
32.0 16.0
244.0 129.0
248.0 209.0
101.0 169.0
4.0 130.0
153.0 172.0
37.0 221.0
64.0 119.0
216.0 138.0
124.0 68.0
6.0 44.0
233.0 214.0
119.0 246.0
17.0 142.0
70.0 87.0
208.0 97.0
160.0 61.0
197.0 148.0
237.0 199.0
38.0 187.0
135.0 57.0
185.0 21.0
4.0 238.0
107.0 118.0
56.0 156.0
198.0 149.0
77.0 80.0
239.0 7.0
108.0 67.0
217.0 57.0
246.0 181.0
128.0 201.0
114.0 233.0
192.0 111.0
77.0 76.0
231.0 103.0
107.0 40.0
23.0 130.0
25.0 194.0
242.0 224.0
136.0 134.0
185.0 24.0
100.0 97.0
22.0 64.0
198.0 246.0
126.0 91.0
206.0 36.0
119.0 223.0
149.0 134.0
54.0 83.0
39.0 187.0
237.0 92.0
235.0 21.0
1.0 184.0
155.0 201.0
43.0 11.0
108.0 159.0
29.0 9.0
92.0 187.0
183.0 26.0
212.0 137.0
209.0 14.0
174.0 250.0
127.0 100.0
152.0 64.0
244.0 175.0
103.0 222.0
227.0 175.0
183.0 243.0
112.0 82.0
246.0 194.0
102.0 194.0
182.0 224.0
104.0 51.0
208.0 242.0
237.0 214.0
242.0 103.0
137.0 141.0
93.0 200.0
162.0 238.0
245.0 188.0
205.0 207.0
58.0 131.0
86.0 138.0
62.0 166.0
108.0 98.0
48.0 98.0
123.0 37.0
231.0 144.0
72.0 136.0
86.0 123.0
216.0 41.0
4.0 181.0
141.0 247.0
233.0 210.0
148.0 179.0
136.0 199.0
213.0 125.0
104.0 38.0
16.0 191.0
32.0 134.0
100.0 46.0
61.0 237.0
28.0 25.0
137.0 218.0
229.0 208.0
202.0 72.0
17.0 181.0
191.0 247.0
115.0 226.0
37.0 210.0
31.0 13.0
222.0 231.0
235.0 162.0
208.0 156.0
138.0 134.0
153.0 35.0
163.0 195.0
135.0 3.0
58.0 22.0
148.0 145.0
107.0 81.0
221.0 124.0
8.0 227.0
71.0 180.0
214.0 13.0
226.0 157.0
122.0 45.0
190.0 26.0
23.0 4.0
198.0 196.0
90.0 22.0
241.0 216.0
185.0 181.0
75.0 20.0
123.0 186.0
227.0 187.0
80.0 104.0
101.0 22.0
125.0 111.0
90.0 26.0
208.0 238.0
150.0 193.0
204.0 205.0
117.0 95.0
219.0 202.0
119.0 38.0
134.0 78.0
212.0 150.0
216.0 174.0
238.0 52.0
155.0 136.0
154.0 83.0
210.0 74.0
188.0 134.0
230.0 14.0
226.0 161.0
83.0 150.0
136.0 62.0
135.0 215.0
74.0 133.0
206.0 90.0
85.0 140.0
3.0 106.0
190.0 96.0
78.0 40.0
138.0 174.0
208.0 115.0
128.0 214.0
103.0 150.0
75.0 114.0
204.0 30.0
85.0 205.0
141.0 24.0
97.0 21.0
193.0 3.0
224.0 185.0
212.0 194.0
130.0 205.0
5.0 158.0
105.0 14.0
208.0 5.0
46.0 183.0
64.0 152.0
117.0 15.0
6.0 18.0
199.0 67.0
56.0 83.0
11.0 190.0
106.0 78.0
127.0 10.0
183.0 116.0
178.0 57.0
158.0 151.0
57.0 93.0
123.0 196.0
47.0 233.0
12.0 70.0
91.0 13.0
77.0 226.0
212.0 142.0
164.0 54.0
195.0 211.0
21.0 89.0
177.0 218.0
220.0 137.0
104.0 61.0
39.0 134.0
95.0 231.0
10.0 119.0
43.0 237.0
120.0 6.0
116.0 109.0
220.0 175.0
115.0 147.0
32.0 184.0
225.0 133.0
167.0 240.0
244.0 46.0
161.0 120.0
195.0 128.0
97.0 46.0
43.0 212.0
170.0 85.0
31.0 31.0
133.0 193.0
240.0 54.0
134.0 112.0
23.0 194.0
233.0 113.0
20.0 33.0
242.0 152.0
45.0 74.0
53.0 76.0
179.0 13.0
218.0 69.0
216.0 163.0
77.0 87.0
198.0 175.0
68.0 107.0
43.0 34.0
141.0 68.0
124.0 114.0
36.0 191.0
192.0 146.0
228.0 192.0
122.0 250.0
151.0 197.0
237.0 15.0
163.0 244.0
84.0 162.0
218.0 63.0
27.0 128.0
74.0 138.0
160.0 246.0
155.0 116.0
42.0 237.0
247.0 206.0
99.0 50.0
30.0 237.0
115.0 149.0
6.0 153.0
3.0 165.0
185.0 248.0
143.0 127.0
236.0 25.0
146.0 61.0
67.0 129.0
158.0 58.0
178.0 90.0
214.0 222.0
138.0 216.0
140.0 220.0
119.0 247.0
98.0 221.0
2.0 225.0
198.0 68.0
97.0 81.0
110.0 106.0
106.0 1.0
236.0 126.0
15.0 209.0
7.0 217.0
156.0 105.0
230.0 132.0
9.0 14.0
186.0 62.0
107.0 115.0
6.0 58.0
226.0 172.0
185.0 131.0
123.0 23.0
115.0 123.0
111.0 70.0
112.0 20.0
110.0 92.0
217.0 177.0
97.0 11.0
115.0 234.0
212.0 56.0
61.0 86.0
65.0 70.0
44.0 54.0
139.0 39.0
215.0 239.0
194.0 222.0
156.0 90.0
201.0 59.0
162.0 46.0
86.0 137.0
243.0 139.0
179.0 3.0
123.0 66.0
38.0 237.0
76.0 230.0
151.0 189.0
9.0 128.0
78.0 171.0
6.0 229.0
150.0 146.0
102.0 73.0
156.0 57.0
138.0 128.0
34.0 235.0
103.0 247.0
96.0 135.0
163.0 144.0
187.0 234.0
174.0 110.0
198.0 194.0
4.0 0.0
176.0 15.0
85.0 100.0
111.0 153.0
134.0 22.0
244.0 189.0
109.0 113.0
103.0 174.0
197.0 159.0
8.0 87.0
28.0 230.0
95.0 172.0
52.0 79.0
246.0 208.0
124.0 72.0
98.0 107.0
127.0 182.0
133.0 14.0
43.0 145.0
163.0 184.0
191.0 188.0
67.0 183.0
142.0 61.0
236.0 67.0
183.0 146.0
202.0 204.0
198.0 5.0
26.0 16.0
215.0 14.0
61.0 195.0
117.0 75.0
19.0 33.0
132.0 168.0
108.0 50.0
243.0 118.0
17.0 177.0
237.0 217.0
158.0 64.0
169.0 188.0
67.0 145.0
85.0 14.0
236.0 141.0
155.0 2.0
166.0 18.0
185.0 213.0
28.0 217.0
34.0 16.0
107.0 23.0
22.0 19.0
32.0 32.0
242.0 3.0
97.0 209.0
238.0 249.0
49.0 109.0
73.0 247.0
23.0 144.0
132.0 67.0
127.0 79.0
63.0 236.0
233.0 21.0
71.0 42.0
92.0 218.0
98.0 231.0
219.0 38.0
215.0 133.0
32.0 82.0
152.0 76.0
65.0 181.0
162.0 232.0
119.0 95.0
4.0 134.0
43.0 41.0
145.0 146.0
137.0 245.0
68.0 221.0
233.0 27.0
162.0 138.0
91.0 227.0
222.0 157.0
28.0 113.0
147.0 152.0
30.0 196.0
241.0 67.0
172.0 235.0
80.0 93.0
193.0 217.0
227.0 57.0
185.0 218.0
137.0 49.0
125.0 71.0
146.0 135.0
65.0 106.0
26.0 71.0
114.0 20.0
113.0 248.0
125.0 19.0
121.0 132.0
99.0 160.0
31.0 77.0
114.0 164.0
22.0 149.0
147.0 249.0
229.0 195.0
224.0 128.0
165.0 194.0
150.0 114.0
207.0 230.0
120.0 67.0
117.0 9.0
97.0 35.0
125.0 138.0
119.0 180.0
163.0 203.0
59.0 214.0
154.0 240.0
130.0 81.0
75.0 21.0
5.0 209.0
67.0 116.0
3.0 207.0
183.0 29.0
72.0 211.0
191.0 0.0
137.0 118.0
120.0 129.0
179.0 37.0
106.0 57.0
239.0 85.0
118.0 239.0
86.0 214.0
201.0 141.0
105.0 80.0
238.0 49.0
44.0 25.0
220.0 187.0
37.0 38.0
144.0 202.0
154.0 152.0
177.0 96.0
47.0 28.0
56.0 36.0
51.0 31.0
5.0 241.0
187.0 203.0
5.0 12.0
54.0 47.0
74.0 223.0
170.0 149.0
18.0 205.0
146.0 196.0
192.0 244.0
114.0 16.0
97.0 219.0
162.0 91.0
228.0 236.0
81.0 47.0
134.0 173.0
59.0 178.0
218.0 101.0
238.0 147.0
120.0 118.0
146.0 48.0
87.0 206.0
56.0 89.0
37.0 8.0
146.0 209.0
112.0 0.0
147.0 12.0
44.0 113.0
217.0 207.0
248.0 121.0
120.0 66.0
102.0 239.0
54.0 206.0
194.0 132.0
89.0 86.0
134.0 131.0
199.0 159.0
69.0 3.0
194.0 171.0
130.0 187.0
187.0 200.0
86.0 213.0
21.0 37.0
39.0 106.0
150.0 122.0
80.0 100.0
46.0 31.0
96.0 98.0
246.0 75.0
35.0 82.0
218.0 164.0
196.0 23.0
59.0 97.0
216.0 128.0
66.0 57.0
200.0 96.0
71.0 120.0
48.0 98.0
202.0 156.0
40.0 23.0
97.0 65.0
107.0 83.0
93.0 107.0
246.0 196.0
53.0 144.0
96.0 112.0
228.0 158.0
35.0 75.0
181.0 16.0
188.0 114.0
59.0 209.0
66.0 129.0
106.0 150.0
115.0 242.0
84.0 151.0
9.0 206.0
105.0 31.0
108.0 206.0
199.0 97.0
24.0 227.0
203.0 80.0
89.0 214.0
202.0 146.0
60.0 45.0
231.0 173.0
217.0 177.0
64.0 57.0
67.0 130.0
217.0 113.0
182.0 18.0
89.0 188.0
17.0 180.0
236.0 202.0
105.0 242.0
107.0 97.0
98.0 43.0
88.0 28.0
185.0 121.0
55.0 172.0
216.0 76.0
187.0 89.0
205.0 130.0
77.0 160.0
161.0 63.0
38.0 137.0
30.0 249.0
23.0 226.0
92.0 62.0
162.0 107.0
215.0 21.0
220.0 168.0
182.0 70.0
112.0 19.0
111.0 224.0
134.0 154.0
78.0 117.0
193.0 217.0
75.0 44.0
55.0 119.0
30.0 172.0
19.0 74.0
174.0 121.0
176.0 188.0
73.0 232.0
20.0 37.0
7.0 87.0
198.0 247.0
137.0 222.0
45.0 138.0
8.0 233.0
71.0 56.0
212.0 79.0
157.0 102.0
123.0 167.0
13.0 248.0
180.0 144.0
25.0 160.0
216.0 99.0
172.0 117.0
211.0 241.0
16.0 208.0
94.0 118.0
61.0 62.0
75.0 66.0
124.0 188.0
28.0 96.0
132.0 47.0
16.0 7.0
104.0 48.0
124.0 85.0
127.0 228.0
40.0 27.0
190.0 178.0
195.0 90.0
72.0 98.0
19.0 230.0
22.0 178.0
245.0 87.0
42.0 42.0
209.0 235.0
155.0 101.0
185.0 158.0
73.0 166.0
81.0 241.0
30.0 31.0
174.0 136.0
86.0 31.0
69.0 143.0
16.0 126.0
192.0 108.0
224.0 167.0
126.0 89.0
179.0 7.0
228.0 175.0
188.0 238.0
204.0 91.0
113.0 106.0
211.0 78.0
236.0 236.0
38.0 77.0
248.0 113.0
52.0 74.0
195.0 76.0
103.0 250.0
228.0 130.0
176.0 184.0
117.0 226.0
128.0 126.0
1.0 175.0
166.0 189.0
208.0 232.0
30.0 141.0
245.0 140.0
154.0 242.0
156.0 29.0
158.0 186.0
247.0 106.0
65.0 236.0
222.0 148.0
207.0 206.0
121.0 106.0
111.0 38.0
230.0 207.0
186.0 227.0
224.0 242.0
139.0 223.0
82.0 52.0
62.0 200.0
170.0 14.0
230.0 177.0
160.0 180.0
209.0 25.0
37.0 236.0
152.0 201.0
5.0 60.0
30.0 137.0
164.0 174.0
54.0 234.0
138.0 237.0
134.0 23.0
159.0 17.0
33.0 72.0
156.0 87.0
182.0 56.0
234.0 76.0
177.0 217.0
216.0 100.0
51.0 1.0
2.0 59.0
233.0 211.0
48.0 69.0
152.0 96.0
102.0 75.0
10.0 101.0
107.0 53.0
74.0 54.0
41.0 218.0
142.0 149.0
245.0 1.0
134.0 133.0
108.0 125.0
102.0 164.0
41.0 140.0
242.0 138.0
5.0 122.0
66.0 76.0
130.0 36.0
189.0 231.0
59.0 84.0
28.0 143.0
199.0 164.0
234.0 178.0
134.0 136.0
22.0 145.0
238.0 146.0
119.0 155.0
139.0 76.0
87.0 202.0
195.0 7.0
141.0 237.0
237.0 128.0
92.0 97.0
149.0 95.0
143.0 197.0
134.0 171.0
60.0 207.0
127.0 13.0
62.0 244.0
80.0 53.0
90.0 195.0
194.0 226.0
151.0 62.0
208.0 123.0
38.0 67.0
189.0 176.0
3.0 43.0
68.0 101.0
42.0 223.0
226.0 63.0
4.0 71.0
8.0 170.0
55.0 141.0
98.0 148.0
87.0 247.0
3.0 152.0
227.0 44.0
198.0 215.0
159.0 172.0
71.0 154.0
38.0 202.0
82.0 55.0
87.0 159.0
149.0 50.0
34.0 222.0
60.0 108.0
101.0 15.0
45.0 190.0
66.0 214.0
175.0 129.0
10.0 249.0
108.0 184.0
128.0 207.0
211.0 15.0
86.0 94.0
222.0 164.0
197.0 178.0
87.0 149.0
4.0 207.0
13.0 133.0
179.0 86.0
25.0 159.0
204.0 191.0
139.0 29.0
100.0 28.0
120.0 196.0
65.0 39.0
33.0 128.0
156.0 137.0
172.0 123.0
243.0 145.0
235.0 171.0
6.0 105.0
166.0 223.0
70.0 246.0
182.0 69.0
179.0 205.0
23.0 73.0
126.0 174.0
73.0 88.0
218.0 181.0
249.0 182.0
113.0 48.0
203.0 111.0
190.0 136.0
99.0 46.0
156.0 14.0
123.0 127.0
185.0 49.0
140.0 219.0
158.0 184.0
8.0 56.0
180.0 24.0
89.0 47.0
74.0 119.0
112.0 38.0
138.0 180.0
34.0 176.0
0.0 14.0
178.0 66.0
231.0 21.0
188.0 213.0
176.0 174.0
182.0 86.0
39.0 189.0
34.0 165.0
47.0 192.0
34.0 181.0
123.0 210.0
236.0 34.0
1.0 171.0
112.0 230.0
88.0 111.0
204.0 190.0
154.0 145.0
9.0 151.0
0.0 38.0
173.0 142.0
72.0 46.0
102.0 113.0
54.0 242.0
180.0 95.0
28.0 118.0
92.0 86.0
99.0 65.0
61.0 157.0
206.0 131.0
118.0 112.0
154.0 46.0
95.0 69.0
189.0 33.0
83.0 160.0
42.0 24.0
166.0 100.0
135.0 165.0
58.0 203.0
5.0 116.0
70.0 210.0
0.0 154.0
154.0 133.0
193.0 191.0
97.0 119.0
188.0 121.0
216.0 141.0
134.0 210.0
6.0 159.0
5.0 71.0
232.0 187.0
74.0 73.0
18.0 21.0
35.0 93.0
71.0 193.0
52.0 82.0
207.0 40.0
77.0 244.0
185.0 67.0
94.0 153.0
162.0 124.0
247.0 246.0
133.0 198.0
140.0 146.0
45.0 217.0
139.0 111.0
79.0 43.0
92.0 201.0
166.0 167.0
164.0 82.0
103.0 175.0
95.0 184.0
206.0 112.0
185.0 4.0
242.0 179.0
191.0 144.0
212.0 34.0
82.0 10.0
93.0 4.0
197.0 129.0
234.0 81.0
121.0 134.0
142.0 166.0
217.0 6.0
235.0 43.0
244.0 240.0
163.0 162.0
125.0 154.0
147.0 112.0
167.0 133.0
80.0 221.0
176.0 150.0
192.0 40.0
150.0 229.0
164.0 30.0
98.0 78.0
110.0 77.0
70.0 162.0
187.0 40.0
50.0 88.0
142.0 64.0
175.0 196.0
154.0 1.0
72.0 77.0
174.0 50.0
132.0 78.0
248.0 72.0
147.0 110.0
139.0 70.0
8.0 195.0
112.0 163.0
2.0 220.0
75.0 189.0
49.0 169.0
75.0 103.0
23.0 208.0
193.0 214.0
139.0 9.0
229.0 36.0
163.0 54.0
99.0 173.0
60.0 197.0
197.0 149.0
209.0 84.0
32.0 205.0
174.0 91.0
1.0 123.0
39.0 9.0
1.0 217.0
164.0 2.0
118.0 167.0
1.0 203.0
189.0 213.0
199.0 87.0
140.0 26.0
19.0 115.0
2.0 130.0
147.0 175.0
126.0 73.0
72.0 168.0
143.0 95.0
221.0 154.0
46.0 122.0
159.0 32.0
78.0 199.0
169.0 38.0
177.0 77.0
131.0 153.0
25.0 181.0
154.0 100.0
90.0 53.0
6.0 138.0
84.0 134.0
166.0 187.0
85.0 80.0
158.0 153.0
140.0 122.0
133.0 88.0
214.0 30.0
234.0 182.0
168.0 68.0
65.0 101.0
19.0 129.0
195.0 41.0
44.0 52.0
135.0 143.0
87.0 193.0
91.0 5.0
17.0 130.0
60.0 60.0
78.0 191.0
200.0 193.0
190.0 62.0
157.0 233.0
77.0 41.0
161.0 64.0
153.0 69.0
202.0 127.0
161.0 233.0
214.0 170.0
134.0 237.0
215.0 151.0
40.0 173.0
188.0 24.0
47.0 204.0
48.0 192.0
164.0 120.0
93.0 218.0
56.0 3.0
150.0 221.0
161.0 86.0
211.0 164.0
42.0 174.0
130.0 78.0
228.0 74.0
46.0 77.0
86.0 39.0
1.0 60.0
116.0 41.0
14.0 88.0
94.0 4.0
225.0 211.0
59.0 192.0
246.0 100.0
203.0 4.0
185.0 150.0
46.0 244.0
134.0 11.0
69.0 242.0
202.0 102.0
52.0 31.0
240.0 194.0
189.0 68.0
243.0 228.0
89.0 78.0
189.0 92.0
106.0 146.0
166.0 141.0
235.0 5.0
185.0 62.0
147.0 15.0
150.0 237.0
226.0 161.0
9.0 93.0
44.0 189.0
176.0 204.0
21.0 88.0
136.0 16.0
85.0 152.0
182.0 91.0
193.0 208.0
87.0 93.0
157.0 133.0
23.0 69.0
25.0 94.0
152.0 98.0
58.0 35.0
102.0 243.0
200.0 210.0
92.0 18.0
207.0 149.0
64.0 153.0
188.0 249.0
216.0 13.0
123.0 4.0
153.0 82.0
220.0 171.0
188.0 230.0
52.0 18.0
130.0 53.0
222.0 97.0
209.0 132.0
110.0 32.0
116.0 128.0
80.0 160.0
174.0 182.0
77.0 134.0
235.0 152.0
113.0 200.0
208.0 44.0
204.0 135.0
184.0 46.0
127.0 177.0
180.0 134.0
176.0 70.0
105.0 41.0
183.0 167.0
88.0 186.0
86.0 101.0
139.0 221.0
192.0 82.0
179.0 180.0
57.0 207.0
18.0 248.0
222.0 228.0
187.0 21.0
140.0 19.0
101.0 149.0
133.0 78.0
59.0 91.0
99.0 183.0
201.0 34.0
178.0 138.0
42.0 42.0
223.0 133.0
87.0 131.0
176.0 21.0
14.0 219.0
32.0 139.0
50.0 248.0
156.0 129.0
175.0 75.0
248.0 4.0
128.0 45.0
75.0 28.0
234.0 211.0
172.0 45.0
153.0 248.0
242.0 186.0
201.0 157.0
72.0 228.0
204.0 163.0
86.0 158.0
174.0 37.0
222.0 75.0
131.0 132.0
122.0 126.0
243.0 217.0
208.0 230.0
239.0 43.0
2.0 148.0
123.0 86.0
133.0 51.0
37.0 31.0
29.0 247.0
165.0 76.0
91.0 106.0
157.0 229.0
247.0 220.0
92.0 63.0
34.0 198.0
74.0 217.0
244.0 33.0
112.0 5.0
161.0 40.0
7.0 15.0
36.0 189.0
11.0 209.0
210.0 213.0
118.0 24.0
161.0 178.0
116.0 97.0
5.0 25.0
140.0 17.0
100.0 148.0
241.0 81.0
163.0 144.0
58.0 74.0
166.0 167.0
9.0 204.0
63.0 148.0
210.0 65.0
217.0 199.0
147.0 137.0
216.0 82.0
200.0 78.0
80.0 173.0
160.0 183.0
150.0 192.0
227.0 151.0
60.0 12.0
235.0 147.0
194.0 167.0
226.0 188.0
156.0 13.0
12.0 206.0
34.0 47.0
180.0 191.0
107.0 184.0
97.0 152.0
157.0 154.0
229.0 167.0
150.0 174.0
186.0 131.0
80.0 180.0
219.0 104.0
112.0 171.0
178.0 250.0
204.0 48.0
42.0 124.0
200.0 140.0
154.0 189.0
209.0 178.0
153.0 198.0
140.0 24.0
95.0 179.0
81.0 39.0
146.0 51.0
10.0 40.0
213.0 230.0
164.0 90.0
2.0 119.0
165.0 191.0
24.0 228.0
110.0 14.0
135.0 190.0
112.0 110.0
29.0 33.0
94.0 94.0
124.0 115.0
227.0 134.0
147.0 197.0
177.0 122.0
238.0 191.0
173.0 208.0
243.0 179.0
194.0 216.0
143.0 113.0
155.0 5.0
167.0 181.0
28.0 153.0
161.0 104.0
130.0 149.0
137.0 234.0
164.0 120.0
198.0 106.0
103.0 134.0
128.0 156.0
133.0 231.0
237.0 163.0
128.0 104.0
113.0 0.0
228.0 206.0
246.0 102.0
144.0 83.0
52.0 136.0
115.0 72.0
143.0 154.0
21.0 55.0
238.0 70.0
214.0 21.0
187.0 137.0
182.0 8.0
138.0 138.0
231.0 47.0
173.0 73.0
192.0 65.0
95.0 202.0
199.0 233.0
47.0 105.0
172.0 89.0
22.0 210.0
178.0 67.0
81.0 115.0
178.0 115.0
204.0 9.0
215.0 166.0
219.0 138.0
157.0 17.0
101.0 24.0
203.0 20.0
229.0 217.0
114.0 246.0
0.0 196.0
14.0 151.0
25.0 65.0
111.0 49.0
170.0 26.0
25.0 34.0
51.0 162.0
229.0 20.0
123.0 129.0
158.0 187.0
84.0 167.0
102.0 120.0
119.0 155.0
79.0 34.0
86.0 2.0
171.0 38.0
28.0 205.0
154.0 165.0
245.0 9.0
13.0 18.0
193.0 123.0
61.0 133.0
57.0 35.0
130.0 25.0
146.0 33.0
164.0 152.0
85.0 75.0
74.0 129.0
69.0 250.0
42.0 68.0
30.0 104.0
27.0 227.0
119.0 185.0
26.0 242.0
214.0 217.0
213.0 236.0
240.0 124.0
145.0 206.0
128.0 200.0
22.0 118.0
90.0 6.0
81.0 219.0
146.0 170.0
213.0 132.0
211.0 65.0
28.0 113.0
53.0 135.0
77.0 167.0
56.0 233.0
68.0 27.0
233.0 128.0
184.0 49.0
15.0 151.0
190.0 183.0
178.0 18.0
83.0 180.0
41.0 184.0
83.0 59.0
157.0 130.0
96.0 149.0
32.0 62.0
77.0 84.0
199.0 55.0
54.0 186.0
67.0 4.0
96.0 4.0
244.0 13.0
130.0 72.0
129.0 232.0
14.0 7.0
100.0 154.0
126.0 152.0
204.0 221.0
30.0 12.0
78.0 170.0
85.0 53.0
105.0 69.0
186.0 238.0
175.0 90.0
126.0 1.0
172.0 124.0
158.0 164.0
187.0 132.0
99.0 99.0
204.0 225.0
192.0 37.0
122.0 244.0
201.0 197.0
7.0 195.0
59.0 10.0
39.0 201.0
183.0 229.0
186.0 198.0
157.0 81.0
193.0 141.0
4.0 138.0
42.0 105.0
135.0 167.0
99.0 153.0
73.0 23.0
218.0 224.0
157.0 219.0
157.0 60.0
201.0 117.0
200.0 28.0
194.0 232.0
197.0 250.0
133.0 240.0
66.0 5.0
205.0 39.0
79.0 201.0
37.0 89.0
95.0 8.0
92.0 5.0
215.0 63.0
80.0 243.0
113.0 227.0
53.0 249.0
155.0 170.0
209.0 11.0
206.0 150.0
194.0 24.0
80.0 117.0
18.0 241.0
175.0 158.0
53.0 119.0
119.0 20.0
66.0 230.0
99.0 109.0
133.0 168.0
72.0 84.0
37.0 87.0
143.0 48.0
84.0 236.0
202.0 108.0
102.0 196.0
225.0 159.0
154.0 62.0
194.0 48.0
117.0 144.0
179.0 97.0
38.0 73.0
164.0 16.0
28.0 233.0
23.0 59.0
247.0 57.0
106.0 84.0
106.0 216.0
227.0 233.0
120.0 116.0
128.0 31.0
149.0 119.0
86.0 240.0
109.0 13.0
121.0 141.0
2.0 31.0
87.0 202.0
210.0 60.0
233.0 191.0
53.0 233.0
141.0 53.0
162.0 149.0
10.0 245.0
47.0 47.0
50.0 224.0
42.0 65.0
100.0 139.0
117.0 17.0
94.0 76.0
133.0 204.0
124.0 14.0
142.0 66.0
99.0 205.0
185.0 67.0
107.0 45.0
70.0 240.0
131.0 241.0
199.0 160.0
79.0 226.0
65.0 162.0
166.0 21.0
100.0 167.0
230.0 86.0
122.0 86.0
137.0 13.0
192.0 31.0
247.0 217.0
6.0 165.0
209.0 104.0
247.0 66.0
191.0 240.0
155.0 51.0
177.0 142.0
120.0 210.0
66.0 74.0
164.0 222.0
97.0 98.0
12.0 74.0
176.0 145.0
227.0 144.0
35.0 222.0
246.0 129.0
164.0 151.0
159.0 153.0
56.0 76.0
196.0 179.0
107.0 15.0
135.0 168.0
72.0 61.0
232.0 236.0
34.0 143.0
0.0 134.0
185.0 66.0
63.0 173.0
239.0 122.0
47.0 43.0
141.0 117.0
98.0 29.0
35.0 225.0
122.0 182.0
24.0 144.0
204.0 96.0
51.0 95.0
189.0 211.0
67.0 248.0
236.0 156.0
201.0 3.0
230.0 212.0
196.0 88.0
211.0 246.0
219.0 21.0
99.0 85.0
193.0 17.0
248.0 77.0
106.0 24.0
213.0 147.0
98.0 91.0
165.0 237.0
139.0 114.0
197.0 80.0
227.0 68.0
83.0 36.0
51.0 107.0
114.0 95.0
170.0 42.0
186.0 139.0
16.0 204.0
155.0 186.0
166.0 59.0
246.0 98.0
59.0 224.0
160.0 94.0
211.0 118.0
46.0 164.0
16.0 22.0
96.0 121.0
26.0 160.0
69.0 250.0
179.0 207.0
117.0 156.0
22.0 185.0
92.0 174.0
231.0 61.0
91.0 37.0
126.0 113.0
39.0 58.0
114.0 4.0
194.0 139.0
98.0 17.0
238.0 248.0
202.0 248.0
228.0 41.0
204.0 104.0
194.0 145.0
145.0 12.0
14.0 169.0
144.0 70.0
9.0 61.0
14.0 171.0
241.0 25.0
76.0 198.0
76.0 227.0
132.0 210.0
153.0 131.0
145.0 79.0
160.0 80.0
194.0 123.0
195.0 68.0
118.0 85.0
6.0 209.0
72.0 110.0
234.0 223.0
7.0 206.0
94.0 66.0
174.0 214.0
247.0 139.0
61.0 142.0
159.0 98.0
217.0 20.0
86.0 67.0
247.0 10.0
107.0 141.0
69.0 34.0
206.0 120.0
91.0 54.0
210.0 228.0
6.0 123.0
218.0 137.0
12.0 223.0
183.0 171.0
20.0 140.0
163.0 139.0
20.0 249.0
43.0 45.0
64.0 109.0
102.0 1.0
150.0 93.0
107.0 207.0
88.0 94.0
181.0 215.0
14.0 145.0
14.0 207.0
7.0 129.0
19.0 120.0
93.0 38.0
141.0 240.0
223.0 78.0
52.0 218.0
136.0 213.0
39.0 243.0
65.0 59.0
221.0 214.0
60.0 108.0
14.0 21.0
40.0 54.0
105.0 138.0
201.0 91.0
232.0 30.0
9.0 73.0
150.0 190.0
65.0 18.0
217.0 186.0
159.0 4.0
93.0 169.0
190.0 31.0
117.0 77.0
156.0 30.0
227.0 127.0
242.0 237.0
119.0 204.0
103.0 218.0
126.0 104.0
235.0 133.0
139.0 126.0
167.0 178.0
193.0 85.0
231.0 144.0
142.0 130.0
16.0 153.0
179.0 45.0
158.0 167.0
3.0 60.0
174.0 166.0
22.0 213.0
123.0 238.0
247.0 170.0
188.0 105.0
155.0 172.0
76.0 187.0
65.0 130.0
210.0 116.0
142.0 179.0
227.0 174.0
233.0 66.0
143.0 184.0
18.0 76.0
68.0 218.0
37.0 242.0
204.0 16.0
221.0 160.0
139.0 99.0
105.0 35.0
44.0 115.0
225.0 157.0
156.0 6.0
6.0 52.0
41.0 165.0
11.0 144.0
130.0 59.0
243.0 28.0
152.0 92.0
238.0 80.0
97.0 75.0
18.0 131.0
182.0 193.0
10.0 41.0
93.0 211.0
142.0 41.0
109.0 195.0
85.0 48.0
237.0 99.0
218.0 187.0
93.0 128.0
182.0 115.0
56.0 106.0
213.0 3.0
21.0 126.0
237.0 132.0
176.0 90.0
59.0 101.0
246.0 42.0
244.0 220.0
2.0 27.0
143.0 211.0
114.0 249.0
54.0 170.0
5.0 140.0
71.0 29.0
174.0 245.0
9.0 104.0
10.0 143.0
74.0 93.0
194.0 199.0
32.0 223.0
89.0 237.0
190.0 60.0
91.0 51.0
50.0 23.0
199.0 226.0
85.0 17.0
178.0 51.0
124.0 98.0
180.0 132.0
153.0 190.0
75.0 105.0
167.0 166.0
243.0 180.0
248.0 180.0
181.0 53.0
114.0 178.0
77.0 29.0
205.0 110.0
65.0 17.0
177.0 148.0
189.0 130.0
237.0 44.0
167.0 167.0
61.0 71.0
111.0 76.0
117.0 57.0
167.0 65.0
6.0 60.0
98.0 78.0
2.0 93.0
164.0 178.0
48.0 67.0
186.0 182.0
19.0 218.0
25.0 208.0
101.0 81.0
242.0 116.0
10.0 152.0
40.0 111.0
4.0 157.0
131.0 131.0
38.0 211.0
4.0 161.0
151.0 163.0
115.0 208.0
43.0 17.0
95.0 216.0
76.0 120.0
122.0 25.0
14.0 120.0
186.0 31.0
122.0 10.0
4.0 30.0
62.0 144.0
206.0 11.0
72.0 165.0
158.0 26.0
9.0 90.0
176.0 22.0
104.0 137.0
131.0 120.0
128.0 161.0
48.0 136.0
215.0 143.0
103.0 169.0
146.0 245.0
224.0 192.0
219.0 235.0
93.0 101.0
147.0 177.0
119.0 27.0
209.0 62.0
44.0 232.0
246.0 153.0
158.0 33.0
96.0 93.0
132.0 203.0
160.0 170.0
74.0 141.0
114.0 179.0
205.0 170.0
42.0 122.0
128.0 110.0
150.0 90.0
201.0 107.0
217.0 175.0
134.0 8.0
40.0 135.0
180.0 116.0
189.0 43.0
164.0 4.0
187.0 249.0
105.0 100.0
42.0 41.0
46.0 83.0
149.0 174.0
222.0 189.0
104.0 50.0
48.0 84.0
54.0 100.0
196.0 37.0
25.0 247.0
109.0 165.0
221.0 155.0
98.0 115.0
103.0 1.0
246.0 78.0
120.0 104.0
138.0 124.0
24.0 35.0
16.0 130.0
32.0 141.0
10.0 162.0
111.0 6.0
153.0 208.0
52.0 148.0
226.0 5.0
225.0 98.0
4.0 227.0
42.0 42.0
68.0 141.0
180.0 32.0
149.0 148.0
170.0 92.0
25.0 170.0
64.0 91.0
66.0 178.0
155.0 74.0
91.0 210.0
69.0 62.0
225.0 29.0
100.0 139.0
66.0 166.0
223.0 194.0
233.0 108.0
27.0 29.0
204.0 1.0
140.0 68.0
159.0 21.0
249.0 4.0
112.0 130.0
170.0 243.0
157.0 15.0
199.0 110.0
8.0 54.0
62.0 51.0
17.0 217.0
89.0 163.0
224.0 127.0
30.0 175.0
18.0 72.0
35.0 75.0
63.0 61.0
83.0 133.0
207.0 83.0
3.0 147.0
154.0 56.0
6.0 31.0
233.0 234.0
227.0 197.0
172.0 180.0
107.0 227.0
101.0 225.0
197.0 161.0
39.0 115.0
115.0 22.0
237.0 149.0
112.0 31.0
247.0 156.0
91.0 4.0
218.0 211.0
168.0 10.0
165.0 78.0
242.0 165.0
69.0 150.0
46.0 3.0
216.0 3.0
1.0 182.0
220.0 208.0
242.0 87.0
36.0 137.0
1.0 218.0
27.0 42.0
97.0 52.0
7.0 6.0
79.0 127.0
217.0 187.0
168.0 178.0
17.0 60.0
160.0 192.0
129.0 212.0
48.0 87.0
93.0 29.0
176.0 10.0
141.0 181.0
30.0 73.0
24.0 148.0
125.0 163.0
140.0 48.0
215.0 12.0
92.0 134.0
146.0 34.0
175.0 114.0
218.0 246.0
44.0 23.0
247.0 157.0
161.0 169.0
70.0 56.0
185.0 21.0
50.0 219.0
4.0 187.0
211.0 94.0
200.0 212.0
180.0 89.0
34.0 220.0
186.0 169.0
99.0 22.0
178.0 2.0
116.0 80.0
177.0 235.0
144.0 54.0
57.0 19.0
52.0 229.0
240.0 231.0
146.0 163.0
128.0 146.0
177.0 212.0
128.0 129.0
0.0 166.0
225.0 222.0
237.0 28.0
74.0 75.0
80.0 34.0
199.0 219.0
213.0 69.0
148.0 1.0
129.0 220.0
52.0 65.0
180.0 231.0
80.0 66.0
11.0 224.0
101.0 123.0
105.0 93.0
169.0 79.0
200.0 36.0
31.0 200.0
190.0 30.0
137.0 248.0
138.0 72.0
221.0 200.0
145.0 129.0
78.0 153.0
77.0 235.0
212.0 71.0
12.0 51.0
111.0 55.0
41.0 222.0
203.0 138.0
161.0 191.0
117.0 179.0
18.0 203.0
185.0 231.0
100.0 27.0
179.0 78.0
32.0 247.0
97.0 199.0
195.0 34.0
113.0 217.0
185.0 121.0
133.0 220.0
209.0 23.0
200.0 150.0
78.0 85.0
60.0 2.0
2.0 46.0
6.0 161.0
216.0 59.0
191.0 13.0
44.0 235.0
157.0 244.0
27.0 37.0
125.0 123.0
103.0 197.0
198.0 49.0
117.0 124.0
127.0 16.0
228.0 97.0
162.0 175.0
149.0 72.0
38.0 8.0
163.0 49.0
216.0 171.0
201.0 181.0
73.0 144.0
71.0 195.0
22.0 129.0
245.0 206.0
144.0 196.0
167.0 87.0
178.0 250.0
109.0 128.0
78.0 194.0
169.0 7.0
115.0 239.0
62.0 180.0
100.0 104.0
168.0 101.0
82.0 179.0
127.0 238.0
222.0 40.0
49.0 188.0
82.0 235.0
20.0 214.0
140.0 126.0
95.0 140.0
150.0 77.0
71.0 66.0
39.0 138.0
134.0 185.0

75.0 31.0
51.0 151.0
13.0 68.0
220.0 107.0
50.0 164.0
131.0 143.0
60.0 146.0
202.0 252.0
194.0 23.0
13.0 127.0
30.0 111.0
236.0 180.0
15.0 61.0
52.0 175.0
203.0 166.0
178.0 10.0
226.0 135.0
124.0 225.0
94.0 92.0
168.0 197.0
162.0 110.0
90.0 191.0
251.0 178.0
210.0 81.0
112.0 29.0
172.0 93.0
76.0 69.0
192.0 222.0
20.0 25.0
13.0 39.0
37.0 125.0
201.0 199.0
128.0 63.0
146.0 215.0
150.0 201.0
18.0 197.0
203.0 132.0
177.0 243.0
107.0 181.0
155.0 40.0
219.0 66.0
88.0 32.0
174.0 209.0
84.0 30.0
132.0 37.0
37.0 20.0
250.0 134.0
253.0 214.0
106.0 173.0
10.0 135.0
158.0 177.0
41.0 225.0
70.0 124.0
221.0 144.0
128.0 74.0
11.0 49.0
239.0 219.0
123.0 251.0
22.0 146.0
75.0 93.0
213.0 103.0
165.0 66.0
202.0 154.0
242.0 205.0
43.0 193.0
140.0 61.0
190.0 27.0
10.0 244.0
113.0 123.0
61.0 160.0
202.0 154.0
82.0 85.0
243.0 12.0
112.0 73.0
222.0 62.0
251.0 186.0
133.0 205.0
119.0 237.0
197.0 115.0
83.0 80.0
237.0 109.0
111.0 45.0
28.0 136.0
30.0 199.0
247.0 228.0
141.0 139.0
189.0 30.0
106.0 102.0
27.0 70.0
203.0 251.0
131.0 96.0
212.0 42.0
124.0 229.0
155.0 138.0
59.0 87.0
43.0 192.0
242.0 98.0
239.0 27.0
6.0 189.0
160.0 206.0
48.0 17.0
113.0 164.0
34.0 15.0
98.0 193.0
187.0 31.0
217.0 142.0
214.0 20.0
179.0 255.0
131.0 105.0
157.0 70.0
250.0 179.0
107.0 227.0
233.0 180.0
187.0 249.0
116.0 88.0
250.0 200.0
107.0 199.0
186.0 228.0
109.0 55.0
213.0 248.0
241.0 219.0
247.0 108.0
142.0 147.0
99.0 205.0
168.0 244.0
251.0 193.0
210.0 211.0
63.0 136.0
92.0 144.0
66.0 171.0
114.0 102.0
52.0 103.0
128.0 41.0
237.0 150.0
78.0 141.0
91.0 128.0
222.0 46.0
9.0 186.0
146.0 253.0
238.0 215.0
152.0 183.0
141.0 204.0
217.0 130.0
110.0 42.0
21.0 196.0
38.0 138.0
106.0 51.0
65.0 242.0
34.0 31.0
141.0 222.0
234.0 212.0
207.0 76.0
21.0 187.0
197.0 252.0
120.0 231.0
41.0 216.0
36.0 18.0
227.0 236.0
241.0 167.0
213.0 162.0
143.0 139.0
159.0 41.0
167.0 200.0
140.0 8.0
63.0 26.0
153.0 151.0
111.0 86.0
226.0 130.0
14.0 231.0
76.0 186.0
219.0 18.0
232.0 162.0
126.0 49.0
196.0 32.0
29.0 10.0
202.0 201.0
94.0 27.0
246.0 221.0
190.0 187.0
81.0 25.0
128.0 192.0
232.0 192.0
85.0 109.0
106.0 28.0
129.0 115.0
96.0 31.0
214.0 243.0
155.0 198.0
209.0 209.0
121.0 100.0
224.0 206.0
125.0 42.0
139.0 84.0
216.0 155.0
220.0 178.0
242.0 58.0
160.0 141.0
160.0 89.0
214.0 80.0
192.0 139.0
235.0 19.0
230.0 165.0
89.0 155.0
141.0 67.0
140.0 220.0
80.0 139.0
211.0 95.0
90.0 144.0
8.0 111.0
196.0 101.0
82.0 44.0
142.0 178.0
214.0 119.0
133.0 220.0
107.0 156.0
80.0 118.0
209.0 36.0
90.0 209.0
145.0 29.0
102.0 26.0
197.0 8.0
229.0 189.0
216.0 198.0
136.0 211.0
9.0 164.0
109.0 20.0
214.0 10.0
52.0 188.0
69.0 158.0
121.0 21.0
10.0 22.0
204.0 72.0
60.0 89.0
17.0 196.0
112.0 84.0
132.0 14.0
189.0 121.0
183.0 61.0
163.0 157.0
63.0 98.0
129.0 201.0
52.0 238.0
17.0 75.0
96.0 19.0
83.0 230.0
217.0 146.0
168.0 59.0
199.0 215.0
26.0 95.0
183.0 224.0
226.0 141.0
108.0 66.0
43.0 139.0
101.0 237.0
14.0 124.0
49.0 242.0
126.0 11.0
121.0 114.0
225.0 181.0
119.0 152.0
37.0 188.0
231.0 137.0
172.0 246.0
250.0 51.0
165.0 125.0
201.0 132.0
103.0 50.0
49.0 217.0
174.0 90.0
37.0 35.0
138.0 198.0
244.0 59.0
139.0 117.0
28.0 199.0
238.0 117.0
25.0 37.0
247.0 157.0
51.0 80.0
58.0 81.0
185.0 19.0
224.0 73.0
221.0 168.0
82.0 92.0
203.0 180.0
74.0 111.0
48.0 40.0
147.0 74.0
129.0 118.0
41.0 196.0
198.0 152.0
233.0 196.0
127.0 256.0
155.0 203.0
242.0 20.0
169.0 249.0
88.0 167.0
222.0 68.0
33.0 133.0
78.0 144.0
164.0 252.0
161.0 122.0
46.0 242.0
253.0 210.0
105.0 56.0
34.0 242.0
120.0 154.0
11.0 159.0
7.0 170.0
190.0 253.0
147.0 133.0
240.0 31.0
151.0 66.0
72.0 134.0
162.0 62.0
183.0 96.0
219.0 227.0
144.0 221.0
145.0 226.0
124.0 252.0
102.0 227.0
7.0 230.0
203.0 74.0
101.0 86.0
115.0 112.0
112.0 6.0
241.0 131.0
21.0 215.0
11.0 221.0
161.0 110.0
235.0 137.0
14.0 18.0
192.0 66.0
113.0 121.0
12.0 62.0
231.0 177.0
189.0 137.0
127.0 29.0
120.0 127.0
116.0 75.0
117.0 25.0
116.0 96.0
223.0 182.0
102.0 16.0
120.0 239.0
217.0 61.0
66.0 91.0
70.0 74.0
48.0 59.0
144.0 43.0
220.0 243.0
199.0 227.0
160.0 96.0
207.0 64.0
167.0 52.0
91.0 142.0
249.0 144.0
185.0 9.0
128.0 71.0
43.0 242.0
80.0 235.0
156.0 194.0
14.0 134.0
84.0 176.0
12.0 234.0
156.0 150.0
108.0 78.0
162.0 63.0
144.0 133.0
38.0 241.0
109.0 252.0
101.0 140.0
168.0 148.0
191.0 239.0
179.0 115.0
204.0 200.0
8.0 6.0
181.0 19.0
90.0 106.0
116.0 157.0
139.0 28.0
248.0 195.0
113.0 119.0
109.0 178.0
201.0 164.0
12.0 93.0
33.0 236.0
100.0 177.0
57.0 83.0
251.0 212.0
128.0 76.0
103.0 112.0
132.0 188.0
138.0 18.0
47.0 150.0
168.0 190.0
196.0 193.0
72.0 188.0
147.0 67.0
241.0 73.0
188.0 151.0
206.0 210.0
203.0 10.0
30.0 22.0
220.0 19.0
65.0 200.0
121.0 81.0
24.0 37.0
137.0 173.0
114.0 55.0
249.0 123.0
21.0 182.0
242.0 221.0
163.0 69.0
173.0 193.0
73.0 150.0
90.0 19.0
240.0 146.0
159.0 7.0
172.0 24.0
190.0 217.0
34.0 222.0
39.0 21.0
113.0 27.0
28.0 23.0
36.0 37.0
248.0 7.0
102.0 214.0
242.0 253.0
54.0 114.0
77.0 253.0
28.0 149.0
137.0 72.0
132.0 84.0
69.0 241.0
238.0 25.0
76.0 46.0
98.0 224.0
104.0 235.0
225.0 43.0
220.0 138.0
38.0 87.0
157.0 82.0
70.0 186.0
168.0 237.0
123.0 100.0
8.0 139.0
49.0 47.0
149.0 151.0
141.0 251.0
73.0 226.0
238.0 33.0
167.0 143.0
97.0 231.0
227.0 162.0
33.0 118.0
153.0 157.0
35.0 202.0
246.0 72.0
178.0 240.0
85.0 99.0
198.0 221.0
232.0 63.0
190.0 223.0
142.0 54.0
130.0 76.0
150.0 140.0
71.0 111.0
31.0 75.0
119.0 25.0
118.0 254.0
130.0 24.0
126.0 138.0
104.0 166.0
35.0 81.0
119.0 169.0
27.0 154.0
152.0 254.0
235.0 201.0
228.0 134.0
171.0 200.0
154.0 118.0
212.0 234.0
126.0 71.0
122.0 14.0
102.0 39.0
131.0 142.0
123.0 184.0
167.0 208.0
64.0 219.0
158.0 244.0
135.0 87.0
80.0 26.0
10.0 215.0
72.0 121.0
8.0 212.0
188.0 35.0
78.0 216.0
195.0 4.0
142.0 122.0
124.0 134.0
184.0 42.0
111.0 62.0
244.0 90.0
122.0 244.0
92.0 218.0
206.0 146.0
109.0 85.0
243.0 55.0
49.0 31.0
225.0 191.0
42.0 43.0
148.0 207.0
158.0 157.0
183.0 101.0
51.0 32.0
62.0 41.0
56.0 36.0
10.0 247.0
191.0 208.0
10.0 18.0
59.0 53.0
79.0 228.0
175.0 154.0
23.0 210.0
150.0 201.0
198.0 249.0
120.0 22.0
103.0 225.0
166.0 96.0
232.0 241.0
86.0 51.0
140.0 178.0
65.0 184.0
222.0 106.0
243.0 151.0
124.0 122.0
152.0 53.0
91.0 211.0
62.0 95.0
42.0 13.0
151.0 214.0
117.0 5.0
153.0 18.0
49.0 119.0
222.0 213.0
252.0 125.0
124.0 71.0
107.0 244.0
58.0 211.0
200.0 137.0
93.0 91.0
139.0 137.0
203.0 163.0
75.0 8.0
199.0 175.0
135.0 192.0
191.0 205.0
91.0 218.0
26.0 42.0
44.0 112.0
156.0 128.0
86.0 105.0
52.0 36.0
102.0 104.0
251.0 80.0
39.0 86.0
224.0 169.0
201.0 28.0
64.0 101.0
221.0 134.0
71.0 62.0
205.0 102.0
76.0 125.0
53.0 104.0
207.0 160.0
46.0 29.0
102.0 71.0
112.0 88.0
97.0 111.0
252.0 201.0
58.0 149.0
100.0 118.0
233.0 164.0
41.0 80.0
186.0 21.0
193.0 118.0
65.0 213.0
70.0 135.0
112.0 154.0
121.0 247.0
89.0 156.0
15.0 210.0
110.0 37.0
113.0 211.0
205.0 102.0
29.0 232.0
208.0 84.0
93.0 218.0
207.0 151.0
64.0 49.0
237.0 179.0
223.0 183.0
69.0 62.0
72.0 134.0
222.0 117.0
187.0 22.0
95.0 194.0
21.0 186.0
241.0 207.0
111.0 246.0
112.0 102.0
102.0 48.0
92.0 33.0
190.0 126.0
59.0 177.0
221.0 80.0
191.0 95.0
210.0 134.0
82.0 166.0
166.0 67.0
43.0 143.0
35.0 254.0
28.0 232.0
97.0 67.0
167.0 111.0
221.0 26.0
225.0 173.0
187.0 75.0
117.0 25.0
115.0 229.0
138.0 158.0
82.0 122.0
198.0 221.0
81.0 49.0
59.0 125.0
36.0 177.0
24.0 80.0
180.0 126.0
181.0 192.0
78.0 237.0
26.0 42.0
12.0 92.0
202.0 251.0
143.0 228.0
50.0 143.0
14.0 238.0
76.0 60.0
217.0 84.0
163.0 107.0
129.0 173.0
17.0 253.0
185.0 148.0
29.0 164.0
222.0 103.0
177.0 122.0
216.0 246.0
21.0 214.0
98.0 123.0
66.0 66.0
81.0 70.0
130.0 194.0
34.0 101.0
138.0 52.0
21.0 13.0
110.0 53.0
129.0 91.0
133.0 234.0
46.0 33.0
194.0 183.0
201.0 95.0
77.0 104.0
24.0 235.0
27.0 182.0
251.0 91.0
47.0 47.0
214.0 239.0
160.0 107.0
190.0 162.0
78.0 171.0
87.0 247.0
35.0 36.0
178.0 142.0
92.0 36.0
74.0 149.0
21.0 131.0
197.0 113.0
228.0 173.0
131.0 94.0
184.0 11.0
233.0 181.0
192.0 243.0
209.0 96.0
118.0 112.0
216.0 84.0
242.0 241.0
43.0 83.0
254.0 118.0
57.0 79.0
199.0 80.0
108.0 254.0
233.0 136.0
181.0 190.0
123.0 230.0
132.0 131.0
5.0 179.0
170.0 194.0
212.0 237.0
35.0 146.0
249.0 145.0
158.0 247.0
160.0 35.0
163.0 192.0
252.0 110.0
70.0 241.0
226.0 152.0
212.0 211.0
126.0 112.0
116.0 42.0
235.0 212.0
190.0 233.0
228.0 247.0
143.0 228.0
88.0 58.0
66.0 206.0
174.0 19.0
236.0 181.0
165.0 184.0
214.0 30.0
43.0 240.0
156.0 205.0
9.0 66.0
35.0 142.0
170.0 180.0
59.0 239.0
143.0 243.0
139.0 27.0
163.0 22.0
37.0 76.0
160.0 92.0
188.0 61.0
239.0 81.0
183.0 221.0
220.0 106.0
56.0 7.0
8.0 65.0
237.0 215.0
53.0 74.0
156.0 101.0
107.0 80.0
16.0 107.0
111.0 57.0
78.0 59.0
47.0 223.0
148.0 154.0
251.0 5.0
139.0 137.0
114.0 131.0
107.0 169.0
47.0 146.0
247.0 143.0
10.0 128.0
71.0 80.0
135.0 40.0
195.0 236.0
64.0 90.0
32.0 148.0
204.0 169.0
239.0 183.0
139.0 140.0
27.0 150.0
243.0 152.0
124.0 159.0
144.0 82.0
91.0 206.0
200.0 11.0
145.0 242.0
242.0 132.0
97.0 102.0
154.0 99.0
149.0 202.0
139.0 177.0
65.0 211.0
133.0 18.0
67.0 249.0
84.0 59.0
94.0 201.0
199.0 231.0
157.0 68.0
213.0 129.0
44.0 72.0
193.0 181.0
9.0 47.0
73.0 107.0
46.0 229.0
230.0 69.0
9.0 77.0
12.0 176.0
59.0 145.0
102.0 152.0
92.0 251.0
9.0 156.0
232.0 49.0
203.0 219.0
165.0 177.0
77.0 159.0
43.0 207.0
87.0 59.0
91.0 163.0
155.0 55.0
38.0 227.0
66.0 113.0
106.0 20.0
50.0 196.0
70.0 219.0
180.0 134.0
14.0 253.0
112.0 189.0
133.0 211.0
217.0 21.0
91.0 99.0
227.0 168.0
202.0 183.0
93.0 155.0
8.0 213.0
18.0 138.0
185.0 91.0
30.0 165.0
209.0 197.0
144.0 35.0
104.0 33.0
126.0 200.0
70.0 44.0
38.0 133.0
162.0 143.0
177.0 128.0
248.0 151.0
240.0 176.0
12.0 110.0
171.0 228.0
75.0 250.0
187.0 74.0
184.0 209.0
28.0 78.0
130.0 180.0
77.0 93.0
223.0 186.0
254.0 186.0
118.0 53.0
207.0 116.0
195.0 140.0
105.0 52.0
162.0 19.0
127.0 132.0
190.0 55.0
145.0 225.0
163.0 188.0
13.0 61.0
185.0 29.0
94.0 51.0
80.0 124.0
117.0 43.0
143.0 185.0
38.0 181.0
5.0 19.0
183.0 70.0
236.0 26.0
193.0 218.0
182.0 178.0
186.0 91.0
44.0 195.0
38.0 171.0
52.0 198.0
40.0 185.0
128.0 215.0
242.0 39.0
7.0 177.0
117.0 236.0
94.0 116.0
209.0 194.0
159.0 150.0
15.0 155.0
6.0 42.0
178.0 147.0
76.0 51.0
107.0 118.0
58.0 247.0
185.0 99.0
33.0 122.0
96.0 91.0
103.0 69.0
67.0 162.0
210.0 135.0
124.0 117.0
158.0 51.0
100.0 74.0
193.0 39.0
88.0 164.0
47.0 28.0
171.0 104.0
139.0 170.0
62.0 208.0
9.0 120.0
74.0 214.0
5.0 159.0
160.0 137.0
198.0 195.0
103.0 124.0
194.0 127.0
221.0 147.0
140.0 215.0
11.0 165.0
10.0 76.0
237.0 192.0
80.0 79.0
24.0 27.0
39.0 98.0
76.0 197.0
58.0 88.0
211.0 45.0
83.0 250.0
190.0 72.0
99.0 158.0
167.0 128.0
252.0 250.0
139.0 203.0
145.0 150.0
50.0 221.0
143.0 116.0
84.0 48.0
97.0 206.0
170.0 172.0
169.0 87.0
107.0 179.0
99.0 189.0
212.0 117.0
189.0 10.0
248.0 184.0
197.0 148.0
217.0 40.0
87.0 16.0
97.0 9.0
201.0 134.0
240.0 86.0
127.0 138.0
146.0 171.0
221.0 12.0
239.0 48.0
249.0 244.0
168.0 168.0
129.0 158.0
153.0 118.0
172.0 138.0
84.0 226.0
182.0 155.0
197.0 45.0
156.0 234.0
169.0 36.0
102.0 84.0
115.0 83.0
75.0 167.0
191.0 45.0
55.0 93.0
148.0 70.0
180.0 200.0
159.0 7.0
78.0 81.0
178.0 55.0
137.0 82.0
253.0 77.0
152.0 115.0
143.0 75.0
13.0 200.0
118.0 168.0
7.0 224.0
80.0 195.0
54.0 175.0
79.0 109.0
28.0 213.0
198.0 219.0
145.0 13.0
235.0 41.0
168.0 59.0
103.0 179.0
66.0 201.0
203.0 154.0
214.0 88.0
36.0 209.0
179.0 96.0
5.0 127.0
45.0 13.0
7.0 223.0
168.0 8.0
123.0 172.0
6.0 208.0
193.0 218.0
204.0 92.0
146.0 30.0
24.0 119.0
7.0 136.0
153.0 181.0
132.0 79.0
77.0 174.0
148.0 100.0
226.0 158.0
51.0 126.0
163.0 36.0
82.0 203.0
174.0 42.0
182.0 82.0
136.0 158.0
29.0 185.0
159.0 106.0
95.0 58.0
11.0 143.0
88.0 139.0
172.0 193.0
90.0 86.0
163.0 159.0
144.0 126.0
138.0 93.0
219.0 36.0
239.0 187.0
173.0 73.0
70.0 106.0
24.0 135.0
200.0 45.0
49.0 57.0
139.0 149.0
93.0 198.0
96.0 9.0
21.0 135.0
66.0 65.0
83.0 196.0
206.0 197.0
194.0 67.0
162.0 238.0
83.0 46.0
166.0 69.0
159.0 74.0
207.0 133.0
167.0 237.0
219.0 175.0
139.0 241.0
220.0 157.0
44.0 177.0
194.0 29.0
51.0 209.0
54.0 197.0
169.0 126.0
98.0 223.0
61.0 8.0
155.0 225.0
166.0 90.0
217.0 170.0
47.0 178.0
136.0 83.0
234.0 80.0
51.0 81.0
91.0 43.0
7.0 66.0
121.0 46.0
20.0 93.0
98.0 10.0
229.0 215.0
64.0 197.0
250.0 105.0
208.0 9.0
189.0 155.0
51.0 249.0
140.0 16.0
73.0 247.0
206.0 106.0
57.0 35.0
245.0 200.0
194.0 73.0
248.0 233.0
93.0 84.0
195.0 97.0
111.0 151.0
170.0 146.0
239.0 9.0
189.0 67.0
153.0 20.0
155.0 242.0
231.0 165.0
14.0 97.0
49.0 194.0
182.0 210.0
25.0 93.0
141.0 21.0
89.0 158.0
188.0 95.0
199.0 212.0
91.0 99.0
162.0 137.0
27.0 75.0
29.0 98.0
158.0 102.0
64.0 40.0
106.0 248.0
205.0 214.0
96.0 23.0
213.0 153.0
68.0 158.0
193.0 253.0
221.0 18.0
128.0 8.0
158.0 86.0
224.0 177.0
193.0 235.0
57.0 24.0
135.0 58.0
227.0 101.0
214.0 137.0
115.0 36.0
122.0 133.0
85.0 165.0
179.0 187.0
82.0 139.0
240.0 157.0
118.0 206.0
214.0 50.0
208.0 140.0
188.0 51.0
132.0 182.0
184.0 140.0
182.0 75.0
110.0 46.0
187.0 173.0
94.0 190.0
91.0 107.0
144.0 226.0
197.0 86.0
183.0 186.0
63.0 211.0
23.0 254.0
226.0 234.0
192.0 26.0
145.0 25.0
107.0 154.0
137.0 84.0
64.0 97.0
103.0 188.0
207.0 39.0
182.0 144.0
48.0 47.0
227.0 139.0
93.0 135.0
181.0 26.0
19.0 223.0
36.0 144.0
56.0 253.0
160.0 135.0
181.0 80.0
253.0 9.0
132.0 51.0
80.0 34.0
238.0 215.0
176.0 49.0
158.0 252.0
247.0 190.0
207.0 161.0
77.0 233.0
209.0 168.0
91.0 162.0
179.0 41.0
226.0 81.0
136.0 138.0
126.0 131.0
248.0 222.0
213.0 236.0
245.0 48.0
6.0 152.0
128.0 91.0
138.0 55.0
42.0 35.0
34.0 251.0
171.0 81.0
96.0 112.0
162.0 235.0
252.0 225.0
98.0 67.0
39.0 202.0
79.0 221.0
249.0 39.0
116.0 11.0
167.0 46.0
12.0 21.0
42.0 194.0
15.0 215.0
214.0 218.0
123.0 28.0
167.0 182.0
121.0 102.0
9.0 30.0
144.0 22.0
105.0 153.0
245.0 87.0
168.0 150.0
63.0 80.0
170.0 171.0
14.0 209.0
67.0 153.0
216.0 70.0
221.0 204.0
152.0 141.0
222.0 86.0
205.0 82.0
86.0 177.0
164.0 188.0
156.0 198.0
231.0 156.0
65.0 18.0
241.0 153.0
199.0 171.0
232.0 192.0
160.0 17.0
17.0 212.0
38.0 52.0
185.0 196.0
112.0 189.0
103.0 157.0
162.0 158.0
235.0 172.0
154.0 178.0
191.0 135.0
84.0 186.0
225.0 109.0
116.0 175.0
183.0 255.0
208.0 53.0
47.0 129.0
205.0 146.0
159.0 195.0
214.0 183.0
159.0 204.0
145.0 29.0
99.0 185.0
87.0 45.0
151.0 55.0
15.0 44.0
218.0 235.0
168.0 94.0
7.0 124.0
171.0 197.0
28.0 233.0
116.0 18.0
140.0 195.0
117.0 115.0
35.0 39.0
98.0 99.0
129.0 121.0
231.0 139.0
152.0 201.0
183.0 126.0
243.0 195.0
178.0 213.0
249.0 184.0
198.0 220.0
147.0 119.0
160.0 9.0
173.0 186.0
33.0 159.0
165.0 109.0
135.0 155.0
143.0 239.0
169.0 124.0
203.0 111.0
108.0 139.0
133.0 162.0
137.0 235.0
242.0 169.0
134.0 110.0
119.0 5.0
233.0 212.0
251.0 107.0
149.0 87.0
56.0 142.0
120.0 76.0
148.0 159.0
25.0 61.0
243.0 74.0
218.0 27.0
192.0 142.0
186.0 13.0
143.0 144.0
237.0 51.0
178.0 78.0
197.0 70.0
100.0 208.0
204.0 238.0
52.0 109.0
177.0 94.0
26.0 215.0
183.0 72.0
85.0 120.0
182.0 121.0
209.0 15.0
219.0 171.0
223.0 143.0
163.0 21.0
106.0 29.0
208.0 24.0
234.0 222.0
120.0 251.0
6.0 201.0
19.0 156.0
30.0 70.0
115.0 54.0
176.0 31.0
30.0 39.0
57.0 166.0
235.0 24.0
128.0 134.0
162.0 193.0
89.0 172.0
108.0 125.0
124.0 159.0
83.0 38.0
90.0 6.0
176.0 44.0
34.0 210.0
159.0 170.0
250.0 15.0
18.0 23.0
199.0 129.0
67.0 137.0
63.0 41.0
136.0 31.0
151.0 37.0
168.0 157.0
90.0 80.0
80.0 134.0
73.0 255.0
48.0 73.0
35.0 110.0
33.0 232.0
124.0 190.0
31.0 246.0
219.0 221.0
217.0 240.0
245.0 129.0
150.0 210.0
133.0 206.0
27.0 124.0
95.0 10.0
87.0 225.0
152.0 176.0
219.0 137.0
216.0 70.0
33.0 117.0
57.0 141.0
83.0 172.0
62.0 238.0
73.0 31.0
237.0 133.0
190.0 54.0
21.0 156.0
195.0 187.0
183.0 22.0
87.0 184.0
46.0 188.0
87.0 64.0
162.0 135.0
101.0 155.0
38.0 67.0
81.0 89.0
204.0 61.0
59.0 192.0
71.0 9.0
102.0 10.0
249.0 17.0
134.0 76.0
134.0 238.0
18.0 11.0
106.0 159.0
131.0 157.0
209.0 225.0
34.0 16.0
83.0 176.0
89.0 57.0
110.0 74.0
191.0 243.0
179.0 96.0
130.0 6.0
177.0 128.0
163.0 169.0
192.0 136.0
105.0 104.0
210.0 231.0
196.0 42.0
127.0 250.0
205.0 201.0
11.0 200.0
64.0 16.0
44.0 206.0
189.0 235.0
191.0 204.0
162.0 85.0
198.0 147.0
9.0 143.0
47.0 111.0
140.0 173.0
104.0 159.0
79.0 28.0
223.0 229.0
161.0 225.0
161.0 65.0
207.0 122.0
205.0 34.0
199.0 236.0
203.0 255.0
137.0 245.0
72.0 11.0
211.0 43.0
84.0 206.0
42.0 93.0
101.0 14.0
98.0 10.0
221.0 67.0
86.0 248.0
118.0 231.0
57.0 254.0
160.0 175.0
214.0 17.0
211.0 156.0
199.0 30.0
86.0 123.0
23.0 246.0
181.0 163.0
57.0 124.0
123.0 25.0
71.0 235.0
105.0 114.0
137.0 172.0
77.0 89.0
43.0 91.0
147.0 52.0
88.0 241.0
207.0 114.0
106.0 200.0
230.0 164.0
160.0 68.0
200.0 54.0
122.0 148.0
184.0 103.0
43.0 77.0
170.0 22.0
33.0 238.0
29.0 64.0
252.0 61.0
111.0 90.0
112.0 221.0
232.0 238.0
124.0 121.0
132.0 36.0
153.0 123.0
90.0 246.0
115.0 18.0
127.0 145.0
8.0 35.0
92.0 206.0
216.0 65.0
238.0 196.0
57.0 238.0
146.0 58.0
167.0 154.0
15.0 249.0
53.0 53.0
56.0 230.0
47.0 70.0
104.0 144.0
122.0 22.0
99.0 80.0
138.0 209.0
129.0 19.0
148.0 71.0
105.0 211.0
189.0 73.0
112.0 50.0
75.0 245.0
136.0 246.0
205.0 164.0
84.0 231.0
70.0 167.0
171.0 26.0
105.0 172.0
235.0 92.0
127.0 92.0
143.0 17.0
196.0 36.0
253.0 221.0
10.0 169.0
215.0 109.0
252.0 72.0
196.0 246.0
160.0 56.0
181.0 148.0
126.0 214.0
70.0 79.0
169.0 226.0
102.0 103.0
16.0 79.0
181.0 150.0
233.0 150.0
39.0 228.0
251.0 133.0
169.0 157.0
164.0 158.0
61.0 81.0
202.0 184.0
111.0 20.0
140.0 173.0
77.0 66.0
237.0 241.0
38.0 148.0
5.0 139.0
189.0 70.0
68.0 178.0
245.0 127.0
52.0 49.0
146.0 122.0
102.0 35.0
39.0 231.0
127.0 188.0
29.0 149.0
209.0 101.0
56.0 99.0
193.0 215.0
72.0 253.0
242.0 161.0
205.0 7.0
236.0 216.0
202.0 92.0
216.0 251.0
225.0 27.0
103.0 89.0
197.0 22.0
253.0 81.0
110.0 30.0
218.0 153.0
104.0 95.0
170.0 241.0
144.0 120.0
202.0 86.0
231.0 72.0
88.0 40.0
57.0 112.0
119.0 99.0
175.0 46.0
190.0 145.0
20.0 210.0
159.0 191.0
171.0 64.0
250.0 103.0
65.0 230.0
165.0 99.0
216.0 122.0
52.0 169.0
22.0 28.0
102.0 126.0
30.0 165.0
73.0 254.0
184.0 212.0
121.0 160.0
27.0 189.0
96.0 179.0
235.0 66.0
95.0 41.0
130.0 118.0
43.0 62.0
119.0 9.0
199.0 144.0
102.0 22.0
242.0 252.0
207.0 252.0
234.0 45.0
208.0 109.0
199.0 150.0
151.0 18.0
18.0 174.0
150.0 76.0
13.0 65.0
19.0 177.0
247.0 30.0
81.0 204.0
81.0 232.0
136.0 214.0
158.0 137.0
150.0 83.0
165.0 84.0
199.0 129.0
200.0 74.0
122.0 90.0
12.0 213.0
78.0 115.0
238.0 228.0
12.0 212.0
99.0 71.0
179.0 219.0
252.0 144.0
65.0 148.0
163.0 102.0
221.0 26.0
91.0 72.0
253.0 14.0
112.0 147.0
74.0 39.0
212.0 125.0
96.0 60.0
214.0 233.0
10.0 128.0
224.0 141.0
18.0 227.0
187.0 176.0
25.0 145.0
168.0 144.0
25.0 255.0
48.0 49.0
69.0 114.0
106.0 6.0
155.0 97.0
113.0 213.0
93.0 99.0
185.0 220.0
19.0 149.0
20.0 212.0
12.0 133.0
24.0 126.0
98.0 42.0
147.0 244.0
227.0 82.0
58.0 224.0
142.0 219.0
45.0 247.0
70.0 63.0
225.0 220.0
65.0 112.0
19.0 26.0
45.0 59.0
111.0 143.0
206.0 95.0
236.0 35.0
14.0 78.0
154.0 195.0
70.0 24.0
222.0 191.0
163.0 9.0
99.0 175.0
195.0 36.0
123.0 82.0
161.0 36.0
232.0 132.0
247.0 242.0
125.0 208.0
108.0 223.0
131.0 109.0
239.0 138.0
143.0 131.0
173.0 183.0
198.0 91.0
237.0 150.0
147.0 135.0
21.0 157.0
185.0 50.0
163.0 172.0
8.0 66.0
178.0 172.0
27.0 218.0
128.0 242.0
251.0 176.0
193.0 109.0
159.0 176.0
81.0 193.0
70.0 135.0
214.0 121.0
147.0 184.0
232.0 178.0
238.0 71.0
149.0 189.0
22.0 80.0
73.0 223.0
43.0 247.0
209.0 20.0
227.0 165.0
143.0 105.0
111.0 41.0
48.0 120.0
231.0 162.0
160.0 10.0
11.0 57.0
46.0 170.0
17.0 148.0
135.0 64.0
248.0 34.0
156.0 97.0
243.0 85.0
103.0 80.0
23.0 135.0
188.0 197.0
16.0 46.0
99.0 216.0
146.0 46.0
114.0 201.0
89.0 53.0
243.0 105.0
224.0 193.0
99.0 133.0
187.0 121.0
60.0 111.0
218.0 8.0
27.0 131.0
242.0 137.0
182.0 95.0
64.0 105.0
252.0 47.0
248.0 225.0
8.0 33.0
149.0 217.0
118.0 255.0
60.0 175.0
11.0 146.0
77.0 34.0
179.0 249.0
14.0 109.0
14.0 148.0
79.0 98.0
199.0 203.0
38.0 227.0
93.0 242.0
196.0 66.0
95.0 56.0
55.0 27.0
204.0 230.0
89.0 22.0
183.0 55.0
129.0 102.0
185.0 136.0
158.0 195.0
79.0 109.0
173.0 171.0
248.0 185.0
253.0 184.0
185.0 59.0
119.0 182.0
81.0 34.0
210.0 114.0
70.0 21.0
182.0 153.0
194.0 135.0
241.0 48.0
172.0 172.0
66.0 75.0
116.0 81.0
123.0 62.0
172.0 69.0
11.0 65.0
102.0 83.0
8.0 98.0
170.0 183.0
53.0 73.0
192.0 186.0
24.0 222.0
29.0 214.0
105.0 86.0
246.0 122.0
15.0 157.0
45.0 116.0
9.0 162.0
135.0 136.0
42.0 217.0
8.0 166.0
157.0 167.0
121.0 214.0
48.0 22.0
100.0 221.0
81.0 126.0
127.0 29.0
18.0 124.0
192.0 36.0
127.0 16.0
8.0 35.0
68.0 149.0
212.0 16.0
76.0 171.0
164.0 32.0
13.0 94.0
181.0 27.0
108.0 143.0
135.0 125.0
133.0 165.0
53.0 142.0
221.0 147.0
108.0 174.0
151.0 250.0
230.0 197.0
224.0 240.0
98.0 107.0
151.0 182.0
125.0 32.0
214.0 68.0
48.0 237.0
250.0 159.0
162.0 38.0
101.0 97.0
137.0 207.0
164.0 174.0
78.0 146.0
119.0 184.0
211.0 174.0
47.0 127.0
133.0 116.0
154.0 95.0
207.0 112.0
222.0 179.0
138.0 13.0
46.0 140.0
186.0 120.0
194.0 49.0
168.0 9.0
192.0 253.0
110.0 106.0
48.0 45.0
50.0 88.0
154.0 178.0
228.0 194.0
109.0 55.0
54.0 89.0
60.0 105.0
202.0 41.0
30.0 251.0
114.0 171.0
226.0 161.0
102.0 120.0
108.0 6.0
251.0 83.0
125.0 110.0
142.0 130.0
29.0 40.0
20.0 135.0
37.0 146.0
14.0 168.0
116.0 11.0
158.0 213.0
56.0 152.0
230.0 11.0
230.0 103.0
8.0 233.0
47.0 48.0
72.0 147.0
185.0 38.0
154.0 152.0
174.0 97.0
29.0 176.0
69.0 97.0
70.0 183.0
160.0 80.0
96.0 215.0
74.0 66.0
230.0 34.0
105.0 144.0
71.0 170.0
228.0 199.0
237.0 112.0
33.0 34.0
209.0 6.0
145.0 74.0
163.0 26.0
254.0 10.0
117.0 134.0
175.0 247.0
163.0 19.0
204.0 115.0
13.0 60.0
68.0 56.0
21.0 223.0
93.0 168.0
230.0 132.0
35.0 179.0
24.0 76.0
40.0 80.0
68.0 65.0
88.0 138.0
212.0 88.0
9.0 151.0
160.0 61.0
12.0 36.0
239.0 239.0
232.0 202.0
178.0 184.0
112.0 232.0
106.0 230.0
203.0 166.0
43.0 120.0
120.0 27.0
243.0 153.0
116.0 37.0
251.0 160.0
95.0 9.0
224.0 217.0
174.0 15.0
170.0 84.0
246.0 171.0
75.0 155.0
51.0 8.0
222.0 7.0
5.0 186.0
225.0 212.0
246.0 92.0
41.0 143.0
5.0 223.0
33.0 47.0
102.0 57.0
11.0 11.0
84.0 132.0
222.0 193.0
173.0 183.0
21.0 65.0
165.0 198.0
135.0 216.0
53.0 93.0
98.0 34.0
182.0 14.0
145.0 186.0
35.0 78.0
29.0 153.0
130.0 167.0
145.0 53.0
219.0 18.0
97.0 139.0
152.0 38.0
179.0 118.0
222.0 251.0
48.0 27.0
251.0 161.0
165.0 174.0
74.0 61.0
190.0 25.0
56.0 223.0
10.0 193.0
216.0 99.0
205.0 216.0
186.0 94.0
39.0 225.0
191.0 173.0
104.0 28.0
184.0 7.0
121.0 85.0
181.0 240.0
148.0 59.0
61.0 25.0
58.0 234.0
245.0 237.0
151.0 168.0
132.0 150.0
183.0 218.0
132.0 134.0
6.0 171.0
229.0 226.0
242.0 33.0
78.0 80.0
84.0 38.0
203.0 223.0
218.0 75.0
154.0 5.0
133.0 224.0
56.0 70.0
185.0 237.0
85.0 71.0
15.0 229.0
105.0 128.0
110.0 98.0
175.0 85.0
205.0 41.0
36.0 206.0
195.0 35.0
141.0 252.0
143.0 77.0
227.0 205.0
150.0 133.0
84.0 158.0
82.0 239.0
217.0 75.0
17.0 56.0
115.0 60.0
46.0 227.0
207.0 142.0
166.0 197.0
122.0 185.0
23.0 207.0
191.0 236.0
105.0 32.0
184.0 82.0
36.0 253.0
103.0 204.0
200.0 39.0
117.0 223.0
191.0 125.0
138.0 224.0
213.0 28.0
204.0 154.0
84.0 90.0
65.0 6.0
8.0 50.0
11.0 167.0
221.0 63.0
196.0 18.0
49.0 240.0
162.0 249.0
32.0 42.0
130.0 129.0
108.0 201.0
203.0 54.0
121.0 128.0
131.0 21.0
233.0 102.0
168.0 179.0
154.0 77.0
43.0 12.0
167.0 54.0
220.0 177.0
207.0 187.0
79.0 148.0
77.0 201.0
27.0 133.0
249.0 212.0
149.0 202.0
172.0 91.0
183.0 254.0
115.0 132.0
83.0 198.0
173.0 12.0
120.0 243.0
68.0 184.0
105.0 109.0
172.0 106.0
88.0 185.0
133.0 242.0
227.0 45.0
54.0 193.0
87.0 240.0
24.0 219.0
144.0 131.0
100.0 144.0
155.0 83.0
76.0 72.0
44.0 143.0
139.0 190.0
