1
2048 1 3.0 0.0 1000.0 3 160 240 100

6.5 13.5 29.3 58.5
13.0 27.0 58.5 117.0
19.5 40.5 87.8 175.5
26.0 54.0 117.0 234.0
39.0 81.0 175.5 351.0
52.0 108.0 234.0 468.0
58.5 121.5 263.3 526.5
65.0 135.0 292.5 585.0
78.0 162.0 351.0 702.0
0.0 180.0 390.0 780.0

2.0 5.0 8.0 11.0
5.0 8.0 11.0 14.0
9.0 12.0 15.0 18.0
11.0 14.0 17.0 20.0
15.0 18.0 21.0 24.0
18.0 21.0 24.0 27.0
20.0 23.0 26.0 29.0
25.0 28.0 31.0 34.0
29.0 32.0 35.0 38.0
0.0 34.0 37.0 40.0

209.0 194.0
111.0 51.0
140.0 85.0
117.0 181.0
169.0 181.0
49.0 42.0
124.0 44.0
242.0 168.0
124.0 243.0
117.0 37.0
32.0 53.0
165.0 148.0
227.0 43.0
184.0 217.0
141.0 194.0
107.0 13.0
48.0 233.0
84.0 200.0
170.0 200.0
20.0 69.0
222.0 43.0
106.0 167.0
76.0 146.0
182.0 79.0
51.0 215.0
86.0 229.0
121.0 34.0
204.0 111.0
190.0 157.0
247.0 163.0
84.0 166.0
100.0 78.0
45.0 184.0
147.0 152.0
247.0 160.0
29.0 77.0
248.0 223.0
124.0 145.0
22.0 4.0
86.0 171.0
98.0 110.0
94.0 207.0
102.0 5.0
29.0 228.0
74.0 110.0
103.0 4.0
3.0 22.0
45.0 196.0
65.0 14.0
227.0 25.0
134.0 101.0
207.0 179.0
182.0 215.0
224.0 175.0
6.0 137.0
218.0 214.0
24.0 117.0
44.0 128.0
211.0 190.0
93.0 90.0
29.0 11.0
83.0 36.0
53.0 78.0
139.0 115.0
33.0 46.0
41.0 243.0
195.0 129.0
112.0 185.0
165.0 161.0
34.0 126.0
198.0 201.0
171.0 38.0
194.0 109.0
57.0 169.0
90.0 116.0
18.0 74.0
214.0 197.0
197.0 174.0
72.0 119.0
85.0 101.0
33.0 122.0
201.0 211.0
248.0 231.0
143.0 146.0
151.0 10.0
36.0 191.0
0.0 148.0
220.0 198.0
187.0 62.0
72.0 185.0
135.0 27.0
196.0 13.0
152.0 150.0
240.0 121.0
175.0 60.0
192.0 102.0
162.0 18.0
62.0 220.0
168.0 197.0
144.0 27.0
4.0 190.0
172.0 59.0
145.0 149.0
174.0 137.0
143.0 219.0
200.0 133.0
100.0 45.0
138.0 105.0
76.0 156.0
136.0 30.0
112.0 114.0
230.0 159.0
129.0 109.0
76.0 114.0
237.0 25.0
8.0 115.0
103.0 15.0
192.0 76.0
47.0 250.0
223.0 100.0
116.0 2.0
71.0 226.0
196.0 87.0
76.0 80.0
35.0 224.0
47.0 166.0
114.0 203.0
26.0 75.0
108.0 31.0
144.0 208.0
245.0 90.0
23.0 185.0
193.0 102.0
5.0 157.0
157.0 40.0
47.0 49.0
177.0 177.0
192.0 103.0
192.0 28.0
70.0 111.0
244.0 248.0
221.0 74.0
249.0 124.0
71.0 74.0
92.0 95.0
214.0 193.0
93.0 60.0
228.0 164.0
234.0 37.0
34.0 203.0
58.0 64.0
160.0 77.0
12.0 17.0
43.0 243.0
21.0 115.0
101.0 233.0
185.0 169.0
94.0 242.0
20.0 212.0
118.0 220.0
238.0 204.0
137.0 62.0
145.0 53.0
12.0 46.0
6.0 35.0
66.0 16.0
74.0 238.0
17.0 70.0
27.0 220.0
183.0 126.0
127.0 134.0
180.0 2.0
211.0 143.0
141.0 10.0
218.0 5.0
36.0 78.0
225.0 14.0
15.0 12.0
77.0 59.0
219.0 54.0
209.0 107.0
104.0 207.0
116.0 13.0
113.0 125.0
201.0 67.0
96.0 148.0
70.0 67.0
194.0 162.0
144.0 202.0
228.0 242.0
26.0 155.0
160.0 127.0
104.0 99.0
56.0 118.0
230.0 98.0
245.0 55.0
63.0 224.0
216.0 118.0
36.0 35.0
86.0 209.0
180.0 91.0
49.0 38.0
123.0 14.0
13.0 58.0
129.0 170.0
215.0 235.0
115.0 97.0
142.0 179.0
147.0 116.0
171.0 239.0
213.0 138.0
143.0 226.0
163.0 228.0
139.0 231.0
227.0 67.0
66.0 79.0
137.0 238.0
188.0 18.0
130.0 101.0
86.0 51.0
234.0 76.0
55.0 135.0
3.0 210.0
54.0 37.0
201.0 218.0
81.0 190.0
3.0 6.0
223.0 216.0
77.0 1.0
132.0 83.0
229.0 146.0
29.0 190.0
120.0 34.0
145.0 220.0
102.0 149.0
46.0 180.0
55.0 69.0
149.0 99.0
148.0 232.0
239.0 163.0
38.0 217.0
163.0 149.0
46.0 56.0
154.0 59.0
201.0 124.0
73.0 182.0
73.0 1.0
150.0 114.0
151.0 245.0
132.0 98.0
70.0 84.0
61.0 80.0
61.0 81.0
192.0 212.0
57.0 171.0
164.0 91.0
209.0 2.0
57.0 74.0
109.0 79.0
66.0 91.0
107.0 45.0
66.0 167.0
138.0 212.0
148.0 200.0
83.0 46.0
52.0 94.0
189.0 103.0
186.0 140.0
203.0 239.0
32.0 148.0
134.0 225.0
19.0 91.0
143.0 198.0
13.0 119.0
134.0 218.0
150.0 111.0
147.0 241.0
36.0 226.0
4.0 134.0
146.0 243.0
198.0 181.0
92.0 50.0
87.0 88.0
212.0 174.0
12.0 36.0
14.0 88.0
30.0 192.0
69.0 82.0
250.0 84.0
245.0 43.0
86.0 135.0
12.0 48.0
56.0 133.0
89.0 9.0
48.0 49.0
17.0 143.0
58.0 130.0
80.0 125.0
215.0 20.0
21.0 79.0
198.0 238.0
87.0 128.0
0.0 133.0
7.0 51.0
21.0 6.0
32.0 132.0
55.0 171.0
23.0 124.0
48.0 248.0
106.0 41.0
48.0 89.0
237.0 70.0
111.0 18.0
86.0 205.0
205.0 142.0
185.0 4.0
7.0 50.0
153.0 200.0
249.0 40.0
56.0 207.0
132.0 40.0
71.0 103.0
112.0 13.0
169.0 16.0
174.0 137.0
97.0 136.0
38.0 147.0
237.0 132.0
35.0 38.0
18.0 70.0
214.0 124.0
70.0 9.0
69.0 33.0
171.0 232.0
36.0 247.0
69.0 158.0
43.0 155.0
74.0 26.0
152.0 106.0
157.0 22.0
168.0 35.0
54.0 65.0
154.0 39.0
4.0 36.0
97.0 105.0
233.0 58.0
32.0 230.0
184.0 235.0
0.0 13.0
4.0 62.0
26.0 95.0
129.0 63.0
103.0 132.0
126.0 235.0
7.0 69.0
11.0 228.0
54.0 27.0
54.0 213.0
240.0 172.0
183.0 250.0
2.0 28.0
130.0 228.0
176.0 225.0
33.0 62.0
4.0 1.0
25.0 103.0
141.0 97.0
154.0 54.0
147.0 222.0
31.0 243.0
36.0 108.0
179.0 164.0
242.0 213.0
103.0 249.0
194.0 205.0
177.0 171.0
242.0 170.0
7.0 24.0
1.0 44.0
219.0 29.0
225.0 101.0
218.0 7.0
160.0 100.0
249.0 147.0
100.0 65.0
168.0 155.0
234.0 180.0
132.0 228.0
135.0 120.0
247.0 37.0
79.0 215.0
3.0 39.0
202.0 111.0
160.0 190.0
43.0 208.0
42.0 241.0
99.0 178.0
25.0 81.0
74.0 201.0
52.0 156.0
80.0 102.0
87.0 82.0
83.0 156.0
213.0 91.0
225.0 118.0
167.0 53.0
213.0 110.0
137.0 97.0
7.0 68.0
234.0 183.0
127.0 232.0
104.0 42.0
201.0 22.0
205.0 196.0
184.0 160.0
93.0 109.0
248.0 237.0
117.0 55.0
149.0 239.0
243.0 116.0
200.0 80.0
35.0 44.0
32.0 43.0
122.0 9.0
128.0 51.0
78.0 89.0
214.0 44.0
158.0 169.0
105.0 10.0
179.0 206.0
206.0 63.0
138.0 160.0
158.0 4.0
213.0 192.0
187.0 122.0
122.0 24.0
42.0 53.0
111.0 199.0
180.0 76.0
164.0 22.0
229.0 34.0
93.0 35.0
4.0 148.0
211.0 176.0
227.0 22.0
136.0 109.0
119.0 241.0
48.0 3.0
111.0 232.0
60.0 109.0
246.0 159.0
176.0 52.0
129.0 167.0
98.0 55.0
122.0 95.0
238.0 131.0
23.0 114.0
84.0 102.0
39.0 34.0
124.0 90.0
183.0 103.0
132.0 214.0
19.0 177.0
125.0 37.0
6.0 205.0
174.0 83.0
11.0 23.0
15.0 122.0
87.0 49.0
243.0 169.0
236.0 225.0
188.0 244.0
120.0 180.0
114.0 244.0
54.0 100.0
216.0 79.0
137.0 129.0
190.0 53.0
219.0 176.0
215.0 30.0
192.0 78.0
1.0 219.0
163.0 124.0
129.0 1.0
143.0 239.0
187.0 26.0
171.0 239.0
76.0 93.0
133.0 71.0
103.0 197.0
76.0 60.0
114.0 116.0
152.0 221.0
159.0 44.0
103.0 23.0
61.0 34.0
67.0 44.0
23.0 113.0
230.0 19.0
243.0 222.0
226.0 103.0
69.0 206.0
196.0 229.0
37.0 151.0
22.0 246.0
182.0 144.0
30.0 107.0
103.0 143.0
45.0 156.0
56.0 157.0
225.0 155.0
155.0 47.0
182.0 243.0
107.0 17.0
182.0 83.0
168.0 239.0
64.0 250.0
126.0 50.0
50.0 15.0
132.0 45.0
204.0 194.0
41.0 133.0
86.0 84.0
232.0 232.0
235.0 37.0
173.0 78.0
162.0 68.0
86.0 177.0
94.0 180.0
106.0 1.0
40.0 165.0
152.0 97.0
42.0 189.0
43.0 67.0
47.0 61.0
192.0 220.0
149.0 101.0
34.0 235.0
13.0 141.0
160.0 6.0
98.0 200.0
179.0 123.0
113.0 234.0
144.0 59.0
212.0 136.0
211.0 117.0
223.0 6.0
231.0 96.0
52.0 1.0
59.0 106.0
176.0 139.0
179.0 102.0
234.0 11.0
29.0 214.0
32.0 152.0
13.0 43.0
66.0 135.0
218.0 151.0
7.0 17.0
172.0 16.0
155.0 84.0
55.0 66.0
153.0 157.0
80.0 202.0
92.0 249.0
64.0 16.0
200.0 243.0
31.0 15.0
93.0 242.0
9.0 185.0
165.0 131.0
232.0 51.0
228.0 144.0
16.0 229.0
96.0 81.0
166.0 224.0
100.0 104.0
61.0 110.0
101.0 133.0
119.0 213.0
119.0 142.0
203.0 59.0
14.0 2.0
15.0 93.0
222.0 50.0
177.0 33.0
86.0 140.0
175.0 24.0
184.0 9.0
225.0 44.0
62.0 63.0
130.0 128.0
133.0 45.0
45.0 235.0
45.0 87.0
110.0 174.0
150.0 199.0
227.0 79.0
240.0 97.0
82.0 192.0
74.0 43.0
51.0 77.0
225.0 212.0
220.0 158.0
146.0 154.0
32.0 72.0
120.0 227.0
172.0 103.0
104.0 189.0
70.0 67.0
20.0 219.0
7.0 38.0
115.0 167.0
94.0 160.0
81.0 172.0
212.0 60.0
167.0 94.0
73.0 229.0
119.0 5.0
114.0 19.0
37.0 60.0
6.0 237.0
112.0 136.0
110.0 120.0
224.0 167.0
42.0 37.0
214.0 191.0
66.0 84.0
210.0 177.0
74.0 45.0
173.0 247.0
23.0 245.0
184.0 8.0
204.0 164.0
13.0 225.0
79.0 201.0
97.0 180.0
202.0 77.0
118.0 63.0
72.0 158.0
170.0 120.0
68.0 41.0
78.0 42.0
185.0 77.0
241.0 168.0
93.0 46.0
187.0 138.0
116.0 11.0
72.0 180.0
32.0 230.0
211.0 35.0
159.0 244.0
231.0 101.0
10.0 159.0
51.0 155.0
97.0 121.0
186.0 118.0
51.0 107.0
170.0 99.0
17.0 186.0
237.0 42.0
94.0 211.0
179.0 115.0
182.0 6.0
146.0 17.0
117.0 114.0
179.0 220.0
73.0 48.0
110.0 208.0
8.0 240.0
10.0 96.0
238.0 250.0
183.0 69.0
48.0 62.0
13.0 145.0
62.0 144.0
40.0 84.0
131.0 239.0
193.0 68.0
99.0 168.0
189.0 96.0
98.0 7.0
144.0 101.0
69.0 35.0
27.0 101.0
66.0 186.0
134.0 24.0
163.0 38.0
93.0 135.0
117.0 187.0
193.0 82.0
26.0 165.0
165.0 125.0
223.0 138.0
111.0 173.0
37.0 147.0
55.0 81.0
40.0 15.0
200.0 200.0
20.0 65.0
243.0 7.0
194.0 131.0
200.0 193.0
6.0 145.0
218.0 147.0
171.0 141.0
208.0 93.0
166.0 109.0
149.0 202.0
208.0 148.0
7.0 53.0
57.0 215.0
21.0 135.0
41.0 75.0
155.0 153.0
33.0 98.0
95.0 193.0
142.0 145.0
227.0 137.0
219.0 57.0
82.0 18.0
77.0 119.0
77.0 58.0
147.0 142.0
150.0 229.0
92.0 146.0
246.0 194.0
214.0 180.0
136.0 87.0
77.0 119.0
134.0 125.0
44.0 112.0
90.0 131.0
9.0 145.0
77.0 85.0
173.0 8.0
36.0 157.0
10.0 19.0
185.0 218.0
142.0 153.0
53.0 154.0
150.0 68.0
87.0 109.0
159.0 52.0
74.0 92.0
111.0 238.0
184.0 224.0
174.0 11.0
13.0 165.0
87.0 60.0
56.0 125.0
11.0 138.0
104.0 134.0
55.0 104.0
136.0 88.0
181.0 167.0
66.0 130.0
30.0 67.0
33.0 0.0
240.0 205.0
236.0 50.0
185.0 97.0
119.0 163.0
76.0 44.0
25.0 169.0
215.0 247.0
16.0 115.0
248.0 159.0
89.0 92.0
55.0 167.0
108.0 121.0
6.0 12.0
79.0 171.0
102.0 180.0
186.0 177.0
102.0 43.0
103.0 16.0
33.0 97.0
127.0 177.0
42.0 219.0
16.0 217.0
133.0 152.0
208.0 104.0
124.0 19.0
172.0 164.0
218.0 195.0
199.0 125.0
169.0 227.0
8.0 74.0
61.0 242.0
95.0 216.0
42.0 161.0
83.0 115.0
173.0 38.0
120.0 186.0
100.0 213.0
206.0 244.0
81.0 228.0
130.0 239.0
204.0 66.0
17.0 136.0
213.0 34.0
34.0 173.0
139.0 231.0
151.0 79.0
30.0 51.0
108.0 125.0
106.0 15.0
117.0 208.0
13.0 40.0
84.0 209.0
120.0 40.0
246.0 209.0
149.0 94.0
132.0 181.0
229.0 212.0
116.0 108.0
24.0 51.0
113.0 18.0
148.0 238.0
39.0 31.0
157.0 27.0
227.0 12.0
195.0 77.0
27.0 54.0
202.0 197.0
183.0 25.0
160.0 214.0
72.0 12.0
134.0 203.0
15.0 24.0
223.0 100.0
148.0 163.0
53.0 50.0
162.0 11.0
44.0 164.0
37.0 51.0
223.0 132.0
204.0 244.0
164.0 10.0
123.0 224.0
232.0 0.0
109.0 94.0
72.0 162.0
3.0 157.0
137.0 5.0
135.0 200.0
86.0 10.0
76.0 28.0
218.0 186.0
239.0 10.0
146.0 51.0
196.0 192.0
236.0 34.0
147.0 113.0
175.0 71.0
47.0 16.0
38.0 246.0
184.0 215.0
103.0 140.0
96.0 166.0
164.0 109.0
2.0 151.0
202.0 34.0
250.0 238.0
60.0 126.0
81.0 45.0
90.0 221.0
101.0 109.0
41.0 14.0
121.0 250.0
46.0 34.0
132.0 121.0
101.0 203.0
211.0 191.0
244.0 144.0
244.0 241.0
231.0 202.0
135.0 240.0
38.0 229.0
8.0 53.0
89.0 218.0
208.0 235.0
186.0 199.0
231.0 219.0
163.0 139.0
248.0 40.0
107.0 98.0
247.0 31.0
48.0 25.0
77.0 247.0
83.0 77.0
32.0 182.0
215.0 207.0
160.0 164.0
248.0 42.0
28.0 118.0
137.0 150.0
24.0 200.0
15.0 121.0
50.0 119.0
165.0 170.0
58.0 35.0
47.0 57.0
154.0 211.0
7.0 165.0
102.0 189.0
159.0 162.0
85.0 47.0
202.0 203.0
163.0 120.0
20.0 214.0
181.0 129.0
213.0 119.0
167.0 224.0
34.0 150.0
119.0 247.0
248.0 230.0
94.0 118.0
17.0 206.0
107.0 6.0
203.0 40.0
145.0 71.0
59.0 107.0
169.0 70.0
94.0 82.0
43.0 218.0
182.0 201.0
129.0 248.0
100.0 241.0
114.0 171.0
175.0 141.0
188.0 47.0
99.0 212.0
10.0 166.0
234.0 13.0
203.0 59.0
65.0 195.0
200.0 108.0
25.0 17.0
46.0 71.0
204.0 221.0
109.0 145.0
52.0 84.0
179.0 16.0
209.0 218.0
29.0 149.0
199.0 52.0
55.0 133.0
249.0 202.0
174.0 218.0
79.0 28.0
235.0 224.0
75.0 217.0
2.0 91.0
48.0 59.0
74.0 125.0
114.0 141.0
188.0 82.0
37.0 237.0
135.0 17.0
180.0 249.0
118.0 173.0
46.0 114.0
163.0 204.0
168.0 136.0
20.0 135.0
201.0 50.0
42.0 232.0
119.0 146.0
125.0 49.0
228.0 127.0
58.0 220.0
24.0 172.0
222.0 110.0
240.0 237.0
147.0 41.0
234.0 197.0
225.0 78.0
185.0 237.0
204.0 206.0
120.0 216.0
148.0 15.0
117.0 40.0
112.0 100.0
91.0 146.0
89.0 168.0
121.0 6.0
102.0 177.0
101.0 117.0
121.0 136.0
56.0 30.0
68.0 1.0
24.0 2.0
192.0 188.0
221.0 183.0
218.0 248.0
16.0 75.0
178.0 108.0
65.0 32.0
184.0 50.0
240.0 161.0
205.0 196.0
88.0 33.0
209.0 59.0
84.0 167.0
115.0 45.0
28.0 97.0
47.0 95.0
237.0 94.0
202.0 223.0
238.0 221.0
199.0 16.0
12.0 190.0
100.0 231.0
105.0 53.0
98.0 173.0
29.0 86.0
180.0 118.0
154.0 15.0
135.0 89.0
135.0 63.0
103.0 124.0
197.0 112.0
139.0 220.0
194.0 58.0
137.0 218.0
160.0 48.0
192.0 184.0
112.0 47.0
125.0 178.0
220.0 33.0
147.0 89.0
227.0 177.0
219.0 62.0
103.0 143.0
242.0 63.0
190.0 15.0
8.0 218.0
200.0 113.0
152.0 136.0
206.0 49.0
174.0 186.0
97.0 200.0
145.0 85.0
22.0 54.0
38.0 139.0
167.0 221.0
179.0 114.0
21.0 214.0
125.0 217.0
82.0 151.0
93.0 10.0
59.0 109.0
128.0 152.0
127.0 163.0
249.0 132.0
169.0 205.0
143.0 33.0
196.0 217.0
16.0 115.0
246.0 207.0
49.0 110.0
82.0 96.0
198.0 175.0
107.0 170.0
151.0 244.0
203.0 237.0
60.0 115.0
31.0 227.0
234.0 136.0
122.0 13.0
51.0 187.0
170.0 60.0
123.0 219.0
245.0 56.0
117.0 157.0
193.0 0.0
142.0 62.0
77.0 34.0
216.0 220.0
51.0 122.0
104.0 193.0
144.0 223.0
173.0 123.0
223.0 207.0
178.0 188.0
229.0 18.0
236.0 137.0
90.0 211.0
44.0 173.0
25.0 6.0
219.0 240.0
27.0 95.0
184.0 98.0
93.0 224.0
105.0 138.0
133.0 163.0
191.0 166.0
250.0 218.0
222.0 10.0
183.0 9.0
237.0 42.0
1.0 50.0
144.0 88.0
199.0 228.0
45.0 212.0
159.0 102.0
157.0 201.0
16.0 231.0
16.0 124.0
6.0 74.0
196.0 167.0
206.0 70.0
127.0 232.0
135.0 35.0
108.0 144.0
238.0 131.0
221.0 64.0
96.0 162.0
126.0 77.0
15.0 73.0
65.0 196.0
216.0 39.0
175.0 104.0
138.0 139.0
64.0 9.0
220.0 136.0
137.0 62.0
39.0 217.0
232.0 89.0
34.0 105.0
196.0 201.0
101.0 18.0
70.0 167.0
130.0 4.0
147.0 242.0
152.0 9.0
205.0 201.0
59.0 85.0
32.0 152.0
178.0 209.0
185.0 248.0
28.0 10.0
235.0 8.0
175.0 236.0
34.0 228.0
155.0 138.0
163.0 75.0
221.0 231.0
208.0 223.0
32.0 234.0
136.0 231.0
169.0 19.0
73.0 178.0
202.0 247.0
101.0 101.0
83.0 151.0
22.0 133.0
204.0 15.0
65.0 34.0
33.0 187.0
121.0 100.0
29.0 40.0
106.0 49.0
130.0 108.0
146.0 229.0
139.0 183.0
89.0 120.0
178.0 215.0
136.0 118.0
158.0 183.0
224.0 172.0
62.0 159.0
100.0 158.0
114.0 100.0
71.0 176.0
3.0 216.0
243.0 29.0
113.0 76.0
135.0 202.0
50.0 179.0
79.0 221.0
55.0 21.0
170.0 73.0
189.0 6.0
75.0 216.0
39.0 119.0
60.0 220.0
187.0 79.0
187.0 189.0
61.0 9.0
162.0 143.0
54.0 222.0
161.0 122.0
139.0 35.0
234.0 78.0
244.0 82.0
241.0 186.0
245.0 169.0
63.0 9.0
218.0 10.0
135.0 35.0
162.0 9.0
189.0 143.0
247.0 67.0
134.0 127.0
138.0 193.0
71.0 230.0
83.0 21.0
2.0 189.0
220.0 140.0
103.0 96.0
113.0 222.0
6.0 227.0
145.0 214.0
72.0 14.0
130.0 220.0
223.0 173.0
148.0 203.0
210.0 49.0
97.0 8.0
237.0 69.0
80.0 228.0
201.0 233.0
18.0 10.0
108.0 155.0
197.0 221.0
19.0 218.0
54.0 191.0
240.0 230.0
4.0 73.0
225.0 9.0
1.0 165.0
17.0 171.0
23.0 108.0
99.0 168.0
10.0 178.0
81.0 227.0
119.0 225.0
229.0 110.0
165.0 80.0
138.0 221.0
245.0 117.0
179.0 111.0
55.0 178.0
150.0 22.0
243.0 156.0
123.0 158.0
211.0 78.0
60.0 182.0
70.0 104.0
54.0 20.0
31.0 159.0
148.0 89.0
78.0 248.0
206.0 150.0
67.0 33.0
171.0 33.0
220.0 101.0
59.0 60.0
53.0 135.0
139.0 43.0
55.0 31.0
45.0 38.0
50.0 56.0
115.0 136.0
183.0 207.0
100.0 74.0
75.0 1.0
162.0 83.0
230.0 223.0
162.0 132.0
99.0 241.0
57.0 91.0
14.0 37.0
8.0 136.0
30.0 190.0
155.0 1.0
4.0 89.0
45.0 49.0
66.0 226.0
18.0 147.0
214.0 234.0
190.0 165.0
30.0 138.0
195.0 243.0
144.0 108.0
204.0 243.0
73.0 65.0
17.0 170.0
154.0 48.0
107.0 105.0
120.0 62.0
44.0 44.0
128.0 206.0
57.0 80.0
173.0 161.0
27.0 185.0
79.0 217.0
56.0 159.0
109.0 52.0
17.0 119.0
42.0 51.0
117.0 240.0
88.0 16.0
246.0 225.0
157.0 177.0
16.0 95.0
204.0 225.0
152.0 169.0
43.0 159.0
246.0 172.0
246.0 40.0
175.0 237.0
106.0 66.0
60.0 112.0
204.0 188.0
199.0 197.0
143.0 61.0
220.0 115.0
135.0 172.0
15.0 62.0
126.0 54.0
76.0 11.0
17.0 70.0
173.0 139.0
40.0 38.0
109.0 182.0
224.0 66.0
120.0 219.0
141.0 232.0
50.0 191.0
230.0 113.0
213.0 57.0
24.0 164.0
214.0 7.0
191.0 88.0
20.0 1.0
109.0 59.0
163.0 197.0
248.0 72.0
7.0 145.0
189.0 163.0
75.0 201.0
214.0 126.0
248.0 142.0
144.0 127.0
203.0 84.0
237.0 186.0
32.0 43.0
213.0 75.0
34.0 121.0
79.0 213.0
237.0 37.0
195.0 235.0
35.0 99.0
140.0 203.0
104.0 222.0
193.0 244.0
111.0 210.0
92.0 209.0
25.0 29.0
44.0 29.0
136.0 164.0
0.0 222.0
237.0 172.0
47.0 106.0
201.0 135.0
64.0 53.0
23.0 7.0
115.0 201.0
190.0 182.0
94.0 95.0
71.0 161.0
233.0 49.0
69.0 2.0
102.0 69.0
97.0 71.0
91.0 4.0
1.0 153.0
132.0 149.0
112.0 50.0
19.0 82.0
174.0 121.0
210.0 87.0
213.0 3.0
99.0 72.0
212.0 95.0
19.0 206.0
24.0 175.0
77.0 66.0
40.0 92.0
210.0 135.0
143.0 52.0
205.0 65.0
89.0 40.0
178.0 181.0
0.0 37.0
131.0 8.0
201.0 203.0
222.0 179.0
229.0 35.0
222.0 116.0
123.0 80.0
184.0 231.0
183.0 61.0
176.0 168.0
204.0 133.0
205.0 183.0
224.0 1.0
79.0 91.0
182.0 238.0
218.0 225.0
154.0 160.0
248.0 228.0
171.0 226.0
60.0 239.0
175.0 199.0
8.0 171.0
239.0 139.0
69.0 20.0
232.0 116.0
19.0 25.0
183.0 76.0
50.0 243.0
138.0 118.0
33.0 234.0
153.0 5.0
219.0 52.0
87.0 26.0
196.0 93.0
215.0 168.0
29.0 146.0
192.0 85.0
33.0 60.0
17.0 200.0
218.0 240.0
165.0 51.0
234.0 21.0
143.0 90.0
234.0 15.0
21.0 178.0
111.0 91.0
68.0 103.0
139.0 203.0
175.0 239.0
115.0 122.0
58.0 52.0
139.0 153.0
59.0 197.0
24.0 6.0
159.0 28.0
88.0 37.0
139.0 153.0
186.0 166.0
144.0 222.0
123.0 36.0
196.0 202.0
184.0 111.0
41.0 216.0
26.0 159.0
6.0 63.0
60.0 170.0
119.0 115.0
202.0 57.0
44.0 112.0
210.0 39.0
212.0 139.0
154.0 205.0
76.0 201.0
83.0 11.0
241.0 61.0
65.0 89.0
25.0 117.0
54.0 14.0
78.0 111.0
117.0 3.0
236.0 82.0
106.0 89.0
117.0 218.0
185.0 107.0
7.0 149.0
178.0 171.0
171.0 218.0
8.0 96.0
14.0 129.0
77.0 62.0
88.0 157.0
234.0 122.0
14.0 172.0
54.0 203.0
187.0 54.0
196.0 85.0
187.0 121.0
193.0 141.0
166.0 10.0
62.0 176.0
248.0 28.0
219.0 51.0
80.0 27.0
211.0 35.0
209.0 192.0
112.0 194.0
38.0 176.0
239.0 158.0
162.0 101.0
147.0 178.0
224.0 222.0
191.0 185.0
199.0 154.0
234.0 166.0
132.0 94.0
163.0 170.0
113.0 38.0
183.0 133.0
132.0 75.0
145.0 234.0
238.0 126.0
32.0 63.0
245.0 74.0
224.0 214.0
61.0 38.0
34.0 200.0
246.0 119.0
26.0 177.0
233.0 224.0
212.0 243.0
233.0 192.0
32.0 191.0
94.0 200.0
81.0 90.0
25.0 28.0
116.0 209.0
96.0 68.0
174.0 25.0
15.0 3.0
214.0 208.0
2.0 182.0
247.0 208.0
113.0 240.0
224.0 193.0
222.0 100.0
36.0 106.0
139.0 56.0
18.0 204.0
178.0 180.0
183.0 227.0
57.0 126.0
201.0 188.0
52.0 214.0
227.0 45.0
159.0 231.0
226.0 130.0
70.0 208.0
8.0 228.0
90.0 234.0
7.0 39.0
172.0 197.0
136.0 56.0
76.0 134.0
138.0 200.0
203.0 203.0
124.0 146.0
233.0 92.0
104.0 32.0
250.0 236.0
80.0 114.0
92.0 52.0
112.0 201.0
4.0 183.0
78.0 39.0
198.0 69.0
149.0 108.0
13.0 236.0
73.0 126.0
175.0 232.0
170.0 112.0
205.0 220.0
2.0 159.0
115.0 54.0
8.0 143.0
58.0 198.0
175.0 161.0
187.0 203.0
164.0 42.0
42.0 230.0
105.0 91.0
65.0 195.0
77.0 40.0
203.0 163.0
134.0 245.0
76.0 182.0
9.0 225.0
25.0 68.0
232.0 204.0
174.0 202.0
172.0 132.0
173.0 216.0
107.0 219.0
126.0 25.0
219.0 82.0
23.0 193.0
232.0 163.0
27.0 209.0
222.0 145.0
77.0 56.0
183.0 155.0
27.0 2.0
17.0 92.0
154.0 137.0
146.0 6.0
138.0 205.0
36.0 231.0
219.0 124.0
226.0 89.0
1.0 129.0
2.0 228.0
242.0 48.0
195.0 30.0
233.0 19.0
121.0 58.0
200.0 46.0
21.0 68.0
240.0 63.0
126.0 201.0
89.0 32.0
94.0 243.0
99.0 125.0
73.0 209.0
101.0 139.0
242.0 3.0
164.0 62.0
238.0 24.0
51.0 70.0
172.0 128.0
243.0 7.0
19.0 157.0
217.0 227.0
227.0 88.0
236.0 2.0
188.0 132.0
186.0 239.0
50.0 213.0
111.0 82.0
137.0 35.0
107.0 23.0
69.0 37.0
84.0 215.0
244.0 69.0
207.0 247.0
142.0 216.0
129.0 195.0
220.0 230.0
207.0 71.0
16.0 120.0
201.0 133.0
75.0 231.0
5.0 37.0
207.0 240.0
43.0 165.0
70.0 40.0
7.0 249.0
185.0 28.0
192.0 245.0
38.0 179.0
227.0 193.0
227.0 41.0
82.0 156.0
189.0 133.0
34.0 92.0
89.0 35.0
90.0 118.0
35.0 13.0
169.0 166.0
83.0 98.0
179.0 99.0
48.0 84.0
157.0 165.0
227.0 236.0
236.0 231.0
184.0 52.0
237.0 60.0
54.0 4.0
6.0 183.0
153.0 209.0
195.0 11.0
235.0 85.0
221.0 123.0
42.0 85.0
211.0 234.0
122.0 166.0
71.0 158.0
186.0 221.0
98.0 155.0
98.0 8.0
133.0 97.0
151.0 181.0
77.0 208.0
96.0 69.0
127.0 197.0
202.0 198.0
178.0 169.0
180.0 67.0
132.0 241.0
143.0 57.0
175.0 139.0
43.0 99.0
142.0 78.0
139.0 108.0
162.0 56.0
63.0 195.0
69.0 15.0
157.0 18.0
150.0 111.0
33.0 183.0
88.0 167.0
143.0 154.0
56.0 191.0
194.0 237.0
183.0 146.0
66.0 203.0
222.0 228.0
196.0 237.0
34.0 224.0
202.0 174.0
68.0 74.0
105.0 61.0
101.0 81.0
25.0 142.0
22.0 29.0
95.0 184.0
56.0 18.0
98.0 110.0
96.0 151.0
186.0 222.0
155.0 15.0
70.0 130.0
229.0 212.0
158.0 23.0
211.0 1.0
164.0 33.0
28.0 192.0
25.0 200.0
9.0 219.0
36.0 165.0
30.0 168.0
172.0 222.0
69.0 51.0
111.0 238.0
105.0 235.0
60.0 189.0
102.0 189.0
42.0 189.0
138.0 81.0
92.0 165.0
61.0 20.0
159.0 145.0
96.0 89.0
43.0 203.0
147.0 102.0
26.0 154.0
124.0 92.0
160.0 167.0
141.0 103.0
241.0 17.0
34.0 156.0
65.0 1.0
203.0 87.0
104.0 139.0
61.0 18.0
89.0 49.0
0.0 11.0
13.0 235.0
20.0 54.0
150.0 65.0
45.0 61.0
238.0 41.0
229.0 142.0
61.0 26.0
112.0 212.0
174.0 144.0
80.0 67.0
148.0 142.0
114.0 121.0
213.0 65.0
133.0 62.0
30.0 157.0
69.0 236.0
105.0 203.0
95.0 145.0
209.0 104.0
11.0 4.0
180.0 39.0
87.0 98.0
93.0 107.0
249.0 33.0
66.0 201.0
36.0 226.0
53.0 119.0
70.0 108.0
12.0 35.0
107.0 23.0
177.0 226.0
36.0 157.0
209.0 39.0
14.0 111.0
60.0 127.0
231.0 75.0
219.0 53.0
115.0 92.0
31.0 182.0
100.0 249.0
148.0 66.0
143.0 161.0
174.0 137.0
235.0 186.0
180.0 21.0
212.0 145.0
34.0 165.0
1.0 96.0
100.0 239.0
217.0 50.0
116.0 86.0
123.0 72.0
184.0 99.0
5.0 20.0
67.0 151.0
93.0 238.0
78.0 81.0
194.0 81.0
158.0 5.0
54.0 230.0
36.0 58.0
4.0 23.0
193.0 221.0
248.0 150.0
156.0 216.0
247.0 72.0
217.0 2.0
184.0 110.0
222.0 212.0
75.0 214.0
156.0 207.0
138.0 233.0
42.0 210.0
129.0 43.0
3.0 55.0
105.0 9.0
141.0 163.0
212.0 12.0
186.0 138.0
89.0 108.0
210.0 218.0
97.0 221.0
234.0 121.0
99.0 33.0
146.0 115.0
118.0 98.0
122.0 2.0
231.0 241.0
104.0 210.0
146.0 113.0
164.0 53.0
202.0 110.0
148.0 244.0
96.0 146.0
90.0 75.0
225.0 111.0
147.0 239.0
65.0 131.0
168.0 83.0
85.0 81.0
36.0 132.0
9.0 105.0
5.0 55.0
50.0 205.0
62.0 40.0
45.0 35.0
150.0 115.0
242.0 92.0
153.0 16.0
45.0 49.0
123.0 18.0
93.0 67.0
12.0 181.0
106.0 193.0
0.0 83.0
247.0 53.0
91.0 99.0
53.0 91.0
167.0 173.0
63.0 166.0
45.0 29.0
83.0 141.0
129.0 119.0
63.0 158.0
47.0 168.0
180.0 102.0
2.0 196.0
215.0 68.0
106.0 26.0
178.0 219.0
48.0 37.0
178.0 220.0
235.0 33.0
86.0 0.0
139.0 111.0
128.0 180.0
114.0 35.0
73.0 14.0
28.0 124.0
39.0 64.0
120.0 22.0
206.0 101.0
38.0 244.0
56.0 50.0
92.0 240.0
101.0 109.0
61.0 248.0
61.0 239.0
210.0 42.0
81.0 27.0
228.0 235.0
89.0 231.0
119.0 114.0
239.0 157.0
136.0 27.0
188.0 36.0
159.0 200.0
9.0 180.0
243.0 116.0
120.0 210.0
92.0 195.0
153.0 8.0
78.0 62.0
22.0 72.0
186.0 240.0
244.0 31.0
114.0 192.0
135.0 145.0
46.0 181.0
65.0 153.0
202.0 231.0
16.0 184.0
53.0 38.0
16.0 217.0
179.0 250.0
56.0 169.0
44.0 80.0
174.0 227.0
25.0 43.0
226.0 141.0
108.0 163.0
117.0 203.0
203.0 66.0
149.0 3.0
120.0 177.0
148.0 80.0
42.0 60.0
127.0 162.0
140.0 249.0
39.0 3.0
59.0 233.0
3.0 135.0
48.0 64.0
169.0 154.0
68.0 128.0
238.0 250.0
47.0 181.0
183.0 224.0
228.0 49.0
57.0 57.0
156.0 229.0
49.0 176.0
136.0 172.0
67.0 87.0
64.0 90.0
129.0 154.0
101.0 215.0
200.0 70.0
221.0 212.0
155.0 167.0
214.0 48.0
114.0 245.0
55.0 164.0
215.0 184.0
103.0 101.0
182.0 144.0
162.0 67.0
144.0 3.0
231.0 220.0
183.0 203.0
121.0 21.0
180.0 24.0
126.0 70.0
82.0 101.0
50.0 147.0
16.0 51.0
164.0 235.0
12.0 181.0
14.0 142.0
125.0 245.0
23.0 116.0
95.0 98.0
187.0 188.0
226.0 109.0
193.0 22.0
216.0 40.0
117.0 122.0
26.0 124.0
164.0 64.0
131.0 185.0
237.0 218.0
106.0 161.0
162.0 243.0
37.0 233.0
238.0 224.0
71.0 55.0
63.0 85.0
219.0 165.0
178.0 19.0
106.0 195.0
109.0 220.0
160.0 83.0
213.0 8.0
47.0 28.0
52.0 17.0
232.0 24.0
59.0 158.0
95.0 84.0
100.0 158.0
94.0 110.0
75.0 10.0
54.0 159.0
34.0 10.0
174.0 168.0
78.0 79.0
218.0 26.0
136.0 196.0
110.0 184.0
31.0 243.0
18.0 45.0
36.0 217.0
22.0 228.0
213.0 5.0
76.0 55.0
115.0 11.0

215.0 199.0
116.0 55.0
145.0 89.0
122.0 187.0
175.0 186.0
55.0 48.0
128.0 48.0
247.0 173.0
129.0 248.0
121.0 41.0
37.0 58.0
169.0 154.0
231.0 48.0
189.0 222.0
147.0 200.0
112.0 17.0
54.0 238.0
88.0 206.0
176.0 205.0
25.0 74.0
226.0 47.0
111.0 171.0
80.0 151.0
187.0 84.0
56.0 220.0
91.0 233.0
126.0 39.0
210.0 116.0
195.0 161.0
251.0 169.0
88.0 171.0
106.0 82.0
50.0 189.0
152.0 157.0
253.0 165.0
35.0 82.0
252.0 228.0
129.0 150.0
28.0 8.0
92.0 175.0
104.0 115.0
98.0 213.0
107.0 11.0
34.0 233.0
79.0 116.0
108.0 9.0
9.0 26.0
50.0 202.0
71.0 18.0
231.0 30.0
139.0 106.0
211.0 183.0
187.0 221.0
229.0 180.0
12.0 142.0
224.0 219.0
30.0 121.0
49.0 133.0
216.0 194.0
98.0 94.0
35.0 16.0
87.0 42.0
57.0 83.0
143.0 120.0
39.0 51.0
47.0 249.0
201.0 135.0
117.0 191.0
170.0 166.0
39.0 131.0
204.0 205.0
176.0 44.0
199.0 114.0
62.0 175.0
94.0 122.0
23.0 80.0
219.0 203.0
203.0 180.0
78.0 124.0
91.0 105.0
39.0 127.0
206.0 215.0
254.0 235.0
149.0 151.0
155.0 15.0
40.0 197.0
4.0 153.0
224.0 204.0
191.0 67.0
76.0 190.0
141.0 33.0
201.0 19.0
157.0 155.0
245.0 126.0
180.0 65.0
198.0 108.0
166.0 23.0
66.0 226.0
173.0 201.0
149.0 31.0
9.0 195.0
176.0 64.0
149.0 154.0
180.0 143.0
148.0 224.0
204.0 138.0
104.0 49.0
143.0 110.0
82.0 161.0
141.0 35.0
118.0 118.0
234.0 164.0
135.0 114.0
80.0 118.0
241.0 30.0
13.0 120.0
107.0 20.0
198.0 81.0
52.0 255.0
228.0 105.0
120.0 7.0
75.0 231.0
201.0 92.0
81.0 84.0
40.0 229.0
52.0 171.0
120.0 209.0
32.0 81.0
113.0 36.0
149.0 212.0
250.0 95.0
28.0 191.0
197.0 107.0
10.0 162.0
162.0 46.0
52.0 54.0
182.0 181.0
198.0 108.0
197.0 33.0
76.0 117.0
249.0 254.0
226.0 78.0
255.0 130.0
75.0 79.0
97.0 100.0
220.0 199.0
99.0 65.0
232.0 169.0
239.0 42.0
38.0 208.0
63.0 69.0
165.0 83.0
18.0 23.0
48.0 248.0
26.0 120.0
105.0 237.0
189.0 175.0
100.0 247.0
24.0 218.0
124.0 225.0
244.0 210.0
143.0 68.0
149.0 58.0
16.0 51.0
10.0 39.0
70.0 21.0
79.0 243.0
22.0 75.0
31.0 225.0
188.0 130.0
132.0 139.0
185.0 7.0
217.0 147.0
146.0 15.0
223.0 9.0
42.0 83.0
231.0 19.0
19.0 16.0
82.0 64.0
224.0 58.0
214.0 112.0
110.0 213.0
121.0 19.0
118.0 130.0
206.0 72.0
101.0 153.0
75.0 73.0
199.0 167.0
148.0 208.0
233.0 246.0
31.0 160.0
165.0 132.0
109.0 104.0
60.0 124.0
235.0 104.0
249.0 60.0
69.0 228.0
222.0 124.0
41.0 40.0
91.0 214.0
185.0 96.0
53.0 44.0
127.0 19.0
18.0 63.0
135.0 175.0
220.0 240.0
120.0 103.0
147.0 184.0
152.0 122.0
176.0 245.0
219.0 144.0
149.0 231.0
167.0 232.0
144.0 235.0
231.0 72.0
71.0 83.0
142.0 244.0
192.0 22.0
134.0 106.0
91.0 55.0
240.0 81.0
61.0 140.0
7.0 214.0
59.0 42.0
206.0 223.0
85.0 195.0
8.0 11.0
227.0 221.0
82.0 7.0
137.0 87.0
234.0 150.0
34.0 195.0
126.0 38.0
150.0 224.0
106.0 154.0
52.0 184.0
61.0 73.0
154.0 104.0
154.0 236.0
243.0 168.0
42.0 222.0
169.0 154.0
52.0 61.0
158.0 64.0
206.0 128.0
78.0 186.0
77.0 5.0
156.0 119.0
156.0 249.0
137.0 103.0
75.0 90.0
66.0 85.0
67.0 87.0
196.0 216.0
62.0 177.0
169.0 95.0
215.0 6.0
61.0 79.0
113.0 83.0
72.0 96.0
112.0 49.0
71.0 173.0
143.0 217.0
152.0 205.0
89.0 51.0
58.0 99.0
194.0 109.0
191.0 145.0
208.0 244.0
38.0 153.0
139.0 230.0
25.0 96.0
148.0 202.0
17.0 124.0
139.0 224.0
154.0 116.0
151.0 246.0
40.0 231.0
9.0 140.0
151.0 248.0
202.0 186.0
97.0 54.0
91.0 94.0
218.0 179.0
17.0 41.0
19.0 93.0
34.0 198.0
75.0 87.0
255.0 89.0
251.0 48.0
92.0 139.0
16.0 53.0
61.0 137.0
94.0 15.0
54.0 55.0
21.0 147.0
62.0 136.0
85.0 131.0
220.0 26.0
26.0 84.0
203.0 243.0
92.0 134.0
4.0 138.0
12.0 56.0
25.0 12.0
36.0 137.0
60.0 175.0
28.0 129.0
52.0 252.0
110.0 47.0
53.0 94.0
243.0 75.0
117.0 24.0
90.0 210.0
210.0 147.0
189.0 8.0
11.0 56.0
158.0 206.0
255.0 45.0
62.0 212.0
138.0 45.0
76.0 108.0
118.0 17.0
174.0 20.0
179.0 142.0
101.0 142.0
43.0 151.0
242.0 137.0
39.0 44.0
22.0 75.0
220.0 128.0
76.0 14.0
74.0 39.0
176.0 237.0
41.0 253.0
74.0 164.0
49.0 160.0
79.0 30.0
158.0 111.0
161.0 27.0
172.0 39.0
59.0 71.0
160.0 44.0
8.0 41.0
102.0 110.0
239.0 64.0
36.0 235.0
189.0 239.0
4.0 18.0
9.0 66.0
30.0 99.0
133.0 69.0
108.0 138.0
131.0 240.0
11.0 74.0
16.0 232.0
59.0 33.0
59.0 217.0
245.0 176.0
188.0 254.0
6.0 32.0
135.0 234.0
181.0 231.0
37.0 66.0
8.0 6.0
31.0 107.0
146.0 103.0
159.0 60.0
152.0 227.0
36.0 248.0
40.0 114.0
184.0 168.0
247.0 218.0
107.0 253.0
199.0 209.0
182.0 176.0
248.0 175.0
11.0 29.0
5.0 48.0
224.0 34.0
231.0 106.0
223.0 12.0
166.0 104.0
253.0 152.0
104.0 71.0
172.0 159.0
240.0 185.0
136.0 233.0
141.0 125.0
252.0 43.0
85.0 219.0
9.0 44.0
207.0 115.0
165.0 196.0
47.0 212.0
47.0 246.0
103.0 184.0
29.0 86.0
79.0 207.0
58.0 161.0
85.0 106.0
92.0 87.0
87.0 160.0
219.0 97.0
230.0 122.0
172.0 58.0
218.0 116.0
142.0 102.0
11.0 73.0
240.0 187.0
131.0 236.0
109.0 47.0
206.0 27.0
211.0 202.0
188.0 166.0
98.0 113.0
253.0 243.0
122.0 60.0
154.0 244.0
248.0 122.0
204.0 84.0
39.0 49.0
37.0 48.0
127.0 14.0
132.0 55.0
82.0 94.0
220.0 49.0
163.0 174.0
111.0 15.0
184.0 210.0
211.0 68.0
142.0 164.0
162.0 9.0
217.0 196.0
193.0 128.0
126.0 28.0
47.0 59.0
115.0 205.0
185.0 82.0
169.0 26.0
235.0 40.0
97.0 39.0
10.0 153.0
215.0 181.0
231.0 27.0
142.0 115.0
125.0 245.0
53.0 7.0
116.0 236.0
64.0 113.0
251.0 163.0
180.0 58.0
135.0 172.0
102.0 60.0
126.0 101.0
244.0 136.0
28.0 119.0
89.0 107.0
44.0 38.0
129.0 94.0
188.0 109.0
137.0 218.0
23.0 183.0
131.0 41.0
11.0 211.0
179.0 88.0
16.0 28.0
19.0 127.0
93.0 53.0
248.0 175.0
241.0 231.0
194.0 248.0
124.0 184.0
120.0 248.0
58.0 106.0
221.0 85.0
143.0 133.0
196.0 58.0
225.0 181.0
220.0 35.0
196.0 83.0
6.0 224.0
168.0 130.0
135.0 5.0
148.0 244.0
193.0 30.0
175.0 245.0
82.0 98.0
138.0 77.0
107.0 201.0
80.0 65.0
119.0 120.0
158.0 226.0
164.0 50.0
108.0 29.0
65.0 39.0
72.0 48.0
28.0 118.0
235.0 23.0
249.0 227.0
230.0 108.0
75.0 211.0
202.0 234.0
41.0 156.0
28.0 251.0
187.0 149.0
34.0 111.0
108.0 147.0
49.0 161.0
61.0 163.0
231.0 160.0
159.0 52.0
187.0 249.0
112.0 22.0
187.0 89.0
174.0 245.0
68.0 255.0
131.0 56.0
55.0 20.0
138.0 50.0
209.0 198.0
45.0 139.0
92.0 90.0
237.0 238.0
240.0 42.0
179.0 83.0
167.0 73.0
91.0 182.0
99.0 185.0
110.0 5.0
44.0 171.0
156.0 102.0
47.0 194.0
47.0 72.0
52.0 66.0
197.0 225.0
154.0 105.0
39.0 241.0
19.0 146.0
165.0 10.0
104.0 205.0
184.0 129.0
118.0 238.0
150.0 64.0
217.0 141.0
216.0 121.0
228.0 11.0
236.0 102.0
57.0 5.0
65.0 111.0
181.0 144.0
185.0 108.0
240.0 17.0
35.0 218.0
38.0 156.0
18.0 48.0
71.0 141.0
223.0 156.0
13.0 21.0
177.0 21.0
160.0 89.0
59.0 72.0
159.0 163.0
85.0 208.0
97.0 254.0
69.0 21.0
204.0 248.0
36.0 20.0
98.0 246.0
13.0 190.0
171.0 137.0
236.0 56.0
234.0 149.0
22.0 234.0
100.0 87.0
172.0 230.0
106.0 110.0
66.0 115.0
106.0 138.0
124.0 218.0
124.0 146.0
209.0 65.0
19.0 6.0
21.0 97.0
227.0 55.0
182.0 37.0
90.0 145.0
179.0 30.0
189.0 15.0
230.0 49.0
66.0 68.0
134.0 133.0
137.0 51.0
49.0 240.0
50.0 93.0
116.0 179.0
156.0 204.0
231.0 85.0
244.0 101.0
87.0 198.0
79.0 47.0
55.0 82.0
230.0 217.0
224.0 163.0
151.0 160.0
37.0 77.0
125.0 231.0
176.0 107.0
110.0 194.0
75.0 72.0
25.0 225.0
11.0 43.0
120.0 171.0
99.0 166.0
86.0 177.0
217.0 64.0
171.0 98.0
78.0 234.0
123.0 10.0
119.0 24.0
42.0 65.0
10.0 242.0
117.0 140.0
115.0 125.0
229.0 172.0
48.0 43.0
219.0 195.0
72.0 89.0
216.0 182.0
80.0 50.0
179.0 251.0
28.0 250.0
188.0 12.0
209.0 168.0
17.0 230.0
84.0 205.0
102.0 186.0
207.0 81.0
123.0 68.0
77.0 164.0
176.0 124.0
73.0 46.0
84.0 46.0
190.0 83.0
247.0 173.0
97.0 51.0
192.0 142.0
120.0 16.0
77.0 185.0
37.0 236.0
216.0 39.0
165.0 249.0
237.0 106.0
14.0 163.0
56.0 160.0
102.0 126.0
190.0 122.0
56.0 113.0
175.0 104.0
21.0 192.0
242.0 48.0
98.0 216.0
184.0 119.0
188.0 11.0
151.0 21.0
123.0 118.0
185.0 224.0
78.0 53.0
116.0 212.0
14.0 245.0
16.0 101.0
244.0 254.0
189.0 75.0
54.0 67.0
18.0 151.0
66.0 149.0
45.0 89.0
136.0 243.0
199.0 74.0
104.0 174.0
194.0 102.0
102.0 12.0
148.0 106.0
74.0 40.0
32.0 106.0
70.0 190.0
138.0 29.0
167.0 43.0
97.0 139.0
122.0 192.0
197.0 87.0
32.0 171.0
170.0 129.0
227.0 143.0
117.0 179.0
41.0 152.0
60.0 85.0
46.0 19.0
205.0 205.0
25.0 70.0
248.0 12.0
199.0 136.0
206.0 198.0
12.0 150.0
223.0 153.0
176.0 146.0
212.0 99.0
172.0 114.0
153.0 207.0
213.0 152.0
12.0 57.0
62.0 221.0
26.0 139.0
46.0 80.0
160.0 158.0
37.0 104.0
99.0 197.0
148.0 149.0
232.0 143.0
223.0 62.0
87.0 22.0
81.0 124.0
82.0 62.0
151.0 147.0
155.0 235.0
97.0 152.0
250.0 199.0
219.0 185.0
140.0 92.0
82.0 124.0
139.0 130.0
50.0 118.0
94.0 135.0
13.0 151.0
82.0 90.0
178.0 13.0
40.0 163.0
15.0 25.0
190.0 223.0
147.0 157.0
57.0 160.0
155.0 74.0
92.0 113.0
164.0 58.0
79.0 98.0
116.0 243.0
189.0 230.0
179.0 16.0
19.0 170.0
92.0 65.0
62.0 129.0
16.0 142.0
109.0 140.0
61.0 108.0
142.0 93.0
186.0 171.0
71.0 135.0
34.0 73.0
37.0 5.0
244.0 210.0
242.0 55.0
190.0 102.0
123.0 168.0
80.0 49.0
30.0 174.0
219.0 252.0
21.0 121.0
253.0 164.0
94.0 96.0
60.0 173.0
113.0 127.0
10.0 17.0
83.0 177.0
107.0 185.0
192.0 182.0
108.0 48.0
109.0 21.0
37.0 103.0
131.0 182.0
48.0 224.0
21.0 223.0
138.0 157.0
212.0 109.0
130.0 23.0
178.0 168.0
224.0 200.0
205.0 131.0
173.0 232.0
12.0 80.0
66.0 248.0
100.0 221.0
47.0 166.0
88.0 120.0
177.0 43.0
126.0 192.0
104.0 217.0
211.0 248.0
87.0 233.0
135.0 244.0
209.0 71.0
22.0 142.0
217.0 39.0
40.0 178.0
145.0 235.0
157.0 84.0
35.0 55.0
114.0 129.0
112.0 19.0
122.0 213.0
18.0 46.0
90.0 213.0
126.0 44.0
251.0 214.0
154.0 98.0
137.0 185.0
234.0 217.0
121.0 113.0
29.0 55.0
119.0 23.0
154.0 242.0
44.0 37.0
162.0 32.0
231.0 18.0
199.0 82.0
32.0 59.0
208.0 202.0
188.0 31.0
166.0 219.0
77.0 17.0
138.0 209.0
20.0 28.0
228.0 104.0
152.0 169.0
59.0 56.0
167.0 15.0
49.0 170.0
43.0 56.0
227.0 137.0
208.0 249.0
169.0 15.0
128.0 228.0
238.0 4.0
113.0 98.0
77.0 166.0
8.0 162.0
142.0 10.0
140.0 206.0
90.0 15.0
81.0 33.0
224.0 190.0
243.0 16.0
151.0 55.0
202.0 196.0
241.0 38.0
153.0 118.0
181.0 75.0
52.0 20.0
43.0 251.0
189.0 219.0
107.0 144.0
101.0 171.0
170.0 115.0
7.0 157.0
206.0 40.0
255.0 242.0
65.0 131.0
87.0 51.0
96.0 225.0
107.0 115.0
46.0 20.0
126.0 254.0
51.0 38.0
137.0 126.0
106.0 208.0
216.0 196.0
250.0 150.0
249.0 246.0
235.0 208.0
140.0 246.0
44.0 233.0
13.0 59.0
93.0 224.0
214.0 241.0
191.0 204.0
236.0 224.0
167.0 144.0
253.0 45.0
112.0 104.0
251.0 36.0
52.0 30.0
82.0 251.0
88.0 81.0
36.0 188.0
221.0 213.0
165.0 169.0
253.0 47.0
32.0 123.0
143.0 155.0
30.0 205.0
20.0 125.0
54.0 125.0
171.0 174.0
63.0 41.0
53.0 61.0
159.0 215.0
11.0 170.0
106.0 194.0
165.0 166.0
90.0 53.0
207.0 208.0
169.0 125.0
24.0 219.0
186.0 134.0
218.0 124.0
172.0 228.0
39.0 155.0
124.0 253.0
252.0 235.0
99.0 122.0
21.0 211.0
112.0 12.0
207.0 44.0
151.0 77.0
64.0 113.0
174.0 76.0
98.0 86.0
47.0 222.0
188.0 206.0
133.0 254.0
104.0 246.0
120.0 176.0
180.0 146.0
192.0 51.0
104.0 216.0
14.0 172.0
240.0 17.0
207.0 63.0
70.0 200.0
206.0 114.0
31.0 21.0
50.0 76.0
210.0 227.0
114.0 150.0
57.0 89.0
183.0 21.0
214.0 222.0
33.0 155.0
204.0 57.0
60.0 138.0
255.0 207.0
179.0 222.0
84.0 34.0
239.0 230.0
80.0 222.0
7.0 97.0
53.0 65.0
80.0 130.0
119.0 146.0
194.0 87.0
41.0 241.0
139.0 22.0
185.0 254.0
122.0 179.0
52.0 119.0
168.0 210.0
174.0 141.0
25.0 139.0
206.0 55.0
46.0 237.0
124.0 152.0
130.0 53.0
233.0 132.0
64.0 225.0
30.0 177.0
226.0 116.0
246.0 242.0
153.0 47.0
239.0 202.0
229.0 83.0
189.0 243.0
209.0 212.0
125.0 221.0
153.0 20.0
121.0 45.0
117.0 105.0
97.0 150.0
95.0 173.0
126.0 12.0
106.0 182.0
106.0 122.0
126.0 140.0
62.0 35.0
74.0 6.0
28.0 7.0
198.0 192.0
227.0 188.0
223.0 253.0
21.0 79.0
184.0 113.0
70.0 37.0
189.0 55.0
245.0 167.0
210.0 201.0
93.0 38.0
215.0 64.0
90.0 172.0
121.0 50.0
33.0 102.0
53.0 100.0
242.0 99.0
207.0 228.0
243.0 226.0
204.0 21.0
18.0 195.0
104.0 236.0
109.0 58.0
103.0 178.0
34.0 91.0
184.0 123.0
159.0 19.0
139.0 95.0
141.0 68.0
108.0 129.0
202.0 118.0
145.0 225.0
200.0 63.0
143.0 222.0
165.0 52.0
197.0 189.0
116.0 53.0
130.0 184.0
225.0 39.0
153.0 94.0
232.0 182.0
223.0 66.0
107.0 149.0
246.0 69.0
195.0 20.0
14.0 223.0
205.0 119.0
156.0 141.0
212.0 54.0
179.0 190.0
102.0 204.0
150.0 90.0
27.0 58.0
44.0 143.0
173.0 225.0
183.0 120.0
26.0 219.0
129.0 222.0
88.0 155.0
99.0 16.0
64.0 114.0
133.0 157.0
132.0 168.0
254.0 137.0
173.0 211.0
148.0 39.0
200.0 222.0
22.0 121.0
250.0 212.0
54.0 114.0
87.0 100.0
203.0 180.0
112.0 175.0
157.0 249.0
208.0 243.0
65.0 120.0
37.0 231.0
239.0 141.0
126.0 18.0
56.0 193.0
174.0 65.0
127.0 223.0
251.0 61.0
122.0 163.0
198.0 5.0
148.0 68.0
82.0 39.0
221.0 225.0
57.0 126.0
109.0 199.0
149.0 227.0
177.0 129.0
228.0 212.0
182.0 192.0
235.0 24.0
241.0 142.0
95.0 216.0
49.0 179.0
31.0 12.0
224.0 245.0
33.0 100.0
189.0 102.0
97.0 229.0
110.0 142.0
137.0 169.0
197.0 171.0
256.0 224.0
226.0 15.0
188.0 14.0
242.0 46.0
5.0 56.0
149.0 92.0
204.0 233.0
50.0 218.0
165.0 107.0
161.0 206.0
21.0 236.0
21.0 128.0
11.0 78.0
201.0 172.0
210.0 75.0
132.0 236.0
141.0 39.0
114.0 148.0
243.0 136.0
225.0 70.0
100.0 168.0
131.0 83.0
20.0 79.0
70.0 201.0
222.0 45.0
180.0 109.0
143.0 143.0
68.0 14.0
224.0 141.0
142.0 68.0
45.0 222.0
237.0 95.0
38.0 109.0
201.0 206.0
106.0 23.0
75.0 171.0
135.0 9.0
153.0 246.0
157.0 15.0
211.0 207.0
63.0 90.0
37.0 158.0
183.0 215.0
190.0 254.0
33.0 16.0
241.0 14.0
181.0 240.0
38.0 232.0
160.0 143.0
168.0 81.0
226.0 235.0
213.0 228.0
38.0 239.0
142.0 236.0
174.0 24.0
77.0 183.0
207.0 252.0
107.0 106.0
89.0 157.0
28.0 139.0
208.0 21.0
71.0 39.0
37.0 192.0
126.0 104.0
33.0 46.0
111.0 55.0
134.0 113.0
150.0 233.0
143.0 187.0
93.0 125.0
184.0 221.0
141.0 124.0
163.0 188.0
230.0 176.0
66.0 164.0
106.0 163.0
119.0 106.0
76.0 181.0
7.0 220.0
248.0 34.0
118.0 81.0
140.0 208.0
55.0 183.0
84.0 225.0
60.0 25.0
174.0 77.0
195.0 11.0
80.0 221.0
44.0 125.0
65.0 224.0
193.0 84.0
193.0 195.0
67.0 15.0
167.0 147.0
58.0 226.0
166.0 127.0
145.0 41.0
239.0 83.0
250.0 86.0
247.0 190.0
251.0 174.0
69.0 14.0
223.0 14.0
141.0 39.0
166.0 15.0
193.0 149.0
251.0 72.0
139.0 132.0
142.0 198.0
75.0 235.0
89.0 26.0
7.0 194.0
226.0 144.0
108.0 101.0
117.0 227.0
11.0 232.0
150.0 219.0
77.0 19.0
135.0 224.0
229.0 179.0
153.0 209.0
214.0 55.0
103.0 14.0
242.0 74.0
85.0 232.0
205.0 238.0
23.0 14.0
113.0 159.0
203.0 227.0
24.0 222.0
59.0 197.0
245.0 235.0
9.0 79.0
230.0 14.0
7.0 170.0
22.0 176.0
27.0 113.0
103.0 172.0
15.0 183.0
86.0 231.0
125.0 229.0
234.0 114.0
170.0 84.0
142.0 226.0
250.0 121.0
183.0 116.0
61.0 183.0
155.0 28.0
247.0 161.0
127.0 163.0
217.0 82.0
66.0 187.0
76.0 110.0
58.0 26.0
37.0 164.0
152.0 95.0
84.0 253.0
212.0 155.0
72.0 38.0
177.0 38.0
225.0 105.0
63.0 65.0
59.0 139.0
143.0 48.0
61.0 35.0
49.0 42.0
55.0 61.0
121.0 141.0
189.0 213.0
105.0 79.0
79.0 6.0
167.0 87.0
234.0 228.0
168.0 138.0
103.0 246.0
62.0 97.0
19.0 42.0
13.0 141.0
35.0 196.0
159.0 7.0
9.0 95.0
51.0 55.0
71.0 231.0
23.0 152.0
220.0 239.0
195.0 170.0
34.0 143.0
200.0 249.0
149.0 113.0
208.0 248.0
78.0 70.0
22.0 176.0
160.0 54.0
112.0 111.0
124.0 68.0
48.0 50.0
132.0 211.0
62.0 84.0
179.0 165.0
32.0 191.0
84.0 222.0
61.0 163.0
115.0 57.0
23.0 123.0
47.0 57.0
121.0 244.0
93.0 21.0
250.0 230.0
163.0 182.0
21.0 101.0
209.0 230.0
158.0 173.0
48.0 164.0
251.0 177.0
251.0 44.0
180.0 242.0
111.0 71.0
65.0 116.0
209.0 193.0
204.0 203.0
147.0 67.0
224.0 120.0
140.0 178.0
20.0 66.0
130.0 58.0
82.0 17.0
23.0 76.0
178.0 143.0
45.0 44.0
113.0 187.0
229.0 71.0
124.0 224.0
145.0 236.0
54.0 197.0
236.0 117.0
218.0 61.0
28.0 169.0
219.0 12.0
195.0 93.0
25.0 6.0
113.0 63.0
167.0 203.0
253.0 78.0
13.0 150.0
195.0 169.0
81.0 207.0
220.0 132.0
253.0 146.0
149.0 131.0
209.0 89.0
242.0 192.0
38.0 49.0
218.0 80.0
39.0 126.0
84.0 218.0
241.0 43.0
200.0 240.0
40.0 104.0
144.0 208.0
108.0 227.0
198.0 250.0
115.0 215.0
97.0 214.0
29.0 34.0
50.0 33.0
140.0 169.0
5.0 227.0
242.0 177.0
53.0 111.0
206.0 140.0
68.0 58.0
28.0 13.0
120.0 206.0
195.0 186.0
99.0 100.0
77.0 165.0
238.0 54.0
74.0 7.0
106.0 73.0
103.0 75.0
96.0 10.0
6.0 159.0
137.0 153.0
116.0 55.0
24.0 86.0
179.0 125.0
214.0 92.0
218.0 8.0
103.0 76.0
216.0 101.0
23.0 211.0
29.0 180.0
81.0 71.0
46.0 97.0
216.0 141.0
148.0 56.0
209.0 71.0
93.0 45.0
183.0 186.0
4.0 42.0
136.0 12.0
205.0 209.0
227.0 185.0
234.0 41.0
226.0 121.0
128.0 85.0
190.0 236.0
188.0 66.0
181.0 172.0
210.0 139.0
209.0 188.0
228.0 7.0
84.0 96.0
188.0 243.0
223.0 230.0
159.0 165.0
253.0 233.0
175.0 231.0
65.0 243.0
179.0 203.0
12.0 175.0
243.0 143.0
74.0 25.0
238.0 122.0
24.0 30.0
187.0 80.0
55.0 247.0
143.0 122.0
38.0 240.0
158.0 9.0
225.0 57.0
91.0 31.0
200.0 98.0
220.0 173.0
34.0 151.0
197.0 89.0
37.0 65.0
23.0 206.0
224.0 246.0
170.0 56.0
240.0 27.0
148.0 95.0
240.0 21.0
27.0 183.0
116.0 97.0
73.0 109.0
144.0 208.0
180.0 244.0
120.0 127.0
63.0 58.0
144.0 158.0
64.0 202.0
30.0 11.0
164.0 33.0
93.0 43.0
144.0 158.0
190.0 172.0
149.0 226.0
128.0 42.0
202.0 207.0
188.0 116.0
46.0 221.0
31.0 164.0
11.0 68.0
65.0 174.0
125.0 120.0
207.0 61.0
50.0 116.0
216.0 43.0
218.0 143.0
159.0 209.0
82.0 206.0
89.0 16.0
247.0 66.0
71.0 95.0
30.0 122.0
58.0 19.0
84.0 116.0
122.0 8.0
240.0 87.0
111.0 94.0
122.0 222.0
189.0 113.0
12.0 154.0
183.0 177.0
175.0 224.0
12.0 100.0
20.0 134.0
81.0 68.0
94.0 162.0
238.0 126.0
19.0 177.0
59.0 208.0
192.0 60.0
200.0 91.0
193.0 127.0
198.0 146.0
171.0 16.0
68.0 180.0
253.0 32.0
224.0 56.0
84.0 32.0
215.0 40.0
214.0 196.0
118.0 199.0
43.0 182.0
243.0 162.0
166.0 105.0
153.0 183.0
229.0 228.0
196.0 191.0
205.0 159.0
240.0 172.0
138.0 100.0
169.0 174.0
118.0 44.0
188.0 138.0
137.0 80.0
150.0 239.0
243.0 132.0
38.0 68.0
249.0 79.0
228.0 218.0
66.0 43.0
38.0 206.0
252.0 124.0
31.0 182.0
237.0 230.0
217.0 248.0
237.0 196.0
38.0 197.0
99.0 206.0
86.0 95.0
29.0 33.0
121.0 215.0
100.0 73.0
180.0 31.0
19.0 9.0
219.0 212.0
6.0 187.0
252.0 213.0
118.0 245.0
229.0 198.0
227.0 105.0
42.0 111.0
144.0 62.0
24.0 209.0
183.0 185.0
188.0 231.0
62.0 131.0
206.0 193.0
58.0 219.0
233.0 50.0
163.0 236.0
230.0 135.0
74.0 213.0
14.0 234.0
94.0 239.0
13.0 45.0
177.0 203.0
141.0 60.0
81.0 139.0
143.0 205.0
209.0 208.0
129.0 151.0
239.0 97.0
108.0 37.0
255.0 240.0
85.0 119.0
97.0 57.0
117.0 206.0
9.0 187.0
83.0 44.0
204.0 75.0
154.0 114.0
18.0 241.0
79.0 131.0
180.0 236.0
174.0 116.0
210.0 225.0
7.0 164.0
121.0 60.0
13.0 148.0
63.0 202.0
180.0 165.0
191.0 208.0
170.0 47.0
46.0 235.0
110.0 96.0
70.0 201.0
81.0 45.0
207.0 168.0
139.0 250.0
82.0 188.0
15.0 231.0
31.0 73.0
236.0 208.0
178.0 207.0
176.0 136.0
178.0 222.0
111.0 224.0
131.0 29.0
225.0 86.0
29.0 198.0
236.0 168.0
31.0 214.0
227.0 151.0
83.0 62.0
188.0 160.0
31.0 7.0
22.0 96.0
160.0 141.0
151.0 12.0
143.0 209.0
40.0 235.0
224.0 130.0
231.0 94.0
5.0 135.0
6.0 234.0
247.0 53.0
199.0 35.0
239.0 24.0
126.0 62.0
205.0 52.0
26.0 72.0
244.0 69.0
131.0 205.0
94.0 37.0
99.0 248.0
104.0 129.0
79.0 214.0
105.0 143.0
247.0 8.0
170.0 66.0
244.0 29.0
56.0 75.0
177.0 133.0
248.0 12.0
24.0 162.0
222.0 233.0
232.0 93.0
241.0 7.0
192.0 138.0
191.0 243.0
56.0 218.0
117.0 88.0
142.0 40.0
112.0 28.0
74.0 42.0
88.0 219.0
248.0 73.0
212.0 252.0
147.0 220.0
134.0 200.0
226.0 235.0
211.0 77.0
20.0 126.0
206.0 138.0
80.0 236.0
11.0 43.0
212.0 245.0
48.0 169.0
74.0 45.0
13.0 254.0
189.0 34.0
197.0 249.0
43.0 183.0
231.0 197.0
232.0 45.0
87.0 162.0
194.0 139.0
39.0 98.0
94.0 41.0
95.0 123.0
40.0 19.0
173.0 170.0
87.0 102.0
185.0 104.0
52.0 89.0
162.0 169.0
232.0 241.0
240.0 235.0
189.0 58.0
242.0 65.0
59.0 10.0
10.0 188.0
157.0 214.0
200.0 16.0
241.0 89.0
225.0 127.0
46.0 91.0
216.0 239.0
127.0 171.0
76.0 163.0
191.0 225.0
103.0 160.0
104.0 12.0
138.0 102.0
155.0 186.0
81.0 212.0
101.0 73.0
132.0 202.0
207.0 203.0
184.0 174.0
184.0 72.0
136.0 247.0
148.0 62.0
180.0 145.0
48.0 103.0
147.0 83.0
144.0 113.0
168.0 62.0
68.0 201.0
74.0 20.0
162.0 24.0
156.0 116.0
38.0 187.0
94.0 172.0
148.0 159.0
61.0 195.0
199.0 243.0
188.0 152.0
70.0 209.0
228.0 232.0
202.0 243.0
39.0 229.0
207.0 179.0
73.0 78.0
109.0 66.0
106.0 87.0
31.0 146.0
26.0 35.0
99.0 189.0
62.0 22.0
102.0 114.0
101.0 155.0
191.0 226.0
160.0 21.0
75.0 135.0
235.0 216.0
163.0 28.0
216.0 7.0
170.0 39.0
33.0 196.0
29.0 205.0
15.0 224.0
42.0 169.0
36.0 174.0
177.0 227.0
74.0 55.0
115.0 244.0
110.0 240.0
65.0 194.0
107.0 193.0
47.0 195.0
142.0 86.0
98.0 170.0
66.0 24.0
165.0 149.0
101.0 94.0
47.0 208.0
152.0 106.0
32.0 158.0
129.0 97.0
165.0 171.0
146.0 109.0
247.0 22.0
39.0 160.0
70.0 6.0
208.0 91.0
109.0 145.0
66.0 22.0
93.0 53.0
5.0 15.0
17.0 239.0
25.0 59.0
155.0 70.0
51.0 66.0
243.0 46.0
234.0 147.0
67.0 31.0
116.0 217.0
178.0 149.0
84.0 72.0
153.0 147.0
119.0 126.0
218.0 69.0
137.0 67.0
35.0 161.0
73.0 241.0
109.0 209.0
100.0 149.0
214.0 109.0
16.0 9.0
185.0 43.0
93.0 102.0
99.0 113.0
255.0 39.0
71.0 206.0
41.0 232.0
57.0 124.0
76.0 113.0
16.0 40.0
112.0 28.0
182.0 231.0
41.0 162.0
214.0 43.0
19.0 116.0
65.0 131.0
237.0 79.0
223.0 57.0
121.0 97.0
36.0 188.0
104.0 255.0
153.0 70.0
148.0 166.0
178.0 141.0
239.0 192.0
185.0 27.0
218.0 149.0
39.0 170.0
5.0 100.0
105.0 244.0
222.0 55.0
120.0 91.0
128.0 78.0
188.0 104.0
11.0 26.0
71.0 156.0
99.0 243.0
83.0 85.0
198.0 87.0
164.0 10.0
60.0 235.0
40.0 63.0
10.0 27.0
199.0 226.0
254.0 155.0
161.0 221.0
252.0 78.0
223.0 6.0
189.0 114.0
226.0 217.0
80.0 218.0
160.0 213.0
143.0 238.0
47.0 215.0
134.0 47.0
8.0 59.0
110.0 14.0
145.0 169.0
217.0 17.0
190.0 144.0
94.0 112.0
216.0 223.0
103.0 227.0
240.0 126.0
104.0 37.0
151.0 119.0
123.0 102.0
127.0 7.0
235.0 247.0
109.0 215.0
151.0 119.0
169.0 58.0
207.0 115.0
152.0 250.0
100.0 150.0
95.0 80.0
229.0 116.0
151.0 245.0
71.0 136.0
172.0 88.0
89.0 86.0
40.0 137.0
14.0 111.0
11.0 60.0
56.0 209.0
67.0 44.0
50.0 40.0
155.0 120.0
247.0 96.0
157.0 21.0
50.0 53.0
128.0 23.0
98.0 71.0
17.0 186.0
112.0 199.0
6.0 88.0
252.0 59.0
95.0 104.0
57.0 96.0
172.0 178.0
69.0 171.0
49.0 34.0
89.0 145.0
135.0 125.0
68.0 163.0
53.0 173.0
185.0 107.0
8.0 201.0
219.0 73.0
111.0 31.0
182.0 224.0
53.0 41.0
182.0 225.0
240.0 37.0
91.0 4.0
144.0 115.0
133.0 186.0
119.0 39.0
78.0 20.0
32.0 129.0
44.0 68.0
124.0 27.0
211.0 106.0
43.0 250.0
61.0 56.0
97.0 245.0
107.0 114.0
66.0 253.0
67.0 243.0
216.0 46.0
86.0 31.0
232.0 240.0
93.0 235.0
125.0 119.0
244.0 161.0
141.0 33.0
193.0 41.0
163.0 204.0
14.0 184.0
247.0 120.0
126.0 214.0
98.0 200.0
157.0 13.0
82.0 67.0
27.0 77.0
192.0 244.0
250.0 37.0
119.0 196.0
141.0 151.0
52.0 186.0
70.0 159.0
208.0 237.0
20.0 190.0
58.0 42.0
20.0 221.0
184.0 255.0
61.0 175.0
50.0 84.0
179.0 232.0
31.0 49.0
232.0 147.0
114.0 168.0
121.0 209.0
208.0 71.0
154.0 8.0
124.0 183.0
153.0 86.0
46.0 64.0
131.0 166.0
144.0 253.0
44.0 7.0
63.0 238.0
8.0 140.0
53.0 68.0
175.0 159.0
73.0 134.0
243.0 254.0
52.0 187.0
187.0 230.0
234.0 54.0
62.0 62.0
160.0 234.0
54.0 180.0
141.0 177.0
72.0 92.0
69.0 95.0
135.0 160.0
107.0 220.0
204.0 74.0
226.0 217.0
160.0 172.0
218.0 53.0
120.0 250.0
60.0 168.0
219.0 190.0
107.0 106.0
186.0 148.0
167.0 72.0
150.0 7.0
236.0 225.0
188.0 207.0
125.0 26.0
186.0 29.0
132.0 74.0
88.0 105.0
54.0 151.0
21.0 56.0
169.0 239.0
17.0 185.0
20.0 146.0
131.0 251.0
27.0 122.0
99.0 102.0
192.0 193.0
231.0 114.0
198.0 27.0
220.0 45.0
123.0 128.0
31.0 129.0
169.0 69.0
136.0 189.0
241.0 222.0
112.0 167.0
168.0 248.0
41.0 237.0
244.0 228.0
75.0 60.0
67.0 90.0
224.0 169.0
183.0 23.0
110.0 201.0
114.0 225.0
166.0 88.0
217.0 12.0
52.0 33.0
56.0 21.0
238.0 29.0
65.0 164.0
100.0 89.0
106.0 164.0
98.0 116.0
80.0 14.0
58.0 164.0
40.0 16.0
179.0 173.0
83.0 83.0
223.0 30.0
141.0 201.0
115.0 189.0
36.0 248.0
24.0 50.0
41.0 222.0
27.0 232.0
219.0 10.0
80.0 61.0
119.0 16.0
