1
2048 1 3.0 0.0 1000.0 3 160 240 100

6.5 13.5 29.3 58.5
13.0 27.0 58.5 117.0
19.5 40.5 87.8 175.5
26.0 54.0 117.0 234.0
39.0 81.0 175.5 351.0
52.0 108.0 234.0 468.0
58.5 121.5 263.3 526.5
65.0 135.0 292.5 585.0
78.0 162.0 351.0 702.0
0.0 180.0 390.0 780.0

2.0 5.0 8.0 11.0
5.0 8.0 11.0 14.0
9.0 12.0 15.0 18.0
11.0 14.0 17.0 20.0
15.0 18.0 21.0 24.0
18.0 21.0 24.0 27.0
20.0 23.0 26.0 29.0
25.0 28.0 31.0 34.0
29.0 32.0 35.0 38.0
0.0 34.0 37.0 40.0

161.0 7.0
159.0 155.0
166.0 201.0
64.0 51.0
208.0 32.0
242.0 104.0
128.0 210.0
129.0 77.0
122.0 124.0
91.0 117.0
7.0 90.0
220.0 154.0
52.0 11.0
135.0 156.0
83.0 53.0
125.0 30.0
79.0 46.0
38.0 19.0
95.0 107.0
134.0 7.0
115.0 54.0
180.0 202.0
33.0 242.0
123.0 234.0
2.0 12.0
6.0 22.0
209.0 13.0
72.0 59.0
204.0 203.0
112.0 105.0
218.0 169.0
124.0 60.0
201.0 207.0
198.0 123.0
172.0 163.0
87.0 145.0
214.0 107.0
5.0 152.0
82.0 210.0
221.0 75.0
146.0 38.0
123.0 29.0
1.0 235.0
209.0 59.0
95.0 200.0
31.0 79.0
75.0 104.0
187.0 24.0
88.0 214.0
10.0 91.0
106.0 12.0
184.0 197.0
136.0 191.0
35.0 164.0
13.0 143.0
130.0 126.0
6.0 145.0
41.0 52.0
65.0 237.0
32.0 3.0
68.0 117.0
170.0 130.0
7.0 182.0
205.0 178.0
108.0 147.0
139.0 107.0
205.0 17.0
174.0 231.0
218.0 205.0
93.0 112.0
194.0 202.0
140.0 226.0
145.0 216.0
76.0 25.0
240.0 53.0
108.0 26.0
230.0 51.0
233.0 183.0
45.0 195.0
77.0 46.0
42.0 108.0
139.0 82.0
234.0 175.0
155.0 57.0
107.0 108.0
107.0 199.0
222.0 101.0
222.0 187.0
87.0 236.0
112.0 63.0
116.0 186.0
21.0 219.0
48.0 240.0
210.0 199.0
3.0 67.0
58.0 82.0
182.0 130.0
63.0 66.0
12.0 30.0
165.0 146.0
114.0 84.0
212.0 122.0
23.0 14.0
127.0 210.0
165.0 204.0
205.0 128.0
141.0 14.0
230.0 37.0
200.0 229.0
221.0 87.0
73.0 18.0
113.0 86.0
182.0 94.0
58.0 161.0
18.0 92.0
42.0 44.0
64.0 205.0
104.0 232.0
209.0 248.0
245.0 48.0
131.0 51.0
182.0 194.0
223.0 214.0
163.0 219.0
181.0 34.0
124.0 121.0
182.0 228.0
14.0 119.0
162.0 146.0
218.0 188.0
235.0 242.0
19.0 32.0
146.0 97.0
138.0 205.0
174.0 149.0
197.0 171.0
249.0 49.0
243.0 156.0
76.0 168.0
73.0 195.0
150.0 57.0
111.0 104.0
94.0 2.0
197.0 163.0
59.0 104.0
188.0 99.0
12.0 154.0
80.0 47.0
15.0 102.0
183.0 199.0
198.0 20.0
195.0 179.0
152.0 231.0
66.0 0.0
78.0 131.0
138.0 8.0
37.0 247.0
63.0 31.0
7.0 182.0
112.0 39.0
227.0 129.0
15.0 141.0
156.0 207.0
62.0 89.0
148.0 195.0
221.0 22.0
49.0 34.0
138.0 217.0
192.0 51.0
153.0 215.0
119.0 145.0
64.0 221.0
138.0 17.0
152.0 0.0
158.0 64.0
71.0 70.0
40.0 135.0
245.0 22.0
39.0 147.0
1.0 140.0
189.0 143.0
199.0 45.0
84.0 150.0
217.0 138.0
40.0 49.0
185.0 206.0
203.0 203.0
183.0 88.0
221.0 159.0
189.0 134.0
173.0 60.0
105.0 244.0
243.0 203.0
32.0 72.0
197.0 3.0
241.0 75.0
53.0 175.0
131.0 117.0
100.0 23.0
14.0 169.0
41.0 15.0
122.0 207.0
50.0 160.0
60.0 209.0
126.0 3.0
228.0 237.0
172.0 110.0
62.0 129.0
54.0 248.0
232.0 162.0
186.0 249.0
28.0 79.0
32.0 142.0
200.0 228.0
187.0 173.0
106.0 73.0
62.0 154.0
59.0 200.0
198.0 152.0
89.0 205.0
117.0 86.0
169.0 212.0
115.0 103.0
210.0 37.0
15.0 181.0
11.0 110.0
176.0 222.0
118.0 57.0
137.0 183.0
109.0 172.0
78.0 145.0
165.0 65.0
95.0 248.0
69.0 74.0
104.0 6.0
100.0 123.0
233.0 65.0
106.0 225.0
157.0 32.0
86.0 188.0
95.0 73.0
193.0 104.0
60.0 32.0
127.0 52.0
211.0 137.0
183.0 215.0
250.0 174.0
58.0 222.0
109.0 72.0
62.0 41.0
244.0 157.0
205.0 103.0
142.0 129.0
183.0 118.0
250.0 165.0
102.0 123.0
38.0 68.0
111.0 111.0
50.0 228.0
128.0 158.0
22.0 209.0
219.0 5.0
29.0 101.0
203.0 153.0
152.0 59.0
136.0 51.0
218.0 59.0
155.0 45.0
239.0 165.0
189.0 74.0
242.0 208.0
144.0 119.0
220.0 52.0
212.0 41.0
33.0 212.0
9.0 182.0
116.0 136.0
91.0 237.0
187.0 36.0
166.0 160.0
200.0 211.0
173.0 203.0
99.0 102.0
185.0 19.0
249.0 171.0
167.0 30.0
232.0 215.0
173.0 106.0
245.0 61.0
154.0 162.0
168.0 153.0
70.0 60.0
172.0 93.0
96.0 69.0
49.0 21.0
15.0 150.0
13.0 14.0
197.0 164.0
35.0 25.0
124.0 181.0
78.0 173.0
10.0 91.0
168.0 7.0
77.0 75.0
50.0 197.0
163.0 16.0
243.0 149.0
128.0 22.0
102.0 119.0
63.0 34.0
88.0 195.0
174.0 53.0
230.0 103.0
221.0 78.0
102.0 79.0
239.0 186.0
168.0 133.0
67.0 197.0
201.0 82.0
23.0 246.0
7.0 45.0
130.0 79.0
22.0 147.0
114.0 3.0
150.0 20.0
196.0 204.0
32.0 208.0
16.0 233.0
229.0 177.0
101.0 234.0
153.0 192.0
90.0 103.0
94.0 119.0
241.0 33.0
36.0 34.0
59.0 232.0
21.0 82.0
212.0 180.0
97.0 98.0
181.0 59.0
248.0 40.0
185.0 106.0
213.0 135.0
225.0 154.0
220.0 161.0
138.0 226.0
172.0 135.0
133.0 81.0
166.0 217.0
91.0 195.0
32.0 209.0
216.0 202.0
134.0 96.0
191.0 160.0
244.0 129.0
48.0 33.0
113.0 22.0
48.0 135.0
170.0 140.0
141.0 44.0
103.0 120.0
177.0 121.0
123.0 181.0
66.0 8.0
35.0 193.0
184.0 104.0
58.0 130.0
107.0 45.0
129.0 98.0
64.0 39.0
18.0 204.0
108.0 215.0
101.0 73.0
239.0 216.0
248.0 141.0
114.0 58.0
67.0 175.0
211.0 123.0
56.0 24.0
187.0 180.0
40.0 161.0
200.0 171.0
87.0 150.0
29.0 34.0
127.0 233.0
157.0 179.0
110.0 38.0
27.0 8.0
60.0 229.0
250.0 223.0
203.0 221.0
104.0 191.0
190.0 165.0
230.0 231.0
201.0 191.0
244.0 211.0
61.0 244.0
28.0 208.0
56.0 126.0
69.0 243.0
189.0 201.0
215.0 201.0
196.0 11.0
94.0 92.0
178.0 115.0
206.0 137.0
50.0 46.0
33.0 197.0
44.0 63.0
77.0 162.0
80.0 206.0
31.0 200.0
121.0 238.0
120.0 96.0
211.0 74.0
199.0 206.0
172.0 164.0
12.0 143.0
37.0 81.0
76.0 89.0
88.0 116.0
223.0 216.0
169.0 28.0
139.0 245.0
45.0 138.0
44.0 8.0
97.0 5.0
248.0 146.0
236.0 29.0
94.0 196.0
213.0 89.0
134.0 85.0
75.0 165.0
199.0 131.0
86.0 202.0
66.0 226.0
217.0 34.0
9.0 153.0
151.0 237.0
75.0 92.0
52.0 121.0
228.0 154.0
150.0 98.0
98.0 107.0
21.0 4.0
83.0 16.0
236.0 9.0
177.0 82.0
145.0 38.0
156.0 38.0
84.0 233.0
87.0 249.0
139.0 6.0
211.0 247.0
154.0 66.0
9.0 240.0
223.0 119.0
130.0 191.0
225.0 235.0
135.0 120.0
34.0 217.0
87.0 119.0
72.0 75.0
77.0 104.0
227.0 76.0
93.0 150.0
163.0 107.0
194.0 86.0
175.0 169.0
22.0 59.0
4.0 148.0
231.0 105.0
115.0 25.0
8.0 78.0
3.0 72.0
126.0 110.0
135.0 51.0
79.0 47.0
230.0 99.0
126.0 177.0
113.0 194.0
153.0 78.0
200.0 239.0
73.0 15.0
248.0 71.0
27.0 85.0
43.0 13.0
249.0 176.0
33.0 190.0
227.0 60.0
205.0 77.0
141.0 59.0
83.0 134.0
99.0 226.0
39.0 126.0
11.0 110.0
149.0 89.0
13.0 179.0
166.0 198.0
144.0 74.0
229.0 85.0
62.0 162.0
236.0 13.0
144.0 184.0
136.0 78.0
113.0 79.0
202.0 206.0
162.0 165.0
141.0 4.0
110.0 133.0
247.0 99.0
169.0 159.0
80.0 162.0
235.0 209.0
229.0 113.0
163.0 225.0
46.0 76.0
57.0 137.0
18.0 223.0
170.0 15.0
35.0 187.0
52.0 189.0
109.0 57.0
182.0 9.0
172.0 18.0
101.0 213.0
127.0 22.0
135.0 190.0
157.0 174.0
117.0 248.0
103.0 92.0
72.0 23.0
28.0 64.0
145.0 29.0
148.0 117.0
106.0 120.0
144.0 210.0
93.0 220.0
142.0 37.0
57.0 221.0
249.0 22.0
185.0 38.0
75.0 126.0
144.0 97.0
237.0 164.0
46.0 106.0
154.0 136.0
104.0 23.0
10.0 136.0
8.0 193.0
59.0 224.0
107.0 185.0
37.0 199.0
49.0 193.0
215.0 30.0
107.0 138.0
246.0 13.0
203.0 226.0
212.0 31.0
235.0 209.0
132.0 114.0
100.0 241.0
248.0 49.0
130.0 201.0
187.0 113.0
233.0 237.0
213.0 46.0
57.0 41.0
42.0 231.0
99.0 231.0
46.0 56.0
218.0 225.0
201.0 51.0
73.0 101.0
238.0 161.0
100.0 211.0
216.0 110.0
147.0 172.0
102.0 109.0
13.0 113.0
210.0 211.0
159.0 181.0
196.0 220.0
170.0 78.0
101.0 69.0
141.0 227.0
5.0 187.0
194.0 233.0
158.0 175.0
146.0 109.0
30.0 158.0
186.0 56.0
20.0 11.0
199.0 145.0
141.0 224.0
212.0 59.0
44.0 210.0
233.0 125.0
77.0 184.0
89.0 163.0
112.0 78.0
138.0 8.0
217.0 211.0
107.0 118.0
23.0 69.0
52.0 233.0
246.0 46.0
48.0 125.0
88.0 104.0
14.0 43.0
91.0 103.0
126.0 3.0
63.0 110.0
110.0 164.0
4.0 90.0
242.0 49.0
40.0 140.0
228.0 243.0
165.0 46.0
153.0 202.0
167.0 220.0
56.0 155.0
177.0 146.0
198.0 148.0
77.0 30.0
193.0 53.0
90.0 164.0
206.0 230.0
157.0 54.0
1.0 45.0
60.0 217.0
192.0 42.0
11.0 66.0
67.0 116.0
37.0 155.0
245.0 87.0
22.0 89.0
157.0 171.0
95.0 237.0
211.0 112.0
111.0 189.0
39.0 81.0
30.0 205.0
46.0 14.0
79.0 237.0
32.0 91.0
109.0 137.0
234.0 167.0
168.0 12.0
187.0 232.0
85.0 209.0
125.0 72.0
191.0 21.0
193.0 106.0
110.0 225.0
70.0 179.0
127.0 155.0
149.0 163.0
169.0 61.0
243.0 29.0
52.0 68.0
88.0 106.0
154.0 129.0
6.0 76.0
21.0 140.0
96.0 36.0
218.0 0.0
206.0 63.0
39.0 159.0
186.0 224.0
17.0 52.0
24.0 97.0
232.0 97.0
27.0 132.0
222.0 23.0
243.0 19.0
115.0 92.0
169.0 47.0
184.0 91.0
79.0 216.0
50.0 36.0
126.0 227.0
111.0 108.0
182.0 241.0
54.0 112.0
200.0 150.0
148.0 114.0
186.0 118.0
54.0 183.0
175.0 28.0
220.0 0.0
197.0 206.0
227.0 146.0
241.0 182.0
25.0 205.0
71.0 246.0
53.0 121.0
39.0 168.0
51.0 62.0
121.0 224.0
195.0 112.0
192.0 25.0
227.0 171.0
136.0 158.0
89.0 3.0
202.0 17.0
109.0 184.0
59.0 205.0
120.0 26.0
86.0 5.0
198.0 105.0
236.0 195.0
2.0 67.0
127.0 55.0
42.0 7.0
76.0 230.0
240.0 186.0
107.0 176.0
218.0 17.0
20.0 213.0
58.0 227.0
170.0 53.0
101.0 211.0
188.0 191.0
149.0 153.0
155.0 154.0
13.0 32.0
76.0 129.0
141.0 210.0
62.0 77.0
155.0 114.0
177.0 243.0
145.0 63.0
239.0 28.0
179.0 138.0
155.0 24.0
6.0 22.0
200.0 41.0
26.0 81.0
202.0 62.0
142.0 234.0
170.0 71.0
173.0 7.0
188.0 65.0
91.0 214.0
1.0 84.0
131.0 250.0
240.0 176.0
139.0 95.0
75.0 20.0
110.0 128.0
130.0 237.0
152.0 216.0
71.0 2.0
186.0 67.0
77.0 101.0
5.0 177.0
221.0 168.0
128.0 243.0
112.0 136.0
198.0 235.0
184.0 247.0
230.0 136.0
116.0 37.0
77.0 164.0
150.0 15.0
59.0 107.0
154.0 74.0
246.0 210.0
73.0 237.0
202.0 130.0
249.0 141.0
70.0 7.0
127.0 239.0
174.0 53.0
191.0 2.0
137.0 86.0
37.0 225.0
86.0 14.0
39.0 90.0
46.0 101.0
150.0 218.0
222.0 127.0
163.0 240.0
164.0 145.0
108.0 240.0
119.0 84.0
217.0 231.0
201.0 27.0
26.0 127.0
55.0 24.0
166.0 19.0
12.0 151.0
26.0 78.0
56.0 63.0
236.0 21.0
211.0 100.0
8.0 88.0
43.0 96.0
167.0 91.0
13.0 63.0
40.0 116.0
5.0 12.0
145.0 48.0
141.0 235.0
237.0 137.0
66.0 172.0
30.0 147.0
209.0 49.0
3.0 181.0
71.0 57.0
19.0 101.0
169.0 127.0
11.0 3.0
66.0 183.0
104.0 47.0
233.0 74.0
49.0 239.0
57.0 174.0
209.0 62.0
116.0 235.0
104.0 198.0
153.0 111.0
128.0 119.0
247.0 45.0
64.0 138.0
240.0 36.0
143.0 102.0
49.0 90.0
152.0 173.0
38.0 237.0
190.0 8.0
197.0 18.0
233.0 171.0
196.0 178.0
204.0 199.0
186.0 154.0
102.0 31.0
15.0 216.0
10.0 103.0
128.0 219.0
144.0 197.0
200.0 217.0
155.0 209.0
118.0 1.0
225.0 57.0
11.0 201.0
23.0 13.0
63.0 129.0
205.0 75.0
176.0 141.0
142.0 7.0
96.0 55.0
186.0 58.0
204.0 38.0
34.0 116.0
193.0 128.0
124.0 162.0
219.0 156.0
247.0 186.0
126.0 140.0
183.0 21.0
190.0 23.0
182.0 161.0
128.0 202.0
200.0 126.0
178.0 100.0
107.0 68.0
130.0 98.0
144.0 72.0
230.0 216.0
214.0 189.0
217.0 218.0
180.0 60.0
46.0 165.0
105.0 36.0
164.0 216.0
237.0 10.0
39.0 74.0
79.0 17.0
174.0 3.0
174.0 178.0
168.0 182.0
103.0 163.0
208.0 211.0
198.0 146.0
160.0 142.0
74.0 30.0
17.0 242.0
136.0 53.0
11.0 225.0
13.0 170.0
9.0 37.0
209.0 205.0
129.0 59.0
63.0 36.0
75.0 185.0
156.0 180.0
245.0 15.0
157.0 186.0
243.0 247.0
106.0 48.0
221.0 125.0
248.0 188.0
49.0 169.0
64.0 100.0
133.0 151.0
205.0 71.0
233.0 169.0
132.0 192.0
242.0 183.0
17.0 216.0
146.0 202.0
98.0 84.0
243.0 141.0
171.0 58.0
239.0 151.0
14.0 159.0
150.0 57.0
85.0 219.0
13.0 105.0
134.0 129.0
213.0 5.0
215.0 202.0
48.0 105.0
100.0 123.0
221.0 64.0
215.0 22.0
245.0 224.0
229.0 16.0
83.0 182.0
21.0 141.0
142.0 126.0
55.0 131.0
46.0 74.0
244.0 96.0
200.0 200.0
222.0 189.0
191.0 9.0
227.0 176.0
161.0 171.0
124.0 131.0
73.0 146.0
169.0 42.0
125.0 50.0
156.0 184.0
126.0 4.0
166.0 154.0
195.0 44.0
204.0 58.0
223.0 220.0
53.0 130.0
99.0 66.0
3.0 127.0
248.0 213.0
180.0 169.0
125.0 201.0
231.0 244.0
68.0 118.0
234.0 158.0
34.0 21.0
213.0 46.0
22.0 128.0
238.0 81.0
37.0 111.0
127.0 131.0
61.0 115.0
106.0 125.0
244.0 190.0
61.0 241.0
155.0 153.0
118.0 83.0
190.0 190.0
64.0 51.0
94.0 70.0
205.0 205.0
70.0 185.0
68.0 222.0
61.0 149.0
154.0 94.0
55.0 32.0
35.0 63.0
105.0 115.0
115.0 49.0
70.0 99.0
232.0 201.0
124.0 22.0
42.0 209.0
155.0 217.0
238.0 113.0
6.0 164.0
176.0 137.0
27.0 214.0
68.0 159.0
30.0 146.0
212.0 211.0
234.0 172.0
31.0 244.0
169.0 229.0
15.0 198.0
10.0 23.0
213.0 212.0
162.0 79.0
10.0 144.0
220.0 103.0
187.0 128.0
229.0 47.0
133.0 191.0
4.0 62.0
95.0 47.0
57.0 100.0
194.0 208.0
13.0 226.0
219.0 158.0
190.0 29.0
59.0 104.0
99.0 58.0
161.0 173.0
173.0 63.0
241.0 202.0
85.0 79.0
18.0 97.0
108.0 10.0
61.0 52.0
248.0 135.0
168.0 228.0
220.0 52.0
218.0 42.0
133.0 127.0
48.0 49.0
73.0 69.0
176.0 205.0
76.0 84.0
42.0 100.0
56.0 111.0
215.0 81.0
57.0 198.0
111.0 235.0
12.0 158.0
45.0 14.0
13.0 201.0
40.0 115.0
142.0 25.0
89.0 5.0
239.0 213.0
167.0 83.0
49.0 46.0
69.0 7.0
234.0 176.0
235.0 31.0
60.0 170.0
24.0 25.0
144.0 248.0
223.0 137.0
183.0 73.0
120.0 147.0
158.0 56.0
54.0 103.0
96.0 179.0
149.0 145.0
230.0 141.0
28.0 14.0
23.0 216.0
69.0 249.0
21.0 15.0
134.0 197.0
133.0 160.0
225.0 237.0
166.0 171.0
88.0 192.0
89.0 223.0
124.0 212.0
249.0 187.0
242.0 234.0
107.0 234.0
133.0 178.0
117.0 50.0
235.0 95.0
175.0 54.0
233.0 64.0
147.0 61.0
250.0 181.0
27.0 138.0
191.0 48.0
96.0 220.0
17.0 247.0
24.0 134.0
47.0 70.0
159.0 189.0
180.0 113.0
53.0 128.0
16.0 149.0
116.0 225.0
146.0 243.0
66.0 173.0
198.0 147.0
177.0 208.0
59.0 85.0
145.0 213.0
213.0 76.0
169.0 129.0
4.0 21.0
214.0 47.0
137.0 101.0
174.0 173.0
84.0 68.0
15.0 183.0
116.0 103.0
6.0 14.0
225.0 206.0
233.0 236.0
34.0 167.0
140.0 203.0
106.0 195.0
147.0 213.0
100.0 140.0
233.0 24.0
73.0 17.0
162.0 86.0
247.0 117.0
90.0 187.0
167.0 69.0
129.0 20.0
198.0 241.0
226.0 237.0
145.0 224.0
48.0 120.0
93.0 181.0
126.0 58.0
109.0 140.0
47.0 92.0
34.0 179.0
96.0 88.0
131.0 189.0
4.0 173.0
190.0 25.0
67.0 125.0
238.0 137.0
191.0 221.0
71.0 89.0
231.0 106.0
137.0 194.0
63.0 80.0
109.0 48.0
139.0 217.0
56.0 63.0
71.0 101.0
166.0 162.0
134.0 224.0
71.0 106.0
110.0 187.0
88.0 240.0
230.0 144.0
52.0 11.0
3.0 244.0
193.0 163.0
90.0 134.0
92.0 83.0
115.0 163.0
56.0 95.0
201.0 216.0
58.0 29.0
0.0 198.0
223.0 2.0
135.0 221.0
122.0 113.0
186.0 133.0
225.0 102.0
19.0 76.0
165.0 62.0
230.0 89.0
22.0 128.0
89.0 51.0
166.0 95.0
177.0 121.0
242.0 29.0
197.0 99.0
204.0 193.0
31.0 214.0
107.0 222.0
157.0 168.0
201.0 249.0
121.0 54.0
150.0 38.0
45.0 95.0
35.0 208.0
246.0 208.0
117.0 217.0
84.0 217.0
126.0 81.0
209.0 79.0
166.0 100.0
236.0 83.0
156.0 212.0
119.0 15.0
246.0 119.0
128.0 115.0
16.0 159.0
96.0 195.0
23.0 228.0
186.0 125.0
119.0 73.0
242.0 174.0
239.0 144.0
98.0 41.0
205.0 207.0
10.0 195.0
118.0 19.0
243.0 220.0
8.0 160.0
86.0 169.0
198.0 174.0
195.0 240.0
164.0 6.0
180.0 169.0
225.0 16.0
191.0 13.0
232.0 159.0
72.0 90.0
205.0 15.0
178.0 136.0
204.0 114.0
70.0 75.0
27.0 119.0
67.0 65.0
131.0 191.0
221.0 107.0
1.0 223.0
79.0 12.0
236.0 140.0
183.0 117.0
201.0 76.0
35.0 186.0
142.0 2.0
107.0 6.0
235.0 245.0
243.0 243.0
92.0 88.0
170.0 188.0
69.0 19.0
81.0 83.0
29.0 205.0
127.0 39.0
22.0 116.0
173.0 106.0
167.0 8.0
8.0 125.0
67.0 77.0
14.0 66.0
176.0 93.0
85.0 84.0
60.0 222.0
188.0 137.0
109.0 217.0
236.0 29.0
15.0 40.0
32.0 70.0
189.0 10.0
80.0 119.0
65.0 131.0
146.0 65.0
88.0 70.0
4.0 141.0
211.0 95.0
101.0 238.0
67.0 37.0
216.0 9.0
16.0 221.0
232.0 46.0
114.0 59.0
188.0 35.0
82.0 117.0
144.0 65.0
181.0 238.0
123.0 105.0
215.0 141.0
46.0 218.0
177.0 211.0
64.0 130.0
143.0 28.0
46.0 109.0
63.0 220.0
32.0 155.0
153.0 66.0
23.0 63.0
192.0 57.0
45.0 247.0
34.0 214.0
219.0 11.0
13.0 6.0
173.0 28.0
197.0 26.0
148.0 88.0
12.0 158.0
230.0 248.0
97.0 10.0
229.0 77.0
18.0 220.0
234.0 0.0
81.0 45.0
240.0 61.0
1.0 200.0
20.0 224.0
37.0 240.0
238.0 174.0
230.0 84.0
122.0 104.0
220.0 89.0
56.0 63.0
171.0 143.0
41.0 1.0
132.0 76.0
9.0 190.0
5.0 227.0
51.0 38.0
75.0 78.0
191.0 105.0
128.0 190.0
131.0 208.0
9.0 208.0
216.0 53.0
15.0 57.0
183.0 144.0
86.0 216.0
57.0 53.0
84.0 64.0
139.0 159.0
236.0 74.0
79.0 64.0
159.0 198.0
86.0 192.0
173.0 124.0
165.0 119.0
183.0 103.0
43.0 40.0
219.0 155.0
48.0 46.0
44.0 238.0
1.0 227.0
37.0 44.0
222.0 161.0
135.0 156.0
117.0 170.0
174.0 81.0
64.0 46.0
31.0 32.0
172.0 233.0
33.0 101.0
39.0 48.0
161.0 57.0
177.0 68.0
143.0 52.0
116.0 114.0
84.0 84.0
245.0 106.0
105.0 125.0
6.0 91.0
12.0 147.0
122.0 78.0
93.0 66.0
125.0 127.0
192.0 223.0
220.0 189.0
29.0 46.0
123.0 25.0
35.0 121.0
57.0 68.0
61.0 219.0
134.0 194.0
96.0 109.0
218.0 125.0
219.0 87.0
100.0 67.0
62.0 177.0
207.0 182.0
121.0 54.0
60.0 106.0
83.0 34.0
69.0 12.0
105.0 33.0
15.0 28.0
110.0 234.0
164.0 155.0
162.0 239.0
9.0 114.0
87.0 50.0
201.0 134.0
54.0 51.0
35.0 243.0
139.0 211.0
180.0 201.0
222.0 41.0
155.0 7.0
113.0 152.0
95.0 241.0
127.0 83.0
201.0 54.0
127.0 117.0
36.0 196.0
144.0 125.0
182.0 9.0
211.0 27.0
59.0 152.0
129.0 43.0
27.0 120.0
206.0 204.0
210.0 192.0
40.0 158.0
36.0 239.0
18.0 110.0
55.0 165.0
234.0 81.0
158.0 25.0
112.0 186.0
121.0 226.0
66.0 229.0
239.0 230.0
119.0 210.0
94.0 31.0
165.0 159.0
89.0 209.0
191.0 13.0
174.0 208.0
12.0 82.0
20.0 13.0
206.0 195.0
192.0 239.0
191.0 189.0
205.0 205.0
228.0 217.0
127.0 110.0
201.0 159.0
4.0 13.0
65.0 235.0
141.0 120.0
183.0 231.0
122.0 194.0
80.0 62.0
12.0 219.0
208.0 206.0
218.0 5.0
112.0 117.0
86.0 249.0
236.0 10.0
103.0 116.0
127.0 11.0
125.0 210.0
132.0 193.0
150.0 139.0
2.0 113.0
174.0 180.0
103.0 238.0
24.0 99.0
29.0 5.0
76.0 20.0
190.0 47.0
134.0 19.0
46.0 169.0
6.0 222.0
188.0 2.0
161.0 199.0
53.0 56.0
150.0 45.0
113.0 193.0
40.0 102.0
189.0 148.0
157.0 47.0
103.0 219.0
37.0 199.0
206.0 144.0
234.0 146.0
113.0 165.0
21.0 153.0
51.0 143.0
10.0 93.0
42.0 143.0
81.0 227.0
188.0 193.0
52.0 211.0
160.0 19.0
87.0 21.0
37.0 98.0
145.0 46.0
212.0 193.0
101.0 183.0
149.0 89.0
219.0 41.0
71.0 72.0
228.0 214.0
248.0 244.0
49.0 119.0
77.0 93.0
66.0 226.0
12.0 30.0
99.0 39.0
161.0 191.0
103.0 53.0
215.0 94.0
134.0 157.0
168.0 68.0
205.0 75.0
113.0 173.0
233.0 217.0
207.0 151.0
51.0 126.0
191.0 4.0
66.0 43.0
202.0 110.0
166.0 129.0
147.0 104.0
75.0 11.0
224.0 56.0
149.0 60.0
1.0 47.0
164.0 176.0
16.0 54.0
239.0 139.0
178.0 116.0
46.0 168.0
57.0 68.0
92.0 103.0
217.0 196.0
101.0 5.0
61.0 214.0
136.0 200.0
214.0 48.0
138.0 177.0
28.0 202.0
136.0 21.0
130.0 70.0
173.0 131.0
212.0 84.0
93.0 51.0
92.0 190.0
100.0 37.0
154.0 185.0
100.0 56.0
49.0 247.0
137.0 212.0
135.0 100.0
29.0 191.0
179.0 1.0
166.0 65.0
174.0 120.0
181.0 195.0
151.0 135.0
94.0 196.0
222.0 219.0
14.0 56.0
130.0 134.0
110.0 30.0
134.0 224.0
83.0 8.0
148.0 155.0
207.0 98.0
88.0 52.0
57.0 8.0
212.0 27.0
109.0 96.0
42.0 119.0
205.0 38.0
23.0 241.0
210.0 105.0
126.0 69.0
202.0 137.0
191.0 63.0
164.0 77.0
81.0 186.0
150.0 13.0
62.0 149.0
244.0 236.0
127.0 109.0
185.0 127.0
31.0 27.0
93.0 2.0
135.0 239.0
35.0 115.0
220.0 78.0
2.0 66.0
217.0 205.0
162.0 179.0
152.0 140.0
77.0 248.0
130.0 6.0
121.0 65.0
29.0 106.0
181.0 9.0
97.0 225.0
237.0 6.0
7.0 149.0
22.0 233.0
185.0 169.0
5.0 15.0
83.0 188.0
5.0 173.0
106.0 71.0
61.0 131.0
218.0 232.0
239.0 168.0
74.0 226.0
122.0 13.0
79.0 215.0
54.0 17.0
86.0 190.0
245.0 1.0
19.0 210.0
175.0 128.0
4.0 157.0
60.0 15.0
170.0 134.0
158.0 75.0
69.0 152.0
74.0 168.0
24.0 80.0
220.0 179.0
207.0 155.0
189.0 226.0
134.0 139.0
103.0 245.0
23.0 36.0
51.0 26.0
47.0 103.0
64.0 74.0
86.0 174.0
104.0 241.0
106.0 160.0
152.0 134.0
154.0 133.0
236.0 111.0
239.0 210.0
122.0 5.0
184.0 31.0
123.0 7.0
114.0 181.0
123.0 225.0
34.0 207.0
161.0 221.0
33.0 215.0
28.0 173.0
207.0 80.0
107.0 90.0
189.0 106.0
37.0 95.0
27.0 69.0
48.0 87.0
162.0 98.0
177.0 166.0
115.0 190.0
86.0 9.0
31.0 197.0
69.0 204.0
41.0 219.0
95.0 117.0
226.0 91.0
92.0 155.0
26.0 39.0
200.0 134.0
238.0 72.0
70.0 244.0
78.0 43.0
73.0 194.0
80.0 85.0
100.0 144.0
174.0 225.0
204.0 142.0
98.0 12.0
151.0 52.0
114.0 78.0
236.0 45.0
35.0 94.0
65.0 42.0
190.0 180.0
30.0 41.0
196.0 85.0
69.0 78.0
21.0 85.0
42.0 164.0
115.0 38.0
192.0 43.0
192.0 155.0
171.0 247.0
77.0 81.0
192.0 180.0
72.0 191.0
186.0 54.0
133.0 76.0
139.0 64.0
183.0 12.0
114.0 237.0
229.0 9.0
12.0 215.0
243.0 84.0
201.0 28.0
76.0 17.0
191.0 5.0
17.0 85.0
99.0 3.0
128.0 155.0
227.0 205.0
86.0 31.0
114.0 74.0
56.0 34.0
247.0 67.0
177.0 91.0
183.0 71.0
84.0 209.0
139.0 59.0
161.0 201.0
169.0 32.0
65.0 189.0
123.0 127.0
111.0 122.0
119.0 91.0
167.0 194.0
104.0 110.0
30.0 53.0
110.0 81.0
55.0 31.0
160.0 186.0
136.0 180.0
44.0 226.0
182.0 219.0
56.0 215.0
68.0 36.0
32.0 47.0
71.0 241.0
153.0 120.0
151.0 40.0
235.0 114.0
213.0 33.0
85.0 163.0
81.0 103.0
35.0 10.0
200.0 106.0
87.0 2.0
165.0 165.0
172.0 136.0
227.0 153.0
84.0 152.0
239.0 37.0
201.0 236.0
80.0 43.0
187.0 227.0
134.0 190.0
170.0 4.0
240.0 45.0
201.0 76.0
72.0 88.0
123.0 167.0
226.0 190.0
31.0 209.0
114.0 217.0
66.0 151.0
51.0 121.0
112.0 119.0
29.0 172.0
9.0 219.0
168.0 64.0
225.0 134.0
224.0 170.0
225.0 193.0
30.0 52.0
99.0 172.0
95.0 136.0
84.0 148.0
142.0 20.0
140.0 27.0
176.0 213.0
102.0 197.0
224.0 139.0
197.0 55.0
227.0 84.0
66.0 232.0
110.0 36.0
212.0 136.0
109.0 234.0
124.0 18.0
23.0 246.0
147.0 51.0
99.0 12.0
202.0 0.0
77.0 50.0
55.0 119.0
245.0 139.0
130.0 193.0
145.0 50.0
168.0 7.0
157.0 12.0
109.0 46.0
228.0 117.0
136.0 53.0
98.0 207.0
122.0 146.0
171.0 97.0
35.0 248.0
244.0 32.0
190.0 134.0
131.0 121.0
14.0 250.0
8.0 13.0
81.0 215.0
154.0 179.0
225.0 44.0
29.0 202.0
102.0 131.0
242.0 56.0
137.0 138.0
224.0 154.0
99.0 229.0
35.0 17.0
124.0 153.0
4.0 224.0
41.0 242.0
232.0 118.0
205.0 204.0
56.0 47.0
64.0 159.0
125.0 7.0
43.0 168.0
41.0 71.0
91.0 66.0
122.0 106.0
99.0 247.0
95.0 36.0
168.0 72.0
142.0 30.0
51.0 174.0
14.0 249.0
129.0 208.0
233.0 139.0
113.0 199.0
231.0 58.0
219.0 156.0
72.0 77.0
120.0 229.0
230.0 123.0
52.0 207.0
193.0 188.0
10.0 1.0
249.0 129.0
23.0 49.0
83.0 180.0
79.0 147.0
175.0 57.0
59.0 25.0
16.0 159.0
128.0 49.0
227.0 135.0
71.0 236.0
3.0 162.0
133.0 93.0
74.0 110.0
246.0 99.0
231.0 57.0
60.0 199.0
1.0 190.0
43.0 10.0
115.0 197.0
197.0 4.0
6.0 55.0
20.0 207.0
90.0 192.0
140.0 80.0
192.0 53.0
126.0 240.0
14.0 179.0
37.0 51.0
94.0 199.0
68.0 142.0
68.0 215.0
242.0 233.0
46.0 114.0
140.0 204.0
16.0 162.0
226.0 186.0
243.0 23.0
139.0 205.0
197.0 204.0
144.0 43.0
83.0 185.0
230.0 238.0
146.0 102.0
166.0 234.0
204.0 134.0
148.0 3.0
193.0 73.0
204.0 2.0
63.0 107.0
116.0 188.0
179.0 171.0
165.0 58.0
192.0 25.0
79.0 67.0
162.0 32.0
94.0 25.0
12.0 168.0
163.0 188.0
239.0 126.0
86.0 31.0
67.0 152.0
207.0 29.0
104.0 119.0
103.0 78.0
62.0 91.0
7.0 240.0
222.0 246.0
48.0 72.0
82.0 72.0
140.0 108.0
242.0 42.0
248.0 121.0
102.0 67.0
247.0 107.0
25.0 80.0
197.0 247.0
189.0 145.0
154.0 166.0
157.0 79.0
201.0 115.0
241.0 125.0
194.0 26.0
85.0 5.0
39.0 179.0
162.0 41.0
114.0 69.0
232.0 48.0
25.0 89.0
86.0 38.0
193.0 227.0
237.0 97.0
82.0 22.0
27.0 74.0
188.0 117.0
171.0 82.0
223.0 19.0
82.0 66.0
245.0 14.0
131.0 69.0
42.0 247.0
59.0 84.0
135.0 33.0
64.0 223.0
104.0 22.0
160.0 242.0
204.0 164.0
209.0 18.0
111.0 243.0
88.0 138.0
152.0 13.0
28.0 73.0
205.0 108.0
206.0 233.0
24.0 135.0
1.0 232.0
44.0 224.0
123.0 44.0
31.0 91.0
156.0 14.0
28.0 3.0
84.0 10.0
79.0 84.0
226.0 66.0
43.0 208.0
32.0 179.0
133.0 69.0
25.0 231.0
95.0 26.0
226.0 74.0
38.0 201.0
212.0 122.0
223.0 50.0
35.0 121.0
173.0 2.0
21.0 58.0
53.0 31.0
33.0 7.0
60.0 109.0
125.0 3.0
124.0 41.0
20.0 105.0
64.0 4.0
224.0 128.0
107.0 162.0
93.0 75.0
42.0 67.0
10.0 116.0
47.0 73.0
153.0 33.0
79.0 109.0
110.0 92.0
0.0 173.0
201.0 147.0
187.0 241.0
149.0 49.0
193.0 106.0
70.0 49.0
74.0 203.0
56.0 146.0
70.0 57.0
204.0 177.0
135.0 42.0
224.0 3.0
124.0 211.0
116.0 180.0
18.0 6.0
169.0 121.0
108.0 237.0
148.0 2.0
149.0 18.0
49.0 41.0
29.0 168.0
156.0 34.0
93.0 131.0
170.0 139.0
33.0 73.0
247.0 192.0
120.0 62.0
112.0 149.0
57.0 121.0
196.0 63.0
104.0 196.0
90.0 78.0
133.0 179.0
156.0 224.0
133.0 183.0
181.0 104.0
208.0 61.0
61.0 138.0
199.0 249.0
37.0 100.0
112.0 55.0
61.0 213.0
97.0 93.0
218.0 162.0
43.0 106.0
148.0 190.0
156.0 10.0
11.0 244.0
203.0 25.0
79.0 204.0
181.0 97.0
112.0 56.0
200.0 102.0
227.0 157.0
225.0 174.0
49.0 75.0
95.0 247.0
228.0 30.0

166.0 12.0
163.0 160.0
171.0 206.0
69.0 55.0
214.0 37.0
247.0 108.0
132.0 216.0
133.0 82.0
128.0 129.0
97.0 123.0
11.0 95.0
224.0 160.0
58.0 16.0
140.0 161.0
88.0 58.0
131.0 34.0
85.0 51.0
43.0 23.0
100.0 113.0
138.0 13.0
120.0 59.0
185.0 208.0
37.0 246.0
127.0 239.0
6.0 16.0
10.0 27.0
214.0 17.0
77.0 64.0
208.0 207.0
116.0 110.0
224.0 174.0
128.0 64.0
206.0 211.0
202.0 128.0
177.0 169.0
91.0 150.0
219.0 113.0
10.0 157.0
88.0 216.0
225.0 79.0
152.0 43.0
129.0 33.0
6.0 239.0
214.0 64.0
100.0 206.0
37.0 85.0
79.0 108.0
192.0 28.0
92.0 219.0
15.0 96.0
112.0 18.0
189.0 202.0
142.0 195.0
41.0 170.0
18.0 147.0
135.0 132.0
10.0 151.0
47.0 56.0
69.0 241.0
37.0 7.0
73.0 122.0
175.0 135.0
11.0 187.0
211.0 183.0
113.0 152.0
144.0 113.0
209.0 21.0
178.0 235.0
222.0 211.0
98.0 118.0
198.0 207.0
146.0 231.0
149.0 220.0
81.0 30.0
244.0 57.0
112.0 31.0
235.0 56.0
237.0 188.0
50.0 200.0
83.0 50.0
46.0 114.0
145.0 87.0
239.0 179.0
160.0 62.0
111.0 113.0
111.0 204.0
228.0 105.0
227.0 192.0
92.0 241.0
117.0 67.0
120.0 192.0
27.0 224.0
54.0 245.0
214.0 203.0
8.0 73.0
62.0 88.0
187.0 134.0
67.0 71.0
16.0 34.0
171.0 151.0
118.0 90.0
218.0 127.0
28.0 19.0
132.0 216.0
169.0 210.0
210.0 133.0
146.0 18.0
236.0 43.0
204.0 234.0
225.0 92.0
79.0 24.0
118.0 91.0
188.0 100.0
63.0 165.0
22.0 97.0
46.0 50.0
68.0 209.0
108.0 237.0
214.0 253.0
250.0 52.0
136.0 56.0
187.0 200.0
227.0 218.0
168.0 223.0
186.0 39.0
129.0 127.0
187.0 232.0
19.0 124.0
167.0 151.0
223.0 194.0
239.0 248.0
24.0 37.0
152.0 103.0
142.0 210.0
179.0 155.0
203.0 177.0
253.0 53.0
248.0 161.0
81.0 172.0
78.0 200.0
155.0 62.0
116.0 109.0
100.0 7.0
202.0 168.0
64.0 108.0
192.0 104.0
17.0 159.0
84.0 52.0
21.0 108.0
188.0 204.0
202.0 25.0
200.0 184.0
157.0 236.0
71.0 5.0
82.0 136.0
144.0 13.0
42.0 252.0
69.0 36.0
13.0 186.0
116.0 45.0
233.0 134.0
19.0 147.0
162.0 212.0
68.0 94.0
152.0 200.0
226.0 28.0
53.0 38.0
143.0 223.0
196.0 56.0
159.0 220.0
124.0 150.0
69.0 225.0
143.0 22.0
156.0 4.0
163.0 70.0
76.0 75.0
44.0 140.0
249.0 27.0
44.0 152.0
6.0 145.0
193.0 149.0
204.0 50.0
88.0 155.0
223.0 143.0
46.0 53.0
190.0 211.0
208.0 207.0
189.0 93.0
227.0 164.0
193.0 140.0
178.0 65.0
110.0 248.0
248.0 208.0
38.0 77.0
203.0 8.0
245.0 80.0
58.0 180.0
136.0 122.0
104.0 28.0
19.0 173.0
46.0 21.0
126.0 212.0
54.0 166.0
64.0 214.0
131.0 9.0
234.0 242.0
177.0 116.0
68.0 135.0
60.0 254.0
238.0 167.0
192.0 254.0
33.0 84.0
37.0 147.0
205.0 233.0
192.0 178.0
111.0 79.0
68.0 159.0
65.0 204.0
203.0 156.0
94.0 210.0
122.0 91.0
175.0 217.0
121.0 108.0
215.0 43.0
20.0 186.0
15.0 116.0
182.0 227.0
123.0 61.0
143.0 188.0
114.0 177.0
82.0 150.0
171.0 70.0
101.0 254.0
74.0 79.0
109.0 11.0
104.0 128.0
239.0 70.0
112.0 231.0
162.0 37.0
92.0 194.0
99.0 79.0
198.0 110.0
65.0 36.0
131.0 57.0
216.0 141.0
188.0 220.0
256.0 179.0
62.0 227.0
114.0 77.0
67.0 46.0
250.0 162.0
209.0 109.0
147.0 133.0
188.0 123.0
256.0 170.0
107.0 128.0
42.0 72.0
115.0 117.0
56.0 233.0
133.0 164.0
27.0 214.0
225.0 10.0
35.0 106.0
209.0 157.0
158.0 64.0
141.0 55.0
222.0 64.0
159.0 50.0
244.0 169.0
195.0 78.0
246.0 213.0
148.0 123.0
225.0 57.0
216.0 45.0
38.0 217.0
13.0 187.0
120.0 141.0
95.0 242.0
193.0 40.0
171.0 164.0
205.0 216.0
178.0 209.0
104.0 106.0
190.0 25.0
254.0 175.0
173.0 34.0
237.0 219.0
177.0 110.0
250.0 67.0
160.0 168.0
174.0 158.0
75.0 66.0
177.0 97.0
102.0 74.0
54.0 26.0
20.0 156.0
17.0 20.0
202.0 169.0
39.0 31.0
129.0 186.0
82.0 178.0
14.0 97.0
174.0 13.0
81.0 80.0
56.0 202.0
168.0 22.0
249.0 155.0
133.0 26.0
106.0 124.0
67.0 39.0
93.0 200.0
180.0 58.0
235.0 109.0
226.0 83.0
108.0 85.0
244.0 190.0
172.0 138.0
72.0 203.0
205.0 88.0
28.0 252.0
11.0 50.0
136.0 84.0
27.0 153.0
118.0 7.0
155.0 25.0
202.0 210.0
38.0 213.0
22.0 239.0
235.0 182.0
107.0 239.0
158.0 198.0
95.0 108.0
100.0 123.0
246.0 38.0
40.0 39.0
65.0 237.0
26.0 86.0
217.0 185.0
103.0 103.0
187.0 63.0
252.0 46.0
190.0 111.0
218.0 141.0
230.0 160.0
224.0 166.0
143.0 231.0
177.0 140.0
138.0 86.0
171.0 221.0
95.0 200.0
36.0 215.0
221.0 207.0
140.0 101.0
196.0 165.0
249.0 134.0
53.0 38.0
119.0 27.0
52.0 141.0
175.0 145.0
147.0 50.0
107.0 125.0
182.0 125.0
129.0 185.0
71.0 12.0
40.0 198.0
188.0 109.0
62.0 136.0
112.0 50.0
135.0 102.0
68.0 45.0
23.0 209.0
114.0 221.0
106.0 78.0
243.0 220.0
254.0 146.0
119.0 62.0
72.0 180.0
216.0 128.0
60.0 29.0
192.0 186.0
44.0 167.0
205.0 177.0
92.0 154.0
34.0 40.0
131.0 237.0
162.0 184.0
116.0 44.0
33.0 14.0
65.0 234.0
255.0 227.0
208.0 225.0
109.0 197.0
195.0 171.0
235.0 236.0
205.0 196.0
248.0 217.0
67.0 250.0
34.0 214.0
62.0 131.0
74.0 249.0
194.0 207.0
219.0 206.0
200.0 15.0
99.0 97.0
183.0 120.0
211.0 142.0
55.0 51.0
39.0 202.0
48.0 67.0
83.0 166.0
85.0 210.0
35.0 205.0
126.0 243.0
124.0 101.0
216.0 78.0
204.0 212.0
177.0 170.0
17.0 147.0
42.0 86.0
81.0 93.0
94.0 121.0
229.0 221.0
174.0 33.0
144.0 250.0
50.0 143.0
49.0 13.0
101.0 10.0
254.0 151.0
241.0 34.0
98.0 200.0
219.0 94.0
139.0 91.0
80.0 169.0
203.0 136.0
90.0 206.0
70.0 230.0
222.0 40.0
15.0 158.0
156.0 242.0
79.0 96.0
56.0 126.0
234.0 159.0
154.0 104.0
103.0 111.0
26.0 10.0
89.0 21.0
240.0 15.0
182.0 87.0
149.0 43.0
160.0 43.0
89.0 238.0
92.0 254.0
144.0 10.0
216.0 252.0
159.0 72.0
14.0 245.0
228.0 124.0
136.0 197.0
230.0 240.0
140.0 125.0
39.0 221.0
91.0 123.0
78.0 79.0
81.0 109.0
232.0 81.0
98.0 156.0
168.0 112.0
199.0 92.0
181.0 174.0
26.0 64.0
10.0 152.0
235.0 110.0
119.0 29.0
14.0 83.0
8.0 76.0
131.0 115.0
141.0 56.0
84.0 52.0
235.0 103.0
130.0 181.0
117.0 200.0
158.0 83.0
205.0 244.0
77.0 20.0
254.0 76.0
32.0 90.0
48.0 19.0
255.0 181.0
39.0 194.0
232.0 65.0
211.0 82.0
147.0 64.0
88.0 139.0
105.0 230.0
44.0 131.0
15.0 116.0
154.0 95.0
19.0 184.0
170.0 203.0
148.0 79.0
234.0 91.0
67.0 167.0
242.0 19.0
149.0 189.0
141.0 84.0
119.0 84.0
208.0 210.0
168.0 169.0
146.0 9.0
115.0 139.0
251.0 105.0
174.0 164.0
85.0 167.0
241.0 214.0
235.0 119.0
168.0 230.0
52.0 82.0
63.0 141.0
23.0 228.0
175.0 20.0
40.0 192.0
58.0 193.0
113.0 63.0
187.0 13.0
177.0 24.0
106.0 219.0
132.0 28.0
140.0 194.0
162.0 179.0
122.0 254.0
108.0 97.0
77.0 28.0
32.0 68.0
150.0 33.0
153.0 121.0
111.0 125.0
148.0 214.0
98.0 225.0
148.0 41.0
61.0 225.0
254.0 27.0
191.0 43.0
79.0 130.0
149.0 102.0
242.0 169.0
50.0 110.0
160.0 142.0
110.0 28.0
15.0 141.0
14.0 198.0
63.0 228.0
112.0 190.0
42.0 204.0
54.0 198.0
221.0 35.0
111.0 142.0
252.0 17.0
208.0 230.0
217.0 36.0
241.0 214.0
136.0 120.0
105.0 246.0
253.0 55.0
135.0 206.0
192.0 118.0
237.0 243.0
219.0 51.0
63.0 45.0
47.0 236.0
105.0 237.0
51.0 61.0
224.0 230.0
207.0 56.0
77.0 106.0
244.0 165.0
105.0 217.0
221.0 115.0
153.0 178.0
107.0 114.0
18.0 117.0
215.0 216.0
163.0 185.0
202.0 225.0
175.0 84.0
106.0 73.0
145.0 231.0
11.0 192.0
198.0 239.0
162.0 180.0
150.0 114.0
36.0 163.0
191.0 61.0
24.0 16.0
203.0 150.0
146.0 230.0
217.0 63.0
50.0 214.0
239.0 130.0
83.0 190.0
94.0 167.0
116.0 82.0
143.0 14.0
222.0 216.0
112.0 123.0
28.0 73.0
57.0 238.0
251.0 51.0
53.0 130.0
93.0 110.0
19.0 48.0
96.0 109.0
131.0 9.0
69.0 115.0
114.0 169.0
9.0 95.0
246.0 54.0
46.0 145.0
233.0 248.0
171.0 51.0
158.0 207.0
171.0 224.0
61.0 160.0
182.0 150.0
204.0 154.0
81.0 35.0
197.0 59.0
95.0 169.0
212.0 235.0
161.0 58.0
5.0 51.0
65.0 222.0
197.0 48.0
17.0 72.0
73.0 121.0
42.0 160.0
250.0 92.0
26.0 95.0
162.0 177.0
100.0 242.0
216.0 117.0
117.0 193.0
45.0 85.0
35.0 209.0
51.0 19.0
84.0 242.0
36.0 97.0
114.0 141.0
240.0 172.0
173.0 17.0
192.0 237.0
90.0 214.0
130.0 77.0
195.0 26.0
197.0 110.0
115.0 229.0
75.0 184.0
132.0 160.0
153.0 167.0
174.0 66.0
249.0 33.0
57.0 72.0
92.0 112.0
160.0 135.0
10.0 81.0
26.0 146.0
102.0 41.0
222.0 4.0
211.0 67.0
43.0 164.0
191.0 229.0
22.0 56.0
29.0 102.0
237.0 102.0
32.0 137.0
226.0 29.0
248.0 23.0
120.0 97.0
174.0 53.0
189.0 95.0
84.0 221.0
55.0 40.0
131.0 232.0
117.0 114.0
187.0 245.0
58.0 117.0
205.0 155.0
153.0 119.0
191.0 122.0
59.0 188.0
179.0 33.0
225.0 6.0
202.0 212.0
232.0 150.0
246.0 187.0
31.0 211.0
76.0 252.0
59.0 126.0
45.0 173.0
57.0 67.0
125.0 229.0
200.0 117.0
196.0 29.0
232.0 177.0
142.0 162.0
93.0 7.0
207.0 22.0
114.0 190.0
64.0 210.0
126.0 30.0
92.0 11.0
202.0 111.0
242.0 200.0
7.0 73.0
133.0 60.0
47.0 12.0
81.0 235.0
245.0 190.0
112.0 180.0
223.0 23.0
25.0 218.0
63.0 233.0
174.0 57.0
107.0 216.0
193.0 196.0
153.0 158.0
160.0 158.0
18.0 36.0
81.0 135.0
145.0 216.0
67.0 81.0
160.0 119.0
182.0 248.0
150.0 69.0
244.0 33.0
184.0 143.0
160.0 28.0
11.0 26.0
206.0 45.0
31.0 85.0
208.0 67.0
148.0 239.0
174.0 76.0
179.0 13.0
194.0 69.0
97.0 219.0
6.0 89.0
137.0 255.0
244.0 181.0
144.0 99.0
79.0 26.0
116.0 133.0
136.0 241.0
158.0 222.0
76.0 6.0
190.0 72.0
82.0 106.0
10.0 181.0
226.0 174.0
133.0 248.0
118.0 141.0
203.0 240.0
188.0 252.0
234.0 142.0
121.0 42.0
82.0 169.0
155.0 19.0
64.0 113.0
159.0 79.0
252.0 215.0
78.0 242.0
207.0 134.0
255.0 145.0
75.0 13.0
132.0 244.0
179.0 58.0
196.0 7.0
141.0 91.0
42.0 230.0
91.0 18.0
43.0 96.0
50.0 106.0
155.0 222.0
228.0 132.0
168.0 246.0
170.0 150.0
112.0 245.0
123.0 89.0
223.0 236.0
206.0 32.0
30.0 131.0
61.0 29.0
172.0 25.0
16.0 157.0
30.0 83.0
62.0 68.0
241.0 26.0
216.0 106.0
13.0 92.0
48.0 100.0
171.0 96.0
18.0 69.0
46.0 120.0
11.0 16.0
150.0 53.0
146.0 239.0
241.0 142.0
71.0 178.0
35.0 152.0
214.0 54.0
9.0 185.0
75.0 62.0
24.0 107.0
175.0 133.0
15.0 8.0
71.0 188.0
108.0 52.0
238.0 79.0
53.0 244.0
61.0 179.0
215.0 68.0
120.0 240.0
109.0 203.0
158.0 115.0
132.0 124.0
253.0 50.0
69.0 144.0
245.0 41.0
148.0 108.0
54.0 96.0
158.0 179.0
42.0 243.0
194.0 14.0
203.0 24.0
237.0 176.0
201.0 183.0
209.0 204.0
190.0 160.0
107.0 36.0
20.0 221.0
16.0 108.0
132.0 224.0
149.0 202.0
206.0 223.0
161.0 214.0
122.0 7.0
231.0 62.0
16.0 205.0
28.0 18.0
67.0 134.0
210.0 81.0
181.0 147.0
147.0 11.0
102.0 60.0
191.0 62.0
209.0 43.0
39.0 121.0
199.0 133.0
130.0 166.0
224.0 161.0
252.0 191.0
130.0 145.0
188.0 26.0
195.0 28.0
186.0 167.0
133.0 207.0
205.0 130.0
183.0 106.0
113.0 73.0
135.0 102.0
150.0 77.0
236.0 222.0
219.0 194.0
221.0 223.0
185.0 65.0
52.0 169.0
109.0 40.0
168.0 220.0
241.0 15.0
44.0 79.0
83.0 22.0
179.0 8.0
179.0 184.0
173.0 187.0
108.0 169.0
213.0 215.0
203.0 150.0
165.0 146.0
79.0 35.0
23.0 246.0
141.0 58.0
15.0 230.0
19.0 174.0
13.0 42.0
214.0 211.0
134.0 65.0
69.0 41.0
80.0 190.0
162.0 184.0
249.0 20.0
162.0 191.0
249.0 252.0
110.0 52.0
225.0 129.0
252.0 193.0
54.0 173.0
70.0 104.0
139.0 155.0
210.0 75.0
237.0 174.0
137.0 197.0
246.0 188.0
22.0 221.0
150.0 207.0
104.0 90.0
249.0 146.0
176.0 63.0
244.0 156.0
19.0 164.0
155.0 63.0
90.0 225.0
18.0 109.0
138.0 134.0
217.0 11.0
220.0 208.0
54.0 110.0
105.0 128.0
226.0 69.0
221.0 27.0
250.0 228.0
235.0 21.0
87.0 187.0
26.0 146.0
146.0 131.0
61.0 136.0
52.0 80.0
250.0 102.0
205.0 206.0
227.0 195.0
197.0 13.0
231.0 181.0
167.0 177.0
129.0 136.0
77.0 152.0
174.0 46.0
130.0 55.0
162.0 189.0
132.0 10.0
172.0 159.0
199.0 48.0
209.0 64.0
227.0 225.0
59.0 135.0
104.0 70.0
9.0 132.0
253.0 219.0
184.0 174.0
130.0 206.0
237.0 249.0
73.0 122.0
239.0 164.0
39.0 25.0
219.0 51.0
26.0 133.0
244.0 86.0
42.0 115.0
132.0 136.0
67.0 121.0
110.0 131.0
250.0 195.0
66.0 247.0
161.0 158.0
123.0 88.0
194.0 196.0
69.0 55.0
98.0 75.0
210.0 211.0
76.0 190.0
72.0 227.0
67.0 154.0
160.0 98.0
60.0 37.0
40.0 68.0
110.0 121.0
120.0 54.0
75.0 104.0
238.0 206.0
130.0 27.0
46.0 214.0
160.0 223.0
243.0 117.0
11.0 169.0
181.0 143.0
33.0 219.0
73.0 164.0
35.0 151.0
218.0 215.0
239.0 178.0
36.0 249.0
174.0 234.0
21.0 204.0
16.0 29.0
219.0 217.0
168.0 84.0
15.0 150.0
224.0 109.0
193.0 134.0
234.0 52.0
138.0 196.0
8.0 67.0
99.0 53.0
61.0 105.0
200.0 213.0
18.0 232.0
225.0 164.0
195.0 34.0
64.0 109.0
104.0 62.0
167.0 179.0
178.0 69.0
247.0 208.0
89.0 84.0
22.0 102.0
112.0 16.0
66.0 57.0
253.0 141.0
173.0 234.0
225.0 56.0
222.0 47.0
137.0 133.0
53.0 54.0
79.0 74.0
182.0 210.0
81.0 90.0
47.0 105.0
61.0 117.0
220.0 86.0
61.0 202.0
117.0 239.0
16.0 163.0
50.0 19.0
19.0 205.0
45.0 121.0
147.0 31.0
95.0 11.0
244.0 218.0
173.0 89.0
54.0 51.0
75.0 12.0
239.0 180.0
239.0 36.0
66.0 175.0
29.0 29.0
149.0 253.0
228.0 143.0
188.0 77.0
125.0 151.0
164.0 61.0
60.0 108.0
102.0 184.0
154.0 150.0
234.0 146.0
33.0 18.0
29.0 221.0
74.0 254.0
25.0 19.0
140.0 201.0
138.0 166.0
230.0 242.0
170.0 176.0
93.0 198.0
94.0 227.0
129.0 217.0
255.0 191.0
247.0 239.0
112.0 239.0
137.0 183.0
122.0 54.0
240.0 100.0
181.0 58.0
239.0 70.0
151.0 67.0
254.0 186.0
32.0 143.0
196.0 54.0
101.0 224.0
22.0 252.0
29.0 140.0
51.0 75.0
164.0 194.0
186.0 118.0
57.0 134.0
22.0 153.0
121.0 229.0
151.0 248.0
71.0 179.0
203.0 151.0
182.0 212.0
65.0 91.0
150.0 218.0
218.0 82.0
175.0 133.0
10.0 27.0
220.0 52.0
142.0 107.0
179.0 178.0
89.0 72.0
20.0 188.0
122.0 107.0
10.0 18.0
231.0 211.0
237.0 241.0
40.0 171.0
146.0 207.0
111.0 199.0
152.0 218.0
105.0 145.0
238.0 28.0
79.0 22.0
167.0 91.0
252.0 123.0
95.0 192.0
172.0 73.0
134.0 26.0
204.0 246.0
232.0 241.0
150.0 228.0
54.0 125.0
98.0 185.0
132.0 63.0
114.0 144.0
51.0 97.0
40.0 185.0
101.0 93.0
137.0 195.0
10.0 179.0
194.0 30.0
71.0 131.0
243.0 143.0
195.0 226.0
76.0 95.0
237.0 110.0
141.0 198.0
69.0 85.0
114.0 54.0
145.0 221.0
61.0 69.0
75.0 107.0
172.0 167.0
140.0 229.0
76.0 112.0
115.0 193.0
93.0 245.0
234.0 150.0
58.0 17.0
9.0 248.0
198.0 168.0
95.0 138.0
97.0 88.0
119.0 168.0
60.0 100.0
207.0 220.0
64.0 35.0
4.0 203.0
228.0 6.0
140.0 226.0
127.0 117.0
192.0 138.0
230.0 107.0
25.0 81.0
170.0 66.0
235.0 93.0
27.0 133.0
93.0 57.0
171.0 100.0
181.0 127.0
247.0 34.0
203.0 103.0
208.0 197.0
36.0 218.0
113.0 227.0
162.0 173.0
206.0 254.0
126.0 58.0
154.0 43.0
50.0 100.0
39.0 213.0
251.0 213.0
121.0 223.0
89.0 221.0
132.0 85.0
214.0 84.0
171.0 105.0
241.0 89.0
160.0 218.0
125.0 19.0
252.0 125.0
133.0 121.0
22.0 164.0
102.0 201.0
28.0 232.0
191.0 129.0
124.0 79.0
246.0 179.0
244.0 148.0
104.0 46.0
210.0 213.0
16.0 199.0
124.0 24.0
247.0 225.0
13.0 165.0
92.0 174.0
202.0 178.0
201.0 245.0
169.0 12.0
185.0 173.0
231.0 21.0
197.0 18.0
238.0 165.0
77.0 95.0
211.0 19.0
182.0 141.0
209.0 118.0
74.0 80.0
32.0 123.0
73.0 69.0
136.0 196.0
225.0 113.0
6.0 228.0
84.0 17.0
240.0 146.0
188.0 122.0
205.0 81.0
40.0 192.0
147.0 8.0
112.0 10.0
239.0 249.0
248.0 248.0
98.0 92.0
176.0 193.0
74.0 23.0
85.0 88.0
35.0 210.0
133.0 45.0
26.0 120.0
177.0 111.0
171.0 14.0
13.0 129.0
71.0 81.0
20.0 71.0
181.0 98.0
89.0 89.0
66.0 227.0
193.0 143.0
115.0 223.0
240.0 33.0
20.0 46.0
37.0 76.0
194.0 14.0
86.0 124.0
70.0 135.0
151.0 71.0
94.0 76.0
9.0 146.0
216.0 100.0
106.0 243.0
73.0 41.0
221.0 13.0
22.0 226.0
236.0 51.0
119.0 65.0
194.0 39.0
87.0 123.0
149.0 69.0
186.0 243.0
128.0 111.0
220.0 146.0
51.0 223.0
182.0 217.0
70.0 136.0
148.0 34.0
50.0 114.0
67.0 225.0
37.0 159.0
158.0 71.0
28.0 69.0
198.0 63.0
50.0 252.0
38.0 218.0
224.0 17.0
17.0 12.0
178.0 32.0
202.0 31.0
153.0 93.0
18.0 164.0
236.0 252.0
101.0 15.0
235.0 81.0
23.0 224.0
239.0 5.0
85.0 51.0
245.0 67.0
7.0 205.0
25.0 230.0
42.0 244.0
243.0 180.0
236.0 90.0
128.0 108.0
224.0 94.0
61.0 68.0
175.0 147.0
46.0 6.0
136.0 81.0
14.0 196.0
10.0 232.0
57.0 42.0
80.0 83.0
196.0 109.0
133.0 195.0
136.0 213.0
13.0 213.0
221.0 59.0
21.0 62.0
189.0 150.0
91.0 221.0
61.0 58.0
90.0 69.0
145.0 165.0
241.0 79.0
84.0 69.0
163.0 204.0
92.0 198.0
178.0 128.0
170.0 125.0
188.0 107.0
48.0 45.0
225.0 160.0
53.0 50.0
49.0 242.0
7.0 233.0
43.0 49.0
228.0 165.0
140.0 161.0
122.0 176.0
179.0 87.0
68.0 50.0
35.0 38.0
177.0 239.0
38.0 106.0
44.0 53.0
166.0 62.0
182.0 73.0
148.0 57.0
121.0 119.0
89.0 89.0
250.0 110.0
110.0 129.0
11.0 97.0
16.0 151.0
127.0 82.0
98.0 72.0
130.0 132.0
196.0 228.0
225.0 194.0
33.0 50.0
127.0 29.0
39.0 127.0
61.0 72.0
66.0 224.0
139.0 199.0
101.0 114.0
223.0 129.0
223.0 92.0
106.0 73.0
67.0 181.0
211.0 187.0
125.0 59.0
66.0 112.0
87.0 39.0
74.0 18.0
110.0 38.0
19.0 32.0
116.0 239.0
168.0 159.0
166.0 244.0
14.0 119.0
92.0 55.0
206.0 139.0
60.0 55.0
40.0 249.0
143.0 217.0
185.0 206.0
228.0 46.0
160.0 13.0
117.0 158.0
99.0 246.0
132.0 88.0
206.0 59.0
133.0 122.0
41.0 201.0
149.0 131.0
187.0 14.0
215.0 32.0
65.0 156.0
134.0 49.0
32.0 125.0
210.0 209.0
215.0 197.0
44.0 162.0
40.0 245.0
24.0 115.0
60.0 169.0
239.0 87.0
163.0 30.0
116.0 191.0
126.0 231.0
70.0 234.0
244.0 235.0
125.0 215.0
99.0 37.0
170.0 164.0
93.0 215.0
197.0 17.0
178.0 212.0
17.0 86.0
25.0 17.0
211.0 200.0
197.0 244.0
196.0 195.0
209.0 210.0
233.0 223.0
133.0 116.0
205.0 164.0
9.0 18.0
70.0 241.0
146.0 125.0
188.0 235.0
127.0 198.0
84.0 66.0
16.0 223.0
213.0 211.0
222.0 10.0
117.0 123.0
91.0 253.0
240.0 16.0
109.0 121.0
132.0 15.0
131.0 214.0
137.0 198.0
156.0 144.0
6.0 117.0
179.0 185.0
107.0 243.0
29.0 104.0
34.0 11.0
81.0 24.0
195.0 51.0
138.0 23.0
51.0 175.0
11.0 227.0
193.0 7.0
167.0 204.0
57.0 61.0
155.0 51.0
119.0 197.0
46.0 107.0
194.0 153.0
162.0 53.0
108.0 224.0
43.0 204.0
212.0 150.0
239.0 152.0
118.0 169.0
27.0 157.0
57.0 147.0
16.0 98.0
48.0 149.0
85.0 233.0
194.0 198.0
58.0 216.0
165.0 24.0
92.0 26.0
42.0 103.0
151.0 52.0
217.0 198.0
107.0 188.0
155.0 95.0
224.0 45.0
76.0 78.0
234.0 218.0
252.0 248.0
53.0 124.0
82.0 98.0
70.0 231.0
17.0 35.0
103.0 44.0
166.0 197.0
108.0 57.0
220.0 98.0
138.0 162.0
172.0 74.0
209.0 81.0
117.0 179.0
238.0 223.0
212.0 156.0
57.0 130.0
195.0 8.0
70.0 47.0
207.0 116.0
170.0 133.0
151.0 108.0
79.0 16.0
229.0 61.0
155.0 65.0
6.0 52.0
169.0 181.0
21.0 60.0
244.0 143.0
184.0 122.0
51.0 173.0
62.0 72.0
96.0 108.0
221.0 201.0
106.0 10.0
66.0 219.0
141.0 205.0
219.0 53.0
144.0 182.0
32.0 207.0
141.0 25.0
135.0 74.0
178.0 137.0
217.0 89.0
97.0 56.0
98.0 194.0
106.0 41.0
159.0 191.0
104.0 61.0
54.0 252.0
143.0 217.0
140.0 104.0
35.0 196.0
184.0 5.0
172.0 70.0
178.0 125.0
186.0 200.0
156.0 140.0
99.0 200.0
227.0 223.0
19.0 61.0
136.0 140.0
114.0 35.0
139.0 228.0
88.0 13.0
154.0 160.0
212.0 103.0
93.0 57.0
62.0 13.0
216.0 33.0
114.0 101.0
47.0 124.0
209.0 43.0
28.0 247.0
215.0 109.0
132.0 74.0
208.0 141.0
196.0 69.0
169.0 83.0
86.0 191.0
154.0 19.0
67.0 154.0
249.0 240.0
132.0 113.0
190.0 133.0
36.0 32.0
98.0 7.0
140.0 245.0
41.0 120.0
226.0 83.0
6.0 71.0
223.0 209.0
168.0 184.0
157.0 146.0
83.0 252.0
136.0 10.0
127.0 70.0
33.0 112.0
185.0 13.0
103.0 231.0
242.0 10.0
12.0 154.0
28.0 237.0
190.0 174.0
10.0 19.0
88.0 193.0
11.0 178.0
110.0 76.0
67.0 136.0
222.0 238.0
244.0 174.0
78.0 231.0
127.0 18.0
84.0 221.0
59.0 23.0
91.0 194.0
250.0 6.0
25.0 216.0
180.0 134.0
9.0 162.0
65.0 20.0
175.0 140.0
162.0 79.0
75.0 157.0
80.0 172.0
28.0 86.0
224.0 183.0
212.0 161.0
193.0 231.0
138.0 144.0
107.0 250.0
28.0 40.0
57.0 32.0
53.0 109.0
68.0 79.0
91.0 179.0
110.0 245.0
110.0 165.0
157.0 139.0
159.0 139.0
241.0 116.0
244.0 215.0
127.0 9.0
188.0 35.0
128.0 12.0
119.0 186.0
128.0 231.0
40.0 212.0
166.0 226.0
37.0 219.0
33.0 178.0
212.0 85.0
112.0 95.0
194.0 110.0
43.0 100.0
32.0 74.0
53.0 92.0
168.0 102.0
182.0 171.0
121.0 194.0
91.0 14.0
35.0 202.0
74.0 209.0
45.0 224.0
100.0 121.0
231.0 96.0
98.0 160.0
31.0 44.0
206.0 138.0
243.0 77.0
76.0 248.0
83.0 49.0
78.0 199.0
84.0 90.0
105.0 150.0
178.0 231.0
210.0 147.0
103.0 16.0
155.0 57.0
120.0 82.0
242.0 51.0
40.0 98.0
69.0 46.0
194.0 186.0
36.0 46.0
201.0 90.0
74.0 82.0
26.0 91.0
46.0 169.0
121.0 44.0
197.0 49.0
197.0 161.0
176.0 252.0
83.0 87.0
196.0 186.0
76.0 197.0
190.0 58.0
137.0 80.0
144.0 69.0
188.0 17.0
120.0 243.0
233.0 13.0
17.0 220.0
248.0 88.0
207.0 34.0
81.0 23.0
197.0 10.0
21.0 91.0
104.0 7.0
132.0 160.0
231.0 209.0
92.0 35.0
120.0 79.0
61.0 38.0
251.0 71.0
181.0 95.0
189.0 75.0
88.0 214.0
144.0 64.0
166.0 206.0
174.0 38.0
69.0 194.0
128.0 132.0
115.0 127.0
124.0 95.0
173.0 199.0
109.0 115.0
35.0 58.0
115.0 85.0
60.0 35.0
165.0 191.0
142.0 185.0
48.0 230.0
188.0 225.0
60.0 220.0
74.0 41.0
36.0 52.0
75.0 247.0
157.0 125.0
155.0 45.0
240.0 119.0
219.0 38.0
91.0 169.0
86.0 109.0
40.0 16.0
206.0 111.0
92.0 8.0
170.0 170.0
178.0 140.0
232.0 158.0
88.0 156.0
244.0 43.0
205.0 241.0
85.0 48.0
192.0 233.0
138.0 195.0
176.0 9.0
246.0 51.0
206.0 81.0
77.0 93.0
129.0 172.0
232.0 195.0
36.0 215.0
118.0 221.0
71.0 157.0
56.0 127.0
117.0 123.0
33.0 177.0
13.0 224.0
174.0 68.0
230.0 139.0
228.0 175.0
231.0 199.0
34.0 57.0
103.0 176.0
100.0 140.0
89.0 154.0
147.0 25.0
145.0 31.0
181.0 218.0
107.0 201.0
228.0 144.0
201.0 59.0
232.0 89.0
72.0 237.0
115.0 41.0
217.0 141.0
115.0 240.0
130.0 22.0
27.0 252.0
151.0 56.0
104.0 16.0
207.0 5.0
81.0 55.0
59.0 125.0
250.0 144.0
135.0 198.0
150.0 56.0
174.0 12.0
162.0 17.0
114.0 50.0
232.0 122.0
142.0 59.0
103.0 212.0
126.0 151.0
176.0 101.0
39.0 254.0
249.0 36.0
195.0 139.0
136.0 126.0
20.0 254.0
13.0 18.0
86.0 220.0
160.0 184.0
230.0 48.0
34.0 208.0
107.0 135.0
248.0 60.0
141.0 143.0
230.0 158.0
105.0 234.0
40.0 21.0
129.0 159.0
9.0 230.0
46.0 246.0
237.0 124.0
210.0 210.0
60.0 51.0
69.0 164.0
131.0 12.0
48.0 172.0
46.0 76.0
96.0 72.0
127.0 111.0
104.0 252.0
99.0 42.0
173.0 78.0
147.0 36.0
56.0 180.0
20.0 254.0
135.0 212.0
238.0 145.0
117.0 203.0
236.0 63.0
224.0 162.0
77.0 82.0
126.0 234.0
235.0 128.0
57.0 212.0
199.0 192.0
14.0 6.0
255.0 134.0
28.0 54.0
88.0 184.0
85.0 153.0
180.0 62.0
64.0 30.0
21.0 165.0
132.0 55.0
231.0 141.0
76.0 240.0
9.0 167.0
137.0 97.0
78.0 114.0
251.0 103.0
236.0 62.0
64.0 205.0
5.0 196.0
48.0 15.0
119.0 203.0
203.0 10.0
12.0 60.0
24.0 213.0
94.0 197.0
145.0 84.0
196.0 58.0
130.0 245.0
19.0 184.0
42.0 56.0
98.0 204.0
74.0 148.0
73.0 221.0
247.0 237.0
51.0 120.0
145.0 209.0
22.0 166.0
231.0 191.0
248.0 29.0
145.0 210.0
203.0 209.0
148.0 48.0
87.0 190.0
236.0 243.0
152.0 107.0
170.0 239.0
208.0 139.0
153.0 8.0
198.0 77.0
209.0 7.0
69.0 111.0
120.0 192.0
185.0 177.0
171.0 63.0
196.0 30.0
85.0 72.0
167.0 38.0
99.0 29.0
17.0 172.0
169.0 192.0
243.0 131.0
91.0 36.0
72.0 158.0
212.0 34.0
109.0 123.0
109.0 84.0
67.0 96.0
12.0 246.0
227.0 252.0
53.0 76.0
87.0 77.0
144.0 114.0
246.0 46.0
253.0 126.0
107.0 71.0
251.0 111.0
31.0 85.0
202.0 252.0
193.0 150.0
159.0 171.0
162.0 84.0
206.0 120.0
245.0 129.0
198.0 31.0
90.0 10.0
43.0 185.0
167.0 45.0
119.0 74.0
236.0 53.0
30.0 94.0
91.0 42.0
198.0 231.0
241.0 101.0
88.0 28.0
33.0 79.0
193.0 122.0
176.0 88.0
228.0 24.0
87.0 71.0
249.0 19.0
136.0 74.0
48.0 252.0
64.0 89.0
139.0 37.0
69.0 228.0
108.0 27.0
166.0 247.0
209.0 169.0
214.0 22.0
115.0 248.0
93.0 143.0
156.0 17.0
32.0 79.0
210.0 113.0
211.0 237.0
29.0 140.0
5.0 238.0
50.0 229.0
128.0 49.0
37.0 97.0
162.0 18.0
34.0 9.0
88.0 16.0
84.0 89.0
230.0 70.0
47.0 213.0
37.0 185.0
137.0 75.0
30.0 235.0
100.0 31.0
230.0 79.0
43.0 205.0
217.0 126.0
228.0 56.0
41.0 127.0
178.0 7.0
26.0 64.0
57.0 36.0
38.0 11.0
65.0 114.0
130.0 7.0
129.0 45.0
26.0 111.0
70.0 10.0
229.0 134.0
113.0 167.0
98.0 80.0
47.0 71.0
14.0 120.0
52.0 79.0
158.0 38.0
85.0 113.0
115.0 98.0
4.0 178.0
205.0 153.0
193.0 245.0
154.0 54.0
199.0 111.0
74.0 54.0
78.0 209.0
60.0 151.0
75.0 62.0
209.0 181.0
140.0 48.0
228.0 8.0
128.0 217.0
121.0 186.0
24.0 10.0
174.0 126.0
114.0 242.0
153.0 8.0
154.0 23.0
54.0 45.0
35.0 172.0
162.0 38.0
98.0 136.0
176.0 144.0
38.0 78.0
252.0 197.0
124.0 66.0
116.0 153.0
62.0 126.0
202.0 67.0
110.0 201.0
96.0 83.0
138.0 185.0
161.0 228.0
137.0 187.0
187.0 110.0
214.0 65.0
66.0 143.0
204.0 254.0
43.0 106.0
116.0 59.0
66.0 217.0
101.0 97.0
223.0 167.0
47.0 111.0
154.0 195.0
161.0 15.0
16.0 250.0
208.0 30.0
85.0 209.0
185.0 102.0
118.0 61.0
206.0 108.0
232.0 161.0
230.0 180.0
54.0 81.0
100.0 251.0
233.0 34.0
