1
2048 1 3.0 0.0 1000.0 3 160 240 100

6.5 13.5 29.3 58.5
13.0 27.0 58.5 117.0
19.5 40.5 87.8 175.5
26.0 54.0 117.0 234.0
39.0 81.0 175.5 351.0
52.0 108.0 234.0 468.0
58.5 121.5 263.3 526.5
65.0 135.0 292.5 585.0
78.0 162.0 351.0 702.0
0.0 180.0 390.0 780.0

2.0 5.0 8.0 11.0
5.0 8.0 11.0 14.0
9.0 12.0 15.0 18.0
11.0 14.0 17.0 20.0
15.0 18.0 21.0 24.0
18.0 21.0 24.0 27.0
20.0 23.0 26.0 29.0
25.0 28.0 31.0 34.0
29.0 32.0 35.0 38.0
0.0 34.0 37.0 40.0

123.0 213.0
197.0 107.0
81.0 114.0
188.0 196.0
216.0 214.0
158.0 193.0
64.0 90.0
10.0 175.0
166.0 144.0
55.0 132.0
226.0 119.0
191.0 132.0
87.0 21.0
97.0 91.0
220.0 65.0
18.0 192.0
218.0 88.0
42.0 46.0
100.0 186.0
97.0 11.0
66.0 152.0
182.0 143.0
111.0 68.0
186.0 62.0
16.0 26.0
189.0 75.0
14.0 213.0
213.0 240.0
11.0 175.0
205.0 63.0
41.0 159.0
88.0 144.0
203.0 206.0
39.0 97.0
137.0 3.0
198.0 173.0
176.0 79.0
109.0 45.0
82.0 196.0
201.0 56.0
139.0 153.0
249.0 9.0
144.0 247.0
246.0 188.0
186.0 202.0
248.0 51.0
123.0 208.0
248.0 157.0
32.0 13.0
13.0 168.0
167.0 54.0
83.0 74.0
68.0 217.0
211.0 142.0
233.0 96.0
94.0 92.0
129.0 191.0
37.0 132.0
68.0 51.0
20.0 233.0
100.0 189.0
208.0 140.0
87.0 132.0
219.0 147.0
218.0 61.0
83.0 226.0
18.0 47.0
81.0 189.0
221.0 185.0
16.0 91.0
199.0 27.0
235.0 168.0
193.0 241.0
74.0 160.0
140.0 4.0
181.0 169.0
0.0 203.0
245.0 40.0
231.0 67.0
231.0 45.0
183.0 171.0
11.0 216.0
220.0 75.0
120.0 236.0
176.0 163.0
157.0 128.0
94.0 47.0
173.0 4.0
244.0 10.0
201.0 242.0
220.0 203.0
145.0 243.0
247.0 204.0
54.0 242.0
135.0 34.0
118.0 214.0
111.0 96.0
52.0 219.0
112.0 30.0
68.0 95.0
137.0 55.0
225.0 233.0
113.0 179.0
241.0 208.0
12.0 217.0
177.0 124.0
22.0 124.0
200.0 71.0
162.0 207.0
210.0 191.0
10.0 99.0
175.0 113.0
50.0 191.0
60.0 122.0
187.0 14.0
93.0 218.0
69.0 154.0
121.0 41.0
135.0 72.0
158.0 193.0
139.0 14.0
36.0 60.0
221.0 38.0
104.0 47.0
131.0 198.0
26.0 193.0
52.0 38.0
4.0 209.0
11.0 69.0
84.0 28.0
199.0 6.0
9.0 48.0
56.0 58.0
154.0 10.0
70.0 169.0
126.0 85.0
32.0 145.0
182.0 231.0
50.0 173.0
190.0 13.0
208.0 50.0
150.0 85.0
40.0 250.0
123.0 143.0
75.0 21.0
224.0 174.0
13.0 26.0
129.0 177.0
146.0 79.0
149.0 83.0
218.0 119.0
186.0 144.0
217.0 112.0
248.0 156.0
155.0 131.0
217.0 167.0
214.0 184.0
167.0 143.0
191.0 174.0
60.0 146.0
238.0 178.0
231.0 88.0
204.0 47.0
120.0 14.0
206.0 161.0
42.0 99.0
114.0 191.0
69.0 172.0
188.0 91.0
191.0 107.0
192.0 49.0
219.0 232.0
86.0 233.0
203.0 2.0
9.0 202.0
208.0 196.0
16.0 173.0
107.0 13.0
161.0 162.0
100.0 200.0
24.0 44.0
236.0 214.0
131.0 189.0
44.0 182.0
10.0 91.0
147.0 20.0
183.0 14.0
111.0 119.0
237.0 208.0
26.0 64.0
139.0 90.0
178.0 192.0
48.0 61.0
211.0 62.0
189.0 244.0
239.0 18.0
158.0 177.0
201.0 60.0
86.0 114.0
24.0 58.0
168.0 124.0
33.0 166.0
116.0 229.0
36.0 88.0
149.0 162.0
145.0 169.0
217.0 125.0
148.0 109.0
193.0 226.0
104.0 138.0
110.0 116.0
118.0 60.0
41.0 131.0
73.0 159.0
84.0 81.0
166.0 220.0
173.0 115.0
146.0 58.0
46.0 174.0
220.0 166.0
229.0 102.0
164.0 2.0
220.0 41.0
215.0 167.0
137.0 50.0
157.0 93.0
112.0 207.0
71.0 141.0
80.0 16.0
12.0 89.0
127.0 232.0
222.0 43.0
160.0 68.0
16.0 118.0
198.0 23.0
71.0 59.0
158.0 156.0
133.0 12.0
73.0 178.0
248.0 244.0
240.0 73.0
149.0 148.0
106.0 225.0
42.0 212.0
7.0 142.0
46.0 150.0
210.0 147.0
139.0 12.0
241.0 228.0
8.0 92.0
66.0 56.0
32.0 66.0
246.0 232.0
150.0 76.0
243.0 150.0
238.0 40.0
141.0 164.0
118.0 53.0
72.0 64.0
187.0 23.0
233.0 186.0
179.0 21.0
175.0 13.0
164.0 144.0
105.0 249.0
174.0 212.0
18.0 74.0
183.0 244.0
31.0 190.0
211.0 158.0
98.0 6.0
151.0 241.0
106.0 175.0
216.0 2.0
162.0 223.0
222.0 41.0
198.0 102.0
239.0 183.0
64.0 35.0
196.0 148.0
121.0 101.0
103.0 112.0
143.0 61.0
91.0 73.0
131.0 248.0
62.0 229.0
3.0 148.0
28.0 183.0
133.0 114.0
58.0 46.0
57.0 214.0
29.0 111.0
224.0 40.0
229.0 75.0
217.0 102.0
131.0 90.0
192.0 245.0
22.0 242.0
107.0 102.0
164.0 114.0
95.0 151.0
52.0 178.0
174.0 242.0
87.0 17.0
51.0 55.0
72.0 9.0
59.0 233.0
4.0 119.0
114.0 7.0
181.0 13.0
126.0 197.0
223.0 59.0
101.0 34.0
150.0 28.0
5.0 45.0
249.0 184.0
6.0 84.0
236.0 228.0
29.0 132.0
77.0 120.0
124.0 53.0
105.0 153.0
200.0 71.0
159.0 160.0
5.0 30.0
7.0 105.0
36.0 67.0
176.0 77.0
115.0 138.0
49.0 42.0
205.0 163.0
236.0 9.0
82.0 85.0
219.0 96.0
42.0 6.0
124.0 14.0
151.0 56.0
22.0 87.0
92.0 26.0
224.0 198.0
222.0 75.0
100.0 158.0
48.0 132.0
3.0 16.0
90.0 204.0
224.0 162.0
211.0 71.0
161.0 144.0
27.0 210.0
18.0 162.0
89.0 59.0
89.0 26.0
67.0 72.0
55.0 186.0
25.0 71.0
2.0 233.0
124.0 204.0
184.0 102.0
217.0 152.0
125.0 12.0
67.0 16.0
224.0 239.0
3.0 139.0
53.0 138.0
134.0 197.0
156.0 131.0
54.0 157.0
165.0 203.0
46.0 83.0
161.0 4.0
74.0 15.0
215.0 214.0
210.0 246.0
168.0 145.0
156.0 140.0
222.0 128.0
127.0 166.0
249.0 8.0
149.0 158.0
41.0 193.0
133.0 129.0
14.0 195.0
182.0 250.0
232.0 227.0
101.0 206.0
117.0 187.0
198.0 168.0
107.0 202.0
221.0 206.0
248.0 194.0
138.0 27.0
83.0 18.0
242.0 215.0
244.0 4.0
148.0 250.0
199.0 83.0
49.0 100.0
190.0 202.0
174.0 39.0
203.0 79.0
188.0 109.0
126.0 137.0
88.0 6.0
50.0 35.0
237.0 183.0
5.0 13.0
197.0 73.0
211.0 92.0
126.0 106.0
6.0 225.0
36.0 33.0
155.0 65.0
45.0 129.0
88.0 64.0
46.0 138.0
133.0 201.0
54.0 177.0
166.0 177.0
25.0 84.0
139.0 245.0
33.0 29.0
11.0 144.0
229.0 35.0
175.0 180.0
87.0 78.0
32.0 47.0
240.0 40.0
188.0 44.0
32.0 70.0
33.0 176.0
225.0 237.0
65.0 165.0
93.0 173.0
93.0 216.0
228.0 200.0
48.0 214.0
180.0 19.0
177.0 62.0
94.0 79.0
205.0 196.0
128.0 84.0
125.0 139.0
170.0 127.0
80.0 239.0
16.0 32.0
113.0 79.0
154.0 18.0
134.0 79.0
193.0 151.0
241.0 158.0
207.0 61.0
130.0 99.0
143.0 11.0
107.0 100.0
217.0 195.0
53.0 51.0
48.0 200.0
241.0 123.0
84.0 140.0
217.0 94.0
198.0 38.0
34.0 121.0
141.0 70.0
168.0 10.0
92.0 126.0
28.0 75.0
111.0 193.0
20.0 235.0
137.0 111.0
198.0 102.0
191.0 110.0
87.0 67.0
48.0 42.0
92.0 244.0
177.0 79.0
193.0 192.0
81.0 195.0
221.0 124.0
214.0 49.0
38.0 142.0
224.0 233.0
50.0 111.0
84.0 109.0
233.0 58.0
226.0 88.0
240.0 97.0
127.0 203.0
145.0 143.0
75.0 179.0
250.0 28.0
190.0 10.0
162.0 174.0
66.0 99.0
171.0 49.0
218.0 97.0
14.0 192.0
78.0 140.0
189.0 154.0
115.0 221.0
21.0 15.0
176.0 36.0
25.0 206.0
6.0 166.0
138.0 169.0
180.0 48.0
244.0 201.0
11.0 233.0
183.0 145.0
59.0 9.0
52.0 156.0
170.0 2.0
111.0 73.0
43.0 218.0
212.0 246.0
140.0 6.0
219.0 226.0
55.0 42.0
187.0 58.0
32.0 176.0
151.0 187.0
116.0 116.0
166.0 100.0
22.0 192.0
81.0 95.0
66.0 4.0
59.0 173.0
110.0 115.0
194.0 62.0
11.0 198.0
122.0 247.0
140.0 168.0
99.0 153.0
86.0 95.0
65.0 206.0
230.0 48.0
42.0 58.0
192.0 48.0
20.0 88.0
207.0 140.0
40.0 62.0
51.0 150.0
8.0 206.0
201.0 10.0
79.0 207.0
231.0 92.0
13.0 3.0
249.0 52.0
225.0 12.0
247.0 3.0
45.0 38.0
52.0 159.0
47.0 125.0
122.0 117.0
75.0 220.0
248.0 57.0
212.0 42.0
33.0 164.0
197.0 155.0
83.0 155.0
134.0 249.0
160.0 102.0
166.0 4.0
99.0 59.0
46.0 184.0
124.0 58.0
170.0 195.0
226.0 106.0
129.0 128.0
129.0 118.0
214.0 151.0
130.0 57.0
63.0 157.0
189.0 78.0
248.0 129.0
222.0 69.0
132.0 30.0
61.0 34.0
155.0 52.0
178.0 61.0
9.0 134.0
12.0 198.0
234.0 231.0
107.0 122.0
83.0 115.0
45.0 38.0
39.0 60.0
240.0 60.0
226.0 67.0
209.0 151.0
216.0 105.0
14.0 240.0
100.0 160.0
111.0 217.0
198.0 177.0
175.0 64.0
148.0 72.0
17.0 170.0
139.0 29.0
31.0 240.0
132.0 110.0
164.0 211.0
221.0 53.0
222.0 199.0
105.0 135.0
141.0 37.0
189.0 101.0
134.0 37.0
172.0 180.0
244.0 162.0
5.0 45.0
86.0 120.0
196.0 119.0
158.0 199.0
244.0 215.0
165.0 208.0
35.0 26.0
90.0 240.0
101.0 86.0
76.0 237.0
222.0 93.0
246.0 195.0
135.0 81.0
140.0 127.0
193.0 227.0
12.0 226.0
135.0 126.0
65.0 246.0
181.0 218.0
215.0 146.0
217.0 72.0
107.0 152.0
182.0 78.0
93.0 157.0
40.0 123.0
8.0 233.0
75.0 200.0
102.0 56.0
9.0 125.0
73.0 135.0
64.0 197.0
180.0 32.0
94.0 109.0
23.0 83.0
31.0 50.0
86.0 177.0
138.0 206.0
240.0 238.0
201.0 195.0
209.0 88.0
27.0 55.0
35.0 204.0
233.0 163.0
202.0 186.0
103.0 90.0
59.0 62.0
101.0 159.0
78.0 127.0
187.0 63.0
234.0 63.0
169.0 201.0
134.0 174.0
97.0 203.0
85.0 91.0
59.0 191.0
90.0 166.0
22.0 109.0
88.0 37.0
190.0 48.0
55.0 199.0
145.0 25.0
160.0 197.0
132.0 21.0
206.0 146.0
120.0 104.0
181.0 73.0
125.0 70.0
42.0 150.0
50.0 54.0
147.0 206.0
158.0 171.0
108.0 198.0
65.0 17.0
105.0 159.0
219.0 192.0
42.0 173.0
154.0 86.0
229.0 30.0
100.0 192.0
83.0 232.0
102.0 57.0
164.0 116.0
127.0 37.0
162.0 163.0
166.0 58.0
22.0 110.0
194.0 201.0
206.0 76.0
121.0 175.0
144.0 194.0
221.0 122.0
13.0 63.0
41.0 199.0
4.0 169.0
165.0 246.0
99.0 193.0
196.0 120.0
145.0 231.0
210.0 127.0
118.0 231.0
184.0 246.0
247.0 31.0
3.0 218.0
246.0 192.0
188.0 63.0
225.0 132.0
75.0 215.0
140.0 115.0
209.0 224.0
219.0 1.0
54.0 87.0
117.0 170.0
169.0 30.0
104.0 150.0
63.0 173.0
158.0 244.0
10.0 37.0
148.0 58.0
167.0 196.0
116.0 103.0
144.0 153.0
187.0 241.0
244.0 112.0
20.0 30.0
153.0 120.0
197.0 109.0
164.0 115.0
75.0 53.0
98.0 226.0
140.0 218.0
134.0 229.0
1.0 131.0
69.0 156.0
199.0 57.0
111.0 62.0
79.0 193.0
99.0 78.0
39.0 232.0
124.0 135.0
25.0 129.0
68.0 106.0
209.0 183.0
162.0 135.0
86.0 137.0
217.0 10.0
71.0 54.0
229.0 238.0
198.0 21.0
160.0 48.0
116.0 86.0
208.0 106.0
123.0 89.0
0.0 42.0
58.0 173.0
145.0 200.0
155.0 17.0
193.0 81.0
68.0 188.0
90.0 26.0
39.0 47.0
21.0 219.0
35.0 214.0
116.0 192.0
222.0 159.0
53.0 42.0
212.0 55.0
129.0 147.0
67.0 77.0
228.0 237.0
145.0 153.0
122.0 228.0
137.0 245.0
169.0 32.0
238.0 24.0
213.0 151.0
205.0 143.0
115.0 129.0
95.0 109.0
122.0 47.0
80.0 69.0
94.0 13.0
249.0 145.0
196.0 197.0
156.0 8.0
202.0 7.0
175.0 193.0
111.0 65.0
28.0 225.0
135.0 203.0
181.0 191.0
120.0 25.0
83.0 188.0
71.0 128.0
88.0 166.0
241.0 139.0
158.0 219.0
55.0 49.0
41.0 219.0
232.0 126.0
170.0 224.0
231.0 10.0
97.0 166.0
4.0 140.0
70.0 147.0
82.0 3.0
208.0 206.0
80.0 226.0
6.0 13.0
24.0 123.0
227.0 243.0
229.0 95.0
73.0 185.0
236.0 112.0
49.0 237.0
161.0 76.0
20.0 210.0
114.0 133.0
37.0 207.0
137.0 133.0
33.0 139.0
208.0 176.0
85.0 13.0
139.0 61.0
239.0 179.0
25.0 211.0
202.0 42.0
213.0 0.0
29.0 63.0
67.0 207.0
240.0 169.0
116.0 122.0
101.0 17.0
244.0 157.0
151.0 127.0
137.0 136.0
77.0 183.0
13.0 214.0
130.0 151.0
225.0 230.0
84.0 140.0
143.0 85.0
32.0 25.0
34.0 60.0
164.0 138.0
208.0 40.0
185.0 162.0
32.0 189.0
145.0 173.0
205.0 170.0
223.0 79.0
26.0 72.0
95.0 29.0
155.0 18.0
67.0 164.0
247.0 237.0
228.0 162.0
69.0 206.0
169.0 77.0
105.0 15.0
153.0 41.0
152.0 185.0
161.0 199.0
4.0 216.0
72.0 94.0
130.0 231.0
20.0 222.0
69.0 103.0
69.0 109.0
50.0 63.0
126.0 18.0
197.0 57.0
97.0 231.0
213.0 210.0
94.0 170.0
12.0 55.0
60.0 169.0
77.0 249.0
3.0 20.0
135.0 70.0
90.0 3.0
46.0 35.0
141.0 131.0
133.0 48.0
171.0 200.0
225.0 66.0
146.0 14.0
4.0 53.0
208.0 221.0
58.0 80.0
175.0 26.0
110.0 231.0
189.0 96.0
196.0 34.0
205.0 30.0
142.0 209.0
48.0 92.0
230.0 77.0
120.0 216.0
29.0 47.0
114.0 90.0
166.0 144.0
178.0 203.0
132.0 131.0
19.0 58.0
13.0 51.0
13.0 35.0
131.0 123.0
188.0 241.0
108.0 203.0
22.0 215.0
201.0 95.0
37.0 186.0
59.0 64.0
26.0 137.0
121.0 222.0
2.0 240.0
176.0 234.0
81.0 48.0
185.0 164.0
29.0 131.0
12.0 30.0
47.0 163.0
35.0 2.0
146.0 24.0
154.0 193.0
70.0 56.0
54.0 111.0
244.0 156.0
113.0 83.0
70.0 210.0
175.0 94.0
186.0 200.0
218.0 1.0
129.0 90.0
4.0 149.0
134.0 211.0
116.0 11.0
155.0 121.0
106.0 242.0
198.0 38.0
11.0 129.0
181.0 195.0
106.0 224.0
47.0 84.0
22.0 10.0
196.0 81.0
210.0 248.0
111.0 22.0
26.0 7.0
111.0 112.0
24.0 125.0
226.0 108.0
116.0 234.0
4.0 28.0
59.0 240.0
124.0 211.0
53.0 238.0
2.0 97.0
34.0 150.0
126.0 179.0
74.0 178.0
195.0 132.0
99.0 243.0
170.0 173.0
197.0 124.0
183.0 51.0
122.0 87.0
44.0 93.0
132.0 103.0
153.0 75.0
141.0 73.0
205.0 218.0
194.0 13.0
96.0 213.0
129.0 12.0
56.0 189.0
63.0 41.0
46.0 152.0
173.0 30.0
54.0 203.0
51.0 196.0
217.0 165.0
219.0 145.0
25.0 57.0
219.0 98.0
156.0 185.0
229.0 166.0
69.0 146.0
244.0 128.0
45.0 148.0
154.0 15.0
163.0 63.0
139.0 84.0
24.0 244.0
72.0 111.0
105.0 154.0
227.0 205.0
155.0 194.0
133.0 196.0
160.0 176.0
213.0 191.0
159.0 184.0
186.0 207.0
47.0 159.0
9.0 102.0
53.0 70.0
195.0 99.0
125.0 119.0
164.0 244.0
51.0 245.0
92.0 212.0
167.0 226.0
37.0 183.0
110.0 28.0
180.0 81.0
90.0 75.0
87.0 9.0
6.0 211.0
210.0 59.0
23.0 162.0
146.0 212.0
43.0 129.0
10.0 112.0
74.0 207.0
59.0 66.0
42.0 137.0
45.0 186.0
188.0 194.0
68.0 131.0
219.0 117.0
24.0 5.0
211.0 244.0
51.0 246.0
89.0 132.0
184.0 172.0
33.0 212.0
8.0 156.0
13.0 117.0
132.0 216.0
194.0 123.0
160.0 124.0
14.0 212.0
103.0 187.0
71.0 68.0
30.0 176.0
240.0 136.0
29.0 195.0
24.0 199.0
151.0 82.0
199.0 206.0
34.0 4.0
121.0 188.0
2.0 221.0
136.0 135.0
222.0 58.0
78.0 19.0
64.0 180.0
184.0 235.0
153.0 76.0
26.0 7.0
112.0 240.0
160.0 153.0
115.0 69.0
237.0 150.0
127.0 92.0
128.0 246.0
72.0 176.0
189.0 200.0
187.0 193.0
110.0 5.0
166.0 182.0
77.0 75.0
237.0 102.0
70.0 111.0
148.0 92.0
170.0 238.0
82.0 203.0
41.0 36.0
101.0 148.0
118.0 158.0
6.0 164.0
20.0 37.0
103.0 145.0
95.0 3.0
127.0 24.0
12.0 186.0
184.0 188.0
148.0 157.0
111.0 25.0
94.0 44.0
209.0 10.0
130.0 214.0
137.0 67.0
126.0 124.0
65.0 220.0
94.0 59.0
213.0 159.0
225.0 247.0
27.0 110.0
12.0 165.0
240.0 244.0
149.0 186.0
174.0 155.0
214.0 231.0
187.0 16.0
182.0 206.0
225.0 60.0
147.0 32.0
7.0 119.0
184.0 136.0
190.0 4.0
103.0 120.0
164.0 80.0
148.0 91.0
188.0 184.0
22.0 230.0
154.0 126.0
158.0 228.0
67.0 48.0
7.0 31.0
136.0 241.0
118.0 149.0
208.0 88.0
172.0 96.0
54.0 96.0
122.0 89.0
120.0 66.0
199.0 206.0
123.0 231.0
101.0 247.0
225.0 50.0
221.0 126.0
56.0 100.0
111.0 161.0
180.0 134.0
173.0 221.0
152.0 123.0
142.0 218.0
139.0 219.0
222.0 30.0
126.0 100.0
74.0 208.0
57.0 229.0
148.0 194.0
51.0 136.0
153.0 21.0
176.0 131.0
71.0 90.0
42.0 168.0
110.0 130.0
65.0 148.0
127.0 57.0
52.0 11.0
56.0 218.0
76.0 27.0
228.0 93.0
157.0 11.0
15.0 95.0
114.0 241.0
34.0 138.0
209.0 197.0
237.0 7.0
80.0 1.0
2.0 70.0
222.0 65.0
148.0 232.0
111.0 205.0
148.0 55.0
128.0 94.0
71.0 74.0
249.0 193.0
143.0 95.0
20.0 148.0
103.0 137.0
170.0 189.0
109.0 180.0
9.0 116.0
247.0 3.0
76.0 53.0
9.0 151.0
69.0 176.0
201.0 187.0
146.0 214.0
235.0 153.0
250.0 62.0
163.0 249.0
169.0 169.0
35.0 57.0
127.0 191.0
35.0 176.0
217.0 158.0
146.0 219.0
115.0 51.0
138.0 177.0
4.0 156.0
12.0 208.0
21.0 201.0
86.0 250.0
41.0 45.0
208.0 123.0
214.0 21.0
171.0 156.0
223.0 99.0
194.0 127.0
30.0 86.0
147.0 169.0
214.0 153.0
35.0 70.0
45.0 36.0
32.0 228.0
11.0 75.0
198.0 79.0
84.0 64.0
60.0 121.0
55.0 186.0
57.0 240.0
98.0 159.0
150.0 73.0
27.0 224.0
233.0 246.0
25.0 216.0
18.0 104.0
187.0 5.0
143.0 130.0
23.0 141.0
69.0 52.0
148.0 136.0
130.0 222.0
182.0 82.0
174.0 116.0
194.0 167.0
48.0 191.0
110.0 160.0
222.0 55.0
31.0 52.0
189.0 58.0
4.0 62.0
69.0 164.0
83.0 41.0
160.0 43.0
81.0 139.0
5.0 158.0
226.0 132.0
93.0 134.0
9.0 129.0
119.0 77.0
59.0 217.0
70.0 243.0
193.0 115.0
179.0 101.0
116.0 22.0
124.0 79.0
50.0 115.0
165.0 139.0
119.0 245.0
200.0 115.0
158.0 170.0
68.0 74.0
161.0 247.0
201.0 15.0
132.0 46.0
84.0 33.0
197.0 178.0
241.0 153.0
122.0 187.0
83.0 66.0
201.0 162.0
227.0 106.0
49.0 46.0
217.0 94.0
134.0 174.0
157.0 224.0
205.0 152.0
54.0 22.0
82.0 214.0
245.0 177.0
88.0 57.0
104.0 124.0
202.0 173.0
4.0 88.0
109.0 29.0
119.0 75.0
88.0 13.0
165.0 135.0
33.0 114.0
34.0 28.0
193.0 121.0
53.0 236.0
33.0 197.0
185.0 75.0
181.0 229.0
44.0 213.0
242.0 186.0
161.0 2.0
71.0 19.0
235.0 33.0
155.0 193.0
194.0 190.0
67.0 34.0
187.0 22.0
34.0 83.0
175.0 42.0
186.0 27.0
140.0 173.0
169.0 26.0
206.0 71.0
61.0 119.0
50.0 162.0
134.0 168.0
40.0 8.0
51.0 137.0
88.0 207.0
148.0 47.0
42.0 70.0
21.0 20.0
221.0 151.0
188.0 137.0
47.0 4.0
180.0 150.0
3.0 120.0
204.0 134.0
239.0 31.0
93.0 3.0
196.0 166.0
82.0 112.0
174.0 75.0
241.0 223.0
104.0 230.0
219.0 188.0
73.0 137.0
19.0 17.0
231.0 93.0
83.0 42.0
12.0 208.0
21.0 224.0
160.0 145.0
143.0 197.0
134.0 71.0
11.0 205.0
250.0 142.0
34.0 169.0
1.0 150.0
198.0 155.0
54.0 34.0
90.0 106.0
225.0 241.0
177.0 233.0
65.0 24.0
115.0 59.0
234.0 41.0
185.0 127.0
164.0 209.0
13.0 248.0
67.0 65.0
22.0 173.0
164.0 191.0
168.0 192.0
63.0 103.0
31.0 162.0
49.0 26.0
178.0 98.0
67.0 72.0
3.0 207.0
55.0 138.0
83.0 113.0
33.0 149.0
132.0 43.0
206.0 84.0
209.0 78.0
149.0 60.0
150.0 137.0
179.0 16.0
245.0 152.0
109.0 145.0
10.0 236.0
134.0 5.0
193.0 183.0
149.0 74.0
250.0 216.0
126.0 61.0
47.0 201.0
236.0 97.0
153.0 124.0
214.0 12.0
97.0 161.0
21.0 190.0
90.0 28.0
174.0 82.0
212.0 54.0
194.0 239.0
163.0 46.0
147.0 76.0
245.0 16.0
104.0 114.0
19.0 195.0
137.0 14.0
177.0 61.0
28.0 38.0
225.0 160.0
208.0 124.0
116.0 62.0
207.0 92.0
63.0 137.0
19.0 32.0
48.0 97.0
33.0 14.0
129.0 104.0
63.0 61.0
192.0 50.0
0.0 138.0
111.0 149.0
241.0 229.0
103.0 84.0
55.0 120.0
112.0 237.0
146.0 101.0
130.0 101.0
220.0 66.0
161.0 36.0
174.0 102.0
122.0 89.0
103.0 183.0
10.0 176.0
101.0 166.0
240.0 203.0
191.0 92.0
125.0 67.0
235.0 110.0
18.0 226.0
24.0 159.0
218.0 155.0
33.0 91.0
28.0 22.0
155.0 242.0
204.0 235.0
45.0 33.0
41.0 117.0
242.0 203.0
221.0 198.0
74.0 145.0
50.0 21.0
167.0 81.0
65.0 86.0
157.0 151.0
32.0 176.0
55.0 45.0
182.0 91.0
15.0 117.0
78.0 149.0
50.0 244.0
90.0 102.0
82.0 236.0
3.0 200.0
1.0 189.0
94.0 189.0
240.0 211.0
83.0 89.0
162.0 38.0
185.0 155.0
142.0 99.0
19.0 18.0
32.0 161.0
240.0 12.0
237.0 0.0
25.0 60.0
230.0 103.0
146.0 21.0
130.0 208.0
148.0 213.0
0.0 81.0
226.0 168.0
155.0 203.0
208.0 200.0
245.0 134.0
96.0 200.0
24.0 114.0
221.0 145.0
208.0 44.0
67.0 88.0
190.0 15.0
196.0 242.0
165.0 170.0
229.0 61.0
33.0 192.0
158.0 47.0
23.0 57.0
86.0 64.0
21.0 1.0
47.0 17.0
183.0 193.0
117.0 36.0
184.0 190.0
101.0 173.0
50.0 52.0
134.0 111.0
65.0 59.0
101.0 10.0
64.0 36.0
80.0 139.0
237.0 95.0
112.0 22.0
123.0 196.0
111.0 133.0
42.0 187.0
84.0 235.0
33.0 108.0
122.0 34.0
154.0 62.0
189.0 107.0
98.0 26.0
59.0 155.0
104.0 65.0
31.0 170.0
234.0 185.0
172.0 182.0
136.0 150.0
85.0 54.0
224.0 141.0
60.0 119.0
24.0 208.0
9.0 0.0
248.0 3.0
146.0 33.0
217.0 125.0
193.0 1.0
60.0 205.0
205.0 239.0
201.0 166.0
165.0 183.0
177.0 171.0
65.0 44.0
178.0 79.0
249.0 66.0
221.0 17.0
116.0 171.0
224.0 47.0
76.0 67.0
32.0 147.0
237.0 3.0
13.0 98.0
90.0 126.0
170.0 139.0
37.0 245.0
4.0 105.0
168.0 79.0
194.0 23.0
6.0 167.0
216.0 10.0
228.0 156.0
84.0 92.0
236.0 8.0
207.0 129.0
199.0 219.0
182.0 121.0
54.0 212.0
132.0 183.0
236.0 133.0
32.0 105.0
218.0 81.0
17.0 157.0
44.0 121.0
234.0 160.0
29.0 247.0
109.0 139.0
195.0 5.0
206.0 191.0
4.0 78.0
192.0 241.0
57.0 178.0
200.0 226.0
221.0 139.0
225.0 235.0
211.0 215.0
228.0 19.0
217.0 91.0
200.0 36.0
235.0 220.0
249.0 59.0
61.0 150.0
72.0 146.0
229.0 47.0
7.0 112.0
234.0 228.0
156.0 191.0
197.0 20.0
137.0 154.0
178.0 137.0
100.0 173.0
177.0 25.0
168.0 100.0
153.0 225.0
74.0 62.0
227.0 97.0
41.0 168.0
19.0 69.0
30.0 105.0
160.0 131.0
36.0 38.0
67.0 112.0
186.0 228.0
130.0 91.0
199.0 149.0
32.0 98.0
74.0 146.0
223.0 86.0
189.0 36.0
153.0 199.0
67.0 76.0
148.0 199.0
119.0 67.0
162.0 198.0
220.0 154.0
175.0 185.0
69.0 203.0
76.0 113.0
79.0 199.0
189.0 168.0
96.0 169.0
160.0 117.0
77.0 193.0
223.0 207.0
158.0 148.0
200.0 160.0
122.0 101.0
121.0 111.0
46.0 134.0
198.0 138.0
38.0 152.0
172.0 127.0
216.0 54.0
117.0 246.0
198.0 220.0
125.0 124.0
145.0 53.0
59.0 155.0
249.0 163.0
183.0 148.0
78.0 52.0
236.0 103.0
43.0 9.0
114.0 224.0
42.0 210.0
127.0 63.0
146.0 100.0
102.0 36.0
18.0 167.0
181.0 86.0
65.0 84.0
212.0 94.0
121.0 186.0
198.0 205.0
48.0 123.0
92.0 31.0
179.0 74.0
12.0 29.0
99.0 183.0
45.0 145.0
87.0 13.0
100.0 137.0
72.0 50.0
83.0 59.0
52.0 161.0
245.0 167.0
222.0 182.0
98.0 136.0
108.0 157.0
122.0 205.0
97.0 27.0
29.0 9.0
32.0 164.0
193.0 114.0
128.0 184.0
131.0 111.0
22.0 49.0
16.0 177.0
58.0 23.0
240.0 79.0
28.0 108.0
120.0 160.0
76.0 159.0
157.0 147.0
103.0 183.0
49.0 200.0
36.0 128.0
9.0 174.0
141.0 61.0
205.0 123.0
134.0 160.0
237.0 159.0
147.0 30.0
126.0 62.0
168.0 169.0
66.0 128.0
146.0 204.0
62.0 25.0
3.0 84.0
86.0 27.0
113.0 11.0
224.0 13.0
123.0 140.0
86.0 227.0
49.0 207.0
89.0 70.0
140.0 15.0
236.0 30.0
79.0 35.0
134.0 155.0
133.0 185.0
16.0 52.0
193.0 176.0
113.0 186.0
200.0 112.0
16.0 93.0
11.0 94.0
21.0 148.0
90.0 156.0
208.0 136.0
189.0 158.0
104.0 137.0
41.0 72.0
99.0 94.0
98.0 177.0
46.0 213.0
207.0 225.0
116.0 174.0
149.0 204.0
208.0 186.0
36.0 148.0
102.0 241.0
138.0 245.0
45.0 215.0
239.0 61.0
61.0 56.0
236.0 3.0
77.0 84.0
206.0 234.0
7.0 5.0
1.0 15.0
28.0 48.0
17.0 68.0
55.0 207.0
32.0 75.0
27.0 107.0
154.0 11.0
135.0 115.0
148.0 59.0
232.0 87.0
46.0 192.0
182.0 239.0
207.0 25.0
1.0 166.0
75.0 152.0
196.0 120.0
205.0 218.0
249.0 198.0
164.0 30.0
48.0 170.0
9.0 108.0
95.0 229.0
70.0 98.0
137.0 14.0
116.0 72.0
200.0 68.0
14.0 9.0
47.0 200.0
63.0 114.0
145.0 47.0
19.0 137.0
62.0 164.0
94.0 229.0
239.0 87.0
77.0 128.0
177.0 54.0
237.0 57.0
133.0 200.0
28.0 50.0
214.0 63.0
140.0 176.0
104.0 53.0
21.0 4.0
183.0 131.0
62.0 184.0
147.0 209.0
181.0 73.0
11.0 139.0
126.0 183.0
240.0 186.0
110.0 244.0
1.0 228.0
223.0 36.0
161.0 197.0
101.0 163.0
159.0 123.0
187.0 34.0
233.0 198.0
176.0 115.0
17.0 63.0
108.0 85.0
120.0 125.0
86.0 85.0
61.0 241.0
179.0 62.0
53.0 185.0
150.0 40.0
150.0 115.0
172.0 174.0
98.0 87.0
41.0 54.0
53.0 206.0
198.0 246.0
115.0 77.0
165.0 144.0
225.0 32.0
107.0 20.0
5.0 165.0
239.0 198.0
192.0 28.0
158.0 121.0
145.0 150.0
211.0 122.0
182.0 94.0
87.0 35.0
117.0 97.0
131.0 75.0
115.0 139.0
190.0 7.0
117.0 103.0
109.0 167.0
84.0 244.0
62.0 204.0
166.0 13.0
227.0 6.0
202.0 76.0
94.0 41.0
247.0 191.0
42.0 204.0
186.0 174.0
124.0 29.0
241.0 224.0
37.0 225.0
56.0 228.0
108.0 28.0
49.0 185.0
159.0 199.0
76.0 235.0
181.0 33.0
1.0 83.0
71.0 82.0
51.0 149.0
243.0 102.0
207.0 124.0
226.0 20.0
124.0 150.0
193.0 77.0
201.0 151.0
159.0 67.0
180.0 174.0
174.0 197.0
10.0 149.0
104.0 112.0
239.0 42.0
224.0 243.0
34.0 181.0
77.0 144.0
223.0 110.0
194.0 88.0
92.0 136.0
31.0 240.0
196.0 25.0
55.0 24.0
30.0 160.0
235.0 142.0
232.0 232.0
239.0 240.0
246.0 147.0
218.0 42.0
17.0 109.0
108.0 81.0
23.0 167.0
186.0 219.0
67.0 89.0
213.0 212.0
39.0 198.0
12.0 136.0
178.0 165.0
182.0 57.0
173.0 45.0
188.0 129.0
5.0 132.0
137.0 140.0
248.0 75.0
113.0 58.0
112.0 206.0
6.0 212.0
60.0 125.0
82.0 57.0
155.0 143.0
101.0 19.0
104.0 231.0
113.0 242.0
36.0 223.0
99.0 112.0
83.0 29.0
232.0 13.0
188.0 237.0
36.0 51.0
103.0 231.0
90.0 76.0
87.0 92.0
199.0 137.0
172.0 21.0
33.0 44.0
132.0 169.0
42.0 58.0
120.0 19.0
18.0 19.0
18.0 43.0
244.0 46.0
71.0 178.0
221.0 0.0
220.0 210.0
36.0 206.0
98.0 238.0
241.0 22.0
214.0 181.0
179.0 108.0
171.0 120.0
4.0 120.0
66.0 75.0
205.0 42.0
41.0 123.0
4.0 22.0
11.0 83.0
63.0 46.0
165.0 59.0
1.0 176.0
139.0 179.0
26.0 90.0
71.0 199.0
52.0 243.0
82.0 201.0
249.0 39.0
10.0 150.0
249.0 185.0
54.0 187.0
97.0 15.0
49.0 45.0
40.0 61.0
139.0 74.0
116.0 42.0
205.0 164.0
13.0 175.0
184.0 147.0
30.0 95.0
10.0 118.0
3.0 179.0
191.0 113.0
125.0 169.0
129.0 216.0
169.0 23.0
68.0 166.0
161.0 11.0
154.0 142.0
141.0 118.0
119.0 185.0
177.0 128.0
195.0 64.0
141.0 94.0
149.0 162.0
64.0 191.0
157.0 58.0
168.0 18.0
60.0 22.0
39.0 232.0
61.0 212.0
159.0 207.0
59.0 172.0
134.0 226.0
43.0 39.0
219.0 6.0
108.0 185.0
84.0 216.0
159.0 81.0
69.0 152.0
231.0 225.0
233.0 88.0
112.0 62.0
71.0 116.0
73.0 94.0
88.0 116.0
32.0 239.0
214.0 22.0
60.0 27.0
142.0 173.0
188.0 48.0
182.0 38.0
57.0 114.0
93.0 210.0
239.0 197.0
127.0 110.0
136.0 208.0
84.0 146.0
177.0 61.0
32.0 160.0
86.0 217.0
86.0 28.0
63.0 15.0
28.0 119.0
35.0 132.0
54.0 103.0
188.0 74.0
39.0 189.0
62.0 189.0
230.0 164.0
45.0 221.0
146.0 181.0
175.0 17.0
211.0 46.0
215.0 41.0
24.0 78.0
24.0 166.0
169.0 160.0
68.0 42.0
94.0 189.0
232.0 125.0
87.0 168.0
131.0 36.0
1.0 12.0
217.0 221.0
139.0 197.0
12.0 201.0
59.0 195.0
121.0 5.0
101.0 201.0
249.0 206.0
20.0 211.0
235.0 19.0
143.0 100.0
213.0 20.0

128.0 217.0
203.0 112.0
86.0 119.0
193.0 200.0
220.0 218.0
163.0 199.0
69.0 95.0
15.0 180.0
172.0 150.0
59.0 137.0
232.0 125.0
197.0 137.0
91.0 26.0
103.0 97.0
225.0 71.0
24.0 198.0
223.0 93.0
47.0 52.0
106.0 191.0
101.0 16.0
71.0 156.0
187.0 148.0
116.0 74.0
192.0 68.0
21.0 31.0
195.0 80.0
20.0 217.0
218.0 244.0
16.0 180.0
210.0 68.0
46.0 163.0
94.0 149.0
207.0 211.0
45.0 103.0
142.0 9.0
202.0 179.0
181.0 83.0
114.0 49.0
86.0 201.0
207.0 60.0
143.0 157.0
254.0 14.0
150.0 252.0
252.0 193.0
191.0 207.0
254.0 55.0
128.0 213.0
252.0 163.0
37.0 18.0
18.0 172.0
172.0 59.0
89.0 79.0
73.0 223.0
217.0 146.0
238.0 102.0
99.0 97.0
134.0 197.0
42.0 137.0
73.0 55.0
24.0 237.0
106.0 193.0
213.0 144.0
92.0 137.0
225.0 152.0
223.0 66.0
88.0 231.0
23.0 52.0
85.0 195.0
225.0 191.0
21.0 96.0
204.0 32.0
241.0 173.0
197.0 246.0
78.0 166.0
144.0 8.0
186.0 173.0
5.0 208.0
249.0 45.0
235.0 71.0
235.0 50.0
188.0 175.0
16.0 222.0
226.0 79.0
125.0 241.0
180.0 168.0
163.0 133.0
99.0 52.0
178.0 8.0
250.0 15.0
207.0 248.0
225.0 207.0
150.0 247.0
251.0 209.0
58.0 248.0
141.0 40.0
122.0 220.0
116.0 100.0
56.0 224.0
117.0 35.0
72.0 100.0
142.0 60.0
229.0 237.0
117.0 183.0
246.0 214.0
16.0 222.0
182.0 128.0
27.0 130.0
204.0 75.0
168.0 213.0
216.0 196.0
14.0 105.0
179.0 117.0
55.0 196.0
65.0 128.0
192.0 19.0
98.0 224.0
74.0 160.0
125.0 45.0
139.0 78.0
163.0 197.0
145.0 19.0
40.0 65.0
226.0 43.0
110.0 52.0
137.0 204.0
32.0 198.0
57.0 42.0
10.0 214.0
17.0 74.0
89.0 33.0
203.0 10.0
13.0 52.0
61.0 62.0
160.0 14.0
75.0 174.0
131.0 90.0
37.0 149.0
188.0 236.0
55.0 178.0
195.0 18.0
213.0 56.0
154.0 89.0
46.0 255.0
128.0 148.0
81.0 26.0
229.0 178.0
18.0 31.0
134.0 181.0
152.0 84.0
153.0 89.0
222.0 123.0
191.0 148.0
222.0 117.0
253.0 161.0
160.0 136.0
222.0 173.0
219.0 189.0
171.0 148.0
196.0 178.0
65.0 152.0
244.0 184.0
236.0 93.0
208.0 52.0
126.0 19.0
211.0 166.0
48.0 104.0
119.0 196.0
75.0 178.0
192.0 96.0
197.0 112.0
197.0 54.0
225.0 236.0
92.0 237.0
209.0 7.0
15.0 207.0
212.0 201.0
21.0 179.0
112.0 17.0
166.0 167.0
106.0 205.0
29.0 50.0
241.0 218.0
135.0 194.0
49.0 187.0
14.0 96.0
152.0 25.0
187.0 19.0
116.0 124.0
242.0 214.0
30.0 68.0
144.0 95.0
183.0 198.0
53.0 66.0
216.0 67.0
195.0 249.0
245.0 23.0
164.0 182.0
207.0 66.0
91.0 120.0
29.0 62.0
172.0 129.0
38.0 170.0
122.0 233.0
41.0 93.0
155.0 167.0
149.0 175.0
221.0 130.0
152.0 115.0
197.0 231.0
109.0 143.0
115.0 122.0
123.0 64.0
45.0 136.0
78.0 164.0
89.0 87.0
171.0 226.0
178.0 120.0
152.0 62.0
50.0 179.0
225.0 170.0
234.0 107.0
168.0 7.0
226.0 47.0
220.0 172.0
143.0 55.0
163.0 98.0
117.0 211.0
76.0 146.0
84.0 20.0
17.0 93.0
132.0 237.0
226.0 48.0
166.0 73.0
21.0 124.0
203.0 29.0
76.0 65.0
163.0 161.0
139.0 17.0
79.0 184.0
253.0 248.0
245.0 79.0
153.0 152.0
111.0 230.0
48.0 216.0
12.0 147.0
51.0 156.0
214.0 151.0
145.0 17.0
246.0 233.0
14.0 97.0
71.0 61.0
37.0 71.0
252.0 237.0
156.0 81.0
249.0 155.0
243.0 45.0
147.0 170.0
122.0 59.0
77.0 69.0
192.0 28.0
237.0 191.0
185.0 26.0
180.0 19.0
170.0 149.0
109.0 253.0
180.0 217.0
23.0 79.0
189.0 249.0
36.0 195.0
215.0 163.0
103.0 11.0
155.0 246.0
112.0 180.0
221.0 6.0
166.0 229.0
228.0 46.0
203.0 108.0
244.0 188.0
69.0 40.0
201.0 153.0
126.0 106.0
109.0 116.0
149.0 65.0
97.0 79.0
136.0 252.0
67.0 234.0
8.0 152.0
33.0 188.0
138.0 119.0
62.0 50.0
63.0 219.0
35.0 116.0
230.0 45.0
234.0 81.0
222.0 107.0
136.0 95.0
197.0 251.0
28.0 246.0
112.0 106.0
170.0 118.0
101.0 156.0
58.0 183.0
180.0 248.0
92.0 22.0
55.0 61.0
77.0 13.0
64.0 239.0
8.0 123.0
119.0 12.0
187.0 18.0
131.0 202.0
229.0 64.0
106.0 39.0
156.0 32.0
10.0 49.0
254.0 188.0
11.0 88.0
241.0 234.0
34.0 138.0
82.0 125.0
129.0 58.0
111.0 159.0
205.0 77.0
165.0 166.0
10.0 35.0
13.0 111.0
42.0 73.0
180.0 83.0
121.0 143.0
53.0 48.0
211.0 168.0
241.0 15.0
88.0 90.0
224.0 101.0
46.0 11.0
128.0 18.0
155.0 61.0
28.0 91.0
97.0 31.0
230.0 203.0
227.0 79.0
105.0 162.0
53.0 136.0
7.0 20.0
94.0 209.0
228.0 167.0
215.0 77.0
165.0 149.0
32.0 216.0
23.0 166.0
93.0 63.0
95.0 32.0
72.0 76.0
61.0 191.0
29.0 75.0
7.0 239.0
128.0 209.0
188.0 107.0
222.0 158.0
129.0 18.0
71.0 21.0
228.0 243.0
8.0 145.0
58.0 142.0
138.0 201.0
162.0 136.0
59.0 163.0
170.0 209.0
51.0 87.0
165.0 8.0
79.0 19.0
220.0 220.0
214.0 252.0
173.0 151.0
162.0 146.0
228.0 134.0
131.0 171.0
254.0 13.0
154.0 162.0
46.0 198.0
138.0 134.0
18.0 201.0
187.0 254.0
236.0 231.0
105.0 211.0
121.0 193.0
204.0 173.0
112.0 208.0
227.0 212.0
253.0 199.0
144.0 31.0
88.0 24.0
246.0 219.0
249.0 9.0
154.0 255.0
204.0 88.0
54.0 105.0
194.0 207.0
178.0 44.0
208.0 84.0
193.0 115.0
132.0 143.0
94.0 12.0
56.0 39.0
241.0 189.0
11.0 18.0
202.0 77.0
216.0 96.0
132.0 111.0
11.0 230.0
41.0 38.0
159.0 69.0
50.0 134.0
93.0 69.0
51.0 144.0
138.0 206.0
60.0 181.0
171.0 181.0
30.0 90.0
143.0 249.0
38.0 34.0
17.0 149.0
235.0 40.0
181.0 185.0
92.0 84.0
36.0 52.0
245.0 45.0
194.0 49.0
37.0 74.0
38.0 180.0
230.0 241.0
70.0 170.0
98.0 178.0
98.0 221.0
234.0 206.0
54.0 220.0
185.0 25.0
181.0 66.0
98.0 84.0
210.0 202.0
133.0 88.0
129.0 144.0
174.0 132.0
85.0 244.0
21.0 37.0
117.0 84.0
159.0 23.0
138.0 84.0
198.0 155.0
245.0 164.0
211.0 66.0
134.0 104.0
149.0 17.0
111.0 105.0
223.0 200.0
59.0 57.0
52.0 204.0
245.0 129.0
89.0 146.0
221.0 99.0
203.0 43.0
39.0 125.0
146.0 75.0
172.0 14.0
97.0 131.0
32.0 80.0
115.0 198.0
24.0 240.0
142.0 115.0
203.0 108.0
197.0 115.0
91.0 71.0
52.0 46.0
97.0 250.0
182.0 83.0
198.0 196.0
87.0 201.0
226.0 129.0
219.0 55.0
43.0 147.0
228.0 238.0
56.0 116.0
88.0 114.0
239.0 64.0
230.0 93.0
245.0 103.0
132.0 207.0
150.0 148.0
80.0 185.0
255.0 34.0
195.0 14.0
167.0 179.0
71.0 104.0
177.0 53.0
222.0 101.0
18.0 196.0
83.0 144.0
194.0 159.0
121.0 225.0
25.0 20.0
182.0 41.0
31.0 212.0
11.0 171.0
144.0 173.0
186.0 53.0
248.0 206.0
17.0 238.0
188.0 149.0
65.0 14.0
56.0 161.0
175.0 8.0
116.0 79.0
47.0 223.0
217.0 252.0
146.0 11.0
223.0 232.0
61.0 47.0
192.0 63.0
37.0 182.0
157.0 193.0
121.0 120.0
172.0 105.0
27.0 198.0
85.0 101.0
72.0 10.0
63.0 178.0
115.0 120.0
198.0 68.0
16.0 203.0
126.0 253.0
146.0 174.0
104.0 157.0
92.0 100.0
71.0 211.0
234.0 53.0
48.0 63.0
196.0 54.0
24.0 94.0
211.0 146.0
45.0 67.0
55.0 155.0
13.0 210.0
205.0 15.0
84.0 211.0
236.0 98.0
19.0 8.0
254.0 58.0
231.0 17.0
253.0 7.0
51.0 43.0
58.0 165.0
53.0 130.0
128.0 123.0
80.0 225.0
253.0 61.0
217.0 48.0
37.0 168.0
203.0 160.0
88.0 159.0
139.0 254.0
165.0 107.0
172.0 9.0
104.0 63.0
51.0 189.0
129.0 62.0
175.0 199.0
232.0 112.0
134.0 133.0
135.0 124.0
218.0 156.0
135.0 61.0
67.0 161.0
194.0 84.0
253.0 134.0
227.0 73.0
138.0 35.0
65.0 40.0
159.0 58.0
183.0 67.0
14.0 139.0
18.0 202.0
239.0 235.0
112.0 127.0
89.0 119.0
50.0 43.0
43.0 64.0
245.0 64.0
232.0 73.0
214.0 156.0
220.0 109.0
18.0 245.0
105.0 166.0
116.0 221.0
203.0 183.0
179.0 68.0
153.0 78.0
22.0 176.0
145.0 33.0
36.0 246.0
137.0 114.0
169.0 216.0
226.0 58.0
228.0 204.0
110.0 140.0
145.0 42.0
194.0 105.0
139.0 42.0
178.0 186.0
248.0 167.0
10.0 50.0
91.0 125.0
202.0 123.0
164.0 204.0
249.0 220.0
170.0 213.0
41.0 31.0
95.0 246.0
106.0 91.0
81.0 242.0
227.0 98.0
252.0 200.0
139.0 87.0
144.0 132.0
199.0 231.0
16.0 232.0
140.0 132.0
70.0 251.0
185.0 223.0
219.0 151.0
222.0 77.0
112.0 158.0
187.0 83.0
99.0 162.0
45.0 129.0
12.0 237.0
79.0 206.0
107.0 60.0
14.0 131.0
77.0 141.0
68.0 201.0
184.0 36.0
100.0 114.0
28.0 89.0
37.0 55.0
91.0 182.0
143.0 211.0
245.0 244.0
206.0 199.0
213.0 94.0
32.0 60.0
41.0 208.0
237.0 167.0
206.0 192.0
108.0 95.0
65.0 67.0
106.0 163.0
82.0 132.0
192.0 69.0
240.0 68.0
174.0 207.0
139.0 179.0
101.0 208.0
91.0 96.0
65.0 196.0
96.0 171.0
26.0 113.0
93.0 42.0
196.0 53.0
59.0 204.0
150.0 30.0
165.0 202.0
136.0 26.0
211.0 152.0
124.0 108.0
186.0 78.0
130.0 75.0
47.0 155.0
54.0 59.0
151.0 212.0
163.0 176.0
112.0 204.0
70.0 23.0
110.0 163.0
223.0 198.0
48.0 179.0
160.0 91.0
234.0 36.0
106.0 198.0
89.0 237.0
107.0 62.0
169.0 121.0
132.0 42.0
167.0 168.0
170.0 63.0
26.0 115.0
200.0 207.0
212.0 80.0
126.0 180.0
148.0 200.0
226.0 128.0
17.0 69.0
46.0 205.0
9.0 174.0
171.0 252.0
104.0 198.0
201.0 124.0
150.0 235.0
216.0 132.0
123.0 236.0
189.0 251.0
252.0 35.0
8.0 223.0
250.0 197.0
193.0 69.0
231.0 137.0
81.0 219.0
145.0 119.0
214.0 229.0
224.0 5.0
59.0 93.0
122.0 175.0
174.0 36.0
109.0 154.0
68.0 178.0
163.0 250.0
15.0 43.0
153.0 63.0
173.0 202.0
121.0 108.0
149.0 159.0
192.0 247.0
249.0 118.0
26.0 34.0
158.0 126.0
201.0 114.0
169.0 119.0
80.0 58.0
103.0 231.0
145.0 222.0
139.0 234.0
6.0 136.0
74.0 160.0
203.0 62.0
117.0 66.0
84.0 198.0
104.0 83.0
44.0 236.0
128.0 141.0
30.0 134.0
73.0 111.0
213.0 189.0
166.0 140.0
92.0 143.0
223.0 14.0
76.0 58.0
235.0 243.0
202.0 26.0
165.0 53.0
121.0 90.0
212.0 111.0
129.0 94.0
5.0 47.0
63.0 177.0
150.0 206.0
159.0 21.0
199.0 87.0
73.0 193.0
95.0 31.0
44.0 51.0
26.0 223.0
39.0 220.0
121.0 196.0
227.0 164.0
58.0 48.0
218.0 60.0
134.0 152.0
72.0 82.0
232.0 242.0
150.0 157.0
128.0 233.0
142.0 249.0
173.0 37.0
242.0 29.0
217.0 156.0
210.0 147.0
119.0 134.0
100.0 114.0
126.0 53.0
85.0 74.0
99.0 17.0
253.0 150.0
200.0 201.0
160.0 14.0
208.0 12.0
180.0 198.0
116.0 70.0
33.0 230.0
140.0 209.0
186.0 196.0
125.0 31.0
88.0 193.0
76.0 132.0
94.0 170.0
246.0 143.0
163.0 225.0
61.0 55.0
47.0 224.0
237.0 132.0
175.0 230.0
236.0 14.0
102.0 171.0
9.0 144.0
74.0 153.0
87.0 8.0
212.0 212.0
84.0 230.0
11.0 19.0
29.0 127.0
232.0 247.0
234.0 100.0
79.0 191.0
241.0 117.0
54.0 243.0
165.0 82.0
26.0 214.0
119.0 139.0
43.0 212.0
142.0 139.0
37.0 143.0
213.0 182.0
89.0 17.0
145.0 66.0
244.0 185.0
30.0 215.0
207.0 46.0
217.0 6.0
34.0 68.0
73.0 212.0
244.0 174.0
121.0 127.0
106.0 23.0
248.0 162.0
157.0 132.0
142.0 141.0
82.0 189.0
17.0 220.0
135.0 156.0
231.0 235.0
89.0 144.0
149.0 91.0
37.0 30.0
40.0 65.0
170.0 142.0
213.0 46.0
191.0 167.0
36.0 194.0
150.0 178.0
211.0 174.0
229.0 85.0
30.0 78.0
100.0 33.0
161.0 23.0
73.0 168.0
252.0 242.0
233.0 167.0
75.0 210.0
175.0 81.0
111.0 20.0
159.0 46.0
158.0 189.0
167.0 203.0
8.0 222.0
78.0 100.0
135.0 236.0
25.0 227.0
73.0 108.0
75.0 115.0
54.0 69.0
130.0 23.0
202.0 61.0
102.0 235.0
218.0 216.0
99.0 174.0
17.0 60.0
65.0 174.0
82.0 255.0
8.0 24.0
140.0 75.0
95.0 7.0
50.0 40.0
145.0 137.0
138.0 53.0
176.0 204.0
230.0 70.0
151.0 19.0
9.0 58.0
213.0 226.0
63.0 85.0
180.0 32.0
116.0 236.0
194.0 101.0
202.0 39.0
209.0 35.0
148.0 214.0
52.0 97.0
236.0 82.0
125.0 222.0
34.0 53.0
118.0 95.0
171.0 149.0
182.0 209.0
138.0 136.0
24.0 63.0
18.0 55.0
18.0 41.0
136.0 128.0
193.0 245.0
113.0 208.0
28.0 219.0
205.0 100.0
43.0 190.0
65.0 70.0
30.0 142.0
127.0 228.0
7.0 245.0
181.0 238.0
86.0 54.0
190.0 170.0
35.0 135.0
16.0 35.0
51.0 167.0
40.0 6.0
150.0 28.0
159.0 198.0
76.0 61.0
58.0 115.0
249.0 162.0
118.0 88.0
74.0 215.0
181.0 99.0
192.0 205.0
223.0 6.0
135.0 95.0
8.0 155.0
139.0 215.0
120.0 16.0
161.0 126.0
110.0 246.0
202.0 42.0
16.0 135.0
185.0 199.0
112.0 229.0
51.0 90.0
27.0 16.0
201.0 86.0
214.0 253.0
116.0 28.0
31.0 13.0
116.0 117.0
28.0 130.0
232.0 114.0
121.0 238.0
10.0 33.0
64.0 245.0
129.0 217.0
57.0 243.0
7.0 102.0
39.0 155.0
131.0 185.0
78.0 183.0
199.0 137.0
104.0 248.0
176.0 177.0
202.0 130.0
188.0 57.0
127.0 91.0
49.0 98.0
137.0 108.0
159.0 79.0
147.0 77.0
209.0 223.0
198.0 18.0
101.0 218.0
135.0 18.0
61.0 194.0
69.0 46.0
51.0 157.0
177.0 36.0
59.0 208.0
55.0 201.0
222.0 170.0
224.0 150.0
30.0 61.0
225.0 103.0
161.0 191.0
235.0 170.0
73.0 151.0
248.0 133.0
51.0 152.0
160.0 20.0
167.0 69.0
144.0 88.0
28.0 249.0
77.0 116.0
110.0 159.0
232.0 211.0
159.0 199.0
139.0 201.0
165.0 181.0
218.0 197.0
164.0 188.0
190.0 212.0
53.0 164.0
14.0 107.0
58.0 75.0
201.0 104.0
130.0 124.0
168.0 249.0
56.0 250.0
97.0 218.0
172.0 231.0
42.0 189.0
116.0 34.0
184.0 86.0
96.0 80.0
92.0 14.0
12.0 215.0
216.0 64.0
29.0 166.0
150.0 218.0
48.0 133.0
16.0 118.0
80.0 212.0
64.0 70.0
48.0 142.0
49.0 191.0
192.0 198.0
72.0 136.0
224.0 122.0
29.0 10.0
216.0 249.0
55.0 252.0
93.0 138.0
188.0 177.0
39.0 217.0
13.0 162.0
18.0 121.0
137.0 222.0
198.0 128.0
164.0 130.0
19.0 217.0
107.0 191.0
76.0 73.0
35.0 181.0
244.0 141.0
33.0 199.0
28.0 204.0
157.0 87.0
204.0 210.0
39.0 9.0
126.0 192.0
7.0 226.0
141.0 140.0
228.0 63.0
84.0 24.0
69.0 184.0
189.0 239.0
157.0 80.0
32.0 13.0
118.0 245.0
166.0 158.0
121.0 74.0
243.0 155.0
133.0 98.0
133.0 251.0
78.0 182.0
193.0 204.0
193.0 197.0
115.0 10.0
170.0 186.0
81.0 80.0
242.0 107.0
76.0 116.0
153.0 97.0
174.0 243.0
87.0 208.0
45.0 41.0
106.0 153.0
123.0 163.0
11.0 170.0
25.0 41.0
108.0 150.0
100.0 9.0
133.0 29.0
17.0 190.0
188.0 193.0
153.0 161.0
115.0 29.0
98.0 48.0
215.0 15.0
135.0 219.0
141.0 73.0
132.0 129.0
70.0 225.0
100.0 65.0
218.0 165.0
230.0 252.0
32.0 115.0
18.0 169.0
244.0 249.0
155.0 190.0
179.0 160.0
220.0 235.0
192.0 21.0
186.0 211.0
231.0 64.0
151.0 36.0
13.0 124.0
188.0 140.0
194.0 9.0
107.0 124.0
169.0 85.0
154.0 96.0
193.0 190.0
27.0 235.0
160.0 132.0
164.0 233.0
72.0 54.0
11.0 35.0
142.0 246.0
122.0 153.0
213.0 92.0
177.0 101.0
59.0 102.0
127.0 94.0
125.0 72.0
204.0 212.0
128.0 236.0
105.0 253.0
230.0 55.0
225.0 131.0
60.0 105.0
115.0 166.0
185.0 139.0
178.0 226.0
158.0 128.0
146.0 223.0
145.0 224.0
227.0 34.0
131.0 104.0
78.0 214.0
63.0 233.0
154.0 198.0
56.0 140.0
157.0 25.0
180.0 137.0
75.0 96.0
47.0 174.0
115.0 135.0
70.0 153.0
132.0 63.0
56.0 15.0
62.0 222.0
81.0 31.0
234.0 97.0
161.0 16.0
19.0 100.0
118.0 246.0
39.0 144.0
214.0 202.0
243.0 12.0
85.0 5.0
7.0 76.0
226.0 70.0
154.0 236.0
117.0 209.0
152.0 60.0
134.0 99.0
76.0 80.0
254.0 198.0
147.0 99.0
24.0 153.0
108.0 142.0
176.0 194.0
114.0 184.0
13.0 121.0
252.0 8.0
82.0 58.0
15.0 155.0
75.0 181.0
206.0 192.0
150.0 219.0
239.0 159.0
255.0 68.0
169.0 255.0
173.0 173.0
39.0 62.0
131.0 196.0
41.0 181.0
222.0 163.0
151.0 225.0
121.0 55.0
143.0 181.0
9.0 162.0
18.0 214.0
27.0 206.0
91.0 254.0
47.0 50.0
213.0 129.0
219.0 25.0
176.0 160.0
228.0 103.0
198.0 132.0
35.0 90.0
152.0 175.0
219.0 158.0
39.0 75.0
49.0 42.0
36.0 233.0
17.0 80.0
203.0 83.0
88.0 69.0
65.0 127.0
59.0 191.0
62.0 244.0
103.0 163.0
154.0 79.0
32.0 230.0
239.0 252.0
31.0 221.0
24.0 109.0
192.0 10.0
147.0 136.0
28.0 145.0
73.0 57.0
152.0 141.0
135.0 226.0
187.0 88.0
178.0 122.0
200.0 172.0
52.0 197.0
115.0 165.0
227.0 60.0
36.0 57.0
194.0 63.0
9.0 66.0
74.0 168.0
88.0 46.0
166.0 49.0
87.0 143.0
9.0 163.0
232.0 137.0
98.0 140.0
14.0 134.0
123.0 81.0
64.0 222.0
75.0 249.0
199.0 120.0
183.0 106.0
121.0 28.0
130.0 83.0
56.0 120.0
169.0 144.0
125.0 249.0
205.0 119.0
162.0 174.0
73.0 78.0
166.0 252.0
206.0 20.0
136.0 52.0
89.0 37.0
203.0 183.0
246.0 158.0
127.0 193.0
87.0 71.0
205.0 167.0
233.0 110.0
54.0 51.0
223.0 99.0
138.0 179.0
163.0 228.0
210.0 156.0
59.0 26.0
87.0 219.0
251.0 182.0
94.0 62.0
109.0 130.0
207.0 178.0
9.0 92.0
115.0 33.0
123.0 79.0
93.0 19.0
170.0 139.0
37.0 118.0
39.0 32.0
198.0 127.0
58.0 241.0
38.0 202.0
190.0 80.0
186.0 235.0
50.0 217.0
247.0 190.0
165.0 7.0
76.0 24.0
239.0 38.0
161.0 198.0
199.0 195.0
72.0 39.0
192.0 28.0
39.0 88.0
181.0 48.0
192.0 32.0
146.0 179.0
174.0 31.0
212.0 77.0
65.0 125.0
56.0 167.0
138.0 172.0
45.0 14.0
57.0 141.0
92.0 211.0
153.0 52.0
47.0 75.0
27.0 25.0
227.0 156.0
193.0 142.0
52.0 8.0
185.0 154.0
9.0 125.0
209.0 140.0
243.0 36.0
98.0 8.0
202.0 171.0
88.0 118.0
179.0 79.0
246.0 228.0
109.0 234.0
224.0 192.0
79.0 142.0
23.0 21.0
235.0 97.0
87.0 47.0
17.0 214.0
26.0 229.0
165.0 151.0
148.0 202.0
139.0 75.0
16.0 211.0
254.0 146.0
39.0 175.0
7.0 155.0
202.0 160.0
59.0 38.0
96.0 112.0
229.0 247.0
182.0 238.0
71.0 29.0
121.0 64.0
238.0 47.0
190.0 133.0
169.0 214.0
18.0 254.0
72.0 71.0
27.0 178.0
169.0 197.0
174.0 196.0
69.0 107.0
36.0 168.0
55.0 32.0
183.0 102.0
72.0 78.0
7.0 211.0
60.0 143.0
87.0 119.0
38.0 155.0
137.0 47.0
212.0 88.0
213.0 83.0
154.0 65.0
155.0 142.0
185.0 21.0
250.0 157.0
114.0 150.0
15.0 241.0
139.0 11.0
197.0 188.0
154.0 79.0
255.0 220.0
132.0 65.0
52.0 207.0
241.0 101.0
158.0 130.0
220.0 18.0
102.0 167.0
25.0 195.0
96.0 33.0
179.0 88.0
217.0 60.0
200.0 244.0
167.0 50.0
151.0 81.0
249.0 20.0
109.0 118.0
24.0 201.0
142.0 18.0
182.0 66.0
32.0 43.0
231.0 164.0
214.0 129.0
120.0 67.0
212.0 98.0
68.0 142.0
25.0 37.0
54.0 102.0
38.0 19.0
135.0 109.0
69.0 66.0
196.0 55.0
6.0 144.0
115.0 153.0
245.0 233.0
108.0 89.0
60.0 124.0
117.0 243.0
151.0 106.0
134.0 107.0
226.0 70.0
166.0 41.0
178.0 107.0
127.0 95.0
108.0 187.0
15.0 182.0
106.0 170.0
246.0 209.0
197.0 97.0
131.0 72.0
240.0 116.0
22.0 231.0
29.0 164.0
223.0 161.0
39.0 96.0
34.0 28.0
160.0 246.0
210.0 240.0
49.0 37.0
47.0 122.0
246.0 209.0
225.0 202.0
79.0 150.0
55.0 25.0
171.0 86.0
69.0 90.0
161.0 157.0
38.0 180.0
61.0 50.0
186.0 95.0
20.0 123.0
83.0 154.0
54.0 249.0
94.0 106.0
88.0 240.0
7.0 206.0
5.0 195.0
99.0 194.0
246.0 216.0
87.0 93.0
168.0 44.0
191.0 161.0
146.0 103.0
25.0 23.0
37.0 166.0
244.0 18.0
243.0 4.0
30.0 64.0
235.0 109.0
152.0 26.0
136.0 214.0
152.0 218.0
5.0 87.0
231.0 173.0
159.0 209.0
214.0 205.0
251.0 138.0
102.0 205.0
30.0 120.0
227.0 150.0
214.0 49.0
72.0 93.0
194.0 19.0
201.0 247.0
170.0 176.0
234.0 66.0
38.0 197.0
162.0 52.0
28.0 63.0
92.0 70.0
26.0 5.0
52.0 23.0
189.0 197.0
122.0 41.0
189.0 195.0
106.0 177.0
55.0 58.0
139.0 116.0
70.0 64.0
107.0 14.0
69.0 41.0
84.0 145.0
242.0 100.0
118.0 26.0
128.0 201.0
115.0 137.0
47.0 191.0
89.0 240.0
38.0 112.0
127.0 39.0
160.0 67.0
193.0 112.0
102.0 30.0
65.0 161.0
110.0 69.0
35.0 175.0
239.0 189.0
177.0 187.0
141.0 156.0
89.0 58.0
229.0 147.0
65.0 124.0
29.0 213.0
13.0 5.0
252.0 8.0
151.0 38.0
221.0 130.0
198.0 5.0
66.0 210.0
209.0 244.0
206.0 171.0
170.0 188.0
181.0 177.0
70.0 50.0
184.0 84.0
255.0 70.0
226.0 22.0
120.0 175.0
229.0 51.0
82.0 72.0
37.0 152.0
243.0 8.0
17.0 104.0
96.0 130.0
175.0 143.0
42.0 250.0
8.0 110.0
173.0 84.0
200.0 29.0
10.0 171.0
221.0 15.0
232.0 161.0
90.0 98.0
241.0 13.0
212.0 133.0
205.0 225.0
187.0 126.0
59.0 216.0
137.0 189.0
240.0 137.0
38.0 109.0
223.0 87.0
23.0 162.0
50.0 126.0
238.0 164.0
34.0 253.0
114.0 144.0
200.0 9.0
211.0 196.0
9.0 83.0
198.0 246.0
62.0 182.0
205.0 231.0
227.0 144.0
231.0 240.0
216.0 220.0
234.0 24.0
221.0 97.0
205.0 41.0
241.0 225.0
254.0 63.0
66.0 155.0
78.0 152.0
234.0 53.0
12.0 118.0
240.0 233.0
161.0 197.0
203.0 25.0
143.0 158.0
182.0 141.0
105.0 178.0
183.0 30.0
174.0 106.0
157.0 230.0
80.0 67.0
232.0 102.0
45.0 172.0
24.0 74.0
35.0 109.0
164.0 136.0
40.0 42.0
72.0 118.0
191.0 233.0
135.0 96.0
205.0 154.0
38.0 102.0
78.0 152.0
229.0 92.0
194.0 41.0
158.0 205.0
71.0 82.0
153.0 205.0
124.0 72.0
167.0 203.0
226.0 159.0
180.0 189.0
74.0 208.0
81.0 117.0
83.0 203.0
193.0 173.0
101.0 174.0
166.0 121.0
82.0 197.0
229.0 211.0
162.0 153.0
206.0 166.0
127.0 106.0
125.0 117.0
51.0 139.0
203.0 142.0
43.0 158.0
177.0 132.0
221.0 59.0
122.0 250.0
204.0 225.0
130.0 129.0
151.0 59.0
64.0 159.0
253.0 167.0
189.0 153.0
83.0 57.0
240.0 109.0
48.0 15.0
119.0 229.0
46.0 215.0
132.0 68.0
151.0 106.0
107.0 41.0
23.0 173.0
185.0 92.0
71.0 89.0
217.0 98.0
126.0 191.0
203.0 209.0
53.0 127.0
98.0 35.0
184.0 80.0
16.0 33.0
105.0 188.0
49.0 150.0
91.0 19.0
105.0 142.0
77.0 55.0
89.0 63.0
56.0 166.0
249.0 172.0
227.0 186.0
102.0 142.0
113.0 162.0
128.0 209.0
102.0 31.0
35.0 15.0
37.0 169.0
197.0 119.0
133.0 189.0
135.0 116.0
27.0 54.0
22.0 183.0
62.0 28.0
246.0 83.0
34.0 114.0
125.0 166.0
81.0 164.0
162.0 151.0
108.0 189.0
55.0 206.0
41.0 133.0
13.0 179.0
146.0 66.0
211.0 128.0
138.0 165.0
242.0 165.0
153.0 36.0
131.0 67.0
173.0 173.0
71.0 132.0
152.0 209.0
67.0 30.0
7.0 89.0
91.0 32.0
118.0 16.0
229.0 17.0
129.0 145.0
92.0 233.0
54.0 211.0
94.0 76.0
144.0 21.0
241.0 36.0
84.0 39.0
138.0 159.0
137.0 190.0
20.0 57.0
199.0 181.0
118.0 192.0
206.0 117.0
22.0 98.0
16.0 99.0
26.0 153.0
96.0 161.0
214.0 141.0
194.0 163.0
109.0 142.0
45.0 76.0
103.0 100.0
103.0 182.0
50.0 218.0
211.0 230.0
120.0 179.0
153.0 209.0
212.0 192.0
40.0 152.0
107.0 246.0
142.0 251.0
50.0 220.0
244.0 65.0
66.0 62.0
242.0 8.0
83.0 89.0
211.0 239.0
12.0 10.0
7.0 19.0
32.0 53.0
23.0 72.0
61.0 211.0
37.0 81.0
31.0 112.0
160.0 16.0
139.0 121.0
154.0 64.0
238.0 92.0
52.0 197.0
186.0 244.0
213.0 31.0
5.0 171.0
80.0 157.0
202.0 126.0
209.0 223.0
254.0 202.0
169.0 34.0
52.0 175.0
15.0 113.0
100.0 234.0
75.0 103.0
143.0 20.0
122.0 77.0
204.0 74.0
20.0 14.0
53.0 205.0
68.0 119.0
151.0 52.0
25.0 141.0
67.0 169.0
99.0 234.0
245.0 93.0
81.0 134.0
182.0 59.0
242.0 62.0
139.0 205.0
33.0 56.0
218.0 68.0
145.0 181.0
108.0 59.0
25.0 9.0
188.0 136.0
68.0 189.0
152.0 214.0
185.0 78.0
15.0 144.0
132.0 188.0
246.0 190.0
115.0 248.0
5.0 233.0
227.0 42.0
166.0 202.0
105.0 168.0
165.0 129.0
192.0 39.0
238.0 204.0
181.0 120.0
21.0 67.0
114.0 89.0
124.0 130.0
90.0 90.0
67.0 245.0
184.0 68.0
58.0 191.0
154.0 44.0
155.0 119.0
177.0 178.0
104.0 92.0
46.0 58.0
58.0 212.0
203.0 250.0
119.0 83.0
169.0 149.0
231.0 38.0
112.0 25.0
10.0 170.0
244.0 203.0
197.0 34.0
162.0 126.0
149.0 155.0
217.0 127.0
188.0 99.0
92.0 40.0
123.0 101.0
135.0 80.0
120.0 145.0
196.0 11.0
121.0 109.0
113.0 172.0
88.0 250.0
66.0 208.0
171.0 19.0
232.0 11.0
207.0 81.0
99.0 46.0
251.0 196.0
48.0 210.0
191.0 179.0
129.0 34.0
246.0 228.0
42.0 229.0
60.0 233.0
113.0 33.0
55.0 189.0
164.0 204.0
81.0 240.0
186.0 38.0
7.0 89.0
76.0 87.0
56.0 155.0
248.0 106.0
212.0 129.0
231.0 25.0
129.0 155.0
199.0 82.0
206.0 155.0
165.0 71.0
185.0 178.0
179.0 203.0
15.0 154.0
110.0 118.0
243.0 46.0
229.0 248.0
39.0 186.0
82.0 148.0
228.0 114.0
198.0 94.0
97.0 140.0
35.0 245.0
201.0 30.0
61.0 28.0
35.0 165.0
240.0 147.0
236.0 237.0
243.0 246.0
251.0 151.0
224.0 47.0
22.0 114.0
113.0 87.0
29.0 173.0
192.0 224.0
72.0 95.0
217.0 217.0
44.0 203.0
18.0 141.0
184.0 171.0
187.0 62.0
177.0 50.0
194.0 135.0
10.0 138.0
141.0 146.0
252.0 80.0
117.0 63.0
117.0 210.0
12.0 217.0
64.0 130.0
88.0 61.0
160.0 148.0
106.0 23.0
109.0 236.0
119.0 247.0
41.0 228.0
104.0 118.0
88.0 34.0
237.0 18.0
193.0 242.0
41.0 55.0
108.0 236.0
94.0 81.0
93.0 97.0
204.0 143.0
177.0 27.0
37.0 48.0
138.0 174.0
47.0 62.0
125.0 23.0
23.0 24.0
23.0 47.0
250.0 51.0
76.0 182.0
227.0 4.0
226.0 214.0
41.0 211.0
103.0 244.0
247.0 27.0
219.0 186.0
183.0 113.0
175.0 124.0
10.0 126.0
71.0 80.0
210.0 48.0
46.0 129.0
10.0 27.0
16.0 89.0
69.0 52.0
171.0 64.0
6.0 182.0
144.0 184.0
30.0 95.0
77.0 203.0
56.0 248.0
87.0 205.0
253.0 43.0
15.0 154.0
254.0 191.0
59.0 192.0
101.0 20.0
54.0 49.0
45.0 67.0
144.0 78.0
120.0 46.0
210.0 169.0
17.0 180.0
189.0 152.0
35.0 100.0
16.0 122.0
8.0 184.0
195.0 119.0
129.0 174.0
133.0 221.0
174.0 29.0
74.0 171.0
167.0 17.0
159.0 147.0
145.0 123.0
124.0 191.0
181.0 133.0
200.0 69.0
147.0 99.0
154.0 168.0
69.0 195.0
162.0 63.0
172.0 23.0
66.0 28.0
44.0 237.0
66.0 216.0
164.0 212.0
63.0 177.0
140.0 231.0
48.0 43.0
223.0 11.0
113.0 190.0
89.0 222.0
165.0 85.0
75.0 157.0
235.0 229.0
238.0 93.0
117.0 68.0
76.0 121.0
78.0 99.0
92.0 121.0
37.0 245.0
219.0 27.0
64.0 32.0
147.0 178.0
193.0 52.0
187.0 44.0
61.0 120.0
99.0 215.0
244.0 202.0
133.0 114.0
142.0 213.0
89.0 151.0
181.0 66.0
36.0 165.0
91.0 223.0
91.0 32.0
69.0 20.0
33.0 123.0
40.0 136.0
58.0 108.0
194.0 79.0
43.0 193.0
68.0 195.0
235.0 169.0
51.0 227.0
150.0 187.0
180.0 23.0
216.0 50.0
220.0 47.0
30.0 84.0
29.0 170.0
174.0 164.0
74.0 46.0
99.0 193.0
238.0 131.0
92.0 174.0
136.0 40.0
6.0 17.0
222.0 226.0
144.0 201.0
18.0 206.0
64.0 201.0
127.0 9.0
105.0 206.0
254.0 210.0
25.0 216.0
240.0 24.0
149.0 105.0
218.0 24.0
