1
2048 1 3.0 0.0 1000.0 3 160 240 100

6.5 13.5 29.3 58.5
13.0 27.0 58.5 117.0
19.5 40.5 87.8 175.5
26.0 54.0 117.0 234.0
39.0 81.0 175.5 351.0
52.0 108.0 234.0 468.0
58.5 121.5 263.3 526.5
65.0 135.0 292.5 585.0
78.0 162.0 351.0 702.0
0.0 180.0 390.0 780.0

2.0 5.0 8.0 11.0
5.0 8.0 11.0 14.0
9.0 12.0 15.0 18.0
11.0 14.0 17.0 20.0
15.0 18.0 21.0 24.0
18.0 21.0 24.0 27.0
20.0 23.0 26.0 29.0
25.0 28.0 31.0 34.0
29.0 32.0 35.0 38.0
0.0 34.0 37.0 40.0

172.0 130.0
73.0 217.0
157.0 62.0
181.0 206.0
86.0 56.0
57.0 215.0
48.0 35.0
234.0 13.0
32.0 121.0
31.0 18.0
53.0 120.0
201.0 178.0
97.0 163.0
96.0 209.0
77.0 120.0
166.0 233.0
47.0 234.0
210.0 162.0
228.0 226.0
85.0 232.0
225.0 196.0
165.0 173.0
113.0 196.0
122.0 41.0
150.0 158.0
194.0 68.0
157.0 201.0
162.0 185.0
210.0 119.0
48.0 198.0
63.0 187.0
133.0 141.0
52.0 219.0
205.0 176.0
48.0 151.0
240.0 175.0
64.0 189.0
55.0 233.0
223.0 186.0
14.0 126.0
59.0 153.0
206.0 77.0
238.0 190.0
35.0 240.0
44.0 138.0
30.0 117.0
84.0 89.0
198.0 201.0
199.0 184.0
69.0 192.0
150.0 228.0
169.0 204.0
185.0 159.0
181.0 166.0
191.0 31.0
136.0 232.0
163.0 175.0
54.0 22.0
57.0 68.0
231.0 127.0
146.0 210.0
207.0 80.0
69.0 148.0
16.0 103.0
58.0 82.0
103.0 207.0
169.0 68.0
139.0 69.0
125.0 127.0
5.0 156.0
211.0 140.0
38.0 132.0
224.0 228.0
193.0 147.0
25.0 117.0
81.0 166.0
72.0 53.0
174.0 70.0
126.0 154.0
1.0 57.0
111.0 136.0
3.0 190.0
197.0 168.0
7.0 17.0
233.0 175.0
94.0 217.0
206.0 225.0
206.0 75.0
218.0 171.0
146.0 127.0
61.0 87.0
186.0 133.0
240.0 29.0
58.0 110.0
144.0 30.0
170.0 203.0
99.0 4.0
208.0 3.0
128.0 69.0
78.0 205.0
23.0 111.0
223.0 104.0
179.0 209.0
155.0 196.0
180.0 126.0
107.0 236.0
188.0 106.0
16.0 171.0
31.0 56.0
119.0 169.0
142.0 243.0
2.0 28.0
130.0 190.0
5.0 58.0
16.0 27.0
202.0 113.0
18.0 128.0
225.0 233.0
68.0 146.0
37.0 185.0
62.0 147.0
42.0 6.0
141.0 96.0
13.0 201.0
139.0 23.0
102.0 83.0
123.0 222.0
33.0 26.0
25.0 211.0
127.0 236.0
174.0 174.0
126.0 210.0
110.0 228.0
95.0 86.0
92.0 131.0
238.0 196.0
79.0 129.0
41.0 144.0
209.0 190.0
195.0 92.0
177.0 204.0
90.0 214.0
177.0 20.0
213.0 115.0
170.0 10.0
107.0 51.0
24.0 181.0
99.0 116.0
155.0 124.0
90.0 135.0
109.0 214.0
234.0 16.0
67.0 228.0
168.0 198.0
98.0 139.0
1.0 70.0
23.0 172.0
101.0 117.0
78.0 226.0
5.0 54.0
122.0 121.0
130.0 59.0
199.0 174.0
219.0 19.0
81.0 163.0
79.0 246.0
213.0 68.0
187.0 225.0
78.0 21.0
65.0 214.0
23.0 235.0
153.0 135.0
176.0 215.0
195.0 202.0
139.0 135.0
236.0 98.0
205.0 80.0
132.0 30.0
149.0 148.0
38.0 85.0
233.0 239.0
150.0 103.0
86.0 147.0
52.0 111.0
235.0 171.0
52.0 160.0
64.0 217.0
246.0 226.0
104.0 244.0
72.0 152.0
64.0 155.0
199.0 173.0
116.0 92.0
154.0 105.0
237.0 130.0
161.0 124.0
228.0 200.0
206.0 113.0
102.0 107.0
175.0 88.0
82.0 91.0
228.0 81.0
18.0 189.0
109.0 129.0
99.0 215.0
177.0 81.0
47.0 228.0
6.0 32.0
25.0 195.0
193.0 212.0
92.0 93.0
101.0 8.0
57.0 23.0
67.0 78.0
176.0 214.0
145.0 102.0
189.0 109.0
75.0 19.0
248.0 35.0
149.0 150.0
127.0 38.0
46.0 204.0
124.0 237.0
188.0 172.0
173.0 172.0
51.0 233.0
212.0 120.0
127.0 77.0
185.0 217.0
75.0 103.0
118.0 12.0
149.0 56.0
248.0 130.0
56.0 172.0
37.0 81.0
210.0 21.0
178.0 241.0
163.0 246.0
28.0 176.0
48.0 248.0
232.0 218.0
193.0 166.0
65.0 70.0
117.0 60.0
155.0 247.0
194.0 14.0
232.0 233.0
68.0 211.0
181.0 54.0
220.0 64.0
189.0 8.0
168.0 70.0
119.0 138.0
60.0 110.0
36.0 60.0
11.0 238.0
146.0 101.0
89.0 38.0
191.0 241.0
158.0 235.0
185.0 190.0
110.0 19.0
169.0 219.0
82.0 114.0
235.0 184.0
52.0 205.0
130.0 19.0
36.0 129.0
48.0 238.0
165.0 40.0
73.0 92.0
225.0 105.0
243.0 77.0
76.0 68.0
52.0 31.0
153.0 96.0
23.0 155.0
85.0 124.0
28.0 74.0
23.0 249.0
90.0 146.0
75.0 6.0
7.0 3.0
66.0 206.0
140.0 163.0
160.0 33.0
64.0 76.0
166.0 212.0
78.0 57.0
201.0 88.0
133.0 109.0
165.0 15.0
51.0 192.0
56.0 48.0
208.0 91.0
222.0 210.0
203.0 50.0
199.0 193.0
47.0 196.0
98.0 142.0
4.0 60.0
77.0 5.0
32.0 79.0
234.0 238.0
39.0 17.0
76.0 198.0
49.0 71.0
23.0 156.0
129.0 211.0
238.0 133.0
11.0 156.0
115.0 113.0
169.0 154.0
78.0 221.0
149.0 97.0
163.0 27.0
32.0 17.0
152.0 206.0
205.0 99.0
113.0 87.0
198.0 163.0
233.0 186.0
140.0 109.0
175.0 140.0
205.0 143.0
227.0 13.0
241.0 166.0
91.0 8.0
63.0 29.0
206.0 189.0
245.0 134.0
85.0 118.0
250.0 223.0
178.0 132.0
114.0 225.0
112.0 59.0
163.0 97.0
218.0 190.0
74.0 176.0
34.0 210.0
160.0 103.0
99.0 26.0
54.0 196.0
96.0 45.0
49.0 223.0
22.0 3.0
143.0 72.0
83.0 246.0
170.0 138.0
101.0 190.0
195.0 56.0
27.0 7.0
178.0 229.0
199.0 112.0
203.0 146.0
86.0 143.0
163.0 59.0
11.0 125.0
67.0 157.0
234.0 135.0
227.0 176.0
10.0 40.0
135.0 186.0
120.0 236.0
143.0 150.0
130.0 111.0
142.0 108.0
232.0 6.0
224.0 193.0
65.0 33.0
158.0 230.0
236.0 164.0
22.0 239.0
58.0 49.0
200.0 215.0
119.0 120.0
237.0 129.0
52.0 62.0
96.0 166.0
8.0 69.0
211.0 247.0
81.0 116.0
5.0 236.0
42.0 16.0
125.0 8.0
28.0 127.0
207.0 141.0
163.0 112.0
35.0 54.0
118.0 230.0
36.0 202.0
224.0 182.0
108.0 47.0
27.0 132.0
83.0 37.0
7.0 46.0
203.0 174.0
232.0 79.0
46.0 42.0
54.0 44.0
143.0 245.0
224.0 72.0
101.0 7.0
172.0 104.0
91.0 1.0
206.0 211.0
167.0 31.0
236.0 7.0
115.0 24.0
165.0 26.0
192.0 73.0
175.0 202.0
94.0 102.0
175.0 190.0
88.0 42.0
6.0 61.0
87.0 191.0
64.0 220.0
178.0 36.0
41.0 197.0
26.0 88.0
77.0 59.0
46.0 112.0
156.0 203.0
122.0 204.0
149.0 147.0
157.0 205.0
227.0 218.0
102.0 38.0
164.0 121.0
119.0 78.0
125.0 165.0
156.0 10.0
88.0 5.0
217.0 178.0
128.0 52.0
216.0 241.0
76.0 29.0
94.0 14.0
149.0 211.0
192.0 189.0
212.0 191.0
199.0 193.0
127.0 92.0
41.0 244.0
224.0 190.0
138.0 237.0
229.0 243.0
49.0 161.0
64.0 112.0
34.0 41.0
221.0 102.0
187.0 220.0
240.0 230.0
43.0 127.0
150.0 219.0
183.0 209.0
246.0 58.0
132.0 36.0
197.0 43.0
173.0 144.0
242.0 23.0
14.0 7.0
79.0 137.0
61.0 61.0
93.0 136.0
90.0 55.0
136.0 210.0
212.0 33.0
150.0 34.0
45.0 82.0
210.0 77.0
103.0 33.0
147.0 19.0
211.0 135.0
213.0 183.0
58.0 247.0
79.0 220.0
82.0 198.0
232.0 60.0
186.0 244.0
204.0 2.0
86.0 135.0
74.0 90.0
164.0 103.0
31.0 247.0
19.0 159.0
103.0 212.0
209.0 131.0
168.0 129.0
236.0 210.0
12.0 180.0
156.0 53.0
164.0 18.0
245.0 104.0
139.0 5.0
221.0 35.0
215.0 123.0
70.0 96.0
218.0 214.0
116.0 176.0
106.0 16.0
6.0 205.0
171.0 40.0
111.0 93.0
24.0 140.0
152.0 211.0
87.0 166.0
180.0 223.0
100.0 205.0
80.0 166.0
0.0 164.0
112.0 204.0
74.0 70.0
35.0 65.0
89.0 233.0
196.0 239.0
195.0 249.0
17.0 46.0
183.0 131.0
119.0 40.0
240.0 167.0
151.0 236.0
197.0 161.0
197.0 237.0
14.0 36.0
186.0 136.0
114.0 90.0
62.0 136.0
219.0 230.0
22.0 151.0
142.0 134.0
185.0 186.0
69.0 26.0
138.0 152.0
181.0 123.0
102.0 36.0
4.0 101.0
25.0 191.0
211.0 226.0
228.0 65.0
156.0 145.0
33.0 242.0
229.0 109.0
128.0 245.0
177.0 225.0
224.0 99.0
123.0 160.0
120.0 226.0
49.0 12.0
127.0 51.0
85.0 137.0
82.0 7.0
17.0 22.0
15.0 206.0
212.0 136.0
101.0 75.0
8.0 209.0
71.0 103.0
149.0 239.0
75.0 134.0
163.0 73.0
81.0 215.0
168.0 220.0
145.0 54.0
109.0 126.0
22.0 242.0
42.0 189.0
90.0 153.0
97.0 116.0
163.0 50.0
100.0 41.0
53.0 201.0
126.0 114.0
73.0 140.0
77.0 100.0
226.0 14.0
185.0 105.0
139.0 21.0
153.0 57.0
115.0 10.0
229.0 199.0
237.0 112.0
29.0 105.0
18.0 111.0
30.0 85.0
168.0 44.0
193.0 129.0
81.0 107.0
249.0 115.0
245.0 245.0
227.0 79.0
64.0 114.0
142.0 126.0
146.0 177.0
50.0 158.0
194.0 244.0
245.0 141.0
165.0 95.0
204.0 188.0
216.0 118.0
168.0 67.0
229.0 222.0
77.0 39.0
41.0 97.0
146.0 7.0
70.0 189.0
165.0 244.0
84.0 98.0
182.0 80.0
158.0 136.0
23.0 170.0
208.0 132.0
197.0 106.0
32.0 92.0
8.0 126.0
100.0 180.0
38.0 41.0
156.0 2.0
210.0 30.0
4.0 33.0
221.0 31.0
165.0 40.0
169.0 10.0
146.0 226.0
44.0 215.0
135.0 68.0
34.0 65.0
247.0 189.0
189.0 155.0
245.0 130.0
17.0 162.0
247.0 230.0
185.0 2.0
214.0 95.0
21.0 140.0
107.0 248.0
112.0 44.0
129.0 77.0
75.0 49.0
72.0 23.0
169.0 247.0
49.0 17.0
195.0 52.0
17.0 231.0
233.0 168.0
247.0 30.0
42.0 4.0
1.0 47.0
29.0 115.0
229.0 168.0
13.0 103.0
149.0 210.0
43.0 181.0
147.0 202.0
132.0 209.0
2.0 187.0
45.0 23.0
231.0 66.0
113.0 241.0
191.0 45.0
103.0 13.0
115.0 67.0
230.0 241.0
73.0 167.0
217.0 137.0
188.0 13.0
116.0 10.0
201.0 187.0
179.0 19.0
91.0 107.0
102.0 175.0
245.0 8.0
62.0 185.0
224.0 4.0
0.0 61.0
10.0 44.0
189.0 204.0
164.0 138.0
172.0 7.0
145.0 49.0
219.0 76.0
92.0 206.0
34.0 229.0
199.0 158.0
220.0 241.0
119.0 184.0
111.0 132.0
128.0 29.0
113.0 86.0
135.0 239.0
19.0 170.0
133.0 191.0
95.0 71.0
49.0 174.0
244.0 143.0
216.0 236.0
186.0 106.0
53.0 27.0
102.0 62.0
54.0 231.0
11.0 50.0
31.0 194.0
3.0 183.0
100.0 212.0
193.0 202.0
235.0 210.0
138.0 118.0
245.0 154.0
241.0 170.0
114.0 55.0
217.0 116.0
208.0 24.0
49.0 234.0
152.0 117.0
133.0 163.0
247.0 53.0
138.0 83.0
117.0 176.0
188.0 10.0
82.0 100.0
5.0 46.0
64.0 52.0
231.0 17.0
150.0 226.0
217.0 197.0
245.0 22.0
105.0 177.0
68.0 121.0
120.0 209.0
37.0 146.0
25.0 201.0
183.0 229.0
32.0 76.0
11.0 115.0
248.0 37.0
70.0 233.0
58.0 84.0
28.0 12.0
178.0 198.0
128.0 239.0
133.0 157.0
224.0 94.0
19.0 29.0
117.0 65.0
192.0 192.0
24.0 228.0
105.0 27.0
41.0 232.0
69.0 27.0
40.0 104.0
32.0 99.0
237.0 62.0
19.0 149.0
3.0 112.0
219.0 131.0
37.0 224.0
220.0 20.0
75.0 231.0
14.0 240.0
152.0 135.0
145.0 164.0
200.0 82.0
237.0 81.0
132.0 69.0
174.0 112.0
79.0 10.0
16.0 101.0
30.0 112.0
68.0 100.0
188.0 60.0
54.0 86.0
160.0 78.0
183.0 143.0
172.0 244.0
195.0 156.0
50.0 17.0
44.0 95.0
24.0 200.0
172.0 65.0
239.0 192.0
169.0 94.0
148.0 134.0
149.0 185.0
28.0 146.0
245.0 245.0
203.0 170.0
197.0 45.0
61.0 227.0
51.0 178.0
84.0 218.0
68.0 67.0
115.0 218.0
243.0 105.0
179.0 6.0
147.0 100.0
231.0 169.0
128.0 244.0
17.0 131.0
203.0 141.0
41.0 80.0
52.0 247.0
194.0 20.0
72.0 122.0
184.0 43.0
29.0 242.0
182.0 168.0
138.0 121.0
185.0 229.0
233.0 130.0
173.0 25.0
239.0 143.0
155.0 89.0
226.0 1.0
59.0 168.0
131.0 78.0
207.0 145.0
59.0 41.0
182.0 121.0
123.0 222.0
208.0 2.0
102.0 73.0
238.0 206.0
15.0 235.0
231.0 189.0
247.0 85.0
192.0 44.0
217.0 150.0
92.0 233.0
93.0 134.0
95.0 94.0
163.0 77.0
102.0 57.0
1.0 250.0
166.0 78.0
156.0 208.0
143.0 105.0
133.0 203.0
27.0 204.0
13.0 13.0
205.0 52.0
112.0 27.0
199.0 27.0
142.0 243.0
9.0 236.0
165.0 164.0
3.0 97.0
160.0 115.0
86.0 171.0
131.0 96.0
225.0 5.0
198.0 61.0
186.0 36.0
215.0 115.0
178.0 212.0
3.0 158.0
149.0 247.0
96.0 73.0
37.0 29.0
219.0 120.0
109.0 1.0
31.0 17.0
66.0 125.0
214.0 226.0
155.0 156.0
73.0 67.0
117.0 188.0
96.0 50.0
70.0 81.0
25.0 162.0
27.0 116.0
13.0 135.0
40.0 93.0
13.0 58.0
31.0 111.0
148.0 222.0
183.0 110.0
42.0 198.0
72.0 47.0
3.0 162.0
43.0 150.0
170.0 77.0
134.0 3.0
117.0 141.0
169.0 39.0
175.0 227.0
218.0 57.0
79.0 89.0
146.0 215.0
77.0 205.0
89.0 0.0
227.0 145.0
209.0 244.0
158.0 200.0
169.0 66.0
137.0 61.0
76.0 180.0
91.0 134.0
200.0 74.0
52.0 164.0
96.0 137.0
60.0 140.0
52.0 93.0
101.0 4.0
124.0 208.0
247.0 36.0
54.0 11.0
202.0 54.0
211.0 93.0
50.0 167.0
216.0 135.0
15.0 108.0
19.0 73.0
176.0 2.0
227.0 193.0
67.0 226.0
56.0 193.0
215.0 92.0
94.0 111.0
190.0 121.0
124.0 48.0
83.0 36.0
54.0 202.0
122.0 102.0
101.0 22.0
202.0 64.0
131.0 119.0
173.0 204.0
182.0 121.0
43.0 116.0
212.0 228.0
53.0 125.0
196.0 33.0
162.0 45.0
19.0 247.0
20.0 100.0
140.0 10.0
99.0 68.0
107.0 45.0
185.0 86.0
39.0 230.0
13.0 83.0
248.0 212.0
137.0 122.0
19.0 247.0
187.0 246.0
90.0 44.0
230.0 12.0
211.0 152.0
15.0 154.0
217.0 44.0
182.0 186.0
111.0 78.0
110.0 36.0
218.0 86.0
94.0 117.0
27.0 174.0
150.0 65.0
162.0 98.0
26.0 179.0
229.0 165.0
82.0 160.0
89.0 161.0
246.0 62.0
190.0 128.0
78.0 172.0
142.0 119.0
34.0 120.0
24.0 112.0
86.0 52.0
234.0 111.0
155.0 32.0
17.0 223.0
143.0 156.0
89.0 119.0
149.0 146.0
111.0 47.0
34.0 39.0
75.0 171.0
31.0 128.0
221.0 40.0
200.0 119.0
168.0 75.0
51.0 55.0
13.0 13.0
4.0 94.0
194.0 60.0
134.0 60.0
10.0 79.0
246.0 230.0
209.0 183.0
113.0 163.0
161.0 185.0
29.0 141.0
161.0 151.0
146.0 165.0
242.0 127.0
125.0 198.0
186.0 170.0
182.0 221.0
213.0 133.0
200.0 179.0
181.0 190.0
102.0 231.0
155.0 185.0
32.0 45.0
23.0 183.0
168.0 152.0
177.0 160.0
87.0 215.0
51.0 81.0
137.0 135.0
143.0 205.0
93.0 203.0
205.0 225.0
194.0 88.0
110.0 193.0
217.0 16.0
176.0 239.0
43.0 46.0
106.0 145.0
246.0 162.0
203.0 162.0
62.0 233.0
111.0 248.0
116.0 164.0
149.0 249.0
136.0 181.0
114.0 82.0
193.0 190.0
210.0 41.0
30.0 28.0
144.0 194.0
162.0 181.0
152.0 92.0
198.0 137.0
120.0 136.0
158.0 107.0
194.0 221.0
145.0 136.0
165.0 91.0
7.0 212.0
155.0 176.0
211.0 29.0
2.0 217.0
213.0 134.0
7.0 64.0
155.0 234.0
59.0 83.0
52.0 24.0
187.0 192.0
174.0 185.0
156.0 70.0
163.0 36.0
63.0 189.0
215.0 118.0
149.0 108.0
243.0 64.0
168.0 21.0
219.0 164.0
159.0 141.0
243.0 99.0
76.0 45.0
165.0 128.0
7.0 168.0
171.0 85.0
53.0 209.0
43.0 79.0
235.0 9.0
133.0 149.0
105.0 35.0
123.0 124.0
82.0 161.0
244.0 74.0
39.0 2.0
157.0 237.0
45.0 117.0
26.0 149.0
174.0 211.0
131.0 31.0
145.0 28.0
166.0 8.0
79.0 197.0
191.0 85.0
31.0 81.0
19.0 101.0
192.0 30.0
124.0 200.0
38.0 214.0
224.0 156.0
221.0 54.0
14.0 228.0
78.0 52.0
58.0 13.0
189.0 171.0
203.0 73.0
241.0 183.0
152.0 207.0
245.0 15.0
171.0 4.0
231.0 143.0
202.0 173.0
122.0 164.0
228.0 164.0
3.0 4.0
40.0 200.0
122.0 248.0
123.0 118.0
237.0 168.0
193.0 248.0
234.0 86.0
215.0 107.0
26.0 1.0
66.0 25.0
35.0 237.0
58.0 95.0
134.0 194.0
96.0 179.0
228.0 61.0
53.0 11.0
225.0 202.0
41.0 234.0
205.0 201.0
11.0 44.0
165.0 157.0
242.0 155.0
6.0 82.0
31.0 127.0
39.0 118.0
11.0 156.0
41.0 66.0
46.0 230.0
249.0 39.0
246.0 134.0
220.0 138.0
175.0 84.0
64.0 74.0
175.0 91.0
92.0 246.0
2.0 217.0
16.0 104.0
74.0 191.0
134.0 161.0
152.0 178.0
238.0 101.0
114.0 51.0
65.0 0.0
51.0 64.0
152.0 206.0
184.0 166.0
46.0 25.0
231.0 234.0
98.0 150.0
87.0 72.0
160.0 88.0
67.0 88.0
60.0 146.0
221.0 134.0
31.0 118.0
63.0 22.0
94.0 109.0
128.0 86.0
213.0 246.0
62.0 195.0
84.0 106.0
28.0 182.0
235.0 222.0
17.0 237.0
218.0 136.0
221.0 107.0
151.0 224.0
178.0 10.0
36.0 134.0
224.0 249.0
245.0 205.0
86.0 50.0
194.0 59.0
27.0 226.0
9.0 133.0
246.0 82.0
53.0 200.0
84.0 31.0
6.0 23.0
96.0 206.0
234.0 78.0
173.0 174.0
16.0 106.0
157.0 149.0
249.0 55.0
241.0 197.0
64.0 43.0
235.0 200.0
98.0 41.0
113.0 189.0
234.0 25.0
45.0 207.0
189.0 162.0
197.0 167.0
114.0 169.0
143.0 5.0
227.0 24.0
41.0 209.0
20.0 53.0
30.0 155.0
175.0 187.0
144.0 205.0
113.0 38.0
62.0 117.0
182.0 231.0
119.0 110.0
38.0 237.0
30.0 238.0
90.0 44.0
103.0 67.0
205.0 21.0
50.0 164.0
148.0 194.0
26.0 23.0
94.0 167.0
126.0 69.0
61.0 18.0
121.0 224.0
207.0 45.0
11.0 70.0
247.0 54.0
55.0 203.0
32.0 200.0
1.0 196.0
177.0 187.0
33.0 138.0
164.0 219.0
28.0 43.0
171.0 137.0
36.0 215.0
186.0 247.0
180.0 244.0
28.0 162.0
32.0 101.0
205.0 31.0
21.0 114.0
117.0 102.0
62.0 179.0
150.0 121.0
92.0 115.0
46.0 139.0
60.0 140.0
222.0 98.0
207.0 246.0
44.0 149.0
35.0 83.0
110.0 201.0
186.0 1.0
170.0 16.0
3.0 234.0
107.0 239.0
127.0 5.0
238.0 42.0
17.0 156.0
240.0 152.0
118.0 210.0
66.0 67.0
203.0 91.0
52.0 101.0
237.0 35.0
191.0 188.0
148.0 46.0
153.0 213.0
244.0 52.0
161.0 182.0
33.0 242.0
161.0 104.0
59.0 113.0
38.0 35.0
129.0 76.0
174.0 49.0
179.0 40.0
237.0 171.0
31.0 190.0
125.0 194.0
142.0 244.0
64.0 34.0
9.0 48.0
170.0 156.0
167.0 155.0
97.0 127.0
96.0 129.0
210.0 164.0
95.0 89.0
19.0 150.0
44.0 118.0
194.0 91.0
13.0 170.0
33.0 100.0
8.0 222.0
58.0 30.0
170.0 192.0
244.0 207.0
112.0 229.0
191.0 5.0
80.0 36.0
109.0 94.0
239.0 193.0
46.0 227.0
166.0 26.0
114.0 24.0
195.0 112.0
17.0 242.0
94.0 87.0
12.0 112.0
101.0 230.0
217.0 112.0
144.0 99.0
40.0 129.0
167.0 89.0
21.0 1.0
19.0 49.0
206.0 24.0
186.0 198.0
11.0 34.0
202.0 124.0
37.0 29.0
155.0 203.0
186.0 62.0
236.0 115.0
161.0 242.0
130.0 174.0
69.0 210.0
65.0 249.0
98.0 40.0
199.0 147.0
89.0 68.0
40.0 88.0
130.0 212.0
188.0 31.0
97.0 171.0
237.0 105.0
137.0 186.0
238.0 15.0
168.0 127.0
195.0 76.0
2.0 215.0
117.0 97.0
35.0 19.0
212.0 155.0
242.0 158.0
148.0 109.0
53.0 222.0
61.0 7.0
207.0 229.0
126.0 118.0
51.0 238.0
8.0 124.0
244.0 80.0
99.0 65.0
210.0 188.0
18.0 206.0
191.0 109.0
139.0 39.0
87.0 81.0
247.0 221.0
87.0 98.0
223.0 34.0
150.0 241.0
220.0 30.0
199.0 77.0
113.0 91.0
223.0 7.0
61.0 189.0
26.0 21.0
89.0 180.0
191.0 87.0
147.0 70.0
121.0 20.0
180.0 201.0
103.0 192.0
60.0 158.0
129.0 33.0
3.0 241.0
47.0 75.0
226.0 164.0
155.0 110.0
93.0 200.0
171.0 91.0
99.0 68.0
90.0 210.0
104.0 154.0
218.0 173.0
19.0 223.0
23.0 226.0
235.0 108.0
220.0 72.0
127.0 147.0
107.0 108.0
37.0 232.0
196.0 9.0
209.0 118.0
12.0 197.0
196.0 223.0
8.0 105.0
83.0 208.0
78.0 154.0
184.0 169.0
234.0 213.0
169.0 129.0
66.0 101.0
156.0 25.0
181.0 23.0
110.0 4.0
98.0 107.0
200.0 97.0
178.0 82.0
71.0 211.0
198.0 133.0
85.0 140.0
9.0 82.0
85.0 148.0
28.0 78.0
122.0 207.0
113.0 55.0
80.0 68.0
212.0 29.0
6.0 120.0
190.0 98.0
206.0 93.0
120.0 113.0
36.0 186.0
65.0 248.0
90.0 41.0
234.0 56.0
64.0 36.0
208.0 136.0
142.0 181.0
215.0 90.0
58.0 213.0
20.0 49.0
37.0 58.0
64.0 67.0
164.0 128.0
13.0 14.0
1.0 242.0
236.0 175.0
121.0 18.0
11.0 38.0
19.0 146.0
82.0 110.0
172.0 23.0
2.0 125.0
102.0 21.0
11.0 95.0
85.0 8.0
4.0 202.0
225.0 12.0
221.0 111.0
171.0 14.0
78.0 64.0
69.0 154.0
150.0 221.0
154.0 197.0
112.0 229.0
188.0 171.0
2.0 109.0
40.0 149.0
3.0 70.0
230.0 215.0
233.0 210.0
101.0 207.0
106.0 99.0
84.0 157.0
127.0 59.0
86.0 139.0
79.0 33.0
80.0 73.0
66.0 221.0
65.0 76.0
2.0 4.0
109.0 28.0
147.0 200.0
243.0 67.0
135.0 61.0
58.0 58.0
245.0 177.0
155.0 130.0
204.0 63.0
158.0 196.0
173.0 226.0
85.0 174.0
76.0 110.0
141.0 198.0
35.0 105.0
114.0 170.0
209.0 117.0
73.0 64.0
170.0 30.0
147.0 194.0
244.0 178.0
238.0 7.0
59.0 27.0
55.0 217.0
124.0 71.0
198.0 223.0
49.0 5.0
63.0 13.0
96.0 56.0
158.0 97.0
54.0 171.0
245.0 72.0
1.0 60.0
3.0 221.0
76.0 158.0
13.0 129.0
191.0 152.0
139.0 94.0
186.0 243.0
217.0 190.0
230.0 168.0
13.0 134.0
96.0 36.0
236.0 186.0
237.0 115.0
182.0 121.0
176.0 6.0
183.0 115.0
244.0 221.0
57.0 205.0
66.0 219.0
100.0 63.0
208.0 30.0
205.0 92.0
241.0 178.0
15.0 222.0
37.0 131.0
72.0 46.0
155.0 117.0
242.0 27.0
16.0 176.0
10.0 69.0
101.0 142.0
40.0 37.0
248.0 56.0
228.0 147.0
149.0 88.0
14.0 198.0
249.0 89.0
53.0 178.0
41.0 214.0
137.0 97.0
54.0 130.0
106.0 207.0
175.0 116.0
245.0 83.0
224.0 194.0
39.0 98.0
39.0 228.0
164.0 145.0
123.0 244.0
196.0 17.0
235.0 45.0
63.0 159.0
93.0 248.0
73.0 96.0
208.0 180.0
180.0 123.0
139.0 148.0
207.0 162.0
55.0 139.0
33.0 32.0
25.0 96.0
119.0 143.0
49.0 189.0
243.0 231.0
127.0 109.0
181.0 38.0
241.0 190.0
104.0 154.0
190.0 237.0
33.0 74.0
19.0 15.0
8.0 51.0
101.0 140.0
182.0 168.0
4.0 195.0
120.0 96.0
60.0 202.0
149.0 77.0
153.0 143.0
153.0 232.0
19.0 31.0
40.0 101.0
192.0 102.0
146.0 145.0
20.0 3.0
180.0 233.0
11.0 180.0
100.0 235.0
51.0 201.0
157.0 105.0
138.0 104.0
101.0 204.0
46.0 133.0
183.0 126.0
177.0 61.0
64.0 146.0
161.0 108.0
126.0 181.0
71.0 9.0
207.0 8.0
190.0 134.0
88.0 8.0
79.0 74.0
152.0 46.0
2.0 225.0
170.0 141.0
84.0 166.0
1.0 156.0
130.0 230.0
32.0 34.0
111.0 187.0
36.0 198.0
120.0 73.0
132.0 245.0
173.0 201.0
157.0 197.0
35.0 15.0
15.0 56.0
80.0 199.0
179.0 40.0
224.0 73.0
34.0 150.0
80.0 75.0
124.0 39.0
238.0 214.0
113.0 227.0
204.0 196.0
127.0 1.0
18.0 207.0
198.0 173.0
204.0 191.0
74.0 160.0
224.0 246.0
1.0 173.0
183.0 72.0
116.0 117.0
92.0 238.0
178.0 120.0
74.0 79.0
161.0 140.0
179.0 106.0
50.0 223.0
70.0 113.0
238.0 222.0
133.0 3.0
8.0 168.0
134.0 131.0
97.0 1.0
106.0 55.0
219.0 207.0
221.0 140.0
172.0 189.0
190.0 5.0
6.0 70.0
84.0 151.0
36.0 110.0
245.0 132.0
29.0 54.0
38.0 222.0
222.0 246.0
5.0 80.0
147.0 169.0
48.0 225.0
24.0 146.0
66.0 213.0
80.0 223.0
42.0 194.0
177.0 92.0
160.0 118.0
244.0 217.0
40.0 145.0
10.0 127.0
63.0 146.0
147.0 173.0
1.0 238.0
226.0 88.0
31.0 99.0
197.0 20.0
250.0 147.0
167.0 5.0
123.0 195.0
80.0 167.0
114.0 32.0
189.0 0.0
57.0 193.0
46.0 134.0
141.0 216.0
32.0 62.0
197.0 40.0
15.0 121.0
23.0 210.0
54.0 61.0
72.0 172.0
94.0 130.0
109.0 200.0
200.0 136.0
36.0 99.0
156.0 28.0
121.0 127.0
89.0 91.0
198.0 133.0
90.0 168.0
205.0 233.0
90.0 142.0
248.0 156.0
108.0 190.0
187.0 196.0
7.0 184.0
53.0 32.0
224.0 137.0
167.0 231.0
13.0 165.0
151.0 55.0
35.0 7.0
69.0 34.0
191.0 207.0
15.0 40.0
184.0 104.0
21.0 189.0
64.0 114.0
208.0 204.0
118.0 89.0
195.0 169.0
243.0 105.0
62.0 194.0
28.0 76.0
236.0 48.0
64.0 189.0
5.0 143.0
86.0 173.0
134.0 61.0
85.0 25.0
155.0 131.0
115.0 78.0
199.0 122.0
76.0 158.0
59.0 175.0
54.0 106.0
226.0 186.0
126.0 4.0
205.0 119.0
103.0 37.0
1.0 83.0
228.0 200.0
177.0 56.0
173.0 136.0
19.0 180.0
243.0 213.0
83.0 154.0
4.0 239.0
26.0 21.0
95.0 56.0
129.0 4.0
95.0 23.0
28.0 50.0
75.0 17.0
207.0 127.0
55.0 85.0
122.0 53.0
151.0 246.0
140.0 12.0
2.0 205.0
47.0 191.0
123.0 99.0
183.0 45.0
152.0 170.0
62.0 250.0
31.0 99.0
186.0 233.0
192.0 31.0
29.0 224.0
171.0 144.0
12.0 67.0
96.0 170.0
86.0 128.0
101.0 92.0
111.0 170.0
231.0 54.0
24.0 137.0
13.0 86.0
109.0 101.0
147.0 44.0
244.0 200.0
95.0 6.0
47.0 180.0
168.0 141.0
183.0 245.0
1.0 166.0
135.0 221.0
151.0 43.0
57.0 92.0
68.0 138.0
156.0 44.0
61.0 137.0
78.0 214.0
142.0 60.0
138.0 137.0
214.0 42.0
239.0 215.0
147.0 85.0
175.0 97.0
68.0 101.0
73.0 140.0
18.0 58.0
14.0 229.0
205.0 170.0
229.0 10.0
117.0 81.0
36.0 168.0
97.0 98.0
20.0 194.0
21.0 63.0
20.0 153.0
62.0 17.0
43.0 247.0
47.0 151.0
34.0 87.0
18.0 59.0
12.0 86.0
137.0 152.0
111.0 245.0
159.0 143.0
176.0 140.0
242.0 79.0
67.0 5.0
193.0 193.0
193.0 80.0
56.0 197.0
81.0 249.0
243.0 158.0
83.0 25.0
5.0 186.0
186.0 20.0
65.0 227.0
145.0 80.0
87.0 52.0
17.0 103.0
178.0 101.0
205.0 98.0
210.0 168.0
210.0 120.0
57.0 195.0
71.0 25.0
140.0 47.0
73.0 37.0
250.0 153.0
72.0 217.0
188.0 4.0
147.0 192.0
40.0 47.0
53.0 97.0
15.0 51.0
47.0 234.0
43.0 137.0
208.0 20.0
172.0 171.0
184.0 85.0
103.0 65.0
114.0 243.0
9.0 90.0
26.0 56.0
116.0 104.0
105.0 96.0
65.0 169.0
237.0 244.0
151.0 100.0
99.0 7.0
84.0 39.0
96.0 78.0
4.0 215.0
10.0 230.0
8.0 117.0
61.0 149.0
49.0 111.0
116.0 176.0
94.0 111.0
103.0 188.0
20.0 192.0
16.0 201.0
16.0 152.0
180.0 73.0
91.0 26.0
36.0 239.0
80.0 172.0
241.0 247.0
131.0 84.0
226.0 150.0
181.0 151.0
119.0 149.0
22.0 157.0
60.0 158.0
122.0 114.0
194.0 66.0
137.0 88.0
224.0 5.0
176.0 2.0
208.0 248.0
133.0 184.0
102.0 197.0
8.0 35.0
91.0 189.0
167.0 192.0
108.0 218.0
87.0 201.0
193.0 176.0
158.0 202.0
219.0 75.0
214.0 241.0
26.0 246.0
238.0 120.0
89.0 74.0
41.0 4.0
161.0 173.0
240.0 69.0
127.0 169.0
196.0 53.0
139.0 107.0
125.0 100.0
150.0 47.0
159.0 141.0
28.0 237.0
205.0 87.0
5.0 36.0
243.0 182.0
8.0 114.0
43.0 186.0
14.0 236.0
67.0 98.0
90.0 250.0
156.0 223.0
132.0 245.0
147.0 161.0
111.0 115.0
144.0 147.0
186.0 95.0
218.0 206.0
131.0 171.0
121.0 160.0
72.0 28.0
180.0 93.0
87.0 57.0
73.0 168.0
42.0 243.0
27.0 42.0
105.0 45.0
18.0 151.0
182.0 231.0
139.0 212.0
73.0 158.0
90.0 111.0
244.0 74.0
72.0 152.0
119.0 64.0
180.0 188.0
171.0 89.0
199.0 4.0
97.0 121.0
1.0 95.0
210.0 185.0
104.0 73.0
232.0 202.0
200.0 235.0
234.0 60.0
79.0 144.0
29.0 175.0
155.0 128.0
148.0 116.0
120.0 177.0
74.0 158.0
72.0 21.0
243.0 217.0
26.0 240.0
110.0 176.0
3.0 61.0
153.0 153.0
250.0 74.0
11.0 106.0
168.0 147.0
245.0 210.0
102.0 145.0
22.0 13.0
213.0 100.0
117.0 190.0
204.0 78.0
144.0 20.0
3.0 7.0
32.0 34.0
44.0 79.0
41.0 85.0
109.0 133.0
201.0 156.0
34.0 237.0
98.0 47.0
82.0 15.0
17.0 115.0
174.0 65.0
238.0 87.0
165.0 115.0
119.0 9.0
208.0 171.0
144.0 206.0
48.0 156.0
176.0 204.0
139.0 172.0
248.0 111.0
59.0 21.0
236.0 32.0
245.0 228.0
116.0 136.0
146.0 85.0
51.0 83.0
194.0 80.0
104.0 52.0
47.0 107.0
223.0 202.0
162.0 200.0
156.0 171.0
2.0 54.0
64.0 90.0
59.0 200.0
130.0 88.0
147.0 238.0
36.0 114.0
241.0 101.0
9.0 215.0
210.0 136.0
150.0 202.0
92.0 108.0
144.0 210.0
130.0 22.0
196.0 222.0
94.0 6.0
135.0 187.0
233.0 27.0
189.0 178.0
9.0 45.0
233.0 78.0
80.0 15.0
136.0 142.0
55.0 209.0
140.0 26.0
120.0 145.0

176.0 135.0
79.0 223.0
162.0 68.0
185.0 210.0
91.0 61.0
63.0 221.0
52.0 40.0
239.0 19.0
37.0 125.0
36.0 23.0
58.0 125.0
205.0 184.0
101.0 169.0
101.0 214.0
82.0 125.0
172.0 239.0
53.0 240.0
216.0 168.0
232.0 230.0
89.0 237.0
229.0 201.0
170.0 179.0
117.0 202.0
126.0 46.0
154.0 164.0
199.0 73.0
163.0 206.0
167.0 190.0
215.0 124.0
53.0 202.0
69.0 191.0
139.0 146.0
57.0 225.0
210.0 182.0
54.0 155.0
245.0 180.0
69.0 194.0
60.0 238.0
228.0 191.0
19.0 130.0
63.0 158.0
210.0 82.0
243.0 195.0
41.0 245.0
50.0 143.0
35.0 122.0
89.0 95.0
203.0 206.0
205.0 190.0
73.0 196.0
154.0 232.0
175.0 210.0
190.0 163.0
187.0 171.0
196.0 37.0
141.0 236.0
168.0 181.0
58.0 26.0
63.0 73.0
237.0 132.0
152.0 215.0
212.0 85.0
73.0 153.0
20.0 109.0
62.0 86.0
107.0 212.0
174.0 72.0
143.0 75.0
130.0 133.0
10.0 161.0
216.0 146.0
43.0 137.0
228.0 233.0
197.0 153.0
31.0 121.0
85.0 171.0
78.0 57.0
179.0 75.0
130.0 159.0
6.0 61.0
116.0 142.0
8.0 194.0
203.0 173.0
12.0 22.0
239.0 179.0
100.0 223.0
211.0 230.0
211.0 80.0
222.0 176.0
152.0 131.0
67.0 91.0
192.0 138.0
245.0 35.0
62.0 116.0
148.0 36.0
176.0 208.0
104.0 9.0
213.0 8.0
134.0 74.0
83.0 210.0
28.0 115.0
228.0 108.0
184.0 213.0
160.0 201.0
185.0 132.0
111.0 241.0
192.0 110.0
21.0 177.0
37.0 60.0
124.0 175.0
148.0 249.0
7.0 32.0
135.0 196.0
10.0 64.0
21.0 32.0
207.0 119.0
23.0 133.0
231.0 239.0
72.0 151.0
41.0 191.0
66.0 152.0
48.0 12.0
145.0 100.0
18.0 206.0
144.0 28.0
108.0 87.0
128.0 228.0
38.0 30.0
29.0 217.0
132.0 241.0
180.0 180.0
130.0 216.0
116.0 233.0
99.0 91.0
97.0 136.0
242.0 202.0
85.0 134.0
46.0 150.0
214.0 195.0
199.0 96.0
181.0 208.0
95.0 219.0
182.0 25.0
218.0 120.0
176.0 15.0
111.0 57.0
30.0 185.0
104.0 121.0
160.0 129.0
95.0 140.0
114.0 219.0
239.0 22.0
72.0 234.0
173.0 202.0
103.0 143.0
6.0 74.0
28.0 178.0
105.0 121.0
83.0 230.0
9.0 59.0
128.0 125.0
135.0 63.0
204.0 180.0
225.0 25.0
85.0 167.0
84.0 251.0
218.0 73.0
192.0 229.0
82.0 25.0
71.0 218.0
28.0 240.0
159.0 141.0
180.0 220.0
200.0 207.0
144.0 139.0
241.0 103.0
209.0 86.0
136.0 35.0
153.0 153.0
42.0 91.0
239.0 243.0
156.0 108.0
91.0 151.0
57.0 116.0
241.0 175.0
57.0 165.0
70.0 223.0
251.0 231.0
110.0 249.0
76.0 158.0
69.0 160.0
204.0 177.0
120.0 97.0
160.0 109.0
243.0 135.0
166.0 130.0
233.0 206.0
211.0 117.0
106.0 112.0
181.0 92.0
87.0 95.0
233.0 85.0
23.0 193.0
114.0 134.0
105.0 219.0
182.0 87.0
52.0 234.0
11.0 38.0
29.0 200.0
197.0 216.0
97.0 97.0
106.0 13.0
62.0 29.0
72.0 84.0
181.0 219.0
150.0 108.0
194.0 114.0
79.0 24.0
253.0 40.0
154.0 155.0
133.0 43.0
50.0 210.0
129.0 242.0
193.0 177.0
178.0 177.0
56.0 237.0
217.0 125.0
131.0 81.0
191.0 222.0
80.0 109.0
123.0 17.0
153.0 61.0
252.0 135.0
61.0 176.0
42.0 86.0
216.0 26.0
182.0 246.0
168.0 252.0
33.0 180.0
53.0 253.0
237.0 222.0
197.0 170.0
70.0 76.0
121.0 66.0
160.0 251.0
199.0 19.0
237.0 238.0
73.0 215.0
187.0 60.0
224.0 68.0
193.0 13.0
173.0 76.0
125.0 144.0
65.0 115.0
41.0 64.0
16.0 244.0
152.0 107.0
95.0 42.0
196.0 247.0
163.0 241.0
190.0 195.0
115.0 24.0
174.0 225.0
87.0 120.0
240.0 190.0
58.0 209.0
134.0 24.0
41.0 134.0
53.0 242.0
170.0 45.0
78.0 98.0
230.0 111.0
248.0 82.0
82.0 72.0
57.0 37.0
159.0 102.0
29.0 160.0
90.0 130.0
33.0 80.0
28.0 254.0
94.0 150.0
81.0 12.0
13.0 7.0
72.0 211.0
145.0 167.0
166.0 38.0
69.0 82.0
171.0 216.0
82.0 62.0
206.0 92.0
137.0 114.0
171.0 19.0
55.0 197.0
62.0 53.0
212.0 95.0
227.0 215.0
208.0 55.0
204.0 199.0
53.0 201.0
103.0 146.0
8.0 66.0
81.0 10.0
37.0 83.0
240.0 244.0
43.0 22.0
80.0 202.0
54.0 76.0
28.0 161.0
133.0 216.0
243.0 138.0
16.0 162.0
121.0 118.0
173.0 158.0
83.0 225.0
154.0 101.0
168.0 31.0
37.0 22.0
157.0 210.0
210.0 104.0
119.0 92.0
203.0 167.0
238.0 191.0
144.0 115.0
180.0 145.0
211.0 147.0
232.0 18.0
246.0 171.0
97.0 13.0
68.0 33.0
212.0 195.0
250.0 139.0
90.0 123.0
255.0 229.0
183.0 138.0
119.0 230.0
116.0 65.0
168.0 101.0
222.0 196.0
80.0 182.0
40.0 215.0
165.0 109.0
104.0 31.0
59.0 201.0
102.0 50.0
54.0 227.0
27.0 9.0
147.0 77.0
87.0 251.0
175.0 143.0
106.0 195.0
201.0 60.0
31.0 13.0
183.0 233.0
204.0 117.0
207.0 151.0
91.0 148.0
169.0 64.0
16.0 129.0
72.0 161.0
238.0 140.0
232.0 180.0
15.0 45.0
140.0 190.0
124.0 242.0
148.0 155.0
135.0 116.0
148.0 112.0
237.0 11.0
229.0 197.0
70.0 38.0
164.0 236.0
241.0 170.0
28.0 244.0
62.0 55.0
206.0 220.0
124.0 125.0
242.0 133.0
58.0 66.0
102.0 172.0
13.0 73.0
216.0 253.0
86.0 121.0
9.0 242.0
47.0 22.0
131.0 13.0
34.0 131.0
212.0 146.0
169.0 117.0
40.0 60.0
123.0 236.0
42.0 208.0
228.0 188.0
113.0 52.0
33.0 137.0
88.0 43.0
11.0 52.0
209.0 178.0
237.0 84.0
50.0 47.0
60.0 49.0
148.0 249.0
229.0 78.0
105.0 12.0
178.0 110.0
97.0 6.0
211.0 215.0
173.0 37.0
240.0 13.0
120.0 29.0
170.0 31.0
198.0 78.0
180.0 206.0
99.0 107.0
181.0 195.0
93.0 47.0
12.0 65.0
91.0 196.0
70.0 224.0
184.0 41.0
47.0 203.0
31.0 94.0
81.0 63.0
51.0 117.0
160.0 209.0
126.0 210.0
154.0 151.0
162.0 211.0
232.0 223.0
107.0 43.0
170.0 126.0
124.0 82.0
131.0 170.0
160.0 14.0
93.0 9.0
222.0 182.0
134.0 57.0
221.0 247.0
80.0 35.0
98.0 18.0
154.0 216.0
196.0 195.0
217.0 196.0
205.0 199.0
132.0 96.0
47.0 248.0
230.0 196.0
142.0 243.0
233.0 249.0
55.0 165.0
69.0 116.0
40.0 45.0
226.0 107.0
192.0 226.0
245.0 235.0
48.0 132.0
154.0 225.0
188.0 214.0
251.0 64.0
136.0 42.0
201.0 47.0
179.0 150.0
247.0 29.0
19.0 13.0
84.0 142.0
66.0 66.0
98.0 142.0
96.0 60.0
141.0 216.0
218.0 38.0
154.0 39.0
51.0 88.0
215.0 83.0
107.0 38.0
152.0 24.0
215.0 141.0
218.0 187.0
63.0 252.0
84.0 224.0
88.0 202.0
237.0 65.0
191.0 249.0
210.0 7.0
91.0 139.0
79.0 95.0
169.0 107.0
37.0 252.0
23.0 164.0
108.0 216.0
214.0 136.0
174.0 134.0
241.0 214.0
17.0 185.0
161.0 59.0
170.0 22.0
251.0 110.0
144.0 10.0
226.0 39.0
220.0 127.0
75.0 102.0
223.0 219.0
121.0 182.0
112.0 21.0
12.0 209.0
175.0 45.0
115.0 98.0
29.0 145.0
157.0 216.0
91.0 171.0
185.0 229.0
106.0 209.0
86.0 171.0
6.0 169.0
117.0 208.0
79.0 75.0
41.0 69.0
93.0 239.0
201.0 243.0
200.0 254.0
22.0 51.0
188.0 136.0
123.0 46.0
244.0 172.0
155.0 241.0
202.0 167.0
203.0 242.0
19.0 41.0
191.0 140.0
119.0 95.0
67.0 140.0
223.0 235.0
27.0 156.0
148.0 139.0
190.0 192.0
74.0 31.0
144.0 158.0
185.0 128.0
107.0 42.0
9.0 106.0
30.0 195.0
216.0 232.0
233.0 70.0
160.0 150.0
38.0 247.0
233.0 113.0
133.0 250.0
181.0 229.0
229.0 104.0
128.0 166.0
124.0 232.0
55.0 17.0
131.0 55.0
90.0 141.0
86.0 12.0
21.0 27.0
19.0 211.0
216.0 141.0
106.0 79.0
14.0 214.0
76.0 108.0
155.0 244.0
81.0 139.0
168.0 77.0
86.0 220.0
172.0 226.0
150.0 58.0
115.0 132.0
28.0 246.0
47.0 193.0
94.0 158.0
102.0 121.0
167.0 55.0
104.0 47.0
59.0 206.0
130.0 119.0
77.0 145.0
81.0 104.0
231.0 20.0
191.0 110.0
143.0 27.0
157.0 62.0
120.0 15.0
234.0 204.0
241.0 117.0
34.0 110.0
24.0 115.0
35.0 90.0
174.0 48.0
198.0 133.0
86.0 112.0
254.0 119.0
249.0 250.0
231.0 85.0
69.0 119.0
147.0 131.0
151.0 182.0
55.0 162.0
199.0 250.0
249.0 147.0
170.0 101.0
209.0 193.0
222.0 124.0
172.0 72.0
233.0 226.0
83.0 43.0
46.0 102.0
151.0 13.0
75.0 193.0
171.0 249.0
90.0 103.0
188.0 84.0
163.0 142.0
27.0 175.0
213.0 137.0
202.0 112.0
36.0 98.0
13.0 131.0
104.0 184.0
43.0 46.0
161.0 7.0
215.0 36.0
10.0 39.0
227.0 36.0
170.0 45.0
173.0 16.0
152.0 231.0
50.0 220.0
139.0 73.0
40.0 69.0
251.0 195.0
194.0 160.0
250.0 134.0
22.0 167.0
251.0 235.0
190.0 8.0
220.0 100.0
27.0 145.0
112.0 253.0
117.0 50.0
133.0 82.0
80.0 53.0
76.0 27.0
175.0 252.0
54.0 22.0
200.0 57.0
22.0 237.0
237.0 173.0
252.0 36.0
48.0 8.0
6.0 51.0
34.0 120.0
233.0 173.0
18.0 108.0
154.0 215.0
49.0 185.0
152.0 207.0
137.0 213.0
6.0 192.0
50.0 29.0
236.0 70.0
118.0 246.0
196.0 49.0
109.0 18.0
121.0 71.0
235.0 247.0
79.0 172.0
222.0 143.0
193.0 17.0
121.0 15.0
207.0 192.0
185.0 25.0
97.0 111.0
106.0 180.0
251.0 12.0
67.0 189.0
230.0 10.0
5.0 66.0
16.0 49.0
193.0 208.0
168.0 144.0
176.0 13.0
151.0 54.0
223.0 81.0
97.0 211.0
40.0 234.0
203.0 163.0
226.0 246.0
124.0 190.0
115.0 137.0
134.0 35.0
119.0 91.0
139.0 245.0
25.0 176.0
139.0 196.0
99.0 76.0
53.0 179.0
249.0 149.0
220.0 240.0
191.0 110.0
57.0 32.0
107.0 67.0
58.0 236.0
16.0 54.0
36.0 199.0
8.0 187.0
105.0 217.0
198.0 208.0
239.0 214.0
143.0 123.0
250.0 158.0
245.0 176.0
120.0 60.0
222.0 122.0
213.0 29.0
53.0 240.0
158.0 123.0
137.0 169.0
251.0 57.0
144.0 88.0
123.0 181.0
194.0 14.0
87.0 105.0
9.0 50.0
68.0 57.0
235.0 21.0
155.0 231.0
223.0 203.0
249.0 27.0
110.0 182.0
74.0 127.0
124.0 214.0
41.0 152.0
30.0 207.0
188.0 233.0
37.0 81.0
16.0 121.0
253.0 41.0
76.0 239.0
62.0 89.0
34.0 18.0
182.0 202.0
132.0 243.0
139.0 161.0
228.0 99.0
23.0 35.0
122.0 69.0
198.0 197.0
30.0 232.0
109.0 32.0
46.0 238.0
75.0 33.0
44.0 108.0
37.0 105.0
242.0 68.0
24.0 154.0
9.0 116.0
224.0 135.0
42.0 230.0
224.0 26.0
81.0 235.0
18.0 245.0
157.0 141.0
149.0 168.0
204.0 87.0
243.0 85.0
136.0 74.0
179.0 116.0
83.0 14.0
22.0 107.0
35.0 118.0
73.0 104.0
192.0 65.0
60.0 92.0
166.0 84.0
188.0 148.0
178.0 250.0
200.0 160.0
54.0 22.0
49.0 100.0
30.0 205.0
177.0 70.0
244.0 196.0
174.0 100.0
152.0 138.0
153.0 190.0
33.0 150.0
250.0 250.0
209.0 175.0
202.0 51.0
66.0 233.0
56.0 183.0
89.0 222.0
73.0 71.0
120.0 223.0
247.0 110.0
185.0 11.0
152.0 104.0
237.0 175.0
134.0 248.0
22.0 137.0
208.0 146.0
46.0 85.0
57.0 252.0
199.0 25.0
77.0 128.0
189.0 47.0
34.0 247.0
187.0 172.0
143.0 127.0
190.0 234.0
237.0 135.0
177.0 31.0
244.0 147.0
160.0 95.0
230.0 6.0
64.0 172.0
137.0 82.0
211.0 149.0
64.0 47.0
187.0 125.0
128.0 228.0
213.0 7.0
108.0 77.0
244.0 210.0
20.0 240.0
235.0 194.0
253.0 91.0
196.0 49.0
221.0 155.0
96.0 238.0
97.0 139.0
101.0 100.0
168.0 82.0
107.0 62.0
6.0 256.0
172.0 83.0
160.0 213.0
149.0 110.0
138.0 207.0
32.0 209.0
17.0 18.0
211.0 57.0
117.0 32.0
205.0 31.0
148.0 248.0
14.0 241.0
170.0 168.0
9.0 102.0
165.0 121.0
92.0 176.0
136.0 101.0
229.0 9.0
204.0 66.0
191.0 41.0
220.0 120.0
183.0 218.0
9.0 163.0
155.0 251.0
102.0 78.0
42.0 33.0
224.0 126.0
114.0 6.0
36.0 21.0
71.0 131.0
220.0 232.0
161.0 160.0
78.0 73.0
122.0 194.0
101.0 55.0
75.0 86.0
30.0 166.0
32.0 121.0
17.0 140.0
46.0 97.0
18.0 63.0
36.0 115.0
153.0 227.0
189.0 115.0
47.0 204.0
78.0 51.0
8.0 168.0
48.0 156.0
174.0 82.0
138.0 8.0
121.0 146.0
173.0 45.0
180.0 232.0
224.0 62.0
85.0 94.0
151.0 220.0
82.0 211.0
93.0 5.0
232.0 149.0
215.0 248.0
163.0 205.0
173.0 72.0
142.0 65.0
81.0 184.0
96.0 138.0
206.0 80.0
56.0 170.0
100.0 143.0
64.0 144.0
58.0 97.0
105.0 10.0
129.0 212.0
252.0 40.0
60.0 16.0
207.0 59.0
216.0 98.0
55.0 172.0
221.0 139.0
20.0 113.0
25.0 79.0
181.0 6.0
232.0 197.0
73.0 231.0
61.0 199.0
220.0 98.0
99.0 116.0
195.0 126.0
129.0 54.0
87.0 41.0
60.0 206.0
128.0 108.0
105.0 28.0
206.0 68.0
136.0 125.0
178.0 209.0
186.0 126.0
49.0 121.0
217.0 233.0
58.0 131.0
201.0 38.0
166.0 51.0
23.0 252.0
24.0 104.0
144.0 14.0
105.0 73.0
112.0 50.0
190.0 91.0
44.0 234.0
18.0 88.0
253.0 216.0
142.0 126.0
23.0 252.0
191.0 250.0
96.0 48.0
234.0 18.0
216.0 158.0
19.0 158.0
222.0 49.0
187.0 191.0
115.0 84.0
114.0 41.0
223.0 90.0
100.0 122.0
31.0 179.0
155.0 70.0
167.0 103.0
31.0 184.0
234.0 169.0
86.0 164.0
95.0 166.0
250.0 67.0
195.0 132.0
84.0 177.0
147.0 124.0
40.0 125.0
29.0 117.0
90.0 56.0
240.0 115.0
160.0 38.0
22.0 229.0
148.0 160.0
93.0 124.0
155.0 151.0
117.0 53.0
39.0 43.0
80.0 177.0
36.0 133.0
226.0 45.0
206.0 124.0
172.0 80.0
56.0 59.0
17.0 17.0
10.0 98.0
199.0 65.0
139.0 66.0
16.0 84.0
251.0 235.0
214.0 188.0
119.0 168.0
166.0 190.0
33.0 145.0
165.0 157.0
151.0 169.0
246.0 133.0
129.0 204.0
191.0 175.0
186.0 226.0
218.0 137.0
205.0 184.0
186.0 195.0
108.0 237.0
160.0 190.0
38.0 50.0
28.0 188.0
174.0 157.0
182.0 165.0
91.0 220.0
56.0 87.0
141.0 141.0
147.0 210.0
99.0 208.0
210.0 230.0
200.0 93.0
115.0 199.0
221.0 21.0
181.0 243.0
48.0 51.0
112.0 151.0
252.0 167.0
209.0 168.0
66.0 238.0
115.0 254.0
121.0 168.0
154.0 254.0
141.0 186.0
118.0 86.0
199.0 195.0
214.0 45.0
35.0 33.0
149.0 199.0
168.0 186.0
158.0 98.0
203.0 143.0
125.0 141.0
163.0 111.0
200.0 226.0
151.0 140.0
171.0 95.0
13.0 217.0
160.0 182.0
215.0 34.0
6.0 222.0
218.0 139.0
12.0 69.0
159.0 240.0
63.0 88.0
56.0 29.0
192.0 196.0
180.0 189.0
162.0 76.0
167.0 41.0
67.0 194.0
220.0 123.0
153.0 114.0
249.0 70.0
174.0 27.0
225.0 169.0
163.0 145.0
247.0 105.0
81.0 50.0
170.0 132.0
11.0 173.0
175.0 90.0
58.0 214.0
48.0 84.0
239.0 13.0
138.0 154.0
110.0 40.0
128.0 130.0
87.0 167.0
249.0 79.0
44.0 7.0
161.0 242.0
50.0 122.0
30.0 155.0
179.0 217.0
136.0 36.0
151.0 32.0
171.0 14.0
83.0 202.0
196.0 90.0
35.0 87.0
25.0 107.0
196.0 36.0
129.0 205.0
43.0 219.0
229.0 160.0
227.0 59.0
19.0 233.0
83.0 57.0
63.0 19.0
194.0 176.0
208.0 79.0
246.0 188.0
157.0 213.0
250.0 19.0
175.0 9.0
237.0 149.0
207.0 177.0
127.0 169.0
233.0 169.0
8.0 10.0
46.0 205.0
127.0 252.0
127.0 124.0
242.0 173.0
197.0 253.0
238.0 91.0
220.0 113.0
31.0 6.0
70.0 29.0
39.0 243.0
64.0 100.0
139.0 199.0
101.0 185.0
234.0 66.0
59.0 16.0
231.0 207.0
46.0 240.0
211.0 206.0
16.0 49.0
171.0 162.0
246.0 161.0
11.0 87.0
35.0 131.0
45.0 122.0
16.0 162.0
47.0 71.0
51.0 235.0
255.0 45.0
250.0 140.0
225.0 144.0
181.0 89.0
70.0 78.0
181.0 95.0
98.0 250.0
7.0 221.0
21.0 109.0
80.0 196.0
138.0 167.0
158.0 184.0
243.0 106.0
120.0 56.0
71.0 4.0
56.0 69.0
157.0 211.0
189.0 171.0
50.0 31.0
235.0 240.0
102.0 156.0
91.0 76.0
165.0 93.0
72.0 92.0
66.0 151.0
226.0 138.0
37.0 123.0
68.0 28.0
99.0 114.0
132.0 92.0
218.0 251.0
67.0 200.0
88.0 111.0
33.0 187.0
239.0 227.0
22.0 241.0
223.0 140.0
226.0 112.0
156.0 229.0
183.0 14.0
42.0 138.0
229.0 255.0
249.0 210.0
91.0 56.0
200.0 65.0
32.0 231.0
13.0 137.0
252.0 88.0
57.0 205.0
89.0 36.0
11.0 28.0
101.0 212.0
239.0 83.0
178.0 179.0
21.0 112.0
163.0 154.0
255.0 60.0
246.0 202.0
70.0 48.0
240.0 205.0
102.0 47.0
118.0 193.0
240.0 30.0
50.0 213.0
194.0 167.0
203.0 172.0
119.0 175.0
148.0 11.0
231.0 30.0
46.0 215.0
25.0 59.0
35.0 159.0
179.0 192.0
149.0 210.0
117.0 44.0
66.0 121.0
188.0 235.0
125.0 116.0
42.0 242.0
34.0 243.0
96.0 50.0
108.0 72.0
210.0 26.0
55.0 168.0
152.0 200.0
30.0 29.0
98.0 172.0
131.0 73.0
66.0 24.0
126.0 229.0
213.0 50.0
16.0 75.0
252.0 58.0
61.0 207.0
37.0 206.0
7.0 201.0
182.0 192.0
38.0 144.0
169.0 224.0
32.0 49.0
176.0 142.0
42.0 219.0
190.0 252.0
186.0 250.0
33.0 167.0
38.0 107.0
211.0 35.0
27.0 120.0
123.0 106.0
66.0 185.0
155.0 126.0
97.0 119.0
51.0 143.0
65.0 144.0
226.0 104.0
213.0 251.0
49.0 154.0
41.0 89.0
115.0 207.0
190.0 5.0
176.0 21.0
7.0 240.0
112.0 245.0
131.0 10.0
242.0 47.0
23.0 161.0
245.0 157.0
122.0 215.0
70.0 72.0
207.0 97.0
58.0 107.0
243.0 40.0
196.0 194.0
153.0 50.0
158.0 217.0
250.0 56.0
166.0 187.0
38.0 248.0
166.0 109.0
64.0 119.0
43.0 41.0
133.0 80.0
179.0 54.0
183.0 45.0
243.0 176.0
35.0 196.0
130.0 200.0
146.0 250.0
69.0 39.0
13.0 53.0
175.0 162.0
172.0 160.0
102.0 132.0
101.0 133.0
215.0 170.0
100.0 95.0
25.0 155.0
49.0 124.0
200.0 96.0
18.0 174.0
38.0 105.0
14.0 227.0
63.0 35.0
175.0 198.0
248.0 213.0
117.0 235.0
196.0 11.0
85.0 40.0
113.0 98.0
245.0 199.0
51.0 232.0
170.0 30.0
119.0 29.0
201.0 118.0
22.0 248.0
100.0 93.0
17.0 118.0
107.0 236.0
221.0 117.0
149.0 103.0
46.0 135.0
172.0 94.0
26.0 6.0
25.0 54.0
211.0 28.0
191.0 202.0
15.0 38.0
208.0 129.0
42.0 33.0
160.0 209.0
190.0 66.0
242.0 120.0
165.0 247.0
136.0 179.0
74.0 214.0
70.0 253.0
103.0 44.0
204.0 152.0
93.0 73.0
45.0 93.0
134.0 218.0
194.0 35.0
102.0 177.0
243.0 110.0
142.0 191.0
243.0 19.0
173.0 132.0
200.0 82.0
7.0 220.0
122.0 101.0
40.0 25.0
217.0 160.0
246.0 164.0
153.0 114.0
58.0 228.0
65.0 13.0
213.0 234.0
130.0 124.0
55.0 243.0
14.0 128.0
249.0 85.0
104.0 70.0
215.0 193.0
22.0 210.0
196.0 115.0
143.0 44.0
92.0 87.0
252.0 226.0
93.0 103.0
228.0 40.0
154.0 247.0
225.0 36.0
205.0 83.0
118.0 96.0
227.0 12.0
66.0 195.0
32.0 26.0
94.0 186.0
195.0 92.0
153.0 74.0
127.0 25.0
184.0 206.0
109.0 197.0
66.0 163.0
135.0 38.0
8.0 247.0
53.0 80.0
231.0 168.0
161.0 114.0
98.0 205.0
176.0 96.0
104.0 74.0
95.0 216.0
109.0 160.0
224.0 178.0
23.0 228.0
28.0 231.0
239.0 113.0
225.0 78.0
132.0 153.0
112.0 113.0
42.0 238.0
201.0 13.0
215.0 124.0
17.0 202.0
200.0 229.0
12.0 109.0
89.0 212.0
82.0 158.0
190.0 174.0
239.0 219.0
174.0 134.0
72.0 106.0
160.0 31.0
186.0 28.0
114.0 9.0
103.0 111.0
204.0 102.0
183.0 87.0
75.0 216.0
202.0 137.0
90.0 146.0
14.0 86.0
91.0 153.0
32.0 82.0
126.0 211.0
117.0 60.0
84.0 72.0
216.0 34.0
12.0 125.0
196.0 103.0
211.0 97.0
125.0 119.0
41.0 192.0
70.0 252.0
94.0 45.0
238.0 62.0
69.0 40.0
212.0 141.0
148.0 186.0
221.0 95.0
63.0 219.0
24.0 53.0
43.0 64.0
70.0 73.0
168.0 134.0
18.0 18.0
6.0 247.0
241.0 181.0
126.0 22.0
15.0 43.0
24.0 151.0
86.0 116.0
176.0 29.0
7.0 129.0
107.0 26.0
16.0 99.0
90.0 13.0
9.0 207.0
229.0 18.0
227.0 116.0
176.0 18.0
82.0 68.0
74.0 159.0
155.0 226.0
160.0 202.0
117.0 235.0
194.0 175.0
7.0 113.0
45.0 154.0
7.0 76.0
236.0 220.0
238.0 214.0
105.0 212.0
110.0 103.0
88.0 163.0
132.0 65.0
92.0 143.0
83.0 37.0
85.0 78.0
71.0 226.0
69.0 82.0
7.0 9.0
114.0 33.0
152.0 205.0
247.0 72.0
140.0 67.0
63.0 62.0
250.0 182.0
161.0 135.0
210.0 67.0
163.0 200.0
177.0 231.0
90.0 178.0
81.0 114.0
147.0 203.0
41.0 110.0
120.0 176.0
214.0 121.0
79.0 70.0
175.0 36.0
152.0 200.0
249.0 183.0
243.0 12.0
64.0 33.0
60.0 222.0
128.0 77.0
204.0 229.0
55.0 10.0
67.0 18.0
101.0 61.0
162.0 102.0
58.0 176.0
250.0 78.0
6.0 65.0
7.0 225.0
80.0 164.0
18.0 133.0
196.0 156.0
145.0 98.0
192.0 247.0
223.0 195.0
234.0 173.0
18.0 139.0
102.0 41.0
241.0 191.0
243.0 120.0
187.0 125.0
180.0 12.0
187.0 120.0
249.0 226.0
61.0 210.0
72.0 224.0
105.0 67.0
214.0 34.0
211.0 97.0
247.0 184.0
19.0 227.0
43.0 135.0
76.0 52.0
159.0 122.0
247.0 32.0
21.0 180.0
15.0 73.0
105.0 147.0
46.0 42.0
253.0 61.0
233.0 153.0
155.0 94.0
19.0 203.0
255.0 93.0
57.0 183.0
45.0 218.0
143.0 102.0
59.0 134.0
111.0 212.0
180.0 121.0
250.0 87.0
229.0 199.0
43.0 104.0
44.0 233.0
169.0 151.0
127.0 250.0
202.0 21.0
239.0 50.0
67.0 165.0
97.0 253.0
78.0 100.0
214.0 185.0
185.0 129.0
144.0 153.0
213.0 167.0
61.0 144.0
37.0 38.0
29.0 102.0
124.0 149.0
54.0 193.0
248.0 237.0
132.0 113.0
186.0 44.0
247.0 195.0
109.0 158.0
196.0 242.0
38.0 79.0
23.0 21.0
13.0 57.0
107.0 144.0
186.0 174.0
9.0 201.0
124.0 102.0
65.0 207.0
153.0 82.0
158.0 147.0
159.0 237.0
25.0 35.0
46.0 106.0
197.0 108.0
151.0 150.0
24.0 8.0
185.0 238.0
15.0 184.0
106.0 240.0
55.0 205.0
163.0 110.0
143.0 110.0
105.0 209.0
51.0 139.0
189.0 131.0
182.0 65.0
69.0 150.0
166.0 114.0
131.0 187.0
76.0 15.0
212.0 12.0
195.0 140.0
94.0 12.0
84.0 80.0
158.0 51.0
7.0 229.0
175.0 146.0
89.0 172.0
6.0 161.0
135.0 236.0
37.0 39.0
116.0 192.0
41.0 203.0
125.0 78.0
136.0 250.0
179.0 207.0
162.0 203.0
39.0 20.0
21.0 61.0
84.0 205.0
185.0 44.0
228.0 79.0
39.0 155.0
84.0 79.0
128.0 45.0
244.0 219.0
118.0 233.0
208.0 201.0
132.0 6.0
22.0 211.0
203.0 178.0
210.0 195.0
79.0 164.0
230.0 251.0
7.0 178.0
188.0 76.0
122.0 122.0
97.0 243.0
183.0 125.0
79.0 83.0
166.0 145.0
184.0 111.0
55.0 228.0
74.0 117.0
243.0 228.0
137.0 8.0
13.0 173.0
140.0 136.0
101.0 5.0
111.0 59.0
224.0 212.0
226.0 145.0
176.0 195.0
196.0 9.0
11.0 75.0
88.0 156.0
42.0 114.0
249.0 138.0
35.0 58.0
43.0 228.0
227.0 250.0
11.0 85.0
151.0 175.0
52.0 231.0
29.0 151.0
70.0 218.0
86.0 228.0
47.0 199.0
183.0 97.0
165.0 122.0
249.0 222.0
45.0 150.0
15.0 131.0
69.0 151.0
152.0 178.0
6.0 242.0
231.0 93.0
36.0 104.0
202.0 26.0
255.0 151.0
171.0 11.0
128.0 201.0
84.0 171.0
119.0 37.0
194.0 5.0
63.0 199.0
52.0 138.0
145.0 220.0
38.0 68.0
202.0 44.0
20.0 126.0
28.0 215.0
60.0 65.0
77.0 178.0
99.0 134.0
114.0 205.0
205.0 141.0
41.0 104.0
162.0 34.0
126.0 133.0
95.0 97.0
203.0 138.0
95.0 173.0
211.0 239.0
95.0 146.0
254.0 162.0
113.0 195.0
192.0 200.0
12.0 190.0
57.0 37.0
229.0 141.0
171.0 236.0
18.0 171.0
157.0 61.0
41.0 12.0
73.0 39.0
196.0 212.0
19.0 44.0
189.0 109.0
26.0 194.0
70.0 119.0
212.0 208.0
123.0 93.0
200.0 175.0
248.0 109.0
68.0 199.0
33.0 81.0
241.0 54.0
69.0 194.0
10.0 148.0
90.0 179.0
139.0 65.0
89.0 31.0
160.0 135.0
121.0 82.0
204.0 126.0
81.0 162.0
65.0 181.0
60.0 110.0
230.0 192.0
130.0 9.0
210.0 124.0
108.0 41.0
6.0 87.0
232.0 205.0
181.0 61.0
177.0 140.0
24.0 185.0
247.0 218.0
87.0 159.0
10.0 245.0
31.0 25.0
101.0 61.0
134.0 10.0
101.0 27.0
34.0 55.0
80.0 22.0
213.0 132.0
60.0 90.0
126.0 57.0
156.0 250.0
145.0 17.0
6.0 210.0
52.0 197.0
129.0 103.0
189.0 50.0
157.0 175.0
68.0 256.0
36.0 105.0
191.0 239.0
197.0 37.0
33.0 230.0
177.0 150.0
17.0 71.0
100.0 175.0
91.0 132.0
107.0 97.0
116.0 175.0
236.0 58.0
29.0 141.0
18.0 91.0
114.0 105.0
151.0 49.0
249.0 204.0
99.0 11.0
52.0 186.0
173.0 146.0
188.0 251.0
6.0 171.0
140.0 226.0
156.0 49.0
62.0 96.0
73.0 143.0
161.0 49.0
65.0 143.0
83.0 219.0
146.0 66.0
143.0 142.0
220.0 46.0
245.0 220.0
151.0 90.0
181.0 103.0
73.0 105.0
78.0 146.0
23.0 64.0
20.0 233.0
211.0 176.0
234.0 15.0
121.0 87.0
42.0 172.0
102.0 104.0
25.0 200.0
25.0 67.0
25.0 159.0
67.0 23.0
49.0 253.0
52.0 156.0
39.0 91.0
22.0 65.0
17.0 91.0
142.0 157.0
116.0 250.0
164.0 148.0
182.0 144.0
246.0 84.0
72.0 11.0
198.0 198.0
198.0 85.0
61.0 203.0
86.0 254.0
247.0 162.0
88.0 30.0
10.0 191.0
190.0 26.0
69.0 232.0
151.0 85.0
93.0 58.0
23.0 107.0
183.0 105.0
210.0 103.0
215.0 173.0
216.0 126.0
62.0 199.0
75.0 31.0
145.0 52.0
78.0 41.0
255.0 158.0
76.0 223.0
193.0 10.0
152.0 198.0
45.0 53.0
58.0 103.0
20.0 56.0
51.0 239.0
48.0 141.0
214.0 24.0
178.0 175.0
189.0 91.0
108.0 69.0
118.0 248.0
13.0 95.0
31.0 61.0
122.0 108.0
111.0 101.0
70.0 173.0
241.0 250.0
157.0 105.0
104.0 12.0
88.0 45.0
101.0 82.0
9.0 219.0
16.0 236.0
12.0 123.0
66.0 154.0
55.0 116.0
121.0 181.0
99.0 116.0
107.0 192.0
24.0 198.0
21.0 207.0
20.0 158.0
185.0 77.0
95.0 31.0
42.0 243.0
85.0 178.0
246.0 251.0
135.0 89.0
231.0 155.0
187.0 157.0
124.0 154.0
26.0 162.0
64.0 163.0
127.0 119.0
199.0 71.0
143.0 94.0
230.0 10.0
180.0 7.0
213.0 253.0
138.0 190.0
106.0 203.0
13.0 40.0
96.0 193.0
173.0 196.0
112.0 224.0
92.0 206.0
198.0 180.0
163.0 207.0
223.0 80.0
218.0 245.0
31.0 252.0
243.0 124.0
94.0 79.0
46.0 10.0
165.0 178.0
246.0 74.0
132.0 174.0
201.0 58.0
144.0 112.0
131.0 105.0
155.0 52.0
165.0 147.0
33.0 242.0
210.0 92.0
9.0 40.0
248.0 186.0
12.0 119.0
48.0 190.0
19.0 240.0
72.0 104.0
95.0 255.0
162.0 228.0
136.0 250.0
152.0 166.0
115.0 120.0
149.0 153.0
190.0 100.0
223.0 212.0
135.0 177.0
127.0 165.0
77.0 34.0
184.0 98.0
91.0 62.0
79.0 173.0
48.0 247.0
33.0 47.0
110.0 51.0
23.0 155.0
187.0 235.0
144.0 217.0
79.0 163.0
96.0 116.0
250.0 80.0
77.0 156.0
124.0 68.0
186.0 193.0
175.0 94.0
203.0 8.0
102.0 126.0
6.0 99.0
214.0 190.0
109.0 78.0
238.0 208.0
205.0 240.0
239.0 65.0
85.0 148.0
33.0 179.0
161.0 133.0
153.0 121.0
125.0 182.0
80.0 163.0
76.0 27.0
249.0 222.0
32.0 244.0
116.0 181.0
8.0 66.0
157.0 159.0
256.0 78.0
16.0 111.0
174.0 151.0
250.0 215.0
106.0 151.0
27.0 19.0
218.0 105.0
122.0 195.0
209.0 83.0
149.0 25.0
9.0 12.0
36.0 40.0
49.0 83.0
45.0 91.0
114.0 139.0
206.0 161.0
38.0 241.0
103.0 52.0
87.0 20.0
21.0 119.0
179.0 71.0
243.0 93.0
170.0 119.0
123.0 15.0
212.0 175.0
149.0 211.0
52.0 162.0
181.0 208.0
143.0 178.0
254.0 115.0
64.0 26.0
241.0 37.0
250.0 234.0
121.0 142.0
152.0 91.0
56.0 88.0
198.0 84.0
108.0 57.0
53.0 112.0
228.0 208.0
167.0 205.0
161.0 176.0
7.0 59.0
68.0 95.0
63.0 206.0
136.0 92.0
152.0 242.0
40.0 118.0
247.0 107.0
15.0 220.0
215.0 140.0
156.0 208.0
96.0 113.0
150.0 215.0
136.0 27.0
202.0 227.0
100.0 12.0
140.0 192.0
238.0 32.0
195.0 184.0
13.0 49.0
238.0 83.0
86.0 21.0
141.0 147.0
61.0 214.0
145.0 31.0
126.0 149.0
