1
2048 1 3.0 0.0 1000.0 3 160 240 100

6.5 13.5 29.3 58.5
13.0 27.0 58.5 117.0
19.5 40.5 87.8 175.5
26.0 54.0 117.0 234.0
39.0 81.0 175.5 351.0
52.0 108.0 234.0 468.0
58.5 121.5 263.3 526.5
65.0 135.0 292.5 585.0
78.0 162.0 351.0 702.0
0.0 180.0 390.0 780.0

2.0 5.0 8.0 11.0
5.0 8.0 11.0 14.0
9.0 12.0 15.0 18.0
11.0 14.0 17.0 20.0
15.0 18.0 21.0 24.0
18.0 21.0 24.0 27.0
20.0 23.0 26.0 29.0
25.0 28.0 31.0 34.0
29.0 32.0 35.0 38.0
0.0 34.0 37.0 40.0

89.0 129.0
140.0 17.0
21.0 188.0
85.0 32.0
148.0 234.0
206.0 244.0
205.0 76.0
78.0 24.0
200.0 179.0
98.0 148.0
128.0 244.0
237.0 18.0
10.0 194.0
38.0 3.0
196.0 182.0
215.0 162.0
168.0 63.0
248.0 221.0
164.0 103.0
184.0 208.0
237.0 214.0
188.0 211.0
187.0 124.0
171.0 58.0
110.0 154.0
154.0 6.0
133.0 111.0
79.0 112.0
191.0 123.0
110.0 248.0
49.0 40.0
243.0 54.0
47.0 83.0
145.0 174.0
146.0 24.0
181.0 193.0
131.0 175.0
158.0 230.0
172.0 109.0
132.0 249.0
221.0 17.0
166.0 168.0
70.0 230.0
31.0 184.0
187.0 219.0
97.0 34.0
13.0 189.0
33.0 234.0
219.0 236.0
197.0 137.0
229.0 40.0
205.0 232.0
140.0 191.0
178.0 145.0
207.0 4.0
37.0 134.0
168.0 34.0
230.0 184.0
179.0 32.0
113.0 93.0
23.0 169.0
20.0 50.0
247.0 152.0
96.0 218.0
235.0 174.0
62.0 177.0
32.0 214.0
128.0 149.0
31.0 233.0
64.0 215.0
215.0 169.0
45.0 63.0
194.0 160.0
153.0 121.0
104.0 248.0
11.0 234.0
239.0 143.0
79.0 105.0
89.0 166.0
199.0 39.0
56.0 70.0
40.0 90.0
123.0 238.0
163.0 16.0
137.0 81.0
239.0 29.0
100.0 14.0
246.0 106.0
4.0 202.0
66.0 229.0
244.0 76.0
179.0 206.0
230.0 201.0
6.0 43.0
158.0 104.0
218.0 163.0
155.0 31.0
175.0 60.0
131.0 105.0
220.0 64.0
197.0 242.0
83.0 167.0
94.0 163.0
12.0 224.0
116.0 231.0
17.0 106.0
102.0 94.0
194.0 227.0
110.0 210.0
168.0 160.0
204.0 133.0
234.0 148.0
119.0 10.0
111.0 76.0
87.0 21.0
4.0 97.0
219.0 111.0
34.0 117.0
116.0 117.0
99.0 181.0
210.0 1.0
78.0 110.0
143.0 174.0
103.0 41.0
53.0 8.0
163.0 115.0
212.0 131.0
142.0 65.0
0.0 224.0
185.0 91.0
36.0 65.0
118.0 157.0
73.0 135.0
194.0 186.0
117.0 171.0
249.0 205.0
234.0 106.0
194.0 20.0
138.0 147.0
29.0 93.0
151.0 70.0
181.0 94.0
249.0 98.0
245.0 155.0
166.0 64.0
37.0 194.0
129.0 108.0
167.0 191.0
98.0 229.0
173.0 170.0
183.0 75.0
43.0 157.0
2.0 151.0
36.0 208.0
21.0 214.0
20.0 183.0
14.0 167.0
96.0 226.0
73.0 76.0
112.0 1.0
152.0 14.0
206.0 16.0
232.0 226.0
104.0 208.0
199.0 190.0
199.0 11.0
140.0 200.0
250.0 192.0
47.0 163.0
100.0 47.0
239.0 116.0
148.0 134.0
121.0 35.0
72.0 247.0
226.0 56.0
175.0 184.0
15.0 58.0
234.0 149.0
24.0 112.0
86.0 199.0
204.0 108.0
213.0 215.0
150.0 201.0
178.0 172.0
223.0 3.0
62.0 77.0
102.0 41.0
118.0 209.0
171.0 37.0
167.0 162.0
141.0 148.0
84.0 202.0
180.0 103.0
19.0 59.0
98.0 242.0
75.0 52.0
209.0 34.0
223.0 15.0
68.0 181.0
30.0 84.0
55.0 35.0
126.0 167.0
138.0 43.0
111.0 21.0
186.0 76.0
178.0 160.0
245.0 240.0
55.0 132.0
48.0 133.0
160.0 0.0
64.0 40.0
188.0 207.0
187.0 140.0
156.0 36.0
40.0 107.0
1.0 201.0
92.0 34.0
130.0 184.0
191.0 204.0
143.0 197.0
112.0 11.0
249.0 31.0
54.0 167.0
226.0 48.0
93.0 133.0
69.0 178.0
150.0 37.0
50.0 83.0
84.0 139.0
210.0 207.0
105.0 221.0
132.0 247.0
8.0 106.0
142.0 150.0
24.0 49.0
160.0 45.0
170.0 71.0
218.0 74.0
30.0 120.0
3.0 177.0
214.0 245.0
62.0 162.0
56.0 42.0
143.0 231.0
170.0 191.0
202.0 179.0
47.0 206.0
160.0 60.0
204.0 99.0
68.0 164.0
171.0 210.0
146.0 215.0
208.0 18.0
223.0 15.0
181.0 65.0
169.0 72.0
88.0 187.0
218.0 56.0
51.0 51.0
163.0 5.0
146.0 74.0
176.0 234.0
249.0 100.0
122.0 8.0
159.0 16.0
246.0 60.0
37.0 89.0
218.0 117.0
53.0 61.0
49.0 173.0
163.0 154.0
226.0 19.0
22.0 165.0
227.0 154.0
78.0 162.0
114.0 221.0
241.0 96.0
247.0 202.0
41.0 209.0
203.0 152.0
32.0 182.0
56.0 71.0
3.0 22.0
234.0 81.0
112.0 21.0
230.0 120.0
131.0 139.0
5.0 208.0
51.0 39.0
242.0 109.0
103.0 243.0
168.0 76.0
65.0 8.0
209.0 126.0
51.0 25.0
91.0 160.0
12.0 156.0
14.0 0.0
23.0 197.0
140.0 21.0
223.0 244.0
157.0 96.0
89.0 38.0
14.0 139.0
46.0 232.0
233.0 98.0
220.0 89.0
8.0 58.0
212.0 166.0
133.0 173.0
62.0 131.0
76.0 221.0
173.0 145.0
127.0 125.0
230.0 60.0
71.0 104.0
10.0 16.0
170.0 174.0
246.0 46.0
40.0 42.0
57.0 153.0
83.0 232.0
0.0 93.0
188.0 114.0
107.0 202.0
220.0 52.0
108.0 127.0
155.0 210.0
71.0 170.0
247.0 120.0
33.0 239.0
209.0 159.0
228.0 227.0
167.0 175.0
112.0 204.0
248.0 41.0
174.0 100.0
197.0 224.0
93.0 154.0
226.0 60.0
113.0 180.0
150.0 172.0
77.0 34.0
127.0 100.0
101.0 228.0
168.0 213.0
223.0 199.0
126.0 92.0
121.0 35.0
200.0 80.0
104.0 57.0
39.0 62.0
120.0 184.0
97.0 50.0
79.0 98.0
213.0 246.0
130.0 17.0
188.0 64.0
64.0 213.0
203.0 128.0
93.0 207.0
229.0 108.0
71.0 163.0
141.0 53.0
19.0 30.0
84.0 195.0
146.0 73.0
145.0 7.0
108.0 236.0
28.0 114.0
71.0 84.0
161.0 223.0
196.0 142.0
33.0 39.0
222.0 30.0
102.0 210.0
167.0 50.0
166.0 140.0
182.0 21.0
172.0 96.0
195.0 145.0
239.0 64.0
20.0 54.0
234.0 158.0
191.0 227.0
57.0 165.0
67.0 24.0
103.0 154.0
89.0 162.0
167.0 104.0
112.0 15.0
152.0 100.0
84.0 168.0
216.0 197.0
96.0 248.0
84.0 97.0
209.0 77.0
50.0 136.0
217.0 53.0
9.0 97.0
113.0 177.0
175.0 206.0
49.0 246.0
199.0 229.0
179.0 26.0
213.0 125.0
58.0 32.0
147.0 61.0
97.0 107.0
214.0 127.0
138.0 65.0
42.0 164.0
16.0 195.0
213.0 175.0
42.0 35.0
64.0 119.0
161.0 70.0
150.0 163.0
86.0 156.0
85.0 80.0
32.0 190.0
31.0 245.0
244.0 188.0
191.0 24.0
53.0 208.0
197.0 160.0
21.0 104.0
114.0 54.0
64.0 207.0
89.0 178.0
211.0 41.0
230.0 145.0
18.0 22.0
127.0 44.0
185.0 155.0
223.0 193.0
5.0 29.0
71.0 43.0
70.0 3.0
57.0 4.0
244.0 24.0
5.0 64.0
199.0 74.0
122.0 87.0
149.0 71.0
57.0 36.0
206.0 105.0
183.0 138.0
111.0 189.0
229.0 107.0
146.0 49.0
6.0 73.0
104.0 2.0
225.0 200.0
250.0 66.0
34.0 13.0
9.0 233.0
135.0 64.0
214.0 172.0
240.0 59.0
12.0 164.0
111.0 199.0
125.0 168.0
38.0 14.0
216.0 187.0
162.0 23.0
157.0 218.0
106.0 161.0
83.0 68.0
180.0 165.0
165.0 206.0
28.0 227.0
87.0 53.0
87.0 6.0
54.0 249.0
104.0 155.0
194.0 192.0
216.0 93.0
34.0 237.0
207.0 59.0
58.0 2.0
62.0 40.0
151.0 25.0
79.0 241.0
45.0 97.0
17.0 66.0
216.0 153.0
169.0 145.0
214.0 154.0
222.0 19.0
247.0 224.0
152.0 116.0
135.0 104.0
158.0 27.0
66.0 56.0
247.0 91.0
163.0 155.0
101.0 146.0
156.0 235.0
214.0 112.0
44.0 35.0
64.0 126.0
173.0 203.0
156.0 9.0
231.0 75.0
109.0 178.0
221.0 248.0
236.0 150.0
30.0 11.0
145.0 116.0
30.0 14.0
213.0 127.0
210.0 117.0
83.0 235.0
147.0 175.0
137.0 248.0
188.0 69.0
246.0 76.0
28.0 132.0
111.0 211.0
179.0 136.0
129.0 174.0
147.0 116.0
219.0 99.0
174.0 92.0
157.0 187.0
2.0 63.0
10.0 43.0
130.0 223.0
52.0 20.0
145.0 151.0
160.0 210.0
238.0 42.0
189.0 71.0
97.0 109.0
184.0 216.0
157.0 101.0
75.0 220.0
47.0 184.0
74.0 101.0
71.0 16.0
54.0 198.0
187.0 131.0
242.0 241.0
212.0 84.0
139.0 196.0
71.0 110.0
132.0 66.0
213.0 112.0
71.0 101.0
119.0 111.0
148.0 217.0
168.0 95.0
3.0 222.0
143.0 32.0
242.0 4.0
28.0 101.0
170.0 152.0
12.0 35.0
66.0 61.0
200.0 3.0
165.0 107.0
99.0 54.0
46.0 50.0
236.0 172.0
221.0 157.0
113.0 86.0
7.0 55.0
224.0 16.0
88.0 190.0
208.0 127.0
228.0 32.0
12.0 231.0
167.0 7.0
232.0 147.0
45.0 198.0
149.0 141.0
244.0 155.0
3.0 208.0
134.0 228.0
143.0 13.0
224.0 145.0
223.0 119.0
93.0 131.0
195.0 201.0
220.0 150.0
170.0 238.0
204.0 196.0
1.0 16.0
140.0 94.0
33.0 55.0
244.0 113.0
21.0 175.0
132.0 222.0
12.0 178.0
221.0 160.0
78.0 233.0
21.0 50.0
72.0 96.0
169.0 71.0
164.0 88.0
108.0 63.0
211.0 102.0
113.0 212.0
82.0 211.0
214.0 32.0
129.0 232.0
87.0 200.0
44.0 219.0
79.0 75.0
163.0 118.0
79.0 70.0
98.0 158.0
9.0 100.0
117.0 116.0
33.0 138.0
26.0 129.0
133.0 235.0
119.0 84.0
18.0 161.0
58.0 128.0
148.0 135.0
117.0 195.0
206.0 195.0
55.0 234.0
182.0 36.0
146.0 147.0
25.0 2.0
24.0 2.0
147.0 179.0
246.0 154.0
115.0 148.0
89.0 208.0
196.0 232.0
141.0 93.0
203.0 156.0
42.0 49.0
185.0 87.0
77.0 171.0
44.0 97.0
109.0 190.0
237.0 146.0
164.0 6.0
25.0 240.0
42.0 31.0
51.0 243.0
131.0 231.0
81.0 135.0
178.0 53.0
73.0 46.0
83.0 247.0
27.0 5.0
68.0 140.0
155.0 94.0
173.0 12.0
204.0 77.0
76.0 238.0
87.0 76.0
28.0 231.0
44.0 220.0
55.0 229.0
103.0 233.0
80.0 72.0
186.0 11.0
235.0 150.0
14.0 7.0
163.0 36.0
24.0 124.0
184.0 119.0
78.0 59.0
9.0 108.0
55.0 145.0
245.0 115.0
228.0 43.0
12.0 59.0
147.0 192.0
35.0 211.0
46.0 239.0
139.0 23.0
123.0 234.0
169.0 155.0
98.0 196.0
110.0 238.0
6.0 204.0
60.0 165.0
11.0 238.0
223.0 53.0
77.0 59.0
173.0 65.0
157.0 222.0
203.0 95.0
104.0 139.0
121.0 137.0
90.0 163.0
193.0 214.0
126.0 221.0
213.0 63.0
80.0 114.0
19.0 79.0
162.0 122.0
84.0 83.0
152.0 160.0
95.0 54.0
220.0 247.0
40.0 247.0
227.0 164.0
103.0 229.0
238.0 188.0
228.0 125.0
12.0 136.0
67.0 223.0
71.0 11.0
19.0 117.0
246.0 89.0
202.0 149.0
161.0 106.0
219.0 223.0
194.0 34.0
147.0 101.0
250.0 215.0
249.0 155.0
244.0 208.0
231.0 45.0
27.0 21.0
142.0 168.0
6.0 179.0
128.0 242.0
78.0 181.0
13.0 225.0
13.0 197.0
35.0 70.0
5.0 150.0
100.0 136.0
173.0 173.0
241.0 128.0
102.0 212.0
25.0 28.0
74.0 143.0
224.0 240.0
209.0 47.0
123.0 46.0
38.0 119.0
137.0 239.0
112.0 7.0
247.0 125.0
32.0 171.0
66.0 154.0
129.0 178.0
139.0 244.0
71.0 147.0
187.0 178.0
235.0 146.0
20.0 16.0
240.0 125.0
190.0 33.0
128.0 58.0
9.0 239.0
195.0 3.0
99.0 121.0
85.0 131.0
250.0 44.0
36.0 68.0
112.0 69.0
0.0 205.0
123.0 5.0
168.0 206.0
89.0 65.0
227.0 246.0
164.0 93.0
26.0 90.0
58.0 84.0
90.0 149.0
63.0 95.0
36.0 10.0
118.0 152.0
206.0 225.0
127.0 118.0
196.0 182.0
113.0 6.0
226.0 7.0
70.0 70.0
141.0 189.0
197.0 42.0
133.0 230.0
16.0 221.0
77.0 168.0
177.0 154.0
214.0 126.0
81.0 238.0
197.0 119.0
244.0 113.0
87.0 152.0
164.0 53.0
222.0 206.0
232.0 89.0
149.0 28.0
76.0 204.0
171.0 190.0
13.0 211.0
81.0 212.0
114.0 16.0
2.0 96.0
174.0 22.0
31.0 177.0
237.0 238.0
238.0 17.0
79.0 219.0
89.0 134.0
180.0 39.0
210.0 152.0
208.0 42.0
202.0 51.0
169.0 199.0
37.0 222.0
139.0 189.0
130.0 123.0
80.0 158.0
226.0 136.0
52.0 147.0
87.0 32.0
188.0 23.0
249.0 21.0
125.0 32.0
177.0 162.0
125.0 165.0
249.0 7.0
207.0 100.0
8.0 106.0
163.0 32.0
226.0 130.0
128.0 24.0
115.0 120.0
219.0 61.0
89.0 232.0
39.0 83.0
47.0 127.0
178.0 42.0
198.0 233.0
137.0 124.0
20.0 166.0
182.0 83.0
20.0 154.0
172.0 177.0
235.0 139.0
3.0 40.0
27.0 7.0
88.0 104.0
1.0 4.0
121.0 32.0
200.0 182.0
194.0 144.0
42.0 19.0
132.0 178.0
34.0 213.0
226.0 242.0
96.0 170.0
124.0 171.0
148.0 33.0
177.0 28.0
192.0 172.0
124.0 71.0
137.0 104.0
31.0 76.0
238.0 133.0
12.0 185.0
38.0 47.0
7.0 66.0
25.0 49.0
15.0 166.0
41.0 137.0
207.0 222.0
36.0 217.0
158.0 199.0
53.0 55.0
28.0 161.0
186.0 219.0
45.0 161.0
11.0 1.0
227.0 7.0
107.0 84.0
108.0 111.0
53.0 66.0
249.0 171.0
118.0 9.0
181.0 4.0
184.0 213.0
204.0 155.0
234.0 24.0
31.0 241.0
53.0 15.0
113.0 6.0
120.0 202.0
227.0 188.0
214.0 14.0
55.0 50.0
76.0 67.0
215.0 35.0
17.0 72.0
76.0 36.0
217.0 53.0
224.0 119.0
216.0 94.0
250.0 48.0
195.0 149.0
133.0 89.0
212.0 11.0
5.0 73.0
96.0 111.0
173.0 41.0
25.0 113.0
103.0 107.0
147.0 94.0
78.0 233.0
127.0 152.0
129.0 150.0
94.0 111.0
77.0 28.0
25.0 46.0
139.0 237.0
133.0 159.0
94.0 171.0
198.0 101.0
63.0 123.0
16.0 170.0
27.0 33.0
31.0 85.0
19.0 244.0
213.0 138.0
238.0 196.0
106.0 66.0
136.0 81.0
247.0 55.0
121.0 5.0
239.0 107.0
27.0 56.0
81.0 37.0
138.0 209.0
128.0 223.0
35.0 74.0
186.0 3.0
178.0 66.0
238.0 198.0
119.0 102.0
156.0 48.0
128.0 47.0
55.0 157.0
14.0 143.0
248.0 113.0
29.0 246.0
79.0 2.0
36.0 249.0
233.0 101.0
184.0 137.0
173.0 105.0
157.0 174.0
163.0 45.0
109.0 43.0
166.0 116.0
229.0 65.0
198.0 214.0
180.0 198.0
54.0 18.0
218.0 55.0
103.0 31.0
121.0 28.0
203.0 61.0
99.0 131.0
53.0 168.0
200.0 15.0
160.0 183.0
7.0 156.0
111.0 206.0
3.0 33.0
204.0 60.0
43.0 174.0
7.0 232.0
171.0 21.0
12.0 155.0
98.0 109.0
97.0 239.0
216.0 129.0
66.0 129.0
70.0 6.0
124.0 215.0
50.0 193.0
170.0 10.0
103.0 161.0
148.0 39.0
90.0 186.0
209.0 228.0
223.0 36.0
41.0 66.0
79.0 9.0
23.0 149.0
245.0 82.0
147.0 14.0
233.0 236.0
18.0 231.0
71.0 80.0
246.0 46.0
100.0 221.0
144.0 175.0
10.0 143.0
203.0 150.0
2.0 148.0
110.0 202.0
1.0 245.0
159.0 211.0
182.0 188.0
211.0 74.0
96.0 150.0
153.0 145.0
40.0 117.0
154.0 237.0
92.0 122.0
44.0 205.0
66.0 20.0
232.0 214.0
187.0 41.0
114.0 113.0
121.0 219.0
8.0 117.0
29.0 41.0
215.0 113.0
162.0 37.0
90.0 157.0
33.0 53.0
104.0 95.0
60.0 25.0
168.0 25.0
98.0 135.0
66.0 139.0
119.0 40.0
146.0 26.0
92.0 189.0
228.0 135.0
184.0 26.0
27.0 74.0
232.0 225.0
161.0 76.0
202.0 145.0
157.0 196.0
237.0 10.0
172.0 168.0
119.0 123.0
203.0 147.0
125.0 11.0
134.0 113.0
234.0 178.0
8.0 35.0
28.0 230.0
8.0 220.0
134.0 180.0
170.0 53.0
157.0 75.0
153.0 180.0
94.0 132.0
249.0 220.0
38.0 130.0
70.0 171.0
51.0 138.0
207.0 240.0
134.0 203.0
197.0 126.0
41.0 190.0
206.0 105.0
1.0 31.0
131.0 82.0
219.0 192.0
162.0 77.0
81.0 10.0
147.0 195.0
84.0 57.0
144.0 158.0
17.0 79.0
151.0 79.0
45.0 32.0
25.0 192.0
114.0 135.0
183.0 72.0
180.0 106.0
246.0 206.0
70.0 97.0
88.0 60.0
95.0 141.0
61.0 127.0
105.0 249.0
3.0 242.0
229.0 86.0
159.0 247.0
109.0 242.0
10.0 199.0
250.0 164.0
12.0 56.0
180.0 118.0
97.0 154.0
149.0 143.0
97.0 73.0
194.0 235.0
38.0 32.0
180.0 81.0
104.0 58.0
10.0 233.0
87.0 211.0
246.0 154.0
6.0 203.0
200.0 140.0
84.0 84.0
126.0 202.0
124.0 214.0
178.0 10.0
128.0 52.0
158.0 120.0
49.0 128.0
89.0 219.0
162.0 78.0
1.0 211.0
58.0 7.0
105.0 34.0
122.0 173.0
111.0 129.0
142.0 127.0
236.0 89.0
6.0 195.0
45.0 40.0
30.0 40.0
35.0 136.0
247.0 83.0
229.0 122.0
64.0 134.0
78.0 201.0
8.0 147.0
50.0 36.0
75.0 63.0
85.0 18.0
40.0 45.0
167.0 229.0
120.0 176.0
67.0 120.0
206.0 68.0
143.0 210.0
204.0 66.0
110.0 198.0
58.0 115.0
48.0 164.0
123.0 119.0
191.0 129.0
98.0 216.0
133.0 32.0
43.0 181.0
126.0 14.0
83.0 2.0
220.0 183.0
189.0 226.0
53.0 138.0
10.0 229.0
170.0 49.0
32.0 146.0
47.0 191.0
153.0 235.0
67.0 105.0
84.0 33.0
17.0 158.0
28.0 209.0
220.0 61.0
184.0 89.0
238.0 223.0
153.0 144.0
142.0 145.0
149.0 31.0
164.0 89.0
245.0 103.0
95.0 109.0
162.0 116.0
125.0 65.0
211.0 159.0
105.0 61.0
27.0 165.0
58.0 66.0
69.0 158.0
53.0 31.0
161.0 212.0
121.0 136.0
168.0 159.0
226.0 111.0
202.0 143.0
83.0 124.0
90.0 182.0
204.0 73.0
108.0 213.0
112.0 141.0
99.0 148.0
201.0 72.0
110.0 57.0
79.0 168.0
18.0 120.0
238.0 67.0
173.0 78.0
9.0 195.0
158.0 234.0
31.0 78.0
51.0 72.0
55.0 12.0
174.0 190.0
203.0 170.0
95.0 237.0
112.0 23.0
225.0 172.0
212.0 12.0
171.0 169.0
206.0 227.0
52.0 86.0
106.0 168.0
64.0 237.0
29.0 210.0
122.0 224.0
239.0 215.0
3.0 204.0
242.0 53.0
184.0 242.0
70.0 88.0
170.0 215.0
172.0 17.0
139.0 74.0
169.0 7.0
74.0 38.0
34.0 123.0
78.0 152.0
58.0 126.0
167.0 173.0
48.0 19.0
125.0 64.0
4.0 21.0
71.0 212.0
71.0 247.0
209.0 15.0
156.0 138.0
44.0 67.0
131.0 38.0
136.0 233.0
127.0 96.0
68.0 200.0
226.0 13.0
83.0 177.0
170.0 189.0
163.0 217.0
27.0 156.0
153.0 180.0
56.0 240.0
75.0 218.0
89.0 200.0
99.0 154.0
36.0 169.0
202.0 16.0
220.0 29.0
105.0 229.0
13.0 147.0
134.0 97.0
111.0 247.0
239.0 200.0
43.0 221.0
176.0 213.0
118.0 15.0
211.0 161.0
49.0 30.0
244.0 214.0
60.0 45.0
59.0 196.0
113.0 230.0
249.0 4.0
167.0 123.0
132.0 8.0
234.0 20.0
86.0 245.0
41.0 32.0
1.0 103.0
155.0 124.0
128.0 183.0
23.0 11.0
180.0 162.0
164.0 121.0
68.0 221.0
73.0 105.0
9.0 223.0
217.0 237.0
11.0 110.0
45.0 58.0
101.0 43.0
23.0 231.0
177.0 149.0
239.0 96.0
213.0 26.0
213.0 242.0
93.0 239.0
90.0 245.0
161.0 79.0
213.0 230.0
148.0 201.0
137.0 54.0
177.0 35.0
205.0 135.0
143.0 208.0
127.0 92.0
48.0 2.0
44.0 119.0
195.0 210.0
152.0 100.0
203.0 30.0
3.0 36.0
140.0 245.0
165.0 170.0
85.0 205.0
237.0 231.0
49.0 228.0
36.0 82.0
207.0 59.0
70.0 61.0
223.0 132.0
236.0 164.0
9.0 160.0
242.0 4.0
68.0 150.0
52.0 55.0
143.0 14.0
245.0 239.0
196.0 236.0
197.0 4.0
57.0 149.0
111.0 61.0
150.0 147.0
182.0 62.0
7.0 16.0
32.0 12.0
108.0 97.0
94.0 60.0
122.0 62.0
194.0 107.0
215.0 166.0
140.0 236.0
142.0 122.0
190.0 26.0
137.0 81.0
85.0 143.0
212.0 247.0
140.0 138.0
247.0 238.0
212.0 210.0
104.0 83.0
148.0 5.0
36.0 101.0
178.0 78.0
232.0 188.0
213.0 211.0
148.0 100.0
142.0 93.0
103.0 167.0
225.0 172.0
147.0 143.0
32.0 77.0
67.0 228.0
169.0 26.0
156.0 132.0
93.0 2.0
241.0 56.0
162.0 243.0
224.0 102.0
69.0 190.0
238.0 120.0
197.0 76.0
72.0 101.0
165.0 168.0
74.0 37.0
223.0 225.0
66.0 196.0
149.0 53.0
118.0 127.0
175.0 98.0
59.0 225.0
225.0 88.0
231.0 20.0
101.0 31.0
222.0 172.0
56.0 208.0
200.0 200.0
232.0 102.0
239.0 40.0
50.0 8.0
97.0 112.0
144.0 160.0
243.0 91.0
50.0 237.0
196.0 200.0
128.0 198.0
113.0 91.0
37.0 203.0
60.0 5.0
135.0 185.0
14.0 167.0
231.0 198.0
183.0 199.0
193.0 245.0
45.0 173.0
218.0 79.0
64.0 178.0
141.0 51.0
135.0 167.0
211.0 133.0
69.0 86.0
84.0 58.0
46.0 145.0
93.0 84.0
235.0 156.0
172.0 199.0
120.0 136.0
101.0 139.0
117.0 231.0
95.0 179.0
137.0 54.0
26.0 181.0
62.0 92.0
154.0 232.0
162.0 166.0
65.0 243.0
39.0 224.0
42.0 211.0
10.0 62.0
194.0 135.0
140.0 146.0
212.0 161.0
199.0 242.0
180.0 97.0
142.0 163.0
197.0 213.0
12.0 203.0
116.0 110.0
232.0 193.0
18.0 207.0
57.0 146.0
109.0 232.0
47.0 15.0
45.0 156.0
184.0 185.0
226.0 85.0
134.0 85.0
199.0 164.0
146.0 170.0
94.0 128.0
212.0 33.0
100.0 199.0
119.0 17.0
20.0 74.0
114.0 222.0
61.0 74.0
218.0 148.0
2.0 92.0
24.0 238.0
30.0 19.0
125.0 191.0
14.0 162.0
152.0 193.0
121.0 221.0
197.0 43.0
187.0 202.0
199.0 213.0
101.0 205.0
208.0 183.0
9.0 106.0
3.0 228.0
207.0 179.0
59.0 106.0
168.0 58.0
244.0 210.0
179.0 220.0
116.0 8.0
174.0 246.0
62.0 207.0
115.0 179.0
33.0 87.0
114.0 108.0
238.0 70.0
44.0 171.0
188.0 97.0
191.0 229.0
49.0 238.0
79.0 36.0
111.0 16.0
147.0 20.0
170.0 205.0
23.0 138.0
24.0 226.0
212.0 43.0
9.0 47.0
63.0 134.0
123.0 44.0
200.0 127.0
88.0 138.0
173.0 77.0
219.0 21.0
123.0 120.0
110.0 171.0
97.0 237.0
124.0 96.0
197.0 185.0
64.0 115.0
42.0 21.0
148.0 11.0
129.0 242.0
22.0 230.0
198.0 94.0
87.0 87.0
37.0 188.0
224.0 21.0
229.0 106.0
75.0 4.0
149.0 21.0
98.0 247.0
83.0 122.0
171.0 201.0
146.0 247.0
81.0 115.0
16.0 153.0
68.0 20.0
20.0 182.0
116.0 37.0
206.0 143.0
38.0 231.0
88.0 37.0
194.0 68.0
57.0 60.0
234.0 41.0
15.0 160.0
89.0 157.0
108.0 187.0
245.0 237.0
242.0 47.0
125.0 77.0
130.0 17.0
3.0 67.0
177.0 15.0
137.0 171.0
73.0 106.0
187.0 4.0
37.0 150.0
221.0 29.0
205.0 21.0
239.0 241.0
210.0 156.0
168.0 224.0
100.0 1.0
114.0 77.0
6.0 235.0
199.0 235.0
70.0 211.0
155.0 33.0
188.0 123.0
123.0 178.0
190.0 212.0
198.0 101.0
143.0 146.0
51.0 223.0
24.0 16.0
44.0 237.0
73.0 191.0
34.0 67.0
191.0 119.0
172.0 223.0
83.0 191.0
6.0 96.0
129.0 110.0
68.0 32.0
43.0 27.0
147.0 105.0
206.0 8.0
32.0 59.0
88.0 203.0
58.0 201.0
24.0 183.0
117.0 103.0
143.0 169.0
101.0 16.0
69.0 247.0
41.0 221.0
95.0 181.0
52.0 108.0
57.0 29.0
223.0 76.0
232.0 57.0
174.0 168.0
125.0 25.0
57.0 161.0
81.0 220.0
92.0 160.0
221.0 183.0
43.0 17.0
11.0 134.0
96.0 26.0
81.0 156.0
169.0 74.0
238.0 27.0
247.0 72.0
162.0 140.0
146.0 239.0
97.0 10.0
161.0 163.0
161.0 190.0
143.0 109.0
209.0 231.0
85.0 107.0
241.0 115.0
124.0 176.0
172.0 180.0
166.0 90.0
84.0 95.0
185.0 156.0
140.0 19.0
7.0 55.0
163.0 135.0
3.0 68.0
185.0 68.0
156.0 135.0
90.0 241.0
16.0 181.0
40.0 72.0
150.0 25.0
170.0 179.0
229.0 209.0
124.0 118.0
228.0 154.0
45.0 207.0
3.0 130.0
208.0 78.0
103.0 56.0
41.0 140.0
206.0 2.0
98.0 211.0
155.0 37.0
97.0 140.0
111.0 148.0
221.0 42.0
181.0 34.0
159.0 92.0
151.0 90.0
225.0 138.0
67.0 33.0
147.0 190.0
166.0 106.0
231.0 172.0
16.0 171.0
140.0 127.0
13.0 32.0
96.0 133.0
198.0 144.0
134.0 240.0
172.0 190.0
82.0 68.0
208.0 55.0
21.0 249.0
202.0 56.0
38.0 225.0
192.0 70.0
134.0 215.0
204.0 58.0
231.0 228.0
37.0 3.0
18.0 82.0
131.0 116.0
198.0 150.0
225.0 222.0
17.0 193.0
102.0 55.0
239.0 119.0
245.0 229.0
85.0 141.0
70.0 16.0
186.0 73.0
186.0 53.0
169.0 86.0
234.0 240.0
67.0 50.0
120.0 80.0
50.0 166.0
64.0 94.0
33.0 123.0
174.0 189.0
28.0 122.0
68.0 228.0
192.0 121.0
147.0 75.0
49.0 16.0
165.0 219.0
205.0 247.0
56.0 133.0
180.0 157.0
60.0 96.0
31.0 227.0
229.0 17.0
31.0 130.0
220.0 103.0
191.0 114.0
85.0 27.0
18.0 30.0
100.0 94.0
179.0 121.0
205.0 158.0
77.0 44.0
227.0 167.0
142.0 98.0
87.0 229.0
215.0 245.0
26.0 177.0
207.0 51.0
196.0 182.0
23.0 229.0
6.0 237.0
78.0 55.0
201.0 199.0
9.0 213.0
194.0 98.0
27.0 198.0
2.0 250.0
155.0 232.0
173.0 28.0
159.0 179.0
192.0 201.0
46.0 45.0
117.0 56.0
66.0 182.0
68.0 106.0
210.0 137.0
186.0 216.0
13.0 159.0
68.0 63.0
44.0 178.0
163.0 166.0
4.0 131.0
11.0 247.0
192.0 85.0
200.0 51.0
133.0 156.0
14.0 8.0
12.0 42.0
62.0 237.0
72.0 60.0
209.0 153.0
249.0 109.0
229.0 47.0
82.0 86.0
139.0 35.0
38.0 56.0
237.0 112.0
169.0 62.0
202.0 82.0
118.0 26.0
135.0 228.0
11.0 224.0
29.0 126.0
130.0 176.0
183.0 74.0
32.0 68.0
155.0 178.0
122.0 148.0
160.0 188.0
241.0 108.0
123.0 3.0
132.0 13.0
168.0 58.0
225.0 159.0
138.0 138.0
240.0 53.0
40.0 213.0
156.0 21.0
144.0 210.0
191.0 7.0
247.0 184.0
194.0 199.0
211.0 196.0
234.0 166.0
164.0 215.0
163.0 20.0
91.0 242.0
43.0 169.0
79.0 95.0
122.0 29.0
79.0 164.0
91.0 157.0
61.0 232.0
204.0 41.0
52.0 7.0
112.0 130.0
71.0 110.0
107.0 219.0
55.0 42.0
22.0 149.0
186.0 233.0
94.0 56.0
71.0 77.0
166.0 7.0
67.0 194.0
153.0 137.0
85.0 187.0
32.0 237.0
30.0 246.0
161.0 50.0
82.0 23.0
41.0 83.0
118.0 234.0
214.0 79.0
90.0 40.0
47.0 73.0
33.0 39.0
204.0 53.0
155.0 47.0
175.0 42.0
51.0 129.0
62.0 214.0
115.0 178.0
105.0 11.0
66.0 119.0
9.0 246.0
52.0 185.0
204.0 21.0
105.0 196.0
208.0 83.0
44.0 162.0
105.0 65.0
224.0 42.0
185.0 115.0
98.0 70.0
124.0 230.0
130.0 133.0
143.0 175.0
129.0 213.0
131.0 182.0
178.0 31.0
53.0 179.0
117.0 7.0
10.0 121.0
99.0 51.0
134.0 48.0
73.0 193.0
71.0 70.0
95.0 169.0
106.0 26.0
172.0 109.0
51.0 135.0
179.0 63.0
90.0 31.0
190.0 143.0
66.0 102.0
116.0 139.0
26.0 160.0
125.0 1.0
150.0 0.0
120.0 188.0
237.0 221.0
111.0 149.0
5.0 14.0
149.0 37.0
15.0 166.0
12.0 80.0
78.0 96.0
201.0 68.0
102.0 55.0
67.0 2.0
99.0 185.0
222.0 244.0
189.0 178.0
216.0 92.0
201.0 131.0
244.0 244.0
67.0 191.0
223.0 186.0
2.0 215.0
154.0 110.0
37.0 172.0
224.0 21.0
12.0 133.0
184.0 1.0
230.0 196.0
84.0 171.0
7.0 72.0
31.0 204.0
185.0 62.0
175.0 36.0
227.0 1.0
206.0 17.0
79.0 55.0
206.0 18.0
44.0 52.0
1.0 120.0
230.0 108.0
235.0 7.0
197.0 119.0
195.0 82.0
233.0 238.0
224.0 50.0
1.0 46.0
125.0 101.0
134.0 146.0
30.0 79.0
128.0 32.0
246.0 126.0
237.0 81.0
190.0 80.0
100.0 126.0
50.0 224.0
182.0 120.0
140.0 60.0
117.0 189.0
237.0 62.0
177.0 223.0
228.0 210.0
86.0 193.0
233.0 148.0
244.0 184.0
159.0 122.0
245.0 241.0
215.0 184.0
109.0 121.0
242.0 187.0
232.0 177.0
236.0 173.0
116.0 110.0
61.0 64.0
244.0 158.0
97.0 140.0
38.0 107.0
198.0 69.0
154.0 68.0
81.0 111.0
155.0 14.0
137.0 137.0
210.0 155.0
177.0 205.0
227.0 28.0
212.0 209.0
190.0 243.0
167.0 224.0
241.0 142.0
240.0 183.0
144.0 181.0
202.0 124.0
52.0 179.0
200.0 48.0
90.0 112.0
247.0 219.0
43.0 219.0
92.0 82.0
46.0 224.0
8.0 18.0
183.0 66.0
93.0 224.0
19.0 79.0
226.0 57.0
102.0 110.0
150.0 19.0
75.0 170.0
216.0 96.0
68.0 221.0
113.0 238.0
123.0 60.0
10.0 77.0
224.0 45.0
50.0 59.0
22.0 237.0
247.0 187.0
233.0 80.0
114.0 188.0
158.0 68.0
176.0 182.0
184.0 153.0
89.0 32.0
93.0 208.0
143.0 77.0
147.0 177.0
231.0 62.0
179.0 108.0
201.0 84.0
250.0 63.0
44.0 236.0
4.0 236.0
202.0 168.0
146.0 152.0
97.0 97.0
43.0 136.0
7.0 112.0
9.0 64.0
34.0 199.0
145.0 209.0
180.0 190.0
169.0 64.0
117.0 195.0
228.0 79.0
59.0 92.0
16.0 82.0
209.0 4.0
51.0 177.0
48.0 229.0
59.0 23.0
57.0 154.0
206.0 168.0
40.0 22.0
245.0 212.0
243.0 181.0
182.0 90.0
68.0 72.0
177.0 134.0
200.0 219.0
140.0 85.0
76.0 76.0
110.0 68.0
141.0 149.0
25.0 99.0
178.0 108.0
76.0 1.0
53.0 179.0
131.0 169.0
29.0 161.0
49.0 197.0
109.0 237.0
1.0 176.0
191.0 44.0
237.0 44.0
131.0 45.0
37.0 190.0
104.0 42.0
163.0 51.0
239.0 6.0
187.0 33.0
56.0 184.0
122.0 130.0
41.0 25.0
100.0 179.0
12.0 22.0
176.0 22.0
5.0 137.0
102.0 120.0
182.0 20.0
32.0 14.0
134.0 73.0
139.0 77.0
204.0 196.0
201.0 45.0
66.0 132.0
50.0 170.0
71.0 135.0
40.0 99.0
223.0 242.0

94.0 134.0
145.0 23.0
26.0 193.0
91.0 37.0
154.0 239.0
212.0 250.0
209.0 81.0
83.0 28.0
205.0 184.0
103.0 153.0
133.0 249.0
241.0 23.0
15.0 199.0
43.0 7.0
201.0 187.0
220.0 166.0
174.0 68.0
252.0 226.0
169.0 109.0
190.0 214.0
243.0 219.0
192.0 215.0
191.0 129.0
177.0 62.0
115.0 159.0
160.0 12.0
139.0 117.0
84.0 117.0
197.0 128.0
115.0 252.0
55.0 45.0
248.0 59.0
52.0 88.0
149.0 180.0
151.0 29.0
187.0 197.0
136.0 179.0
162.0 234.0
178.0 113.0
137.0 255.0
225.0 22.0
171.0 174.0
76.0 236.0
37.0 189.0
193.0 225.0
102.0 40.0
18.0 194.0
38.0 239.0
224.0 240.0
202.0 142.0
235.0 45.0
210.0 238.0
146.0 196.0
183.0 149.0
213.0 8.0
41.0 140.0
173.0 38.0
234.0 190.0
185.0 37.0
117.0 98.0
29.0 175.0
24.0 55.0
252.0 157.0
101.0 224.0
240.0 178.0
67.0 182.0
37.0 219.0
132.0 155.0
37.0 238.0
68.0 221.0
220.0 175.0
51.0 67.0
200.0 166.0
157.0 126.0
109.0 252.0
16.0 239.0
244.0 147.0
83.0 110.0
94.0 170.0
204.0 44.0
61.0 75.0
46.0 95.0
127.0 243.0
168.0 22.0
142.0 86.0
244.0 33.0
106.0 20.0
251.0 112.0
9.0 207.0
72.0 234.0
248.0 80.0
184.0 210.0
235.0 206.0
12.0 48.0
164.0 110.0
223.0 167.0
160.0 36.0
179.0 65.0
136.0 110.0
226.0 69.0
203.0 247.0
87.0 173.0
98.0 169.0
18.0 229.0
121.0 236.0
22.0 111.0
108.0 98.0
200.0 233.0
115.0 216.0
173.0 164.0
210.0 139.0
240.0 152.0
123.0 16.0
115.0 82.0
91.0 26.0
9.0 102.0
223.0 115.0
40.0 122.0
121.0 122.0
105.0 187.0
215.0 6.0
83.0 115.0
149.0 178.0
107.0 46.0
58.0 13.0
168.0 120.0
217.0 135.0
148.0 69.0
5.0 229.0
190.0 96.0
40.0 71.0
123.0 162.0
77.0 139.0
198.0 191.0
121.0 175.0
255.0 209.0
239.0 111.0
200.0 25.0
144.0 151.0
35.0 97.0
155.0 76.0
186.0 98.0
255.0 104.0
250.0 160.0
171.0 69.0
42.0 199.0
134.0 114.0
172.0 196.0
104.0 234.0
177.0 176.0
189.0 81.0
47.0 161.0
6.0 156.0
42.0 212.0
27.0 219.0
25.0 188.0
20.0 173.0
101.0 232.0
77.0 82.0
117.0 6.0
158.0 20.0
211.0 20.0
236.0 230.0
109.0 213.0
205.0 194.0
205.0 16.0
145.0 206.0
255.0 198.0
52.0 168.0
104.0 52.0
244.0 122.0
154.0 139.0
126.0 39.0
77.0 252.0
231.0 60.0
181.0 189.0
19.0 63.0
239.0 155.0
29.0 116.0
91.0 204.0
209.0 114.0
218.0 221.0
156.0 206.0
183.0 178.0
227.0 7.0
68.0 83.0
107.0 46.0
123.0 214.0
177.0 43.0
172.0 166.0
145.0 154.0
88.0 207.0
184.0 107.0
24.0 63.0
104.0 247.0
79.0 57.0
214.0 39.0
229.0 19.0
73.0 185.0
35.0 89.0
60.0 40.0
131.0 172.0
144.0 49.0
117.0 26.0
191.0 81.0
184.0 165.0
250.0 245.0
60.0 137.0
54.0 137.0
164.0 4.0
70.0 46.0
193.0 212.0
191.0 145.0
161.0 42.0
44.0 112.0
6.0 206.0
97.0 38.0
135.0 189.0
196.0 209.0
148.0 202.0
116.0 17.0
254.0 35.0
60.0 173.0
232.0 54.0
97.0 137.0
74.0 184.0
156.0 42.0
56.0 87.0
88.0 145.0
215.0 212.0
110.0 225.0
136.0 252.0
12.0 112.0
147.0 155.0
28.0 54.0
165.0 50.0
176.0 76.0
223.0 78.0
35.0 125.0
9.0 182.0
218.0 251.0
67.0 168.0
61.0 46.0
148.0 235.0
175.0 196.0
206.0 184.0
52.0 211.0
165.0 65.0
208.0 104.0
73.0 168.0
176.0 215.0
151.0 219.0
212.0 23.0
229.0 20.0
185.0 71.0
174.0 77.0
93.0 192.0
223.0 61.0
55.0 57.0
168.0 11.0
151.0 79.0
182.0 240.0
254.0 106.0
126.0 13.0
163.0 21.0
251.0 64.0
42.0 94.0
224.0 123.0
58.0 67.0
54.0 178.0
167.0 159.0
231.0 24.0
27.0 171.0
232.0 159.0
82.0 167.0
119.0 225.0
247.0 100.0
252.0 207.0
46.0 213.0
209.0 157.0
37.0 188.0
61.0 76.0
7.0 27.0
240.0 86.0
117.0 27.0
236.0 126.0
135.0 145.0
10.0 213.0
56.0 43.0
246.0 114.0
109.0 248.0
172.0 80.0
70.0 14.0
215.0 132.0
56.0 30.0
96.0 166.0
16.0 161.0
18.0 4.0
28.0 202.0
146.0 26.0
229.0 249.0
161.0 100.0
95.0 43.0
19.0 144.0
51.0 237.0
237.0 104.0
226.0 95.0
13.0 64.0
218.0 171.0
139.0 178.0
67.0 137.0
80.0 225.0
178.0 149.0
132.0 129.0
234.0 64.0
76.0 110.0
15.0 22.0
175.0 178.0
251.0 51.0
45.0 46.0
62.0 158.0
87.0 237.0
6.0 98.0
194.0 118.0
113.0 208.0
226.0 58.0
112.0 133.0
161.0 214.0
77.0 174.0
252.0 126.0
38.0 243.0
214.0 163.0
234.0 232.0
172.0 180.0
116.0 208.0
254.0 46.0
180.0 105.0
203.0 230.0
97.0 160.0
230.0 66.0
117.0 184.0
156.0 177.0
82.0 38.0
131.0 106.0
106.0 232.0
173.0 218.0
228.0 205.0
131.0 97.0
126.0 39.0
205.0 85.0
109.0 62.0
44.0 67.0
124.0 189.0
101.0 55.0
84.0 104.0
217.0 250.0
135.0 21.0
192.0 68.0
68.0 218.0
209.0 133.0
99.0 212.0
233.0 113.0
75.0 167.0
147.0 57.0
23.0 36.0
90.0 201.0
152.0 77.0
151.0 12.0
113.0 241.0
33.0 118.0
77.0 88.0
166.0 227.0
201.0 148.0
38.0 45.0
227.0 34.0
107.0 215.0
173.0 56.0
172.0 145.0
186.0 26.0
177.0 101.0
199.0 150.0
245.0 69.0
26.0 59.0
240.0 164.0
195.0 232.0
61.0 171.0
71.0 30.0
109.0 159.0
94.0 168.0
172.0 108.0
117.0 21.0
157.0 104.0
89.0 174.0
220.0 201.0
102.0 254.0
89.0 102.0
214.0 82.0
56.0 141.0
222.0 59.0
15.0 102.0
117.0 183.0
180.0 210.0
54.0 252.0
204.0 234.0
184.0 30.0
218.0 130.0
64.0 36.0
152.0 65.0
102.0 112.0
219.0 131.0
143.0 71.0
46.0 169.0
21.0 200.0
218.0 180.0
46.0 41.0
68.0 123.0
165.0 74.0
155.0 169.0
92.0 161.0
89.0 84.0
37.0 195.0
36.0 250.0
250.0 192.0
197.0 28.0
59.0 213.0
202.0 164.0
25.0 110.0
119.0 59.0
69.0 211.0
95.0 184.0
215.0 46.0
236.0 150.0
22.0 28.0
132.0 49.0
190.0 160.0
229.0 198.0
10.0 34.0
76.0 47.0
74.0 8.0
62.0 9.0
248.0 30.0
11.0 70.0
204.0 79.0
126.0 92.0
154.0 77.0
62.0 42.0
212.0 110.0
189.0 143.0
117.0 193.0
233.0 113.0
150.0 55.0
11.0 79.0
108.0 7.0
231.0 205.0
256.0 71.0
39.0 17.0
15.0 238.0
140.0 69.0
218.0 177.0
245.0 64.0
17.0 169.0
117.0 205.0
130.0 172.0
43.0 18.0
222.0 191.0
167.0 28.0
162.0 223.0
110.0 166.0
89.0 73.0
184.0 169.0
170.0 210.0
33.0 231.0
92.0 59.0
93.0 11.0
59.0 254.0
110.0 161.0
198.0 196.0
221.0 98.0
38.0 242.0
211.0 63.0
62.0 6.0
68.0 44.0
156.0 30.0
83.0 245.0
51.0 101.0
22.0 70.0
221.0 157.0
173.0 150.0
219.0 159.0
227.0 24.0
252.0 230.0
157.0 121.0
140.0 110.0
162.0 32.0
71.0 61.0
252.0 96.0
169.0 160.0
106.0 152.0
162.0 241.0
219.0 118.0
50.0 40.0
68.0 132.0
178.0 208.0
161.0 14.0
237.0 80.0
114.0 183.0
226.0 254.0
240.0 154.0
34.0 16.0
150.0 120.0
34.0 20.0
219.0 132.0
215.0 122.0
87.0 240.0
151.0 180.0
142.0 253.0
193.0 73.0
252.0 81.0
33.0 137.0
116.0 216.0
183.0 142.0
134.0 179.0
152.0 121.0
225.0 104.0
179.0 97.0
163.0 192.0
8.0 69.0
15.0 48.0
135.0 229.0
57.0 25.0
150.0 156.0
165.0 216.0
243.0 48.0
194.0 75.0
102.0 114.0
189.0 220.0
162.0 106.0
81.0 224.0
53.0 189.0
79.0 107.0
77.0 20.0
59.0 204.0
192.0 135.0
247.0 247.0
218.0 88.0
144.0 202.0
77.0 114.0
136.0 71.0
218.0 117.0
75.0 106.0
123.0 116.0
153.0 221.0
173.0 100.0
8.0 227.0
148.0 37.0
247.0 9.0
34.0 106.0
174.0 156.0
17.0 41.0
71.0 66.0
206.0 7.0
171.0 112.0
103.0 59.0
51.0 55.0
241.0 178.0
226.0 163.0
119.0 92.0
13.0 60.0
229.0 21.0
92.0 194.0
213.0 133.0
233.0 36.0
18.0 236.0
171.0 12.0
237.0 153.0
50.0 202.0
154.0 146.0
248.0 161.0
7.0 213.0
139.0 233.0
148.0 18.0
229.0 150.0
229.0 124.0
97.0 137.0
201.0 205.0
226.0 154.0
174.0 243.0
210.0 201.0
7.0 21.0
145.0 99.0
38.0 60.0
249.0 117.0
27.0 180.0
138.0 227.0
16.0 184.0
226.0 164.0
82.0 237.0
27.0 55.0
78.0 101.0
174.0 76.0
168.0 93.0
113.0 68.0
217.0 108.0
119.0 217.0
88.0 217.0
218.0 36.0
133.0 238.0
92.0 204.0
48.0 224.0
83.0 79.0
169.0 122.0
83.0 75.0
102.0 162.0
14.0 106.0
122.0 121.0
38.0 143.0
30.0 134.0
137.0 240.0
123.0 89.0
22.0 166.0
63.0 133.0
154.0 139.0
123.0 200.0
212.0 199.0
61.0 238.0
187.0 40.0
152.0 153.0
30.0 7.0
30.0 6.0
152.0 184.0
251.0 159.0
120.0 153.0
93.0 212.0
201.0 237.0
145.0 97.0
209.0 161.0
47.0 53.0
189.0 93.0
82.0 176.0
49.0 103.0
115.0 195.0
242.0 151.0
169.0 11.0
30.0 246.0
48.0 37.0
56.0 248.0
136.0 235.0
85.0 139.0
183.0 58.0
78.0 52.0
89.0 252.0
32.0 10.0
73.0 144.0
159.0 98.0
178.0 16.0
209.0 82.0
80.0 244.0
92.0 82.0
33.0 237.0
48.0 225.0
59.0 233.0
107.0 238.0
84.0 76.0
190.0 16.0
241.0 155.0
19.0 12.0
169.0 41.0
29.0 129.0
190.0 124.0
82.0 63.0
13.0 114.0
60.0 151.0
250.0 120.0
234.0 49.0
17.0 63.0
152.0 198.0
40.0 215.0
51.0 243.0
143.0 28.0
129.0 238.0
174.0 159.0
102.0 201.0
114.0 244.0
11.0 209.0
64.0 169.0
16.0 244.0
228.0 57.0
83.0 65.0
179.0 70.0
163.0 227.0
208.0 100.0
109.0 144.0
126.0 142.0
95.0 169.0
199.0 219.0
130.0 226.0
218.0 68.0
84.0 118.0
24.0 84.0
168.0 128.0
90.0 89.0
156.0 166.0
100.0 59.0
226.0 252.0
45.0 251.0
232.0 169.0
109.0 235.0
243.0 193.0
234.0 130.0
17.0 141.0
71.0 228.0
76.0 17.0
24.0 122.0
250.0 94.0
207.0 155.0
167.0 110.0
225.0 228.0
198.0 40.0
153.0 105.0
255.0 219.0
253.0 160.0
250.0 212.0
235.0 51.0
31.0 26.0
146.0 172.0
11.0 183.0
133.0 246.0
83.0 185.0
17.0 229.0
18.0 203.0
40.0 75.0
9.0 155.0
104.0 140.0
177.0 178.0
247.0 134.0
106.0 217.0
30.0 33.0
79.0 148.0
229.0 245.0
214.0 51.0
128.0 52.0
44.0 125.0
142.0 244.0
118.0 12.0
253.0 131.0
37.0 177.0
71.0 159.0
134.0 183.0
144.0 248.0
77.0 152.0
191.0 182.0
241.0 151.0
26.0 22.0
245.0 131.0
194.0 38.0
134.0 64.0
14.0 243.0
201.0 9.0
105.0 127.0
89.0 135.0
255.0 50.0
42.0 72.0
118.0 74.0
5.0 210.0
127.0 11.0
174.0 210.0
93.0 70.0
231.0 251.0
169.0 98.0
31.0 96.0
63.0 90.0
96.0 153.0
67.0 100.0
40.0 16.0
124.0 157.0
211.0 229.0
133.0 123.0
201.0 187.0
117.0 12.0
231.0 13.0
74.0 76.0
147.0 193.0
202.0 48.0
137.0 235.0
21.0 226.0
82.0 173.0
181.0 159.0
218.0 131.0
86.0 244.0
201.0 123.0
250.0 117.0
93.0 158.0
168.0 59.0
227.0 211.0
236.0 95.0
154.0 34.0
80.0 208.0
176.0 194.0
18.0 216.0
86.0 217.0
119.0 22.0
6.0 101.0
179.0 27.0
35.0 181.0
243.0 242.0
243.0 22.0
85.0 223.0
94.0 139.0
185.0 45.0
216.0 157.0
212.0 47.0
207.0 57.0
174.0 203.0
42.0 227.0
145.0 194.0
135.0 128.0
84.0 163.0
231.0 141.0
57.0 153.0
92.0 38.0
194.0 28.0
254.0 26.0
130.0 37.0
182.0 167.0
130.0 171.0
255.0 12.0
212.0 105.0
13.0 112.0
169.0 36.0
230.0 134.0
132.0 28.0
119.0 124.0
223.0 66.0
93.0 237.0
45.0 87.0
51.0 132.0
182.0 47.0
202.0 237.0
142.0 130.0
24.0 171.0
188.0 88.0
26.0 159.0
178.0 181.0
239.0 144.0
9.0 44.0
32.0 13.0
92.0 109.0
6.0 9.0
126.0 37.0
205.0 187.0
199.0 150.0
47.0 24.0
136.0 184.0
38.0 219.0
232.0 247.0
100.0 175.0
129.0 177.0
153.0 37.0
182.0 34.0
197.0 177.0
129.0 77.0
142.0 109.0
36.0 81.0
244.0 139.0
17.0 190.0
43.0 51.0
11.0 71.0
29.0 54.0
20.0 171.0
46.0 142.0
213.0 227.0
41.0 222.0
164.0 205.0
59.0 59.0
33.0 166.0
191.0 223.0
51.0 165.0
16.0 6.0
231.0 12.0
113.0 89.0
113.0 116.0
58.0 71.0
254.0 176.0
122.0 14.0
186.0 9.0
189.0 217.0
210.0 159.0
238.0 29.0
35.0 247.0
57.0 20.0
118.0 10.0
125.0 207.0
232.0 194.0
218.0 19.0
59.0 56.0
82.0 71.0
220.0 41.0
22.0 76.0
81.0 40.0
222.0 59.0
228.0 123.0
221.0 99.0
255.0 53.0
200.0 153.0
138.0 93.0
218.0 16.0
10.0 78.0
102.0 116.0
179.0 46.0
30.0 119.0
107.0 111.0
153.0 99.0
82.0 239.0
133.0 158.0
135.0 154.0
98.0 117.0
82.0 33.0
30.0 52.0
144.0 242.0
138.0 163.0
99.0 177.0
203.0 106.0
67.0 129.0
20.0 175.0
31.0 37.0
35.0 91.0
24.0 249.0
219.0 143.0
243.0 200.0
111.0 70.0
141.0 85.0
251.0 60.0
126.0 10.0
245.0 112.0
31.0 61.0
86.0 41.0
143.0 214.0
134.0 228.0
41.0 78.0
191.0 7.0
182.0 71.0
243.0 203.0
124.0 107.0
160.0 52.0
134.0 52.0
61.0 162.0
20.0 147.0
253.0 118.0
35.0 252.0
85.0 7.0
41.0 253.0
237.0 105.0
190.0 143.0
177.0 111.0
161.0 179.0
167.0 51.0
114.0 47.0
170.0 120.0
234.0 69.0
202.0 219.0
185.0 203.0
59.0 24.0
223.0 59.0
108.0 37.0
126.0 32.0
208.0 66.0
103.0 136.0
58.0 173.0
204.0 19.0
165.0 189.0
12.0 161.0
115.0 211.0
9.0 38.0
209.0 65.0
49.0 178.0
12.0 237.0
175.0 25.0
17.0 161.0
103.0 114.0
103.0 244.0
220.0 135.0
70.0 134.0
74.0 11.0
128.0 221.0
55.0 198.0
175.0 15.0
109.0 166.0
153.0 44.0
96.0 191.0
215.0 232.0
229.0 40.0
46.0 70.0
85.0 14.0
29.0 153.0
249.0 86.0
151.0 18.0
238.0 241.0
24.0 235.0
77.0 85.0
252.0 51.0
105.0 226.0
149.0 179.0
15.0 148.0
208.0 154.0
7.0 152.0
115.0 207.0
6.0 250.0
164.0 216.0
187.0 192.0
217.0 80.0
102.0 155.0
157.0 150.0
46.0 123.0
160.0 243.0
97.0 126.0
49.0 211.0
71.0 25.0
237.0 219.0
193.0 46.0
119.0 118.0
127.0 225.0
12.0 121.0
33.0 47.0
221.0 119.0
166.0 43.0
95.0 162.0
38.0 58.0
110.0 101.0
65.0 30.0
173.0 31.0
104.0 139.0
72.0 144.0
124.0 45.0
151.0 31.0
97.0 195.0
234.0 140.0
189.0 30.0
32.0 79.0
237.0 231.0
165.0 81.0
206.0 149.0
161.0 201.0
242.0 14.0
177.0 174.0
124.0 128.0
207.0 152.0
131.0 16.0
140.0 119.0
239.0 184.0
12.0 39.0
33.0 234.0
13.0 226.0
138.0 186.0
176.0 57.0
161.0 80.0
158.0 186.0
100.0 138.0
255.0 226.0
43.0 134.0
76.0 177.0
56.0 143.0
212.0 245.0
139.0 208.0
202.0 131.0
45.0 195.0
212.0 110.0
7.0 36.0
136.0 86.0
224.0 198.0
167.0 83.0
85.0 15.0
153.0 201.0
88.0 62.0
149.0 163.0
21.0 84.0
156.0 85.0
50.0 36.0
30.0 196.0
118.0 141.0
187.0 76.0
186.0 111.0
251.0 211.0
75.0 103.0
92.0 65.0
100.0 145.0
66.0 132.0
109.0 253.0
8.0 247.0
233.0 91.0
163.0 252.0
115.0 248.0
15.0 205.0
254.0 170.0
17.0 62.0
185.0 122.0
102.0 160.0
155.0 148.0
102.0 78.0
199.0 240.0
44.0 38.0
186.0 85.0
109.0 63.0
15.0 238.0
92.0 217.0
250.0 159.0
10.0 208.0
206.0 146.0
88.0 89.0
132.0 207.0
129.0 219.0
182.0 15.0
134.0 56.0
163.0 125.0
54.0 133.0
94.0 225.0
166.0 82.0
5.0 217.0
64.0 13.0
111.0 38.0
126.0 178.0
117.0 134.0
146.0 132.0
241.0 94.0
11.0 200.0
50.0 45.0
35.0 45.0
41.0 141.0
253.0 88.0
233.0 128.0
69.0 139.0
83.0 206.0
13.0 152.0
55.0 41.0
80.0 67.0
89.0 24.0
45.0 49.0
171.0 235.0
124.0 181.0
73.0 124.0
210.0 73.0
149.0 214.0
210.0 72.0
115.0 203.0
62.0 120.0
54.0 169.0
127.0 124.0
195.0 134.0
103.0 221.0
139.0 38.0
49.0 186.0
130.0 19.0
87.0 7.0
224.0 187.0
193.0 231.0
59.0 142.0
14.0 234.0
175.0 54.0
37.0 152.0
52.0 195.0
159.0 239.0
72.0 110.0
90.0 37.0
22.0 163.0
34.0 215.0
225.0 67.0
190.0 94.0
242.0 228.0
158.0 149.0
146.0 149.0
153.0 37.0
169.0 94.0
251.0 108.0
101.0 114.0
167.0 120.0
130.0 70.0
216.0 164.0
109.0 66.0
32.0 170.0
64.0 71.0
75.0 162.0
57.0 35.0
166.0 217.0
127.0 140.0
173.0 164.0
230.0 115.0
207.0 147.0
87.0 129.0
95.0 187.0
209.0 77.0
112.0 219.0
116.0 147.0
104.0 152.0
206.0 78.0
115.0 62.0
85.0 174.0
23.0 124.0
243.0 72.0
178.0 83.0
14.0 201.0
162.0 239.0
36.0 84.0
57.0 77.0
60.0 18.0
179.0 195.0
207.0 175.0
100.0 241.0
117.0 28.0
230.0 177.0
216.0 16.0
176.0 175.0
211.0 233.0
56.0 91.0
110.0 174.0
70.0 242.0
34.0 214.0
126.0 229.0
244.0 220.0
8.0 209.0
248.0 58.0
189.0 248.0
75.0 94.0
175.0 220.0
178.0 22.0
145.0 78.0
175.0 12.0
79.0 43.0
39.0 128.0
83.0 157.0
63.0 130.0
172.0 179.0
53.0 23.0
131.0 69.0
8.0 26.0
77.0 216.0
76.0 251.0
213.0 21.0
161.0 143.0
50.0 73.0
136.0 43.0
141.0 238.0
132.0 102.0
72.0 205.0
230.0 17.0
89.0 183.0
174.0 194.0
168.0 223.0
32.0 161.0
157.0 186.0
60.0 246.0
79.0 223.0
95.0 205.0
105.0 159.0
40.0 175.0
206.0 21.0
225.0 34.0
109.0 233.0
19.0 152.0
139.0 102.0
117.0 251.0
245.0 206.0
47.0 226.0
182.0 218.0
123.0 21.0
215.0 166.0
54.0 35.0
249.0 219.0
65.0 50.0
63.0 201.0
117.0 235.0
253.0 8.0
173.0 128.0
138.0 14.0
240.0 26.0
92.0 250.0
46.0 36.0
7.0 107.0
160.0 130.0
133.0 188.0
27.0 15.0
185.0 168.0
169.0 127.0
72.0 227.0
78.0 110.0
13.0 228.0
222.0 242.0
17.0 115.0
51.0 63.0
107.0 49.0
28.0 236.0
183.0 154.0
244.0 101.0
219.0 31.0
218.0 247.0
97.0 244.0
95.0 250.0
165.0 83.0
219.0 234.0
154.0 206.0
142.0 58.0
182.0 41.0
210.0 139.0
147.0 212.0
132.0 97.0
52.0 7.0
49.0 125.0
199.0 216.0
157.0 104.0
207.0 35.0
8.0 42.0
146.0 251.0
169.0 174.0
90.0 211.0
243.0 235.0
53.0 232.0
41.0 88.0
212.0 65.0
75.0 66.0
229.0 137.0
240.0 169.0
14.0 166.0
246.0 8.0
74.0 156.0
58.0 61.0
147.0 18.0
251.0 243.0
201.0 241.0
203.0 8.0
62.0 154.0
115.0 65.0
156.0 153.0
186.0 67.0
11.0 22.0
36.0 16.0
114.0 102.0
99.0 66.0
128.0 67.0
199.0 111.0
219.0 170.0
145.0 242.0
148.0 126.0
195.0 32.0
142.0 87.0
89.0 148.0
216.0 251.0
146.0 142.0
252.0 242.0
217.0 216.0
108.0 89.0
154.0 10.0
41.0 105.0
183.0 83.0
238.0 193.0
218.0 216.0
154.0 104.0
147.0 99.0
108.0 172.0
229.0 176.0
152.0 148.0
37.0 82.0
72.0 233.0
173.0 32.0
161.0 136.0
99.0 7.0
246.0 60.0
168.0 248.0
230.0 108.0
73.0 195.0
243.0 125.0
201.0 81.0
77.0 106.0
171.0 173.0
79.0 42.0
229.0 230.0
72.0 200.0
154.0 58.0
123.0 132.0
179.0 102.0
64.0 231.0
231.0 93.0
235.0 25.0
106.0 35.0
227.0 177.0
62.0 213.0
205.0 205.0
237.0 107.0
244.0 46.0
55.0 12.0
102.0 116.0
149.0 166.0
249.0 95.0
56.0 241.0
202.0 204.0
134.0 204.0
118.0 97.0
41.0 209.0
64.0 10.0
139.0 189.0
18.0 171.0
237.0 203.0
189.0 204.0
199.0 250.0
50.0 179.0
223.0 85.0
69.0 182.0
146.0 56.0
140.0 172.0
217.0 137.0
75.0 91.0
89.0 63.0
51.0 149.0
97.0 90.0
241.0 161.0
177.0 204.0
125.0 141.0
106.0 144.0
122.0 236.0
99.0 185.0
142.0 59.0
30.0 185.0
68.0 98.0
159.0 238.0
166.0 171.0
70.0 248.0
45.0 228.0
46.0 217.0
15.0 67.0
199.0 141.0
144.0 150.0
217.0 166.0
204.0 246.0
186.0 101.0
147.0 168.0
203.0 218.0
18.0 207.0
120.0 115.0
236.0 197.0
23.0 212.0
61.0 151.0
115.0 238.0
51.0 21.0
50.0 160.0
189.0 190.0
231.0 90.0
139.0 90.0
204.0 168.0
151.0 175.0
99.0 132.0
218.0 39.0
105.0 203.0
123.0 22.0
26.0 80.0
118.0 226.0
65.0 79.0
223.0 153.0
7.0 97.0
29.0 244.0
35.0 24.0
130.0 196.0
20.0 167.0
156.0 198.0
125.0 227.0
201.0 47.0
192.0 207.0
203.0 217.0
107.0 210.0
213.0 189.0
15.0 112.0
8.0 233.0
211.0 184.0
64.0 110.0
173.0 64.0
249.0 215.0
183.0 224.0
122.0 14.0
178.0 251.0
67.0 212.0
121.0 184.0
39.0 92.0
119.0 114.0
243.0 74.0
49.0 176.0
193.0 103.0
197.0 234.0
54.0 244.0
84.0 42.0
115.0 21.0
152.0 26.0
175.0 210.0
29.0 144.0
29.0 231.0
217.0 49.0
13.0 52.0
67.0 139.0
128.0 49.0
205.0 132.0
94.0 143.0
179.0 82.0
223.0 25.0
128.0 125.0
116.0 176.0
102.0 241.0
130.0 102.0
202.0 189.0
68.0 119.0
46.0 26.0
153.0 17.0
134.0 248.0
27.0 236.0
204.0 98.0
92.0 92.0
41.0 192.0
228.0 26.0
233.0 111.0
80.0 10.0
154.0 26.0
104.0 252.0
88.0 126.0
176.0 206.0
152.0 251.0
87.0 120.0
21.0 159.0
73.0 25.0
25.0 188.0
121.0 41.0
212.0 147.0
43.0 237.0
93.0 43.0
199.0 73.0
61.0 64.0
239.0 46.0
20.0 165.0
95.0 163.0
113.0 191.0
250.0 242.0
247.0 52.0
129.0 82.0
135.0 21.0
7.0 72.0
182.0 20.0
141.0 177.0
79.0 111.0
191.0 9.0
42.0 156.0
225.0 35.0
209.0 25.0
245.0 246.0
215.0 161.0
173.0 230.0
105.0 5.0
120.0 82.0
11.0 241.0
204.0 240.0
75.0 215.0
159.0 37.0
193.0 129.0
128.0 183.0
194.0 217.0
203.0 107.0
148.0 151.0
55.0 228.0
28.0 22.0
50.0 242.0
79.0 197.0
40.0 72.0
197.0 123.0
177.0 228.0
88.0 197.0
12.0 101.0
133.0 114.0
74.0 37.0
49.0 32.0
152.0 110.0
211.0 13.0
38.0 64.0
92.0 209.0
63.0 206.0
29.0 187.0
121.0 107.0
147.0 174.0
106.0 21.0
74.0 252.0
46.0 226.0
99.0 186.0
56.0 113.0
62.0 34.0
227.0 82.0
237.0 63.0
178.0 173.0
129.0 30.0
62.0 165.0
86.0 225.0
96.0 165.0
227.0 189.0
49.0 22.0
17.0 139.0
101.0 31.0
87.0 161.0
173.0 79.0
244.0 33.0
252.0 78.0
167.0 145.0
150.0 244.0
103.0 14.0
165.0 167.0
166.0 195.0
149.0 114.0
214.0 236.0
90.0 113.0
247.0 120.0
129.0 180.0
176.0 185.0
171.0 96.0
89.0 100.0
189.0 161.0
146.0 24.0
12.0 60.0
168.0 139.0
8.0 74.0
190.0 74.0
161.0 140.0
95.0 245.0
20.0 187.0
45.0 78.0
155.0 31.0
175.0 184.0
234.0 215.0
128.0 123.0
233.0 158.0
50.0 212.0
7.0 134.0
214.0 82.0
108.0 62.0
46.0 144.0
210.0 7.0
104.0 217.0
159.0 42.0
103.0 145.0
116.0 154.0
225.0 48.0
186.0 40.0
164.0 97.0
156.0 95.0
230.0 143.0
72.0 38.0
151.0 195.0
171.0 112.0
237.0 176.0
20.0 177.0
144.0 132.0
18.0 37.0
100.0 139.0
204.0 149.0
138.0 245.0
178.0 194.0
87.0 73.0
213.0 60.0
26.0 254.0
206.0 60.0
44.0 230.0
196.0 75.0
139.0 221.0
208.0 62.0
235.0 232.0
42.0 9.0
22.0 87.0
136.0 120.0
204.0 155.0
230.0 227.0
23.0 198.0
106.0 60.0
244.0 124.0
249.0 234.0
91.0 146.0
76.0 22.0
191.0 79.0
192.0 58.0
173.0 91.0
240.0 246.0
72.0 55.0
125.0 86.0
55.0 172.0
70.0 98.0
38.0 129.0
179.0 193.0
33.0 127.0
73.0 233.0
198.0 126.0
151.0 79.0
54.0 22.0
171.0 224.0
210.0 253.0
61.0 139.0
185.0 163.0
65.0 101.0
37.0 232.0
234.0 22.0
36.0 135.0
226.0 108.0
195.0 119.0
90.0 32.0
23.0 36.0
105.0 98.0
185.0 127.0
210.0 163.0
81.0 49.0
232.0 173.0
148.0 103.0
91.0 233.0
220.0 250.0
32.0 182.0
212.0 56.0
200.0 187.0
27.0 235.0
11.0 242.0
83.0 59.0
207.0 203.0
14.0 218.0
199.0 104.0
33.0 203.0
7.0 254.0
161.0 236.0
179.0 34.0
164.0 184.0
198.0 206.0
52.0 51.0
122.0 61.0
71.0 187.0
74.0 111.0
215.0 142.0
190.0 220.0
18.0 164.0
74.0 67.0
50.0 183.0
168.0 171.0
9.0 136.0
16.0 251.0
198.0 90.0
205.0 56.0
139.0 161.0
20.0 13.0
17.0 48.0
68.0 241.0
76.0 66.0
214.0 157.0
253.0 115.0
233.0 53.0
87.0 92.0
144.0 39.0
43.0 61.0
243.0 117.0
173.0 68.0
206.0 87.0
123.0 31.0
139.0 233.0
15.0 229.0
33.0 132.0
135.0 180.0
187.0 80.0
37.0 73.0
160.0 184.0
127.0 152.0
165.0 193.0
246.0 113.0
127.0 9.0
137.0 18.0
173.0 63.0
229.0 165.0
144.0 142.0
246.0 59.0
46.0 218.0
161.0 26.0
148.0 215.0
196.0 11.0
251.0 189.0
200.0 203.0
217.0 202.0
238.0 170.0
170.0 220.0
169.0 26.0
95.0 248.0
49.0 173.0
85.0 101.0
126.0 33.0
85.0 168.0
96.0 161.0
66.0 238.0
209.0 47.0
57.0 11.0
117.0 136.0
75.0 115.0
113.0 224.0
61.0 46.0
26.0 155.0
192.0 238.0
98.0 62.0
75.0 82.0
171.0 13.0
72.0 199.0
159.0 142.0
90.0 193.0
37.0 242.0
35.0 252.0
166.0 55.0
86.0 29.0
45.0 87.0
122.0 239.0
219.0 84.0
95.0 45.0
51.0 78.0
38.0 44.0
210.0 59.0
161.0 52.0
180.0 47.0
55.0 133.0
67.0 219.0
120.0 182.0
111.0 16.0
71.0 124.0
14.0 251.0
57.0 190.0
209.0 26.0
110.0 202.0
213.0 88.0
49.0 168.0
109.0 69.0
230.0 48.0
191.0 120.0
103.0 75.0
129.0 234.0
135.0 139.0
148.0 180.0
135.0 219.0
137.0 187.0
182.0 36.0
58.0 184.0
121.0 12.0
15.0 126.0
105.0 56.0
139.0 54.0
78.0 199.0
76.0 75.0
101.0 173.0
111.0 31.0
177.0 114.0
56.0 140.0
184.0 68.0
95.0 35.0
195.0 149.0
71.0 107.0
121.0 143.0
32.0 165.0
129.0 7.0
155.0 5.0
126.0 192.0
241.0 225.0
115.0 154.0
10.0 19.0
154.0 42.0
20.0 172.0
17.0 84.0
84.0 102.0
205.0 74.0
107.0 60.0
72.0 7.0
104.0 191.0
227.0 248.0
195.0 183.0
221.0 96.0
206.0 136.0
248.0 248.0
73.0 196.0
228.0 192.0
8.0 220.0
159.0 115.0
42.0 176.0
230.0 27.0
16.0 139.0
190.0 5.0
235.0 200.0
88.0 177.0
13.0 77.0
35.0 209.0
191.0 67.0
181.0 40.0
232.0 5.0
210.0 21.0
83.0 59.0
210.0 22.0
48.0 57.0
7.0 124.0
235.0 113.0
241.0 12.0
201.0 124.0
199.0 86.0
239.0 243.0
229.0 55.0
7.0 51.0
131.0 106.0
138.0 151.0
36.0 83.0
132.0 37.0
250.0 131.0
242.0 87.0
195.0 86.0
104.0 131.0
54.0 230.0
187.0 125.0
144.0 65.0
123.0 194.0
242.0 67.0
183.0 227.0
233.0 216.0
91.0 198.0
238.0 153.0
248.0 189.0
165.0 128.0
251.0 246.0
220.0 188.0
113.0 126.0
247.0 193.0
237.0 181.0
241.0 178.0
121.0 115.0
65.0 69.0
248.0 163.0
103.0 146.0
43.0 113.0
203.0 75.0
159.0 72.0
86.0 116.0
160.0 19.0
141.0 143.0
215.0 160.0
183.0 210.0
231.0 32.0
217.0 214.0
195.0 247.0
172.0 228.0
246.0 147.0
245.0 188.0
149.0 186.0
206.0 130.0
57.0 184.0
205.0 53.0
94.0 117.0
253.0 224.0
48.0 224.0
98.0 87.0
50.0 228.0
13.0 23.0
188.0 70.0
98.0 229.0
24.0 83.0
231.0 62.0
106.0 116.0
154.0 25.0
80.0 175.0
221.0 102.0
72.0 225.0
117.0 243.0
127.0 66.0
15.0 83.0
229.0 51.0
55.0 63.0
28.0 242.0
251.0 191.0
238.0 86.0
120.0 193.0
163.0 72.0
181.0 186.0
189.0 157.0
94.0 38.0
99.0 214.0
148.0 81.0
152.0 182.0
237.0 68.0
184.0 112.0
207.0 90.0
255.0 69.0
48.0 240.0
9.0 242.0
207.0 173.0
152.0 157.0
103.0 101.0
47.0 141.0
13.0 117.0
15.0 68.0
38.0 204.0
151.0 213.0
185.0 194.0
174.0 70.0
123.0 199.0
232.0 83.0
64.0 97.0
22.0 86.0
215.0 10.0
57.0 182.0
53.0 234.0
65.0 28.0
61.0 160.0
210.0 173.0
44.0 27.0
250.0 217.0
248.0 187.0
188.0 95.0
73.0 76.0
181.0 139.0
206.0 225.0
146.0 90.0
82.0 81.0
116.0 73.0
145.0 154.0
31.0 104.0
182.0 114.0
81.0 6.0
58.0 183.0
136.0 175.0
35.0 166.0
55.0 201.0
113.0 243.0
6.0 181.0
196.0 50.0
242.0 50.0
137.0 50.0
43.0 195.0
108.0 47.0
168.0 55.0
243.0 10.0
191.0 37.0
61.0 190.0
127.0 134.0
47.0 30.0
105.0 184.0
17.0 27.0
181.0 27.0
10.0 142.0
108.0 125.0
187.0 25.0
38.0 19.0
139.0 78.0
145.0 81.0
208.0 200.0
207.0 50.0
71.0 138.0
55.0 175.0
76.0 141.0
45.0 105.0
228.0 247.0
