1
2048 1 3.0 0.0 1000.0 3 160 240 100

6.5 13.5 29.3 58.5
13.0 27.0 58.5 117.0
19.5 40.5 87.8 175.5
26.0 54.0 117.0 234.0
39.0 81.0 175.5 351.0
52.0 108.0 234.0 468.0
58.5 121.5 263.3 526.5
65.0 135.0 292.5 585.0
78.0 162.0 351.0 702.0
0.0 180.0 390.0 780.0

2.0 5.0 8.0 11.0
5.0 8.0 11.0 14.0
9.0 12.0 15.0 18.0
11.0 14.0 17.0 20.0
15.0 18.0 21.0 24.0
18.0 21.0 24.0 27.0
20.0 23.0 26.0 29.0
25.0 28.0 31.0 34.0
29.0 32.0 35.0 38.0
0.0 34.0 37.0 40.0

140.0 122.0
19.0 107.0
192.0 77.0
74.0 223.0
85.0 85.0
117.0 164.0
60.0 245.0
122.0 44.0
79.0 35.0
36.0 121.0
188.0 170.0
167.0 31.0
195.0 93.0
75.0 140.0
109.0 2.0
65.0 43.0
89.0 93.0
164.0 49.0
207.0 22.0
73.0 84.0
145.0 173.0
99.0 214.0
21.0 77.0
181.0 89.0
77.0 213.0
139.0 155.0
56.0 168.0
133.0 29.0
117.0 234.0
94.0 38.0
1.0 73.0
234.0 189.0
163.0 138.0
22.0 163.0
211.0 112.0
102.0 21.0
2.0 169.0
176.0 66.0
85.0 203.0
204.0 167.0
0.0 207.0
53.0 133.0
218.0 58.0
84.0 53.0
121.0 32.0
189.0 74.0
190.0 168.0
130.0 155.0
152.0 184.0
69.0 146.0
141.0 189.0
26.0 91.0
14.0 25.0
21.0 5.0
224.0 99.0
6.0 130.0
31.0 160.0
232.0 46.0
88.0 21.0
26.0 25.0
31.0 54.0
244.0 123.0
11.0 63.0
1.0 23.0
156.0 8.0
74.0 7.0
38.0 64.0
204.0 184.0
249.0 89.0
62.0 228.0
32.0 128.0
231.0 140.0
212.0 154.0
97.0 150.0
235.0 43.0
132.0 157.0
185.0 94.0
70.0 184.0
224.0 247.0
100.0 140.0
185.0 161.0
198.0 231.0
146.0 185.0
84.0 186.0
87.0 18.0
82.0 13.0
89.0 199.0
204.0 83.0
47.0 123.0
139.0 136.0
229.0 71.0
92.0 112.0
28.0 91.0
11.0 43.0
122.0 94.0
39.0 35.0
13.0 126.0
98.0 192.0
15.0 45.0
64.0 142.0
67.0 195.0
73.0 130.0
51.0 190.0
35.0 235.0
103.0 17.0
18.0 40.0
250.0 187.0
219.0 170.0
221.0 37.0
44.0 182.0
130.0 24.0
137.0 82.0
23.0 235.0
27.0 67.0
103.0 102.0
84.0 170.0
246.0 142.0
85.0 6.0
9.0 104.0
215.0 173.0
108.0 213.0
167.0 158.0
184.0 15.0
48.0 143.0
239.0 150.0
130.0 202.0
155.0 166.0
23.0 165.0
67.0 79.0
186.0 1.0
126.0 187.0
235.0 129.0
42.0 185.0
80.0 139.0
90.0 237.0
225.0 191.0
59.0 185.0
142.0 211.0
228.0 136.0
187.0 37.0
221.0 29.0
68.0 228.0
191.0 23.0
237.0 92.0
62.0 179.0
74.0 19.0
161.0 174.0
106.0 28.0
93.0 114.0
31.0 13.0
53.0 92.0
129.0 213.0
69.0 164.0
226.0 10.0
239.0 5.0
168.0 218.0
77.0 73.0
96.0 78.0
166.0 138.0
85.0 8.0
91.0 144.0
93.0 193.0
247.0 139.0
138.0 191.0
104.0 103.0
26.0 9.0
147.0 41.0
184.0 208.0
221.0 53.0
25.0 117.0
88.0 114.0
54.0 74.0
85.0 145.0
238.0 177.0
48.0 4.0
236.0 59.0
10.0 86.0
145.0 56.0
236.0 29.0
224.0 175.0
199.0 120.0
118.0 74.0
209.0 241.0
185.0 105.0
165.0 92.0
78.0 10.0
9.0 152.0
33.0 182.0
241.0 234.0
162.0 221.0
194.0 234.0
74.0 58.0
45.0 37.0
240.0 12.0
146.0 72.0
62.0 179.0
27.0 91.0
175.0 130.0
17.0 48.0
70.0 204.0
228.0 20.0
200.0 0.0
203.0 177.0
24.0 219.0
118.0 121.0
29.0 87.0
203.0 217.0
53.0 147.0
143.0 110.0
89.0 4.0
10.0 191.0
6.0 212.0
106.0 68.0
237.0 241.0
141.0 180.0
21.0 92.0
6.0 240.0
89.0 142.0
188.0 22.0
28.0 127.0
209.0 43.0
92.0 5.0
17.0 40.0
47.0 212.0
77.0 166.0
214.0 178.0
232.0 172.0
166.0 3.0
182.0 138.0
112.0 26.0
44.0 131.0
65.0 58.0
223.0 236.0
176.0 148.0
152.0 214.0
229.0 28.0
35.0 104.0
53.0 213.0
20.0 147.0
200.0 47.0
47.0 224.0
43.0 43.0
183.0 75.0
11.0 171.0
74.0 90.0
231.0 75.0
185.0 86.0
176.0 4.0
78.0 230.0
227.0 56.0
51.0 136.0
95.0 138.0
243.0 194.0
158.0 127.0
146.0 5.0
27.0 18.0
27.0 130.0
17.0 141.0
57.0 147.0
224.0 131.0
33.0 79.0
245.0 109.0
119.0 85.0
126.0 113.0
98.0 104.0
192.0 139.0
216.0 194.0
232.0 179.0
208.0 148.0
55.0 6.0
223.0 17.0
21.0 228.0
122.0 216.0
186.0 207.0
220.0 240.0
45.0 17.0
86.0 38.0
134.0 148.0
99.0 188.0
88.0 11.0
242.0 60.0
62.0 72.0
200.0 225.0
233.0 46.0
136.0 165.0
141.0 110.0
80.0 189.0
246.0 178.0
169.0 219.0
65.0 84.0
63.0 222.0
132.0 89.0
141.0 95.0
52.0 175.0
180.0 134.0
235.0 179.0
248.0 34.0
215.0 94.0
132.0 167.0
29.0 219.0
165.0 218.0
166.0 119.0
146.0 39.0
199.0 184.0
85.0 190.0
234.0 136.0
104.0 141.0
155.0 149.0
91.0 236.0
181.0 46.0
67.0 13.0
94.0 121.0
238.0 109.0
20.0 175.0
68.0 221.0
244.0 178.0
216.0 219.0
81.0 46.0
52.0 16.0
150.0 41.0
221.0 162.0
190.0 165.0
87.0 141.0
152.0 208.0
161.0 217.0
83.0 159.0
217.0 174.0
147.0 27.0
68.0 184.0
188.0 176.0
91.0 16.0
43.0 67.0
94.0 186.0
147.0 152.0
233.0 161.0
5.0 185.0
214.0 63.0
198.0 73.0
85.0 125.0
131.0 147.0
12.0 230.0
51.0 113.0
193.0 141.0
183.0 184.0
181.0 132.0
126.0 17.0
166.0 18.0
238.0 107.0
91.0 153.0
27.0 105.0
31.0 23.0
147.0 111.0
86.0 129.0
141.0 25.0
104.0 168.0
167.0 132.0
93.0 70.0
210.0 129.0
14.0 28.0
145.0 144.0
205.0 218.0
33.0 90.0
238.0 202.0
133.0 12.0
88.0 87.0
147.0 152.0
41.0 70.0
46.0 31.0
100.0 71.0
126.0 117.0
180.0 184.0
8.0 27.0
240.0 40.0
120.0 205.0
6.0 200.0
240.0 136.0
60.0 13.0
9.0 170.0
86.0 212.0
131.0 150.0
153.0 49.0
38.0 28.0
221.0 108.0
106.0 43.0
106.0 233.0
80.0 34.0
234.0 85.0
175.0 59.0
31.0 127.0
127.0 40.0
155.0 192.0
33.0 230.0
56.0 54.0
149.0 84.0
173.0 22.0
84.0 211.0
148.0 112.0
196.0 118.0
235.0 189.0
17.0 44.0
149.0 14.0
107.0 221.0
172.0 201.0
64.0 233.0
136.0 155.0
212.0 189.0
208.0 118.0
53.0 3.0
244.0 14.0
151.0 121.0
248.0 107.0
144.0 119.0
76.0 22.0
180.0 129.0
63.0 32.0
108.0 144.0
64.0 25.0
85.0 42.0
238.0 191.0
46.0 245.0
166.0 208.0
97.0 234.0
23.0 88.0
142.0 200.0
20.0 111.0
164.0 198.0
199.0 100.0
115.0 195.0
184.0 114.0
211.0 245.0
93.0 179.0
199.0 77.0
82.0 9.0
20.0 195.0
112.0 207.0
70.0 147.0
30.0 38.0
94.0 193.0
173.0 123.0
59.0 150.0
225.0 26.0
138.0 24.0
152.0 213.0
55.0 73.0
66.0 224.0
29.0 47.0
232.0 169.0
200.0 121.0
180.0 248.0
149.0 127.0
17.0 57.0
15.0 7.0
32.0 231.0
207.0 187.0
46.0 65.0
77.0 182.0
248.0 62.0
182.0 14.0
74.0 144.0
125.0 114.0
13.0 104.0
241.0 176.0
1.0 190.0
212.0 6.0
182.0 236.0
36.0 199.0
66.0 124.0
40.0 80.0
224.0 122.0
234.0 105.0
199.0 244.0
92.0 34.0
124.0 66.0
157.0 201.0
127.0 246.0
196.0 66.0
113.0 89.0
172.0 245.0
139.0 5.0
135.0 83.0
112.0 85.0
181.0 99.0
116.0 22.0
187.0 216.0
9.0 208.0
116.0 14.0
204.0 144.0
217.0 20.0
141.0 84.0
36.0 155.0
12.0 191.0
194.0 236.0
107.0 4.0
219.0 5.0
207.0 108.0
12.0 236.0
45.0 194.0
115.0 4.0
119.0 17.0
232.0 28.0
240.0 63.0
43.0 76.0
6.0 61.0
139.0 196.0
186.0 32.0
249.0 142.0
81.0 130.0
207.0 146.0
236.0 86.0
201.0 7.0
183.0 140.0
133.0 43.0
208.0 160.0
5.0 246.0
222.0 191.0
37.0 54.0
73.0 1.0
52.0 212.0
22.0 22.0
217.0 20.0
102.0 106.0
37.0 40.0
180.0 112.0
83.0 202.0
98.0 143.0
213.0 21.0
69.0 56.0
141.0 197.0
83.0 196.0
6.0 229.0
121.0 99.0
149.0 170.0
68.0 240.0
131.0 16.0
240.0 200.0
85.0 20.0
34.0 199.0
56.0 3.0
3.0 244.0
34.0 108.0
242.0 219.0
222.0 193.0
244.0 34.0
125.0 163.0
5.0 38.0
110.0 88.0
161.0 191.0
156.0 7.0
42.0 67.0
67.0 168.0
75.0 73.0
5.0 204.0
34.0 61.0
224.0 125.0
197.0 107.0
234.0 24.0
25.0 10.0
174.0 214.0
58.0 146.0
230.0 97.0
20.0 119.0
1.0 104.0
190.0 222.0
34.0 115.0
169.0 2.0
52.0 98.0
216.0 91.0
215.0 227.0
164.0 218.0
75.0 106.0
210.0 172.0
176.0 240.0
215.0 26.0
95.0 234.0
192.0 13.0
3.0 8.0
228.0 224.0
152.0 121.0
155.0 167.0
3.0 124.0
81.0 211.0
32.0 152.0
234.0 93.0
35.0 56.0
94.0 134.0
112.0 163.0
141.0 209.0
19.0 82.0
85.0 6.0
189.0 23.0
2.0 227.0
247.0 171.0
144.0 160.0
180.0 209.0
210.0 134.0
126.0 160.0
224.0 171.0
59.0 4.0
176.0 213.0
214.0 129.0
203.0 123.0
154.0 195.0
98.0 206.0
191.0 79.0
24.0 80.0
192.0 138.0
129.0 11.0
122.0 43.0
41.0 165.0
198.0 75.0
65.0 31.0
159.0 8.0
201.0 84.0
142.0 71.0
171.0 54.0
36.0 26.0
186.0 15.0
195.0 197.0
41.0 31.0
241.0 128.0
131.0 188.0
226.0 84.0
93.0 135.0
246.0 177.0
57.0 77.0
165.0 231.0
84.0 228.0
156.0 29.0
134.0 41.0
100.0 178.0
31.0 95.0
166.0 126.0
151.0 71.0
246.0 175.0
143.0 95.0
191.0 155.0
71.0 238.0
144.0 232.0
146.0 79.0
48.0 136.0
46.0 246.0
235.0 157.0
143.0 218.0
69.0 71.0
6.0 185.0
162.0 219.0
104.0 106.0
9.0 27.0
220.0 145.0
195.0 61.0
132.0 18.0
136.0 33.0
175.0 25.0
140.0 231.0
129.0 196.0
119.0 155.0
176.0 196.0
116.0 212.0
229.0 38.0
100.0 133.0
20.0 128.0
70.0 74.0
120.0 64.0
55.0 206.0
134.0 101.0
154.0 123.0
150.0 42.0
96.0 243.0
40.0 142.0
91.0 171.0
67.0 128.0
62.0 57.0
34.0 45.0
164.0 54.0
37.0 177.0
50.0 32.0
196.0 110.0
180.0 24.0
49.0 69.0
233.0 187.0
103.0 221.0
61.0 134.0
101.0 195.0
118.0 40.0
134.0 144.0
168.0 248.0
24.0 219.0
96.0 167.0
229.0 160.0
236.0 48.0
79.0 243.0
175.0 64.0
223.0 168.0
61.0 159.0
200.0 1.0
14.0 199.0
156.0 127.0
35.0 31.0
4.0 207.0
129.0 114.0
146.0 216.0
180.0 180.0
203.0 182.0
155.0 226.0
237.0 80.0
48.0 183.0
32.0 128.0
35.0 170.0
64.0 49.0
103.0 51.0
71.0 192.0
10.0 97.0
245.0 190.0
221.0 85.0
93.0 171.0
34.0 10.0
86.0 82.0
181.0 117.0
49.0 6.0
242.0 54.0
9.0 175.0
17.0 238.0
88.0 168.0
95.0 99.0
54.0 122.0
111.0 160.0
205.0 84.0
77.0 21.0
96.0 195.0
149.0 60.0
169.0 209.0
71.0 36.0
139.0 172.0
69.0 59.0
100.0 128.0
29.0 215.0
71.0 61.0
120.0 192.0
59.0 60.0
77.0 71.0
2.0 43.0
162.0 2.0
34.0 147.0
167.0 63.0
59.0 5.0
80.0 128.0
203.0 135.0
161.0 178.0
14.0 34.0
187.0 18.0
88.0 92.0
210.0 183.0
124.0 14.0
241.0 140.0
224.0 28.0
63.0 194.0
44.0 170.0
204.0 64.0
239.0 42.0
177.0 179.0
210.0 225.0
110.0 35.0
188.0 119.0
10.0 18.0
49.0 3.0
175.0 182.0
40.0 215.0
101.0 0.0
146.0 135.0
26.0 208.0
187.0 232.0
95.0 127.0
243.0 228.0
159.0 214.0
98.0 33.0
55.0 105.0
206.0 119.0
21.0 15.0
235.0 105.0
208.0 146.0
60.0 108.0
74.0 80.0
132.0 1.0
242.0 198.0
244.0 15.0
231.0 213.0
223.0 185.0
28.0 242.0
193.0 217.0
22.0 119.0
83.0 153.0
147.0 19.0
130.0 19.0
132.0 202.0
184.0 218.0
86.0 70.0
191.0 240.0
174.0 245.0
39.0 55.0
249.0 206.0
6.0 144.0
77.0 85.0
130.0 168.0
130.0 40.0
117.0 86.0
217.0 159.0
221.0 121.0
50.0 207.0
99.0 242.0
153.0 45.0
195.0 184.0
63.0 137.0
21.0 67.0
117.0 130.0
36.0 246.0
164.0 18.0
103.0 83.0
99.0 23.0
86.0 142.0
184.0 65.0
222.0 137.0
192.0 86.0
187.0 248.0
217.0 225.0
113.0 4.0
34.0 221.0
108.0 240.0
248.0 193.0
159.0 195.0
249.0 19.0
101.0 123.0
62.0 109.0
137.0 119.0
250.0 162.0
243.0 164.0
89.0 69.0
48.0 198.0
29.0 196.0
162.0 110.0
54.0 67.0
155.0 84.0
67.0 55.0
41.0 53.0
46.0 247.0
103.0 86.0
223.0 194.0
15.0 76.0
143.0 92.0
249.0 187.0
249.0 238.0
83.0 48.0
214.0 172.0
72.0 28.0
39.0 236.0
177.0 205.0
22.0 72.0
45.0 237.0
237.0 173.0
242.0 129.0
1.0 135.0
84.0 217.0
95.0 97.0
214.0 5.0
92.0 140.0
213.0 29.0
187.0 2.0
21.0 33.0
247.0 31.0
57.0 240.0
114.0 71.0
225.0 123.0
241.0 96.0
39.0 110.0
77.0 176.0
190.0 228.0
157.0 188.0
171.0 250.0
184.0 247.0
143.0 228.0
178.0 143.0
44.0 113.0
124.0 134.0
1.0 195.0
48.0 2.0
154.0 208.0
82.0 100.0
101.0 203.0
91.0 172.0
184.0 153.0
15.0 51.0
197.0 32.0
154.0 140.0
125.0 188.0
164.0 148.0
103.0 150.0
105.0 128.0
96.0 39.0
195.0 153.0
103.0 110.0
250.0 52.0
6.0 236.0
58.0 165.0
13.0 207.0
62.0 172.0
168.0 37.0
228.0 83.0
11.0 53.0
80.0 46.0
246.0 50.0
176.0 210.0
106.0 176.0
111.0 169.0
164.0 212.0
208.0 89.0
142.0 19.0
109.0 177.0
98.0 219.0
41.0 220.0
179.0 222.0
106.0 227.0
169.0 65.0
243.0 21.0
163.0 53.0
74.0 196.0
226.0 25.0
169.0 160.0
227.0 122.0
75.0 55.0
87.0 249.0
247.0 140.0
19.0 245.0
109.0 63.0
107.0 58.0
20.0 243.0
179.0 85.0
241.0 135.0
211.0 87.0
41.0 241.0
76.0 204.0
176.0 26.0
5.0 142.0
9.0 206.0
201.0 133.0
116.0 199.0
98.0 150.0
25.0 88.0
76.0 100.0
61.0 3.0
6.0 74.0
77.0 151.0
56.0 41.0
149.0 29.0
12.0 163.0
153.0 162.0
159.0 4.0
181.0 36.0
114.0 179.0
79.0 200.0
31.0 94.0
193.0 57.0
176.0 205.0
231.0 217.0
192.0 58.0
206.0 56.0
163.0 172.0
232.0 211.0
171.0 156.0
29.0 39.0
87.0 232.0
17.0 157.0
163.0 190.0
239.0 203.0
35.0 85.0
128.0 54.0
84.0 48.0
208.0 36.0
148.0 161.0
138.0 220.0
140.0 161.0
64.0 218.0
196.0 7.0
52.0 207.0
49.0 238.0
199.0 207.0
102.0 18.0
75.0 221.0
33.0 153.0
205.0 142.0
46.0 136.0
125.0 154.0
196.0 104.0
108.0 167.0
41.0 139.0
200.0 119.0
184.0 188.0
40.0 79.0
73.0 144.0
246.0 105.0
237.0 243.0
199.0 152.0
219.0 200.0
131.0 132.0
6.0 100.0
243.0 23.0
79.0 103.0
110.0 23.0
22.0 107.0
237.0 9.0
181.0 43.0
154.0 177.0
187.0 68.0
21.0 243.0
212.0 225.0
23.0 214.0
149.0 194.0
138.0 232.0
204.0 76.0
196.0 115.0
214.0 221.0
178.0 236.0
64.0 166.0
45.0 234.0
139.0 51.0
184.0 73.0
49.0 227.0
122.0 61.0
203.0 44.0
230.0 238.0
83.0 134.0
186.0 101.0
173.0 94.0
50.0 209.0
27.0 222.0
91.0 7.0
39.0 103.0
94.0 52.0
38.0 76.0
167.0 78.0
144.0 237.0
140.0 226.0
128.0 159.0
216.0 8.0
87.0 84.0
77.0 183.0
62.0 158.0
242.0 8.0
19.0 88.0
244.0 162.0
211.0 163.0
51.0 174.0
209.0 140.0
190.0 39.0
241.0 72.0
87.0 224.0
11.0 197.0
246.0 113.0
7.0 85.0
132.0 237.0
94.0 51.0
12.0 198.0
30.0 152.0
247.0 11.0
72.0 131.0
155.0 154.0
186.0 30.0
77.0 169.0
154.0 202.0
128.0 227.0
221.0 44.0
145.0 136.0
189.0 99.0
193.0 68.0
233.0 190.0
10.0 116.0
229.0 113.0
122.0 73.0
227.0 205.0
160.0 188.0
245.0 149.0
197.0 144.0
140.0 232.0
33.0 149.0
105.0 45.0
137.0 17.0
183.0 195.0
9.0 233.0
202.0 168.0
80.0 28.0
159.0 17.0
28.0 72.0
99.0 157.0
240.0 180.0
101.0 52.0
196.0 30.0
77.0 203.0
113.0 150.0
120.0 112.0
2.0 42.0
197.0 229.0
112.0 104.0
93.0 208.0
26.0 59.0
4.0 93.0
8.0 197.0
52.0 129.0
10.0 8.0
16.0 204.0
39.0 135.0
159.0 239.0
174.0 111.0
88.0 157.0
77.0 165.0
134.0 117.0
135.0 206.0
68.0 29.0
220.0 131.0
28.0 158.0
76.0 192.0
82.0 200.0
187.0 210.0
189.0 21.0
25.0 218.0
97.0 74.0
138.0 215.0
72.0 37.0
122.0 243.0
128.0 84.0
46.0 71.0
4.0 207.0
3.0 96.0
216.0 100.0
245.0 110.0
28.0 177.0
172.0 161.0
52.0 106.0
34.0 48.0
209.0 38.0
234.0 47.0
118.0 48.0
203.0 21.0
26.0 105.0
126.0 147.0
230.0 191.0
111.0 51.0
215.0 26.0
201.0 179.0
94.0 140.0
196.0 85.0
197.0 118.0
62.0 107.0
13.0 143.0
28.0 202.0
218.0 35.0
1.0 60.0
112.0 35.0
47.0 140.0
70.0 155.0
184.0 117.0
212.0 222.0
101.0 7.0
17.0 58.0
197.0 93.0
215.0 58.0
155.0 44.0
56.0 219.0
82.0 201.0
150.0 14.0
57.0 85.0
138.0 44.0
237.0 201.0
224.0 233.0
234.0 65.0
221.0 118.0
56.0 178.0
26.0 130.0
180.0 218.0
28.0 48.0
183.0 69.0
6.0 134.0
129.0 83.0
143.0 18.0
3.0 56.0
87.0 211.0
26.0 199.0
58.0 187.0
3.0 210.0
59.0 44.0
178.0 101.0
64.0 54.0
115.0 7.0
115.0 239.0
201.0 10.0
86.0 161.0
178.0 86.0
153.0 183.0
152.0 73.0
115.0 13.0
138.0 140.0
232.0 178.0
201.0 47.0
88.0 89.0
114.0 40.0
38.0 239.0
245.0 37.0
103.0 69.0
200.0 93.0
7.0 156.0
60.0 168.0
97.0 150.0
130.0 44.0
210.0 221.0
137.0 71.0
102.0 84.0
191.0 191.0
135.0 227.0
68.0 48.0
208.0 45.0
240.0 12.0
245.0 120.0
108.0 52.0
116.0 226.0
217.0 154.0
172.0 186.0
43.0 98.0
141.0 16.0
17.0 171.0
193.0 130.0
227.0 235.0
52.0 147.0
107.0 133.0
87.0 199.0
177.0 200.0
121.0 181.0
4.0 241.0
31.0 188.0
93.0 137.0
3.0 215.0
240.0 47.0
123.0 247.0
180.0 245.0
70.0 176.0
197.0 190.0
188.0 70.0
146.0 240.0
92.0 77.0
178.0 238.0
223.0 129.0
1.0 247.0
106.0 119.0
88.0 39.0
118.0 53.0
35.0 4.0
137.0 11.0
114.0 186.0
16.0 34.0
98.0 4.0
113.0 125.0
14.0 235.0
200.0 141.0
52.0 189.0
120.0 116.0
139.0 39.0
120.0 163.0
32.0 87.0
115.0 143.0
82.0 86.0
193.0 99.0
127.0 0.0
220.0 41.0
56.0 203.0
1.0 182.0
118.0 133.0
223.0 99.0
143.0 10.0
4.0 53.0
137.0 29.0
164.0 42.0
25.0 246.0
152.0 218.0
136.0 195.0
130.0 109.0
87.0 92.0
18.0 151.0
24.0 25.0
131.0 97.0
4.0 115.0
76.0 182.0
111.0 171.0
183.0 243.0
196.0 209.0
246.0 36.0
229.0 215.0
228.0 79.0
18.0 161.0
91.0 148.0
151.0 28.0
9.0 114.0
65.0 211.0
27.0 134.0
190.0 193.0
26.0 250.0
223.0 235.0
188.0 43.0
99.0 101.0
206.0 21.0
76.0 174.0
49.0 3.0
146.0 121.0
150.0 61.0
52.0 88.0
208.0 156.0
245.0 195.0
94.0 156.0
193.0 204.0
179.0 241.0
8.0 244.0
196.0 16.0
154.0 89.0
82.0 205.0
104.0 11.0
35.0 130.0
70.0 64.0
108.0 216.0
43.0 211.0
197.0 100.0
162.0 2.0
125.0 213.0
8.0 119.0
57.0 50.0
212.0 106.0
57.0 97.0
120.0 215.0
161.0 17.0
14.0 78.0
155.0 208.0
2.0 11.0
47.0 169.0
209.0 19.0
46.0 203.0
16.0 194.0
168.0 246.0
89.0 209.0
165.0 218.0
62.0 200.0
4.0 92.0
28.0 137.0
223.0 170.0
39.0 95.0
27.0 149.0
153.0 143.0
59.0 100.0
122.0 146.0
104.0 47.0
117.0 67.0
14.0 166.0
206.0 197.0
249.0 154.0
125.0 14.0
206.0 162.0
160.0 232.0
77.0 221.0
69.0 118.0
70.0 187.0
245.0 248.0
84.0 242.0
148.0 180.0
48.0 107.0
101.0 61.0
151.0 152.0
109.0 49.0
44.0 149.0
147.0 171.0
114.0 247.0
223.0 130.0
30.0 42.0
35.0 64.0
53.0 188.0
129.0 133.0
168.0 51.0
38.0 71.0
162.0 225.0
161.0 199.0
83.0 42.0
235.0 165.0
74.0 10.0
48.0 24.0
149.0 200.0
116.0 63.0
20.0 128.0
92.0 97.0
177.0 29.0
4.0 17.0
199.0 214.0
225.0 196.0
123.0 248.0
140.0 160.0
227.0 43.0
39.0 247.0
183.0 221.0
75.0 42.0
47.0 205.0
193.0 187.0
175.0 38.0
241.0 222.0
169.0 247.0
52.0 193.0
47.0 128.0
71.0 44.0
122.0 158.0
197.0 162.0
171.0 18.0
44.0 223.0
237.0 68.0
162.0 63.0
26.0 128.0
37.0 120.0
134.0 37.0
51.0 33.0
152.0 214.0
98.0 70.0
50.0 64.0
134.0 99.0
246.0 92.0
25.0 149.0
120.0 180.0
58.0 145.0
37.0 16.0
121.0 247.0
240.0 13.0
49.0 248.0
52.0 79.0
248.0 81.0
141.0 191.0
232.0 21.0
147.0 27.0
61.0 11.0
46.0 213.0
183.0 65.0
194.0 89.0
43.0 47.0
33.0 155.0
99.0 177.0
31.0 224.0
214.0 159.0
229.0 99.0
208.0 178.0
60.0 134.0
148.0 27.0
220.0 149.0
44.0 237.0
115.0 185.0
159.0 99.0
36.0 166.0
206.0 69.0
226.0 113.0
42.0 81.0
97.0 87.0
236.0 125.0
153.0 121.0
248.0 241.0
242.0 215.0
237.0 163.0
67.0 12.0
95.0 144.0
216.0 104.0
101.0 58.0
250.0 226.0
172.0 198.0
242.0 148.0
230.0 236.0
188.0 151.0
32.0 133.0
44.0 23.0
117.0 107.0
191.0 90.0
74.0 45.0
212.0 86.0
176.0 121.0
154.0 7.0
212.0 116.0
23.0 122.0
170.0 68.0
86.0 172.0
237.0 150.0
84.0 48.0
146.0 250.0
44.0 92.0
215.0 42.0
203.0 218.0
219.0 151.0
76.0 87.0
75.0 57.0
73.0 185.0
108.0 233.0
67.0 149.0
242.0 38.0
181.0 61.0
26.0 221.0
102.0 203.0
196.0 187.0
33.0 87.0
67.0 19.0
228.0 150.0
86.0 14.0
103.0 47.0
201.0 114.0
233.0 55.0
17.0 107.0
107.0 146.0
12.0 109.0
73.0 121.0
148.0 82.0
232.0 232.0
51.0 3.0
67.0 65.0
201.0 96.0
207.0 231.0
176.0 87.0
239.0 18.0
37.0 39.0
74.0 172.0
5.0 92.0
180.0 83.0
150.0 40.0
45.0 181.0
113.0 207.0
60.0 171.0
214.0 159.0
70.0 63.0
87.0 101.0
150.0 234.0
62.0 130.0
230.0 103.0
79.0 51.0
250.0 38.0
210.0 52.0
98.0 203.0
211.0 87.0
133.0 78.0
57.0 125.0
175.0 240.0
234.0 242.0
135.0 26.0
149.0 83.0
40.0 12.0
37.0 60.0
13.0 84.0
102.0 178.0
75.0 148.0
154.0 223.0
206.0 115.0
92.0 102.0
160.0 114.0
134.0 171.0
105.0 171.0
12.0 222.0
187.0 181.0
150.0 100.0
230.0 57.0
185.0 239.0
44.0 235.0
216.0 205.0
171.0 49.0
5.0 172.0
176.0 49.0
157.0 44.0
176.0 128.0
124.0 12.0
103.0 157.0
178.0 147.0
8.0 136.0
74.0 191.0
27.0 178.0
183.0 6.0
201.0 195.0
182.0 242.0
139.0 245.0
204.0 49.0
85.0 33.0
170.0 8.0
17.0 139.0
69.0 249.0
204.0 97.0
48.0 42.0
225.0 25.0
186.0 218.0
6.0 55.0
195.0 64.0
249.0 138.0
63.0 184.0
183.0 89.0
228.0 104.0
141.0 81.0
198.0 210.0
22.0 83.0
63.0 205.0
246.0 66.0
203.0 30.0
163.0 95.0
11.0 58.0
133.0 16.0
44.0 144.0
116.0 227.0
67.0 201.0
116.0 116.0
20.0 24.0
184.0 27.0
241.0 146.0
225.0 218.0
109.0 73.0
148.0 45.0
66.0 70.0
18.0 206.0
48.0 203.0
102.0 164.0
163.0 193.0
96.0 199.0
30.0 165.0
58.0 86.0
227.0 212.0
201.0 225.0
143.0 244.0
197.0 96.0
69.0 164.0
25.0 235.0
170.0 207.0
138.0 232.0
83.0 114.0
99.0 78.0
127.0 118.0
103.0 228.0
14.0 10.0
141.0 77.0
168.0 157.0
109.0 114.0
155.0 112.0
240.0 56.0
228.0 55.0
43.0 97.0
93.0 94.0
241.0 223.0
34.0 26.0
20.0 86.0
134.0 215.0
220.0 9.0
97.0 75.0
129.0 5.0
30.0 169.0
163.0 249.0
76.0 52.0
202.0 6.0
128.0 244.0
233.0 87.0
129.0 75.0
227.0 209.0
79.0 173.0
235.0 207.0
125.0 205.0
34.0 94.0
216.0 32.0
174.0 44.0
99.0 238.0
126.0 176.0
239.0 87.0
19.0 79.0
74.0 246.0
29.0 83.0
72.0 187.0
44.0 99.0
112.0 243.0
36.0 153.0
29.0 103.0
135.0 53.0
240.0 95.0
226.0 201.0
147.0 168.0
173.0 116.0
111.0 50.0
126.0 45.0
80.0 107.0
133.0 103.0
26.0 20.0
144.0 203.0
162.0 173.0
5.0 91.0
204.0 234.0
145.0 108.0
32.0 220.0
187.0 136.0
154.0 133.0
54.0 224.0
171.0 86.0
195.0 206.0
48.0 145.0
96.0 204.0
4.0 159.0
97.0 200.0
202.0 199.0
61.0 184.0
175.0 248.0
17.0 192.0
47.0 120.0
218.0 120.0
117.0 152.0
105.0 4.0
215.0 10.0
242.0 18.0
59.0 23.0
87.0 7.0
115.0 13.0
42.0 197.0
80.0 173.0
23.0 3.0
120.0 68.0
108.0 208.0
88.0 191.0
148.0 76.0
248.0 37.0
3.0 23.0
101.0 236.0
173.0 40.0
204.0 84.0
123.0 136.0
211.0 150.0
166.0 92.0
160.0 166.0
111.0 186.0
91.0 248.0
143.0 61.0
156.0 35.0
30.0 241.0
185.0 173.0
241.0 128.0
232.0 101.0
192.0 97.0
197.0 183.0
99.0 128.0
177.0 42.0
0.0 246.0
6.0 242.0
75.0 71.0
21.0 48.0
189.0 113.0
138.0 60.0
165.0 7.0
139.0 48.0
86.0 194.0
155.0 176.0
11.0 104.0
89.0 64.0
20.0 235.0
108.0 239.0
113.0 64.0
74.0 69.0
243.0 46.0
155.0 89.0
126.0 13.0
133.0 203.0
7.0 112.0
241.0 29.0
117.0 221.0
207.0 3.0
155.0 92.0
194.0 151.0
146.0 49.0
185.0 239.0
112.0 107.0
135.0 103.0
69.0 226.0
68.0 5.0
138.0 176.0
54.0 161.0
161.0 105.0
124.0 187.0
238.0 179.0
193.0 235.0
205.0 241.0
155.0 166.0
86.0 231.0
108.0 188.0
163.0 207.0
1.0 154.0
91.0 75.0
25.0 88.0
49.0 232.0
166.0 17.0
245.0 131.0
130.0 19.0
145.0 66.0
172.0 232.0
104.0 82.0
159.0 77.0
163.0 182.0
39.0 81.0
47.0 98.0
162.0 176.0
5.0 191.0
247.0 222.0
177.0 101.0
73.0 35.0
215.0 107.0
61.0 5.0
246.0 179.0
200.0 235.0
24.0 66.0
102.0 160.0
223.0 24.0
27.0 194.0
104.0 144.0
28.0 236.0
131.0 31.0
185.0 219.0
145.0 140.0
204.0 156.0
35.0 172.0
223.0 230.0
155.0 195.0
234.0 23.0
43.0 21.0
66.0 48.0
74.0 132.0
242.0 50.0
210.0 59.0
12.0 121.0
119.0 134.0
4.0 227.0
206.0 136.0
168.0 50.0
187.0 140.0
80.0 127.0
134.0 203.0
174.0 64.0
240.0 78.0
55.0 190.0
119.0 208.0
122.0 38.0
3.0 71.0
19.0 146.0
35.0 9.0
6.0 209.0
133.0 222.0
162.0 173.0
14.0 199.0
117.0 195.0
217.0 131.0
113.0 182.0
92.0 208.0
225.0 201.0
225.0 234.0
136.0 102.0
128.0 53.0
201.0 30.0
51.0 126.0
66.0 28.0
116.0 120.0
180.0 37.0
7.0 211.0
116.0 128.0
27.0 102.0
156.0 136.0
156.0 77.0
169.0 162.0
31.0 212.0
130.0 239.0
99.0 204.0
179.0 0.0
6.0 47.0
179.0 16.0
93.0 146.0
70.0 22.0
178.0 235.0
84.0 78.0
132.0 47.0
248.0 249.0
43.0 236.0
128.0 225.0
109.0 127.0
94.0 105.0
176.0 164.0
201.0 126.0
185.0 6.0
81.0 183.0
68.0 21.0
78.0 64.0
241.0 247.0
127.0 114.0
100.0 203.0
3.0 108.0
40.0 235.0
58.0 203.0
44.0 163.0
194.0 100.0
220.0 30.0
68.0 174.0
211.0 102.0
155.0 74.0
246.0 49.0
36.0 169.0
111.0 61.0
162.0 235.0
195.0 226.0
88.0 115.0
17.0 42.0
52.0 127.0
249.0 5.0
19.0 89.0
43.0 35.0
186.0 99.0
20.0 49.0
205.0 58.0
125.0 69.0
221.0 221.0
83.0 48.0
134.0 113.0
15.0 174.0
45.0 246.0
95.0 229.0
167.0 75.0
174.0 108.0
34.0 16.0
119.0 221.0
175.0 97.0
186.0 2.0
213.0 171.0
32.0 125.0
154.0 146.0
67.0 24.0
237.0 47.0
138.0 184.0
211.0 221.0
93.0 198.0
40.0 132.0
121.0 157.0
38.0 197.0
25.0 5.0
37.0 206.0
200.0 49.0
247.0 175.0
106.0 133.0
4.0 42.0
119.0 41.0
203.0 185.0
198.0 6.0
5.0 38.0
95.0 24.0
208.0 158.0
197.0 219.0
9.0 165.0
96.0 90.0
187.0 3.0
88.0 0.0
39.0 93.0
86.0 121.0
230.0 189.0
22.0 73.0
16.0 131.0
91.0 85.0
126.0 197.0
39.0 51.0
141.0 99.0
232.0 180.0
14.0 222.0
64.0 235.0
216.0 13.0
88.0 193.0
17.0 244.0
39.0 188.0
6.0 195.0
14.0 197.0
246.0 92.0
91.0 212.0
34.0 211.0
48.0 216.0
41.0 141.0
78.0 104.0
175.0 221.0
23.0 226.0
74.0 0.0
172.0 69.0
180.0 156.0
9.0 134.0
197.0 65.0
75.0 155.0
247.0 75.0
218.0 82.0
149.0 84.0
12.0 97.0
23.0 74.0
240.0 227.0
4.0 81.0
116.0 183.0
156.0 138.0
238.0 113.0
234.0 34.0
90.0 32.0
23.0 54.0
220.0 247.0
11.0 174.0
5.0 142.0
11.0 248.0
31.0 35.0
119.0 30.0
124.0 96.0
226.0 195.0
165.0 161.0
117.0 93.0
123.0 44.0
249.0 1.0
45.0 77.0
101.0 237.0
79.0 91.0
74.0 52.0
131.0 198.0
214.0 0.0
107.0 211.0
96.0 100.0
233.0 188.0
24.0 119.0
9.0 64.0
22.0 149.0
169.0 219.0
128.0 188.0
85.0 95.0
93.0 33.0
115.0 61.0
137.0 57.0
194.0 30.0
223.0 53.0
51.0 143.0
134.0 109.0
228.0 156.0
191.0 47.0
157.0 210.0
10.0 34.0
97.0 5.0
21.0 18.0
50.0 184.0
29.0 218.0
111.0 58.0
147.0 199.0
216.0 124.0
14.0 137.0
135.0 112.0
15.0 178.0
42.0 152.0
18.0 121.0
137.0 170.0
238.0 206.0

146.0 127.0
23.0 112.0
197.0 82.0
79.0 229.0
90.0 89.0
123.0 170.0
66.0 250.0
126.0 50.0
83.0 39.0
42.0 125.0
193.0 176.0
171.0 36.0
200.0 97.0
80.0 145.0
114.0 7.0
71.0 48.0
95.0 99.0
169.0 53.0
212.0 27.0
79.0 89.0
150.0 179.0
104.0 218.0
26.0 83.0
186.0 93.0
82.0 217.0
145.0 160.0
60.0 174.0
139.0 35.0
122.0 239.0
98.0 42.0
6.0 78.0
239.0 194.0
169.0 142.0
27.0 169.0
216.0 116.0
107.0 25.0
6.0 175.0
181.0 71.0
89.0 208.0
209.0 172.0
4.0 212.0
58.0 138.0
223.0 62.0
89.0 59.0
125.0 38.0
194.0 78.0
195.0 172.0
135.0 159.0
157.0 188.0
74.0 150.0
146.0 194.0
32.0 97.0
18.0 30.0
26.0 10.0
230.0 104.0
11.0 135.0
36.0 166.0
236.0 51.0
93.0 26.0
31.0 29.0
36.0 59.0
248.0 128.0
15.0 67.0
6.0 28.0
162.0 13.0
78.0 12.0
43.0 68.0
209.0 188.0
254.0 95.0
68.0 233.0
37.0 133.0
237.0 145.0
217.0 158.0
101.0 155.0
239.0 47.0
138.0 162.0
191.0 100.0
75.0 189.0
228.0 252.0
106.0 145.0
190.0 167.0
203.0 237.0
151.0 190.0
90.0 192.0
91.0 23.0
87.0 19.0
93.0 204.0
208.0 88.0
52.0 129.0
145.0 141.0
235.0 76.0
98.0 118.0
33.0 95.0
16.0 49.0
128.0 99.0
45.0 40.0
19.0 132.0
104.0 197.0
20.0 51.0
69.0 147.0
72.0 199.0
78.0 135.0
56.0 195.0
40.0 240.0
108.0 23.0
23.0 45.0
255.0 192.0
224.0 174.0
227.0 42.0
49.0 186.0
136.0 29.0
143.0 87.0
27.0 240.0
33.0 71.0
108.0 106.0
88.0 175.0
251.0 147.0
91.0 11.0
14.0 108.0
219.0 179.0
113.0 218.0
172.0 162.0
189.0 21.0
52.0 147.0
244.0 155.0
134.0 208.0
160.0 172.0
28.0 170.0
73.0 84.0
190.0 5.0
132.0 192.0
240.0 135.0
47.0 189.0
84.0 145.0
95.0 241.0
230.0 196.0
64.0 191.0
147.0 216.0
232.0 140.0
192.0 42.0
226.0 34.0
72.0 232.0
196.0 29.0
242.0 97.0
68.0 184.0
80.0 24.0
167.0 179.0
110.0 34.0
98.0 119.0
35.0 18.0
58.0 97.0
134.0 217.0
75.0 168.0
232.0 15.0
245.0 11.0
174.0 223.0
82.0 78.0
100.0 84.0
171.0 143.0
89.0 14.0
95.0 149.0
98.0 199.0
251.0 144.0
143.0 196.0
109.0 108.0
31.0 14.0
153.0 46.0
188.0 214.0
227.0 59.0
29.0 123.0
93.0 119.0
59.0 79.0
90.0 150.0
243.0 182.0
53.0 10.0
241.0 64.0
15.0 91.0
149.0 61.0
241.0 33.0
229.0 179.0
203.0 126.0
124.0 78.0
215.0 246.0
189.0 109.0
170.0 97.0
84.0 14.0
14.0 158.0
39.0 187.0
247.0 240.0
167.0 226.0
199.0 239.0
79.0 62.0
50.0 43.0
245.0 18.0
151.0 77.0
67.0 185.0
33.0 97.0
180.0 136.0
23.0 53.0
75.0 209.0
233.0 25.0
206.0 4.0
207.0 181.0
29.0 224.0
123.0 125.0
35.0 91.0
209.0 222.0
58.0 152.0
148.0 116.0
93.0 10.0
16.0 197.0
11.0 217.0
111.0 73.0
243.0 245.0
145.0 186.0
26.0 97.0
10.0 246.0
94.0 146.0
193.0 26.0
34.0 132.0
214.0 49.0
97.0 10.0
22.0 45.0
52.0 218.0
82.0 170.0
219.0 183.0
237.0 177.0
171.0 8.0
188.0 143.0
117.0 31.0
49.0 135.0
70.0 63.0
227.0 241.0
180.0 152.0
157.0 218.0
235.0 32.0
41.0 108.0
58.0 217.0
25.0 151.0
206.0 52.0
52.0 230.0
48.0 48.0
187.0 80.0
16.0 176.0
79.0 94.0
236.0 80.0
191.0 91.0
182.0 10.0
83.0 235.0
232.0 61.0
55.0 142.0
100.0 143.0
248.0 199.0
163.0 131.0
151.0 10.0
33.0 23.0
32.0 135.0
22.0 146.0
61.0 153.0
229.0 135.0
37.0 84.0
250.0 113.0
124.0 89.0
131.0 117.0
102.0 109.0
197.0 143.0
221.0 199.0
237.0 185.0
212.0 153.0
59.0 11.0
228.0 23.0
27.0 233.0
127.0 220.0
191.0 212.0
225.0 244.0
50.0 22.0
90.0 43.0
139.0 152.0
103.0 194.0
93.0 16.0
248.0 66.0
67.0 77.0
204.0 230.0
238.0 50.0
140.0 170.0
146.0 114.0
85.0 194.0
251.0 184.0
174.0 223.0
70.0 90.0
67.0 227.0
137.0 93.0
146.0 101.0
56.0 180.0
185.0 139.0
240.0 184.0
254.0 39.0
220.0 98.0
137.0 173.0
33.0 225.0
170.0 223.0
171.0 124.0
151.0 43.0
204.0 190.0
91.0 194.0
239.0 140.0
108.0 146.0
161.0 154.0
96.0 241.0
186.0 51.0
73.0 18.0
99.0 126.0
244.0 114.0
26.0 181.0
73.0 226.0
249.0 183.0
220.0 224.0
86.0 50.0
58.0 22.0
155.0 47.0
226.0 167.0
195.0 170.0
93.0 146.0
156.0 214.0
166.0 222.0
87.0 165.0
223.0 180.0
152.0 32.0
74.0 189.0
192.0 180.0
96.0 20.0
47.0 73.0
98.0 192.0
152.0 157.0
238.0 166.0
9.0 190.0
220.0 69.0
203.0 78.0
90.0 130.0
135.0 152.0
18.0 236.0
55.0 118.0
197.0 145.0
188.0 189.0
187.0 138.0
131.0 22.0
171.0 24.0
242.0 112.0
97.0 158.0
32.0 109.0
36.0 28.0
151.0 116.0
92.0 133.0
146.0 31.0
109.0 172.0
171.0 137.0
98.0 76.0
216.0 134.0
18.0 33.0
149.0 150.0
211.0 224.0
38.0 94.0
243.0 207.0
139.0 18.0
92.0 91.0
152.0 157.0
46.0 76.0
51.0 37.0
105.0 76.0
132.0 122.0
186.0 189.0
12.0 32.0
245.0 45.0
125.0 210.0
12.0 206.0
245.0 141.0
66.0 17.0
13.0 175.0
92.0 216.0
137.0 156.0
159.0 54.0
43.0 34.0
226.0 112.0
111.0 47.0
110.0 237.0
84.0 38.0
238.0 90.0
181.0 64.0
36.0 132.0
131.0 45.0
160.0 197.0
37.0 234.0
62.0 60.0
154.0 89.0
179.0 27.0
89.0 215.0
152.0 117.0
201.0 122.0
240.0 193.0
22.0 48.0
154.0 19.0
113.0 226.0
178.0 205.0
69.0 238.0
141.0 160.0
217.0 194.0
213.0 123.0
59.0 8.0
250.0 20.0
157.0 125.0
254.0 112.0
149.0 125.0
82.0 27.0
185.0 135.0
68.0 37.0
114.0 150.0
69.0 29.0
89.0 47.0
243.0 197.0
51.0 250.0
171.0 213.0
102.0 239.0
28.0 93.0
148.0 205.0
25.0 115.0
170.0 203.0
203.0 105.0
121.0 201.0
188.0 118.0
216.0 249.0
98.0 183.0
205.0 83.0
88.0 14.0
25.0 201.0
118.0 212.0
75.0 151.0
35.0 43.0
99.0 198.0
178.0 128.0
65.0 155.0
230.0 31.0
142.0 29.0
158.0 219.0
61.0 78.0
70.0 230.0
35.0 52.0
237.0 174.0
205.0 127.0
186.0 253.0
154.0 131.0
22.0 62.0
20.0 13.0
37.0 236.0
212.0 193.0
51.0 69.0
82.0 187.0
253.0 67.0
188.0 20.0
79.0 148.0
129.0 118.0
19.0 109.0
246.0 180.0
7.0 194.0
218.0 10.0
187.0 241.0
41.0 203.0
71.0 130.0
44.0 86.0
229.0 128.0
239.0 109.0
204.0 250.0
97.0 39.0
129.0 71.0
163.0 207.0
131.0 251.0
201.0 70.0
118.0 95.0
177.0 250.0
144.0 9.0
140.0 88.0
116.0 90.0
186.0 104.0
122.0 27.0
193.0 220.0
15.0 213.0
120.0 19.0
208.0 150.0
221.0 25.0
147.0 88.0
41.0 160.0
17.0 196.0
199.0 242.0
112.0 10.0
223.0 9.0
212.0 114.0
17.0 242.0
51.0 200.0
119.0 10.0
123.0 23.0
237.0 32.0
246.0 68.0
47.0 81.0
11.0 66.0
145.0 200.0
191.0 36.0
254.0 146.0
85.0 134.0
212.0 150.0
240.0 91.0
207.0 12.0
189.0 145.0
139.0 48.0
212.0 165.0
11.0 250.0
227.0 195.0
41.0 60.0
78.0 5.0
56.0 217.0
26.0 26.0
223.0 24.0
108.0 111.0
41.0 46.0
186.0 117.0
87.0 206.0
104.0 149.0
219.0 27.0
75.0 61.0
145.0 201.0
88.0 202.0
11.0 235.0
125.0 103.0
155.0 175.0
74.0 244.0
136.0 21.0
246.0 206.0
90.0 26.0
40.0 205.0
61.0 8.0
8.0 249.0
38.0 114.0
246.0 224.0
226.0 198.0
250.0 38.0
130.0 167.0
9.0 43.0
115.0 92.0
166.0 196.0
160.0 12.0
47.0 73.0
72.0 173.0
80.0 78.0
10.0 209.0
40.0 66.0
230.0 130.0
203.0 112.0
239.0 30.0
30.0 14.0
179.0 219.0
63.0 150.0
234.0 102.0
25.0 125.0
6.0 110.0
195.0 227.0
39.0 120.0
174.0 6.0
58.0 102.0
220.0 96.0
220.0 231.0
168.0 223.0
81.0 112.0
214.0 176.0
182.0 246.0
219.0 32.0
99.0 238.0
198.0 19.0
7.0 13.0
232.0 229.0
156.0 127.0
159.0 172.0
7.0 129.0
85.0 216.0
38.0 157.0
238.0 98.0
40.0 62.0
99.0 140.0
118.0 169.0
146.0 215.0
25.0 87.0
90.0 12.0
194.0 29.0
8.0 232.0
252.0 176.0
149.0 165.0
186.0 215.0
215.0 138.0
132.0 165.0
229.0 176.0
65.0 10.0
180.0 218.0
220.0 134.0
208.0 128.0
158.0 201.0
103.0 212.0
197.0 85.0
29.0 84.0
197.0 144.0
134.0 16.0
126.0 48.0
47.0 171.0
203.0 80.0
70.0 36.0
164.0 13.0
206.0 90.0
147.0 76.0
176.0 58.0
40.0 31.0
192.0 19.0
200.0 202.0
46.0 36.0
246.0 133.0
136.0 194.0
231.0 88.0
97.0 140.0
252.0 183.0
62.0 82.0
169.0 236.0
89.0 232.0
161.0 35.0
138.0 46.0
105.0 183.0
36.0 101.0
171.0 130.0
155.0 77.0
251.0 181.0
147.0 100.0
196.0 160.0
76.0 244.0
149.0 236.0
152.0 85.0
54.0 140.0
51.0 251.0
239.0 162.0
148.0 224.0
74.0 76.0
10.0 191.0
168.0 225.0
109.0 112.0
13.0 32.0
226.0 150.0
200.0 65.0
137.0 23.0
141.0 38.0
180.0 31.0
145.0 237.0
134.0 201.0
125.0 160.0
181.0 201.0
121.0 216.0
234.0 42.0
105.0 138.0
25.0 134.0
76.0 78.0
126.0 69.0
59.0 211.0
138.0 106.0
158.0 128.0
154.0 48.0
101.0 247.0
45.0 147.0
97.0 176.0
72.0 133.0
67.0 62.0
38.0 51.0
169.0 58.0
42.0 183.0
56.0 37.0
200.0 115.0
185.0 29.0
53.0 74.0
238.0 192.0
107.0 226.0
66.0 139.0
107.0 200.0
123.0 45.0
139.0 150.0
173.0 254.0
30.0 224.0
102.0 173.0
234.0 165.0
242.0 53.0
84.0 247.0
180.0 69.0
228.0 173.0
67.0 164.0
205.0 6.0
19.0 205.0
161.0 131.0
40.0 36.0
9.0 212.0
133.0 118.0
150.0 221.0
185.0 185.0
209.0 186.0
160.0 231.0
242.0 85.0
53.0 188.0
38.0 133.0
39.0 175.0
69.0 54.0
109.0 56.0
77.0 197.0
15.0 103.0
249.0 195.0
225.0 89.0
97.0 177.0
40.0 15.0
92.0 87.0
186.0 121.0
54.0 12.0
246.0 59.0
14.0 180.0
23.0 242.0
93.0 173.0
101.0 103.0
59.0 126.0
116.0 165.0
210.0 89.0
83.0 27.0
100.0 200.0
154.0 66.0
174.0 213.0
76.0 42.0
144.0 177.0
75.0 63.0
105.0 133.0
35.0 220.0
76.0 65.0
125.0 196.0
64.0 64.0
82.0 75.0
8.0 48.0
168.0 7.0
39.0 152.0
173.0 67.0
64.0 9.0
85.0 133.0
208.0 141.0
166.0 183.0
20.0 38.0
191.0 23.0
93.0 97.0
215.0 187.0
129.0 18.0
245.0 146.0
230.0 33.0
68.0 198.0
49.0 174.0
210.0 69.0
243.0 47.0
182.0 183.0
215.0 230.0
115.0 40.0
193.0 124.0
14.0 22.0
54.0 8.0
180.0 186.0
44.0 220.0
106.0 5.0
151.0 140.0
30.0 212.0
192.0 237.0
101.0 133.0
248.0 233.0
165.0 220.0
104.0 37.0
61.0 109.0
211.0 124.0
26.0 19.0
241.0 110.0
214.0 152.0
65.0 113.0
80.0 86.0
136.0 7.0
247.0 202.0
249.0 20.0
237.0 217.0
227.0 190.0
34.0 248.0
197.0 223.0
27.0 123.0
89.0 158.0
153.0 25.0
135.0 25.0
136.0 207.0
189.0 223.0
92.0 75.0
195.0 246.0
178.0 250.0
44.0 60.0
254.0 211.0
11.0 150.0
82.0 89.0
135.0 173.0
135.0 44.0
122.0 92.0
222.0 164.0
225.0 125.0
54.0 212.0
103.0 247.0
158.0 50.0
200.0 189.0
68.0 142.0
25.0 71.0
121.0 135.0
41.0 251.0
168.0 23.0
109.0 88.0
103.0 28.0
91.0 147.0
188.0 70.0
226.0 142.0
197.0 91.0
191.0 252.0
222.0 229.0
118.0 9.0
39.0 227.0
113.0 246.0
253.0 198.0
164.0 201.0
254.0 24.0
107.0 129.0
67.0 115.0
141.0 125.0
255.0 167.0
248.0 170.0
95.0 74.0
53.0 203.0
33.0 201.0
166.0 115.0
58.0 72.0
160.0 88.0
71.0 60.0
45.0 57.0
51.0 251.0
107.0 90.0
228.0 200.0
20.0 80.0
149.0 96.0
254.0 191.0
254.0 243.0
88.0 53.0
218.0 178.0
77.0 33.0
43.0 241.0
182.0 210.0
27.0 77.0
50.0 241.0
243.0 177.0
248.0 133.0
7.0 140.0
90.0 221.0
101.0 102.0
219.0 9.0
98.0 145.0
218.0 33.0
191.0 7.0
26.0 37.0
252.0 35.0
61.0 245.0
119.0 76.0
230.0 128.0
246.0 101.0
43.0 116.0
82.0 180.0
196.0 232.0
162.0 193.0
176.0 254.0
189.0 253.0
149.0 234.0
183.0 148.0
49.0 119.0
129.0 140.0
7.0 201.0
53.0 7.0
159.0 212.0
87.0 105.0
106.0 208.0
96.0 176.0
190.0 157.0
21.0 56.0
203.0 37.0
160.0 145.0
130.0 194.0
170.0 153.0
108.0 156.0
110.0 133.0
101.0 43.0
200.0 157.0
108.0 115.0
255.0 57.0
12.0 240.0
63.0 171.0
17.0 212.0
67.0 177.0
174.0 42.0
232.0 89.0
17.0 58.0
86.0 52.0
252.0 55.0
182.0 216.0
111.0 182.0
117.0 174.0
169.0 218.0
213.0 93.0
148.0 25.0
114.0 182.0
103.0 223.0
47.0 225.0
183.0 227.0
111.0 232.0
173.0 70.0
247.0 25.0
168.0 59.0
79.0 201.0
231.0 30.0
173.0 165.0
231.0 127.0
80.0 60.0
91.0 254.0
251.0 146.0
24.0 250.0
114.0 67.0
112.0 63.0
26.0 248.0
184.0 90.0
245.0 141.0
217.0 91.0
46.0 247.0
81.0 209.0
181.0 32.0
10.0 147.0
13.0 212.0
207.0 138.0
121.0 203.0
103.0 155.0
30.0 92.0
81.0 105.0
66.0 8.0
12.0 80.0
82.0 156.0
62.0 46.0
154.0 33.0
17.0 167.0
158.0 167.0
164.0 9.0
185.0 41.0
120.0 183.0
84.0 204.0
36.0 98.0
197.0 63.0
181.0 210.0
237.0 222.0
196.0 62.0
211.0 62.0
168.0 176.0
237.0 217.0
177.0 162.0
35.0 44.0
91.0 236.0
22.0 161.0
168.0 196.0
244.0 209.0
39.0 91.0
132.0 59.0
89.0 53.0
213.0 40.0
154.0 167.0
142.0 225.0
144.0 166.0
69.0 223.0
202.0 12.0
58.0 212.0
54.0 242.0
204.0 213.0
107.0 23.0
81.0 227.0
37.0 157.0
211.0 148.0
50.0 142.0
129.0 159.0
200.0 109.0
112.0 172.0
46.0 145.0
205.0 125.0
188.0 192.0
45.0 85.0
78.0 149.0
252.0 109.0
242.0 249.0
205.0 158.0
223.0 205.0
136.0 138.0
11.0 105.0
247.0 28.0
84.0 109.0
114.0 28.0
28.0 111.0
242.0 14.0
187.0 47.0
158.0 181.0
191.0 74.0
27.0 248.0
218.0 230.0
27.0 219.0
155.0 200.0
143.0 237.0
210.0 81.0
201.0 120.0
218.0 227.0
184.0 242.0
69.0 172.0
51.0 240.0
144.0 56.0
189.0 77.0
53.0 232.0
126.0 67.0
208.0 50.0
235.0 243.0
89.0 139.0
190.0 106.0
178.0 99.0
54.0 214.0
32.0 228.0
96.0 13.0
45.0 107.0
98.0 56.0
43.0 81.0
173.0 83.0
149.0 243.0
145.0 232.0
132.0 164.0
221.0 13.0
93.0 89.0
81.0 188.0
68.0 163.0
248.0 13.0
23.0 93.0
250.0 168.0
216.0 169.0
57.0 178.0
213.0 145.0
194.0 45.0
245.0 77.0
93.0 228.0
17.0 202.0
251.0 118.0
13.0 90.0
137.0 242.0
99.0 57.0
18.0 203.0
34.0 157.0
252.0 16.0
76.0 136.0
160.0 159.0
190.0 34.0
82.0 174.0
159.0 206.0
133.0 232.0
227.0 49.0
151.0 141.0
195.0 103.0
198.0 73.0
238.0 196.0
14.0 122.0
234.0 117.0
128.0 79.0
233.0 209.0
164.0 194.0
250.0 153.0
203.0 148.0
145.0 236.0
37.0 153.0
109.0 49.0
143.0 22.0
189.0 199.0
15.0 238.0
208.0 172.0
86.0 32.0
163.0 21.0
33.0 77.0
104.0 162.0
245.0 184.0
105.0 57.0
200.0 36.0
81.0 208.0
119.0 155.0
124.0 117.0
8.0 47.0
202.0 234.0
118.0 110.0
98.0 213.0
31.0 65.0
8.0 99.0
14.0 203.0
57.0 135.0
15.0 12.0
20.0 208.0
43.0 139.0
164.0 243.0
178.0 115.0
94.0 163.0
82.0 171.0
139.0 122.0
139.0 210.0
74.0 35.0
224.0 137.0
33.0 164.0
80.0 197.0
87.0 205.0
191.0 215.0
194.0 27.0
31.0 223.0
103.0 78.0
144.0 220.0
76.0 42.0
126.0 248.0
133.0 90.0
51.0 77.0
10.0 212.0
7.0 100.0
220.0 105.0
250.0 115.0
33.0 183.0
178.0 166.0
57.0 111.0
38.0 53.0
214.0 42.0
240.0 53.0
123.0 53.0
209.0 26.0
31.0 110.0
131.0 152.0
236.0 195.0
117.0 57.0
219.0 31.0
206.0 184.0
99.0 145.0
202.0 91.0
202.0 124.0
67.0 113.0
18.0 148.0
32.0 207.0
223.0 40.0
5.0 65.0
118.0 40.0
52.0 145.0
76.0 161.0
188.0 122.0
217.0 226.0
106.0 11.0
22.0 64.0
202.0 97.0
220.0 62.0
159.0 49.0
61.0 224.0
86.0 206.0
155.0 18.0
63.0 90.0
142.0 49.0
241.0 206.0
230.0 237.0
239.0 70.0
227.0 124.0
60.0 183.0
31.0 135.0
185.0 223.0
33.0 53.0
189.0 75.0
11.0 140.0
134.0 89.0
147.0 22.0
7.0 61.0
92.0 216.0
31.0 204.0
63.0 192.0
7.0 215.0
64.0 48.0
183.0 105.0
69.0 60.0
120.0 12.0
121.0 244.0
205.0 15.0
91.0 166.0
184.0 91.0
158.0 189.0
158.0 77.0
120.0 19.0
143.0 145.0
237.0 183.0
207.0 51.0
92.0 93.0
119.0 46.0
43.0 245.0
251.0 41.0
108.0 73.0
204.0 98.0
11.0 161.0
65.0 173.0
102.0 155.0
134.0 50.0
216.0 225.0
143.0 77.0
108.0 90.0
196.0 196.0
141.0 232.0
73.0 54.0
213.0 51.0
246.0 18.0
250.0 125.0
112.0 57.0
121.0 231.0
223.0 158.0
177.0 191.0
48.0 102.0
146.0 20.0
23.0 176.0
197.0 136.0
232.0 240.0
57.0 151.0
112.0 138.0
91.0 203.0
181.0 205.0
127.0 185.0
9.0 247.0
36.0 193.0
98.0 141.0
8.0 219.0
244.0 52.0
129.0 252.0
186.0 251.0
75.0 181.0
202.0 194.0
194.0 75.0
151.0 244.0
98.0 82.0
182.0 242.0
227.0 135.0
5.0 253.0
111.0 124.0
92.0 43.0
124.0 58.0
40.0 9.0
141.0 16.0
119.0 192.0
21.0 39.0
103.0 9.0
117.0 131.0
18.0 240.0
204.0 146.0
57.0 193.0
125.0 120.0
144.0 44.0
126.0 168.0
38.0 92.0
121.0 147.0
87.0 92.0
197.0 103.0
133.0 6.0
226.0 46.0
61.0 208.0
5.0 186.0
123.0 139.0
229.0 105.0
148.0 16.0
9.0 59.0
141.0 34.0
170.0 48.0
31.0 251.0
158.0 223.0
142.0 199.0
135.0 114.0
91.0 97.0
23.0 157.0
29.0 30.0
136.0 101.0
9.0 119.0
80.0 186.0
116.0 175.0
188.0 248.0
200.0 213.0
251.0 41.0
234.0 220.0
233.0 85.0
22.0 165.0
95.0 153.0
156.0 33.0
14.0 118.0
71.0 216.0
33.0 139.0
195.0 198.0
31.0 254.0
228.0 239.0
192.0 47.0
105.0 106.0
210.0 26.0
82.0 178.0
55.0 9.0
151.0 126.0
154.0 65.0
57.0 93.0
213.0 161.0
250.0 200.0
99.0 162.0
199.0 209.0
183.0 247.0
13.0 249.0
200.0 20.0
158.0 94.0
88.0 209.0
108.0 16.0
41.0 134.0
74.0 69.0
113.0 221.0
47.0 216.0
201.0 105.0
168.0 7.0
129.0 218.0
13.0 125.0
61.0 55.0
216.0 111.0
61.0 103.0
125.0 221.0
167.0 21.0
19.0 84.0
159.0 214.0
7.0 17.0
53.0 174.0
215.0 25.0
51.0 209.0
21.0 198.0
174.0 251.0
94.0 213.0
170.0 222.0
66.0 206.0
9.0 98.0
33.0 142.0
227.0 175.0
43.0 100.0
32.0 155.0
157.0 148.0
63.0 105.0
126.0 150.0
108.0 52.0
122.0 72.0
19.0 171.0
210.0 203.0
255.0 160.0
129.0 20.0
211.0 167.0
165.0 238.0
82.0 226.0
75.0 124.0
75.0 192.0
251.0 252.0
90.0 247.0
153.0 186.0
54.0 112.0
106.0 65.0
156.0 158.0
114.0 54.0
48.0 154.0
151.0 177.0
118.0 251.0
228.0 134.0
35.0 47.0
40.0 69.0
57.0 193.0
134.0 138.0
172.0 56.0
43.0 75.0
168.0 229.0
166.0 204.0
87.0 47.0
240.0 171.0
79.0 16.0
54.0 29.0
154.0 204.0
121.0 68.0
25.0 133.0
97.0 101.0
183.0 34.0
9.0 23.0
204.0 218.0
230.0 202.0
128.0 253.0
145.0 165.0
232.0 48.0
43.0 251.0
187.0 227.0
79.0 48.0
52.0 210.0
199.0 192.0
180.0 44.0
245.0 227.0
175.0 251.0
56.0 198.0
51.0 132.0
76.0 50.0
128.0 164.0
203.0 168.0
176.0 23.0
50.0 227.0
243.0 73.0
168.0 68.0
30.0 133.0
42.0 124.0
139.0 42.0
55.0 37.0
157.0 219.0
103.0 75.0
54.0 68.0
138.0 104.0
251.0 96.0
30.0 155.0
125.0 186.0
64.0 150.0
41.0 21.0
127.0 251.0
245.0 17.0
53.0 253.0
57.0 84.0
253.0 86.0
145.0 195.0
237.0 25.0
152.0 32.0
66.0 16.0
51.0 219.0
189.0 69.0
199.0 93.0
49.0 53.0
38.0 160.0
104.0 181.0
37.0 228.0
219.0 164.0
234.0 103.0
214.0 184.0
65.0 139.0
152.0 32.0
225.0 155.0
49.0 241.0
121.0 189.0
164.0 104.0
42.0 171.0
212.0 73.0
232.0 119.0
46.0 86.0
102.0 92.0
240.0 131.0
157.0 126.0
254.0 245.0
248.0 220.0
242.0 167.0
72.0 16.0
99.0 149.0
221.0 109.0
107.0 63.0
255.0 232.0
178.0 203.0
247.0 154.0
235.0 241.0
194.0 157.0
37.0 137.0
48.0 28.0
121.0 112.0
197.0 95.0
80.0 50.0
217.0 92.0
182.0 127.0
158.0 12.0
218.0 120.0
27.0 128.0
174.0 72.0
92.0 177.0
242.0 155.0
90.0 53.0
151.0 254.0
50.0 97.0
220.0 47.0
208.0 223.0
224.0 156.0
81.0 93.0
80.0 62.0
78.0 189.0
112.0 237.0
73.0 153.0
247.0 42.0
186.0 66.0
30.0 227.0
107.0 208.0
201.0 191.0
38.0 92.0
71.0 24.0
234.0 154.0
90.0 20.0
109.0 51.0
207.0 118.0
237.0 60.0
22.0 112.0
112.0 152.0
18.0 113.0
79.0 127.0
154.0 87.0
238.0 236.0
57.0 8.0
72.0 70.0
207.0 100.0
212.0 237.0
181.0 91.0
243.0 24.0
43.0 43.0
79.0 178.0
10.0 98.0
184.0 89.0
155.0 44.0
50.0 185.0
118.0 211.0
65.0 176.0
218.0 163.0
76.0 68.0
92.0 106.0
154.0 240.0
66.0 136.0
235.0 108.0
83.0 56.0
256.0 42.0
214.0 57.0
102.0 207.0
217.0 91.0
137.0 82.0
63.0 130.0
181.0 245.0
238.0 247.0
140.0 32.0
155.0 88.0
45.0 18.0
42.0 66.0
18.0 89.0
107.0 184.0
79.0 154.0
158.0 229.0
211.0 121.0
97.0 108.0
165.0 119.0
140.0 177.0
111.0 176.0
17.0 226.0
191.0 187.0
156.0 105.0
234.0 61.0
189.0 244.0
50.0 240.0
221.0 209.0
177.0 54.0
10.0 177.0
182.0 54.0
162.0 49.0
180.0 134.0
130.0 18.0
109.0 162.0
184.0 152.0
14.0 140.0
79.0 195.0
32.0 183.0
188.0 12.0
205.0 200.0
188.0 247.0
144.0 250.0
208.0 54.0
90.0 37.0
174.0 14.0
21.0 143.0
74.0 254.0
209.0 102.0
53.0 48.0
231.0 30.0
190.0 224.0
10.0 59.0
200.0 69.0
254.0 144.0
68.0 190.0
187.0 93.0
232.0 110.0
146.0 87.0
203.0 215.0
27.0 87.0
68.0 211.0
251.0 72.0
209.0 34.0
167.0 101.0
16.0 63.0
138.0 21.0
50.0 150.0
120.0 231.0
72.0 207.0
121.0 120.0
26.0 29.0
189.0 32.0
246.0 151.0
230.0 223.0
115.0 78.0
152.0 49.0
70.0 75.0
23.0 210.0
54.0 208.0
106.0 169.0
168.0 197.0
101.0 204.0
34.0 169.0
62.0 91.0
233.0 217.0
205.0 229.0
147.0 249.0
201.0 102.0
74.0 169.0
30.0 239.0
175.0 211.0
143.0 237.0
89.0 120.0
103.0 83.0
132.0 123.0
107.0 234.0
18.0 15.0
146.0 82.0
174.0 161.0
114.0 119.0
160.0 116.0
244.0 61.0
232.0 60.0
48.0 101.0
98.0 99.0
245.0 228.0
39.0 30.0
25.0 91.0
139.0 221.0
226.0 14.0
102.0 80.0
134.0 10.0
35.0 173.0
168.0 255.0
81.0 57.0
207.0 12.0
132.0 249.0
239.0 93.0
134.0 79.0
232.0 215.0
85.0 179.0
239.0 211.0
131.0 210.0
40.0 99.0
221.0 36.0
178.0 48.0
105.0 244.0
132.0 181.0
243.0 92.0
25.0 84.0
79.0 251.0
34.0 88.0
76.0 192.0
49.0 104.0
118.0 248.0
42.0 157.0
35.0 109.0
140.0 58.0
244.0 100.0
231.0 207.0
152.0 172.0
177.0 121.0
116.0 54.0
131.0 50.0
84.0 112.0
138.0 108.0
31.0 24.0
148.0 208.0
167.0 179.0
11.0 97.0
210.0 240.0
151.0 113.0
37.0 225.0
192.0 142.0
160.0 139.0
59.0 230.0
177.0 91.0
201.0 211.0
53.0 149.0
101.0 209.0
9.0 163.0
101.0 206.0
207.0 204.0
65.0 188.0
179.0 253.0
22.0 197.0
52.0 125.0
223.0 124.0
121.0 156.0
110.0 9.0
220.0 15.0
247.0 23.0
63.0 29.0
91.0 13.0
121.0 18.0
47.0 202.0
84.0 177.0
28.0 8.0
125.0 72.0
112.0 214.0
93.0 196.0
154.0 81.0
253.0 43.0
9.0 28.0
105.0 241.0
179.0 45.0
208.0 88.0
128.0 142.0
216.0 155.0
170.0 98.0
165.0 170.0
117.0 192.0
96.0 252.0
149.0 65.0
160.0 40.0
36.0 246.0
189.0 178.0
247.0 134.0
237.0 107.0
198.0 102.0
201.0 189.0
105.0 133.0
181.0 46.0
5.0 252.0
11.0 248.0
80.0 76.0
26.0 53.0
193.0 118.0
143.0 66.0
170.0 13.0
144.0 52.0
90.0 198.0
159.0 181.0
17.0 109.0
94.0 69.0
25.0 240.0
113.0 244.0
117.0 69.0
79.0 74.0
248.0 50.0
160.0 94.0
131.0 18.0
138.0 208.0
13.0 116.0
245.0 34.0
122.0 227.0
211.0 7.0
161.0 96.0
198.0 156.0
151.0 53.0
191.0 244.0
117.0 113.0
140.0 107.0
74.0 232.0
72.0 10.0
143.0 181.0
59.0 165.0
166.0 110.0
129.0 192.0
244.0 185.0
197.0 239.0
211.0 246.0
160.0 171.0
92.0 237.0
113.0 192.0
169.0 212.0
6.0 159.0
96.0 80.0
30.0 92.0
54.0 236.0
171.0 22.0
249.0 135.0
134.0 23.0
150.0 71.0
177.0 237.0
109.0 87.0
164.0 82.0
169.0 187.0
43.0 85.0
51.0 103.0
168.0 182.0
11.0 195.0
252.0 226.0
182.0 107.0
79.0 40.0
220.0 112.0
66.0 10.0
251.0 184.0
205.0 239.0
30.0 72.0
107.0 165.0
228.0 29.0
32.0 199.0
108.0 149.0
34.0 241.0
136.0 36.0
191.0 224.0
150.0 145.0
210.0 161.0
41.0 177.0
228.0 235.0
160.0 200.0
239.0 29.0
48.0 25.0
71.0 52.0
79.0 138.0
246.0 54.0
216.0 65.0
17.0 127.0
125.0 138.0
10.0 232.0
211.0 140.0
173.0 55.0
192.0 145.0
85.0 132.0
139.0 208.0
179.0 70.0
246.0 82.0
61.0 194.0
125.0 213.0
128.0 43.0
9.0 75.0
24.0 152.0
39.0 14.0
12.0 213.0
137.0 227.0
166.0 178.0
19.0 203.0
123.0 201.0
222.0 135.0
119.0 186.0
97.0 213.0
231.0 206.0
231.0 240.0
141.0 107.0
133.0 59.0
207.0 35.0
56.0 132.0
72.0 33.0
122.0 125.0
186.0 42.0
13.0 217.0
121.0 134.0
32.0 108.0
162.0 142.0
160.0 83.0
175.0 167.0
36.0 217.0
135.0 245.0
105.0 209.0
184.0 5.0
11.0 52.0
184.0 21.0
97.0 150.0
75.0 28.0
184.0 240.0
88.0 82.0
137.0 52.0
252.0 254.0
48.0 241.0
134.0 230.0
114.0 133.0
100.0 111.0
181.0 169.0
207.0 131.0
190.0 10.0
86.0 187.0
72.0 25.0
82.0 69.0
245.0 252.0
132.0 119.0
105.0 208.0
8.0 114.0
45.0 239.0
62.0 208.0
50.0 168.0
200.0 105.0
226.0 35.0
73.0 178.0
216.0 108.0
160.0 78.0
251.0 54.0
41.0 174.0
116.0 66.0
167.0 240.0
200.0 230.0
92.0 120.0
22.0 46.0
58.0 132.0
253.0 9.0
24.0 93.0
48.0 40.0
191.0 104.0
24.0 53.0
210.0 63.0
130.0 73.0
225.0 226.0
89.0 53.0
139.0 118.0
20.0 179.0
50.0 251.0
100.0 235.0
173.0 80.0
179.0 114.0
38.0 21.0
123.0 226.0
180.0 103.0
191.0 7.0
218.0 177.0
36.0 129.0
158.0 150.0
72.0 29.0
243.0 51.0
142.0 189.0
216.0 225.0
98.0 203.0
45.0 137.0
126.0 162.0
44.0 201.0
31.0 11.0
43.0 211.0
204.0 54.0
252.0 180.0
111.0 139.0
9.0 47.0
123.0 46.0
208.0 190.0
203.0 12.0
10.0 43.0
100.0 29.0
213.0 163.0
202.0 224.0
13.0 170.0
101.0 95.0
192.0 7.0
93.0 5.0
43.0 97.0
90.0 126.0
235.0 195.0
27.0 79.0
21.0 137.0
97.0 90.0
132.0 203.0
45.0 56.0
147.0 104.0
236.0 184.0
18.0 227.0
69.0 240.0
222.0 17.0
94.0 198.0
21.0 249.0
43.0 194.0
12.0 200.0
20.0 202.0
251.0 97.0
95.0 217.0
40.0 216.0
53.0 221.0
46.0 146.0
83.0 109.0
181.0 227.0
27.0 230.0
79.0 5.0
176.0 74.0
186.0 160.0
13.0 139.0
202.0 70.0
80.0 161.0
252.0 79.0
223.0 88.0
154.0 88.0
18.0 101.0
28.0 78.0
245.0 232.0
10.0 87.0
120.0 187.0
161.0 142.0
244.0 117.0
240.0 39.0
95.0 37.0
29.0 58.0
224.0 252.0
17.0 178.0
10.0 147.0
17.0 252.0
35.0 39.0
125.0 35.0
130.0 101.0
232.0 201.0
169.0 165.0
123.0 99.0
129.0 48.0
255.0 6.0
50.0 82.0
105.0 242.0
85.0 97.0
79.0 57.0
136.0 203.0
219.0 5.0
113.0 216.0
101.0 106.0
237.0 194.0
29.0 124.0
14.0 69.0
26.0 153.0
173.0 225.0
133.0 193.0
89.0 100.0
98.0 38.0
120.0 65.0
141.0 62.0
199.0 36.0
228.0 57.0
57.0 148.0
140.0 113.0
234.0 161.0
196.0 52.0
162.0 214.0
14.0 40.0
102.0 10.0
26.0 23.0
55.0 189.0
33.0 222.0
117.0 63.0
151.0 204.0
222.0 130.0
19.0 142.0
140.0 116.0
19.0 183.0
46.0 156.0
24.0 126.0
142.0 174.0
242.0 210.0
