1
2048 1 3.0 0.0 1000.0 3 160 240 100

6.5 13.5 29.3 58.5
13.0 27.0 58.5 117.0
19.5 40.5 87.8 175.5
26.0 54.0 117.0 234.0
39.0 81.0 175.5 351.0
52.0 108.0 234.0 468.0
58.5 121.5 263.3 526.5
65.0 135.0 292.5 585.0
78.0 162.0 351.0 702.0
0.0 180.0 390.0 780.0

2.0 5.0 8.0 11.0
5.0 8.0 11.0 14.0
9.0 12.0 15.0 18.0
11.0 14.0 17.0 20.0
15.0 18.0 21.0 24.0
18.0 21.0 24.0 27.0
20.0 23.0 26.0 29.0
25.0 28.0 31.0 34.0
29.0 32.0 35.0 38.0
0.0 34.0 37.0 40.0

79.0 150.0
10.0 62.0
156.0 47.0
122.0 27.0
239.0 149.0
244.0 159.0
4.0 94.0
21.0 149.0
95.0 93.0
245.0 135.0
96.0 14.0
104.0 177.0
64.0 113.0
185.0 89.0
85.0 43.0
69.0 173.0
78.0 80.0
176.0 189.0
163.0 74.0
70.0 243.0
229.0 195.0
4.0 43.0
106.0 94.0
54.0 80.0
125.0 180.0
226.0 68.0
93.0 22.0
28.0 62.0
77.0 175.0
9.0 227.0
169.0 81.0
125.0 38.0
240.0 227.0
79.0 17.0
228.0 63.0
93.0 170.0
97.0 3.0
161.0 79.0
143.0 135.0
92.0 218.0
142.0 84.0
35.0 53.0
164.0 36.0
163.0 124.0
150.0 230.0
79.0 53.0
215.0 62.0
4.0 36.0
151.0 233.0
178.0 148.0
207.0 199.0
166.0 144.0
248.0 241.0
119.0 205.0
2.0 36.0
58.0 192.0
124.0 166.0
106.0 232.0
141.0 80.0
121.0 62.0
154.0 63.0
8.0 99.0
226.0 103.0
60.0 28.0
208.0 95.0
224.0 246.0
61.0 136.0
3.0 84.0
43.0 223.0
40.0 23.0
201.0 250.0
204.0 195.0
158.0 224.0
95.0 18.0
13.0 229.0
181.0 117.0
221.0 184.0
90.0 17.0
135.0 35.0
156.0 140.0
214.0 79.0
112.0 198.0
205.0 162.0
161.0 155.0
158.0 74.0
189.0 214.0
238.0 30.0
212.0 143.0
43.0 158.0
223.0 5.0
21.0 25.0
143.0 231.0
92.0 248.0
153.0 246.0
153.0 74.0
8.0 180.0
238.0 135.0
230.0 34.0
108.0 112.0
144.0 181.0
178.0 144.0
40.0 204.0
190.0 93.0
48.0 89.0
139.0 134.0
135.0 133.0
14.0 140.0
177.0 216.0
221.0 216.0
155.0 174.0
126.0 230.0
44.0 53.0
209.0 60.0
64.0 84.0
148.0 36.0
0.0 62.0
203.0 170.0
126.0 74.0
68.0 36.0
64.0 141.0
222.0 248.0
244.0 103.0
48.0 39.0
174.0 161.0
130.0 20.0
40.0 55.0
130.0 226.0
0.0 171.0
22.0 165.0
47.0 148.0
212.0 108.0
178.0 183.0
196.0 196.0
141.0 225.0
168.0 247.0
94.0 122.0
82.0 189.0
91.0 42.0
240.0 147.0
100.0 102.0
2.0 228.0
90.0 170.0
79.0 157.0
25.0 121.0
139.0 186.0
161.0 156.0
46.0 42.0
124.0 83.0
91.0 230.0
41.0 47.0
169.0 69.0
63.0 235.0
129.0 157.0
188.0 161.0
118.0 9.0
96.0 184.0
42.0 205.0
24.0 240.0
72.0 156.0
31.0 78.0
191.0 198.0
40.0 84.0
108.0 7.0
136.0 117.0
136.0 160.0
146.0 74.0
240.0 217.0
84.0 230.0
237.0 20.0
127.0 180.0
221.0 209.0
80.0 75.0
72.0 31.0
100.0 95.0
245.0 60.0
44.0 217.0
76.0 32.0
70.0 118.0
172.0 41.0
216.0 119.0
4.0 173.0
240.0 158.0
139.0 190.0
58.0 62.0
105.0 235.0
177.0 230.0
204.0 30.0
98.0 130.0
135.0 162.0
217.0 84.0
128.0 71.0
57.0 131.0
65.0 185.0
240.0 68.0
174.0 214.0
167.0 70.0
134.0 161.0
177.0 124.0
62.0 185.0
33.0 62.0
103.0 8.0
136.0 27.0
188.0 119.0
178.0 56.0
97.0 96.0
19.0 240.0
237.0 172.0
131.0 240.0
152.0 238.0
247.0 30.0
68.0 42.0
201.0 5.0
92.0 143.0
226.0 192.0
0.0 12.0
47.0 97.0
122.0 209.0
185.0 28.0
111.0 152.0
177.0 75.0
247.0 35.0
243.0 196.0
184.0 40.0
246.0 211.0
153.0 18.0
92.0 55.0
177.0 151.0
37.0 186.0
167.0 172.0
179.0 135.0
87.0 7.0
235.0 233.0
181.0 38.0
238.0 103.0
80.0 247.0
137.0 88.0
151.0 52.0
70.0 95.0
26.0 213.0
154.0 116.0
63.0 11.0
189.0 56.0
43.0 193.0
1.0 7.0
226.0 5.0
199.0 196.0
199.0 197.0
178.0 155.0
23.0 185.0
41.0 191.0
222.0 131.0
133.0 89.0
249.0 2.0
232.0 7.0
113.0 248.0
229.0 100.0
152.0 29.0
208.0 230.0
30.0 8.0
132.0 167.0
62.0 13.0
170.0 3.0
64.0 214.0
5.0 72.0
223.0 249.0
29.0 221.0
37.0 49.0
129.0 81.0
213.0 188.0
107.0 95.0
195.0 141.0
69.0 46.0
70.0 123.0
184.0 215.0
173.0 39.0
29.0 75.0
247.0 96.0
53.0 228.0
104.0 208.0
247.0 141.0
31.0 147.0
174.0 21.0
249.0 181.0
74.0 238.0
44.0 26.0
75.0 24.0
21.0 239.0
98.0 233.0
198.0 244.0
114.0 9.0
34.0 246.0
206.0 23.0
236.0 100.0
236.0 8.0
43.0 13.0
185.0 122.0
233.0 33.0
86.0 236.0
156.0 57.0
8.0 69.0
174.0 204.0
117.0 129.0
189.0 152.0
168.0 9.0
248.0 162.0
60.0 131.0
50.0 19.0
192.0 92.0
215.0 225.0
133.0 105.0
6.0 58.0
203.0 48.0
244.0 207.0
118.0 239.0
233.0 221.0
162.0 83.0
69.0 103.0
171.0 75.0
1.0 171.0
159.0 197.0
116.0 126.0
1.0 36.0
134.0 94.0
132.0 71.0
205.0 196.0
38.0 69.0
121.0 35.0
140.0 138.0
216.0 33.0
212.0 46.0
236.0 140.0
59.0 203.0
79.0 207.0
225.0 29.0
61.0 179.0
81.0 12.0
233.0 31.0
184.0 31.0
32.0 215.0
140.0 122.0
162.0 173.0
227.0 156.0
121.0 59.0
142.0 209.0
135.0 104.0
8.0 232.0
47.0 126.0
117.0 179.0
41.0 17.0
179.0 63.0
131.0 65.0
177.0 227.0
169.0 80.0
226.0 185.0
167.0 49.0
150.0 189.0
78.0 163.0
57.0 239.0
193.0 86.0
11.0 91.0
177.0 150.0
188.0 91.0
33.0 244.0
248.0 6.0
130.0 215.0
187.0 78.0
227.0 142.0
24.0 85.0
228.0 199.0
215.0 249.0
246.0 101.0
17.0 165.0
86.0 191.0
70.0 223.0
85.0 74.0
60.0 44.0
55.0 207.0
83.0 55.0
141.0 229.0
213.0 80.0
212.0 81.0
16.0 213.0
226.0 54.0
133.0 214.0
59.0 202.0
62.0 62.0
110.0 126.0
119.0 58.0
59.0 208.0
94.0 208.0
202.0 149.0
212.0 168.0
124.0 32.0
23.0 102.0
5.0 148.0
221.0 122.0
190.0 155.0
143.0 9.0
213.0 199.0
52.0 39.0
248.0 201.0
102.0 222.0
85.0 47.0
209.0 151.0
210.0 6.0
95.0 156.0
211.0 16.0
103.0 66.0
231.0 13.0
185.0 179.0
44.0 67.0
32.0 83.0
114.0 148.0
110.0 75.0
85.0 134.0
218.0 198.0
178.0 28.0
196.0 249.0
84.0 112.0
17.0 170.0
198.0 134.0
25.0 51.0
140.0 129.0
183.0 15.0
66.0 85.0
202.0 104.0
65.0 213.0
56.0 64.0
26.0 113.0
119.0 1.0
153.0 246.0
56.0 207.0
122.0 138.0
83.0 244.0
208.0 66.0
98.0 195.0
224.0 63.0
180.0 67.0
232.0 98.0
67.0 123.0
15.0 146.0
8.0 243.0
115.0 136.0
209.0 229.0
65.0 101.0
144.0 22.0
242.0 163.0
84.0 122.0
104.0 35.0
231.0 60.0
100.0 60.0
190.0 75.0
138.0 94.0
45.0 230.0
45.0 108.0
138.0 247.0
11.0 217.0
192.0 164.0
82.0 129.0
11.0 217.0
65.0 84.0
24.0 182.0
45.0 167.0
13.0 203.0
243.0 175.0
187.0 212.0
42.0 67.0
58.0 94.0
37.0 31.0
151.0 81.0
54.0 82.0
148.0 155.0
136.0 109.0
99.0 54.0
44.0 136.0
188.0 57.0
161.0 111.0
66.0 249.0
219.0 111.0
98.0 80.0
107.0 140.0
184.0 40.0
62.0 43.0
102.0 130.0
119.0 86.0
172.0 92.0
5.0 93.0
67.0 191.0
221.0 87.0
183.0 138.0
126.0 169.0
25.0 84.0
139.0 225.0
149.0 129.0
245.0 81.0
240.0 165.0
67.0 45.0
235.0 127.0
31.0 98.0
205.0 76.0
31.0 50.0
29.0 81.0
10.0 32.0
190.0 189.0
200.0 33.0
107.0 86.0
98.0 223.0
217.0 100.0
34.0 130.0
77.0 27.0
23.0 62.0
88.0 67.0
144.0 204.0
239.0 210.0
16.0 153.0
86.0 249.0
225.0 203.0
243.0 121.0
155.0 16.0
233.0 137.0
208.0 110.0
96.0 180.0
226.0 187.0
219.0 41.0
239.0 100.0
173.0 117.0
223.0 98.0
139.0 7.0
114.0 44.0
84.0 96.0
133.0 106.0
151.0 55.0
56.0 232.0
32.0 212.0
101.0 60.0
188.0 92.0
187.0 178.0
36.0 229.0
124.0 12.0
100.0 137.0
97.0 147.0
140.0 199.0
144.0 211.0
93.0 230.0
109.0 23.0
245.0 74.0
148.0 248.0
93.0 155.0
135.0 140.0
169.0 186.0
180.0 233.0
174.0 92.0
235.0 203.0
78.0 231.0
110.0 120.0
144.0 82.0
13.0 182.0
156.0 120.0
56.0 62.0
200.0 171.0
219.0 37.0
137.0 81.0
77.0 178.0
249.0 127.0
182.0 162.0
76.0 131.0
4.0 79.0
37.0 72.0
206.0 180.0
240.0 40.0
49.0 72.0
199.0 192.0
46.0 184.0
228.0 183.0
60.0 117.0
115.0 119.0
89.0 88.0
216.0 115.0
39.0 210.0
194.0 130.0
124.0 183.0
182.0 44.0
61.0 27.0
203.0 26.0
66.0 36.0
5.0 28.0
214.0 232.0
31.0 73.0
17.0 106.0
43.0 61.0
184.0 58.0
249.0 127.0
28.0 200.0
82.0 149.0
106.0 46.0
98.0 69.0
200.0 146.0
21.0 4.0
69.0 54.0
30.0 173.0
241.0 55.0
178.0 246.0
129.0 179.0
178.0 34.0
109.0 48.0
71.0 217.0
236.0 201.0
119.0 183.0
105.0 80.0
80.0 45.0
159.0 185.0
75.0 10.0
60.0 220.0
86.0 84.0
77.0 103.0
158.0 120.0
218.0 33.0
231.0 97.0
178.0 122.0
45.0 250.0
215.0 164.0
163.0 60.0
156.0 157.0
201.0 119.0
4.0 31.0
150.0 219.0
232.0 87.0
37.0 93.0
119.0 213.0
176.0 11.0
68.0 246.0
112.0 29.0
151.0 197.0
160.0 239.0
199.0 65.0
10.0 177.0
46.0 81.0
159.0 116.0
118.0 247.0
31.0 25.0
121.0 119.0
182.0 55.0
121.0 90.0
44.0 194.0
157.0 234.0
5.0 85.0
57.0 95.0
151.0 25.0
207.0 119.0
86.0 8.0
94.0 220.0
27.0 218.0
227.0 59.0
230.0 187.0
132.0 166.0
57.0 168.0
170.0 87.0
113.0 68.0
231.0 71.0
153.0 93.0
171.0 111.0
45.0 90.0
197.0 219.0
125.0 114.0
173.0 128.0
102.0 78.0
174.0 169.0
224.0 133.0
150.0 158.0
240.0 17.0
142.0 150.0
240.0 149.0
35.0 17.0
32.0 68.0
180.0 111.0
25.0 135.0
225.0 53.0
135.0 210.0
127.0 58.0
69.0 100.0
52.0 225.0
129.0 125.0
12.0 35.0
4.0 205.0
80.0 152.0
90.0 208.0
133.0 133.0
155.0 73.0
117.0 246.0
31.0 76.0
148.0 160.0
22.0 146.0
56.0 63.0
78.0 191.0
75.0 87.0
63.0 242.0
169.0 247.0
18.0 241.0
47.0 136.0
153.0 156.0
248.0 190.0
73.0 131.0
227.0 168.0
96.0 209.0
189.0 27.0
55.0 236.0
232.0 202.0
61.0 95.0
168.0 104.0
245.0 8.0
210.0 226.0
74.0 173.0
21.0 33.0
147.0 100.0
183.0 160.0
182.0 58.0
211.0 215.0
224.0 91.0
40.0 89.0
171.0 158.0
247.0 198.0
5.0 228.0
45.0 164.0
215.0 11.0
193.0 13.0
174.0 26.0
243.0 11.0
67.0 63.0
128.0 84.0
28.0 121.0
142.0 68.0
187.0 248.0
197.0 122.0
174.0 242.0
29.0 174.0
162.0 13.0
110.0 92.0
91.0 188.0
67.0 86.0
64.0 145.0
234.0 162.0
174.0 166.0
29.0 5.0
101.0 33.0
136.0 230.0
154.0 130.0
65.0 17.0
195.0 243.0
212.0 177.0
249.0 0.0
97.0 58.0
118.0 25.0
25.0 201.0
178.0 115.0
249.0 32.0
48.0 132.0
223.0 126.0
176.0 67.0
168.0 207.0
182.0 68.0
166.0 44.0
104.0 30.0
112.0 20.0
21.0 153.0
138.0 181.0
70.0 208.0
190.0 150.0
213.0 19.0
15.0 95.0
146.0 38.0
113.0 4.0
65.0 161.0
18.0 96.0
83.0 4.0
105.0 226.0
112.0 184.0
168.0 5.0
143.0 205.0
68.0 111.0
113.0 98.0
85.0 130.0
162.0 49.0
154.0 47.0
95.0 53.0
233.0 78.0
232.0 181.0
105.0 109.0
78.0 134.0
6.0 41.0
124.0 47.0
236.0 187.0
97.0 88.0
23.0 162.0
72.0 196.0
189.0 8.0
158.0 115.0
243.0 132.0
45.0 210.0
85.0 193.0
237.0 87.0
60.0 111.0
140.0 125.0
194.0 218.0
211.0 80.0
208.0 124.0
204.0 229.0
5.0 148.0
92.0 95.0
140.0 50.0
83.0 105.0
57.0 28.0
183.0 81.0
236.0 72.0
97.0 48.0
176.0 52.0
40.0 145.0
212.0 217.0
138.0 225.0
226.0 135.0
106.0 74.0
123.0 116.0
6.0 209.0
9.0 15.0
156.0 42.0
66.0 101.0
108.0 16.0
183.0 1.0
156.0 120.0
219.0 23.0
144.0 3.0
76.0 12.0
183.0 229.0
88.0 154.0
160.0 20.0
24.0 8.0
20.0 146.0
88.0 60.0
93.0 185.0
97.0 203.0
52.0 199.0
77.0 61.0
173.0 154.0
103.0 184.0
85.0 21.0
232.0 163.0
71.0 9.0
236.0 57.0
226.0 233.0
122.0 73.0
159.0 151.0
240.0 243.0
179.0 195.0
123.0 184.0
6.0 60.0
222.0 53.0
99.0 188.0
40.0 152.0
244.0 53.0
236.0 176.0
127.0 150.0
53.0 187.0
169.0 164.0
13.0 178.0
212.0 108.0
133.0 182.0
207.0 23.0
208.0 170.0
127.0 159.0
37.0 66.0
123.0 102.0
44.0 247.0
26.0 142.0
5.0 237.0
87.0 217.0
230.0 79.0
179.0 116.0
45.0 221.0
236.0 139.0
19.0 35.0
15.0 25.0
182.0 165.0
98.0 218.0
42.0 208.0
82.0 171.0
27.0 47.0
3.0 115.0
31.0 217.0
68.0 123.0
64.0 233.0
112.0 36.0
67.0 165.0
241.0 182.0
15.0 239.0
182.0 96.0
228.0 124.0
198.0 39.0
167.0 90.0
198.0 164.0
243.0 23.0
35.0 229.0
30.0 149.0
243.0 95.0
59.0 63.0
73.0 34.0
199.0 29.0
229.0 201.0
165.0 41.0
6.0 185.0
56.0 223.0
127.0 97.0
70.0 193.0
106.0 5.0
179.0 78.0
48.0 41.0
45.0 200.0
100.0 108.0
74.0 232.0
74.0 151.0
17.0 218.0
102.0 33.0
134.0 143.0
198.0 114.0
227.0 58.0
223.0 191.0
158.0 81.0
5.0 23.0
40.0 148.0
226.0 239.0
100.0 215.0
215.0 203.0
20.0 152.0
117.0 23.0
134.0 165.0
220.0 164.0
154.0 109.0
29.0 200.0
187.0 143.0
231.0 57.0
93.0 231.0
38.0 167.0
53.0 57.0
164.0 237.0
44.0 227.0
34.0 184.0
209.0 215.0
143.0 86.0
178.0 35.0
5.0 46.0
225.0 236.0
243.0 206.0
184.0 72.0
142.0 195.0
123.0 56.0
92.0 102.0
93.0 149.0
105.0 143.0
68.0 148.0
217.0 245.0
4.0 158.0
96.0 76.0
31.0 85.0
5.0 129.0
70.0 162.0
113.0 17.0
13.0 66.0
146.0 198.0
136.0 17.0
1.0 179.0
250.0 36.0
201.0 27.0
149.0 141.0
179.0 123.0
230.0 18.0
149.0 114.0
208.0 73.0
171.0 101.0
186.0 41.0
56.0 178.0
137.0 169.0
68.0 208.0
160.0 27.0
228.0 80.0
208.0 91.0
29.0 223.0
28.0 26.0
234.0 231.0
124.0 190.0
223.0 3.0
113.0 161.0
159.0 133.0
161.0 175.0
66.0 69.0
248.0 169.0
231.0 161.0
66.0 176.0
132.0 242.0
177.0 151.0
182.0 220.0
114.0 93.0
123.0 224.0
167.0 171.0
226.0 145.0
176.0 96.0
10.0 233.0
191.0 65.0
20.0 230.0
188.0 151.0
229.0 69.0
86.0 90.0
0.0 244.0
135.0 204.0
49.0 250.0
28.0 47.0
197.0 82.0
189.0 139.0
1.0 71.0
226.0 235.0
169.0 151.0
108.0 140.0
222.0 231.0
193.0 125.0
177.0 133.0
35.0 85.0
109.0 140.0
227.0 126.0
220.0 249.0
73.0 87.0
151.0 40.0
229.0 66.0
61.0 139.0
241.0 72.0
54.0 53.0
220.0 12.0
120.0 239.0
219.0 249.0
49.0 47.0
197.0 60.0
99.0 36.0
222.0 121.0
4.0 180.0
199.0 210.0
232.0 67.0
152.0 136.0
205.0 10.0
200.0 210.0
12.0 34.0
151.0 130.0
198.0 31.0
216.0 243.0
45.0 178.0
160.0 162.0
48.0 29.0
240.0 77.0
130.0 14.0
139.0 132.0
160.0 112.0
135.0 55.0
216.0 71.0
48.0 56.0
17.0 59.0
118.0 53.0
88.0 249.0
222.0 110.0
226.0 96.0
191.0 27.0
175.0 176.0
29.0 88.0
240.0 235.0
164.0 31.0
91.0 183.0
157.0 129.0
130.0 51.0
127.0 64.0
43.0 33.0
184.0 104.0
33.0 8.0
16.0 149.0
232.0 17.0
38.0 28.0
159.0 236.0
127.0 238.0
110.0 46.0
227.0 126.0
209.0 99.0
219.0 92.0
133.0 118.0
220.0 177.0
116.0 210.0
74.0 247.0
127.0 35.0
89.0 12.0
193.0 7.0
137.0 202.0
140.0 233.0
57.0 40.0
97.0 249.0
115.0 187.0
163.0 118.0
60.0 178.0
209.0 90.0
167.0 160.0
86.0 17.0
203.0 59.0
78.0 75.0
38.0 133.0
21.0 135.0
245.0 141.0
27.0 200.0
34.0 223.0
114.0 124.0
220.0 97.0
71.0 157.0
211.0 36.0
218.0 156.0
85.0 110.0
14.0 134.0
130.0 26.0
62.0 112.0
10.0 191.0
84.0 60.0
89.0 184.0
26.0 30.0
188.0 154.0
12.0 146.0
174.0 200.0
164.0 158.0
46.0 119.0
148.0 121.0
28.0 215.0
80.0 18.0
220.0 169.0
15.0 22.0
191.0 41.0
57.0 86.0
178.0 33.0
158.0 175.0
163.0 211.0
39.0 220.0
114.0 173.0
170.0 223.0
36.0 9.0
109.0 210.0
240.0 151.0
25.0 104.0
97.0 83.0
74.0 76.0
89.0 147.0
80.0 77.0
1.0 23.0
51.0 236.0
227.0 8.0
136.0 189.0
159.0 36.0
154.0 174.0
227.0 199.0
174.0 49.0
215.0 80.0
179.0 227.0
37.0 31.0
137.0 35.0
215.0 90.0
152.0 123.0
124.0 42.0
146.0 65.0
124.0 178.0
112.0 135.0
13.0 161.0
15.0 47.0
46.0 159.0
14.0 239.0
90.0 22.0
193.0 145.0
22.0 59.0
116.0 140.0
61.0 53.0
7.0 226.0
43.0 199.0
237.0 42.0
171.0 225.0
79.0 112.0
145.0 9.0
244.0 51.0
76.0 76.0
56.0 28.0
207.0 168.0
163.0 63.0
230.0 135.0
250.0 97.0
86.0 223.0
27.0 29.0
174.0 132.0
95.0 30.0
214.0 42.0
82.0 219.0
88.0 106.0
21.0 119.0
15.0 233.0
242.0 107.0
247.0 39.0
132.0 165.0
46.0 155.0
150.0 249.0
236.0 151.0
68.0 221.0
209.0 145.0
232.0 38.0
74.0 218.0
154.0 12.0
179.0 87.0
117.0 207.0
97.0 41.0
241.0 171.0
157.0 194.0
42.0 196.0
245.0 203.0
87.0 156.0
89.0 131.0
124.0 26.0
113.0 215.0
177.0 227.0
213.0 106.0
120.0 39.0
151.0 207.0
78.0 107.0
64.0 54.0
52.0 138.0
135.0 5.0
239.0 207.0
68.0 28.0
73.0 144.0
32.0 1.0
80.0 30.0
85.0 189.0
193.0 160.0
132.0 169.0
10.0 134.0
40.0 12.0
247.0 43.0
88.0 109.0
5.0 39.0
15.0 76.0
229.0 140.0
208.0 247.0
98.0 181.0
166.0 75.0
108.0 129.0
160.0 61.0
189.0 57.0
105.0 170.0
21.0 119.0
184.0 215.0
11.0 184.0
112.0 55.0
192.0 119.0
211.0 212.0
167.0 232.0
55.0 114.0
221.0 0.0
241.0 212.0
83.0 224.0
146.0 44.0
116.0 87.0
128.0 120.0
14.0 169.0
148.0 71.0
181.0 237.0
128.0 78.0
229.0 5.0
173.0 127.0
152.0 53.0
89.0 241.0
245.0 225.0
184.0 122.0
188.0 79.0
178.0 200.0
243.0 63.0
80.0 180.0
112.0 134.0
231.0 186.0
29.0 115.0
240.0 219.0
5.0 129.0
143.0 175.0
176.0 23.0
148.0 239.0
48.0 15.0
142.0 30.0
217.0 85.0
230.0 210.0
225.0 222.0
86.0 33.0
14.0 181.0
19.0 173.0
12.0 224.0
160.0 204.0
181.0 136.0
35.0 174.0
189.0 103.0
86.0 24.0
177.0 133.0
238.0 178.0
129.0 225.0
235.0 179.0
212.0 74.0
198.0 61.0
215.0 178.0
7.0 216.0
71.0 234.0
94.0 75.0
233.0 68.0
105.0 223.0
241.0 117.0
170.0 153.0
141.0 74.0
82.0 159.0
217.0 106.0
29.0 177.0
67.0 111.0
33.0 220.0
109.0 60.0
129.0 88.0
179.0 9.0
56.0 104.0
176.0 213.0
115.0 214.0
41.0 44.0
108.0 52.0
160.0 11.0
110.0 187.0
84.0 230.0
138.0 46.0
49.0 4.0
85.0 75.0
62.0 230.0
105.0 35.0
141.0 182.0
193.0 106.0
131.0 8.0
26.0 65.0
34.0 108.0
180.0 108.0
160.0 112.0
163.0 182.0
167.0 248.0
8.0 39.0
159.0 198.0
235.0 245.0
43.0 100.0
58.0 234.0
195.0 176.0
21.0 15.0
247.0 15.0
47.0 242.0
175.0 111.0
239.0 143.0
141.0 74.0
19.0 127.0
115.0 231.0
67.0 197.0
122.0 151.0
49.0 115.0
23.0 201.0
183.0 77.0
36.0 35.0
34.0 201.0
28.0 249.0
204.0 225.0
169.0 233.0
183.0 99.0
111.0 60.0
146.0 225.0
140.0 93.0
98.0 162.0
90.0 20.0
23.0 186.0
114.0 99.0
57.0 133.0
205.0 228.0
225.0 34.0
186.0 234.0
135.0 123.0
204.0 116.0
38.0 72.0
60.0 23.0
30.0 173.0
34.0 69.0
180.0 199.0
166.0 139.0
222.0 32.0
28.0 171.0
240.0 161.0
71.0 191.0
93.0 29.0
204.0 198.0
136.0 196.0
71.0 74.0
123.0 160.0
51.0 224.0
209.0 213.0
80.0 250.0
56.0 11.0
184.0 238.0
106.0 128.0
203.0 92.0
136.0 154.0
230.0 119.0
37.0 219.0
101.0 161.0
58.0 131.0
91.0 121.0
72.0 143.0
43.0 43.0
1.0 152.0
185.0 220.0
67.0 224.0
2.0 120.0
123.0 132.0
52.0 216.0
126.0 153.0
184.0 152.0
125.0 206.0
211.0 197.0
193.0 205.0
101.0 40.0
45.0 65.0
114.0 12.0
178.0 122.0
79.0 155.0
113.0 28.0
104.0 108.0
220.0 13.0
61.0 95.0
80.0 188.0
229.0 116.0
225.0 165.0
93.0 3.0
118.0 37.0
46.0 59.0
45.0 128.0
107.0 74.0
191.0 173.0
44.0 60.0
183.0 208.0
131.0 119.0
247.0 226.0
51.0 167.0
139.0 231.0
53.0 56.0
123.0 127.0
6.0 178.0
29.0 215.0
64.0 228.0
36.0 88.0
227.0 89.0
99.0 75.0
142.0 135.0
25.0 176.0
31.0 37.0
8.0 221.0
229.0 244.0
234.0 103.0
104.0 114.0
10.0 189.0
195.0 219.0
144.0 108.0
230.0 185.0
152.0 181.0
236.0 221.0
148.0 48.0
12.0 66.0
121.0 124.0
74.0 135.0
75.0 87.0
205.0 212.0
111.0 136.0
84.0 113.0
54.0 100.0
37.0 19.0
82.0 24.0
216.0 47.0
80.0 166.0
150.0 124.0
47.0 179.0
102.0 103.0
169.0 24.0
26.0 78.0
245.0 7.0
212.0 190.0
215.0 128.0
24.0 21.0
92.0 1.0
186.0 239.0
184.0 156.0
165.0 218.0
24.0 107.0
217.0 164.0
18.0 125.0
23.0 102.0
113.0 230.0
113.0 135.0
113.0 206.0
112.0 187.0
73.0 27.0
159.0 37.0
17.0 141.0
130.0 222.0
46.0 100.0
157.0 234.0
201.0 123.0
199.0 226.0
22.0 212.0
18.0 20.0
44.0 11.0
214.0 13.0
40.0 170.0
27.0 133.0
146.0 23.0
187.0 92.0
27.0 222.0
165.0 195.0
108.0 5.0
200.0 68.0
162.0 115.0
105.0 221.0
134.0 178.0
97.0 154.0
133.0 179.0
11.0 58.0
95.0 221.0
47.0 194.0
166.0 69.0
12.0 130.0
184.0 67.0
89.0 44.0
199.0 24.0
227.0 129.0
14.0 46.0
43.0 214.0
75.0 43.0
222.0 249.0
62.0 240.0
165.0 122.0
135.0 79.0
12.0 120.0
65.0 178.0
158.0 97.0
74.0 142.0
248.0 44.0
248.0 249.0
179.0 8.0
203.0 180.0
192.0 166.0
16.0 206.0
209.0 137.0
218.0 108.0
136.0 205.0
222.0 133.0
159.0 171.0
129.0 122.0
112.0 120.0
147.0 6.0
94.0 201.0
197.0 164.0
26.0 87.0
63.0 220.0
194.0 81.0
28.0 161.0
107.0 158.0
0.0 203.0
82.0 43.0
173.0 177.0
17.0 231.0
105.0 247.0
135.0 179.0
142.0 82.0
26.0 202.0
195.0 186.0
168.0 172.0
169.0 133.0
105.0 183.0
161.0 30.0
100.0 152.0
139.0 79.0
72.0 147.0
60.0 196.0
239.0 40.0
25.0 171.0
173.0 137.0
59.0 207.0
53.0 25.0
226.0 200.0
202.0 158.0
70.0 221.0
57.0 34.0
172.0 186.0
55.0 131.0
233.0 41.0
189.0 67.0
77.0 99.0
91.0 26.0
99.0 202.0
48.0 43.0
209.0 233.0
153.0 63.0
142.0 33.0
129.0 3.0
64.0 105.0
162.0 88.0
240.0 55.0
158.0 75.0
47.0 10.0
119.0 17.0
231.0 98.0
184.0 46.0
63.0 104.0
172.0 208.0
178.0 6.0
20.0 195.0
117.0 138.0
102.0 147.0
223.0 57.0
181.0 236.0
65.0 227.0
114.0 69.0
136.0 232.0
185.0 19.0
136.0 12.0
55.0 132.0
214.0 187.0
92.0 94.0
98.0 110.0
182.0 35.0
123.0 76.0
161.0 27.0
194.0 211.0
107.0 186.0
82.0 86.0
239.0 89.0
221.0 207.0
46.0 64.0
2.0 62.0
22.0 184.0
139.0 224.0
243.0 133.0
209.0 100.0
51.0 164.0
65.0 177.0
194.0 195.0
120.0 230.0
72.0 125.0
43.0 236.0
53.0 49.0
14.0 64.0
139.0 83.0
206.0 68.0
81.0 89.0
245.0 34.0
77.0 151.0
213.0 226.0
36.0 208.0
54.0 101.0
184.0 77.0
80.0 78.0
95.0 137.0
73.0 47.0
54.0 40.0
28.0 128.0
223.0 96.0
178.0 240.0
130.0 63.0
229.0 121.0
79.0 128.0
39.0 233.0
129.0 172.0
76.0 55.0
109.0 239.0
5.0 89.0
201.0 177.0
94.0 208.0
179.0 232.0
200.0 32.0
205.0 207.0
120.0 87.0
149.0 88.0
202.0 78.0
221.0 107.0
134.0 138.0
237.0 43.0
173.0 1.0
185.0 90.0
107.0 119.0
65.0 219.0
85.0 11.0
1.0 4.0
245.0 2.0
8.0 188.0
139.0 29.0
25.0 105.0
5.0 21.0
215.0 101.0
29.0 176.0
37.0 193.0
3.0 6.0
189.0 244.0
157.0 102.0
78.0 0.0
196.0 114.0
31.0 163.0
186.0 28.0
22.0 203.0
210.0 96.0
4.0 218.0
46.0 138.0
18.0 173.0
182.0 205.0
8.0 192.0
25.0 174.0
167.0 110.0
7.0 151.0
112.0 96.0
71.0 135.0
67.0 165.0
100.0 187.0
15.0 24.0
172.0 178.0
91.0 189.0
53.0 242.0
61.0 196.0
199.0 125.0
39.0 225.0
63.0 197.0
167.0 62.0
77.0 173.0
17.0 128.0
7.0 195.0
74.0 89.0
165.0 201.0
193.0 177.0
41.0 96.0
4.0 104.0
228.0 40.0
32.0 60.0
82.0 224.0
135.0 79.0
99.0 91.0
152.0 110.0
78.0 1.0
239.0 222.0
193.0 147.0
163.0 155.0
156.0 123.0
138.0 250.0
216.0 64.0
129.0 123.0
56.0 132.0
66.0 223.0
213.0 149.0
10.0 16.0
198.0 20.0
105.0 68.0
71.0 131.0
225.0 132.0
27.0 230.0
29.0 153.0
110.0 106.0
199.0 155.0
2.0 196.0
211.0 55.0
123.0 68.0
29.0 249.0
105.0 25.0
204.0 130.0
12.0 158.0
137.0 16.0
243.0 216.0
121.0 20.0
115.0 1.0
37.0 209.0
176.0 25.0
197.0 224.0
136.0 13.0
92.0 64.0
86.0 118.0
147.0 98.0
13.0 48.0
133.0 125.0
166.0 114.0
203.0 165.0
136.0 4.0
73.0 196.0
109.0 171.0
205.0 114.0
10.0 31.0
128.0 40.0
117.0 213.0
119.0 103.0
11.0 197.0
32.0 199.0
47.0 194.0
99.0 249.0
92.0 245.0
117.0 57.0
89.0 7.0
236.0 180.0
77.0 72.0
125.0 33.0
84.0 182.0
103.0 18.0
163.0 41.0
146.0 17.0
111.0 226.0
229.0 173.0
2.0 13.0
34.0 174.0
222.0 1.0
120.0 72.0
243.0 222.0
193.0 2.0
200.0 248.0
215.0 194.0
154.0 108.0
103.0 10.0
204.0 144.0
137.0 47.0
212.0 1.0
207.0 141.0
195.0 10.0
126.0 198.0
9.0 14.0
39.0 66.0
250.0 47.0
13.0 239.0
133.0 25.0
215.0 233.0
148.0 229.0
139.0 64.0
121.0 134.0
168.0 27.0
107.0 219.0
57.0 81.0
126.0 201.0
239.0 184.0
32.0 193.0
174.0 231.0
161.0 107.0
15.0 79.0
167.0 187.0
187.0 192.0
60.0 100.0
26.0 2.0
10.0 105.0
200.0 147.0
12.0 111.0
184.0 66.0
133.0 248.0
140.0 229.0
59.0 159.0
88.0 106.0
13.0 249.0
105.0 34.0
176.0 224.0
61.0 203.0
15.0 39.0
3.0 59.0
60.0 206.0
61.0 203.0
140.0 210.0
130.0 212.0
248.0 104.0
72.0 107.0
175.0 164.0
46.0 241.0
199.0 39.0
118.0 216.0
108.0 161.0
117.0 239.0
202.0 229.0
7.0 136.0
192.0 142.0
129.0 68.0
249.0 76.0
200.0 39.0
25.0 215.0
60.0 108.0
236.0 197.0
158.0 42.0
33.0 157.0
164.0 175.0
123.0 62.0
62.0 88.0
217.0 83.0
230.0 13.0
180.0 89.0
15.0 191.0
48.0 128.0
141.0 209.0
187.0 87.0
119.0 183.0
129.0 49.0
110.0 174.0
220.0 153.0
28.0 86.0
12.0 89.0
219.0 58.0
144.0 173.0
124.0 224.0
24.0 7.0
135.0 223.0
185.0 34.0
181.0 213.0
244.0 130.0
126.0 150.0
219.0 169.0
140.0 195.0
4.0 60.0
3.0 157.0
136.0 83.0
126.0 193.0
27.0 156.0
121.0 53.0
165.0 206.0
83.0 218.0
94.0 178.0
45.0 98.0
34.0 220.0
136.0 245.0
99.0 199.0
28.0 150.0
81.0 222.0
82.0 183.0
132.0 178.0
158.0 121.0
207.0 109.0
110.0 221.0
202.0 54.0
66.0 118.0
33.0 43.0
140.0 172.0
229.0 4.0
49.0 143.0
137.0 148.0
151.0 189.0
193.0 217.0
7.0 224.0
3.0 29.0
118.0 219.0
35.0 81.0
45.0 117.0
53.0 24.0
199.0 94.0
222.0 143.0
137.0 179.0
136.0 32.0
24.0 108.0
70.0 223.0
211.0 55.0
96.0 73.0
232.0 220.0
218.0 61.0
35.0 58.0
58.0 169.0
120.0 3.0
121.0 109.0
35.0 94.0
36.0 211.0
27.0 219.0
188.0 108.0
160.0 34.0
6.0 151.0
89.0 131.0
194.0 67.0
173.0 138.0
59.0 170.0
229.0 203.0
81.0 17.0
2.0 169.0
14.0 183.0
14.0 28.0
37.0 175.0
5.0 60.0
113.0 55.0
244.0 146.0
213.0 128.0
49.0 24.0
172.0 169.0
170.0 98.0
219.0 174.0
7.0 213.0
69.0 201.0
182.0 104.0
4.0 197.0
62.0 74.0
187.0 236.0
130.0 239.0
22.0 185.0
184.0 4.0
190.0 107.0
120.0 236.0
28.0 35.0
163.0 194.0
12.0 65.0
182.0 26.0
153.0 5.0
65.0 34.0
169.0 172.0
175.0 155.0
125.0 197.0
240.0 200.0
39.0 35.0
57.0 205.0
7.0 196.0
10.0 50.0
222.0 249.0
142.0 73.0
79.0 234.0
156.0 208.0
101.0 186.0
223.0 9.0
0.0 5.0
81.0 205.0
0.0 5.0
188.0 21.0
102.0 16.0
30.0 52.0
36.0 237.0
239.0 26.0
216.0 83.0
227.0 132.0
62.0 105.0
117.0 127.0
136.0 110.0
75.0 15.0
67.0 169.0
174.0 134.0
108.0 21.0
25.0 88.0
156.0 196.0
194.0 208.0
213.0 220.0
249.0 123.0
243.0 119.0
82.0 1.0
20.0 203.0
241.0 148.0
69.0 211.0
28.0 172.0
135.0 198.0
218.0 6.0

84.0 155.0
14.0 67.0
160.0 51.0
128.0 32.0
243.0 155.0
250.0 164.0
10.0 100.0
25.0 154.0
101.0 99.0
250.0 140.0
101.0 19.0
109.0 182.0
69.0 117.0
190.0 94.0
90.0 47.0
73.0 177.0
82.0 85.0
182.0 195.0
167.0 78.0
76.0 247.0
234.0 201.0
10.0 47.0
111.0 99.0
58.0 85.0
129.0 184.0
231.0 72.0
99.0 27.0
33.0 66.0
82.0 179.0
14.0 233.0
173.0 86.0
131.0 44.0
245.0 233.0
84.0 23.0
233.0 68.0
98.0 175.0
101.0 7.0
165.0 84.0
148.0 140.0
98.0 223.0
147.0 89.0
39.0 58.0
169.0 42.0
168.0 129.0
155.0 235.0
85.0 58.0
220.0 68.0
10.0 42.0
156.0 239.0
183.0 153.0
211.0 204.0
171.0 150.0
252.0 246.0
124.0 210.0
6.0 40.0
63.0 196.0
129.0 170.0
111.0 237.0
147.0 86.0
126.0 68.0
159.0 68.0
12.0 103.0
232.0 108.0
66.0 32.0
214.0 99.0
229.0 251.0
65.0 141.0
8.0 89.0
47.0 228.0
46.0 27.0
206.0 255.0
208.0 199.0
163.0 230.0
100.0 23.0
19.0 233.0
186.0 122.0
226.0 189.0
96.0 23.0
141.0 39.0
162.0 145.0
219.0 83.0
118.0 202.0
210.0 168.0
166.0 159.0
162.0 80.0
195.0 219.0
243.0 34.0
216.0 148.0
49.0 164.0
229.0 10.0
25.0 30.0
148.0 235.0
98.0 254.0
157.0 252.0
157.0 80.0
13.0 185.0
242.0 140.0
234.0 39.0
113.0 117.0
148.0 187.0
184.0 149.0
46.0 209.0
194.0 98.0
53.0 95.0
145.0 139.0
140.0 138.0
20.0 145.0
182.0 220.0
227.0 221.0
160.0 179.0
130.0 236.0
49.0 58.0
214.0 65.0
69.0 88.0
152.0 40.0
6.0 67.0
207.0 175.0
131.0 79.0
74.0 41.0
69.0 146.0
226.0 253.0
249.0 108.0
52.0 44.0
179.0 166.0
135.0 25.0
46.0 61.0
135.0 231.0
5.0 175.0
28.0 170.0
52.0 154.0
217.0 113.0
183.0 187.0
201.0 202.0
145.0 229.0
174.0 253.0
100.0 127.0
87.0 193.0
97.0 47.0
245.0 153.0
104.0 107.0
7.0 232.0
95.0 175.0
84.0 163.0
30.0 127.0
144.0 191.0
166.0 160.0
51.0 47.0
129.0 87.0
95.0 235.0
46.0 52.0
174.0 74.0
68.0 241.0
133.0 162.0
193.0 165.0
122.0 13.0
101.0 189.0
48.0 210.0
30.0 245.0
78.0 161.0
36.0 82.0
196.0 203.0
44.0 89.0
113.0 12.0
140.0 123.0
141.0 164.0
151.0 79.0
245.0 221.0
89.0 235.0
243.0 25.0
132.0 185.0
227.0 215.0
85.0 79.0
78.0 37.0
105.0 100.0
251.0 64.0
49.0 221.0
81.0 38.0
74.0 124.0
176.0 47.0
222.0 124.0
9.0 178.0
245.0 163.0
144.0 195.0
63.0 67.0
110.0 240.0
181.0 235.0
210.0 35.0
104.0 134.0
139.0 168.0
223.0 89.0
133.0 75.0
62.0 136.0
71.0 190.0
245.0 72.0
178.0 218.0
173.0 74.0
140.0 167.0
183.0 129.0
67.0 190.0
38.0 66.0
109.0 12.0
141.0 33.0
193.0 124.0
184.0 62.0
102.0 102.0
23.0 245.0
242.0 177.0
136.0 245.0
158.0 242.0
252.0 35.0
73.0 47.0
206.0 11.0
96.0 147.0
232.0 197.0
4.0 17.0
52.0 101.0
128.0 215.0
189.0 33.0
116.0 157.0
181.0 79.0
253.0 40.0
248.0 201.0
188.0 45.0
252.0 216.0
158.0 24.0
96.0 60.0
182.0 157.0
43.0 192.0
171.0 177.0
184.0 140.0
92.0 12.0
240.0 238.0
186.0 44.0
242.0 109.0
85.0 252.0
142.0 94.0
157.0 57.0
76.0 100.0
31.0 219.0
158.0 121.0
68.0 16.0
194.0 60.0
47.0 198.0
6.0 12.0
230.0 10.0
203.0 200.0
205.0 203.0
182.0 160.0
27.0 189.0
47.0 197.0
226.0 135.0
139.0 94.0
254.0 7.0
236.0 11.0
119.0 253.0
235.0 106.0
157.0 34.0
212.0 235.0
35.0 14.0
137.0 171.0
66.0 19.0
176.0 7.0
69.0 220.0
9.0 77.0
228.0 254.0
33.0 225.0
42.0 54.0
133.0 87.0
218.0 193.0
111.0 100.0
200.0 146.0
73.0 51.0
74.0 127.0
190.0 221.0
179.0 45.0
34.0 79.0
252.0 102.0
58.0 232.0
108.0 214.0
253.0 147.0
35.0 152.0
179.0 25.0
255.0 186.0
79.0 243.0
50.0 31.0
80.0 29.0
25.0 243.0
103.0 238.0
202.0 250.0
118.0 15.0
40.0 250.0
211.0 28.0
241.0 104.0
241.0 12.0
49.0 18.0
189.0 127.0
237.0 38.0
92.0 241.0
161.0 62.0
12.0 73.0
179.0 209.0
122.0 133.0
193.0 156.0
173.0 14.0
252.0 167.0
65.0 137.0
55.0 25.0
197.0 97.0
219.0 230.0
137.0 109.0
11.0 64.0
208.0 52.0
249.0 211.0
124.0 243.0
239.0 226.0
168.0 88.0
73.0 108.0
177.0 81.0
5.0 175.0
164.0 202.0
121.0 132.0
5.0 41.0
139.0 99.0
137.0 75.0
209.0 201.0
42.0 75.0
126.0 39.0
144.0 143.0
220.0 37.0
217.0 52.0
241.0 144.0
64.0 209.0
85.0 213.0
230.0 35.0
66.0 185.0
87.0 17.0
237.0 37.0
190.0 36.0
37.0 219.0
145.0 126.0
167.0 178.0
233.0 161.0
126.0 63.0
147.0 214.0
140.0 110.0
12.0 236.0
51.0 130.0
122.0 184.0
46.0 23.0
184.0 68.0
136.0 70.0
182.0 233.0
174.0 86.0
231.0 191.0
172.0 53.0
155.0 194.0
83.0 169.0
62.0 245.0
197.0 91.0
16.0 96.0
182.0 154.0
193.0 96.0
38.0 249.0
254.0 11.0
135.0 220.0
192.0 84.0
232.0 147.0
28.0 90.0
233.0 204.0
221.0 254.0
251.0 107.0
22.0 171.0
91.0 197.0
75.0 227.0
90.0 78.0
65.0 50.0
60.0 212.0
87.0 61.0
147.0 233.0
219.0 86.0
218.0 85.0
22.0 218.0
231.0 60.0
138.0 218.0
63.0 208.0
67.0 66.0
116.0 131.0
124.0 64.0
64.0 212.0
99.0 213.0
207.0 155.0
218.0 173.0
128.0 37.0
28.0 106.0
10.0 153.0
225.0 127.0
195.0 159.0
148.0 13.0
218.0 203.0
58.0 44.0
253.0 206.0
106.0 228.0
91.0 52.0
213.0 157.0
214.0 10.0
100.0 161.0
217.0 22.0
108.0 71.0
236.0 17.0
189.0 184.0
48.0 73.0
37.0 88.0
120.0 153.0
114.0 80.0
90.0 139.0
222.0 203.0
183.0 33.0
201.0 253.0
90.0 117.0
23.0 176.0
202.0 140.0
30.0 56.0
146.0 134.0
188.0 21.0
71.0 90.0
208.0 108.0
71.0 217.0
61.0 70.0
31.0 119.0
124.0 6.0
159.0 252.0
62.0 212.0
126.0 143.0
87.0 249.0
212.0 72.0
102.0 199.0
230.0 68.0
185.0 72.0
237.0 102.0
73.0 127.0
19.0 151.0
14.0 247.0
119.0 142.0
214.0 234.0
70.0 106.0
149.0 26.0
246.0 169.0
88.0 127.0
108.0 40.0
237.0 65.0
105.0 65.0
195.0 80.0
143.0 100.0
50.0 235.0
50.0 113.0
144.0 252.0
16.0 223.0
197.0 170.0
86.0 133.0
15.0 223.0
70.0 88.0
29.0 187.0
50.0 172.0
19.0 208.0
249.0 180.0
192.0 217.0
47.0 73.0
63.0 99.0
42.0 37.0
157.0 85.0
59.0 88.0
154.0 160.0
141.0 114.0
104.0 59.0
49.0 141.0
193.0 62.0
166.0 116.0
72.0 255.0
224.0 117.0
103.0 85.0
113.0 144.0
189.0 45.0
67.0 48.0
108.0 135.0
124.0 90.0
176.0 97.0
9.0 99.0
71.0 197.0
226.0 92.0
187.0 142.0
130.0 173.0
30.0 90.0
144.0 230.0
154.0 134.0
251.0 85.0
244.0 170.0
73.0 50.0
240.0 132.0
36.0 103.0
210.0 81.0
37.0 56.0
35.0 87.0
14.0 37.0
195.0 195.0
205.0 39.0
113.0 91.0
103.0 228.0
223.0 105.0
40.0 135.0
81.0 32.0
27.0 66.0
94.0 73.0
148.0 208.0
244.0 215.0
21.0 158.0
91.0 253.0
229.0 208.0
249.0 125.0
161.0 21.0
238.0 141.0
213.0 116.0
102.0 184.0
231.0 193.0
223.0 46.0
244.0 104.0
177.0 123.0
228.0 103.0
145.0 13.0
119.0 50.0
90.0 102.0
138.0 110.0
155.0 60.0
61.0 236.0
36.0 217.0
106.0 64.0
193.0 96.0
192.0 184.0
41.0 235.0
128.0 17.0
105.0 142.0
102.0 151.0
145.0 204.0
149.0 216.0
97.0 235.0
114.0 29.0
250.0 79.0
153.0 253.0
98.0 161.0
140.0 144.0
174.0 190.0
185.0 238.0
180.0 96.0
240.0 209.0
83.0 236.0
116.0 125.0
149.0 86.0
18.0 187.0
162.0 126.0
60.0 67.0
206.0 176.0
223.0 42.0
143.0 87.0
82.0 183.0
254.0 133.0
188.0 167.0
82.0 135.0
9.0 84.0
41.0 78.0
210.0 184.0
246.0 44.0
53.0 76.0
203.0 198.0
51.0 189.0
232.0 189.0
65.0 122.0
120.0 124.0
94.0 93.0
221.0 119.0
44.0 215.0
200.0 134.0
130.0 188.0
187.0 48.0
65.0 33.0
208.0 31.0
72.0 40.0
11.0 34.0
219.0 236.0
36.0 79.0
22.0 111.0
49.0 66.0
189.0 62.0
254.0 133.0
33.0 205.0
86.0 154.0
110.0 52.0
102.0 75.0
205.0 151.0
26.0 9.0
74.0 60.0
35.0 178.0
245.0 60.0
184.0 251.0
134.0 184.0
183.0 38.0
115.0 54.0
76.0 223.0
241.0 207.0
124.0 187.0
109.0 85.0
86.0 51.0
163.0 189.0
81.0 15.0
64.0 225.0
91.0 89.0
83.0 108.0
162.0 125.0
223.0 37.0
236.0 102.0
182.0 128.0
50.0 255.0
220.0 170.0
169.0 64.0
161.0 161.0
206.0 124.0
10.0 37.0
155.0 223.0
237.0 91.0
42.0 98.0
125.0 218.0
181.0 16.0
73.0 251.0
117.0 33.0
155.0 201.0
165.0 244.0
204.0 70.0
14.0 182.0
52.0 86.0
164.0 122.0
123.0 253.0
35.0 30.0
126.0 125.0
187.0 59.0
127.0 96.0
49.0 199.0
163.0 238.0
10.0 90.0
62.0 101.0
156.0 30.0
212.0 124.0
90.0 13.0
99.0 224.0
33.0 222.0
231.0 65.0
234.0 193.0
137.0 171.0
63.0 174.0
175.0 93.0
118.0 73.0
237.0 77.0
159.0 97.0
177.0 117.0
49.0 96.0
202.0 223.0
130.0 120.0
177.0 133.0
107.0 82.0
179.0 174.0
230.0 138.0
154.0 163.0
245.0 22.0
147.0 156.0
246.0 153.0
40.0 21.0
36.0 73.0
186.0 116.0
31.0 141.0
229.0 57.0
139.0 214.0
131.0 63.0
75.0 106.0
58.0 229.0
133.0 130.0
17.0 39.0
8.0 211.0
85.0 157.0
95.0 214.0
138.0 138.0
159.0 78.0
123.0 251.0
36.0 81.0
153.0 164.0
26.0 151.0
62.0 68.0
84.0 195.0
81.0 93.0
69.0 248.0
174.0 252.0
23.0 247.0
51.0 140.0
158.0 160.0
252.0 195.0
79.0 136.0
232.0 173.0
101.0 215.0
193.0 32.0
60.0 241.0
237.0 207.0
66.0 100.0
173.0 110.0
250.0 13.0
214.0 231.0
80.0 179.0
25.0 39.0
151.0 106.0
187.0 165.0
187.0 62.0
216.0 219.0
230.0 96.0
45.0 94.0
176.0 163.0
251.0 203.0
10.0 233.0
49.0 168.0
219.0 15.0
198.0 19.0
179.0 30.0
248.0 17.0
72.0 68.0
134.0 90.0
34.0 125.0
147.0 73.0
192.0 253.0
203.0 126.0
179.0 246.0
34.0 179.0
168.0 18.0
116.0 97.0
95.0 194.0
72.0 91.0
69.0 150.0
239.0 166.0
180.0 171.0
33.0 11.0
106.0 38.0
141.0 234.0
158.0 136.0
71.0 22.0
200.0 249.0
216.0 183.0
254.0 6.0
102.0 62.0
122.0 30.0
30.0 205.0
182.0 120.0
255.0 38.0
53.0 138.0
227.0 131.0
181.0 71.0
174.0 213.0
187.0 73.0
172.0 48.0
109.0 35.0
117.0 24.0
26.0 157.0
142.0 186.0
76.0 214.0
196.0 155.0
219.0 23.0
21.0 100.0
150.0 42.0
117.0 10.0
70.0 166.0
23.0 100.0
88.0 10.0
110.0 232.0
117.0 189.0
173.0 10.0
148.0 211.0
73.0 116.0
117.0 104.0
90.0 136.0
168.0 53.0
159.0 51.0
100.0 58.0
237.0 82.0
238.0 186.0
111.0 113.0
83.0 138.0
10.0 45.0
128.0 53.0
240.0 191.0
103.0 93.0
27.0 167.0
77.0 202.0
193.0 12.0
163.0 120.0
249.0 137.0
50.0 215.0
90.0 199.0
243.0 91.0
65.0 116.0
146.0 131.0
199.0 223.0
215.0 86.0
213.0 129.0
210.0 234.0
10.0 152.0
96.0 99.0
145.0 55.0
88.0 111.0
61.0 34.0
187.0 86.0
241.0 76.0
102.0 54.0
181.0 56.0
45.0 150.0
216.0 222.0
143.0 230.0
231.0 140.0
110.0 79.0
129.0 121.0
11.0 214.0
14.0 20.0
160.0 47.0
72.0 106.0
114.0 21.0
188.0 7.0
160.0 125.0
224.0 29.0
150.0 8.0
80.0 17.0
189.0 234.0
93.0 159.0
164.0 26.0
28.0 13.0
24.0 152.0
94.0 65.0
98.0 190.0
101.0 209.0
57.0 205.0
81.0 65.0
177.0 159.0
109.0 190.0
89.0 26.0
238.0 167.0
77.0 13.0
241.0 63.0
231.0 238.0
127.0 78.0
163.0 155.0
246.0 247.0
185.0 200.0
129.0 189.0
11.0 64.0
226.0 59.0
103.0 192.0
44.0 156.0
250.0 57.0
241.0 181.0
132.0 155.0
58.0 193.0
174.0 168.0
18.0 182.0
217.0 112.0
138.0 187.0
211.0 29.0
214.0 176.0
132.0 164.0
42.0 71.0
128.0 107.0
49.0 253.0
32.0 148.0
10.0 242.0
93.0 222.0
234.0 84.0
184.0 122.0
50.0 227.0
240.0 144.0
24.0 40.0
20.0 31.0
187.0 169.0
103.0 222.0
47.0 214.0
86.0 177.0
33.0 51.0
8.0 121.0
37.0 222.0
73.0 128.0
69.0 239.0
117.0 42.0
71.0 170.0
247.0 187.0
20.0 243.0
188.0 101.0
233.0 129.0
204.0 44.0
171.0 94.0
203.0 169.0
247.0 28.0
39.0 235.0
35.0 155.0
249.0 101.0
63.0 68.0
78.0 39.0
204.0 33.0
235.0 206.0
170.0 45.0
12.0 189.0
61.0 227.0
132.0 102.0
74.0 198.0
111.0 11.0
185.0 84.0
53.0 47.0
50.0 205.0
105.0 114.0
79.0 238.0
80.0 155.0
22.0 222.0
107.0 38.0
138.0 148.0
203.0 119.0
231.0 64.0
228.0 197.0
162.0 86.0
11.0 27.0
45.0 152.0
231.0 243.0
104.0 219.0
219.0 209.0
26.0 157.0
122.0 29.0
138.0 170.0
226.0 169.0
159.0 114.0
34.0 205.0
192.0 148.0
235.0 61.0
98.0 235.0
42.0 173.0
57.0 61.0
169.0 241.0
49.0 232.0
40.0 188.0
213.0 220.0
147.0 91.0
182.0 40.0
10.0 51.0
230.0 241.0
248.0 210.0
189.0 77.0
147.0 200.0
127.0 62.0
97.0 107.0
98.0 155.0
109.0 147.0
73.0 153.0
221.0 250.0
10.0 164.0
101.0 81.0
36.0 90.0
9.0 133.0
76.0 167.0
118.0 22.0
17.0 71.0
151.0 202.0
141.0 23.0
6.0 185.0
255.0 40.0
207.0 33.0
154.0 147.0
184.0 127.0
234.0 23.0
153.0 119.0
213.0 78.0
177.0 107.0
191.0 47.0
60.0 184.0
142.0 174.0
73.0 213.0
165.0 32.0
233.0 84.0
213.0 96.0
33.0 228.0
32.0 30.0
239.0 237.0
129.0 195.0
228.0 8.0
117.0 167.0
163.0 138.0
167.0 180.0
70.0 73.0
253.0 174.0
235.0 166.0
71.0 181.0
136.0 247.0
182.0 157.0
186.0 225.0
119.0 98.0
128.0 229.0
172.0 176.0
231.0 150.0
181.0 102.0
15.0 238.0
196.0 71.0
25.0 235.0
193.0 157.0
235.0 74.0
91.0 95.0
6.0 249.0
141.0 209.0
54.0 256.0
33.0 52.0
203.0 88.0
194.0 144.0
5.0 76.0
230.0 241.0
173.0 156.0
112.0 144.0
227.0 236.0
198.0 130.0
183.0 137.0
40.0 90.0
114.0 146.0
233.0 130.0
226.0 254.0
78.0 91.0
155.0 45.0
235.0 70.0
66.0 145.0
245.0 77.0
60.0 57.0
226.0 17.0
125.0 244.0
224.0 253.0
54.0 53.0
202.0 64.0
104.0 42.0
227.0 126.0
8.0 185.0
205.0 214.0
237.0 72.0
158.0 142.0
211.0 15.0
206.0 215.0
17.0 38.0
156.0 136.0
202.0 36.0
220.0 247.0
50.0 184.0
165.0 167.0
53.0 34.0
245.0 83.0
136.0 19.0
144.0 137.0
166.0 118.0
139.0 59.0
221.0 76.0
53.0 61.0
21.0 64.0
124.0 58.0
92.0 254.0
226.0 114.0
231.0 102.0
197.0 33.0
179.0 182.0
33.0 93.0
245.0 241.0
170.0 36.0
96.0 188.0
162.0 135.0
135.0 55.0
133.0 69.0
48.0 37.0
188.0 109.0
39.0 14.0
20.0 153.0
238.0 22.0
43.0 33.0
163.0 240.0
131.0 243.0
116.0 51.0
233.0 131.0
215.0 103.0
225.0 96.0
139.0 123.0
224.0 182.0
121.0 214.0
79.0 252.0
133.0 39.0
94.0 16.0
197.0 11.0
142.0 207.0
145.0 237.0
63.0 45.0
102.0 254.0
120.0 191.0
167.0 124.0
64.0 182.0
214.0 95.0
171.0 166.0
91.0 21.0
208.0 65.0
83.0 79.0
44.0 138.0
25.0 139.0
250.0 146.0
32.0 206.0
38.0 228.0
118.0 128.0
225.0 101.0
76.0 163.0
216.0 41.0
224.0 162.0
91.0 115.0
19.0 140.0
135.0 31.0
66.0 118.0
14.0 195.0
89.0 65.0
95.0 189.0
30.0 36.0
192.0 159.0
17.0 151.0
178.0 205.0
170.0 163.0
50.0 123.0
153.0 125.0
33.0 220.0
85.0 24.0
224.0 173.0
19.0 27.0
197.0 46.0
63.0 90.0
182.0 38.0
163.0 180.0
167.0 216.0
44.0 224.0
118.0 178.0
175.0 227.0
41.0 14.0
114.0 215.0
245.0 156.0
29.0 109.0
101.0 87.0
79.0 82.0
95.0 152.0
85.0 81.0
6.0 27.0
57.0 241.0
233.0 13.0
141.0 193.0
164.0 42.0
158.0 179.0
232.0 204.0
180.0 54.0
219.0 85.0
183.0 232.0
42.0 35.0
142.0 39.0
220.0 95.0
157.0 128.0
129.0 47.0
151.0 70.0
128.0 184.0
118.0 140.0
17.0 166.0
20.0 53.0
51.0 164.0
19.0 244.0
95.0 27.0
198.0 151.0
27.0 63.0
121.0 145.0
66.0 59.0
12.0 230.0
47.0 205.0
243.0 47.0
176.0 231.0
83.0 117.0
149.0 14.0
249.0 55.0
82.0 81.0
62.0 32.0
213.0 172.0
169.0 68.0
236.0 141.0
254.0 102.0
91.0 227.0
33.0 33.0
180.0 137.0
100.0 35.0
219.0 47.0
88.0 224.0
93.0 111.0
26.0 124.0
21.0 238.0
246.0 111.0
251.0 43.0
137.0 169.0
51.0 160.0
155.0 254.0
241.0 155.0
72.0 226.0
215.0 150.0
238.0 42.0
80.0 222.0
160.0 16.0
184.0 92.0
122.0 212.0
103.0 46.0
247.0 177.0
161.0 200.0
47.0 201.0
251.0 208.0
91.0 161.0
94.0 136.0
129.0 32.0
118.0 220.0
183.0 233.0
218.0 111.0
124.0 44.0
156.0 212.0
84.0 111.0
68.0 59.0
56.0 143.0
140.0 9.0
243.0 213.0
74.0 33.0
79.0 149.0
37.0 5.0
86.0 35.0
90.0 194.0
198.0 165.0
137.0 174.0
15.0 139.0
46.0 18.0
252.0 47.0
92.0 114.0
11.0 44.0
21.0 81.0
234.0 146.0
213.0 252.0
103.0 186.0
170.0 80.0
112.0 134.0
164.0 66.0
194.0 61.0
110.0 175.0
26.0 123.0
188.0 219.0
16.0 190.0
116.0 60.0
197.0 124.0
216.0 216.0
171.0 237.0
61.0 119.0
225.0 6.0
246.0 217.0
88.0 229.0
152.0 49.0
121.0 92.0
133.0 125.0
19.0 174.0
153.0 75.0
186.0 241.0
134.0 82.0
234.0 11.0
178.0 133.0
157.0 58.0
94.0 247.0
251.0 231.0
189.0 126.0
194.0 84.0
183.0 206.0
249.0 69.0
85.0 185.0
118.0 139.0
237.0 191.0
34.0 120.0
246.0 224.0
11.0 134.0
149.0 180.0
182.0 28.0
153.0 244.0
53.0 21.0
147.0 36.0
222.0 90.0
235.0 216.0
230.0 226.0
92.0 38.0
18.0 187.0
23.0 178.0
17.0 229.0
166.0 209.0
186.0 141.0
41.0 178.0
194.0 108.0
91.0 28.0
182.0 139.0
243.0 183.0
133.0 230.0
239.0 184.0
217.0 80.0
203.0 66.0
220.0 183.0
12.0 221.0
77.0 239.0
99.0 80.0
238.0 72.0
111.0 228.0
245.0 122.0
175.0 158.0
145.0 79.0
87.0 164.0
222.0 111.0
34.0 182.0
73.0 116.0
39.0 225.0
114.0 66.0
133.0 92.0
185.0 14.0
61.0 108.0
182.0 218.0
121.0 220.0
47.0 50.0
113.0 57.0
164.0 17.0
116.0 192.0
89.0 235.0
143.0 51.0
55.0 10.0
90.0 81.0
68.0 235.0
110.0 40.0
145.0 186.0
199.0 111.0
136.0 13.0
31.0 71.0
40.0 113.0
184.0 113.0
165.0 117.0
168.0 187.0
172.0 254.0
14.0 44.0
164.0 202.0
241.0 249.0
48.0 105.0
64.0 239.0
200.0 180.0
26.0 21.0
252.0 21.0
52.0 248.0
181.0 117.0
245.0 147.0
147.0 79.0
25.0 132.0
120.0 237.0
72.0 202.0
126.0 156.0
55.0 120.0
27.0 206.0
188.0 83.0
41.0 39.0
40.0 206.0
34.0 253.0
209.0 230.0
174.0 238.0
187.0 103.0
116.0 65.0
152.0 230.0
144.0 98.0
103.0 166.0
96.0 24.0
27.0 191.0
119.0 103.0
62.0 138.0
209.0 233.0
229.0 39.0
190.0 240.0
140.0 129.0
209.0 121.0
42.0 78.0
64.0 29.0
35.0 178.0
40.0 73.0
185.0 203.0
171.0 143.0
228.0 38.0
33.0 176.0
244.0 165.0
76.0 196.0
99.0 34.0
209.0 203.0
141.0 200.0
77.0 79.0
128.0 166.0
57.0 229.0
215.0 219.0
86.0 256.0
61.0 16.0
189.0 243.0
111.0 132.0
207.0 98.0
141.0 158.0
234.0 123.0
41.0 224.0
107.0 166.0
63.0 136.0
97.0 126.0
78.0 149.0
49.0 47.0
7.0 158.0
190.0 226.0
72.0 229.0
7.0 126.0
128.0 137.0
56.0 222.0
132.0 158.0
188.0 157.0
130.0 211.0
216.0 202.0
199.0 210.0
106.0 45.0
49.0 71.0
118.0 17.0
184.0 127.0
84.0 159.0
118.0 34.0
110.0 113.0
225.0 18.0
65.0 100.0
85.0 194.0
234.0 120.0
230.0 170.0
99.0 7.0
122.0 42.0
50.0 64.0
51.0 134.0
111.0 79.0
196.0 178.0
49.0 64.0
188.0 214.0
135.0 124.0
253.0 231.0
55.0 172.0
144.0 236.0
58.0 61.0
128.0 132.0
10.0 183.0
34.0 220.0
69.0 233.0
41.0 92.0
233.0 94.0
105.0 79.0
148.0 139.0
31.0 180.0
36.0 42.0
13.0 225.0
234.0 250.0
238.0 107.0
110.0 119.0
14.0 194.0
201.0 224.0
148.0 113.0
235.0 189.0
157.0 186.0
242.0 227.0
152.0 53.0
18.0 71.0
127.0 130.0
79.0 140.0
80.0 92.0
210.0 217.0
116.0 141.0
88.0 117.0
58.0 104.0
41.0 24.0
88.0 29.0
222.0 52.0
86.0 172.0
155.0 129.0
51.0 184.0
107.0 107.0
175.0 28.0
31.0 83.0
249.0 12.0
217.0 194.0
220.0 132.0
29.0 25.0
97.0 6.0
191.0 244.0
190.0 161.0
170.0 222.0
30.0 112.0
222.0 170.0
23.0 130.0
28.0 106.0
117.0 236.0
118.0 141.0
119.0 212.0
118.0 192.0
79.0 32.0
164.0 42.0
22.0 146.0
136.0 227.0
50.0 106.0
162.0 239.0
205.0 129.0
203.0 231.0
27.0 218.0
23.0 26.0
50.0 15.0
220.0 17.0
46.0 175.0
31.0 138.0
151.0 28.0
192.0 96.0
31.0 227.0
169.0 200.0
113.0 9.0
205.0 73.0
168.0 120.0
109.0 225.0
139.0 183.0
102.0 160.0
138.0 184.0
17.0 63.0
99.0 225.0
52.0 198.0
171.0 75.0
16.0 134.0
189.0 72.0
93.0 49.0
203.0 28.0
233.0 135.0
20.0 51.0
48.0 218.0
81.0 48.0
227.0 255.0
66.0 245.0
171.0 127.0
140.0 84.0
18.0 125.0
70.0 183.0
164.0 103.0
79.0 146.0
253.0 49.0
254.0 254.0
184.0 12.0
209.0 185.0
198.0 171.0
22.0 212.0
214.0 142.0
223.0 114.0
142.0 211.0
227.0 139.0
165.0 176.0
134.0 128.0
117.0 125.0
152.0 10.0
99.0 207.0
202.0 170.0
32.0 92.0
68.0 226.0
199.0 85.0
33.0 165.0
113.0 163.0
5.0 207.0
87.0 48.0
177.0 183.0
22.0 236.0
111.0 253.0
140.0 185.0
146.0 87.0
31.0 208.0
200.0 191.0
173.0 177.0
174.0 137.0
110.0 188.0
165.0 36.0
104.0 157.0
145.0 83.0
77.0 153.0
65.0 201.0
244.0 45.0
30.0 176.0
178.0 141.0
64.0 212.0
58.0 30.0
231.0 205.0
207.0 162.0
74.0 227.0
61.0 39.0
177.0 190.0
59.0 137.0
238.0 47.0
194.0 73.0
82.0 104.0
95.0 30.0
105.0 208.0
53.0 48.0
214.0 237.0
158.0 69.0
148.0 39.0
134.0 7.0
68.0 110.0
168.0 94.0
245.0 59.0
162.0 80.0
52.0 14.0
125.0 23.0
237.0 103.0
188.0 50.0
68.0 109.0
177.0 212.0
182.0 10.0
25.0 200.0
122.0 143.0
106.0 153.0
228.0 63.0
187.0 241.0
71.0 231.0
119.0 74.0
141.0 236.0
190.0 24.0
141.0 18.0
60.0 138.0
219.0 191.0
96.0 100.0
104.0 115.0
186.0 41.0
128.0 82.0
166.0 33.0
198.0 216.0
112.0 191.0
86.0 92.0
244.0 94.0
226.0 213.0
52.0 69.0
8.0 66.0
26.0 190.0
143.0 229.0
248.0 139.0
213.0 106.0
56.0 169.0
69.0 181.0
199.0 200.0
126.0 236.0
78.0 130.0
48.0 241.0
58.0 54.0
18.0 69.0
145.0 88.0
212.0 73.0
86.0 93.0
250.0 38.0
82.0 156.0
218.0 231.0
41.0 213.0
58.0 107.0
189.0 82.0
85.0 83.0
100.0 143.0
78.0 52.0
60.0 46.0
32.0 133.0
228.0 101.0
184.0 246.0
136.0 68.0
235.0 126.0
83.0 134.0
45.0 237.0
134.0 178.0
82.0 60.0
114.0 244.0
10.0 94.0
206.0 183.0
98.0 213.0
183.0 236.0
205.0 38.0
210.0 213.0
124.0 92.0
154.0 94.0
206.0 82.0
225.0 112.0
139.0 144.0
241.0 48.0
179.0 5.0
191.0 95.0
113.0 124.0
69.0 224.0
90.0 16.0
6.0 8.0
249.0 8.0
13.0 193.0
144.0 33.0
29.0 110.0
10.0 26.0
221.0 106.0
34.0 181.0
42.0 199.0
7.0 11.0
194.0 250.0
162.0 106.0
82.0 5.0
201.0 118.0
37.0 167.0
190.0 33.0
28.0 207.0
215.0 102.0
9.0 222.0
50.0 143.0
23.0 179.0
186.0 210.0
13.0 197.0
29.0 180.0
171.0 116.0
13.0 157.0
116.0 102.0
76.0 140.0
72.0 169.0
105.0 193.0
20.0 30.0
176.0 182.0
97.0 193.0
59.0 247.0
67.0 201.0
203.0 130.0
44.0 231.0
67.0 203.0
172.0 66.0
83.0 178.0
22.0 133.0
11.0 199.0
78.0 94.0
170.0 205.0
199.0 183.0
47.0 102.0
9.0 109.0
232.0 45.0
37.0 64.0
88.0 228.0
139.0 85.0
104.0 97.0
157.0 115.0
82.0 6.0
244.0 227.0
198.0 152.0
168.0 160.0
161.0 128.0
144.0 254.0
222.0 69.0
135.0 129.0
62.0 137.0
70.0 229.0
219.0 155.0
15.0 22.0
204.0 26.0
109.0 74.0
75.0 136.0
229.0 138.0
33.0 234.0
34.0 158.0
115.0 112.0
204.0 160.0
6.0 201.0
217.0 60.0
128.0 73.0
34.0 254.0
110.0 29.0
208.0 135.0
17.0 163.0
141.0 20.0
249.0 222.0
126.0 25.0
119.0 6.0
43.0 214.0
182.0 29.0
203.0 228.0
142.0 17.0
97.0 69.0
90.0 123.0
153.0 103.0
19.0 53.0
137.0 130.0
171.0 119.0
207.0 170.0
140.0 10.0
79.0 202.0
115.0 176.0
209.0 120.0
15.0 36.0
133.0 45.0
122.0 217.0
124.0 107.0
15.0 201.0
36.0 203.0
52.0 199.0
105.0 254.0
96.0 251.0
121.0 63.0
93.0 12.0
240.0 186.0
82.0 76.0
129.0 38.0
88.0 187.0
108.0 23.0
169.0 46.0
151.0 23.0
115.0 230.0
235.0 179.0
7.0 17.0
38.0 180.0
227.0 5.0
125.0 77.0
248.0 227.0
198.0 6.0
205.0 253.0
219.0 200.0
158.0 112.0
109.0 16.0
209.0 149.0
141.0 52.0
217.0 6.0
213.0 147.0
201.0 14.0
131.0 204.0
14.0 19.0
43.0 71.0
256.0 52.0
18.0 243.0
138.0 30.0
221.0 238.0
153.0 233.0
145.0 70.0
125.0 139.0
173.0 32.0
112.0 224.0
62.0 87.0
132.0 206.0
244.0 190.0
38.0 198.0
178.0 237.0
165.0 113.0
19.0 85.0
172.0 191.0
192.0 196.0
66.0 105.0
31.0 8.0
15.0 111.0
205.0 152.0
17.0 115.0
189.0 72.0
137.0 253.0
145.0 233.0
64.0 164.0
93.0 112.0
17.0 253.0
111.0 40.0
180.0 228.0
67.0 208.0
21.0 45.0
9.0 63.0
66.0 211.0
65.0 208.0
145.0 214.0
135.0 218.0
254.0 110.0
78.0 113.0
180.0 170.0
50.0 247.0
205.0 44.0
123.0 221.0
112.0 166.0
121.0 244.0
206.0 233.0
12.0 142.0
197.0 146.0
133.0 73.0
253.0 81.0
204.0 44.0
30.0 220.0
66.0 113.0
241.0 201.0
163.0 47.0
38.0 163.0
169.0 179.0
129.0 67.0
66.0 93.0
222.0 88.0
235.0 18.0
185.0 93.0
20.0 196.0
53.0 134.0
147.0 214.0
191.0 93.0
125.0 188.0
135.0 54.0
114.0 180.0
226.0 158.0
33.0 92.0
18.0 95.0
224.0 63.0
148.0 177.0
128.0 228.0
29.0 13.0
140.0 227.0
191.0 39.0
187.0 219.0
249.0 134.0
132.0 155.0
224.0 173.0
145.0 200.0
9.0 65.0
7.0 162.0
142.0 88.0
131.0 199.0
31.0 161.0
126.0 58.0
169.0 211.0
88.0 223.0
98.0 183.0
50.0 103.0
38.0 224.0
141.0 250.0
104.0 204.0
33.0 154.0
87.0 227.0
87.0 189.0
136.0 184.0
162.0 127.0
212.0 114.0
115.0 225.0
208.0 60.0
71.0 123.0
38.0 49.0
146.0 177.0
233.0 10.0
55.0 148.0
143.0 153.0
156.0 194.0
198.0 222.0
13.0 230.0
9.0 33.0
122.0 224.0
39.0 86.0
50.0 122.0
58.0 28.0
203.0 100.0
228.0 148.0
142.0 185.0
142.0 37.0
29.0 113.0
75.0 228.0
217.0 60.0
101.0 78.0
237.0 224.0
222.0 67.0
40.0 64.0
62.0 175.0
124.0 9.0
126.0 115.0
41.0 99.0
40.0 216.0
33.0 224.0
194.0 113.0
165.0 39.0
12.0 157.0
94.0 135.0
199.0 72.0
178.0 142.0
64.0 175.0
234.0 208.0
86.0 23.0
7.0 175.0
19.0 188.0
18.0 32.0
42.0 180.0
11.0 65.0
118.0 60.0
249.0 151.0
219.0 133.0
53.0 29.0
176.0 174.0
176.0 102.0
225.0 180.0
12.0 218.0
74.0 205.0
187.0 109.0
9.0 202.0
66.0 80.0
193.0 240.0
134.0 245.0
27.0 191.0
189.0 9.0
196.0 112.0
125.0 241.0
32.0 39.0
168.0 198.0
17.0 71.0
187.0 30.0
158.0 10.0
70.0 39.0
174.0 177.0
180.0 161.0
130.0 202.0
245.0 206.0
43.0 39.0
63.0 210.0
12.0 202.0
15.0 56.0
227.0 254.0
147.0 78.0
83.0 239.0
161.0 213.0
106.0 192.0
227.0 14.0
4.0 10.0
87.0 209.0
6.0 10.0
193.0 26.0
106.0 21.0
35.0 56.0
42.0 241.0
243.0 32.0
222.0 87.0
231.0 137.0
67.0 109.0
122.0 132.0
141.0 116.0
81.0 20.0
72.0 174.0
180.0 140.0
112.0 25.0
31.0 93.0
161.0 202.0
199.0 214.0
218.0 226.0
253.0 128.0
247.0 124.0
87.0 5.0
25.0 208.0
246.0 152.0
74.0 217.0
34.0 176.0
139.0 203.0
222.0 12.0
