1
2048 1 3.0 0.0 1000.0 3 160 240 100

6.5 13.5 29.3 58.5
13.0 27.0 58.5 117.0
19.5 40.5 87.8 175.5
26.0 54.0 117.0 234.0
39.0 81.0 175.5 351.0
52.0 108.0 234.0 468.0
58.5 121.5 263.3 526.5
65.0 135.0 292.5 585.0
78.0 162.0 351.0 702.0
0.0 180.0 390.0 780.0

2.0 5.0 8.0 11.0
5.0 8.0 11.0 14.0
9.0 12.0 15.0 18.0
11.0 14.0 17.0 20.0
15.0 18.0 21.0 24.0
18.0 21.0 24.0 27.0
20.0 23.0 26.0 29.0
25.0 28.0 31.0 34.0
29.0 32.0 35.0 38.0
0.0 34.0 37.0 40.0

244.0 223.0
7.0 4.0
23.0 169.0
82.0 68.0
137.0 171.0
176.0 151.0
213.0 99.0
107.0 237.0
113.0 226.0
3.0 0.0
210.0 129.0
124.0 86.0
239.0 231.0
171.0 9.0
165.0 121.0
195.0 198.0
47.0 96.0
7.0 30.0
224.0 172.0
40.0 29.0
187.0 143.0
215.0 185.0
71.0 52.0
127.0 198.0
24.0 39.0
226.0 231.0
244.0 43.0
188.0 90.0
79.0 200.0
30.0 52.0
101.0 55.0
29.0 136.0
174.0 28.0
131.0 143.0
53.0 148.0
30.0 161.0
159.0 118.0
235.0 220.0
192.0 84.0
181.0 165.0
99.0 62.0
58.0 77.0
191.0 25.0
62.0 158.0
42.0 207.0
114.0 60.0
99.0 20.0
108.0 183.0
248.0 12.0
128.0 49.0
156.0 133.0
63.0 155.0
247.0 117.0
182.0 47.0
6.0 112.0
230.0 121.0
107.0 7.0
225.0 31.0
174.0 200.0
149.0 92.0
40.0 136.0
76.0 165.0
201.0 232.0
76.0 52.0
205.0 147.0
39.0 11.0
33.0 133.0
144.0 31.0
102.0 55.0
4.0 119.0
67.0 192.0
64.0 110.0
175.0 23.0
170.0 109.0
220.0 245.0
16.0 235.0
242.0 99.0
1.0 121.0
128.0 126.0
84.0 220.0
137.0 50.0
47.0 20.0
136.0 37.0
119.0 55.0
187.0 159.0
7.0 220.0
164.0 180.0
155.0 148.0
138.0 113.0
155.0 5.0
108.0 53.0
2.0 131.0
178.0 103.0
2.0 218.0
132.0 19.0
138.0 98.0
152.0 23.0
80.0 206.0
225.0 33.0
30.0 153.0
127.0 131.0
204.0 126.0
162.0 144.0
10.0 141.0
149.0 43.0
111.0 12.0
228.0 147.0
66.0 190.0
93.0 210.0
79.0 198.0
96.0 23.0
204.0 190.0
219.0 216.0
162.0 1.0
217.0 22.0
217.0 76.0
61.0 59.0
167.0 20.0
111.0 31.0
16.0 48.0
20.0 13.0
244.0 182.0
174.0 95.0
139.0 107.0
45.0 204.0
215.0 164.0
136.0 210.0
59.0 12.0
22.0 40.0
15.0 57.0
37.0 28.0
164.0 60.0
242.0 89.0
128.0 155.0
96.0 82.0
49.0 44.0
81.0 62.0
130.0 242.0
102.0 173.0
225.0 17.0
9.0 4.0
229.0 248.0
205.0 29.0
138.0 1.0
62.0 82.0
161.0 155.0
221.0 118.0
108.0 248.0
142.0 79.0
83.0 21.0
86.0 241.0
71.0 183.0
30.0 240.0
74.0 8.0
78.0 28.0
5.0 167.0
228.0 78.0
131.0 25.0
190.0 214.0
145.0 184.0
7.0 20.0
23.0 123.0
16.0 63.0
137.0 94.0
49.0 21.0
141.0 6.0
39.0 74.0
236.0 66.0
33.0 19.0
205.0 48.0
183.0 95.0
185.0 77.0
62.0 106.0
217.0 176.0
19.0 204.0
143.0 88.0
47.0 35.0
25.0 248.0
235.0 1.0
39.0 35.0
173.0 201.0
125.0 61.0
0.0 183.0
234.0 2.0
76.0 207.0
80.0 97.0
109.0 8.0
102.0 204.0
94.0 146.0
176.0 150.0
7.0 51.0
165.0 157.0
240.0 227.0
196.0 192.0
102.0 105.0
160.0 152.0
245.0 115.0
178.0 114.0
208.0 116.0
151.0 171.0
67.0 111.0
38.0 221.0
16.0 17.0
70.0 105.0
230.0 47.0
191.0 83.0
213.0 91.0
61.0 163.0
120.0 29.0
22.0 153.0
112.0 241.0
249.0 84.0
118.0 132.0
108.0 237.0
189.0 34.0
65.0 43.0
188.0 203.0
49.0 230.0
131.0 148.0
237.0 105.0
46.0 114.0
36.0 209.0
35.0 103.0
100.0 123.0
42.0 117.0
44.0 32.0
126.0 139.0
64.0 192.0
122.0 158.0
246.0 53.0
118.0 125.0
148.0 36.0
247.0 34.0
64.0 94.0
101.0 123.0
184.0 205.0
148.0 21.0
184.0 23.0
71.0 225.0
73.0 213.0
40.0 82.0
212.0 95.0
225.0 51.0
221.0 225.0
160.0 49.0
44.0 159.0
161.0 18.0
23.0 184.0
25.0 147.0
120.0 105.0
92.0 17.0
25.0 3.0
17.0 224.0
154.0 197.0
209.0 116.0
143.0 179.0
173.0 85.0
238.0 140.0
61.0 168.0
46.0 229.0
66.0 30.0
176.0 31.0
82.0 195.0
106.0 51.0
136.0 240.0
191.0 42.0
143.0 179.0
13.0 101.0
111.0 129.0
115.0 244.0
239.0 125.0
198.0 4.0
130.0 29.0
195.0 158.0
210.0 36.0
180.0 218.0
201.0 102.0
142.0 196.0
95.0 160.0
218.0 142.0
121.0 84.0
37.0 87.0
16.0 140.0
136.0 26.0
222.0 0.0
234.0 181.0
198.0 198.0
199.0 71.0
81.0 217.0
119.0 246.0
22.0 215.0
174.0 84.0
59.0 211.0
117.0 141.0
213.0 96.0
179.0 71.0
52.0 183.0
58.0 234.0
49.0 33.0
223.0 138.0
70.0 131.0
33.0 195.0
224.0 49.0
39.0 77.0
27.0 20.0
111.0 26.0
223.0 198.0
96.0 10.0
116.0 161.0
56.0 229.0
98.0 35.0
161.0 223.0
136.0 190.0
146.0 209.0
6.0 0.0
44.0 48.0
160.0 3.0
236.0 53.0
157.0 70.0
136.0 197.0
154.0 39.0
190.0 54.0
17.0 71.0
131.0 138.0
179.0 27.0
42.0 113.0
168.0 21.0
44.0 166.0
62.0 70.0
32.0 130.0
182.0 113.0
162.0 31.0
132.0 200.0
124.0 22.0
142.0 244.0
40.0 250.0
181.0 21.0
141.0 240.0
186.0 181.0
181.0 229.0
246.0 71.0
138.0 150.0
195.0 20.0
11.0 71.0
107.0 16.0
144.0 171.0
248.0 34.0
32.0 188.0
112.0 76.0
132.0 28.0
227.0 63.0
33.0 108.0
217.0 20.0
120.0 4.0
194.0 46.0
221.0 79.0
98.0 152.0
243.0 64.0
156.0 89.0
154.0 119.0
234.0 112.0
204.0 231.0
109.0 180.0
107.0 115.0
64.0 164.0
207.0 72.0
220.0 191.0
230.0 117.0
106.0 65.0
5.0 196.0
37.0 23.0
143.0 185.0
155.0 145.0
187.0 112.0
87.0 38.0
76.0 170.0
196.0 245.0
83.0 90.0
3.0 137.0
186.0 60.0
142.0 97.0
153.0 145.0
35.0 125.0
181.0 5.0
35.0 68.0
245.0 10.0
94.0 219.0
115.0 154.0
81.0 104.0
86.0 246.0
183.0 94.0
237.0 176.0
137.0 22.0
147.0 82.0
102.0 75.0
17.0 95.0
39.0 14.0
236.0 138.0
47.0 112.0
224.0 50.0
130.0 247.0
214.0 145.0
231.0 156.0
180.0 121.0
127.0 173.0
196.0 29.0
149.0 65.0
64.0 94.0
193.0 183.0
116.0 1.0
114.0 160.0
150.0 24.0
94.0 230.0
37.0 14.0
192.0 62.0
85.0 241.0
62.0 31.0
64.0 220.0
149.0 187.0
105.0 165.0
241.0 1.0
8.0 47.0
52.0 5.0
46.0 51.0
94.0 17.0
160.0 20.0
136.0 220.0
34.0 49.0
138.0 147.0
48.0 213.0
71.0 214.0
228.0 196.0
145.0 231.0
71.0 191.0
240.0 156.0
235.0 216.0
164.0 161.0
107.0 75.0
175.0 127.0
85.0 6.0
13.0 20.0
2.0 103.0
4.0 159.0
123.0 185.0
98.0 172.0
32.0 72.0
47.0 47.0
210.0 72.0
190.0 199.0
242.0 10.0
184.0 66.0
97.0 225.0
34.0 57.0
17.0 240.0
115.0 217.0
106.0 167.0
174.0 67.0
19.0 173.0
143.0 119.0
227.0 173.0
99.0 123.0
115.0 237.0
101.0 194.0
31.0 230.0
105.0 245.0
165.0 44.0
54.0 242.0
246.0 76.0
239.0 92.0
58.0 186.0
136.0 48.0
147.0 156.0
198.0 70.0
98.0 18.0
172.0 147.0
111.0 143.0
65.0 154.0
145.0 77.0
182.0 111.0
234.0 153.0
249.0 52.0
111.0 236.0
165.0 243.0
120.0 3.0
13.0 82.0
193.0 236.0
22.0 48.0
219.0 166.0
204.0 146.0
230.0 213.0
5.0 108.0
98.0 33.0
68.0 159.0
41.0 99.0
57.0 235.0
11.0 104.0
30.0 85.0
131.0 19.0
177.0 28.0
141.0 247.0
45.0 169.0
132.0 58.0
175.0 205.0
155.0 134.0
164.0 27.0
117.0 30.0
199.0 96.0
173.0 245.0
186.0 193.0
143.0 112.0
166.0 151.0
48.0 43.0
10.0 11.0
165.0 233.0
199.0 120.0
68.0 226.0
74.0 234.0
186.0 80.0
220.0 242.0
212.0 150.0
5.0 229.0
24.0 103.0
62.0 102.0
81.0 66.0
98.0 133.0
67.0 138.0
220.0 7.0
133.0 44.0
3.0 109.0
139.0 35.0
134.0 20.0
95.0 201.0
245.0 65.0
112.0 151.0
107.0 23.0
169.0 122.0
207.0 212.0
125.0 93.0
246.0 179.0
178.0 80.0
189.0 90.0
51.0 82.0
54.0 175.0
4.0 202.0
180.0 187.0
66.0 67.0
37.0 121.0
205.0 181.0
208.0 17.0
220.0 206.0
207.0 220.0
185.0 188.0
155.0 46.0
112.0 99.0
107.0 101.0
38.0 81.0
150.0 80.0
65.0 140.0
230.0 169.0
201.0 54.0
169.0 244.0
152.0 116.0
214.0 120.0
23.0 97.0
222.0 178.0
223.0 182.0
171.0 228.0
144.0 136.0
246.0 75.0
40.0 77.0
50.0 30.0
48.0 237.0
81.0 179.0
153.0 217.0
136.0 54.0
167.0 240.0
156.0 133.0
141.0 32.0
71.0 187.0
164.0 210.0
2.0 33.0
88.0 180.0
26.0 75.0
13.0 62.0
231.0 80.0
182.0 249.0
137.0 182.0
14.0 5.0
92.0 196.0
43.0 89.0
89.0 116.0
103.0 167.0
239.0 230.0
172.0 140.0
222.0 123.0
86.0 27.0
78.0 127.0
139.0 131.0
30.0 94.0
188.0 36.0
77.0 194.0
131.0 20.0
181.0 237.0
12.0 46.0
154.0 81.0
242.0 69.0
187.0 22.0
64.0 172.0
25.0 92.0
130.0 155.0
84.0 29.0
194.0 214.0
139.0 230.0
157.0 207.0
20.0 77.0
97.0 18.0
61.0 67.0
150.0 142.0
105.0 6.0
236.0 137.0
200.0 88.0
143.0 169.0
159.0 233.0
65.0 189.0
237.0 125.0
244.0 92.0
232.0 216.0
187.0 13.0
137.0 1.0
232.0 238.0
18.0 198.0
55.0 18.0
124.0 26.0
23.0 127.0
37.0 95.0
104.0 85.0
229.0 198.0
121.0 15.0
218.0 173.0
182.0 161.0
61.0 247.0
192.0 188.0
1.0 125.0
165.0 152.0
143.0 153.0
115.0 126.0
79.0 170.0
112.0 15.0
223.0 246.0
159.0 161.0
166.0 65.0
108.0 145.0
156.0 20.0
140.0 11.0
163.0 140.0
152.0 204.0
0.0 51.0
200.0 59.0
85.0 233.0
224.0 13.0
192.0 115.0
68.0 6.0
143.0 165.0
153.0 118.0
184.0 155.0
191.0 20.0
93.0 104.0
165.0 177.0
164.0 219.0
101.0 4.0
227.0 217.0
224.0 23.0
226.0 222.0
147.0 117.0
140.0 224.0
64.0 41.0
137.0 195.0
219.0 164.0
141.0 223.0
6.0 229.0
50.0 108.0
80.0 231.0
181.0 182.0
218.0 68.0
52.0 167.0
194.0 196.0
184.0 195.0
14.0 73.0
180.0 197.0
164.0 234.0
137.0 149.0
86.0 165.0
4.0 1.0
160.0 198.0
88.0 171.0
37.0 211.0
184.0 44.0
215.0 239.0
158.0 223.0
91.0 139.0
95.0 116.0
2.0 60.0
195.0 226.0
103.0 227.0
173.0 83.0
235.0 156.0
210.0 92.0
246.0 206.0
88.0 95.0
51.0 183.0
193.0 32.0
5.0 49.0
122.0 150.0
14.0 69.0
216.0 12.0
85.0 65.0
136.0 111.0
99.0 3.0
166.0 245.0
140.0 184.0
241.0 67.0
49.0 166.0
11.0 84.0
157.0 42.0
58.0 166.0
219.0 86.0
206.0 192.0
161.0 12.0
174.0 32.0
26.0 240.0
116.0 114.0
85.0 35.0
193.0 148.0
154.0 29.0
91.0 131.0
193.0 141.0
243.0 84.0
106.0 248.0
61.0 16.0
187.0 28.0
57.0 189.0
12.0 179.0
20.0 65.0
106.0 75.0
23.0 120.0
36.0 182.0
38.0 38.0
158.0 167.0
62.0 96.0
31.0 158.0
163.0 123.0
104.0 200.0
213.0 230.0
61.0 5.0
100.0 53.0
64.0 150.0
55.0 89.0
150.0 205.0
25.0 4.0
132.0 74.0
81.0 90.0
159.0 147.0
183.0 149.0
155.0 174.0
162.0 105.0
144.0 82.0
119.0 231.0
83.0 37.0
214.0 173.0
80.0 68.0
188.0 49.0
228.0 198.0
200.0 159.0
76.0 38.0
205.0 217.0
83.0 126.0
87.0 20.0
201.0 124.0
122.0 80.0
66.0 24.0
144.0 25.0
54.0 88.0
92.0 151.0
69.0 62.0
188.0 72.0
193.0 10.0
59.0 211.0
179.0 176.0
168.0 220.0
57.0 102.0
245.0 182.0
202.0 40.0
210.0 63.0
2.0 2.0
153.0 152.0
115.0 108.0
237.0 64.0
72.0 213.0
216.0 182.0
73.0 87.0
56.0 236.0
141.0 17.0
223.0 14.0
81.0 215.0
18.0 37.0
38.0 29.0
129.0 59.0
234.0 232.0
150.0 105.0
42.0 237.0
146.0 34.0
120.0 155.0
103.0 209.0
112.0 166.0
227.0 137.0
35.0 237.0
72.0 43.0
230.0 43.0
64.0 112.0
114.0 241.0
41.0 231.0
240.0 82.0
241.0 103.0
26.0 141.0
241.0 178.0
44.0 13.0
150.0 158.0
86.0 139.0
186.0 135.0
42.0 237.0
59.0 7.0
173.0 116.0
173.0 100.0
185.0 230.0
194.0 4.0
74.0 134.0
109.0 197.0
14.0 59.0
219.0 83.0
131.0 138.0
49.0 132.0
70.0 157.0
242.0 131.0
63.0 202.0
66.0 120.0
36.0 215.0
204.0 128.0
87.0 219.0
84.0 161.0
247.0 70.0
55.0 199.0
227.0 148.0
34.0 16.0
194.0 213.0
58.0 192.0
158.0 197.0
228.0 38.0
128.0 54.0
128.0 154.0
243.0 61.0
59.0 212.0
171.0 47.0
58.0 90.0
108.0 99.0
163.0 35.0
28.0 69.0
19.0 129.0
157.0 70.0
164.0 116.0
193.0 167.0
205.0 212.0
123.0 53.0
121.0 113.0
22.0 62.0
246.0 180.0
66.0 176.0
69.0 139.0
38.0 7.0
22.0 157.0
151.0 28.0
9.0 7.0
110.0 162.0
241.0 63.0
119.0 136.0
232.0 190.0
112.0 75.0
167.0 176.0
52.0 120.0
106.0 124.0
201.0 171.0
118.0 85.0
68.0 163.0
190.0 225.0
84.0 107.0
108.0 176.0
65.0 163.0
60.0 248.0
149.0 126.0
8.0 20.0
144.0 194.0
218.0 112.0
84.0 34.0
110.0 38.0
82.0 151.0
205.0 62.0
114.0 172.0
200.0 75.0
234.0 208.0
55.0 56.0
218.0 11.0
37.0 246.0
237.0 211.0
194.0 231.0
224.0 245.0
96.0 185.0
134.0 122.0
187.0 93.0
133.0 5.0
211.0 80.0
61.0 157.0
182.0 47.0
60.0 71.0
233.0 104.0
99.0 232.0
193.0 139.0
163.0 203.0
91.0 125.0
191.0 89.0
85.0 140.0
192.0 224.0
114.0 73.0
220.0 236.0
153.0 103.0
19.0 222.0
8.0 82.0
152.0 67.0
143.0 248.0
39.0 250.0
98.0 38.0
101.0 51.0
124.0 70.0
56.0 145.0
217.0 153.0
193.0 92.0
50.0 44.0
35.0 101.0
112.0 192.0
110.0 209.0
171.0 33.0
93.0 106.0
5.0 231.0
186.0 147.0
142.0 44.0
106.0 133.0
164.0 68.0
180.0 48.0
216.0 199.0
51.0 197.0
124.0 158.0
97.0 56.0
152.0 51.0
216.0 164.0
180.0 207.0
189.0 233.0
195.0 105.0
150.0 182.0
21.0 39.0
8.0 155.0
26.0 190.0
220.0 100.0
141.0 125.0
133.0 77.0
34.0 41.0
169.0 26.0
141.0 126.0
204.0 21.0
51.0 228.0
29.0 115.0
48.0 104.0
127.0 182.0
177.0 42.0
25.0 239.0
40.0 5.0
81.0 16.0
45.0 230.0
95.0 151.0
182.0 41.0
211.0 137.0
190.0 191.0
151.0 24.0
61.0 109.0
106.0 147.0
110.0 12.0
198.0 229.0
191.0 107.0
222.0 30.0
167.0 229.0
201.0 248.0
67.0 29.0
93.0 229.0
197.0 163.0
55.0 70.0
233.0 220.0
225.0 28.0
199.0 237.0
57.0 219.0
248.0 147.0
43.0 125.0
237.0 127.0
233.0 27.0
179.0 86.0
10.0 10.0
167.0 125.0
156.0 25.0
227.0 78.0
48.0 32.0
80.0 102.0
132.0 87.0
136.0 44.0
146.0 21.0
78.0 179.0
122.0 191.0
238.0 175.0
2.0 95.0
248.0 245.0
27.0 180.0
26.0 228.0
109.0 32.0
233.0 182.0
218.0 143.0
115.0 97.0
129.0 69.0
249.0 194.0
171.0 48.0
231.0 42.0
206.0 17.0
194.0 86.0
104.0 237.0
89.0 190.0
70.0 57.0
209.0 151.0
213.0 182.0
47.0 196.0
76.0 93.0
73.0 6.0
162.0 99.0
151.0 177.0
39.0 50.0
60.0 30.0
178.0 70.0
205.0 53.0
248.0 217.0
124.0 16.0
135.0 31.0
231.0 165.0
33.0 36.0
44.0 161.0
9.0 8.0
204.0 44.0
7.0 198.0
155.0 21.0
68.0 225.0
180.0 213.0
111.0 168.0
28.0 63.0
173.0 216.0
198.0 139.0
82.0 28.0
248.0 176.0
77.0 43.0
73.0 212.0
231.0 247.0
133.0 28.0
76.0 30.0
211.0 134.0
138.0 16.0
49.0 133.0
166.0 105.0
72.0 77.0
154.0 14.0
175.0 16.0
44.0 147.0
149.0 1.0
83.0 237.0
107.0 88.0
118.0 199.0
99.0 250.0
157.0 8.0
166.0 114.0
115.0 183.0
135.0 47.0
195.0 48.0
39.0 147.0
191.0 238.0
76.0 22.0
59.0 235.0
131.0 53.0
144.0 47.0
152.0 141.0
44.0 165.0
249.0 3.0
128.0 47.0
222.0 161.0
60.0 152.0
240.0 49.0
220.0 126.0
248.0 247.0
249.0 44.0
216.0 176.0
235.0 199.0
170.0 105.0
146.0 207.0
240.0 189.0
146.0 30.0
55.0 27.0
26.0 88.0
87.0 64.0
9.0 172.0
137.0 214.0
46.0 198.0
217.0 147.0
231.0 157.0
124.0 248.0
65.0 159.0
86.0 60.0
96.0 60.0
164.0 94.0
18.0 192.0
156.0 202.0
144.0 58.0
64.0 8.0
211.0 151.0
242.0 223.0
45.0 108.0
168.0 221.0
179.0 6.0
72.0 71.0
83.0 128.0
249.0 24.0
207.0 127.0
167.0 26.0
134.0 47.0
50.0 137.0
164.0 3.0
198.0 55.0
3.0 101.0
91.0 227.0
5.0 25.0
155.0 150.0
5.0 3.0
125.0 205.0
83.0 197.0
243.0 245.0
159.0 109.0
115.0 177.0
134.0 166.0
93.0 105.0
116.0 209.0
105.0 174.0
57.0 173.0
201.0 50.0
211.0 56.0
109.0 35.0
135.0 80.0
180.0 152.0
246.0 34.0
152.0 63.0
45.0 67.0
236.0 20.0
141.0 51.0
76.0 98.0
55.0 148.0
215.0 45.0
74.0 77.0
241.0 101.0
8.0 114.0
117.0 249.0
233.0 158.0
3.0 153.0
5.0 45.0
189.0 84.0
62.0 68.0
80.0 232.0
114.0 248.0
225.0 84.0
114.0 201.0
195.0 133.0
31.0 10.0
201.0 226.0
153.0 84.0
107.0 183.0
19.0 31.0
117.0 138.0
111.0 143.0
168.0 93.0
46.0 169.0
173.0 15.0
36.0 80.0
28.0 97.0
205.0 124.0
153.0 132.0
164.0 14.0
103.0 246.0
76.0 171.0
140.0 71.0
214.0 226.0
192.0 222.0
130.0 89.0
191.0 36.0
62.0 165.0
117.0 63.0
67.0 141.0
94.0 140.0
144.0 65.0
5.0 166.0
197.0 244.0
85.0 27.0
230.0 71.0
93.0 184.0
7.0 193.0
144.0 213.0
184.0 226.0
175.0 216.0
24.0 78.0
4.0 14.0
87.0 209.0
75.0 139.0
108.0 1.0
238.0 197.0
104.0 202.0
10.0 220.0
40.0 238.0
58.0 214.0
210.0 240.0
225.0 139.0
49.0 195.0
197.0 159.0
159.0 196.0
28.0 27.0
129.0 70.0
242.0 56.0
66.0 5.0
88.0 172.0
38.0 54.0
62.0 126.0
226.0 18.0
136.0 241.0
101.0 229.0
184.0 133.0
54.0 90.0
178.0 165.0
182.0 22.0
6.0 202.0
4.0 56.0
114.0 43.0
215.0 93.0
216.0 226.0
111.0 191.0
119.0 208.0
164.0 33.0
51.0 240.0
20.0 52.0
170.0 66.0
20.0 249.0
250.0 136.0
126.0 57.0
101.0 91.0
246.0 151.0
106.0 88.0
208.0 195.0
45.0 93.0
3.0 36.0
216.0 79.0
172.0 229.0
152.0 150.0
72.0 17.0
65.0 134.0
41.0 21.0
196.0 56.0
59.0 151.0
70.0 148.0
48.0 106.0
214.0 182.0
41.0 114.0
211.0 177.0
231.0 134.0
27.0 110.0
10.0 69.0
107.0 78.0
133.0 66.0
43.0 169.0
238.0 91.0
193.0 100.0
242.0 232.0
194.0 7.0
203.0 24.0
89.0 83.0
54.0 148.0
159.0 60.0
181.0 153.0
61.0 110.0
110.0 195.0
215.0 46.0
153.0 54.0
187.0 4.0
165.0 52.0
121.0 124.0
126.0 11.0
107.0 41.0
80.0 245.0
145.0 69.0
14.0 108.0
231.0 9.0
90.0 199.0
104.0 109.0
191.0 142.0
30.0 220.0
56.0 157.0
64.0 36.0
101.0 212.0
32.0 124.0
79.0 102.0
44.0 220.0
37.0 120.0
156.0 138.0
110.0 41.0
128.0 153.0
231.0 206.0
3.0 58.0
171.0 50.0
93.0 148.0
113.0 247.0
223.0 197.0
59.0 179.0
180.0 63.0
126.0 33.0
103.0 105.0
177.0 109.0
141.0 177.0
216.0 10.0
226.0 9.0
95.0 182.0
176.0 102.0
123.0 100.0
93.0 96.0
224.0 177.0
145.0 89.0
106.0 89.0
80.0 6.0
238.0 206.0
173.0 118.0
205.0 193.0
96.0 174.0
104.0 111.0
24.0 142.0
197.0 187.0
87.0 126.0
98.0 229.0
126.0 101.0
88.0 214.0
229.0 129.0
197.0 157.0
112.0 103.0
45.0 162.0
225.0 45.0
195.0 140.0
6.0 121.0
121.0 219.0
42.0 37.0
197.0 202.0
182.0 100.0
161.0 235.0
243.0 232.0
95.0 150.0
220.0 90.0
5.0 28.0
22.0 226.0
157.0 80.0
24.0 33.0
127.0 244.0
71.0 62.0
112.0 249.0
100.0 77.0
65.0 148.0
158.0 40.0
91.0 197.0
89.0 45.0
34.0 229.0
39.0 247.0
65.0 241.0
206.0 184.0
90.0 244.0
72.0 177.0
142.0 215.0
195.0 62.0
221.0 62.0
168.0 70.0
105.0 83.0
183.0 246.0
236.0 196.0
204.0 84.0
65.0 48.0
48.0 138.0
89.0 152.0
9.0 191.0
100.0 37.0
191.0 81.0
241.0 197.0
70.0 160.0
14.0 174.0
72.0 121.0
216.0 205.0
59.0 9.0
80.0 139.0
141.0 57.0
197.0 173.0
76.0 37.0
149.0 6.0
50.0 124.0
47.0 54.0
227.0 91.0
2.0 224.0
244.0 226.0
144.0 20.0
148.0 153.0
57.0 76.0
86.0 60.0
130.0 41.0
125.0 160.0
74.0 22.0
123.0 16.0
219.0 141.0
167.0 154.0
224.0 35.0
120.0 244.0
181.0 222.0
160.0 150.0
138.0 57.0
242.0 232.0
122.0 60.0
230.0 99.0
83.0 209.0
9.0 54.0
202.0 127.0
194.0 64.0
118.0 115.0
139.0 129.0
141.0 84.0
211.0 234.0
119.0 226.0
172.0 152.0
165.0 89.0
19.0 158.0
37.0 22.0
228.0 37.0
241.0 40.0
138.0 71.0
31.0 197.0
47.0 23.0
3.0 127.0
138.0 177.0
81.0 235.0
163.0 58.0
217.0 67.0
137.0 37.0
219.0 214.0
108.0 76.0
176.0 152.0
113.0 158.0
246.0 248.0
9.0 68.0
155.0 224.0
185.0 183.0
69.0 162.0
199.0 47.0
32.0 224.0
224.0 43.0
25.0 54.0
234.0 39.0
215.0 157.0
173.0 201.0
64.0 88.0
173.0 234.0
247.0 132.0
194.0 109.0
179.0 176.0
7.0 162.0
213.0 81.0
36.0 10.0
196.0 139.0
105.0 24.0
68.0 32.0
219.0 203.0
54.0 8.0
60.0 47.0
26.0 77.0
193.0 150.0
199.0 57.0
53.0 248.0
118.0 143.0
67.0 49.0
220.0 219.0
113.0 223.0
57.0 197.0
53.0 244.0
92.0 241.0
147.0 89.0
22.0 16.0
238.0 109.0
168.0 216.0
115.0 208.0
8.0 132.0
74.0 14.0
29.0 115.0
228.0 58.0
86.0 102.0
186.0 12.0
73.0 178.0
39.0 138.0
225.0 195.0
150.0 117.0
222.0 69.0
55.0 27.0
42.0 149.0
100.0 42.0
114.0 140.0
246.0 212.0
94.0 113.0
43.0 38.0
166.0 201.0
74.0 83.0
108.0 144.0
6.0 190.0
115.0 154.0
164.0 194.0
6.0 140.0
143.0 55.0
186.0 132.0
1.0 185.0
107.0 82.0
173.0 21.0
238.0 1.0
20.0 231.0
136.0 217.0
29.0 1.0
35.0 120.0
214.0 141.0
152.0 38.0
87.0 97.0
248.0 217.0
143.0 237.0
33.0 211.0
102.0 102.0
70.0 6.0
209.0 140.0
137.0 55.0
232.0 221.0
83.0 190.0
77.0 80.0
16.0 206.0
19.0 125.0
224.0 201.0
120.0 107.0
50.0 97.0
193.0 234.0
246.0 62.0
4.0 91.0
144.0 112.0
202.0 78.0
51.0 2.0
49.0 109.0
89.0 60.0
58.0 134.0
247.0 190.0
233.0 130.0
239.0 79.0
152.0 242.0
83.0 213.0
213.0 83.0
98.0 98.0
146.0 1.0
115.0 181.0
250.0 218.0
227.0 235.0
77.0 245.0
243.0 77.0
145.0 117.0
61.0 9.0
39.0 237.0
227.0 229.0
80.0 227.0
39.0 227.0
80.0 210.0
79.0 28.0
218.0 55.0
158.0 190.0
177.0 116.0
187.0 22.0
212.0 136.0
75.0 77.0
167.0 218.0
53.0 249.0
223.0 155.0
140.0 144.0
20.0 152.0
28.0 204.0
88.0 100.0
230.0 103.0
60.0 73.0
148.0 41.0
12.0 64.0
8.0 62.0
23.0 23.0
223.0 156.0
150.0 79.0
236.0 150.0
75.0 136.0
32.0 12.0
210.0 102.0
10.0 204.0
161.0 62.0
8.0 87.0
206.0 30.0
58.0 135.0
62.0 225.0
42.0 73.0
227.0 116.0
198.0 106.0
36.0 59.0
18.0 189.0
104.0 164.0
114.0 150.0
163.0 69.0
223.0 248.0
94.0 134.0
49.0 87.0
30.0 124.0
235.0 97.0
216.0 12.0
50.0 137.0
119.0 80.0
185.0 46.0
102.0 96.0
147.0 80.0
30.0 118.0
0.0 177.0
245.0 55.0
75.0 115.0
158.0 185.0
18.0 145.0
15.0 137.0
179.0 16.0
211.0 137.0
86.0 108.0
80.0 168.0
118.0 227.0
177.0 227.0
24.0 141.0
84.0 186.0
245.0 24.0
133.0 67.0
82.0 41.0
229.0 124.0
41.0 96.0
2.0 166.0
7.0 107.0
127.0 127.0
224.0 199.0
152.0 198.0
97.0 63.0
47.0 162.0
162.0 241.0
199.0 103.0
128.0 214.0
178.0 23.0
209.0 173.0
140.0 154.0
13.0 228.0
46.0 118.0
98.0 65.0
203.0 117.0
76.0 168.0
190.0 156.0
3.0 1.0
20.0 126.0
67.0 143.0
249.0 116.0
165.0 143.0
13.0 152.0
42.0 207.0
54.0 119.0
178.0 119.0
113.0 180.0
230.0 128.0
123.0 74.0
94.0 83.0
188.0 234.0
15.0 160.0
179.0 233.0
191.0 99.0
48.0 118.0
159.0 178.0
58.0 21.0
54.0 193.0
168.0 238.0
137.0 68.0
140.0 20.0
71.0 230.0
233.0 156.0
209.0 239.0
175.0 229.0
243.0 213.0
151.0 220.0
116.0 123.0
131.0 235.0
162.0 152.0
141.0 166.0
3.0 58.0
183.0 153.0
43.0 109.0
33.0 64.0
213.0 161.0
232.0 223.0
183.0 59.0
153.0 223.0
70.0 77.0
58.0 188.0
226.0 182.0
161.0 191.0
25.0 223.0
248.0 71.0
96.0 212.0
223.0 223.0
43.0 155.0
25.0 236.0
239.0 232.0
148.0 80.0
99.0 179.0
91.0 91.0
40.0 13.0
97.0 60.0
172.0 93.0
116.0 85.0
39.0 47.0
6.0 100.0
93.0 161.0
249.0 97.0
78.0 142.0
95.0 114.0
143.0 228.0
26.0 106.0
245.0 190.0
78.0 155.0
7.0 62.0
45.0 13.0
1.0 11.0
212.0 54.0
220.0 85.0
40.0 1.0
101.0 111.0
50.0 144.0
228.0 92.0
223.0 29.0
201.0 23.0
28.0 201.0
188.0 94.0
22.0 126.0
6.0 63.0
12.0 231.0
131.0 157.0
91.0 74.0
105.0 153.0
174.0 209.0
117.0 116.0
213.0 122.0
100.0 83.0
84.0 179.0
249.0 36.0
226.0 107.0
167.0 77.0
123.0 50.0
184.0 38.0
94.0 101.0
166.0 42.0
115.0 246.0
250.0 135.0
246.0 212.0
179.0 133.0
33.0 66.0
60.0 174.0
63.0 160.0
97.0 245.0
175.0 139.0
232.0 42.0
137.0 11.0
139.0 74.0
158.0 88.0
108.0 231.0
170.0 189.0
167.0 103.0
131.0 42.0
77.0 154.0
150.0 138.0
184.0 152.0
69.0 109.0
146.0 87.0
169.0 12.0
127.0 114.0
19.0 194.0
118.0 105.0
7.0 24.0
90.0 248.0
189.0 26.0
16.0 137.0
127.0 68.0
100.0 159.0
235.0 35.0
116.0 22.0
168.0 247.0
71.0 82.0
140.0 187.0
224.0 189.0
105.0 176.0
51.0 107.0
42.0 166.0
59.0 78.0
163.0 193.0
158.0 214.0
153.0 15.0
137.0 186.0
140.0 96.0
59.0 235.0
132.0 121.0
9.0 115.0
238.0 32.0
128.0 131.0
39.0 173.0
243.0 232.0
49.0 165.0
158.0 207.0
4.0 197.0
23.0 83.0
57.0 250.0
248.0 127.0
222.0 65.0
229.0 182.0
37.0 232.0
240.0 123.0
159.0 99.0
136.0 35.0
225.0 1.0
86.0 8.0
90.0 130.0
109.0 49.0
129.0 171.0
15.0 123.0
98.0 155.0
146.0 183.0
118.0 18.0
129.0 101.0
150.0 209.0
179.0 218.0
149.0 193.0
44.0 55.0
139.0 78.0
224.0 28.0
24.0 88.0
217.0 84.0
3.0 224.0
28.0 223.0
28.0 229.0
70.0 208.0
50.0 56.0
80.0 38.0
104.0 83.0
39.0 119.0
126.0 164.0
107.0 92.0
161.0 122.0
178.0 108.0
231.0 144.0
191.0 149.0
159.0 66.0
188.0 58.0
223.0 139.0
119.0 247.0
85.0 132.0
2.0 121.0
226.0 224.0
97.0 73.0
207.0 199.0
37.0 201.0
128.0 247.0
213.0 220.0
214.0 2.0
7.0 125.0
31.0 24.0
2.0 173.0
135.0 217.0
163.0 122.0
34.0 243.0
3.0 186.0
144.0 91.0
75.0 240.0
228.0 205.0
192.0 143.0
147.0 212.0
102.0 63.0
22.0 39.0
133.0 48.0
8.0 66.0
156.0 124.0
173.0 2.0
16.0 10.0
41.0 238.0
150.0 124.0
160.0 247.0
167.0 97.0
158.0 155.0
237.0 79.0
0.0 184.0
180.0 192.0
31.0 217.0
237.0 36.0
163.0 50.0
38.0 221.0
149.0 217.0
111.0 218.0
185.0 77.0
96.0 121.0
150.0 163.0
109.0 230.0
115.0 124.0
56.0 189.0
41.0 122.0
223.0 200.0
176.0 145.0
53.0 174.0
199.0 223.0
70.0 228.0
1.0 130.0
235.0 241.0
9.0 190.0
68.0 22.0
83.0 134.0
199.0 179.0
22.0 21.0
47.0 92.0
56.0 18.0
177.0 239.0
18.0 202.0
157.0 128.0
182.0 37.0
78.0 213.0
81.0 71.0
204.0 188.0
176.0 138.0
22.0 136.0
67.0 212.0
41.0 74.0
230.0 105.0
239.0 236.0
104.0 2.0
127.0 10.0
135.0 166.0
206.0 4.0
228.0 183.0
152.0 14.0
92.0 189.0
150.0 16.0
41.0 93.0
71.0 70.0
125.0 99.0
37.0 122.0
19.0 173.0
205.0 242.0
184.0 131.0
180.0 134.0
83.0 123.0
13.0 96.0
98.0 53.0
81.0 136.0
73.0 95.0
162.0 50.0
223.0 224.0
141.0 40.0
239.0 30.0
30.0 46.0
181.0 126.0
109.0 17.0
127.0 33.0
7.0 145.0
48.0 231.0
142.0 174.0
236.0 139.0
224.0 187.0
141.0 81.0
109.0 98.0
72.0 122.0
85.0 133.0
242.0 220.0
6.0 154.0
221.0 194.0
223.0 224.0
175.0 79.0
110.0 156.0
67.0 242.0
8.0 63.0
76.0 210.0
1.0 23.0
33.0 210.0
236.0 12.0
5.0 234.0
68.0 74.0
213.0 20.0
114.0 30.0
13.0 128.0
132.0 56.0
30.0 133.0
175.0 58.0
38.0 229.0
61.0 52.0
38.0 150.0
244.0 99.0
20.0 80.0
243.0 134.0
238.0 62.0
84.0 104.0
87.0 239.0
54.0 137.0
51.0 25.0
85.0 37.0
202.0 184.0
188.0 181.0
53.0 42.0
141.0 12.0
153.0 175.0
224.0 65.0
105.0 175.0
69.0 101.0
236.0 217.0
60.0 158.0
11.0 155.0
211.0 214.0
30.0 231.0
88.0 162.0
65.0 25.0
86.0 151.0

250.0 229.0
13.0 8.0
27.0 175.0
86.0 74.0
142.0 177.0
181.0 155.0
218.0 104.0
111.0 242.0
117.0 231.0
8.0 6.0
215.0 135.0
129.0 90.0
244.0 237.0
177.0 14.0
170.0 125.0
200.0 204.0
53.0 101.0
12.0 35.0
229.0 177.0
44.0 34.0
192.0 147.0
219.0 190.0
76.0 57.0
132.0 203.0
28.0 44.0
231.0 236.0
248.0 47.0
193.0 96.0
85.0 206.0
35.0 58.0
106.0 61.0
33.0 142.0
180.0 32.0
136.0 149.0
59.0 153.0
36.0 166.0
164.0 123.0
240.0 225.0
197.0 89.0
186.0 170.0
105.0 68.0
62.0 82.0
195.0 29.0
67.0 163.0
47.0 212.0
119.0 66.0
104.0 24.0
113.0 188.0
253.0 17.0
132.0 53.0
162.0 138.0
67.0 160.0
252.0 121.0
186.0 52.0
11.0 118.0
235.0 127.0
112.0 12.0
230.0 36.0
179.0 205.0
154.0 97.0
44.0 142.0
82.0 170.0
205.0 237.0
80.0 57.0
210.0 151.0
44.0 16.0
39.0 137.0
149.0 35.0
107.0 60.0
9.0 124.0
72.0 198.0
70.0 114.0
180.0 29.0
175.0 115.0
226.0 249.0
22.0 240.0
247.0 105.0
6.0 126.0
133.0 130.0
89.0 226.0
143.0 56.0
51.0 25.0
141.0 41.0
124.0 60.0
192.0 164.0
11.0 226.0
169.0 184.0
159.0 153.0
142.0 117.0
161.0 11.0
114.0 57.0
8.0 136.0
183.0 109.0
7.0 222.0
136.0 25.0
143.0 103.0
157.0 27.0
84.0 211.0
230.0 38.0
35.0 158.0
133.0 135.0
209.0 131.0
166.0 148.0
16.0 147.0
155.0 47.0
115.0 17.0
233.0 152.0
72.0 195.0
97.0 214.0
85.0 204.0
101.0 28.0
209.0 195.0
224.0 220.0
166.0 6.0
222.0 26.0
221.0 80.0
66.0 64.0
172.0 24.0
116.0 35.0
22.0 53.0
26.0 18.0
248.0 186.0
179.0 101.0
143.0 111.0
51.0 210.0
221.0 169.0
141.0 215.0
65.0 17.0
26.0 44.0
21.0 62.0
42.0 33.0
170.0 65.0
246.0 94.0
133.0 160.0
100.0 87.0
53.0 49.0
87.0 67.0
136.0 247.0
107.0 178.0
230.0 22.0
14.0 8.0
235.0 252.0
209.0 34.0
143.0 6.0
67.0 88.0
166.0 161.0
226.0 123.0
112.0 254.0
148.0 83.0
87.0 26.0
90.0 245.0
75.0 187.0
36.0 245.0
78.0 14.0
84.0 32.0
10.0 173.0
232.0 83.0
135.0 30.0
195.0 219.0
151.0 188.0
13.0 26.0
28.0 128.0
20.0 67.0
142.0 98.0
54.0 27.0
145.0 11.0
44.0 79.0
241.0 71.0
37.0 23.0
210.0 53.0
187.0 99.0
191.0 83.0
67.0 111.0
222.0 180.0
23.0 210.0
149.0 93.0
51.0 41.0
30.0 252.0
240.0 6.0
45.0 40.0
178.0 205.0
130.0 66.0
5.0 188.0
239.0 7.0
81.0 211.0
85.0 101.0
114.0 14.0
107.0 208.0
100.0 152.0
180.0 155.0
13.0 56.0
170.0 161.0
244.0 232.0
201.0 196.0
107.0 109.0
164.0 156.0
250.0 120.0
184.0 118.0
213.0 122.0
156.0 177.0
72.0 116.0
43.0 226.0
20.0 22.0
74.0 110.0
235.0 52.0
196.0 87.0
218.0 96.0
66.0 168.0
125.0 34.0
27.0 158.0
117.0 246.0
254.0 89.0
122.0 138.0
112.0 241.0
195.0 39.0
70.0 47.0
192.0 207.0
53.0 236.0
136.0 153.0
241.0 110.0
52.0 118.0
41.0 215.0
40.0 109.0
104.0 128.0
46.0 123.0
49.0 37.0
131.0 144.0
69.0 198.0
127.0 162.0
251.0 57.0
124.0 130.0
153.0 42.0
252.0 40.0
69.0 99.0
106.0 128.0
190.0 209.0
152.0 26.0
188.0 28.0
75.0 229.0
78.0 218.0
45.0 87.0
218.0 100.0
230.0 56.0
226.0 231.0
165.0 54.0
48.0 163.0
166.0 23.0
27.0 190.0
30.0 153.0
125.0 111.0
96.0 21.0
30.0 9.0
22.0 229.0
159.0 201.0
213.0 121.0
147.0 183.0
179.0 90.0
242.0 146.0
66.0 173.0
52.0 234.0
72.0 36.0
182.0 35.0
87.0 201.0
111.0 55.0
142.0 245.0
195.0 48.0
147.0 185.0
18.0 106.0
116.0 135.0
120.0 249.0
245.0 131.0
203.0 9.0
135.0 33.0
200.0 162.0
214.0 41.0
184.0 224.0
205.0 107.0
147.0 200.0
101.0 166.0
223.0 146.0
125.0 89.0
42.0 93.0
21.0 145.0
140.0 32.0
226.0 6.0
239.0 187.0
203.0 204.0
204.0 75.0
86.0 221.0
124.0 252.0
28.0 220.0
179.0 89.0
64.0 216.0
122.0 146.0
218.0 101.0
183.0 76.0
58.0 188.0
62.0 240.0
53.0 38.0
229.0 143.0
75.0 135.0
37.0 201.0
228.0 53.0
43.0 82.0
33.0 26.0
116.0 30.0
229.0 203.0
100.0 15.0
120.0 167.0
61.0 235.0
103.0 40.0
165.0 227.0
142.0 195.0
150.0 214.0
11.0 6.0
49.0 53.0
164.0 9.0
241.0 57.0
162.0 74.0
141.0 202.0
160.0 44.0
195.0 60.0
23.0 76.0
136.0 144.0
183.0 31.0
47.0 118.0
172.0 26.0
48.0 171.0
67.0 75.0
38.0 134.0
186.0 117.0
168.0 37.0
137.0 205.0
130.0 28.0
146.0 249.0
44.0 254.0
187.0 26.0
146.0 245.0
190.0 187.0
185.0 233.0
251.0 77.0
143.0 155.0
199.0 24.0
16.0 75.0
111.0 20.0
149.0 176.0
253.0 39.0
37.0 192.0
116.0 81.0
136.0 33.0
232.0 68.0
38.0 112.0
223.0 24.0
125.0 9.0
198.0 51.0
225.0 83.0
103.0 157.0
248.0 68.0
160.0 93.0
159.0 123.0
239.0 117.0
210.0 235.0
114.0 184.0
113.0 120.0
69.0 169.0
211.0 77.0
224.0 195.0
235.0 122.0
112.0 69.0
10.0 202.0
42.0 28.0
147.0 191.0
160.0 151.0
191.0 117.0
93.0 44.0
81.0 175.0
200.0 250.0
88.0 94.0
9.0 142.0
191.0 65.0
147.0 101.0
157.0 151.0
40.0 130.0
187.0 10.0
40.0 74.0
250.0 14.0
100.0 224.0
120.0 158.0
86.0 109.0
91.0 251.0
188.0 98.0
242.0 181.0
142.0 28.0
153.0 87.0
107.0 79.0
22.0 101.0
43.0 19.0
241.0 143.0
53.0 116.0
229.0 56.0
134.0 252.0
219.0 149.0
237.0 160.0
186.0 127.0
132.0 178.0
201.0 35.0
154.0 70.0
70.0 99.0
197.0 187.0
122.0 6.0
118.0 165.0
155.0 30.0
99.0 235.0
42.0 20.0
197.0 67.0
91.0 246.0
67.0 36.0
69.0 226.0
155.0 192.0
109.0 170.0
246.0 7.0
14.0 51.0
58.0 11.0
51.0 56.0
99.0 23.0
165.0 24.0
141.0 224.0
39.0 53.0
142.0 151.0
54.0 218.0
77.0 219.0
233.0 201.0
150.0 237.0
77.0 196.0
245.0 162.0
241.0 221.0
169.0 167.0
113.0 79.0
179.0 131.0
91.0 11.0
19.0 26.0
7.0 109.0
10.0 163.0
129.0 191.0
104.0 177.0
37.0 78.0
53.0 52.0
215.0 77.0
196.0 204.0
248.0 15.0
189.0 71.0
102.0 230.0
39.0 62.0
23.0 245.0
119.0 222.0
110.0 171.0
180.0 72.0
24.0 177.0
149.0 123.0
233.0 177.0
104.0 128.0
119.0 242.0
106.0 199.0
37.0 234.0
110.0 249.0
169.0 49.0
59.0 247.0
252.0 81.0
245.0 98.0
63.0 191.0
141.0 52.0
152.0 161.0
202.0 75.0
102.0 24.0
177.0 151.0
116.0 148.0
70.0 159.0
151.0 81.0
187.0 115.0
239.0 158.0
255.0 57.0
116.0 242.0
170.0 247.0
125.0 8.0
18.0 87.0
198.0 241.0
26.0 53.0
223.0 170.0
210.0 151.0
235.0 217.0
11.0 113.0
102.0 37.0
72.0 163.0
46.0 105.0
63.0 240.0
16.0 109.0
35.0 90.0
136.0 25.0
183.0 34.0
145.0 252.0
51.0 174.0
138.0 64.0
179.0 211.0
159.0 140.0
169.0 31.0
122.0 35.0
204.0 101.0
178.0 250.0
191.0 198.0
149.0 117.0
171.0 157.0
53.0 49.0
16.0 17.0
170.0 238.0
205.0 125.0
73.0 231.0
79.0 239.0
192.0 86.0
225.0 247.0
218.0 155.0
10.0 234.0
29.0 107.0
68.0 107.0
86.0 71.0
104.0 138.0
72.0 142.0
226.0 12.0
139.0 48.0
9.0 113.0
143.0 40.0
138.0 25.0
100.0 207.0
251.0 71.0
117.0 157.0
112.0 29.0
175.0 128.0
212.0 217.0
131.0 98.0
250.0 183.0
183.0 84.0
195.0 94.0
57.0 88.0
59.0 179.0
9.0 208.0
186.0 192.0
72.0 71.0
41.0 125.0
209.0 186.0
213.0 22.0
226.0 212.0
213.0 226.0
191.0 192.0
161.0 51.0
116.0 105.0
111.0 105.0
43.0 85.0
156.0 85.0
69.0 146.0
235.0 173.0
206.0 59.0
174.0 249.0
157.0 122.0
218.0 125.0
29.0 102.0
227.0 182.0
229.0 187.0
176.0 232.0
149.0 140.0
251.0 81.0
45.0 82.0
56.0 35.0
53.0 242.0
86.0 185.0
159.0 222.0
142.0 60.0
172.0 245.0
161.0 139.0
147.0 37.0
75.0 193.0
169.0 215.0
6.0 39.0
93.0 185.0
31.0 81.0
18.0 67.0
235.0 85.0
188.0 254.0
142.0 187.0
18.0 9.0
96.0 202.0
49.0 94.0
94.0 122.0
107.0 172.0
244.0 234.0
177.0 144.0
226.0 128.0
92.0 31.0
82.0 132.0
143.0 136.0
35.0 99.0
194.0 42.0
82.0 200.0
137.0 25.0
187.0 243.0
18.0 50.0
159.0 85.0
246.0 73.0
193.0 26.0
70.0 178.0
29.0 98.0
135.0 160.0
88.0 35.0
199.0 220.0
145.0 235.0
161.0 211.0
24.0 81.0
103.0 22.0
66.0 71.0
156.0 147.0
110.0 11.0
240.0 141.0
205.0 93.0
147.0 175.0
163.0 238.0
70.0 193.0
242.0 130.0
249.0 98.0
237.0 221.0
193.0 18.0
142.0 5.0
237.0 244.0
23.0 204.0
60.0 22.0
129.0 31.0
27.0 131.0
42.0 99.0
110.0 90.0
234.0 202.0
125.0 20.0
223.0 178.0
187.0 167.0
66.0 252.0
198.0 193.0
6.0 130.0
170.0 156.0
148.0 158.0
120.0 131.0
83.0 174.0
116.0 21.0
227.0 251.0
164.0 167.0
170.0 70.0
112.0 150.0
161.0 26.0
144.0 15.0
168.0 144.0
156.0 210.0
5.0 56.0
205.0 63.0
90.0 238.0
229.0 17.0
196.0 120.0
73.0 12.0
148.0 170.0
158.0 123.0
188.0 160.0
195.0 25.0
98.0 108.0
170.0 183.0
170.0 223.0
106.0 9.0
232.0 221.0
228.0 27.0
231.0 228.0
153.0 123.0
146.0 229.0
69.0 46.0
143.0 201.0
223.0 168.0
146.0 227.0
12.0 233.0
54.0 114.0
85.0 236.0
185.0 186.0
224.0 73.0
57.0 172.0
199.0 200.0
189.0 201.0
19.0 78.0
186.0 203.0
170.0 238.0
142.0 154.0
91.0 171.0
9.0 6.0
165.0 203.0
94.0 175.0
42.0 217.0
190.0 49.0
219.0 244.0
163.0 229.0
95.0 144.0
100.0 121.0
7.0 64.0
199.0 231.0
108.0 233.0
179.0 88.0
241.0 161.0
214.0 97.0
251.0 212.0
92.0 101.0
56.0 188.0
197.0 36.0
11.0 54.0
127.0 155.0
19.0 74.0
221.0 17.0
90.0 69.0
140.0 116.0
104.0 9.0
171.0 250.0
145.0 190.0
245.0 71.0
54.0 170.0
16.0 90.0
162.0 47.0
63.0 170.0
225.0 91.0
211.0 197.0
165.0 16.0
179.0 37.0
31.0 244.0
120.0 118.0
91.0 41.0
198.0 152.0
158.0 34.0
96.0 135.0
198.0 147.0
248.0 89.0
111.0 253.0
66.0 20.0
192.0 33.0
61.0 194.0
17.0 185.0
26.0 70.0
111.0 80.0
29.0 126.0
40.0 186.0
44.0 42.0
162.0 171.0
68.0 101.0
36.0 163.0
168.0 128.0
109.0 205.0
219.0 235.0
66.0 11.0
104.0 58.0
70.0 155.0
61.0 93.0
155.0 210.0
30.0 10.0
138.0 79.0
87.0 94.0
164.0 152.0
189.0 155.0
159.0 179.0
167.0 110.0
149.0 88.0
123.0 236.0
87.0 41.0
220.0 178.0
86.0 73.0
194.0 55.0
233.0 204.0
204.0 165.0
81.0 43.0
211.0 221.0
88.0 131.0
92.0 24.0
206.0 129.0
126.0 86.0
70.0 28.0
150.0 30.0
59.0 93.0
96.0 157.0
74.0 67.0
193.0 78.0
199.0 15.0
64.0 216.0
184.0 180.0
172.0 225.0
62.0 107.0
251.0 186.0
207.0 46.0
215.0 68.0
7.0 8.0
158.0 158.0
121.0 113.0
243.0 68.0
76.0 218.0
220.0 187.0
79.0 93.0
62.0 241.0
145.0 21.0
227.0 19.0
86.0 220.0
22.0 43.0
43.0 34.0
134.0 65.0
240.0 237.0
155.0 110.0
48.0 242.0
151.0 39.0
124.0 160.0
108.0 215.0
117.0 172.0
232.0 141.0
40.0 243.0
77.0 48.0
235.0 49.0
68.0 118.0
119.0 245.0
46.0 236.0
246.0 86.0
245.0 108.0
32.0 145.0
245.0 182.0
49.0 18.0
155.0 162.0
91.0 144.0
191.0 139.0
47.0 242.0
63.0 13.0
178.0 121.0
178.0 105.0
189.0 236.0
198.0 9.0
79.0 139.0
115.0 201.0
19.0 64.0
225.0 88.0
136.0 143.0
54.0 137.0
75.0 162.0
248.0 137.0
69.0 208.0
71.0 125.0
40.0 220.0
209.0 132.0
91.0 224.0
88.0 167.0
251.0 75.0
61.0 205.0
232.0 152.0
38.0 21.0
198.0 218.0
63.0 197.0
162.0 203.0
233.0 42.0
133.0 59.0
132.0 158.0
247.0 66.0
64.0 218.0
175.0 52.0
63.0 96.0
113.0 104.0
168.0 40.0
34.0 74.0
24.0 134.0
162.0 74.0
170.0 120.0
199.0 171.0
209.0 217.0
128.0 57.0
126.0 117.0
27.0 67.0
251.0 184.0
71.0 181.0
75.0 144.0
43.0 11.0
28.0 161.0
156.0 33.0
15.0 12.0
115.0 167.0
246.0 68.0
124.0 142.0
237.0 195.0
117.0 80.0
171.0 182.0
56.0 126.0
110.0 129.0
206.0 177.0
124.0 91.0
73.0 169.0
195.0 229.0
90.0 112.0
112.0 181.0
71.0 167.0
65.0 253.0
155.0 131.0
14.0 24.0
149.0 199.0
223.0 117.0
88.0 39.0
116.0 43.0
87.0 157.0
210.0 68.0
120.0 178.0
206.0 79.0
240.0 212.0
61.0 60.0
223.0 17.0
41.0 250.0
242.0 215.0
200.0 236.0
228.0 250.0
102.0 191.0
139.0 127.0
192.0 98.0
139.0 9.0
217.0 86.0
66.0 163.0
187.0 53.0
66.0 77.0
239.0 110.0
103.0 237.0
198.0 144.0
169.0 207.0
95.0 130.0
197.0 93.0
90.0 144.0
198.0 229.0
119.0 77.0
226.0 242.0
158.0 107.0
24.0 226.0
13.0 88.0
156.0 72.0
149.0 254.0
44.0 255.0
102.0 43.0
106.0 56.0
130.0 75.0
61.0 150.0
223.0 158.0
199.0 98.0
54.0 49.0
39.0 105.0
117.0 196.0
114.0 214.0
177.0 38.0
98.0 111.0
11.0 235.0
191.0 152.0
146.0 50.0
111.0 139.0
169.0 73.0
184.0 53.0
222.0 204.0
56.0 201.0
129.0 164.0
101.0 60.0
157.0 55.0
222.0 170.0
184.0 212.0
194.0 238.0
200.0 110.0
155.0 188.0
27.0 44.0
14.0 160.0
30.0 195.0
224.0 106.0
147.0 130.0
139.0 82.0
38.0 45.0
174.0 31.0
146.0 131.0
208.0 26.0
55.0 233.0
35.0 119.0
54.0 109.0
132.0 187.0
182.0 48.0
31.0 244.0
45.0 11.0
87.0 21.0
51.0 234.0
101.0 156.0
187.0 47.0
216.0 142.0
194.0 196.0
157.0 29.0
67.0 113.0
111.0 152.0
114.0 17.0
203.0 235.0
196.0 112.0
228.0 35.0
172.0 234.0
207.0 254.0
72.0 33.0
99.0 234.0
202.0 167.0
59.0 74.0
239.0 226.0
230.0 33.0
203.0 241.0
63.0 224.0
253.0 152.0
48.0 130.0
241.0 132.0
238.0 32.0
183.0 91.0
15.0 14.0
171.0 130.0
160.0 31.0
232.0 83.0
53.0 36.0
85.0 106.0
138.0 91.0
142.0 49.0
151.0 26.0
83.0 185.0
127.0 197.0
242.0 180.0
7.0 100.0
253.0 250.0
33.0 185.0
32.0 233.0
115.0 37.0
238.0 188.0
223.0 149.0
121.0 101.0
134.0 75.0
254.0 200.0
176.0 53.0
236.0 46.0
212.0 21.0
198.0 91.0
109.0 241.0
94.0 195.0
75.0 61.0
214.0 157.0
219.0 187.0
51.0 202.0
80.0 98.0
77.0 10.0
167.0 105.0
155.0 181.0
45.0 55.0
64.0 35.0
182.0 76.0
209.0 59.0
253.0 222.0
130.0 21.0
140.0 35.0
235.0 170.0
38.0 41.0
48.0 167.0
13.0 12.0
210.0 49.0
13.0 203.0
159.0 26.0
73.0 230.0
184.0 219.0
116.0 174.0
33.0 69.0
177.0 220.0
203.0 144.0
86.0 32.0
253.0 181.0
81.0 48.0
77.0 218.0
236.0 251.0
137.0 34.0
81.0 36.0
217.0 140.0
143.0 22.0
55.0 138.0
171.0 110.0
78.0 82.0
158.0 18.0
179.0 22.0
48.0 152.0
153.0 6.0
88.0 243.0
112.0 93.0
123.0 203.0
104.0 254.0
162.0 12.0
171.0 119.0
120.0 189.0
141.0 53.0
199.0 53.0
44.0 152.0
197.0 243.0
81.0 27.0
64.0 239.0
136.0 59.0
150.0 51.0
157.0 145.0
48.0 171.0
254.0 8.0
133.0 51.0
226.0 165.0
65.0 156.0
245.0 54.0
225.0 131.0
252.0 252.0
253.0 49.0
221.0 180.0
239.0 204.0
176.0 110.0
151.0 212.0
246.0 194.0
151.0 35.0
60.0 32.0
30.0 93.0
92.0 70.0
14.0 177.0
143.0 219.0
52.0 204.0
223.0 152.0
236.0 162.0
129.0 253.0
69.0 164.0
91.0 64.0
101.0 65.0
169.0 99.0
23.0 196.0
161.0 207.0
150.0 64.0
69.0 13.0
216.0 156.0
247.0 227.0
51.0 114.0
173.0 227.0
183.0 11.0
78.0 75.0
88.0 133.0
254.0 29.0
211.0 131.0
172.0 32.0
139.0 53.0
56.0 141.0
169.0 8.0
204.0 60.0
7.0 107.0
97.0 231.0
10.0 30.0
160.0 155.0
10.0 8.0
130.0 210.0
87.0 201.0
248.0 250.0
163.0 114.0
120.0 182.0
138.0 171.0
97.0 111.0
120.0 214.0
110.0 179.0
61.0 178.0
206.0 56.0
217.0 61.0
115.0 41.0
141.0 86.0
186.0 157.0
251.0 39.0
157.0 68.0
50.0 72.0
241.0 24.0
146.0 57.0
80.0 104.0
60.0 153.0
220.0 50.0
79.0 82.0
247.0 105.0
13.0 120.0
121.0 253.0
238.0 163.0
8.0 158.0
9.0 50.0
194.0 89.0
67.0 74.0
85.0 237.0
118.0 254.0
231.0 89.0
119.0 207.0
199.0 139.0
35.0 14.0
206.0 230.0
158.0 90.0
113.0 187.0
23.0 37.0
122.0 143.0
116.0 147.0
173.0 97.0
51.0 175.0
177.0 20.0
41.0 84.0
34.0 102.0
209.0 129.0
158.0 138.0
168.0 19.0
108.0 250.0
81.0 177.0
145.0 77.0
219.0 231.0
197.0 227.0
136.0 93.0
196.0 40.0
66.0 170.0
121.0 68.0
72.0 145.0
99.0 145.0
150.0 70.0
10.0 170.0
201.0 248.0
90.0 31.0
234.0 75.0
98.0 190.0
13.0 198.0
150.0 218.0
189.0 231.0
179.0 221.0
30.0 82.0
10.0 19.0
92.0 215.0
79.0 145.0
112.0 6.0
242.0 203.0
109.0 207.0
15.0 226.0
44.0 243.0
62.0 219.0
214.0 245.0
230.0 144.0
53.0 201.0
202.0 165.0
164.0 201.0
32.0 32.0
134.0 74.0
247.0 62.0
71.0 10.0
92.0 177.0
43.0 59.0
68.0 130.0
232.0 24.0
141.0 246.0
107.0 234.0
188.0 137.0
60.0 94.0
184.0 170.0
186.0 27.0
11.0 207.0
10.0 61.0
119.0 48.0
220.0 98.0
220.0 232.0
116.0 195.0
124.0 213.0
169.0 38.0
55.0 245.0
25.0 56.0
175.0 72.0
25.0 255.0
254.0 140.0
132.0 61.0
106.0 96.0
251.0 155.0
111.0 94.0
212.0 199.0
50.0 98.0
8.0 42.0
221.0 85.0
178.0 234.0
157.0 156.0
76.0 22.0
70.0 139.0
45.0 26.0
202.0 62.0
64.0 155.0
75.0 152.0
52.0 110.0
219.0 188.0
46.0 120.0
215.0 182.0
236.0 138.0
32.0 115.0
14.0 74.0
113.0 83.0
137.0 71.0
47.0 174.0
243.0 95.0
197.0 104.0
246.0 237.0
200.0 11.0
208.0 28.0
95.0 87.0
59.0 153.0
164.0 65.0
187.0 158.0
65.0 115.0
116.0 201.0
220.0 51.0
158.0 59.0
191.0 9.0
169.0 57.0
125.0 129.0
131.0 16.0
111.0 46.0
86.0 250.0
150.0 73.0
19.0 112.0
235.0 14.0
96.0 204.0
109.0 114.0
196.0 147.0
34.0 225.0
61.0 161.0
69.0 40.0
107.0 216.0
36.0 129.0
84.0 107.0
49.0 226.0
43.0 124.0
160.0 143.0
115.0 46.0
132.0 158.0
236.0 212.0
8.0 63.0
177.0 54.0
97.0 154.0
117.0 253.0
228.0 202.0
64.0 185.0
184.0 68.0
130.0 39.0
109.0 110.0
183.0 115.0
146.0 182.0
220.0 15.0
231.0 14.0
100.0 188.0
180.0 106.0
128.0 105.0
98.0 101.0
229.0 181.0
151.0 94.0
110.0 95.0
86.0 12.0
244.0 212.0
178.0 122.0
211.0 198.0
101.0 178.0
109.0 116.0
28.0 147.0
201.0 191.0
93.0 131.0
103.0 234.0
131.0 107.0
93.0 219.0
234.0 134.0
203.0 162.0
117.0 109.0
49.0 167.0
231.0 51.0
201.0 144.0
12.0 125.0
126.0 225.0
48.0 42.0
203.0 207.0
186.0 105.0
167.0 241.0
248.0 237.0
100.0 155.0
225.0 95.0
10.0 33.0
27.0 232.0
163.0 85.0
29.0 39.0
132.0 249.0
77.0 68.0
117.0 253.0
105.0 83.0
71.0 153.0
164.0 46.0
96.0 203.0
93.0 50.0
39.0 233.0
44.0 251.0
69.0 247.0
211.0 188.0
96.0 248.0
77.0 182.0
147.0 219.0
201.0 66.0
227.0 68.0
173.0 75.0
109.0 88.0
188.0 251.0
240.0 202.0
208.0 88.0
71.0 53.0
52.0 142.0
93.0 157.0
14.0 196.0
106.0 42.0
197.0 86.0
246.0 202.0
75.0 164.0
18.0 179.0
77.0 126.0
221.0 211.0
63.0 13.0
86.0 144.0
145.0 63.0
203.0 178.0
80.0 42.0
154.0 10.0
54.0 128.0
51.0 59.0
233.0 96.0
7.0 229.0
249.0 230.0
149.0 24.0
154.0 158.0
62.0 82.0
92.0 65.0
135.0 45.0
129.0 165.0
80.0 26.0
129.0 22.0
224.0 145.0
172.0 158.0
228.0 41.0
125.0 248.0
186.0 228.0
166.0 155.0
142.0 62.0
247.0 237.0
128.0 66.0
234.0 105.0
89.0 214.0
15.0 59.0
207.0 131.0
198.0 68.0
123.0 119.0
145.0 134.0
146.0 89.0
217.0 238.0
124.0 231.0
177.0 157.0
170.0 94.0
24.0 164.0
42.0 26.0
232.0 43.0
245.0 45.0
143.0 76.0
36.0 202.0
51.0 27.0
8.0 133.0
143.0 181.0
87.0 239.0
168.0 63.0
222.0 72.0
141.0 42.0
225.0 219.0
113.0 81.0
180.0 158.0
117.0 163.0
252.0 254.0
13.0 74.0
160.0 229.0
189.0 189.0
74.0 166.0
203.0 52.0
37.0 229.0
229.0 47.0
30.0 60.0
239.0 44.0
220.0 162.0
178.0 206.0
68.0 93.0
178.0 239.0
253.0 137.0
199.0 114.0
183.0 180.0
12.0 168.0
218.0 87.0
41.0 16.0
201.0 143.0
111.0 28.0
73.0 36.0
225.0 209.0
58.0 12.0
64.0 53.0
31.0 82.0
198.0 156.0
205.0 63.0
58.0 253.0
123.0 149.0
72.0 53.0
224.0 224.0
117.0 228.0
61.0 202.0
58.0 249.0
96.0 246.0
152.0 94.0
28.0 20.0
243.0 115.0
172.0 221.0
121.0 213.0
14.0 138.0
80.0 19.0
34.0 119.0
234.0 63.0
91.0 107.0
192.0 16.0
79.0 183.0
44.0 144.0
229.0 200.0
156.0 121.0
227.0 75.0
59.0 33.0
47.0 154.0
104.0 47.0
119.0 145.0
250.0 217.0
100.0 119.0
48.0 43.0
170.0 207.0
78.0 88.0
112.0 148.0
10.0 194.0
120.0 159.0
170.0 199.0
12.0 145.0
148.0 61.0
191.0 137.0
6.0 190.0
113.0 87.0
177.0 26.0
244.0 7.0
24.0 236.0
141.0 221.0
34.0 6.0
41.0 125.0
220.0 145.0
158.0 43.0
92.0 102.0
252.0 223.0
147.0 243.0
38.0 216.0
107.0 107.0
74.0 12.0
214.0 145.0
143.0 59.0
236.0 226.0
88.0 195.0
82.0 84.0
22.0 211.0
25.0 131.0
229.0 205.0
125.0 113.0
55.0 101.0
197.0 240.0
251.0 68.0
8.0 96.0
149.0 117.0
206.0 83.0
55.0 7.0
54.0 115.0
95.0 66.0
63.0 139.0
252.0 195.0
237.0 134.0
244.0 84.0
158.0 248.0
88.0 217.0
219.0 87.0
103.0 103.0
151.0 5.0
120.0 187.0
255.0 222.0
232.0 239.0
82.0 250.0
248.0 82.0
150.0 123.0
65.0 15.0
45.0 242.0
232.0 233.0
85.0 233.0
45.0 231.0
85.0 214.0
84.0 32.0
222.0 60.0
164.0 195.0
181.0 121.0
192.0 27.0
217.0 140.0
79.0 82.0
171.0 224.0
58.0 255.0
228.0 159.0
146.0 148.0
26.0 156.0
34.0 210.0
93.0 106.0
234.0 109.0
65.0 78.0
153.0 46.0
17.0 68.0
13.0 66.0
28.0 29.0
227.0 161.0
154.0 83.0
241.0 155.0
81.0 141.0
38.0 18.0
215.0 108.0
14.0 210.0
167.0 68.0
13.0 92.0
211.0 35.0
64.0 140.0
67.0 231.0
48.0 78.0
232.0 120.0
204.0 111.0
41.0 64.0
24.0 194.0
109.0 169.0
119.0 155.0
169.0 75.0
228.0 253.0
100.0 139.0
54.0 91.0
35.0 129.0
240.0 102.0
221.0 16.0
55.0 142.0
123.0 85.0
189.0 51.0
106.0 102.0
153.0 85.0
34.0 124.0
6.0 183.0
249.0 60.0
80.0 119.0
163.0 190.0
24.0 150.0
19.0 142.0
183.0 21.0
215.0 143.0
91.0 112.0
84.0 172.0
123.0 233.0
183.0 232.0
28.0 146.0
89.0 191.0
249.0 29.0
137.0 72.0
88.0 45.0
233.0 129.0
46.0 101.0
7.0 170.0
12.0 111.0
131.0 133.0
230.0 205.0
157.0 203.0
101.0 67.0
53.0 167.0
166.0 245.0
204.0 109.0
133.0 219.0
183.0 28.0
213.0 179.0
145.0 159.0
18.0 233.0
51.0 122.0
102.0 70.0
207.0 122.0
82.0 174.0
194.0 160.0
9.0 5.0
25.0 130.0
72.0 148.0
254.0 121.0
170.0 147.0
18.0 156.0
47.0 213.0
59.0 124.0
183.0 124.0
118.0 186.0
234.0 133.0
128.0 80.0
99.0 88.0
192.0 239.0
20.0 166.0
184.0 239.0
196.0 104.0
53.0 124.0
164.0 184.0
63.0 25.0
58.0 197.0
173.0 243.0
142.0 73.0
146.0 24.0
77.0 234.0
238.0 161.0
213.0 243.0
180.0 234.0
248.0 218.0
155.0 226.0
122.0 129.0
136.0 241.0
167.0 158.0
147.0 172.0
9.0 64.0
189.0 158.0
48.0 115.0
39.0 68.0
217.0 166.0
236.0 227.0
189.0 64.0
159.0 228.0
75.0 83.0
63.0 193.0
232.0 187.0
166.0 195.0
29.0 228.0
252.0 77.0
101.0 216.0
228.0 227.0
48.0 159.0
30.0 241.0
244.0 237.0
153.0 86.0
104.0 184.0
95.0 97.0
46.0 17.0
102.0 65.0
177.0 98.0
121.0 91.0
45.0 52.0
12.0 105.0
99.0 165.0
253.0 102.0
84.0 146.0
100.0 120.0
147.0 232.0
31.0 111.0
250.0 195.0
83.0 159.0
13.0 67.0
50.0 19.0
5.0 17.0
218.0 59.0
225.0 91.0
45.0 6.0
105.0 116.0
55.0 150.0
234.0 96.0
229.0 35.0
207.0 28.0
32.0 206.0
193.0 98.0
26.0 130.0
11.0 68.0
17.0 236.0
136.0 163.0
96.0 78.0
109.0 159.0
180.0 214.0
123.0 122.0
217.0 127.0
104.0 87.0
89.0 185.0
253.0 42.0
230.0 113.0
173.0 82.0
127.0 55.0
189.0 43.0
98.0 106.0
171.0 46.0
120.0 250.0
255.0 141.0
251.0 216.0
185.0 138.0
38.0 70.0
66.0 180.0
68.0 166.0
102.0 251.0
180.0 144.0
236.0 47.0
141.0 16.0
145.0 80.0
163.0 93.0
113.0 236.0
175.0 193.0
171.0 108.0
137.0 47.0
81.0 160.0
154.0 142.0
190.0 157.0
74.0 114.0
150.0 92.0
174.0 16.0
131.0 119.0
24.0 200.0
123.0 111.0
12.0 28.0
94.0 252.0
195.0 32.0
22.0 142.0
131.0 74.0
105.0 164.0
239.0 40.0
121.0 28.0
173.0 251.0
77.0 87.0
146.0 193.0
229.0 195.0
109.0 180.0
55.0 112.0
46.0 170.0
63.0 83.0
168.0 198.0
164.0 219.0
158.0 20.0
142.0 190.0
146.0 100.0
64.0 240.0
137.0 126.0
14.0 120.0
244.0 37.0
133.0 136.0
45.0 178.0
249.0 236.0
55.0 170.0
163.0 213.0
9.0 202.0
28.0 87.0
63.0 254.0
252.0 132.0
226.0 70.0
234.0 187.0
43.0 237.0
245.0 129.0
164.0 105.0
142.0 40.0
229.0 5.0
90.0 13.0
94.0 136.0
114.0 54.0
134.0 175.0
19.0 129.0
103.0 161.0
150.0 188.0
124.0 23.0
135.0 107.0
156.0 214.0
184.0 223.0
154.0 197.0
49.0 60.0
143.0 82.0
229.0 33.0
28.0 92.0
223.0 89.0
7.0 228.0
34.0 228.0
33.0 233.0
74.0 213.0
54.0 61.0
85.0 43.0
110.0 89.0
43.0 125.0
130.0 169.0
113.0 96.0
167.0 127.0
184.0 112.0
235.0 148.0
196.0 154.0
164.0 70.0
193.0 63.0
229.0 144.0
125.0 253.0
91.0 137.0
8.0 127.0
232.0 230.0
103.0 78.0
213.0 205.0
41.0 207.0
133.0 252.0
218.0 225.0
219.0 7.0
11.0 131.0
36.0 28.0
8.0 177.0
140.0 222.0
168.0 127.0
38.0 248.0
9.0 191.0
149.0 97.0
80.0 244.0
234.0 209.0
197.0 148.0
151.0 217.0
108.0 68.0
27.0 45.0
137.0 53.0
13.0 72.0
162.0 130.0
179.0 6.0
21.0 14.0
46.0 243.0
155.0 128.0
165.0 252.0
172.0 102.0
163.0 160.0
242.0 84.0
5.0 188.0
186.0 197.0
35.0 222.0
241.0 40.0
167.0 55.0
43.0 227.0
154.0 223.0
115.0 223.0
189.0 82.0
101.0 127.0
155.0 167.0
114.0 236.0
120.0 130.0
61.0 195.0
47.0 128.0
228.0 205.0
182.0 149.0
58.0 179.0
205.0 229.0
75.0 233.0
7.0 134.0
240.0 245.0
15.0 195.0
73.0 28.0
89.0 139.0
203.0 183.0
27.0 25.0
53.0 96.0
62.0 22.0
182.0 244.0
24.0 208.0
162.0 133.0
187.0 42.0
82.0 218.0
86.0 76.0
209.0 192.0
181.0 143.0
27.0 141.0
71.0 217.0
46.0 79.0
235.0 111.0
244.0 242.0
109.0 7.0
132.0 16.0
141.0 172.0
212.0 8.0
234.0 188.0
158.0 18.0
97.0 193.0
155.0 21.0
46.0 97.0
76.0 75.0
131.0 103.0
42.0 126.0
24.0 178.0
210.0 247.0
188.0 135.0
186.0 139.0
87.0 129.0
18.0 101.0
102.0 58.0
86.0 141.0
78.0 100.0
167.0 54.0
228.0 229.0
146.0 46.0
244.0 35.0
36.0 52.0
187.0 132.0
114.0 23.0
131.0 37.0
13.0 151.0
54.0 237.0
147.0 179.0
241.0 145.0
229.0 192.0
145.0 85.0
114.0 104.0
78.0 127.0
90.0 138.0
247.0 224.0
10.0 160.0
227.0 198.0
227.0 229.0
179.0 85.0
114.0 162.0
71.0 247.0
12.0 68.0
81.0 215.0
7.0 27.0
39.0 216.0
242.0 17.0
11.0 238.0
72.0 79.0
219.0 24.0
119.0 35.0
18.0 133.0
138.0 60.0
35.0 138.0
180.0 63.0
43.0 234.0
65.0 56.0
44.0 155.0
249.0 105.0
24.0 85.0
247.0 139.0
244.0 68.0
90.0 108.0
92.0 245.0
59.0 142.0
55.0 30.0
91.0 42.0
208.0 189.0
194.0 186.0
58.0 47.0
147.0 17.0
158.0 181.0
229.0 70.0
111.0 179.0
74.0 107.0
241.0 222.0
64.0 164.0
17.0 159.0
217.0 218.0
35.0 236.0
93.0 166.0
71.0 31.0
90.0 157.0
