1
2048 1 3.0 0.0 1000.0 3 160 240 100

6.5 13.5 29.3 58.5
13.0 27.0 58.5 117.0
19.5 40.5 87.8 175.5
26.0 54.0 117.0 234.0
39.0 81.0 175.5 351.0
52.0 108.0 234.0 468.0
58.5 121.5 263.3 526.5
65.0 135.0 292.5 585.0
78.0 162.0 351.0 702.0
0.0 180.0 390.0 780.0

2.0 5.0 8.0 11.0
5.0 8.0 11.0 14.0
9.0 12.0 15.0 18.0
11.0 14.0 17.0 20.0
15.0 18.0 21.0 24.0
18.0 21.0 24.0 27.0
20.0 23.0 26.0 29.0
25.0 28.0 31.0 34.0
29.0 32.0 35.0 38.0
0.0 34.0 37.0 40.0

20.0 16.0
186.0 223.0
79.0 177.0
17.0 231.0
111.0 14.0
126.0 186.0
6.0 7.0
31.0 54.0
245.0 230.0
6.0 200.0
102.0 43.0
75.0 218.0
171.0 180.0
241.0 123.0
147.0 122.0
74.0 197.0
119.0 177.0
31.0 66.0
174.0 47.0
0.0 195.0
194.0 176.0
85.0 11.0
18.0 24.0
211.0 184.0
231.0 207.0
229.0 185.0
129.0 250.0
211.0 6.0
233.0 29.0
232.0 43.0
40.0 31.0
219.0 156.0
13.0 118.0
18.0 11.0
99.0 56.0
162.0 128.0
176.0 126.0
96.0 88.0
93.0 193.0
216.0 197.0
52.0 178.0
121.0 208.0
155.0 193.0
33.0 2.0
219.0 139.0
186.0 213.0
57.0 172.0
5.0 72.0
223.0 211.0
231.0 82.0
19.0 245.0
221.0 163.0
147.0 14.0
187.0 26.0
181.0 187.0
217.0 19.0
123.0 237.0
242.0 82.0
76.0 3.0
151.0 201.0
185.0 25.0
90.0 82.0
9.0 18.0
35.0 101.0
80.0 186.0
43.0 110.0
208.0 126.0
142.0 13.0
156.0 136.0
142.0 96.0
112.0 69.0
213.0 135.0
215.0 165.0
119.0 140.0
188.0 114.0
93.0 138.0
199.0 181.0
110.0 224.0
141.0 8.0
169.0 165.0
74.0 42.0
222.0 156.0
138.0 95.0
229.0 138.0
61.0 100.0
100.0 151.0
191.0 199.0
135.0 8.0
64.0 93.0
98.0 146.0
45.0 174.0
157.0 52.0
187.0 244.0
197.0 247.0
224.0 215.0
122.0 115.0
208.0 210.0
30.0 166.0
92.0 94.0
235.0 158.0
134.0 239.0
158.0 34.0
58.0 152.0
197.0 236.0
215.0 171.0
195.0 210.0
55.0 212.0
9.0 47.0
40.0 159.0
182.0 211.0
165.0 9.0
70.0 152.0
99.0 222.0
76.0 143.0
7.0 31.0
205.0 15.0
161.0 22.0
223.0 248.0
34.0 131.0
247.0 221.0
129.0 226.0
197.0 203.0
86.0 52.0
40.0 9.0
214.0 89.0
133.0 38.0
100.0 217.0
247.0 233.0
76.0 120.0
164.0 55.0
80.0 186.0
87.0 142.0
41.0 225.0
110.0 114.0
225.0 132.0
121.0 81.0
32.0 182.0
18.0 170.0
65.0 225.0
213.0 18.0
78.0 83.0
205.0 178.0
3.0 42.0
49.0 240.0
37.0 121.0
152.0 3.0
118.0 131.0
74.0 121.0
142.0 88.0
149.0 191.0
121.0 105.0
239.0 65.0
18.0 218.0
43.0 245.0
79.0 135.0
169.0 14.0
23.0 241.0
238.0 25.0
34.0 226.0
137.0 142.0
47.0 35.0
45.0 132.0
140.0 144.0
213.0 103.0
149.0 234.0
32.0 183.0
202.0 123.0
211.0 215.0
150.0 186.0
238.0 66.0
230.0 222.0
72.0 211.0
56.0 124.0
115.0 76.0
141.0 212.0
35.0 161.0
192.0 173.0
102.0 49.0
229.0 119.0
3.0 217.0
169.0 79.0
169.0 112.0
35.0 43.0
191.0 35.0
61.0 26.0
242.0 184.0
233.0 127.0
217.0 8.0
156.0 171.0
109.0 101.0
162.0 60.0
234.0 182.0
177.0 16.0
186.0 233.0
134.0 233.0
246.0 238.0
79.0 249.0
34.0 224.0
129.0 168.0
220.0 149.0
54.0 175.0
230.0 235.0
18.0 103.0
129.0 156.0
123.0 112.0
235.0 54.0
176.0 111.0
43.0 172.0
181.0 128.0
116.0 200.0
118.0 110.0
152.0 247.0
128.0 246.0
20.0 157.0
34.0 166.0
87.0 218.0
209.0 237.0
4.0 98.0
85.0 186.0
164.0 174.0
184.0 131.0
102.0 236.0
104.0 149.0
190.0 92.0
208.0 66.0
18.0 171.0
66.0 234.0
188.0 49.0
42.0 105.0
43.0 105.0
194.0 231.0
173.0 105.0
229.0 144.0
100.0 59.0
100.0 101.0
111.0 5.0
88.0 35.0
18.0 211.0
64.0 69.0
175.0 59.0
186.0 51.0
176.0 230.0
78.0 114.0
178.0 85.0
123.0 64.0
137.0 231.0
47.0 247.0
58.0 38.0
43.0 68.0
139.0 230.0
3.0 180.0
45.0 191.0
214.0 160.0
84.0 220.0
217.0 35.0
120.0 15.0
71.0 127.0
137.0 242.0
79.0 197.0
158.0 98.0
99.0 229.0
62.0 82.0
130.0 203.0
121.0 22.0
161.0 89.0
179.0 209.0
103.0 28.0
177.0 29.0
166.0 43.0
54.0 94.0
123.0 152.0
122.0 134.0
200.0 75.0
55.0 17.0
167.0 34.0
226.0 43.0
230.0 231.0
150.0 1.0
177.0 107.0
138.0 8.0
19.0 109.0
64.0 244.0
184.0 181.0
203.0 237.0
133.0 79.0
180.0 168.0
91.0 123.0
101.0 244.0
139.0 81.0
53.0 220.0
213.0 192.0
145.0 5.0
154.0 147.0
162.0 45.0
222.0 150.0
139.0 51.0
88.0 13.0
27.0 150.0
106.0 28.0
163.0 119.0
230.0 193.0
66.0 197.0
31.0 167.0
159.0 234.0
34.0 146.0
64.0 43.0
214.0 169.0
190.0 111.0
243.0 163.0
135.0 145.0
200.0 119.0
6.0 231.0
220.0 84.0
44.0 219.0
154.0 217.0
35.0 230.0
111.0 245.0
22.0 18.0
54.0 180.0
173.0 224.0
218.0 3.0
192.0 110.0
145.0 57.0
5.0 196.0
204.0 233.0
237.0 22.0
50.0 63.0
77.0 59.0
0.0 169.0
182.0 138.0
144.0 77.0
90.0 37.0
61.0 203.0
161.0 215.0
76.0 154.0
151.0 225.0
59.0 27.0
56.0 147.0
60.0 208.0
203.0 215.0
177.0 1.0
116.0 101.0
65.0 205.0
244.0 149.0
103.0 92.0
201.0 151.0
19.0 24.0
243.0 86.0
102.0 49.0
4.0 33.0
168.0 86.0
86.0 54.0
59.0 156.0
146.0 145.0
196.0 148.0
214.0 157.0
93.0 207.0
3.0 176.0
244.0 108.0
60.0 126.0
137.0 65.0
159.0 224.0
206.0 231.0
156.0 165.0
95.0 199.0
80.0 40.0
158.0 145.0
50.0 248.0
210.0 47.0
172.0 21.0
68.0 238.0
143.0 212.0
18.0 106.0
63.0 70.0
145.0 86.0
84.0 43.0
3.0 109.0
8.0 205.0
214.0 42.0
87.0 217.0
90.0 165.0
28.0 46.0
232.0 84.0
53.0 230.0
96.0 246.0
170.0 38.0
78.0 91.0
115.0 181.0
11.0 134.0
247.0 55.0
232.0 124.0
238.0 45.0
240.0 211.0
201.0 247.0
236.0 130.0
244.0 7.0
178.0 219.0
199.0 13.0
37.0 157.0
143.0 221.0
238.0 100.0
97.0 212.0
113.0 236.0
132.0 143.0
220.0 64.0
143.0 11.0
234.0 36.0
155.0 33.0
131.0 243.0
40.0 212.0
2.0 169.0
133.0 30.0
93.0 55.0
6.0 218.0
30.0 28.0
2.0 154.0
205.0 169.0
188.0 233.0
146.0 31.0
170.0 117.0
240.0 179.0
78.0 94.0
239.0 130.0
33.0 76.0
53.0 122.0
30.0 92.0
130.0 242.0
165.0 184.0
63.0 207.0
26.0 172.0
83.0 194.0
56.0 89.0
206.0 145.0
54.0 123.0
90.0 76.0
35.0 230.0
208.0 180.0
218.0 147.0
52.0 125.0
237.0 78.0
75.0 227.0
227.0 170.0
227.0 9.0
2.0 176.0
162.0 212.0
106.0 30.0
81.0 137.0
70.0 127.0
200.0 11.0
36.0 153.0
146.0 130.0
210.0 126.0
160.0 103.0
174.0 115.0
39.0 64.0
146.0 190.0
68.0 63.0
93.0 185.0
242.0 118.0
161.0 191.0
160.0 20.0
205.0 6.0
27.0 249.0
2.0 73.0
242.0 208.0
55.0 9.0
159.0 24.0
210.0 131.0
128.0 232.0
98.0 210.0
239.0 227.0
11.0 226.0
48.0 173.0
98.0 245.0
63.0 122.0
119.0 53.0
129.0 164.0
7.0 38.0
140.0 239.0
105.0 102.0
85.0 48.0
216.0 201.0
217.0 72.0
183.0 172.0
244.0 13.0
39.0 74.0
204.0 45.0
50.0 75.0
32.0 55.0
68.0 244.0
127.0 140.0
158.0 141.0
37.0 171.0
14.0 201.0
211.0 52.0
30.0 171.0
35.0 130.0
155.0 232.0
250.0 240.0
9.0 185.0
93.0 219.0
40.0 193.0
110.0 14.0
55.0 115.0
139.0 72.0
40.0 20.0
11.0 25.0
219.0 53.0
109.0 225.0
149.0 121.0
198.0 29.0
172.0 185.0
49.0 250.0
146.0 10.0
137.0 56.0
156.0 32.0
60.0 113.0
244.0 64.0
104.0 111.0
241.0 130.0
191.0 121.0
109.0 28.0
45.0 22.0
8.0 19.0
169.0 84.0
112.0 141.0
87.0 72.0
28.0 158.0
90.0 68.0
198.0 9.0
55.0 28.0
27.0 163.0
188.0 113.0
245.0 102.0
154.0 208.0
99.0 221.0
64.0 43.0
38.0 245.0
154.0 190.0
90.0 65.0
250.0 243.0
227.0 232.0
232.0 60.0
43.0 131.0
225.0 23.0
159.0 190.0
79.0 53.0
65.0 35.0
23.0 205.0
185.0 63.0
156.0 231.0
244.0 222.0
42.0 38.0
98.0 90.0
213.0 59.0
247.0 178.0
188.0 94.0
46.0 159.0
217.0 12.0
219.0 84.0
227.0 245.0
68.0 160.0
37.0 86.0
103.0 21.0
219.0 108.0
113.0 202.0
30.0 81.0
21.0 111.0
166.0 81.0
182.0 87.0
151.0 47.0
77.0 221.0
231.0 98.0
199.0 147.0
203.0 1.0
206.0 100.0
180.0 218.0
3.0 86.0
107.0 51.0
214.0 74.0
140.0 187.0
79.0 188.0
76.0 44.0
105.0 178.0
85.0 85.0
145.0 26.0
49.0 125.0
93.0 94.0
135.0 193.0
246.0 38.0
26.0 67.0
165.0 28.0
76.0 198.0
189.0 111.0
174.0 5.0
68.0 146.0
210.0 119.0
240.0 20.0
73.0 206.0
101.0 187.0
162.0 63.0
165.0 130.0
244.0 231.0
80.0 150.0
16.0 208.0
29.0 215.0
58.0 132.0
110.0 150.0
171.0 124.0
93.0 17.0
176.0 56.0
26.0 95.0
16.0 55.0
211.0 188.0
130.0 117.0
147.0 41.0
69.0 45.0
88.0 221.0
178.0 179.0
192.0 111.0
206.0 32.0
24.0 8.0
48.0 166.0
14.0 94.0
84.0 32.0
28.0 142.0
210.0 22.0
248.0 108.0
156.0 34.0
167.0 92.0
40.0 206.0
15.0 195.0
146.0 240.0
32.0 128.0
2.0 83.0
56.0 227.0
100.0 23.0
191.0 111.0
231.0 96.0
163.0 244.0
147.0 222.0
6.0 37.0
132.0 96.0
41.0 105.0
98.0 150.0
193.0 201.0
129.0 192.0
215.0 70.0
247.0 203.0
241.0 106.0
176.0 9.0
123.0 196.0
8.0 175.0
78.0 246.0
176.0 227.0
3.0 162.0
10.0 166.0
88.0 138.0
158.0 15.0
212.0 161.0
22.0 212.0
134.0 218.0
110.0 3.0
92.0 218.0
91.0 245.0
182.0 248.0
73.0 151.0
17.0 72.0
9.0 29.0
169.0 79.0
140.0 149.0
241.0 245.0
240.0 181.0
237.0 175.0
216.0 215.0
168.0 167.0
179.0 162.0
204.0 248.0
183.0 185.0
181.0 235.0
119.0 99.0
149.0 151.0
77.0 235.0
144.0 184.0
52.0 91.0
239.0 131.0
167.0 155.0
203.0 141.0
177.0 86.0
166.0 89.0
47.0 6.0
21.0 242.0
241.0 235.0
76.0 208.0
137.0 69.0
59.0 176.0
92.0 86.0
115.0 77.0
187.0 190.0
32.0 48.0
54.0 245.0
204.0 192.0
190.0 157.0
178.0 166.0
26.0 116.0
195.0 193.0
59.0 227.0
185.0 152.0
149.0 126.0
246.0 240.0
202.0 186.0
192.0 221.0
191.0 26.0
82.0 121.0
118.0 59.0
195.0 31.0
8.0 162.0
223.0 237.0
135.0 94.0
24.0 215.0
221.0 91.0
97.0 89.0
173.0 164.0
232.0 220.0
219.0 155.0
125.0 131.0
148.0 178.0
42.0 83.0
122.0 152.0
184.0 119.0
151.0 161.0
225.0 16.0
78.0 224.0
49.0 91.0
20.0 102.0
20.0 175.0
17.0 77.0
204.0 82.0
182.0 214.0
239.0 240.0
241.0 176.0
145.0 221.0
141.0 214.0
167.0 178.0
217.0 28.0
39.0 71.0
239.0 11.0
149.0 64.0
204.0 178.0
130.0 89.0
58.0 174.0
215.0 94.0
95.0 49.0
7.0 89.0
97.0 48.0
143.0 146.0
81.0 248.0
109.0 70.0
91.0 152.0
70.0 37.0
32.0 208.0
97.0 45.0
102.0 230.0
26.0 82.0
204.0 56.0
213.0 244.0
7.0 77.0
29.0 89.0
164.0 58.0
6.0 61.0
1.0 27.0
93.0 169.0
33.0 42.0
45.0 121.0
5.0 208.0
53.0 219.0
203.0 154.0
246.0 99.0
86.0 207.0
56.0 231.0
125.0 88.0
193.0 160.0
22.0 13.0
108.0 16.0
62.0 142.0
63.0 142.0
149.0 114.0
47.0 6.0
171.0 10.0
53.0 116.0
89.0 114.0
67.0 228.0
46.0 148.0
162.0 192.0
7.0 19.0
172.0 96.0
91.0 113.0
216.0 193.0
10.0 37.0
174.0 128.0
106.0 243.0
4.0 82.0
72.0 37.0
130.0 232.0
198.0 50.0
163.0 7.0
98.0 36.0
68.0 173.0
157.0 207.0
159.0 96.0
8.0 91.0
149.0 97.0
162.0 250.0
29.0 120.0
225.0 217.0
125.0 244.0
199.0 118.0
221.0 156.0
176.0 208.0
229.0 216.0
52.0 162.0
179.0 123.0
188.0 236.0
111.0 185.0
16.0 245.0
42.0 65.0
160.0 110.0
203.0 155.0
179.0 53.0
86.0 50.0
127.0 51.0
140.0 162.0
174.0 6.0
21.0 73.0
94.0 132.0
101.0 34.0
5.0 123.0
37.0 83.0
19.0 239.0
208.0 81.0
87.0 240.0
209.0 245.0
60.0 190.0
92.0 102.0
117.0 183.0
141.0 89.0
226.0 129.0
26.0 70.0
149.0 40.0
228.0 145.0
40.0 73.0
220.0 129.0
11.0 144.0
153.0 207.0
106.0 242.0
176.0 26.0
171.0 148.0
1.0 88.0
187.0 37.0
218.0 101.0
189.0 67.0
110.0 3.0
190.0 49.0
73.0 215.0
133.0 162.0
40.0 195.0
157.0 219.0
128.0 234.0
66.0 34.0
27.0 186.0
168.0 34.0
241.0 198.0
4.0 62.0
56.0 20.0
1.0 111.0
229.0 53.0
195.0 65.0
164.0 135.0
192.0 79.0
155.0 61.0
118.0 38.0
122.0 228.0
122.0 95.0
40.0 27.0
51.0 118.0
92.0 241.0
235.0 154.0
138.0 206.0
114.0 135.0
157.0 100.0
44.0 43.0
121.0 20.0
126.0 132.0
85.0 64.0
16.0 74.0
80.0 210.0
190.0 218.0
214.0 87.0
243.0 227.0
196.0 52.0
90.0 148.0
66.0 42.0
243.0 62.0
212.0 246.0
168.0 235.0
87.0 188.0
43.0 44.0
87.0 129.0
13.0 233.0
117.0 24.0
154.0 136.0
195.0 61.0
124.0 56.0
229.0 127.0
67.0 54.0
207.0 127.0
147.0 219.0
56.0 114.0
140.0 46.0
22.0 22.0
76.0 115.0
230.0 107.0
12.0 75.0
121.0 244.0
29.0 7.0
67.0 67.0
160.0 32.0
233.0 224.0
240.0 120.0
108.0 119.0
226.0 98.0
163.0 14.0
131.0 181.0
156.0 10.0
237.0 141.0
189.0 158.0
92.0 73.0
169.0 59.0
103.0 8.0
121.0 128.0
91.0 183.0
155.0 222.0
1.0 106.0
167.0 189.0
0.0 105.0
168.0 170.0
40.0 123.0
230.0 78.0
244.0 55.0
52.0 221.0
58.0 40.0
3.0 109.0
164.0 121.0
43.0 35.0
206.0 39.0
235.0 103.0
215.0 239.0
120.0 169.0
160.0 192.0
62.0 235.0
116.0 4.0
205.0 137.0
121.0 48.0
4.0 204.0
86.0 194.0
121.0 89.0
194.0 11.0
16.0 82.0
39.0 143.0
145.0 234.0
53.0 105.0
218.0 219.0
111.0 71.0
65.0 143.0
235.0 31.0
177.0 94.0
144.0 12.0
97.0 40.0
221.0 118.0
112.0 211.0
5.0 203.0
34.0 222.0
152.0 59.0
154.0 191.0
111.0 66.0
23.0 224.0
67.0 46.0
33.0 168.0
38.0 156.0
67.0 103.0
41.0 184.0
64.0 120.0
91.0 199.0
152.0 223.0
86.0 60.0
62.0 15.0
198.0 96.0
108.0 160.0
207.0 91.0
60.0 130.0
24.0 17.0
85.0 107.0
218.0 19.0
198.0 193.0
158.0 213.0
19.0 147.0
215.0 193.0
171.0 199.0
15.0 168.0
213.0 23.0
57.0 2.0
99.0 43.0
65.0 214.0
154.0 36.0
4.0 77.0
200.0 81.0
25.0 242.0
198.0 184.0
119.0 162.0
143.0 8.0
133.0 122.0
241.0 173.0
63.0 2.0
194.0 162.0
125.0 223.0
10.0 183.0
171.0 135.0
49.0 147.0
56.0 141.0
84.0 242.0
163.0 221.0
214.0 130.0
63.0 18.0
39.0 115.0
129.0 12.0
58.0 208.0
228.0 84.0
73.0 46.0
164.0 111.0
179.0 204.0
137.0 31.0
6.0 12.0
13.0 128.0
180.0 20.0
28.0 112.0
8.0 93.0
123.0 116.0
15.0 181.0
142.0 68.0
199.0 89.0
211.0 162.0
248.0 187.0
165.0 36.0
234.0 8.0
221.0 1.0
121.0 42.0
119.0 36.0
7.0 55.0
67.0 43.0
45.0 107.0
92.0 182.0
89.0 241.0
1.0 168.0
144.0 121.0
173.0 223.0
32.0 235.0
21.0 181.0
230.0 46.0
223.0 67.0
167.0 98.0
164.0 40.0
70.0 86.0
99.0 125.0
5.0 3.0
69.0 246.0
89.0 23.0
218.0 139.0
140.0 86.0
188.0 1.0
121.0 233.0
74.0 91.0
11.0 34.0
24.0 24.0
88.0 14.0
86.0 80.0
146.0 60.0
248.0 151.0
227.0 95.0
161.0 38.0
36.0 108.0
106.0 74.0
248.0 212.0
85.0 167.0
233.0 195.0
206.0 125.0
44.0 109.0
123.0 214.0
71.0 238.0
83.0 202.0
74.0 106.0
202.0 206.0
124.0 11.0
159.0 224.0
50.0 99.0
52.0 37.0
28.0 98.0
223.0 248.0
52.0 116.0
181.0 13.0
41.0 215.0
54.0 103.0
192.0 67.0
58.0 238.0
220.0 29.0
68.0 186.0
207.0 43.0
127.0 221.0
87.0 104.0
111.0 32.0
104.0 56.0
28.0 68.0
155.0 90.0
15.0 36.0
225.0 85.0
158.0 144.0
198.0 33.0
62.0 209.0
128.0 62.0
182.0 73.0
136.0 186.0
207.0 83.0
131.0 160.0
132.0 205.0
153.0 191.0
201.0 144.0
162.0 22.0
210.0 173.0
185.0 3.0
239.0 169.0
39.0 45.0
180.0 171.0
146.0 194.0
245.0 97.0
50.0 103.0
209.0 61.0
18.0 0.0
183.0 40.0
208.0 75.0
52.0 210.0
176.0 239.0
11.0 88.0
57.0 62.0
185.0 158.0
87.0 226.0
160.0 5.0
162.0 158.0
28.0 4.0
239.0 66.0
151.0 212.0
140.0 164.0
121.0 137.0
188.0 185.0
241.0 164.0
125.0 99.0
138.0 175.0
95.0 242.0
205.0 18.0
36.0 163.0
104.0 4.0
126.0 28.0
150.0 191.0
13.0 240.0
199.0 24.0
90.0 249.0
213.0 205.0
168.0 99.0
16.0 244.0
195.0 44.0
36.0 184.0
246.0 155.0
159.0 85.0
40.0 137.0
137.0 125.0
105.0 152.0
38.0 31.0
221.0 225.0
48.0 78.0
112.0 170.0
9.0 239.0
180.0 243.0
103.0 100.0
93.0 60.0
212.0 246.0
164.0 133.0
237.0 115.0
209.0 185.0
2.0 139.0
177.0 217.0
196.0 53.0
139.0 105.0
76.0 64.0
41.0 90.0
4.0 136.0
182.0 61.0
192.0 204.0
202.0 113.0
80.0 202.0
166.0 154.0
97.0 96.0
148.0 173.0
126.0 174.0
34.0 73.0
27.0 165.0
66.0 45.0
163.0 62.0
227.0 16.0
179.0 98.0
111.0 22.0
82.0 118.0
248.0 169.0
8.0 183.0
168.0 150.0
95.0 16.0
29.0 113.0
229.0 243.0
231.0 217.0
202.0 189.0
218.0 50.0
164.0 28.0
8.0 118.0
59.0 193.0
26.0 208.0
32.0 206.0
160.0 208.0
116.0 222.0
245.0 56.0
84.0 65.0
9.0 35.0
141.0 160.0
68.0 204.0
193.0 55.0
126.0 64.0
30.0 20.0
92.0 115.0
18.0 54.0
150.0 32.0
249.0 180.0
114.0 247.0
141.0 212.0
225.0 35.0
54.0 9.0
110.0 9.0
28.0 22.0
173.0 5.0
104.0 27.0
13.0 147.0
196.0 225.0
31.0 171.0
95.0 218.0
168.0 196.0
219.0 184.0
83.0 144.0
40.0 118.0
89.0 108.0
192.0 98.0
3.0 8.0
67.0 62.0
145.0 200.0
19.0 182.0
232.0 19.0
116.0 203.0
43.0 25.0
173.0 189.0
228.0 66.0
154.0 191.0
244.0 63.0
26.0 143.0
197.0 240.0
38.0 123.0
171.0 88.0
145.0 169.0
200.0 160.0
146.0 153.0
108.0 103.0
168.0 36.0
233.0 167.0
154.0 126.0
135.0 202.0
138.0 40.0
185.0 17.0
83.0 117.0
4.0 245.0
174.0 105.0
30.0 194.0
245.0 248.0
56.0 219.0
90.0 221.0
133.0 219.0
207.0 159.0
70.0 155.0
111.0 104.0
43.0 86.0
146.0 5.0
164.0 233.0
34.0 192.0
158.0 192.0
234.0 110.0
120.0 193.0
229.0 104.0
121.0 136.0
163.0 147.0
14.0 185.0
99.0 202.0
84.0 22.0
187.0 221.0
17.0 173.0
119.0 102.0
210.0 127.0
67.0 230.0
9.0 32.0
83.0 42.0
43.0 73.0
34.0 132.0
104.0 192.0
189.0 201.0
111.0 114.0
142.0 239.0
243.0 231.0
75.0 125.0
149.0 176.0
151.0 162.0
200.0 15.0
194.0 101.0
57.0 15.0
47.0 39.0
150.0 32.0
145.0 136.0
224.0 123.0
86.0 158.0
158.0 28.0
85.0 146.0
94.0 10.0
238.0 122.0
220.0 83.0
103.0 236.0
92.0 227.0
143.0 152.0
235.0 247.0
170.0 195.0
37.0 14.0
214.0 180.0
24.0 103.0
59.0 85.0
180.0 196.0
22.0 90.0
26.0 149.0
84.0 43.0
222.0 201.0
59.0 235.0
53.0 109.0
56.0 174.0
193.0 69.0
33.0 116.0
208.0 56.0
71.0 164.0
85.0 94.0
56.0 78.0
122.0 215.0
5.0 224.0
84.0 207.0
104.0 171.0
99.0 84.0
87.0 12.0
49.0 225.0
117.0 28.0
81.0 233.0
192.0 138.0
104.0 111.0
124.0 155.0
25.0 162.0
204.0 137.0
219.0 92.0
14.0 245.0
94.0 98.0
96.0 29.0
153.0 38.0
76.0 149.0
10.0 101.0
86.0 107.0
143.0 197.0
183.0 118.0
226.0 98.0
9.0 49.0
197.0 190.0
0.0 205.0
13.0 236.0
18.0 6.0
138.0 127.0
86.0 197.0
99.0 164.0
237.0 34.0
1.0 210.0
12.0 192.0
242.0 125.0
9.0 228.0
177.0 218.0
135.0 209.0
98.0 233.0
93.0 214.0
167.0 238.0
131.0 206.0
21.0 62.0
199.0 95.0
81.0 13.0
182.0 117.0
157.0 163.0
223.0 237.0
242.0 41.0
176.0 50.0
225.0 151.0
78.0 33.0
38.0 45.0
63.0 6.0
91.0 216.0
223.0 244.0
133.0 190.0
221.0 11.0
24.0 199.0
27.0 64.0
171.0 175.0
220.0 20.0
1.0 102.0
91.0 23.0
89.0 64.0
114.0 220.0
191.0 159.0
157.0 105.0
176.0 249.0
117.0 123.0
237.0 86.0
221.0 212.0
241.0 154.0
60.0 53.0
222.0 149.0
226.0 85.0
22.0 62.0
233.0 164.0
177.0 157.0
223.0 73.0
208.0 190.0
11.0 112.0
22.0 25.0
104.0 117.0
206.0 135.0
110.0 6.0
61.0 10.0
51.0 72.0
14.0 71.0
127.0 8.0
145.0 18.0
63.0 245.0
86.0 61.0
216.0 219.0
147.0 89.0
194.0 28.0
67.0 120.0
41.0 211.0
106.0 189.0
122.0 240.0
8.0 152.0
121.0 88.0
175.0 195.0
177.0 69.0
203.0 133.0
193.0 210.0
249.0 183.0
204.0 219.0
10.0 162.0
231.0 178.0
141.0 155.0
128.0 155.0
39.0 12.0
221.0 239.0
183.0 66.0
112.0 66.0
80.0 58.0
93.0 212.0
137.0 53.0
158.0 158.0
141.0 192.0
169.0 63.0
24.0 203.0
60.0 178.0
231.0 119.0
5.0 20.0
6.0 24.0
48.0 11.0
4.0 144.0
7.0 76.0
203.0 214.0
24.0 13.0
139.0 85.0
190.0 37.0
50.0 114.0
4.0 164.0
93.0 180.0
209.0 210.0
90.0 234.0
145.0 206.0
85.0 121.0
36.0 126.0
61.0 194.0
224.0 106.0
200.0 78.0
151.0 165.0
171.0 241.0
208.0 246.0
224.0 101.0
143.0 206.0
160.0 193.0
25.0 197.0
108.0 16.0
63.0 189.0
51.0 193.0
172.0 214.0
152.0 196.0
190.0 195.0
197.0 148.0
31.0 66.0
74.0 72.0
52.0 183.0
5.0 228.0
17.0 87.0
47.0 27.0
105.0 12.0
214.0 51.0
182.0 67.0
119.0 28.0
177.0 106.0
99.0 175.0
157.0 102.0
111.0 134.0
56.0 152.0
226.0 27.0
46.0 50.0
134.0 248.0
102.0 203.0
130.0 135.0
157.0 183.0
91.0 249.0
1.0 58.0
55.0 59.0
194.0 196.0
47.0 110.0
44.0 41.0
111.0 113.0
22.0 177.0
91.0 146.0
48.0 68.0
237.0 37.0
149.0 162.0
52.0 4.0
46.0 107.0
88.0 221.0
39.0 163.0
217.0 34.0
131.0 171.0
230.0 113.0
131.0 36.0
152.0 142.0
57.0 219.0
3.0 192.0
193.0 61.0
21.0 31.0
0.0 72.0
195.0 120.0
129.0 115.0
13.0 178.0
77.0 1.0
134.0 204.0
131.0 61.0
13.0 189.0
19.0 73.0
85.0 51.0
24.0 230.0
133.0 147.0
111.0 168.0
82.0 18.0
204.0 112.0
235.0 87.0
28.0 14.0
44.0 110.0
32.0 147.0
69.0 211.0
191.0 128.0
87.0 178.0
59.0 223.0
146.0 232.0
19.0 34.0
123.0 61.0
209.0 24.0
231.0 214.0
203.0 139.0
145.0 26.0
49.0 82.0
70.0 28.0
122.0 131.0
57.0 153.0
13.0 182.0
237.0 63.0
35.0 35.0
188.0 25.0
209.0 226.0
211.0 53.0
160.0 46.0
101.0 100.0
185.0 187.0
79.0 154.0
33.0 14.0
84.0 148.0
33.0 36.0
220.0 147.0
4.0 207.0
187.0 121.0
188.0 248.0
104.0 127.0
15.0 233.0
192.0 79.0
78.0 36.0
86.0 74.0
5.0 232.0
132.0 55.0
212.0 171.0
57.0 169.0
108.0 225.0
235.0 226.0
120.0 12.0
85.0 229.0
226.0 245.0
171.0 22.0
237.0 136.0
180.0 142.0
139.0 115.0
229.0 44.0
126.0 181.0
35.0 172.0
247.0 10.0
40.0 160.0
163.0 25.0
139.0 13.0
92.0 165.0
231.0 175.0
41.0 188.0
126.0 216.0
23.0 121.0
131.0 168.0
1.0 69.0
244.0 107.0
126.0 116.0
148.0 150.0
130.0 154.0
53.0 84.0
62.0 9.0
206.0 159.0
125.0 59.0
248.0 159.0
158.0 104.0
104.0 149.0
141.0 44.0
214.0 121.0
163.0 7.0
174.0 85.0
90.0 114.0
199.0 195.0
5.0 131.0
124.0 78.0
29.0 89.0
223.0 77.0
213.0 233.0
176.0 216.0
5.0 13.0
106.0 211.0
90.0 102.0
132.0 204.0
233.0 28.0
232.0 193.0
52.0 30.0
244.0 183.0
229.0 94.0
174.0 170.0
214.0 176.0
7.0 112.0
32.0 164.0
67.0 110.0
147.0 223.0
7.0 87.0
124.0 212.0
88.0 67.0
133.0 174.0
199.0 212.0
196.0 220.0
177.0 79.0
82.0 186.0
225.0 165.0
115.0 6.0
124.0 47.0
206.0 54.0
172.0 64.0
217.0 23.0
145.0 247.0
102.0 222.0
122.0 26.0
74.0 238.0
67.0 88.0
96.0 200.0
138.0 23.0
82.0 241.0
11.0 240.0
234.0 7.0
42.0 191.0
10.0 183.0
184.0 6.0
46.0 18.0
125.0 181.0
132.0 186.0
160.0 73.0
204.0 92.0
160.0 205.0
70.0 91.0
24.0 6.0
203.0 98.0
88.0 136.0
213.0 176.0
15.0 113.0
180.0 224.0
11.0 48.0
103.0 207.0
18.0 61.0
16.0 187.0
101.0 62.0
149.0 215.0
56.0 108.0
70.0 223.0
77.0 125.0
46.0 103.0
145.0 92.0
193.0 228.0
94.0 103.0
33.0 230.0
136.0 28.0
135.0 178.0
191.0 55.0
105.0 76.0
169.0 218.0
217.0 206.0
167.0 70.0
63.0 126.0
122.0 219.0
161.0 200.0
250.0 31.0
15.0 102.0
172.0 67.0
178.0 62.0
206.0 202.0
212.0 148.0
92.0 120.0
204.0 239.0
239.0 236.0
101.0 114.0
166.0 145.0
167.0 164.0
72.0 248.0
194.0 57.0
94.0 37.0
132.0 217.0
76.0 76.0
161.0 77.0
6.0 22.0
234.0 96.0
87.0 97.0
248.0 123.0
222.0 241.0
242.0 217.0
7.0 227.0
153.0 139.0
122.0 80.0
155.0 7.0
101.0 234.0
238.0 175.0
3.0 117.0
184.0 240.0
76.0 235.0
199.0 89.0
59.0 74.0
13.0 17.0
106.0 1.0
63.0 216.0
91.0 131.0
198.0 25.0
146.0 194.0
152.0 126.0
85.0 250.0
92.0 200.0
175.0 172.0
123.0 99.0
32.0 108.0
165.0 173.0
243.0 219.0
221.0 192.0
105.0 35.0
87.0 112.0
199.0 92.0
111.0 17.0
85.0 73.0
219.0 97.0
206.0 246.0
168.0 119.0
142.0 31.0
114.0 145.0
202.0 127.0
104.0 57.0
111.0 159.0
172.0 20.0
149.0 138.0
52.0 88.0
131.0 76.0
53.0 186.0
210.0 177.0
226.0 60.0
19.0 65.0
2.0 49.0
239.0 101.0
53.0 147.0
19.0 116.0
181.0 92.0
182.0 1.0
119.0 52.0
26.0 92.0
154.0 50.0
39.0 168.0
95.0 48.0
188.0 140.0
136.0 225.0
4.0 106.0
226.0 234.0
235.0 229.0
148.0 93.0
152.0 244.0
41.0 139.0
181.0 178.0
180.0 53.0
53.0 196.0
140.0 30.0
14.0 60.0
11.0 209.0
191.0 212.0
191.0 74.0
246.0 107.0
36.0 59.0
59.0 186.0
11.0 204.0
203.0 227.0
8.0 204.0
53.0 100.0
101.0 84.0
188.0 29.0
27.0 218.0
46.0 26.0
21.0 37.0
118.0 212.0
197.0 40.0
11.0 66.0
213.0 61.0
40.0 204.0
35.0 28.0
72.0 93.0
167.0 66.0
128.0 175.0
38.0 30.0
110.0 190.0
39.0 200.0
42.0 44.0
17.0 117.0
38.0 135.0
106.0 138.0
38.0 109.0
72.0 90.0
137.0 81.0
172.0 214.0
179.0 176.0
92.0 145.0
61.0 40.0
68.0 20.0
43.0 57.0
152.0 59.0
146.0 49.0
97.0 96.0
41.0 65.0
177.0 36.0
151.0 157.0
75.0 81.0
232.0 137.0
2.0 78.0
43.0 81.0
69.0 210.0
239.0 195.0
201.0 10.0
214.0 187.0
226.0 28.0
168.0 138.0
70.0 33.0
244.0 141.0
56.0 184.0
132.0 71.0
118.0 181.0
103.0 132.0
47.0 209.0
18.0 169.0
212.0 58.0
135.0 22.0
242.0 115.0
121.0 26.0
240.0 223.0
243.0 59.0
145.0 228.0
8.0 130.0
172.0 108.0
100.0 20.0
89.0 96.0
6.0 92.0
133.0 89.0
61.0 172.0
184.0 124.0
177.0 234.0
137.0 83.0
108.0 160.0
222.0 44.0
150.0 189.0
71.0 50.0
234.0 206.0
168.0 105.0
205.0 105.0
97.0 24.0
119.0 246.0
111.0 98.0
210.0 118.0
55.0 45.0
244.0 122.0
39.0 104.0
50.0 177.0
23.0 119.0
44.0 212.0
83.0 77.0
177.0 126.0
145.0 88.0
0.0 121.0
84.0 144.0
141.0 160.0
100.0 17.0
24.0 48.0
130.0 1.0
237.0 21.0
102.0 246.0
22.0 223.0
160.0 14.0
145.0 72.0
31.0 211.0
16.0 24.0
43.0 173.0
181.0 113.0
98.0 175.0
182.0 151.0
226.0 6.0
37.0 77.0
147.0 230.0
199.0 240.0
100.0 78.0
138.0 211.0
232.0 215.0
17.0 32.0
191.0 220.0
236.0 140.0
85.0 144.0
185.0 230.0
68.0 86.0
118.0 177.0
110.0 57.0
98.0 163.0
73.0 181.0
56.0 244.0
21.0 131.0
49.0 133.0
21.0 228.0
116.0 55.0
244.0 212.0
209.0 80.0
222.0 8.0
214.0 163.0
225.0 109.0
161.0 172.0
219.0 26.0
28.0 4.0
1.0 52.0
99.0 205.0
103.0 161.0
155.0 62.0
170.0 175.0
95.0 200.0
44.0 139.0
132.0 41.0
129.0 153.0
33.0 39.0
144.0 239.0
189.0 144.0
210.0 115.0
92.0 57.0
8.0 74.0
130.0 109.0
84.0 213.0
168.0 177.0
144.0 98.0
187.0 116.0
63.0 219.0
82.0 239.0
67.0 202.0
3.0 190.0
173.0 21.0
231.0 135.0
247.0 23.0
94.0 223.0
118.0 158.0
27.0 128.0
249.0 96.0
179.0 248.0
16.0 244.0
21.0 236.0
224.0 222.0
1.0 83.0
39.0 184.0
73.0 40.0
92.0 175.0
9.0 221.0
58.0 29.0
207.0 62.0
72.0 126.0
32.0 94.0
197.0 128.0
11.0 75.0

25.0 21.0
192.0 228.0
85.0 181.0
23.0 235.0
115.0 19.0
131.0 191.0
12.0 11.0
35.0 58.0
251.0 236.0
10.0 205.0
108.0 48.0
81.0 224.0
177.0 185.0
246.0 128.0
151.0 127.0
79.0 202.0
124.0 182.0
36.0 71.0
179.0 52.0
4.0 200.0
198.0 181.0
90.0 16.0
23.0 28.0
216.0 188.0
236.0 212.0
233.0 190.0
135.0 256.0
216.0 11.0
237.0 35.0
237.0 49.0
46.0 35.0
225.0 160.0
18.0 122.0
22.0 15.0
104.0 61.0
168.0 132.0
180.0 132.0
101.0 92.0
97.0 199.0
220.0 201.0
58.0 182.0
125.0 213.0
161.0 197.0
39.0 6.0
223.0 144.0
190.0 218.0
62.0 178.0
11.0 78.0
228.0 216.0
236.0 87.0
24.0 251.0
226.0 167.0
152.0 19.0
191.0 30.0
186.0 192.0
222.0 23.0
128.0 243.0
247.0 86.0
81.0 9.0
155.0 205.0
190.0 30.0
95.0 88.0
14.0 23.0
41.0 106.0
85.0 191.0
48.0 116.0
212.0 131.0
146.0 18.0
161.0 142.0
146.0 100.0
116.0 74.0
218.0 140.0
219.0 171.0
123.0 144.0
192.0 118.0
98.0 142.0
205.0 186.0
115.0 228.0
146.0 13.0
175.0 170.0
79.0 47.0
227.0 160.0
143.0 100.0
233.0 142.0
65.0 105.0
105.0 156.0
197.0 203.0
141.0 14.0
70.0 98.0
103.0 151.0
50.0 180.0
163.0 56.0
191.0 249.0
203.0 252.0
229.0 220.0
126.0 120.0
212.0 214.0
35.0 171.0
97.0 100.0
241.0 164.0
139.0 243.0
162.0 39.0
64.0 156.0
201.0 240.0
221.0 177.0
200.0 215.0
59.0 217.0
14.0 51.0
45.0 163.0
187.0 216.0
171.0 13.0
74.0 157.0
103.0 227.0
82.0 148.0
12.0 37.0
211.0 21.0
167.0 27.0
227.0 253.0
40.0 135.0
253.0 226.0
135.0 230.0
202.0 209.0
91.0 56.0
45.0 15.0
220.0 95.0
138.0 43.0
105.0 222.0
251.0 237.0
80.0 124.0
170.0 59.0
86.0 191.0
91.0 147.0
46.0 229.0
115.0 119.0
231.0 136.0
126.0 86.0
36.0 188.0
23.0 175.0
69.0 230.0
218.0 22.0
83.0 88.0
211.0 183.0
9.0 48.0
53.0 244.0
42.0 127.0
157.0 9.0
124.0 136.0
79.0 126.0
147.0 93.0
153.0 195.0
127.0 110.0
244.0 71.0
24.0 223.0
48.0 250.0
84.0 141.0
174.0 18.0
29.0 245.0
244.0 30.0
39.0 231.0
142.0 147.0
52.0 41.0
49.0 138.0
144.0 148.0
217.0 109.0
155.0 239.0
36.0 188.0
206.0 128.0
216.0 220.0
154.0 190.0
243.0 71.0
236.0 227.0
77.0 215.0
62.0 129.0
121.0 81.0
147.0 216.0
40.0 166.0
197.0 177.0
107.0 55.0
234.0 125.0
9.0 221.0
174.0 85.0
174.0 118.0
40.0 49.0
196.0 40.0
66.0 31.0
247.0 188.0
237.0 133.0
221.0 13.0
160.0 177.0
115.0 107.0
166.0 64.0
239.0 187.0
182.0 22.0
191.0 238.0
140.0 239.0
250.0 244.0
84.0 255.0
38.0 228.0
134.0 173.0
225.0 154.0
60.0 180.0
236.0 241.0
24.0 109.0
134.0 161.0
128.0 117.0
240.0 58.0
181.0 116.0
48.0 177.0
187.0 132.0
121.0 205.0
122.0 114.0
157.0 253.0
133.0 251.0
24.0 162.0
39.0 171.0
91.0 224.0
213.0 242.0
9.0 102.0
90.0 192.0
170.0 180.0
190.0 136.0
107.0 240.0
109.0 153.0
195.0 97.0
213.0 71.0
23.0 175.0
70.0 239.0
192.0 54.0
48.0 109.0
49.0 111.0
199.0 236.0
178.0 109.0
233.0 149.0
104.0 65.0
105.0 106.0
115.0 10.0
94.0 41.0
23.0 217.0
69.0 74.0
180.0 64.0
191.0 56.0
180.0 235.0
82.0 120.0
183.0 91.0
128.0 69.0
142.0 235.0
52.0 252.0
63.0 43.0
49.0 72.0
143.0 235.0
8.0 186.0
49.0 195.0
219.0 166.0
89.0 225.0
221.0 41.0
125.0 20.0
75.0 132.0
142.0 246.0
84.0 203.0
164.0 104.0
105.0 234.0
67.0 86.0
135.0 208.0
127.0 28.0
165.0 95.0
185.0 214.0
108.0 33.0
181.0 35.0
172.0 48.0
58.0 100.0
127.0 157.0
128.0 139.0
205.0 80.0
60.0 21.0
172.0 38.0
230.0 48.0
235.0 236.0
154.0 6.0
183.0 113.0
142.0 13.0
24.0 115.0
69.0 249.0
190.0 186.0
208.0 242.0
138.0 85.0
186.0 172.0
96.0 128.0
105.0 249.0
143.0 85.0
58.0 225.0
218.0 197.0
151.0 10.0
160.0 152.0
166.0 49.0
227.0 155.0
143.0 57.0
92.0 17.0
32.0 154.0
112.0 33.0
168.0 124.0
235.0 198.0
71.0 201.0
37.0 173.0
165.0 239.0
40.0 150.0
69.0 47.0
218.0 174.0
196.0 116.0
248.0 167.0
140.0 149.0
206.0 124.0
12.0 236.0
226.0 88.0
50.0 224.0
160.0 222.0
40.0 235.0
116.0 249.0
27.0 22.0
59.0 185.0
178.0 229.0
223.0 7.0
197.0 115.0
151.0 63.0
10.0 201.0
209.0 239.0
242.0 27.0
55.0 68.0
81.0 63.0
5.0 173.0
187.0 142.0
149.0 83.0
95.0 42.0
67.0 208.0
167.0 219.0
81.0 159.0
155.0 230.0
64.0 31.0
62.0 152.0
65.0 212.0
207.0 220.0
182.0 6.0
121.0 105.0
71.0 211.0
249.0 154.0
108.0 97.0
207.0 157.0
25.0 30.0
248.0 90.0
107.0 54.0
9.0 38.0
174.0 91.0
90.0 58.0
64.0 160.0
151.0 150.0
202.0 152.0
219.0 161.0
99.0 213.0
8.0 182.0
249.0 114.0
64.0 132.0
141.0 70.0
164.0 229.0
211.0 235.0
161.0 170.0
101.0 204.0
86.0 45.0
164.0 151.0
55.0 253.0
215.0 52.0
176.0 26.0
73.0 244.0
148.0 217.0
24.0 110.0
68.0 75.0
151.0 91.0
88.0 47.0
7.0 115.0
14.0 209.0
218.0 48.0
92.0 221.0
94.0 170.0
32.0 51.0
238.0 88.0
59.0 236.0
102.0 251.0
175.0 42.0
83.0 96.0
119.0 186.0
15.0 138.0
252.0 60.0
236.0 130.0
242.0 50.0
244.0 217.0
206.0 252.0
241.0 134.0
248.0 12.0
182.0 225.0
203.0 18.0
42.0 163.0
148.0 226.0
244.0 105.0
101.0 217.0
117.0 240.0
137.0 148.0
225.0 69.0
148.0 15.0
238.0 41.0
159.0 38.0
136.0 249.0
45.0 216.0
7.0 174.0
137.0 34.0
97.0 60.0
10.0 223.0
35.0 34.0
6.0 158.0
210.0 174.0
192.0 238.0
150.0 37.0
175.0 122.0
245.0 183.0
83.0 100.0
244.0 136.0
38.0 82.0
58.0 126.0
35.0 96.0
135.0 248.0
170.0 188.0
69.0 212.0
32.0 176.0
88.0 199.0
60.0 94.0
211.0 151.0
58.0 127.0
95.0 80.0
41.0 236.0
213.0 185.0
224.0 151.0
57.0 131.0
242.0 83.0
81.0 232.0
231.0 175.0
232.0 14.0
6.0 180.0
166.0 217.0
112.0 35.0
86.0 142.0
75.0 132.0
205.0 16.0
41.0 158.0
151.0 135.0
214.0 131.0
164.0 108.0
180.0 119.0
43.0 69.0
151.0 194.0
73.0 67.0
97.0 191.0
247.0 123.0
166.0 196.0
165.0 25.0
210.0 11.0
33.0 255.0
6.0 78.0
246.0 213.0
60.0 15.0
164.0 29.0
214.0 136.0
132.0 237.0
103.0 214.0
243.0 232.0
15.0 232.0
54.0 178.0
103.0 251.0
68.0 127.0
124.0 59.0
133.0 168.0
11.0 42.0
144.0 244.0
111.0 106.0
90.0 53.0
222.0 207.0
221.0 77.0
189.0 178.0
249.0 18.0
44.0 80.0
209.0 50.0
55.0 80.0
36.0 61.0
72.0 249.0
133.0 146.0
162.0 146.0
41.0 176.0
20.0 207.0
216.0 58.0
35.0 175.0
39.0 134.0
161.0 238.0
255.0 246.0
14.0 189.0
98.0 224.0
44.0 198.0
115.0 19.0
60.0 121.0
143.0 78.0
46.0 24.0
16.0 30.0
225.0 58.0
113.0 231.0
153.0 125.0
203.0 34.0
177.0 190.0
53.0 254.0
151.0 15.0
141.0 60.0
161.0 37.0
65.0 118.0
250.0 68.0
109.0 116.0
246.0 136.0
196.0 125.0
115.0 34.0
50.0 28.0
13.0 24.0
174.0 89.0
116.0 146.0
92.0 76.0
33.0 162.0
96.0 73.0
204.0 14.0
60.0 33.0
33.0 169.0
194.0 119.0
249.0 108.0
159.0 212.0
104.0 225.0
69.0 48.0
42.0 250.0
159.0 196.0
96.0 70.0
255.0 249.0
232.0 238.0
237.0 66.0
49.0 136.0
230.0 28.0
165.0 195.0
83.0 58.0
71.0 41.0
29.0 209.0
189.0 68.0
160.0 236.0
249.0 227.0
46.0 42.0
103.0 95.0
219.0 64.0
253.0 183.0
192.0 98.0
51.0 164.0
222.0 17.0
224.0 90.0
232.0 251.0
73.0 165.0
42.0 90.0
108.0 25.0
225.0 113.0
117.0 207.0
35.0 86.0
25.0 117.0
172.0 86.0
186.0 93.0
156.0 51.0
81.0 226.0
237.0 103.0
203.0 151.0
207.0 6.0
210.0 105.0
184.0 224.0
8.0 92.0
113.0 57.0
218.0 78.0
145.0 192.0
84.0 194.0
81.0 50.0
111.0 182.0
89.0 90.0
149.0 31.0
53.0 130.0
99.0 98.0
140.0 198.0
250.0 43.0
32.0 72.0
170.0 32.0
80.0 203.0
195.0 115.0
179.0 9.0
73.0 151.0
216.0 125.0
246.0 24.0
77.0 212.0
106.0 193.0
168.0 67.0
171.0 135.0
249.0 236.0
85.0 155.0
21.0 212.0
35.0 220.0
64.0 136.0
115.0 155.0
176.0 129.0
99.0 22.0
181.0 62.0
32.0 100.0
21.0 61.0
216.0 193.0
136.0 123.0
152.0 47.0
73.0 49.0
93.0 225.0
184.0 185.0
198.0 117.0
211.0 36.0
28.0 12.0
53.0 171.0
19.0 98.0
89.0 37.0
32.0 147.0
215.0 28.0
253.0 112.0
162.0 38.0
172.0 97.0
45.0 210.0
20.0 200.0
151.0 246.0
36.0 134.0
8.0 88.0
61.0 231.0
105.0 29.0
197.0 116.0
237.0 101.0
169.0 249.0
152.0 227.0
12.0 42.0
136.0 100.0
46.0 111.0
103.0 155.0
198.0 206.0
134.0 197.0
220.0 76.0
253.0 208.0
246.0 110.0
181.0 14.0
128.0 201.0
13.0 181.0
83.0 251.0
181.0 233.0
8.0 166.0
14.0 172.0
92.0 144.0
162.0 20.0
217.0 165.0
28.0 216.0
139.0 222.0
114.0 8.0
98.0 222.0
96.0 250.0
188.0 253.0
78.0 157.0
22.0 76.0
14.0 34.0
173.0 84.0
144.0 154.0
247.0 251.0
245.0 186.0
242.0 180.0
221.0 220.0
174.0 172.0
184.0 167.0
209.0 254.0
188.0 189.0
187.0 240.0
124.0 104.0
153.0 156.0
83.0 240.0
150.0 190.0
57.0 96.0
243.0 136.0
172.0 159.0
208.0 145.0
183.0 90.0
170.0 95.0
52.0 10.0
27.0 247.0
246.0 240.0
81.0 213.0
142.0 74.0
63.0 182.0
96.0 91.0
120.0 82.0
193.0 196.0
37.0 53.0
59.0 251.0
209.0 196.0
194.0 162.0
184.0 170.0
32.0 121.0
199.0 198.0
65.0 231.0
190.0 157.0
153.0 131.0
251.0 246.0
207.0 192.0
196.0 226.0
196.0 31.0
86.0 125.0
122.0 65.0
200.0 35.0
12.0 167.0
227.0 242.0
139.0 99.0
29.0 219.0
225.0 96.0
101.0 94.0
178.0 169.0
237.0 226.0
224.0 160.0
130.0 136.0
153.0 184.0
47.0 88.0
126.0 157.0
190.0 123.0
156.0 166.0
231.0 21.0
83.0 228.0
53.0 96.0
26.0 107.0
24.0 181.0
22.0 81.0
209.0 87.0
187.0 219.0
243.0 245.0
246.0 181.0
151.0 227.0
145.0 220.0
171.0 182.0
221.0 32.0
44.0 77.0
245.0 17.0
155.0 68.0
209.0 184.0
135.0 94.0
63.0 180.0
220.0 98.0
100.0 55.0
12.0 95.0
102.0 54.0
147.0 152.0
86.0 252.0
115.0 74.0
96.0 157.0
74.0 42.0
38.0 213.0
102.0 51.0
107.0 236.0
31.0 86.0
209.0 61.0
219.0 249.0
11.0 82.0
34.0 95.0
169.0 63.0
12.0 67.0
6.0 33.0
97.0 175.0
38.0 46.0
50.0 127.0
11.0 212.0
59.0 224.0
209.0 159.0
251.0 104.0
92.0 212.0
61.0 236.0
130.0 94.0
198.0 165.0
27.0 18.0
113.0 20.0
66.0 147.0
67.0 148.0
155.0 119.0
52.0 11.0
176.0 15.0
58.0 122.0
93.0 119.0
72.0 233.0
51.0 153.0
167.0 196.0
11.0 24.0
177.0 101.0
95.0 119.0
220.0 198.0
14.0 41.0
179.0 134.0
112.0 248.0
8.0 88.0
77.0 43.0
134.0 236.0
203.0 55.0
168.0 12.0
103.0 42.0
73.0 177.0
162.0 211.0
165.0 101.0
13.0 96.0
154.0 102.0
167.0 255.0
35.0 125.0
229.0 222.0
130.0 249.0
203.0 123.0
226.0 161.0
180.0 213.0
234.0 221.0
58.0 168.0
183.0 129.0
194.0 241.0
115.0 190.0
21.0 251.0
48.0 70.0
165.0 115.0
208.0 160.0
185.0 58.0
92.0 55.0
132.0 56.0
145.0 167.0
180.0 10.0
25.0 79.0
99.0 137.0
106.0 40.0
10.0 127.0
42.0 89.0
24.0 244.0
214.0 86.0
93.0 244.0
213.0 250.0
65.0 194.0
97.0 106.0
122.0 188.0
147.0 93.0
232.0 135.0
30.0 74.0
154.0 45.0
234.0 150.0
45.0 77.0
225.0 134.0
17.0 149.0
159.0 212.0
111.0 247.0
182.0 30.0
177.0 154.0
7.0 93.0
192.0 41.0
222.0 106.0
193.0 72.0
114.0 8.0
195.0 54.0
77.0 220.0
137.0 168.0
44.0 201.0
163.0 223.0
133.0 239.0
72.0 40.0
32.0 191.0
174.0 39.0
246.0 204.0
8.0 67.0
61.0 24.0
5.0 116.0
233.0 57.0
199.0 70.0
170.0 139.0
198.0 84.0
160.0 66.0
123.0 43.0
128.0 233.0
127.0 101.0
45.0 32.0
56.0 123.0
97.0 246.0
239.0 160.0
143.0 212.0
119.0 140.0
162.0 105.0
49.0 48.0
126.0 26.0
131.0 137.0
90.0 70.0
20.0 79.0
86.0 216.0
195.0 222.0
220.0 92.0
249.0 232.0
202.0 57.0
95.0 153.0
72.0 46.0
248.0 67.0
217.0 252.0
173.0 239.0
91.0 194.0
48.0 49.0
92.0 134.0
19.0 239.0
122.0 28.0
158.0 141.0
200.0 66.0
130.0 62.0
235.0 132.0
72.0 59.0
213.0 133.0
152.0 224.0
61.0 119.0
145.0 52.0
28.0 27.0
81.0 120.0
235.0 113.0
18.0 80.0
126.0 249.0
35.0 12.0
71.0 73.0
165.0 37.0
237.0 229.0
245.0 126.0
114.0 123.0
230.0 103.0
167.0 18.0
136.0 186.0
161.0 15.0
243.0 146.0
195.0 164.0
98.0 79.0
175.0 64.0
108.0 13.0
127.0 132.0
96.0 188.0
160.0 227.0
7.0 112.0
173.0 193.0
4.0 110.0
172.0 175.0
46.0 129.0
235.0 84.0
249.0 60.0
58.0 225.0
63.0 45.0
7.0 114.0
170.0 127.0
48.0 41.0
212.0 44.0
240.0 108.0
220.0 244.0
124.0 175.0
165.0 196.0
67.0 240.0
121.0 10.0
210.0 141.0
126.0 53.0
8.0 210.0
90.0 200.0
126.0 93.0
198.0 15.0
22.0 87.0
45.0 148.0
149.0 239.0
58.0 110.0
223.0 225.0
117.0 75.0
71.0 148.0
241.0 36.0
181.0 98.0
149.0 16.0
102.0 45.0
226.0 123.0
116.0 217.0
9.0 208.0
39.0 226.0
157.0 65.0
159.0 197.0
117.0 70.0
28.0 228.0
73.0 51.0
37.0 173.0
43.0 161.0
72.0 108.0
47.0 188.0
68.0 126.0
95.0 204.0
156.0 229.0
91.0 66.0
67.0 19.0
203.0 102.0
113.0 166.0
211.0 97.0
65.0 135.0
30.0 22.0
91.0 112.0
224.0 24.0
203.0 198.0
162.0 217.0
25.0 153.0
221.0 198.0
176.0 204.0
19.0 172.0
219.0 29.0
62.0 7.0
103.0 48.0
69.0 219.0
160.0 42.0
9.0 82.0
205.0 86.0
31.0 247.0
203.0 189.0
123.0 166.0
148.0 12.0
137.0 128.0
246.0 178.0
68.0 8.0
198.0 167.0
130.0 228.0
15.0 188.0
177.0 141.0
54.0 152.0
62.0 146.0
89.0 246.0
168.0 225.0
220.0 134.0
69.0 23.0
44.0 121.0
135.0 17.0
63.0 212.0
232.0 88.0
79.0 51.0
168.0 116.0
184.0 209.0
141.0 36.0
11.0 17.0
18.0 133.0
185.0 25.0
33.0 117.0
12.0 98.0
127.0 121.0
20.0 186.0
147.0 73.0
204.0 93.0
215.0 166.0
254.0 192.0
171.0 41.0
238.0 13.0
226.0 6.0
127.0 47.0
125.0 41.0
12.0 59.0
72.0 48.0
50.0 112.0
97.0 187.0
94.0 246.0
6.0 173.0
149.0 126.0
178.0 228.0
37.0 241.0
27.0 186.0
234.0 51.0
228.0 71.0
171.0 102.0
168.0 45.0
75.0 91.0
104.0 131.0
11.0 9.0
74.0 251.0
93.0 29.0
222.0 143.0
144.0 91.0
193.0 5.0
127.0 237.0
78.0 96.0
15.0 39.0
29.0 30.0
94.0 20.0
91.0 85.0
150.0 65.0
252.0 157.0
231.0 100.0
166.0 43.0
40.0 113.0
110.0 79.0
252.0 217.0
90.0 171.0
239.0 200.0
212.0 131.0
48.0 114.0
127.0 219.0
76.0 244.0
89.0 208.0
79.0 111.0
207.0 212.0
128.0 16.0
164.0 230.0
55.0 105.0
56.0 42.0
33.0 103.0
228.0 253.0
57.0 121.0
186.0 19.0
47.0 221.0
60.0 109.0
197.0 71.0
63.0 244.0
225.0 34.0
74.0 192.0
211.0 49.0
132.0 225.0
93.0 110.0
117.0 36.0
109.0 60.0
34.0 72.0
160.0 95.0
20.0 40.0
230.0 90.0
163.0 150.0
204.0 37.0
67.0 215.0
132.0 68.0
187.0 78.0
140.0 191.0
212.0 88.0
137.0 165.0
137.0 210.0
159.0 195.0
206.0 149.0
166.0 27.0
216.0 177.0
190.0 7.0
245.0 174.0
44.0 51.0
185.0 177.0
152.0 198.0
249.0 103.0
54.0 108.0
214.0 67.0
22.0 4.0
188.0 44.0
212.0 80.0
57.0 216.0
181.0 244.0
15.0 94.0
62.0 68.0
190.0 163.0
92.0 230.0
165.0 9.0
168.0 163.0
32.0 8.0
244.0 70.0
156.0 216.0
144.0 169.0
126.0 142.0
192.0 189.0
246.0 170.0
130.0 105.0
142.0 180.0
100.0 248.0
210.0 22.0
41.0 169.0
108.0 9.0
130.0 32.0
155.0 197.0
19.0 244.0
204.0 30.0
95.0 255.0
218.0 210.0
174.0 103.0
21.0 250.0
200.0 49.0
40.0 188.0
251.0 160.0
163.0 90.0
44.0 142.0
142.0 131.0
110.0 157.0
42.0 37.0
226.0 231.0
52.0 83.0
116.0 175.0
13.0 244.0
185.0 248.0
108.0 104.0
98.0 66.0
218.0 250.0
169.0 138.0
243.0 121.0
214.0 191.0
7.0 144.0
182.0 223.0
201.0 59.0
145.0 110.0
82.0 68.0
46.0 96.0
9.0 140.0
186.0 67.0
196.0 209.0
207.0 117.0
84.0 207.0
171.0 158.0
101.0 101.0
153.0 178.0
131.0 179.0
40.0 78.0
33.0 170.0
71.0 50.0
168.0 68.0
231.0 21.0
184.0 102.0
117.0 27.0
86.0 123.0
254.0 175.0
12.0 188.0
172.0 155.0
101.0 21.0
33.0 119.0
234.0 248.0
236.0 223.0
208.0 194.0
224.0 56.0
168.0 34.0
12.0 123.0
64.0 199.0
30.0 212.0
37.0 212.0
166.0 213.0
121.0 228.0
249.0 61.0
90.0 70.0
14.0 41.0
147.0 165.0
74.0 209.0
198.0 60.0
132.0 69.0
34.0 24.0
96.0 121.0
24.0 59.0
155.0 37.0
254.0 186.0
118.0 252.0
145.0 217.0
230.0 39.0
59.0 14.0
115.0 14.0
33.0 27.0
177.0 10.0
109.0 31.0
17.0 152.0
200.0 230.0
36.0 176.0
99.0 224.0
173.0 201.0
223.0 189.0
89.0 149.0
45.0 124.0
93.0 114.0
198.0 103.0
9.0 14.0
72.0 68.0
149.0 205.0
24.0 188.0
236.0 24.0
121.0 208.0
49.0 31.0
178.0 195.0
233.0 72.0
159.0 197.0
250.0 67.0
31.0 149.0
203.0 245.0
44.0 127.0
176.0 92.0
150.0 174.0
206.0 165.0
151.0 158.0
114.0 107.0
172.0 42.0
237.0 172.0
159.0 130.0
139.0 207.0
144.0 46.0
190.0 22.0
88.0 122.0
9.0 250.0
179.0 110.0
36.0 200.0
249.0 253.0
62.0 225.0
96.0 226.0
138.0 223.0
212.0 164.0
76.0 161.0
116.0 109.0
49.0 91.0
150.0 9.0
168.0 238.0
38.0 196.0
163.0 197.0
239.0 116.0
124.0 198.0
233.0 108.0
125.0 141.0
169.0 152.0
18.0 191.0
105.0 208.0
89.0 28.0
192.0 226.0
23.0 178.0
125.0 106.0
216.0 133.0
73.0 235.0
13.0 37.0
89.0 48.0
48.0 79.0
39.0 137.0
109.0 197.0
195.0 207.0
117.0 119.0
148.0 245.0
247.0 235.0
81.0 130.0
154.0 180.0
157.0 166.0
205.0 20.0
198.0 107.0
62.0 20.0
51.0 44.0
154.0 37.0
151.0 141.0
230.0 128.0
91.0 164.0
163.0 33.0
90.0 152.0
99.0 14.0
243.0 127.0
224.0 87.0
109.0 242.0
97.0 232.0
149.0 157.0
240.0 251.0
175.0 200.0
43.0 19.0
219.0 184.0
29.0 108.0
65.0 90.0
185.0 201.0
27.0 94.0
30.0 153.0
88.0 47.0
228.0 205.0
64.0 240.0
58.0 114.0
61.0 180.0
197.0 74.0
37.0 122.0
213.0 62.0
75.0 169.0
89.0 99.0
60.0 82.0
127.0 219.0
10.0 230.0
89.0 212.0
109.0 176.0
103.0 89.0
92.0 16.0
54.0 230.0
123.0 34.0
87.0 238.0
197.0 143.0
108.0 117.0
129.0 160.0
30.0 168.0
209.0 143.0
223.0 97.0
18.0 250.0
100.0 102.0
101.0 34.0
159.0 43.0
81.0 154.0
15.0 106.0
90.0 112.0
148.0 202.0
189.0 122.0
232.0 103.0
14.0 55.0
201.0 195.0
4.0 210.0
18.0 240.0
22.0 11.0
142.0 131.0
91.0 202.0
104.0 170.0
242.0 38.0
5.0 216.0
18.0 196.0
246.0 130.0
14.0 232.0
183.0 224.0
140.0 214.0
104.0 239.0
99.0 218.0
171.0 244.0
137.0 211.0
25.0 67.0
203.0 100.0
87.0 17.0
186.0 121.0
161.0 169.0
227.0 241.0
246.0 46.0
180.0 54.0
230.0 155.0
83.0 38.0
43.0 50.0
68.0 10.0
95.0 221.0
227.0 249.0
137.0 194.0
226.0 15.0
28.0 203.0
32.0 69.0
175.0 180.0
225.0 26.0
5.0 106.0
96.0 28.0
94.0 70.0
118.0 226.0
195.0 163.0
161.0 109.0
180.0 255.0
123.0 127.0
242.0 92.0
225.0 217.0
246.0 160.0
64.0 58.0
228.0 153.0
231.0 89.0
28.0 68.0
237.0 169.0
182.0 161.0
227.0 78.0
213.0 195.0
16.0 116.0
27.0 29.0
109.0 121.0
211.0 141.0
115.0 12.0
67.0 14.0
56.0 78.0
19.0 75.0
131.0 13.0
150.0 22.0
69.0 251.0
90.0 66.0
220.0 225.0
153.0 95.0
199.0 32.0
71.0 125.0
47.0 215.0
111.0 194.0
127.0 245.0
13.0 157.0
125.0 92.0
179.0 200.0
181.0 75.0
207.0 138.0
198.0 215.0
254.0 188.0
210.0 225.0
15.0 167.0
235.0 182.0
146.0 159.0
133.0 160.0
44.0 16.0
227.0 243.0
188.0 71.0
118.0 71.0
85.0 62.0
98.0 217.0
142.0 58.0
164.0 163.0
145.0 197.0
173.0 67.0
30.0 209.0
65.0 183.0
236.0 124.0
9.0 24.0
11.0 28.0
52.0 16.0
9.0 149.0
12.0 80.0
208.0 220.0
28.0 18.0
143.0 90.0
195.0 41.0
54.0 120.0
10.0 168.0
97.0 184.0
213.0 215.0
95.0 239.0
151.0 211.0
89.0 127.0
41.0 132.0
66.0 199.0
230.0 111.0
205.0 83.0
156.0 169.0
175.0 247.0
212.0 251.0
228.0 106.0
148.0 210.0
165.0 198.0
31.0 202.0
114.0 20.0
67.0 194.0
56.0 197.0
177.0 219.0
157.0 202.0
195.0 199.0
201.0 153.0
35.0 70.0
80.0 78.0
57.0 188.0
9.0 234.0
22.0 92.0
51.0 32.0
109.0 17.0
219.0 57.0
187.0 72.0
124.0 33.0
182.0 111.0
104.0 181.0
162.0 106.0
115.0 139.0
62.0 156.0
231.0 33.0
50.0 55.0
140.0 254.0
108.0 207.0
135.0 140.0
161.0 188.0
96.0 254.0
6.0 62.0
60.0 63.0
200.0 201.0
52.0 114.0
49.0 46.0
117.0 118.0
27.0 182.0
97.0 151.0
53.0 74.0
242.0 41.0
155.0 166.0
58.0 9.0
51.0 113.0
93.0 226.0
44.0 167.0
222.0 38.0
135.0 175.0
235.0 117.0
137.0 41.0
157.0 148.0
62.0 225.0
7.0 196.0
198.0 66.0
27.0 36.0
5.0 76.0
200.0 126.0
135.0 121.0
18.0 183.0
82.0 5.0
139.0 208.0
136.0 66.0
17.0 193.0
25.0 79.0
89.0 57.0
29.0 234.0
137.0 152.0
115.0 173.0
88.0 24.0
208.0 118.0
239.0 93.0
33.0 19.0
48.0 115.0
37.0 153.0
74.0 217.0
196.0 132.0
92.0 183.0
64.0 228.0
150.0 237.0
24.0 39.0
128.0 66.0
214.0 29.0
237.0 219.0
207.0 144.0
151.0 32.0
53.0 87.0
74.0 33.0
127.0 136.0
62.0 157.0
18.0 187.0
242.0 67.0
41.0 41.0
192.0 29.0
214.0 232.0
216.0 57.0
165.0 52.0
106.0 106.0
191.0 192.0
84.0 160.0
38.0 20.0
90.0 152.0
38.0 40.0
224.0 152.0
9.0 213.0
192.0 126.0
192.0 252.0
110.0 133.0
21.0 237.0
198.0 84.0
82.0 42.0
91.0 78.0
10.0 238.0
137.0 61.0
217.0 175.0
62.0 175.0
113.0 231.0
241.0 231.0
126.0 17.0
91.0 235.0
232.0 249.0
177.0 27.0
242.0 141.0
185.0 147.0
145.0 119.0
234.0 49.0
132.0 186.0
40.0 176.0
252.0 15.0
44.0 164.0
168.0 30.0
144.0 19.0
97.0 171.0
236.0 181.0
46.0 194.0
132.0 220.0
28.0 126.0
135.0 174.0
6.0 74.0
249.0 111.0
131.0 121.0
153.0 154.0
135.0 159.0
57.0 89.0
67.0 14.0
211.0 163.0
130.0 63.0
253.0 164.0
164.0 108.0
109.0 153.0
146.0 50.0
218.0 126.0
168.0 12.0
179.0 91.0
95.0 119.0
204.0 199.0
11.0 137.0
130.0 83.0
33.0 94.0
228.0 83.0
218.0 237.0
182.0 221.0
10.0 18.0
111.0 217.0
96.0 107.0
137.0 208.0
239.0 34.0
236.0 198.0
58.0 34.0
248.0 187.0
235.0 99.0
180.0 175.0
220.0 181.0
11.0 116.0
37.0 170.0
72.0 115.0
152.0 228.0
11.0 91.0
130.0 217.0
94.0 73.0
137.0 179.0
204.0 218.0
201.0 225.0
182.0 84.0
86.0 192.0
230.0 169.0
119.0 11.0
130.0 53.0
211.0 59.0
177.0 69.0
223.0 28.0
149.0 251.0
107.0 227.0
128.0 30.0
79.0 242.0
72.0 94.0
101.0 206.0
144.0 28.0
86.0 246.0
17.0 245.0
239.0 13.0
47.0 196.0
16.0 188.0
190.0 11.0
51.0 24.0
131.0 186.0
136.0 191.0
166.0 78.0
209.0 96.0
166.0 211.0
76.0 96.0
28.0 11.0
207.0 103.0
93.0 142.0
219.0 180.0
19.0 119.0
185.0 229.0
16.0 54.0
109.0 213.0
24.0 66.0
20.0 193.0
106.0 67.0
154.0 219.0
61.0 112.0
74.0 228.0
83.0 130.0
51.0 107.0
149.0 97.0
198.0 232.0
98.0 109.0
38.0 236.0
142.0 33.0
141.0 183.0
197.0 60.0
109.0 82.0
174.0 223.0
223.0 211.0
171.0 75.0
69.0 130.0
127.0 224.0
167.0 204.0
255.0 36.0
20.0 106.0
176.0 72.0
183.0 68.0
210.0 206.0
217.0 153.0
97.0 126.0
210.0 243.0
245.0 241.0
106.0 119.0
172.0 151.0
173.0 169.0
77.0 253.0
199.0 62.0
99.0 42.0
138.0 222.0
81.0 82.0
166.0 82.0
12.0 26.0
240.0 102.0
92.0 101.0
253.0 127.0
228.0 245.0
247.0 223.0
13.0 231.0
157.0 144.0
126.0 84.0
161.0 12.0
106.0 240.0
242.0 180.0
7.0 122.0
189.0 245.0
80.0 240.0
204.0 93.0
64.0 79.0
19.0 22.0
111.0 7.0
67.0 221.0
97.0 135.0
204.0 29.0
151.0 198.0
158.0 130.0
89.0 255.0
96.0 205.0
180.0 178.0
128.0 104.0
36.0 113.0
170.0 177.0
247.0 223.0
226.0 197.0
110.0 39.0
91.0 116.0
204.0 97.0
116.0 22.0
90.0 77.0
224.0 102.0
210.0 251.0
173.0 123.0
147.0 37.0
118.0 150.0
208.0 131.0
108.0 61.0
116.0 164.0
177.0 25.0
154.0 144.0
57.0 93.0
137.0 81.0
57.0 192.0
215.0 182.0
232.0 65.0
24.0 70.0
6.0 53.0
244.0 106.0
58.0 153.0
24.0 120.0
186.0 96.0
186.0 6.0
123.0 58.0
31.0 96.0
160.0 54.0
44.0 174.0
99.0 53.0
193.0 144.0
140.0 231.0
9.0 110.0
231.0 239.0
241.0 234.0
152.0 99.0
158.0 248.0
46.0 145.0
187.0 184.0
186.0 58.0
58.0 200.0
144.0 34.0
20.0 66.0
15.0 214.0
197.0 217.0
195.0 78.0
252.0 111.0
41.0 64.0
64.0 191.0
16.0 209.0
208.0 231.0
14.0 210.0
58.0 104.0
106.0 90.0
194.0 34.0
32.0 222.0
51.0 32.0
25.0 42.0
122.0 216.0
202.0 44.0
17.0 71.0
217.0 66.0
46.0 209.0
41.0 33.0
77.0 98.0
173.0 71.0
134.0 181.0
43.0 34.0
115.0 196.0
44.0 205.0
47.0 48.0
21.0 122.0
43.0 141.0
112.0 144.0
42.0 115.0
78.0 95.0
142.0 87.0
178.0 218.0
184.0 182.0
97.0 150.0
67.0 45.0
74.0 26.0
47.0 61.0
158.0 64.0
151.0 53.0
101.0 101.0
46.0 70.0
183.0 40.0
156.0 162.0
79.0 86.0
237.0 141.0
7.0 83.0
48.0 86.0
74.0 216.0
244.0 199.0
206.0 14.0
218.0 193.0
232.0 34.0
173.0 142.0
75.0 38.0
248.0 145.0
62.0 190.0
136.0 77.0
123.0 186.0
108.0 137.0
51.0 214.0
22.0 174.0
218.0 63.0
141.0 28.0
247.0 121.0
127.0 30.0
244.0 228.0
247.0 65.0
150.0 234.0
13.0 135.0
176.0 113.0
105.0 26.0
94.0 101.0
11.0 97.0
137.0 94.0
67.0 176.0
190.0 130.0
183.0 239.0
142.0 88.0
114.0 165.0
227.0 50.0
156.0 193.0
77.0 56.0
240.0 211.0
173.0 110.0
210.0 111.0
101.0 29.0
124.0 250.0
115.0 103.0
215.0 123.0
60.0 50.0
249.0 127.0
44.0 109.0
55.0 182.0
28.0 125.0
49.0 217.0
88.0 82.0
181.0 131.0
150.0 94.0
5.0 125.0
90.0 149.0
147.0 164.0
105.0 22.0
29.0 53.0
136.0 6.0
241.0 26.0
107.0 251.0
28.0 228.0
164.0 18.0
151.0 77.0
35.0 216.0
21.0 29.0
47.0 178.0
185.0 119.0
102.0 179.0
187.0 156.0
231.0 11.0
42.0 82.0
151.0 234.0
203.0 245.0
105.0 83.0
144.0 217.0
236.0 220.0
22.0 36.0
195.0 226.0
241.0 145.0
90.0 150.0
189.0 236.0
73.0 91.0
123.0 182.0
115.0 62.0
103.0 168.0
77.0 186.0
60.0 249.0
26.0 135.0
54.0 139.0
25.0 232.0
121.0 60.0
250.0 216.0
214.0 85.0
226.0 13.0
219.0 167.0
230.0 114.0
165.0 176.0
225.0 30.0
33.0 9.0
6.0 56.0
105.0 210.0
109.0 166.0
160.0 68.0
175.0 181.0
100.0 205.0
49.0 143.0
136.0 45.0
134.0 158.0
39.0 45.0
148.0 244.0
194.0 148.0
215.0 119.0
97.0 62.0
13.0 78.0
134.0 115.0
89.0 218.0
173.0 182.0
148.0 103.0
191.0 121.0
68.0 224.0
87.0 245.0
72.0 208.0
8.0 196.0
178.0 26.0
235.0 139.0
253.0 29.0
99.0 227.0
123.0 164.0
33.0 133.0
254.0 102.0
184.0 253.0
20.0 249.0
26.0 241.0
228.0 227.0
7.0 89.0
45.0 188.0
78.0 45.0
98.0 180.0
14.0 225.0
64.0 34.0
212.0 67.0
77.0 130.0
38.0 100.0
201.0 132.0
16.0 80.0
