1
2048 1 3.0 0.0 1000.0 3 160 240 100

6.5 13.5 29.3 58.5
13.0 27.0 58.5 117.0
19.5 40.5 87.8 175.5
26.0 54.0 117.0 234.0
39.0 81.0 175.5 351.0
52.0 108.0 234.0 468.0
58.5 121.5 263.3 526.5
65.0 135.0 292.5 585.0
78.0 162.0 351.0 702.0
0.0 180.0 390.0 780.0

2.0 5.0 8.0 11.0
5.0 8.0 11.0 14.0
9.0 12.0 15.0 18.0
11.0 14.0 17.0 20.0
15.0 18.0 21.0 24.0
18.0 21.0 24.0 27.0
20.0 23.0 26.0 29.0
25.0 28.0 31.0 34.0
29.0 32.0 35.0 38.0
0.0 34.0 37.0 40.0

97.0 156.0
99.0 86.0
14.0 198.0
165.0 136.0
138.0 199.0
104.0 108.0
46.0 182.0
100.0 44.0
151.0 201.0
26.0 190.0
12.0 20.0
35.0 63.0
227.0 186.0
156.0 128.0
64.0 134.0
234.0 122.0
122.0 4.0
120.0 123.0
40.0 190.0
68.0 27.0
152.0 173.0
123.0 151.0
13.0 32.0
99.0 6.0
44.0 65.0
35.0 83.0
108.0 27.0
99.0 61.0
129.0 58.0
235.0 172.0
212.0 176.0
111.0 246.0
230.0 24.0
60.0 42.0
213.0 138.0
194.0 21.0
146.0 37.0
245.0 46.0
123.0 31.0
215.0 25.0
86.0 175.0
228.0 120.0
231.0 135.0
74.0 164.0
185.0 28.0
194.0 16.0
148.0 118.0
224.0 141.0
239.0 56.0
232.0 19.0
121.0 176.0
121.0 31.0
7.0 160.0
232.0 54.0
246.0 196.0
225.0 54.0
233.0 90.0
150.0 20.0
197.0 65.0
177.0 150.0
247.0 77.0
4.0 15.0
105.0 24.0
35.0 240.0
25.0 46.0
243.0 43.0
206.0 159.0
171.0 49.0
77.0 53.0
99.0 103.0
131.0 178.0
236.0 111.0
54.0 58.0
58.0 19.0
223.0 94.0
44.0 82.0
175.0 167.0
63.0 147.0
246.0 177.0
9.0 245.0
122.0 210.0
93.0 76.0
111.0 72.0
5.0 65.0
11.0 42.0
219.0 198.0
4.0 181.0
37.0 184.0
78.0 179.0
31.0 34.0
32.0 211.0
79.0 227.0
192.0 150.0
54.0 175.0
13.0 242.0
220.0 38.0
78.0 196.0
27.0 220.0
37.0 202.0
234.0 226.0
124.0 175.0
170.0 88.0
174.0 122.0
200.0 153.0
146.0 67.0
67.0 82.0
203.0 38.0
58.0 220.0
233.0 188.0
41.0 62.0
231.0 177.0
201.0 96.0
54.0 2.0
134.0 131.0
93.0 46.0
10.0 7.0
247.0 141.0
90.0 179.0
133.0 45.0
180.0 198.0
14.0 18.0
188.0 186.0
23.0 240.0
227.0 225.0
48.0 162.0
74.0 134.0
209.0 154.0
43.0 159.0
176.0 138.0
205.0 182.0
144.0 228.0
139.0 117.0
76.0 179.0
29.0 198.0
156.0 38.0
170.0 217.0
202.0 171.0
36.0 46.0
88.0 189.0
157.0 102.0
54.0 89.0
39.0 247.0
89.0 218.0
1.0 135.0
137.0 38.0
75.0 128.0
169.0 161.0
170.0 169.0
21.0 249.0
49.0 105.0
154.0 144.0
197.0 239.0
101.0 172.0
233.0 201.0
157.0 133.0
96.0 71.0
183.0 32.0
11.0 197.0
201.0 201.0
92.0 25.0
45.0 227.0
235.0 20.0
107.0 213.0
9.0 93.0
65.0 188.0
75.0 12.0
26.0 27.0
230.0 84.0
66.0 92.0
224.0 192.0
1.0 101.0
67.0 124.0
239.0 22.0
104.0 138.0
164.0 139.0
197.0 78.0
32.0 234.0
176.0 117.0
209.0 122.0
12.0 47.0
107.0 132.0
247.0 94.0
9.0 134.0
28.0 36.0
26.0 85.0
133.0 227.0
4.0 78.0
222.0 189.0
247.0 213.0
73.0 242.0
234.0 184.0
166.0 210.0
97.0 7.0
243.0 53.0
144.0 157.0
88.0 85.0
70.0 172.0
23.0 250.0
32.0 112.0
242.0 247.0
80.0 57.0
116.0 93.0
18.0 159.0
192.0 49.0
50.0 53.0
166.0 118.0
161.0 17.0
163.0 167.0
216.0 76.0
238.0 249.0
97.0 32.0
55.0 68.0
250.0 26.0
29.0 24.0
64.0 220.0
16.0 159.0
101.0 78.0
207.0 74.0
210.0 220.0
192.0 248.0
171.0 192.0
226.0 222.0
37.0 17.0
27.0 188.0
186.0 216.0
18.0 80.0
120.0 74.0
236.0 80.0
165.0 197.0
162.0 14.0
221.0 245.0
91.0 164.0
89.0 45.0
175.0 112.0
170.0 78.0
118.0 13.0
153.0 154.0
41.0 22.0
148.0 167.0
112.0 171.0
230.0 113.0
101.0 34.0
236.0 134.0
64.0 92.0
163.0 140.0
190.0 36.0
110.0 161.0
153.0 18.0
17.0 100.0
124.0 222.0
3.0 159.0
152.0 162.0
171.0 242.0
195.0 163.0
76.0 226.0
149.0 86.0
101.0 29.0
15.0 130.0
39.0 0.0
183.0 125.0
17.0 176.0
103.0 43.0
187.0 49.0
187.0 7.0
190.0 38.0
94.0 157.0
192.0 157.0
112.0 22.0
124.0 209.0
175.0 130.0
51.0 138.0
92.0 138.0
179.0 212.0
148.0 83.0
46.0 65.0
47.0 164.0
31.0 155.0
218.0 31.0
107.0 10.0
79.0 109.0
89.0 228.0
160.0 68.0
189.0 201.0
53.0 90.0
243.0 169.0
215.0 163.0
51.0 200.0
220.0 182.0
73.0 64.0
103.0 212.0
47.0 238.0
25.0 74.0
139.0 120.0
27.0 213.0
73.0 76.0
216.0 162.0
229.0 21.0
40.0 175.0
24.0 22.0
121.0 201.0
193.0 11.0
152.0 171.0
157.0 222.0
239.0 138.0
229.0 54.0
48.0 113.0
211.0 109.0
3.0 10.0
9.0 223.0
50.0 172.0
191.0 127.0
86.0 22.0
8.0 169.0
191.0 176.0
153.0 111.0
151.0 188.0
168.0 64.0
28.0 145.0
149.0 192.0
137.0 155.0
21.0 130.0
68.0 65.0
183.0 111.0
230.0 87.0
140.0 136.0
188.0 35.0
70.0 51.0
135.0 231.0
56.0 233.0
163.0 160.0
61.0 135.0
23.0 47.0
1.0 11.0
188.0 74.0
114.0 194.0
28.0 22.0
112.0 136.0
15.0 198.0
186.0 189.0
177.0 38.0
220.0 218.0
70.0 130.0
172.0 165.0
114.0 181.0
92.0 5.0
198.0 26.0
111.0 106.0
9.0 105.0
8.0 52.0
137.0 106.0
42.0 66.0
11.0 87.0
51.0 225.0
111.0 157.0
126.0 210.0
132.0 134.0
223.0 178.0
160.0 156.0
166.0 124.0
181.0 27.0
20.0 166.0
85.0 144.0
150.0 37.0
129.0 177.0
95.0 70.0
134.0 215.0
181.0 69.0
18.0 166.0
125.0 21.0
49.0 14.0
189.0 126.0
56.0 91.0
10.0 238.0
105.0 91.0
30.0 83.0
3.0 101.0
35.0 200.0
11.0 17.0
106.0 113.0
247.0 237.0
107.0 42.0
52.0 115.0
138.0 49.0
166.0 211.0
210.0 38.0
97.0 185.0
198.0 144.0
183.0 242.0
185.0 48.0
89.0 110.0
149.0 119.0
111.0 79.0
221.0 64.0
160.0 202.0
94.0 100.0
178.0 78.0
180.0 209.0
224.0 170.0
228.0 99.0
108.0 222.0
125.0 88.0
195.0 92.0
208.0 133.0
121.0 194.0
193.0 101.0
183.0 249.0
170.0 137.0
244.0 138.0
157.0 94.0
67.0 215.0
12.0 14.0
37.0 225.0
92.0 230.0
46.0 65.0
79.0 229.0
136.0 161.0
232.0 200.0
58.0 77.0
113.0 44.0
205.0 247.0
170.0 144.0
195.0 66.0
103.0 38.0
208.0 129.0
13.0 176.0
218.0 203.0
150.0 29.0
92.0 106.0
117.0 108.0
77.0 212.0
233.0 23.0
31.0 118.0
36.0 30.0
33.0 69.0
246.0 67.0
97.0 55.0
52.0 96.0
25.0 60.0
170.0 132.0
224.0 235.0
155.0 154.0
153.0 102.0
32.0 147.0
112.0 206.0
123.0 94.0
145.0 172.0
246.0 59.0
168.0 224.0
41.0 30.0
191.0 242.0
227.0 55.0
138.0 41.0
166.0 210.0
15.0 80.0
161.0 55.0
31.0 136.0
248.0 2.0
67.0 57.0
29.0 107.0
222.0 240.0
176.0 107.0
195.0 63.0
38.0 68.0
111.0 62.0
95.0 108.0
187.0 185.0
72.0 179.0
201.0 64.0
92.0 237.0
51.0 242.0
31.0 177.0
235.0 174.0
102.0 228.0
161.0 79.0
199.0 56.0
6.0 61.0
142.0 146.0
140.0 228.0
1.0 103.0
222.0 86.0
248.0 42.0
106.0 65.0
38.0 96.0
40.0 76.0
6.0 89.0
162.0 92.0
5.0 22.0
162.0 19.0
31.0 48.0
244.0 216.0
147.0 203.0
103.0 77.0
35.0 204.0
215.0 144.0
94.0 198.0
6.0 34.0
100.0 147.0
70.0 37.0
225.0 113.0
144.0 44.0
37.0 6.0
125.0 22.0
177.0 177.0
213.0 78.0
197.0 41.0
84.0 212.0
124.0 242.0
63.0 167.0
123.0 184.0
78.0 94.0
197.0 38.0
219.0 88.0
155.0 187.0
82.0 164.0
183.0 100.0
87.0 109.0
117.0 219.0
67.0 180.0
114.0 213.0
210.0 163.0
218.0 70.0
11.0 175.0
125.0 13.0
198.0 87.0
27.0 59.0
158.0 74.0
212.0 117.0
213.0 44.0
168.0 38.0
135.0 75.0
8.0 157.0
131.0 3.0
82.0 111.0
61.0 139.0
205.0 90.0
249.0 156.0
15.0 194.0
18.0 237.0
247.0 163.0
181.0 146.0
74.0 40.0
14.0 210.0
167.0 154.0
43.0 221.0
1.0 107.0
60.0 135.0
195.0 23.0
75.0 208.0
23.0 136.0
234.0 57.0
15.0 79.0
55.0 169.0
165.0 80.0
110.0 220.0
36.0 66.0
151.0 108.0
145.0 239.0
178.0 170.0
64.0 12.0
65.0 127.0
224.0 239.0
127.0 104.0
242.0 244.0
109.0 129.0
140.0 229.0
116.0 94.0
135.0 172.0
79.0 210.0
6.0 170.0
162.0 54.0
90.0 232.0
63.0 116.0
33.0 81.0
15.0 84.0
233.0 104.0
40.0 126.0
214.0 136.0
148.0 55.0
247.0 86.0
166.0 247.0
91.0 223.0
240.0 73.0
34.0 246.0
104.0 99.0
232.0 92.0
11.0 182.0
160.0 223.0
39.0 100.0
38.0 220.0
65.0 199.0
183.0 62.0
233.0 96.0
10.0 21.0
79.0 34.0
14.0 200.0
20.0 44.0
95.0 10.0
245.0 147.0
160.0 230.0
93.0 128.0
250.0 77.0
68.0 233.0
2.0 68.0
220.0 191.0
73.0 206.0
154.0 51.0
203.0 151.0
18.0 99.0
161.0 48.0
120.0 230.0
153.0 32.0
143.0 158.0
34.0 209.0
230.0 211.0
44.0 14.0
40.0 230.0
28.0 122.0
161.0 181.0
229.0 175.0
118.0 141.0
14.0 141.0
240.0 124.0
213.0 181.0
225.0 40.0
82.0 223.0
66.0 131.0
179.0 244.0
49.0 54.0
53.0 77.0
101.0 70.0
148.0 120.0
76.0 138.0
199.0 154.0
141.0 10.0
161.0 248.0
218.0 229.0
49.0 101.0
16.0 18.0
118.0 172.0
247.0 84.0
149.0 59.0
162.0 195.0
120.0 121.0
155.0 182.0
161.0 172.0
175.0 95.0
217.0 110.0
67.0 54.0
162.0 192.0
233.0 130.0
181.0 196.0
76.0 182.0
35.0 46.0
12.0 109.0
158.0 21.0
135.0 72.0
58.0 249.0
202.0 13.0
109.0 240.0
124.0 146.0
86.0 22.0
31.0 146.0
136.0 1.0
217.0 58.0
184.0 15.0
138.0 39.0
78.0 54.0
178.0 84.0
96.0 236.0
194.0 217.0
7.0 159.0
208.0 180.0
171.0 73.0
129.0 217.0
246.0 132.0
222.0 115.0
123.0 34.0
113.0 230.0
23.0 183.0
167.0 27.0
248.0 74.0
132.0 237.0
157.0 140.0
32.0 43.0
225.0 142.0
69.0 16.0
131.0 222.0
147.0 87.0
121.0 68.0
142.0 154.0
191.0 196.0
166.0 240.0
239.0 161.0
80.0 169.0
88.0 78.0
101.0 44.0
161.0 154.0
170.0 140.0
88.0 224.0
28.0 104.0
134.0 114.0
37.0 202.0
133.0 212.0
98.0 136.0
161.0 187.0
40.0 41.0
22.0 114.0
230.0 65.0
169.0 65.0
157.0 11.0
229.0 59.0
95.0 68.0
149.0 44.0
237.0 247.0
4.0 192.0
34.0 164.0
112.0 43.0
239.0 154.0
109.0 161.0
28.0 1.0
17.0 216.0
81.0 134.0
81.0 13.0
91.0 192.0
25.0 32.0
239.0 194.0
139.0 109.0
216.0 92.0
212.0 195.0
200.0 51.0
109.0 205.0
1.0 135.0
116.0 24.0
159.0 101.0
246.0 47.0
72.0 101.0
240.0 187.0
78.0 141.0
80.0 132.0
185.0 195.0
142.0 134.0
240.0 215.0
152.0 239.0
130.0 61.0
228.0 134.0
157.0 203.0
23.0 118.0
63.0 108.0
133.0 24.0
228.0 32.0
177.0 204.0
136.0 11.0
56.0 43.0
5.0 136.0
201.0 235.0
56.0 36.0
179.0 145.0
196.0 38.0
99.0 151.0
198.0 36.0
47.0 135.0
43.0 178.0
138.0 145.0
138.0 17.0
25.0 39.0
177.0 115.0
80.0 241.0
249.0 129.0
219.0 52.0
93.0 222.0
195.0 23.0
210.0 226.0
228.0 204.0
116.0 9.0
156.0 150.0
78.0 105.0
101.0 126.0
228.0 187.0
217.0 18.0
31.0 54.0
133.0 18.0
132.0 107.0
32.0 202.0
164.0 88.0
112.0 217.0
189.0 198.0
238.0 51.0
214.0 242.0
155.0 231.0
85.0 25.0
198.0 61.0
81.0 50.0
0.0 105.0
118.0 92.0
249.0 155.0
34.0 84.0
128.0 16.0
221.0 19.0
106.0 234.0
210.0 172.0
98.0 198.0
99.0 220.0
31.0 141.0
48.0 188.0
211.0 87.0
113.0 194.0
152.0 142.0
18.0 11.0
136.0 56.0
12.0 72.0
47.0 71.0
29.0 55.0
113.0 118.0
175.0 34.0
230.0 247.0
143.0 230.0
122.0 219.0
199.0 215.0
150.0 44.0
209.0 212.0
127.0 243.0
237.0 246.0
93.0 246.0
52.0 147.0
32.0 110.0
197.0 34.0
100.0 46.0
89.0 167.0
224.0 97.0
178.0 163.0
30.0 79.0
248.0 88.0
64.0 236.0
27.0 47.0
147.0 109.0
59.0 168.0
218.0 190.0
126.0 205.0
101.0 240.0
53.0 55.0
199.0 213.0
52.0 27.0
176.0 37.0
81.0 33.0
233.0 78.0
220.0 167.0
189.0 164.0
191.0 213.0
87.0 98.0
142.0 183.0
157.0 191.0
181.0 32.0
237.0 106.0
179.0 48.0
110.0 164.0
195.0 179.0
232.0 35.0
153.0 160.0
173.0 90.0
12.0 93.0
146.0 207.0
196.0 216.0
43.0 191.0
119.0 132.0
244.0 214.0
221.0 99.0
243.0 69.0
223.0 62.0
223.0 19.0
127.0 118.0
11.0 147.0
62.0 228.0
161.0 140.0
118.0 10.0
221.0 8.0
140.0 30.0
58.0 60.0
11.0 58.0
187.0 20.0
13.0 88.0
73.0 217.0
164.0 205.0
0.0 111.0
10.0 218.0
101.0 219.0
136.0 42.0
2.0 71.0
246.0 87.0
61.0 144.0
214.0 44.0
32.0 12.0
65.0 182.0
6.0 58.0
180.0 176.0
73.0 97.0
39.0 213.0
204.0 124.0
192.0 249.0
159.0 183.0
137.0 72.0
42.0 175.0
156.0 140.0
189.0 238.0
199.0 234.0
142.0 133.0
205.0 24.0
5.0 157.0
91.0 209.0
64.0 134.0
178.0 209.0
113.0 116.0
151.0 184.0
207.0 5.0
202.0 238.0
184.0 68.0
74.0 223.0
53.0 199.0
27.0 97.0
192.0 26.0
88.0 152.0
111.0 76.0
209.0 178.0
72.0 246.0
68.0 2.0
202.0 143.0
44.0 111.0
32.0 187.0
189.0 142.0
198.0 144.0
116.0 100.0
129.0 129.0
16.0 210.0
88.0 108.0
76.0 118.0
239.0 63.0
142.0 242.0
14.0 240.0
40.0 111.0
54.0 240.0
1.0 103.0
132.0 31.0
233.0 69.0
217.0 244.0
235.0 105.0
183.0 207.0
234.0 96.0
233.0 221.0
239.0 178.0
145.0 139.0
220.0 97.0
27.0 135.0
6.0 241.0
96.0 101.0
70.0 220.0
13.0 180.0
145.0 115.0
163.0 244.0
214.0 164.0
69.0 214.0
210.0 130.0
168.0 149.0
84.0 236.0
28.0 106.0
196.0 43.0
118.0 113.0
69.0 31.0
64.0 100.0
93.0 134.0
149.0 13.0
75.0 107.0
100.0 92.0
115.0 116.0
51.0 143.0
74.0 35.0
108.0 181.0
231.0 232.0
6.0 134.0
26.0 193.0
187.0 120.0
120.0 152.0
151.0 100.0
27.0 183.0
29.0 56.0
183.0 65.0
111.0 118.0
84.0 246.0
158.0 160.0
228.0 78.0
101.0 172.0
121.0 49.0
68.0 44.0
206.0 42.0
247.0 198.0
101.0 219.0
124.0 82.0
128.0 199.0
236.0 83.0
142.0 247.0
115.0 250.0
29.0 7.0
171.0 9.0
239.0 142.0
77.0 131.0
111.0 22.0
17.0 18.0
232.0 205.0
6.0 191.0
192.0 224.0
245.0 162.0
136.0 53.0
101.0 211.0
70.0 142.0
66.0 119.0
210.0 10.0
140.0 246.0
203.0 170.0
122.0 150.0
138.0 249.0
139.0 237.0
53.0 193.0
9.0 27.0
208.0 57.0
148.0 154.0
243.0 141.0
5.0 46.0
91.0 92.0
74.0 42.0
134.0 112.0
138.0 7.0
122.0 19.0
140.0 88.0
202.0 172.0
207.0 34.0
192.0 134.0
125.0 104.0
99.0 215.0
135.0 117.0
122.0 122.0
244.0 29.0
11.0 16.0
35.0 234.0
163.0 51.0
49.0 84.0
190.0 82.0
103.0 201.0
224.0 242.0
227.0 213.0
48.0 194.0
225.0 102.0
223.0 140.0
165.0 169.0
162.0 10.0
163.0 191.0
175.0 50.0
166.0 135.0
99.0 96.0
200.0 137.0
138.0 128.0
180.0 241.0
153.0 25.0
117.0 222.0
158.0 235.0
186.0 116.0
138.0 153.0
132.0 151.0
69.0 48.0
88.0 93.0
117.0 209.0
166.0 57.0
44.0 31.0
12.0 184.0
164.0 68.0
72.0 107.0
244.0 168.0
122.0 221.0
72.0 85.0
195.0 76.0
222.0 55.0
80.0 14.0
101.0 111.0
141.0 6.0
183.0 245.0
26.0 172.0
155.0 71.0
124.0 82.0
233.0 215.0
210.0 189.0
15.0 224.0
31.0 103.0
247.0 79.0
134.0 203.0
243.0 237.0
61.0 162.0
219.0 172.0
98.0 11.0
140.0 191.0
74.0 175.0
235.0 137.0
14.0 7.0
135.0 140.0
29.0 116.0
180.0 123.0
114.0 134.0
217.0 120.0
118.0 103.0
58.0 241.0
177.0 249.0
51.0 201.0
247.0 194.0
55.0 136.0
161.0 8.0
144.0 237.0
216.0 21.0
214.0 60.0
92.0 164.0
186.0 165.0
232.0 150.0
101.0 61.0
108.0 132.0
193.0 245.0
134.0 20.0
83.0 176.0
20.0 219.0
80.0 107.0
201.0 107.0
97.0 240.0
20.0 123.0
33.0 237.0
163.0 173.0
30.0 199.0
157.0 89.0
56.0 12.0
50.0 232.0
98.0 38.0
211.0 95.0
73.0 184.0
247.0 113.0
74.0 209.0
88.0 188.0
208.0 160.0
132.0 228.0
18.0 183.0
108.0 101.0
110.0 226.0
175.0 187.0
115.0 247.0
62.0 23.0
215.0 78.0
111.0 132.0
7.0 173.0
173.0 142.0
48.0 31.0
85.0 154.0
230.0 131.0
65.0 103.0
210.0 51.0
116.0 184.0
155.0 236.0
142.0 230.0
167.0 210.0
28.0 216.0
25.0 74.0
222.0 163.0
210.0 202.0
213.0 2.0
250.0 115.0
78.0 19.0
220.0 53.0
97.0 91.0
51.0 118.0
246.0 203.0
113.0 125.0
194.0 72.0
104.0 154.0
228.0 2.0
80.0 71.0
116.0 169.0
39.0 135.0
213.0 82.0
9.0 87.0
168.0 47.0
187.0 205.0
200.0 10.0
206.0 105.0
147.0 211.0
187.0 136.0
137.0 182.0
45.0 42.0
227.0 118.0
78.0 93.0
204.0 32.0
168.0 240.0
51.0 128.0
16.0 142.0
122.0 135.0
111.0 206.0
160.0 183.0
220.0 141.0
99.0 98.0
236.0 44.0
121.0 57.0
39.0 117.0
59.0 102.0
85.0 193.0
245.0 93.0
2.0 19.0
3.0 218.0
36.0 104.0
16.0 12.0
240.0 220.0
152.0 130.0
140.0 219.0
92.0 202.0
139.0 140.0
224.0 137.0
7.0 141.0
23.0 89.0
115.0 112.0
245.0 57.0
117.0 112.0
52.0 229.0
122.0 129.0
244.0 157.0
185.0 174.0
115.0 238.0
28.0 78.0
221.0 240.0
203.0 139.0
190.0 189.0
228.0 103.0
18.0 10.0
34.0 1.0
84.0 98.0
127.0 212.0
200.0 87.0
181.0 143.0
71.0 129.0
98.0 9.0
89.0 57.0
107.0 247.0
227.0 139.0
75.0 167.0
65.0 164.0
236.0 244.0
103.0 184.0
117.0 30.0
14.0 41.0
2.0 217.0
105.0 123.0
94.0 209.0
42.0 95.0
75.0 101.0
202.0 186.0
115.0 50.0
96.0 155.0
142.0 70.0
104.0 125.0
63.0 98.0
90.0 45.0
111.0 240.0
8.0 96.0
128.0 184.0
190.0 169.0
116.0 45.0
65.0 114.0
194.0 12.0
112.0 4.0
206.0 188.0
173.0 241.0
225.0 115.0
65.0 127.0
76.0 9.0
226.0 100.0
6.0 55.0
220.0 134.0
232.0 177.0
206.0 117.0
135.0 3.0
73.0 100.0
204.0 61.0
222.0 94.0
117.0 59.0
70.0 181.0
189.0 156.0
136.0 3.0
206.0 197.0
144.0 4.0
240.0 204.0
152.0 124.0
104.0 209.0
4.0 201.0
140.0 114.0
229.0 138.0
157.0 17.0
83.0 230.0
69.0 75.0
209.0 74.0
163.0 231.0
2.0 93.0
204.0 222.0
26.0 210.0
160.0 90.0
180.0 86.0
121.0 240.0
119.0 76.0
95.0 133.0
211.0 200.0
116.0 30.0
187.0 160.0
217.0 9.0
141.0 53.0
89.0 51.0
143.0 219.0
94.0 20.0
16.0 222.0
95.0 232.0
155.0 44.0
116.0 47.0
70.0 105.0
202.0 61.0
146.0 71.0
106.0 214.0
190.0 186.0
28.0 240.0
124.0 210.0
187.0 183.0
21.0 82.0
69.0 14.0
222.0 10.0
242.0 188.0
97.0 235.0
217.0 73.0
72.0 42.0
129.0 198.0
111.0 141.0
73.0 130.0
136.0 122.0
7.0 68.0
213.0 226.0
185.0 58.0
115.0 5.0
145.0 73.0
195.0 5.0
94.0 219.0
77.0 159.0
100.0 184.0
206.0 142.0
47.0 92.0
157.0 16.0
137.0 212.0
104.0 35.0
27.0 95.0
224.0 56.0
8.0 204.0
82.0 63.0
191.0 215.0
121.0 115.0
223.0 212.0
193.0 105.0
128.0 62.0
124.0 22.0
182.0 57.0
137.0 210.0
27.0 3.0
227.0 211.0
55.0 213.0
204.0 51.0
162.0 205.0
133.0 176.0
13.0 190.0
229.0 33.0
42.0 15.0
90.0 129.0
210.0 43.0
196.0 171.0
118.0 248.0
168.0 13.0
123.0 121.0
110.0 132.0
170.0 57.0
134.0 225.0
133.0 191.0
23.0 45.0
236.0 222.0
24.0 174.0
222.0 64.0
68.0 225.0
229.0 7.0
57.0 66.0
154.0 83.0
145.0 165.0
96.0 199.0
1.0 22.0
26.0 116.0
132.0 187.0
161.0 204.0
122.0 166.0
55.0 171.0
231.0 124.0
17.0 83.0
95.0 49.0
233.0 1.0
94.0 148.0
92.0 146.0
247.0 42.0
213.0 89.0
89.0 130.0
25.0 222.0
3.0 74.0
69.0 129.0
89.0 155.0
206.0 6.0
172.0 74.0
40.0 120.0
154.0 64.0
130.0 71.0
187.0 19.0
141.0 222.0
239.0 145.0
170.0 205.0
176.0 184.0
5.0 221.0
37.0 113.0
159.0 176.0
250.0 243.0
104.0 248.0
107.0 232.0
138.0 53.0
111.0 78.0
195.0 118.0
134.0 219.0
166.0 220.0
131.0 184.0
141.0 166.0
219.0 55.0
51.0 194.0
2.0 42.0
212.0 207.0
58.0 72.0
138.0 128.0
105.0 71.0
8.0 237.0
145.0 192.0
15.0 126.0
205.0 63.0
115.0 19.0
121.0 191.0
28.0 237.0
103.0 192.0
133.0 147.0
140.0 129.0
226.0 19.0
128.0 3.0
182.0 3.0
136.0 43.0
92.0 25.0
82.0 229.0
37.0 192.0
104.0 53.0
222.0 110.0
17.0 87.0
236.0 113.0
31.0 242.0
38.0 161.0
225.0 152.0
65.0 22.0
97.0 193.0
188.0 148.0
53.0 207.0
27.0 213.0
20.0 52.0
243.0 104.0
187.0 179.0
176.0 206.0
173.0 240.0
75.0 161.0
8.0 38.0
186.0 45.0
95.0 205.0
30.0 28.0
165.0 46.0
45.0 102.0
24.0 64.0
36.0 27.0
222.0 212.0
229.0 1.0
74.0 32.0
6.0 54.0
24.0 92.0
238.0 39.0
184.0 2.0
170.0 117.0
135.0 57.0
136.0 223.0
212.0 152.0
211.0 39.0
240.0 149.0
185.0 69.0
49.0 209.0
77.0 240.0
131.0 153.0
235.0 1.0
129.0 234.0
89.0 187.0
149.0 9.0
223.0 23.0
210.0 69.0
234.0 163.0
205.0 193.0
152.0 240.0
47.0 57.0
7.0 218.0
17.0 187.0
204.0 139.0
94.0 167.0
174.0 179.0
175.0 162.0
69.0 238.0
89.0 145.0
98.0 96.0
165.0 8.0
160.0 236.0
171.0 75.0
231.0 248.0
226.0 75.0
49.0 29.0
139.0 208.0
164.0 79.0
164.0 3.0
32.0 225.0
226.0 205.0
101.0 200.0
1.0 28.0
173.0 36.0
24.0 148.0
136.0 71.0
81.0 116.0
215.0 158.0
184.0 215.0
208.0 244.0
11.0 69.0
237.0 34.0
246.0 125.0
104.0 42.0
53.0 224.0
161.0 105.0
9.0 238.0
142.0 45.0
109.0 114.0
14.0 184.0
32.0 188.0
155.0 12.0
158.0 222.0
43.0 87.0
160.0 163.0
150.0 112.0
25.0 197.0
77.0 121.0
200.0 218.0
23.0 93.0
111.0 168.0
243.0 78.0
107.0 239.0
196.0 0.0
207.0 17.0
185.0 105.0
80.0 185.0
57.0 96.0
13.0 243.0
135.0 58.0
164.0 234.0
81.0 70.0
239.0 51.0
232.0 242.0
7.0 210.0
244.0 201.0
170.0 18.0
197.0 138.0
133.0 157.0
125.0 65.0
57.0 236.0
6.0 9.0
115.0 200.0
49.0 188.0
220.0 40.0
173.0 248.0
10.0 49.0
164.0 0.0
234.0 204.0
17.0 100.0
202.0 41.0
67.0 231.0
71.0 227.0
56.0 131.0
3.0 78.0
106.0 111.0
79.0 86.0
127.0 70.0
157.0 98.0
238.0 7.0
161.0 77.0
129.0 151.0
114.0 200.0
54.0 118.0
46.0 125.0
2.0 63.0
196.0 39.0
122.0 110.0
15.0 186.0
70.0 170.0
35.0 137.0
236.0 51.0
205.0 108.0
125.0 81.0
159.0 211.0
239.0 38.0
130.0 88.0
120.0 231.0
98.0 161.0
2.0 135.0
26.0 97.0
113.0 79.0
129.0 84.0
221.0 236.0
162.0 140.0
61.0 53.0
52.0 191.0
130.0 247.0
228.0 238.0
111.0 119.0
101.0 4.0
24.0 200.0
182.0 241.0
8.0 94.0
137.0 206.0
200.0 172.0
184.0 123.0
234.0 86.0
224.0 16.0
208.0 148.0
237.0 97.0
17.0 173.0
235.0 221.0
23.0 182.0
151.0 217.0
80.0 214.0
97.0 237.0
23.0 3.0
234.0 54.0
250.0 151.0
67.0 70.0
139.0 174.0
46.0 98.0
56.0 181.0
136.0 56.0
62.0 186.0
126.0 247.0
202.0 183.0
221.0 6.0
123.0 118.0
46.0 9.0
11.0 9.0
244.0 131.0
225.0 222.0
169.0 54.0
0.0 26.0
229.0 114.0
206.0 74.0
0.0 221.0
185.0 32.0
53.0 216.0
247.0 158.0
235.0 122.0
1.0 162.0
210.0 33.0
211.0 12.0
148.0 212.0
219.0 174.0
223.0 32.0
34.0 50.0
188.0 195.0
214.0 229.0
78.0 241.0
41.0 206.0
155.0 155.0
234.0 41.0
51.0 215.0
66.0 1.0
82.0 14.0
26.0 26.0
59.0 158.0
245.0 180.0
210.0 222.0
208.0 73.0
152.0 72.0
113.0 22.0
158.0 22.0
248.0 64.0
27.0 56.0
132.0 222.0
185.0 195.0
184.0 10.0
192.0 143.0
10.0 198.0
160.0 136.0
215.0 194.0
142.0 28.0
208.0 211.0
106.0 149.0
22.0 174.0
189.0 86.0
244.0 172.0
215.0 82.0
208.0 43.0
57.0 33.0
170.0 3.0
187.0 183.0
229.0 55.0
126.0 121.0
109.0 189.0
26.0 38.0
183.0 4.0
193.0 237.0
213.0 133.0
179.0 230.0
94.0 217.0
129.0 28.0
171.0 201.0
119.0 92.0
59.0 53.0
61.0 180.0
152.0 75.0
27.0 168.0
132.0 16.0
197.0 223.0
40.0 38.0
164.0 18.0
77.0 120.0
165.0 245.0
103.0 72.0
94.0 244.0
101.0 125.0
9.0 130.0
211.0 139.0
101.0 101.0
216.0 21.0
200.0 199.0
229.0 21.0
195.0 72.0
73.0 128.0
36.0 132.0
218.0 96.0
79.0 41.0
174.0 206.0
77.0 39.0
51.0 173.0
192.0 175.0
67.0 171.0
212.0 68.0
95.0 11.0
215.0 154.0
156.0 72.0
2.0 155.0
61.0 148.0
157.0 107.0
2.0 180.0
173.0 59.0
156.0 164.0
152.0 148.0
234.0 81.0
119.0 51.0
164.0 8.0
88.0 125.0
206.0 138.0
60.0 129.0
80.0 248.0
193.0 205.0
12.0 199.0
217.0 135.0
166.0 147.0
202.0 183.0
241.0 179.0
129.0 155.0
65.0 159.0
239.0 125.0
103.0 140.0
249.0 67.0
86.0 242.0
24.0 231.0
36.0 238.0
175.0 120.0
43.0 105.0
44.0 35.0
178.0 176.0
163.0 168.0
23.0 13.0
51.0 78.0
87.0 18.0
24.0 178.0
203.0 26.0
27.0 162.0
63.0 11.0
48.0 146.0
93.0 50.0
221.0 76.0
218.0 21.0
76.0 37.0
85.0 73.0
155.0 162.0
160.0 218.0
85.0 132.0
172.0 203.0
201.0 99.0
158.0 136.0
175.0 151.0
227.0 153.0
130.0 21.0
180.0 228.0
71.0 30.0
203.0 27.0
231.0 106.0
169.0 44.0
29.0 226.0
134.0 40.0
145.0 7.0
178.0 151.0
249.0 175.0
68.0 53.0
32.0 246.0
2.0 184.0
200.0 33.0
48.0 37.0
195.0 197.0
164.0 137.0
200.0 61.0
21.0 104.0
35.0 41.0
154.0 31.0
153.0 46.0
45.0 212.0
213.0 56.0
17.0 71.0
50.0 124.0
181.0 191.0
156.0 125.0
193.0 188.0
118.0 128.0
178.0 193.0
2.0 85.0
214.0 63.0
240.0 93.0
93.0 210.0
149.0 43.0
143.0 39.0
18.0 39.0
201.0 22.0
245.0 29.0
126.0 13.0
107.0 152.0
96.0 205.0
17.0 118.0
185.0 215.0
201.0 2.0
85.0 75.0
65.0 144.0
120.0 227.0
28.0 159.0
9.0 191.0
226.0 126.0
163.0 123.0
248.0 85.0
116.0 44.0
158.0 37.0
227.0 109.0
122.0 189.0
120.0 49.0
248.0 38.0
162.0 35.0
76.0 145.0
42.0 232.0
232.0 56.0
119.0 153.0
28.0 129.0
1.0 219.0
151.0 71.0
144.0 247.0
122.0 76.0
38.0 160.0
9.0 2.0
156.0 7.0
226.0 90.0
126.0 216.0
16.0 51.0
143.0 37.0
75.0 136.0
231.0 231.0
42.0 147.0
239.0 91.0
188.0 132.0
50.0 207.0
151.0 93.0
29.0 201.0
177.0 71.0
45.0 221.0
93.0 69.0
225.0 35.0
81.0 48.0
161.0 146.0
130.0 87.0
79.0 140.0
89.0 60.0
93.0 63.0
72.0 46.0
160.0 174.0
38.0 215.0
231.0 226.0
140.0 1.0
117.0 14.0
59.0 217.0
152.0 213.0
43.0 18.0
67.0 110.0
236.0 4.0
43.0 142.0
137.0 0.0
208.0 210.0
167.0 164.0
179.0 62.0
39.0 103.0
56.0 84.0
42.0 6.0
69.0 165.0
74.0 116.0
171.0 118.0
120.0 158.0
160.0 172.0
186.0 183.0
239.0 158.0
221.0 67.0
217.0 34.0
177.0 241.0
153.0 224.0
119.0 32.0
4.0 68.0
151.0 49.0
206.0 218.0
202.0 135.0
140.0 150.0
51.0 181.0
15.0 12.0
29.0 203.0
10.0 95.0
140.0 110.0
74.0 26.0
159.0 174.0
103.0 94.0
82.0 15.0
29.0 181.0
120.0 239.0
146.0 88.0
214.0 163.0
86.0 100.0
156.0 138.0
171.0 201.0
164.0 27.0
140.0 175.0
114.0 237.0
132.0 105.0
169.0 226.0
33.0 143.0
105.0 5.0
198.0 198.0
230.0 195.0
40.0 21.0
54.0 20.0
98.0 217.0
225.0 185.0
229.0 45.0
32.0 130.0
142.0 154.0
102.0 240.0
52.0 233.0
221.0 138.0
45.0 118.0
32.0 1.0
57.0 189.0
159.0 150.0
179.0 243.0
146.0 242.0
81.0 33.0
126.0 187.0
122.0 43.0
230.0 231.0
70.0 76.0
49.0 214.0
140.0 69.0
250.0 68.0
124.0 121.0
59.0 188.0
215.0 2.0
86.0 111.0
165.0 7.0
61.0 16.0
4.0 57.0
103.0 112.0
92.0 25.0
203.0 34.0
98.0 70.0
174.0 204.0
53.0 83.0
119.0 147.0
207.0 148.0
44.0 94.0
199.0 247.0
57.0 240.0
149.0 247.0
138.0 104.0
61.0 15.0
43.0 0.0
13.0 67.0
222.0 176.0
158.0 234.0
175.0 11.0
125.0 125.0
1.0 212.0
229.0 243.0
196.0 3.0
194.0 145.0
68.0 141.0
192.0 155.0
213.0 128.0
3.0 123.0
46.0 64.0
231.0 123.0
184.0 146.0
30.0 211.0
77.0 129.0
109.0 241.0
48.0 132.0
126.0 27.0
7.0 231.0
106.0 177.0
132.0 89.0
112.0 36.0
159.0 193.0
188.0 192.0
197.0 87.0
177.0 99.0

102.0 161.0
103.0 92.0
18.0 203.0
170.0 140.0
143.0 204.0
109.0 113.0
52.0 186.0
104.0 49.0
156.0 206.0
32.0 195.0
16.0 26.0
39.0 68.0
232.0 190.0
160.0 133.0
69.0 139.0
238.0 126.0
127.0 9.0
125.0 127.0
45.0 195.0
73.0 31.0
157.0 178.0
128.0 156.0
18.0 38.0
105.0 10.0
49.0 71.0
41.0 87.0
114.0 31.0
104.0 65.0
133.0 62.0
239.0 177.0
218.0 181.0
116.0 252.0
235.0 29.0
66.0 48.0
218.0 144.0
199.0 26.0
150.0 41.0
250.0 52.0
129.0 36.0
219.0 29.0
91.0 181.0
233.0 124.0
237.0 141.0
78.0 169.0
189.0 33.0
199.0 20.0
153.0 123.0
229.0 145.0
243.0 60.0
238.0 23.0
127.0 182.0
125.0 35.0
12.0 165.0
236.0 59.0
252.0 202.0
230.0 59.0
239.0 95.0
155.0 24.0
202.0 71.0
182.0 154.0
252.0 82.0
9.0 20.0
110.0 28.0
39.0 244.0
29.0 51.0
247.0 48.0
211.0 165.0
175.0 54.0
81.0 58.0
103.0 108.0
135.0 183.0
241.0 115.0
60.0 63.0
63.0 23.0
228.0 99.0
49.0 86.0
180.0 173.0
68.0 152.0
252.0 182.0
13.0 251.0
127.0 214.0
98.0 82.0
116.0 78.0
9.0 71.0
16.0 48.0
223.0 204.0
9.0 187.0
41.0 190.0
83.0 184.0
35.0 38.0
36.0 217.0
85.0 232.0
197.0 155.0
58.0 181.0
17.0 247.0
226.0 43.0
82.0 201.0
33.0 225.0
41.0 207.0
239.0 231.0
130.0 180.0
174.0 94.0
178.0 127.0
205.0 159.0
151.0 72.0
73.0 87.0
208.0 42.0
63.0 225.0
238.0 192.0
46.0 67.0
237.0 182.0
207.0 101.0
58.0 7.0
140.0 136.0
98.0 51.0
15.0 12.0
251.0 146.0
95.0 185.0
138.0 50.0
184.0 204.0
19.0 23.0
193.0 191.0
27.0 245.0
232.0 230.0
52.0 167.0
78.0 138.0
214.0 158.0
48.0 163.0
180.0 143.0
210.0 186.0
149.0 234.0
143.0 122.0
80.0 185.0
33.0 204.0
161.0 43.0
174.0 223.0
207.0 176.0
41.0 50.0
93.0 195.0
162.0 106.0
60.0 95.0
44.0 251.0
94.0 222.0
5.0 140.0
142.0 43.0
80.0 133.0
174.0 167.0
175.0 175.0
27.0 254.0
54.0 109.0
160.0 148.0
202.0 243.0
107.0 176.0
239.0 205.0
162.0 137.0
100.0 76.0
188.0 36.0
15.0 202.0
206.0 206.0
97.0 30.0
49.0 232.0
240.0 24.0
111.0 218.0
14.0 97.0
70.0 193.0
80.0 17.0
32.0 32.0
235.0 89.0
71.0 97.0
230.0 197.0
6.0 106.0
72.0 129.0
244.0 27.0
109.0 143.0
168.0 145.0
202.0 83.0
38.0 239.0
181.0 121.0
215.0 126.0
18.0 53.0
111.0 137.0
252.0 100.0
15.0 139.0
33.0 40.0
31.0 89.0
139.0 232.0
10.0 82.0
226.0 194.0
253.0 217.0
77.0 247.0
239.0 189.0
171.0 215.0
102.0 13.0
247.0 58.0
150.0 163.0
93.0 90.0
74.0 177.0
29.0 255.0
37.0 116.0
247.0 252.0
86.0 61.0
120.0 97.0
23.0 164.0
196.0 54.0
54.0 58.0
171.0 123.0
166.0 22.0
168.0 173.0
222.0 81.0
242.0 255.0
102.0 38.0
59.0 73.0
256.0 30.0
33.0 29.0
68.0 225.0
21.0 164.0
107.0 83.0
211.0 79.0
215.0 226.0
196.0 254.0
177.0 197.0
231.0 226.0
43.0 22.0
33.0 194.0
191.0 221.0
24.0 84.0
124.0 79.0
240.0 84.0
169.0 201.0
167.0 19.0
227.0 249.0
95.0 170.0
95.0 50.0
179.0 117.0
175.0 83.0
123.0 19.0
158.0 159.0
46.0 26.0
153.0 172.0
116.0 176.0
235.0 119.0
107.0 40.0
240.0 139.0
70.0 98.0
169.0 144.0
196.0 41.0
114.0 166.0
158.0 22.0
23.0 105.0
129.0 227.0
9.0 165.0
157.0 167.0
176.0 247.0
200.0 169.0
80.0 231.0
154.0 92.0
105.0 34.0
21.0 134.0
43.0 6.0
187.0 130.0
23.0 182.0
108.0 47.0
191.0 55.0
192.0 11.0
195.0 43.0
99.0 163.0
198.0 163.0
117.0 26.0
128.0 215.0
181.0 136.0
57.0 144.0
97.0 144.0
183.0 217.0
154.0 88.0
51.0 70.0
52.0 169.0
35.0 160.0
223.0 36.0
111.0 15.0
85.0 114.0
95.0 234.0
164.0 74.0
194.0 207.0
57.0 95.0
248.0 174.0
220.0 169.0
57.0 206.0
226.0 188.0
77.0 68.0
108.0 217.0
53.0 244.0
29.0 79.0
143.0 125.0
31.0 218.0
78.0 82.0
221.0 167.0
234.0 26.0
46.0 181.0
29.0 28.0
125.0 206.0
198.0 16.0
157.0 175.0
161.0 226.0
245.0 142.0
234.0 59.0
52.0 118.0
216.0 114.0
9.0 15.0
13.0 228.0
54.0 177.0
196.0 131.0
90.0 26.0
14.0 174.0
196.0 181.0
158.0 117.0
155.0 193.0
173.0 68.0
33.0 150.0
154.0 197.0
142.0 161.0
25.0 136.0
73.0 70.0
187.0 117.0
234.0 92.0
145.0 141.0
194.0 40.0
75.0 56.0
140.0 236.0
61.0 239.0
167.0 165.0
65.0 141.0
28.0 51.0
6.0 16.0
192.0 78.0
119.0 198.0
34.0 27.0
116.0 142.0
20.0 204.0
192.0 194.0
183.0 43.0
225.0 224.0
75.0 135.0
177.0 170.0
120.0 187.0
97.0 10.0
203.0 31.0
115.0 112.0
15.0 110.0
13.0 58.0
141.0 110.0
47.0 70.0
15.0 93.0
56.0 231.0
116.0 163.0
131.0 215.0
138.0 139.0
227.0 183.0
165.0 162.0
171.0 128.0
185.0 33.0
24.0 170.0
90.0 149.0
155.0 42.0
134.0 182.0
99.0 76.0
139.0 220.0
187.0 75.0
22.0 171.0
129.0 25.0
54.0 19.0
194.0 131.0
60.0 97.0
14.0 242.0
110.0 96.0
36.0 87.0
9.0 105.0
40.0 206.0
15.0 22.0
110.0 117.0
252.0 242.0
112.0 46.0
57.0 121.0
142.0 54.0
171.0 217.0
215.0 43.0
103.0 191.0
203.0 149.0
188.0 247.0
190.0 52.0
94.0 114.0
155.0 124.0
116.0 84.0
227.0 69.0
164.0 206.0
98.0 104.0
184.0 83.0
185.0 213.0
229.0 175.0
232.0 105.0
114.0 228.0
130.0 92.0
201.0 97.0
212.0 139.0
125.0 199.0
198.0 107.0
188.0 254.0
175.0 142.0
249.0 142.0
163.0 100.0
73.0 219.0
17.0 19.0
43.0 230.0
97.0 235.0
51.0 70.0
84.0 234.0
142.0 166.0
237.0 206.0
63.0 82.0
118.0 50.0
210.0 251.0
176.0 148.0
200.0 72.0
107.0 43.0
213.0 134.0
19.0 181.0
223.0 207.0
155.0 35.0
97.0 111.0
122.0 113.0
82.0 216.0
238.0 28.0
37.0 123.0
40.0 36.0
38.0 74.0
250.0 72.0
101.0 59.0
57.0 101.0
29.0 66.0
175.0 138.0
228.0 240.0
160.0 160.0
159.0 107.0
36.0 152.0
117.0 211.0
129.0 99.0
149.0 177.0
251.0 64.0
173.0 228.0
47.0 36.0
195.0 247.0
231.0 60.0
142.0 46.0
171.0 214.0
20.0 85.0
166.0 61.0
35.0 141.0
254.0 7.0
72.0 63.0
33.0 112.0
227.0 245.0
182.0 113.0
200.0 69.0
42.0 74.0
117.0 67.0
99.0 114.0
193.0 190.0
76.0 183.0
206.0 69.0
97.0 243.0
56.0 247.0
35.0 181.0
240.0 178.0
108.0 232.0
166.0 84.0
204.0 62.0
11.0 66.0
147.0 151.0
145.0 232.0
7.0 109.0
228.0 92.0
253.0 46.0
112.0 70.0
44.0 101.0
45.0 80.0
10.0 95.0
167.0 97.0
10.0 26.0
166.0 24.0
37.0 53.0
250.0 222.0
152.0 208.0
108.0 82.0
41.0 209.0
221.0 150.0
99.0 202.0
12.0 38.0
105.0 151.0
76.0 42.0
230.0 118.0
149.0 48.0
41.0 11.0
129.0 27.0
182.0 182.0
218.0 83.0
202.0 45.0
88.0 217.0
129.0 248.0
67.0 173.0
129.0 189.0
84.0 99.0
202.0 43.0
224.0 92.0
160.0 193.0
88.0 168.0
189.0 104.0
91.0 113.0
121.0 225.0
73.0 185.0
118.0 217.0
214.0 168.0
224.0 74.0
15.0 180.0
130.0 19.0
202.0 92.0
33.0 64.0
164.0 79.0
216.0 122.0
217.0 48.0
174.0 44.0
139.0 80.0
13.0 161.0
136.0 7.0
88.0 117.0
66.0 144.0
211.0 94.0
253.0 160.0
21.0 200.0
23.0 241.0
252.0 167.0
187.0 151.0
79.0 44.0
19.0 216.0
172.0 158.0
48.0 227.0
6.0 111.0
66.0 140.0
200.0 28.0
81.0 213.0
27.0 142.0
240.0 61.0
20.0 84.0
61.0 173.0
171.0 85.0
116.0 225.0
42.0 72.0
155.0 114.0
151.0 243.0
182.0 176.0
69.0 16.0
71.0 132.0
229.0 245.0
132.0 109.0
246.0 250.0
114.0 135.0
145.0 233.0
122.0 98.0
141.0 176.0
83.0 214.0
10.0 175.0
167.0 59.0
95.0 237.0
67.0 121.0
38.0 85.0
20.0 88.0
238.0 109.0
45.0 131.0
218.0 142.0
152.0 59.0
252.0 91.0
170.0 253.0
96.0 228.0
244.0 78.0
40.0 251.0
109.0 104.0
237.0 97.0
16.0 187.0
164.0 227.0
45.0 105.0
44.0 225.0
71.0 204.0
188.0 66.0
238.0 102.0
14.0 25.0
83.0 39.0
20.0 204.0
26.0 50.0
100.0 15.0
251.0 152.0
164.0 235.0
97.0 133.0
255.0 82.0
73.0 239.0
8.0 73.0
226.0 196.0
77.0 211.0
159.0 56.0
208.0 155.0
24.0 104.0
166.0 52.0
125.0 236.0
159.0 37.0
147.0 162.0
39.0 214.0
236.0 215.0
48.0 19.0
44.0 236.0
32.0 128.0
167.0 186.0
234.0 180.0
123.0 147.0
18.0 146.0
245.0 129.0
217.0 187.0
230.0 46.0
86.0 229.0
70.0 135.0
183.0 249.0
55.0 59.0
59.0 82.0
106.0 74.0
153.0 125.0
80.0 143.0
204.0 159.0
145.0 14.0
166.0 254.0
223.0 235.0
54.0 107.0
20.0 24.0
124.0 177.0
253.0 88.0
154.0 64.0
167.0 200.0
125.0 126.0
160.0 186.0
167.0 177.0
179.0 99.0
223.0 115.0
72.0 60.0
166.0 197.0
238.0 134.0
186.0 202.0
80.0 186.0
40.0 51.0
16.0 113.0
164.0 26.0
140.0 76.0
63.0 254.0
207.0 17.0
115.0 245.0
128.0 150.0
92.0 27.0
37.0 150.0
141.0 7.0
222.0 64.0
189.0 20.0
142.0 43.0
84.0 59.0
182.0 90.0
101.0 241.0
200.0 221.0
11.0 163.0
214.0 186.0
177.0 78.0
134.0 221.0
252.0 136.0
228.0 121.0
128.0 39.0
118.0 236.0
28.0 188.0
172.0 32.0
254.0 80.0
137.0 242.0
163.0 144.0
38.0 48.0
230.0 147.0
74.0 20.0
135.0 228.0
152.0 93.0
126.0 72.0
148.0 158.0
196.0 201.0
171.0 245.0
245.0 165.0
84.0 174.0
93.0 83.0
106.0 48.0
166.0 158.0
176.0 146.0
94.0 228.0
34.0 109.0
140.0 118.0
42.0 206.0
138.0 218.0
103.0 141.0
166.0 193.0
46.0 47.0
27.0 119.0
236.0 70.0
173.0 71.0
163.0 16.0
234.0 65.0
100.0 74.0
153.0 49.0
243.0 252.0
9.0 196.0
40.0 169.0
116.0 48.0
245.0 158.0
113.0 165.0
33.0 6.0
22.0 221.0
85.0 138.0
86.0 18.0
96.0 196.0
29.0 38.0
244.0 199.0
143.0 113.0
222.0 97.0
216.0 199.0
206.0 56.0
113.0 211.0
6.0 141.0
121.0 28.0
163.0 106.0
252.0 53.0
77.0 106.0
244.0 191.0
83.0 147.0
85.0 137.0
191.0 199.0
146.0 139.0
244.0 219.0
156.0 244.0
134.0 65.0
232.0 139.0
162.0 209.0
27.0 123.0
68.0 114.0
137.0 30.0
233.0 36.0
183.0 210.0
142.0 15.0
61.0 47.0
9.0 140.0
206.0 241.0
62.0 42.0
185.0 149.0
202.0 43.0
103.0 156.0
204.0 41.0
52.0 139.0
47.0 183.0
143.0 149.0
144.0 22.0
31.0 45.0
181.0 120.0
85.0 246.0
254.0 134.0
223.0 57.0
98.0 226.0
199.0 27.0
215.0 231.0
233.0 210.0
122.0 13.0
161.0 155.0
83.0 111.0
105.0 131.0
233.0 192.0
221.0 23.0
35.0 60.0
137.0 23.0
137.0 112.0
37.0 207.0
168.0 92.0
118.0 222.0
194.0 204.0
243.0 57.0
219.0 247.0
160.0 236.0
90.0 31.0
203.0 67.0
85.0 55.0
5.0 110.0
123.0 96.0
254.0 160.0
40.0 89.0
134.0 21.0
226.0 24.0
111.0 240.0
215.0 177.0
102.0 203.0
104.0 226.0
35.0 146.0
52.0 193.0
216.0 93.0
119.0 200.0
157.0 148.0
23.0 16.0
142.0 60.0
18.0 76.0
52.0 77.0
33.0 60.0
117.0 123.0
180.0 39.0
235.0 252.0
148.0 236.0
127.0 225.0
204.0 220.0
155.0 48.0
215.0 217.0
131.0 249.0
241.0 251.0
97.0 251.0
56.0 153.0
37.0 114.0
203.0 38.0
105.0 51.0
95.0 172.0
228.0 102.0
183.0 169.0
35.0 85.0
253.0 94.0
70.0 240.0
32.0 53.0
151.0 115.0
65.0 173.0
223.0 194.0
132.0 209.0
107.0 245.0
57.0 61.0
204.0 218.0
57.0 32.0
182.0 41.0
86.0 37.0
238.0 83.0
225.0 171.0
193.0 169.0
197.0 218.0
92.0 104.0
146.0 188.0
163.0 196.0
187.0 37.0
243.0 110.0
184.0 53.0
115.0 170.0
200.0 184.0
236.0 41.0
159.0 165.0
177.0 95.0
17.0 99.0
152.0 211.0
201.0 220.0
47.0 197.0
125.0 137.0
250.0 220.0
227.0 104.0
249.0 74.0
229.0 67.0
228.0 25.0
131.0 124.0
15.0 152.0
67.0 233.0
166.0 144.0
123.0 16.0
227.0 13.0
146.0 35.0
64.0 64.0
16.0 63.0
192.0 25.0
18.0 93.0
77.0 222.0
169.0 209.0
5.0 115.0
15.0 224.0
106.0 224.0
142.0 46.0
8.0 76.0
251.0 93.0
66.0 148.0
220.0 50.0
38.0 17.0
71.0 186.0
11.0 63.0
186.0 181.0
78.0 103.0
44.0 219.0
208.0 129.0
196.0 255.0
165.0 188.0
142.0 78.0
47.0 180.0
161.0 146.0
195.0 242.0
203.0 240.0
148.0 137.0
209.0 29.0
11.0 161.0
97.0 215.0
70.0 139.0
183.0 214.0
117.0 120.0
157.0 188.0
213.0 10.0
207.0 242.0
188.0 73.0
80.0 229.0
59.0 204.0
32.0 101.0
197.0 30.0
94.0 156.0
116.0 80.0
215.0 184.0
77.0 251.0
72.0 7.0
206.0 147.0
49.0 117.0
38.0 191.0
195.0 147.0
204.0 150.0
121.0 105.0
134.0 133.0
22.0 215.0
94.0 113.0
82.0 123.0
244.0 69.0
148.0 246.0
18.0 245.0
44.0 115.0
59.0 246.0
7.0 107.0
137.0 36.0
238.0 74.0
223.0 248.0
239.0 109.0
187.0 212.0
240.0 101.0
238.0 227.0
243.0 183.0
150.0 144.0
225.0 101.0
31.0 140.0
11.0 247.0
102.0 106.0
75.0 224.0
17.0 186.0
151.0 120.0
169.0 250.0
219.0 170.0
74.0 219.0
216.0 135.0
173.0 154.0
89.0 242.0
34.0 112.0
200.0 49.0
123.0 119.0
73.0 36.0
70.0 105.0
99.0 140.0
153.0 18.0
80.0 112.0
104.0 97.0
120.0 121.0
56.0 148.0
78.0 41.0
112.0 186.0
236.0 237.0
11.0 140.0
31.0 198.0
192.0 125.0
124.0 158.0
156.0 105.0
32.0 187.0
35.0 62.0
187.0 71.0
117.0 122.0
89.0 250.0
163.0 166.0
234.0 83.0
107.0 177.0
125.0 53.0
73.0 48.0
211.0 47.0
252.0 204.0
106.0 223.0
129.0 87.0
132.0 205.0
241.0 88.0
147.0 253.0
120.0 255.0
35.0 11.0
176.0 14.0
244.0 146.0
83.0 135.0
117.0 27.0
21.0 22.0
237.0 211.0
10.0 196.0
197.0 228.0
251.0 166.0
141.0 58.0
105.0 215.0
75.0 147.0
71.0 123.0
216.0 15.0
144.0 251.0
209.0 174.0
127.0 155.0
142.0 253.0
145.0 242.0
59.0 198.0
13.0 33.0
214.0 62.0
152.0 159.0
247.0 147.0
10.0 50.0
97.0 97.0
79.0 48.0
139.0 117.0
144.0 12.0
127.0 24.0
144.0 92.0
208.0 177.0
212.0 38.0
196.0 139.0
131.0 108.0
105.0 220.0
141.0 122.0
127.0 126.0
250.0 33.0
15.0 22.0
41.0 239.0
167.0 57.0
54.0 89.0
196.0 86.0
109.0 205.0
228.0 246.0
232.0 217.0
52.0 198.0
231.0 107.0
228.0 144.0
170.0 175.0
168.0 15.0
169.0 196.0
180.0 55.0
171.0 141.0
103.0 101.0
206.0 143.0
143.0 134.0
186.0 246.0
157.0 29.0
122.0 228.0
162.0 240.0
191.0 120.0
143.0 158.0
136.0 156.0
73.0 54.0
93.0 98.0
121.0 214.0
171.0 62.0
49.0 36.0
17.0 189.0
169.0 74.0
76.0 111.0
250.0 173.0
127.0 226.0
78.0 91.0
201.0 81.0
226.0 61.0
85.0 20.0
106.0 117.0
146.0 11.0
188.0 249.0
30.0 176.0
160.0 77.0
129.0 88.0
238.0 220.0
214.0 194.0
20.0 229.0
37.0 108.0
251.0 83.0
138.0 207.0
248.0 242.0
66.0 168.0
224.0 177.0
102.0 17.0
145.0 196.0
79.0 181.0
241.0 141.0
18.0 11.0
140.0 145.0
33.0 121.0
185.0 129.0
118.0 139.0
222.0 125.0
123.0 109.0
62.0 247.0
182.0 254.0
56.0 205.0
252.0 199.0
60.0 140.0
167.0 13.0
150.0 242.0
221.0 25.0
219.0 65.0
97.0 169.0
192.0 170.0
238.0 156.0
107.0 67.0
112.0 137.0
198.0 251.0
139.0 24.0
88.0 182.0
25.0 223.0
85.0 112.0
207.0 112.0
101.0 245.0
25.0 129.0
37.0 243.0
168.0 179.0
35.0 204.0
162.0 93.0
62.0 18.0
55.0 237.0
104.0 43.0
215.0 100.0
79.0 189.0
252.0 117.0
79.0 213.0
93.0 193.0
212.0 165.0
137.0 234.0
24.0 188.0
113.0 107.0
115.0 230.0
179.0 193.0
120.0 252.0
66.0 29.0
219.0 83.0
117.0 137.0
11.0 179.0
178.0 147.0
53.0 35.0
90.0 160.0
235.0 137.0
70.0 108.0
215.0 56.0
120.0 188.0
160.0 241.0
148.0 234.0
171.0 214.0
32.0 221.0
30.0 78.0
226.0 167.0
215.0 206.0
217.0 7.0
255.0 120.0
84.0 24.0
226.0 57.0
101.0 95.0
56.0 124.0
251.0 208.0
118.0 130.0
200.0 77.0
109.0 159.0
232.0 6.0
86.0 76.0
122.0 174.0
44.0 139.0
217.0 87.0
13.0 92.0
174.0 52.0
193.0 209.0
206.0 14.0
211.0 110.0
152.0 216.0
193.0 142.0
142.0 186.0
51.0 48.0
232.0 124.0
83.0 98.0
209.0 37.0
173.0 245.0
56.0 133.0
21.0 148.0
128.0 140.0
116.0 211.0
165.0 188.0
224.0 146.0
103.0 103.0
241.0 48.0
127.0 61.0
44.0 122.0
64.0 106.0
90.0 197.0
250.0 98.0
8.0 24.0
8.0 223.0
40.0 109.0
21.0 17.0
246.0 226.0
156.0 135.0
144.0 224.0
97.0 206.0
144.0 145.0
228.0 143.0
12.0 147.0
28.0 94.0
119.0 116.0
250.0 61.0
122.0 116.0
56.0 233.0
127.0 134.0
250.0 162.0
189.0 179.0
121.0 243.0
33.0 82.0
226.0 245.0
209.0 143.0
195.0 194.0
233.0 109.0
22.0 16.0
38.0 5.0
90.0 103.0
132.0 217.0
204.0 92.0
186.0 148.0
76.0 134.0
103.0 14.0
94.0 63.0
113.0 252.0
233.0 144.0
80.0 172.0
71.0 169.0
240.0 250.0
109.0 188.0
123.0 36.0
19.0 45.0
8.0 221.0
110.0 127.0
98.0 213.0
47.0 101.0
79.0 105.0
207.0 191.0
119.0 56.0
102.0 159.0
146.0 74.0
110.0 129.0
69.0 104.0
95.0 51.0
116.0 245.0
12.0 100.0
133.0 190.0
195.0 174.0
121.0 50.0
70.0 120.0
198.0 18.0
117.0 9.0
211.0 194.0
178.0 246.0
229.0 120.0
70.0 133.0
80.0 15.0
232.0 105.0
12.0 59.0
224.0 140.0
237.0 183.0
210.0 123.0
140.0 8.0
78.0 105.0
209.0 67.0
227.0 98.0
122.0 64.0
75.0 185.0
194.0 161.0
141.0 8.0
212.0 202.0
149.0 9.0
244.0 208.0
158.0 130.0
109.0 215.0
9.0 206.0
144.0 118.0
234.0 143.0
161.0 22.0
89.0 235.0
74.0 81.0
213.0 79.0
168.0 235.0
7.0 98.0
209.0 227.0
32.0 214.0
165.0 95.0
186.0 91.0
127.0 245.0
123.0 82.0
100.0 137.0
216.0 206.0
121.0 34.0
192.0 165.0
221.0 14.0
146.0 59.0
95.0 55.0
149.0 225.0
99.0 25.0
21.0 228.0
100.0 236.0
160.0 49.0
121.0 52.0
76.0 109.0
207.0 66.0
151.0 76.0
111.0 219.0
195.0 191.0
32.0 245.0
129.0 215.0
192.0 188.0
27.0 87.0
74.0 19.0
228.0 15.0
248.0 192.0
102.0 239.0
222.0 78.0
77.0 48.0
133.0 204.0
116.0 146.0
77.0 136.0
141.0 127.0
12.0 73.0
218.0 231.0
190.0 62.0
119.0 9.0
151.0 78.0
201.0 10.0
99.0 225.0
83.0 165.0
106.0 189.0
211.0 147.0
53.0 97.0
162.0 22.0
143.0 217.0
109.0 41.0
32.0 101.0
229.0 61.0
13.0 209.0
88.0 67.0
196.0 220.0
125.0 119.0
227.0 218.0
199.0 110.0
134.0 66.0
128.0 27.0
187.0 62.0
142.0 215.0
32.0 8.0
232.0 216.0
59.0 218.0
209.0 55.0
166.0 209.0
139.0 182.0
18.0 195.0
233.0 38.0
47.0 21.0
96.0 134.0
216.0 48.0
201.0 177.0
123.0 253.0
174.0 17.0
129.0 126.0
115.0 137.0
175.0 63.0
139.0 230.0
137.0 196.0
28.0 49.0
241.0 226.0
28.0 179.0
227.0 69.0
73.0 229.0
234.0 11.0
61.0 70.0
160.0 88.0
149.0 170.0
100.0 203.0
6.0 27.0
31.0 121.0
137.0 192.0
165.0 208.0
127.0 170.0
61.0 176.0
236.0 128.0
23.0 88.0
101.0 53.0
238.0 6.0
99.0 154.0
98.0 151.0
252.0 47.0
218.0 95.0
94.0 136.0
30.0 227.0
8.0 80.0
73.0 135.0
94.0 159.0
211.0 11.0
178.0 80.0
46.0 125.0
159.0 69.0
136.0 77.0
192.0 24.0
146.0 228.0
244.0 150.0
175.0 210.0
181.0 189.0
10.0 225.0
43.0 118.0
164.0 181.0
255.0 247.0
108.0 253.0
112.0 238.0
144.0 59.0
116.0 82.0
199.0 123.0
139.0 224.0
171.0 225.0
137.0 188.0
146.0 171.0
225.0 59.0
57.0 198.0
6.0 46.0
216.0 212.0
62.0 76.0
143.0 133.0
110.0 77.0
14.0 241.0
149.0 198.0
20.0 131.0
210.0 68.0
120.0 24.0
127.0 197.0
34.0 242.0
109.0 197.0
138.0 151.0
145.0 133.0
231.0 25.0
134.0 7.0
186.0 9.0
142.0 48.0
97.0 31.0
87.0 234.0
42.0 197.0
109.0 58.0
227.0 115.0
21.0 91.0
241.0 118.0
36.0 247.0
43.0 167.0
230.0 158.0
69.0 26.0
102.0 199.0
194.0 154.0
59.0 211.0
32.0 217.0
26.0 58.0
248.0 109.0
192.0 183.0
181.0 211.0
177.0 245.0
79.0 165.0
13.0 43.0
191.0 50.0
101.0 209.0
34.0 32.0
171.0 52.0
51.0 107.0
29.0 69.0
40.0 32.0
227.0 217.0
235.0 5.0
79.0 37.0
11.0 60.0
30.0 98.0
244.0 44.0
189.0 7.0
175.0 122.0
140.0 62.0
140.0 227.0
217.0 157.0
216.0 44.0
246.0 153.0
191.0 73.0
54.0 213.0
83.0 246.0
136.0 158.0
239.0 6.0
134.0 239.0
93.0 192.0
153.0 14.0
228.0 28.0
215.0 73.0
238.0 168.0
211.0 198.0
157.0 246.0
52.0 63.0
12.0 224.0
23.0 192.0
208.0 144.0
100.0 173.0
178.0 184.0
179.0 166.0
73.0 243.0
93.0 151.0
104.0 101.0
169.0 12.0
165.0 240.0
175.0 79.0
237.0 254.0
231.0 81.0
55.0 33.0
144.0 214.0
169.0 83.0
170.0 8.0
38.0 230.0
232.0 209.0
105.0 204.0
7.0 32.0
179.0 41.0
29.0 153.0
141.0 76.0
86.0 122.0
219.0 163.0
189.0 220.0
212.0 249.0
15.0 75.0
242.0 39.0
252.0 129.0
109.0 47.0
57.0 229.0
165.0 110.0
15.0 243.0
148.0 51.0
115.0 118.0
19.0 189.0
38.0 193.0
159.0 16.0
162.0 227.0
48.0 93.0
165.0 168.0
156.0 118.0
31.0 201.0
83.0 126.0
206.0 222.0
28.0 97.0
117.0 173.0
248.0 83.0
111.0 243.0
202.0 4.0
211.0 22.0
189.0 111.0
85.0 190.0
62.0 100.0
18.0 249.0
141.0 64.0
169.0 240.0
87.0 74.0
243.0 56.0
237.0 247.0
11.0 214.0
249.0 206.0
175.0 23.0
202.0 144.0
139.0 162.0
130.0 70.0
63.0 240.0
11.0 14.0
120.0 206.0
54.0 194.0
224.0 45.0
177.0 254.0
15.0 54.0
169.0 6.0
239.0 208.0
22.0 106.0
208.0 45.0
71.0 236.0
75.0 232.0
62.0 136.0
8.0 82.0
110.0 116.0
84.0 91.0
131.0 75.0
163.0 103.0
242.0 12.0
166.0 83.0
133.0 155.0
120.0 205.0
59.0 124.0
50.0 131.0
6.0 68.0
201.0 44.0
126.0 115.0
21.0 191.0
75.0 175.0
40.0 142.0
242.0 57.0
210.0 114.0
130.0 85.0
164.0 216.0
243.0 43.0
135.0 93.0
125.0 236.0
102.0 166.0
7.0 140.0
31.0 102.0
118.0 84.0
133.0 90.0
225.0 242.0
166.0 145.0
65.0 57.0
58.0 195.0
135.0 252.0
232.0 243.0
115.0 124.0
107.0 9.0
29.0 204.0
187.0 246.0
12.0 100.0
143.0 212.0
204.0 177.0
189.0 128.0
239.0 90.0
228.0 21.0
213.0 152.0
243.0 101.0
21.0 178.0
240.0 225.0
28.0 187.0
157.0 222.0
85.0 219.0
103.0 241.0
28.0 9.0
239.0 60.0
255.0 157.0
71.0 74.0
143.0 179.0
51.0 104.0
60.0 186.0
141.0 61.0
67.0 191.0
132.0 251.0
206.0 187.0
226.0 11.0
129.0 122.0
52.0 15.0
17.0 13.0
248.0 136.0
230.0 226.0
174.0 58.0
4.0 32.0
235.0 120.0
211.0 80.0
5.0 226.0
190.0 37.0
57.0 221.0
252.0 163.0
240.0 127.0
7.0 167.0
215.0 37.0
215.0 17.0
152.0 218.0
224.0 179.0
229.0 38.0
38.0 56.0
193.0 200.0
219.0 234.0
82.0 246.0
46.0 211.0
160.0 160.0
239.0 46.0
57.0 221.0
72.0 6.0
87.0 18.0
32.0 31.0
64.0 164.0
249.0 186.0
216.0 228.0
213.0 78.0
156.0 77.0
118.0 28.0
163.0 28.0
254.0 69.0
32.0 61.0
137.0 228.0
190.0 200.0
190.0 15.0
196.0 149.0
16.0 202.0
166.0 141.0
220.0 199.0
146.0 34.0
213.0 217.0
111.0 155.0
28.0 179.0
193.0 90.0
249.0 178.0
219.0 88.0
214.0 49.0
62.0 38.0
176.0 8.0
191.0 187.0
234.0 59.0
132.0 127.0
115.0 195.0
30.0 43.0
189.0 10.0
198.0 241.0
217.0 138.0
183.0 235.0
99.0 222.0
133.0 32.0
176.0 206.0
124.0 97.0
63.0 59.0
65.0 185.0
158.0 80.0
33.0 174.0
136.0 21.0
201.0 227.0
45.0 44.0
169.0 22.0
82.0 124.0
169.0 250.0
109.0 77.0
100.0 250.0
107.0 131.0
15.0 135.0
216.0 145.0
107.0 106.0
222.0 27.0
204.0 205.0
235.0 27.0
200.0 76.0
78.0 133.0
42.0 138.0
223.0 100.0
83.0 47.0
180.0 211.0
82.0 43.0
55.0 179.0
197.0 180.0
72.0 177.0
216.0 73.0
101.0 16.0
221.0 160.0
161.0 77.0
7.0 161.0
66.0 154.0
162.0 112.0
6.0 185.0
178.0 64.0
162.0 169.0
157.0 152.0
240.0 86.0
123.0 57.0
169.0 13.0
93.0 130.0
212.0 144.0
65.0 134.0
86.0 252.0
199.0 209.0
17.0 204.0
221.0 139.0
172.0 152.0
208.0 189.0
246.0 184.0
134.0 160.0
70.0 164.0
244.0 129.0
108.0 145.0
254.0 73.0
92.0 248.0
30.0 235.0
41.0 243.0
179.0 124.0
47.0 109.0
49.0 39.0
183.0 181.0
168.0 172.0
28.0 18.0
57.0 83.0
92.0 23.0
29.0 182.0
209.0 31.0
32.0 166.0
68.0 15.0
53.0 152.0
97.0 56.0
227.0 82.0
223.0 27.0
81.0 42.0
91.0 78.0
159.0 167.0
165.0 223.0
90.0 138.0
176.0 207.0
207.0 104.0
163.0 142.0
180.0 156.0
231.0 157.0
136.0 26.0
185.0 232.0
77.0 35.0
208.0 32.0
237.0 112.0
174.0 48.0
35.0 231.0
139.0 45.0
151.0 13.0
182.0 156.0
254.0 180.0
73.0 57.0
36.0 251.0
7.0 189.0
205.0 38.0
54.0 43.0
200.0 201.0
169.0 141.0
205.0 67.0
25.0 108.0
40.0 46.0
158.0 36.0
158.0 51.0
51.0 218.0
217.0 61.0
22.0 76.0
56.0 129.0
186.0 195.0
160.0 130.0
198.0 192.0
123.0 133.0
182.0 197.0
6.0 91.0
220.0 68.0
246.0 98.0
98.0 215.0
155.0 49.0
148.0 44.0
23.0 44.0
207.0 26.0
251.0 34.0
131.0 19.0
112.0 156.0
100.0 210.0
21.0 124.0
189.0 220.0
206.0 8.0
90.0 80.0
69.0 149.0
126.0 231.0
33.0 163.0
14.0 197.0
231.0 132.0
168.0 127.0
253.0 91.0
121.0 48.0
163.0 43.0
232.0 113.0
127.0 194.0
125.0 54.0
254.0 44.0
166.0 41.0
82.0 151.0
46.0 237.0
237.0 62.0
124.0 158.0
33.0 135.0
7.0 224.0
157.0 76.0
150.0 251.0
126.0 81.0
43.0 166.0
14.0 8.0
161.0 12.0
230.0 94.0
132.0 221.0
22.0 56.0
149.0 43.0
80.0 141.0
236.0 235.0
47.0 151.0
243.0 95.0
193.0 138.0
56.0 212.0
157.0 99.0
33.0 207.0
183.0 76.0
50.0 225.0
98.0 73.0
230.0 40.0
85.0 52.0
167.0 152.0
135.0 91.0
83.0 145.0
95.0 64.0
98.0 67.0
78.0 51.0
165.0 180.0
42.0 220.0
237.0 231.0
144.0 6.0
121.0 19.0
64.0 221.0
156.0 219.0
49.0 23.0
72.0 114.0
241.0 10.0
49.0 147.0
142.0 4.0
214.0 216.0
173.0 168.0
184.0 66.0
44.0 107.0
61.0 89.0
48.0 11.0
73.0 170.0
79.0 122.0
175.0 124.0
125.0 163.0
166.0 178.0
191.0 187.0
244.0 163.0
226.0 73.0
222.0 39.0
181.0 246.0
159.0 230.0
124.0 36.0
10.0 73.0
157.0 53.0
210.0 223.0
206.0 140.0
145.0 155.0
55.0 186.0
21.0 18.0
33.0 207.0
16.0 101.0
145.0 116.0
78.0 31.0
165.0 178.0
108.0 99.0
87.0 20.0
33.0 186.0
125.0 243.0
150.0 94.0
219.0 168.0
92.0 105.0
162.0 142.0
176.0 205.0
168.0 32.0
145.0 180.0
119.0 242.0
137.0 109.0
175.0 231.0
39.0 147.0
111.0 10.0
204.0 204.0
235.0 200.0
44.0 26.0
60.0 24.0
103.0 222.0
230.0 190.0
235.0 51.0
37.0 134.0
147.0 159.0
107.0 246.0
57.0 237.0
226.0 142.0
51.0 124.0
37.0 6.0
61.0 195.0
165.0 155.0
184.0 248.0
151.0 246.0
87.0 38.0
130.0 191.0
128.0 47.0
236.0 236.0
74.0 81.0
53.0 219.0
146.0 74.0
255.0 72.0
129.0 126.0
63.0 194.0
220.0 6.0
91.0 116.0
169.0 12.0
66.0 21.0
9.0 62.0
108.0 118.0
96.0 30.0
209.0 40.0
102.0 74.0
179.0 209.0
58.0 88.0
125.0 152.0
212.0 153.0
49.0 99.0
205.0 253.0
62.0 245.0
155.0 252.0
142.0 109.0
67.0 21.0
49.0 5.0
17.0 72.0
226.0 182.0
162.0 239.0
181.0 16.0
131.0 131.0
7.0 216.0
234.0 249.0
200.0 8.0
198.0 151.0
74.0 146.0
198.0 160.0
219.0 133.0
7.0 128.0
51.0 68.0
236.0 129.0
190.0 151.0
36.0 217.0
82.0 135.0
115.0 245.0
53.0 137.0
131.0 32.0
13.0 236.0
110.0 181.0
138.0 94.0
116.0 41.0
164.0 199.0
192.0 197.0
202.0 92.0
181.0 103.0
