1
2048 1 3.0 0.0 1000.0 3 160 240 100

6.5 13.5 29.3 58.5
13.0 27.0 58.5 117.0
19.5 40.5 87.8 175.5
26.0 54.0 117.0 234.0
39.0 81.0 175.5 351.0
52.0 108.0 234.0 468.0
58.5 121.5 263.3 526.5
65.0 135.0 292.5 585.0
78.0 162.0 351.0 702.0
0.0 180.0 390.0 780.0

2.0 5.0 8.0 11.0
5.0 8.0 11.0 14.0
9.0 12.0 15.0 18.0
11.0 14.0 17.0 20.0
15.0 18.0 21.0 24.0
18.0 21.0 24.0 27.0
20.0 23.0 26.0 29.0
25.0 28.0 31.0 34.0
29.0 32.0 35.0 38.0
0.0 34.0 37.0 40.0

16.0 191.0
245.0 25.0
231.0 75.0
141.0 83.0
186.0 125.0
99.0 20.0
104.0 248.0
95.0 231.0
166.0 93.0
82.0 70.0
162.0 69.0
176.0 11.0
222.0 14.0
101.0 167.0
54.0 145.0
217.0 213.0
185.0 217.0
54.0 43.0
20.0 165.0
55.0 95.0
92.0 35.0
58.0 44.0
179.0 84.0
117.0 172.0
42.0 244.0
48.0 245.0
98.0 210.0
187.0 67.0
134.0 206.0
117.0 188.0
12.0 75.0
222.0 43.0
109.0 119.0
212.0 125.0
47.0 207.0
89.0 105.0
83.0 216.0
78.0 120.0
106.0 175.0
116.0 19.0
227.0 69.0
59.0 157.0
19.0 45.0
59.0 160.0
43.0 100.0
149.0 122.0
82.0 113.0
127.0 32.0
85.0 186.0
139.0 21.0
129.0 33.0
178.0 97.0
23.0 232.0
25.0 83.0
238.0 237.0
226.0 51.0
159.0 77.0
12.0 100.0
217.0 247.0
115.0 141.0
31.0 125.0
21.0 148.0
229.0 20.0
248.0 185.0
218.0 64.0
47.0 43.0
187.0 196.0
247.0 141.0
236.0 46.0
20.0 185.0
52.0 123.0
160.0 107.0
136.0 215.0
21.0 134.0
142.0 40.0
95.0 147.0
189.0 193.0
238.0 66.0
96.0 29.0
157.0 30.0
25.0 168.0
41.0 228.0
98.0 132.0
65.0 48.0
107.0 183.0
42.0 6.0
6.0 234.0
61.0 4.0
169.0 32.0
20.0 0.0
246.0 113.0
9.0 20.0
221.0 106.0
88.0 216.0
106.0 3.0
34.0 23.0
33.0 95.0
221.0 3.0
41.0 76.0
95.0 42.0
184.0 140.0
24.0 119.0
139.0 187.0
107.0 193.0
77.0 92.0
113.0 39.0
89.0 37.0
239.0 218.0
42.0 224.0
242.0 133.0
64.0 102.0
17.0 215.0
134.0 42.0
34.0 97.0
106.0 224.0
99.0 169.0
25.0 54.0
210.0 4.0
172.0 225.0
109.0 179.0
99.0 140.0
176.0 99.0
188.0 176.0
137.0 231.0
134.0 128.0
104.0 218.0
9.0 196.0
52.0 168.0
184.0 217.0
123.0 208.0
140.0 151.0
234.0 216.0
57.0 115.0
5.0 211.0
113.0 135.0
113.0 184.0
235.0 13.0
209.0 204.0
121.0 103.0
129.0 242.0
141.0 32.0
166.0 151.0
64.0 27.0
249.0 119.0
106.0 6.0
182.0 165.0
100.0 217.0
158.0 117.0
173.0 231.0
77.0 27.0
101.0 159.0
5.0 60.0
105.0 59.0
187.0 217.0
126.0 11.0
68.0 44.0
229.0 202.0
108.0 54.0
41.0 129.0
231.0 139.0
241.0 131.0
55.0 92.0
157.0 242.0
131.0 128.0
84.0 189.0
205.0 137.0
18.0 161.0
107.0 204.0
45.0 45.0
161.0 3.0
204.0 134.0
82.0 206.0
181.0 115.0
150.0 152.0
36.0 236.0
235.0 52.0
198.0 72.0
89.0 74.0
42.0 161.0
113.0 231.0
170.0 73.0
136.0 38.0
80.0 37.0
35.0 222.0
216.0 77.0
111.0 93.0
222.0 151.0
179.0 229.0
1.0 126.0
152.0 195.0
39.0 200.0
215.0 100.0
209.0 225.0
234.0 69.0
155.0 192.0
121.0 54.0
85.0 175.0
183.0 206.0
196.0 133.0
45.0 92.0
196.0 7.0
48.0 101.0
9.0 109.0
97.0 219.0
16.0 131.0
218.0 113.0
28.0 150.0
194.0 101.0
229.0 69.0
149.0 72.0
160.0 250.0
77.0 32.0
105.0 160.0
78.0 8.0
67.0 158.0
136.0 78.0
89.0 107.0
113.0 134.0
216.0 83.0
154.0 46.0
226.0 232.0
46.0 188.0
77.0 165.0
112.0 121.0
36.0 79.0
45.0 30.0
92.0 110.0
160.0 74.0
229.0 233.0
72.0 117.0
38.0 96.0
154.0 148.0
125.0 223.0
179.0 208.0
160.0 89.0
103.0 10.0
158.0 148.0
30.0 211.0
201.0 177.0
181.0 130.0
85.0 140.0
46.0 9.0
202.0 71.0
159.0 224.0
35.0 46.0
40.0 173.0
197.0 123.0
142.0 132.0
8.0 194.0
206.0 163.0
179.0 1.0
231.0 4.0
213.0 134.0
109.0 152.0
213.0 145.0
237.0 172.0
107.0 213.0
35.0 100.0
65.0 123.0
72.0 77.0
27.0 120.0
77.0 202.0
231.0 18.0
190.0 139.0
23.0 17.0
88.0 74.0
236.0 213.0
212.0 179.0
23.0 141.0
125.0 70.0
75.0 212.0
89.0 27.0
212.0 246.0
7.0 92.0
179.0 107.0
209.0 194.0
239.0 4.0
105.0 27.0
25.0 81.0
39.0 224.0
132.0 8.0
8.0 169.0
13.0 55.0
205.0 107.0
51.0 233.0
169.0 29.0
244.0 123.0
122.0 125.0
243.0 89.0
169.0 131.0
65.0 131.0
46.0 12.0
85.0 190.0
222.0 181.0
12.0 43.0
180.0 46.0
80.0 219.0
38.0 241.0
20.0 205.0
213.0 195.0
189.0 248.0
182.0 13.0
31.0 138.0
149.0 209.0
123.0 160.0
45.0 133.0
122.0 233.0
72.0 13.0
214.0 30.0
53.0 75.0
30.0 233.0
210.0 36.0
245.0 99.0
240.0 61.0
195.0 104.0
177.0 102.0
115.0 214.0
62.0 88.0
198.0 194.0
10.0 3.0
209.0 108.0
76.0 204.0
224.0 48.0
143.0 134.0
107.0 146.0
104.0 159.0
166.0 240.0
178.0 61.0
239.0 162.0
19.0 44.0
1.0 118.0
80.0 148.0
139.0 14.0
10.0 64.0
61.0 75.0
176.0 120.0
144.0 225.0
218.0 47.0
77.0 219.0
85.0 184.0
180.0 94.0
112.0 85.0
115.0 79.0
191.0 88.0
10.0 145.0
225.0 163.0
34.0 208.0
52.0 234.0
60.0 46.0
135.0 166.0
92.0 67.0
103.0 231.0
205.0 113.0
49.0 132.0
66.0 61.0
42.0 6.0
137.0 33.0
143.0 126.0
25.0 103.0
12.0 94.0
193.0 180.0
2.0 111.0
120.0 88.0
216.0 249.0
14.0 144.0
53.0 192.0
18.0 131.0
77.0 228.0
162.0 96.0
119.0 105.0
108.0 227.0
80.0 142.0
73.0 135.0
203.0 85.0
105.0 169.0
165.0 238.0
214.0 202.0
140.0 217.0
169.0 139.0
43.0 242.0
75.0 233.0
242.0 178.0
177.0 62.0
70.0 136.0
121.0 137.0
49.0 206.0
5.0 122.0
39.0 248.0
69.0 248.0
78.0 210.0
220.0 51.0
34.0 17.0
137.0 114.0
181.0 111.0
24.0 79.0
204.0 78.0
112.0 2.0
140.0 65.0
114.0 153.0
91.0 30.0
131.0 247.0
136.0 182.0
45.0 64.0
131.0 6.0
52.0 65.0
196.0 112.0
248.0 104.0
216.0 185.0
21.0 203.0
13.0 133.0
67.0 122.0
169.0 110.0
131.0 61.0
248.0 110.0
189.0 112.0
38.0 197.0
34.0 154.0
201.0 199.0
101.0 204.0
48.0 40.0
139.0 32.0
222.0 174.0
179.0 178.0
121.0 165.0
17.0 53.0
230.0 5.0
64.0 141.0
61.0 87.0
138.0 112.0
233.0 52.0
174.0 223.0
48.0 49.0
67.0 214.0
194.0 8.0
235.0 182.0
57.0 78.0
245.0 18.0
159.0 218.0
216.0 33.0
76.0 216.0
222.0 210.0
227.0 238.0
24.0 88.0
4.0 70.0
231.0 104.0
26.0 24.0
103.0 13.0
99.0 42.0
213.0 78.0
45.0 110.0
51.0 48.0
105.0 118.0
179.0 224.0
206.0 167.0
129.0 3.0
175.0 91.0
30.0 94.0
53.0 48.0
44.0 152.0
231.0 97.0
207.0 157.0
178.0 218.0
130.0 162.0
113.0 85.0
52.0 102.0
11.0 168.0
43.0 174.0
169.0 92.0
0.0 101.0
103.0 212.0
103.0 158.0
129.0 207.0
233.0 164.0
15.0 24.0
166.0 176.0
178.0 96.0
161.0 219.0
208.0 51.0
126.0 173.0
56.0 204.0
113.0 15.0
36.0 171.0
198.0 166.0
109.0 27.0
116.0 10.0
236.0 223.0
95.0 221.0
122.0 58.0
124.0 84.0
28.0 36.0
225.0 72.0
91.0 50.0
89.0 231.0
206.0 77.0
29.0 29.0
40.0 212.0
228.0 80.0
94.0 101.0
98.0 30.0
21.0 215.0
135.0 140.0
237.0 167.0
178.0 229.0
158.0 125.0
97.0 134.0
215.0 153.0
200.0 231.0
126.0 159.0
239.0 46.0
185.0 151.0
201.0 112.0
174.0 116.0
128.0 11.0
45.0 93.0
23.0 85.0
83.0 120.0
220.0 172.0
88.0 15.0
151.0 200.0
164.0 45.0
250.0 126.0
12.0 57.0
69.0 193.0
199.0 7.0
212.0 86.0
181.0 93.0
25.0 118.0
168.0 35.0
53.0 133.0
238.0 102.0
50.0 130.0
162.0 47.0
188.0 187.0
218.0 165.0
131.0 45.0
94.0 23.0
233.0 66.0
17.0 204.0
159.0 54.0
91.0 225.0
65.0 11.0
107.0 104.0
9.0 215.0
181.0 112.0
93.0 51.0
109.0 66.0
153.0 104.0
164.0 56.0
110.0 89.0
110.0 98.0
166.0 235.0
27.0 245.0
106.0 73.0
92.0 242.0
246.0 136.0
45.0 153.0
162.0 132.0
102.0 177.0
135.0 214.0
175.0 182.0
49.0 61.0
33.0 70.0
62.0 2.0
134.0 122.0
166.0 13.0
148.0 49.0
77.0 209.0
20.0 45.0
186.0 35.0
215.0 172.0
158.0 151.0
121.0 6.0
23.0 74.0
134.0 13.0
213.0 227.0
16.0 179.0
28.0 64.0
178.0 10.0
104.0 39.0
109.0 54.0
246.0 239.0
221.0 166.0
62.0 45.0
210.0 66.0
147.0 33.0
80.0 13.0
127.0 108.0
46.0 39.0
182.0 191.0
101.0 187.0
234.0 87.0
75.0 58.0
50.0 231.0
106.0 8.0
65.0 65.0
221.0 155.0
48.0 111.0
75.0 176.0
51.0 119.0
166.0 175.0
126.0 244.0
202.0 218.0
140.0 236.0
69.0 209.0
29.0 230.0
184.0 58.0
216.0 6.0
81.0 204.0
145.0 166.0
120.0 75.0
34.0 226.0
45.0 139.0
185.0 194.0
162.0 48.0
54.0 24.0
239.0 128.0
74.0 117.0
16.0 86.0
39.0 142.0
55.0 89.0
172.0 243.0
195.0 184.0
60.0 245.0
220.0 98.0
207.0 74.0
124.0 25.0
9.0 132.0
202.0 45.0
32.0 196.0
245.0 160.0
14.0 228.0
165.0 234.0
103.0 25.0
229.0 175.0
127.0 229.0
95.0 35.0
31.0 7.0
184.0 238.0
152.0 24.0
240.0 228.0
93.0 168.0
216.0 140.0
244.0 18.0
214.0 147.0
79.0 125.0
245.0 209.0
158.0 242.0
164.0 17.0
93.0 188.0
171.0 218.0
15.0 106.0
101.0 97.0
192.0 179.0
34.0 172.0
211.0 185.0
48.0 9.0
230.0 89.0
46.0 84.0
107.0 160.0
100.0 123.0
34.0 207.0
99.0 128.0
100.0 35.0
46.0 133.0
39.0 86.0
146.0 38.0
223.0 6.0
164.0 183.0
9.0 218.0
70.0 129.0
144.0 113.0
68.0 191.0
211.0 67.0
164.0 65.0
176.0 39.0
230.0 218.0
174.0 49.0
105.0 249.0
189.0 194.0
59.0 31.0
158.0 116.0
38.0 209.0
38.0 198.0
148.0 226.0
206.0 47.0
153.0 108.0
146.0 141.0
86.0 27.0
148.0 88.0
121.0 3.0
93.0 2.0
179.0 155.0
194.0 53.0
27.0 218.0
114.0 92.0
241.0 122.0
235.0 15.0
157.0 222.0
108.0 150.0
49.0 95.0
227.0 213.0
38.0 129.0
50.0 220.0
104.0 186.0
24.0 55.0
75.0 189.0
165.0 180.0
73.0 52.0
61.0 81.0
196.0 156.0
6.0 49.0
23.0 186.0
228.0 19.0
94.0 150.0
50.0 196.0
89.0 12.0
88.0 56.0
221.0 146.0
182.0 82.0
195.0 165.0
48.0 201.0
138.0 205.0
215.0 151.0
198.0 86.0
118.0 116.0
113.0 78.0
37.0 249.0
79.0 41.0
117.0 28.0
70.0 59.0
44.0 199.0
75.0 210.0
229.0 121.0
42.0 210.0
211.0 154.0
99.0 207.0
0.0 10.0
229.0 81.0
185.0 102.0
93.0 156.0
178.0 180.0
46.0 52.0
21.0 151.0
179.0 207.0
10.0 21.0
40.0 175.0
193.0 212.0
247.0 108.0
117.0 74.0
39.0 137.0
0.0 219.0
78.0 212.0
86.0 123.0
176.0 217.0
238.0 247.0
159.0 48.0
134.0 247.0
138.0 118.0
20.0 156.0
41.0 68.0
238.0 219.0
43.0 48.0
120.0 147.0
128.0 212.0
95.0 111.0
46.0 167.0
208.0 85.0
15.0 151.0
42.0 6.0
67.0 39.0
105.0 235.0
6.0 97.0
55.0 156.0
3.0 197.0
190.0 20.0
178.0 37.0
213.0 249.0
55.0 212.0
68.0 187.0
128.0 40.0
233.0 129.0
46.0 133.0
140.0 247.0
20.0 233.0
229.0 113.0
104.0 171.0
194.0 71.0
57.0 103.0
41.0 24.0
81.0 9.0
139.0 16.0
5.0 221.0
25.0 59.0
89.0 104.0
6.0 197.0
145.0 29.0
184.0 133.0
22.0 119.0
103.0 48.0
27.0 65.0
243.0 53.0
199.0 92.0
185.0 26.0
149.0 246.0
70.0 163.0
237.0 235.0
21.0 101.0
190.0 82.0
48.0 83.0
47.0 227.0
226.0 144.0
167.0 203.0
30.0 157.0
61.0 131.0
2.0 99.0
147.0 70.0
8.0 248.0
82.0 54.0
135.0 51.0
133.0 248.0
105.0 242.0
116.0 182.0
143.0 79.0
1.0 106.0
35.0 150.0
73.0 62.0
200.0 7.0
122.0 85.0
139.0 173.0
202.0 7.0
197.0 189.0
21.0 149.0
135.0 104.0
148.0 247.0
76.0 193.0
226.0 36.0
193.0 203.0
240.0 197.0
66.0 13.0
164.0 212.0
226.0 156.0
151.0 233.0
176.0 189.0
231.0 113.0
12.0 6.0
39.0 81.0
98.0 198.0
170.0 93.0
18.0 169.0
60.0 208.0
124.0 6.0
117.0 160.0
65.0 171.0
114.0 80.0
204.0 145.0
208.0 169.0
197.0 220.0
213.0 172.0
31.0 188.0
110.0 52.0
136.0 250.0
76.0 98.0
25.0 16.0
97.0 2.0
188.0 53.0
102.0 242.0
72.0 221.0
60.0 205.0
240.0 124.0
75.0 249.0
177.0 52.0
73.0 10.0
212.0 104.0
231.0 31.0
128.0 6.0
119.0 157.0
88.0 180.0
70.0 129.0
50.0 202.0
138.0 196.0
167.0 84.0
29.0 79.0
246.0 151.0
236.0 203.0
127.0 52.0
144.0 156.0
166.0 66.0
205.0 194.0
71.0 125.0
79.0 101.0
157.0 63.0
216.0 93.0
133.0 169.0
143.0 231.0
108.0 151.0
65.0 128.0
63.0 233.0
167.0 45.0
107.0 114.0
93.0 49.0
124.0 123.0
127.0 196.0
6.0 186.0
163.0 24.0
218.0 67.0
127.0 218.0
248.0 113.0
58.0 91.0
78.0 96.0
126.0 118.0
90.0 7.0
186.0 51.0
177.0 16.0
18.0 219.0
100.0 93.0
208.0 169.0
220.0 97.0
218.0 126.0
47.0 243.0
218.0 57.0
88.0 99.0
96.0 185.0
64.0 158.0
102.0 119.0
121.0 18.0
163.0 68.0
202.0 77.0
199.0 180.0
106.0 169.0
111.0 103.0
8.0 147.0
133.0 174.0
100.0 242.0
101.0 225.0
0.0 61.0
206.0 18.0
210.0 187.0
158.0 180.0
158.0 109.0
208.0 41.0
205.0 77.0
63.0 92.0
61.0 247.0
39.0 107.0
86.0 54.0
100.0 32.0
53.0 83.0
247.0 36.0
242.0 242.0
48.0 214.0
40.0 127.0
126.0 219.0
59.0 7.0
40.0 176.0
69.0 204.0
238.0 36.0
121.0 170.0
152.0 95.0
50.0 142.0
235.0 215.0
104.0 77.0
119.0 92.0
245.0 111.0
109.0 242.0
20.0 120.0
25.0 162.0
156.0 247.0
248.0 217.0
156.0 110.0
121.0 98.0
181.0 172.0
160.0 6.0
104.0 108.0
123.0 43.0
168.0 44.0
6.0 90.0
242.0 101.0
134.0 30.0
239.0 17.0
59.0 215.0
58.0 144.0
41.0 157.0
7.0 219.0
207.0 233.0
170.0 88.0
38.0 244.0
67.0 142.0
148.0 246.0
189.0 33.0
139.0 122.0
130.0 54.0
120.0 189.0
33.0 112.0
42.0 171.0
179.0 68.0
67.0 224.0
80.0 244.0
249.0 217.0
18.0 239.0
111.0 62.0
23.0 235.0
38.0 193.0
96.0 64.0
185.0 103.0
63.0 82.0
181.0 160.0
223.0 7.0
236.0 1.0
60.0 129.0
23.0 78.0
57.0 184.0
92.0 49.0
8.0 180.0
50.0 203.0
236.0 71.0
137.0 240.0
234.0 213.0
75.0 225.0
33.0 117.0
162.0 144.0
164.0 50.0
157.0 33.0
155.0 134.0
13.0 211.0
57.0 121.0
144.0 224.0
61.0 96.0
173.0 147.0
70.0 198.0
193.0 237.0
178.0 207.0
139.0 208.0
29.0 215.0
163.0 230.0
138.0 127.0
235.0 69.0
32.0 53.0
246.0 83.0
153.0 232.0
211.0 118.0
15.0 172.0
208.0 146.0
175.0 16.0
39.0 63.0
148.0 202.0
127.0 111.0
187.0 33.0
244.0 222.0
188.0 129.0
233.0 124.0
21.0 230.0
168.0 123.0
164.0 195.0
3.0 33.0
73.0 68.0
38.0 43.0
29.0 141.0
107.0 118.0
36.0 46.0
209.0 97.0
129.0 161.0
100.0 204.0
28.0 245.0
204.0 22.0
146.0 204.0
226.0 14.0
243.0 34.0
193.0 13.0
115.0 232.0
210.0 148.0
243.0 53.0
5.0 247.0
150.0 82.0
172.0 59.0
28.0 92.0
88.0 216.0
6.0 31.0
17.0 149.0
244.0 7.0
3.0 246.0
97.0 211.0
200.0 112.0
165.0 39.0
106.0 70.0
94.0 231.0
229.0 153.0
70.0 151.0
28.0 95.0
240.0 151.0
26.0 200.0
141.0 33.0
76.0 219.0
235.0 162.0
34.0 238.0
6.0 124.0
201.0 89.0
94.0 110.0
183.0 145.0
53.0 42.0
123.0 164.0
75.0 241.0
101.0 142.0
138.0 43.0
26.0 219.0
69.0 26.0
186.0 246.0
66.0 130.0
166.0 151.0
80.0 214.0
164.0 98.0
214.0 195.0
41.0 222.0
152.0 213.0
17.0 27.0
178.0 59.0
227.0 118.0
138.0 202.0
149.0 246.0
65.0 42.0
28.0 182.0
170.0 69.0
163.0 44.0
53.0 194.0
46.0 215.0
217.0 73.0
129.0 94.0
99.0 38.0
48.0 204.0
98.0 97.0
220.0 14.0
166.0 235.0
21.0 121.0
82.0 112.0
80.0 47.0
96.0 10.0
21.0 143.0
190.0 238.0
63.0 242.0
7.0 246.0
198.0 190.0
86.0 15.0
208.0 250.0
75.0 98.0
133.0 148.0
171.0 18.0
77.0 124.0
102.0 10.0
83.0 145.0
14.0 188.0
85.0 240.0
214.0 14.0
49.0 19.0
239.0 4.0
193.0 206.0
92.0 184.0
6.0 93.0
244.0 116.0
93.0 161.0
91.0 110.0
190.0 130.0
130.0 77.0
250.0 52.0
131.0 31.0
62.0 104.0
213.0 35.0
191.0 47.0
234.0 1.0
72.0 153.0
245.0 15.0
157.0 185.0
85.0 197.0
100.0 92.0
212.0 173.0
236.0 157.0
231.0 17.0
204.0 110.0
97.0 135.0
125.0 79.0
58.0 69.0
35.0 23.0
223.0 53.0
116.0 134.0
159.0 201.0
60.0 223.0
54.0 7.0
209.0 221.0
221.0 178.0
214.0 172.0
82.0 110.0
204.0 217.0
67.0 132.0
97.0 91.0
165.0 220.0
164.0 237.0
204.0 179.0
103.0 201.0
205.0 110.0
115.0 22.0
29.0 50.0
100.0 161.0
31.0 221.0
109.0 69.0
52.0 136.0
32.0 48.0
115.0 148.0
30.0 133.0
8.0 53.0
81.0 34.0
248.0 202.0
9.0 229.0
249.0 119.0
248.0 123.0
45.0 196.0
84.0 3.0
26.0 99.0
244.0 63.0
162.0 67.0
218.0 105.0
43.0 116.0
44.0 77.0
94.0 218.0
63.0 174.0
156.0 76.0
11.0 26.0
181.0 197.0
81.0 85.0
94.0 9.0
182.0 124.0
199.0 96.0
164.0 53.0
71.0 180.0
112.0 105.0
157.0 37.0
104.0 243.0
177.0 108.0
146.0 179.0
173.0 123.0
70.0 2.0
154.0 109.0
236.0 186.0
72.0 237.0
182.0 83.0
204.0 250.0
196.0 57.0
48.0 49.0
87.0 245.0
178.0 69.0
245.0 208.0
48.0 117.0
142.0 101.0
53.0 211.0
240.0 242.0
234.0 203.0
90.0 82.0
39.0 87.0
201.0 88.0
155.0 182.0
98.0 157.0
215.0 183.0
17.0 203.0
246.0 163.0
35.0 166.0
57.0 150.0
204.0 200.0
45.0 207.0
116.0 160.0
244.0 52.0
89.0 42.0
233.0 1.0
32.0 99.0
92.0 136.0
46.0 170.0
140.0 134.0
197.0 65.0
32.0 7.0
155.0 186.0
78.0 80.0
233.0 80.0
213.0 81.0
172.0 231.0
135.0 29.0
69.0 183.0
139.0 194.0
165.0 156.0
54.0 174.0
29.0 124.0
192.0 236.0
210.0 146.0
65.0 102.0
37.0 53.0
184.0 192.0
8.0 139.0
53.0 139.0
59.0 90.0
49.0 206.0
57.0 187.0
183.0 43.0
157.0 127.0
55.0 52.0
2.0 126.0
112.0 159.0
38.0 22.0
166.0 136.0
33.0 178.0
150.0 166.0
211.0 18.0
173.0 143.0
210.0 114.0
15.0 41.0
139.0 53.0
215.0 220.0
93.0 104.0
37.0 114.0
1.0 57.0
80.0 62.0
49.0 120.0
200.0 86.0
194.0 121.0
142.0 18.0
105.0 31.0
143.0 138.0
202.0 170.0
76.0 112.0
235.0 2.0
235.0 12.0
202.0 247.0
216.0 83.0
190.0 84.0
123.0 172.0
34.0 59.0
179.0 86.0
19.0 102.0
97.0 194.0
158.0 126.0
146.0 160.0
121.0 243.0
177.0 233.0
234.0 200.0
146.0 115.0
249.0 192.0
21.0 218.0
181.0 32.0
4.0 184.0
40.0 204.0
54.0 128.0
107.0 155.0
47.0 83.0
241.0 240.0
163.0 242.0
221.0 31.0
210.0 103.0
230.0 38.0
118.0 225.0
123.0 192.0
165.0 96.0
209.0 236.0
65.0 178.0
64.0 13.0
88.0 4.0
210.0 185.0
227.0 36.0
89.0 220.0
203.0 23.0
14.0 75.0
195.0 176.0
157.0 32.0
221.0 60.0
135.0 238.0
171.0 115.0
128.0 38.0
47.0 89.0
219.0 14.0
43.0 180.0
245.0 208.0
133.0 32.0
5.0 55.0
176.0 13.0
220.0 142.0
102.0 45.0
208.0 181.0
28.0 42.0
69.0 195.0
20.0 86.0
199.0 178.0
224.0 48.0
56.0 100.0
184.0 133.0
124.0 151.0
222.0 194.0
127.0 209.0
58.0 177.0
60.0 62.0
175.0 144.0
208.0 235.0
228.0 128.0
111.0 82.0
134.0 147.0
247.0 117.0
7.0 238.0
46.0 122.0
209.0 220.0
108.0 126.0
54.0 186.0
120.0 173.0
57.0 35.0
223.0 96.0
143.0 186.0
196.0 88.0
84.0 154.0
88.0 160.0
201.0 2.0
36.0 166.0
226.0 231.0
15.0 92.0
241.0 240.0
156.0 174.0
195.0 49.0
237.0 163.0
68.0 39.0
101.0 179.0
44.0 27.0
8.0 105.0
127.0 51.0
20.0 63.0
207.0 68.0
67.0 80.0
124.0 61.0
170.0 94.0
110.0 121.0
87.0 23.0
41.0 146.0
227.0 195.0
245.0 83.0
243.0 224.0
174.0 232.0
11.0 3.0
73.0 170.0
20.0 35.0
61.0 181.0
29.0 130.0
143.0 127.0
127.0 82.0
190.0 29.0
178.0 224.0
34.0 154.0
162.0 88.0
90.0 8.0
16.0 214.0
15.0 170.0
130.0 196.0
207.0 214.0
196.0 125.0
26.0 51.0
210.0 170.0
159.0 59.0
208.0 61.0
131.0 200.0
130.0 87.0
27.0 123.0
51.0 14.0
41.0 83.0
32.0 151.0
34.0 36.0
200.0 96.0
107.0 118.0
204.0 10.0
242.0 12.0
5.0 87.0
133.0 10.0
48.0 186.0
149.0 163.0
135.0 165.0
160.0 198.0
165.0 12.0
57.0 218.0
209.0 194.0
72.0 250.0
180.0 182.0
84.0 12.0
221.0 201.0
170.0 109.0
175.0 53.0
194.0 139.0
142.0 160.0
70.0 52.0
118.0 72.0
126.0 125.0
79.0 208.0
64.0 243.0
154.0 191.0
91.0 11.0
103.0 177.0
64.0 241.0
134.0 163.0
119.0 209.0
139.0 53.0
2.0 116.0
13.0 80.0
173.0 14.0
20.0 2.0
63.0 14.0
227.0 36.0
152.0 144.0
105.0 75.0
130.0 74.0
197.0 32.0
183.0 182.0
68.0 222.0
56.0 57.0
65.0 10.0
37.0 48.0
235.0 1.0
149.0 64.0
41.0 133.0
79.0 124.0
106.0 78.0
236.0 224.0
1.0 176.0
111.0 157.0
174.0 182.0
191.0 218.0
183.0 184.0
234.0 64.0
171.0 102.0
36.0 24.0
141.0 232.0
104.0 18.0
113.0 133.0
10.0 247.0
47.0 197.0
211.0 186.0
31.0 70.0
219.0 173.0
238.0 142.0
56.0 245.0
245.0 144.0
236.0 152.0
133.0 203.0
90.0 50.0
65.0 13.0
46.0 209.0
131.0 97.0
60.0 86.0
49.0 193.0
189.0 240.0
125.0 124.0
114.0 63.0
185.0 43.0
242.0 170.0
12.0 47.0
61.0 53.0
124.0 186.0
7.0 213.0
55.0 212.0
145.0 15.0
91.0 242.0
33.0 83.0
249.0 44.0
217.0 114.0
94.0 243.0
91.0 61.0
35.0 40.0
181.0 180.0
71.0 109.0
242.0 15.0
20.0 137.0
77.0 201.0
70.0 59.0
102.0 19.0
48.0 68.0
192.0 223.0
127.0 78.0
198.0 187.0
14.0 99.0
64.0 22.0
178.0 74.0
30.0 91.0
51.0 11.0
7.0 181.0
156.0 89.0
211.0 154.0
189.0 199.0
29.0 198.0
144.0 202.0
74.0 129.0
147.0 25.0
26.0 244.0
194.0 230.0
102.0 43.0
98.0 42.0
113.0 201.0
204.0 127.0
78.0 233.0
60.0 207.0
236.0 104.0
225.0 182.0
53.0 102.0
22.0 227.0
170.0 109.0
60.0 158.0
37.0 206.0
181.0 149.0
44.0 118.0
52.0 237.0
14.0 69.0
174.0 63.0
7.0 177.0
161.0 150.0
164.0 78.0
170.0 66.0
168.0 33.0
228.0 121.0
177.0 98.0
204.0 91.0
181.0 215.0
38.0 237.0
15.0 185.0
124.0 229.0
97.0 20.0
55.0 134.0
12.0 247.0
25.0 183.0
117.0 29.0
213.0 119.0
181.0 68.0
56.0 210.0
108.0 23.0
136.0 97.0
108.0 29.0
201.0 192.0
25.0 180.0
155.0 180.0
43.0 182.0
190.0 196.0
94.0 172.0
3.0 117.0
88.0 31.0
140.0 167.0
145.0 48.0
62.0 146.0
83.0 162.0
63.0 107.0
215.0 6.0
41.0 163.0
79.0 85.0
112.0 134.0
44.0 213.0
197.0 74.0
19.0 163.0
194.0 34.0
98.0 9.0
241.0 204.0
248.0 14.0
67.0 185.0
228.0 152.0
41.0 145.0
238.0 249.0
60.0 234.0
108.0 210.0
4.0 158.0
143.0 178.0
23.0 134.0
66.0 236.0
8.0 16.0
57.0 105.0
145.0 192.0
182.0 92.0
13.0 154.0
111.0 93.0
14.0 229.0
33.0 54.0
220.0 247.0
30.0 60.0
38.0 242.0
216.0 69.0
164.0 111.0
15.0 105.0
104.0 186.0
4.0 41.0
97.0 26.0
86.0 163.0
104.0 3.0
30.0 20.0
63.0 124.0
17.0 131.0
203.0 26.0
118.0 171.0
8.0 215.0
211.0 86.0
213.0 125.0
129.0 141.0
82.0 164.0
178.0 212.0
213.0 229.0
206.0 211.0
234.0 210.0
206.0 78.0
32.0 96.0
39.0 100.0
234.0 91.0
119.0 124.0
219.0 202.0
24.0 42.0
250.0 105.0
1.0 239.0
130.0 123.0
198.0 20.0
99.0 230.0
238.0 59.0
1.0 55.0
59.0 32.0
55.0 178.0
33.0 100.0
143.0 58.0
166.0 6.0
75.0 9.0
246.0 111.0
112.0 195.0
134.0 239.0
83.0 182.0
189.0 19.0
8.0 149.0
140.0 0.0
182.0 160.0
16.0 82.0
7.0 227.0
89.0 155.0
161.0 205.0
57.0 142.0
3.0 101.0
37.0 192.0
186.0 229.0
243.0 91.0
249.0 173.0
18.0 33.0
38.0 85.0
240.0 173.0
101.0 193.0
138.0 241.0
29.0 156.0
161.0 8.0
13.0 245.0
66.0 11.0
222.0 145.0
239.0 204.0
137.0 222.0
43.0 62.0
75.0 159.0
82.0 186.0
166.0 192.0
43.0 57.0
136.0 237.0
138.0 115.0
41.0 241.0
192.0 178.0
169.0 186.0
241.0 20.0
147.0 202.0
99.0 226.0
78.0 97.0
114.0 29.0
125.0 125.0
193.0 129.0
7.0 178.0
208.0 56.0
170.0 117.0
214.0 223.0
247.0 15.0
246.0 86.0
194.0 188.0
221.0 193.0
66.0 146.0
104.0 171.0
231.0 209.0
244.0 36.0
88.0 67.0
145.0 22.0
206.0 124.0
217.0 180.0
105.0 54.0
142.0 62.0
187.0 29.0
36.0 130.0
186.0 160.0
149.0 70.0
10.0 1.0
163.0 22.0
217.0 26.0
220.0 46.0
136.0 51.0
103.0 198.0
236.0 134.0
71.0 162.0
130.0 69.0
163.0 191.0
203.0 104.0
84.0 179.0
119.0 145.0
109.0 233.0
66.0 190.0
16.0 206.0
126.0 135.0
82.0 171.0
5.0 76.0
43.0 178.0
131.0 102.0
173.0 156.0
228.0 112.0
10.0 166.0
8.0 248.0
7.0 242.0
198.0 110.0
12.0 163.0
192.0 227.0
230.0 8.0
151.0 69.0
190.0 206.0
216.0 196.0
13.0 83.0
52.0 213.0
103.0 211.0
236.0 243.0
204.0 206.0
99.0 216.0
60.0 154.0
165.0 63.0
246.0 179.0
150.0 233.0
37.0 215.0
57.0 2.0
247.0 110.0
206.0 116.0
50.0 15.0
95.0 104.0
66.0 49.0
70.0 193.0
114.0 66.0
72.0 22.0
42.0 156.0
58.0 223.0
152.0 63.0
241.0 183.0
4.0 29.0
133.0 174.0
249.0 141.0
144.0 71.0
161.0 45.0
99.0 173.0
105.0 227.0
65.0 11.0
29.0 122.0
210.0 20.0
71.0 103.0
216.0 72.0
240.0 247.0
94.0 142.0
151.0 59.0
43.0 216.0
132.0 162.0
91.0 95.0
77.0 19.0
13.0 73.0
223.0 75.0
153.0 15.0
100.0 248.0
24.0 209.0
218.0 33.0
167.0 114.0
107.0 35.0
49.0 20.0
152.0 60.0
76.0 121.0
206.0 206.0
145.0 120.0
61.0 209.0
182.0 27.0
131.0 114.0
204.0 103.0
40.0 142.0
248.0 19.0
114.0 212.0
62.0 49.0
78.0 103.0
31.0 221.0
90.0 93.0
108.0 156.0
38.0 183.0
107.0 115.0
105.0 123.0
242.0 118.0
153.0 226.0
137.0 33.0
60.0 40.0
90.0 124.0
176.0 24.0
170.0 73.0
166.0 142.0
66.0 102.0
38.0 160.0
134.0 78.0
224.0 190.0
189.0 93.0
164.0 126.0
122.0 51.0
120.0 154.0
249.0 109.0
52.0 101.0
108.0 130.0
153.0 176.0
228.0 129.0
1.0 3.0
216.0 244.0
63.0 119.0
69.0 78.0
107.0 199.0
160.0 81.0
155.0 86.0
198.0 185.0
155.0 235.0
240.0 240.0
118.0 30.0
155.0 88.0
35.0 227.0
20.0 195.0
187.0 77.0
211.0 60.0
46.0 29.0
43.0 189.0
3.0 189.0
101.0 232.0
231.0 50.0
237.0 192.0
70.0 50.0
4.0 187.0
98.0 104.0
120.0 39.0
155.0 33.0
123.0 53.0
115.0 162.0
171.0 132.0
32.0 141.0
19.0 216.0
102.0 131.0
20.0 73.0
176.0 34.0
46.0 36.0
142.0 37.0
49.0 112.0
47.0 24.0
36.0 173.0
139.0 240.0
55.0 21.0
80.0 158.0
92.0 174.0
142.0 41.0
87.0 36.0
2.0 22.0
121.0 172.0
71.0 85.0
81.0 228.0
115.0 132.0
237.0 87.0
208.0 151.0
176.0 186.0
160.0 39.0
140.0 197.0
88.0 228.0
82.0 134.0
136.0 31.0
127.0 207.0
155.0 245.0
122.0 109.0
205.0 45.0
77.0 191.0
71.0 77.0
76.0 71.0
50.0 172.0
60.0 26.0
38.0 203.0
206.0 72.0
78.0 130.0
177.0 209.0
20.0 145.0
77.0 117.0
65.0 72.0
25.0 156.0
233.0 61.0
57.0 71.0
145.0 118.0
138.0 136.0
36.0 115.0
121.0 16.0
7.0 219.0
58.0 199.0
82.0 245.0
80.0 157.0
166.0 245.0
127.0 216.0
126.0 222.0
109.0 163.0
202.0 156.0
161.0 185.0
96.0 98.0
206.0 75.0
78.0 147.0
99.0 141.0
64.0 195.0
202.0 141.0
162.0 126.0
28.0 70.0
230.0 235.0
195.0 214.0
91.0 164.0
188.0 203.0
65.0 11.0
41.0 85.0
87.0 31.0
93.0 40.0
208.0 201.0
14.0 121.0
104.0 202.0
150.0 15.0
24.0 214.0
23.0 97.0
187.0 201.0
128.0 140.0
170.0 195.0
9.0 75.0
168.0 161.0
129.0 37.0
65.0 46.0
135.0 229.0
56.0 229.0
165.0 204.0
127.0 112.0
161.0 223.0
28.0 177.0
227.0 165.0
155.0 137.0
112.0 27.0
111.0 117.0
223.0 106.0
232.0 132.0
136.0 36.0
214.0 170.0
142.0 139.0
26.0 11.0
148.0 137.0

21.0 195.0
250.0 30.0
236.0 79.0
145.0 88.0
191.0 130.0
104.0 25.0
108.0 253.0
99.0 236.0
170.0 99.0
87.0 75.0
167.0 74.0
180.0 15.0
227.0 19.0
107.0 171.0
58.0 150.0
222.0 219.0
189.0 222.0
59.0 48.0
26.0 169.0
60.0 100.0
98.0 40.0
63.0 49.0
183.0 90.0
122.0 177.0
46.0 249.0
54.0 249.0
102.0 214.0
191.0 72.0
140.0 210.0
122.0 193.0
17.0 80.0
226.0 47.0
113.0 124.0
217.0 130.0
51.0 212.0
95.0 110.0
89.0 221.0
82.0 124.0
110.0 181.0
120.0 25.0
232.0 74.0
64.0 163.0
24.0 50.0
64.0 166.0
48.0 105.0
154.0 127.0
87.0 119.0
133.0 36.0
90.0 190.0
144.0 26.0
133.0 38.0
183.0 101.0
27.0 237.0
29.0 88.0
244.0 242.0
230.0 57.0
163.0 82.0
17.0 105.0
221.0 253.0
120.0 146.0
36.0 130.0
26.0 154.0
234.0 25.0
253.0 189.0
222.0 70.0
52.0 48.0
192.0 202.0
253.0 146.0
240.0 50.0
26.0 190.0
58.0 128.0
166.0 112.0
140.0 220.0
26.0 139.0
147.0 44.0
101.0 151.0
194.0 199.0
243.0 70.0
102.0 34.0
161.0 35.0
30.0 172.0
46.0 232.0
104.0 137.0
70.0 53.0
111.0 189.0
47.0 10.0
11.0 239.0
66.0 9.0
174.0 37.0
25.0 4.0
251.0 119.0
15.0 25.0
227.0 110.0
93.0 220.0
110.0 9.0
39.0 28.0
39.0 100.0
226.0 9.0
45.0 81.0
101.0 47.0
189.0 144.0
29.0 124.0
143.0 192.0
111.0 198.0
83.0 98.0
119.0 44.0
95.0 42.0
243.0 223.0
47.0 229.0
247.0 138.0
69.0 107.0
22.0 219.0
139.0 47.0
38.0 101.0
111.0 229.0
103.0 174.0
30.0 59.0
214.0 9.0
178.0 230.0
115.0 184.0
103.0 145.0
182.0 104.0
193.0 181.0
142.0 236.0
139.0 133.0
109.0 224.0
15.0 200.0
56.0 173.0
189.0 221.0
128.0 213.0
144.0 157.0
239.0 221.0
61.0 121.0
9.0 215.0
118.0 139.0
117.0 189.0
240.0 18.0
214.0 209.0
127.0 108.0
134.0 248.0
145.0 37.0
172.0 156.0
69.0 32.0
255.0 125.0
112.0 12.0
186.0 171.0
105.0 222.0
162.0 121.0
177.0 235.0
83.0 31.0
107.0 165.0
11.0 64.0
111.0 64.0
192.0 222.0
130.0 15.0
74.0 50.0
234.0 207.0
114.0 58.0
47.0 134.0
235.0 144.0
245.0 135.0
60.0 96.0
161.0 246.0
136.0 134.0
88.0 194.0
211.0 143.0
24.0 166.0
113.0 209.0
50.0 50.0
165.0 8.0
209.0 138.0
87.0 211.0
186.0 120.0
154.0 157.0
41.0 241.0
240.0 57.0
203.0 76.0
93.0 79.0
47.0 165.0
119.0 237.0
176.0 77.0
141.0 42.0
84.0 42.0
40.0 227.0
220.0 82.0
116.0 98.0
228.0 157.0
183.0 235.0
5.0 132.0
157.0 199.0
45.0 206.0
220.0 106.0
213.0 231.0
240.0 74.0
160.0 196.0
125.0 60.0
89.0 179.0
188.0 210.0
201.0 137.0
50.0 98.0
201.0 11.0
53.0 106.0
14.0 114.0
103.0 224.0
21.0 137.0
223.0 118.0
33.0 154.0
200.0 105.0
234.0 75.0
155.0 77.0
164.0 256.0
82.0 36.0
110.0 165.0
84.0 13.0
72.0 163.0
142.0 82.0
94.0 113.0
119.0 140.0
221.0 89.0
160.0 52.0
231.0 237.0
50.0 194.0
83.0 171.0
117.0 127.0
41.0 84.0
51.0 35.0
97.0 115.0
164.0 80.0
233.0 238.0
76.0 121.0
43.0 100.0
159.0 153.0
130.0 229.0
183.0 214.0
164.0 93.0
107.0 15.0
163.0 154.0
34.0 217.0
205.0 181.0
186.0 136.0
90.0 144.0
52.0 14.0
207.0 76.0
165.0 230.0
41.0 50.0
44.0 179.0
202.0 128.0
147.0 138.0
13.0 198.0
210.0 168.0
184.0 5.0
235.0 9.0
219.0 140.0
114.0 158.0
218.0 150.0
242.0 176.0
113.0 217.0
40.0 105.0
69.0 128.0
76.0 82.0
33.0 126.0
83.0 208.0
235.0 23.0
195.0 144.0
28.0 22.0
94.0 78.0
241.0 219.0
218.0 184.0
28.0 146.0
131.0 75.0
79.0 217.0
93.0 32.0
216.0 251.0
11.0 97.0
184.0 111.0
214.0 200.0
243.0 8.0
109.0 32.0
31.0 86.0
44.0 228.0
138.0 14.0
12.0 173.0
18.0 59.0
211.0 112.0
56.0 238.0
173.0 34.0
250.0 127.0
126.0 129.0
248.0 93.0
173.0 135.0
71.0 136.0
51.0 18.0
90.0 195.0
227.0 186.0
17.0 48.0
185.0 52.0
85.0 225.0
43.0 246.0
25.0 209.0
217.0 200.0
195.0 252.0
187.0 17.0
36.0 143.0
154.0 213.0
128.0 164.0
50.0 138.0
127.0 239.0
76.0 18.0
218.0 34.0
57.0 80.0
35.0 237.0
215.0 40.0
250.0 105.0
246.0 66.0
200.0 110.0
181.0 108.0
119.0 220.0
68.0 94.0
203.0 199.0
15.0 9.0
213.0 114.0
80.0 208.0
229.0 53.0
149.0 139.0
112.0 151.0
109.0 164.0
172.0 245.0
182.0 66.0
244.0 168.0
25.0 49.0
5.0 123.0
86.0 153.0
144.0 19.0
15.0 68.0
66.0 79.0
181.0 125.0
149.0 230.0
223.0 52.0
82.0 224.0
90.0 189.0
185.0 99.0
117.0 90.0
121.0 83.0
195.0 93.0
16.0 149.0
229.0 167.0
39.0 213.0
56.0 240.0
66.0 50.0
140.0 171.0
98.0 72.0
107.0 235.0
210.0 117.0
53.0 137.0
71.0 66.0
47.0 12.0
141.0 37.0
148.0 132.0
30.0 107.0
17.0 99.0
198.0 185.0
8.0 117.0
125.0 93.0
222.0 254.0
19.0 149.0
59.0 197.0
23.0 136.0
82.0 233.0
167.0 102.0
124.0 110.0
114.0 231.0
86.0 148.0
79.0 140.0
209.0 91.0
110.0 175.0
170.0 242.0
219.0 207.0
145.0 221.0
173.0 145.0
49.0 246.0
80.0 237.0
247.0 184.0
182.0 66.0
74.0 141.0
127.0 143.0
54.0 211.0
10.0 126.0
45.0 252.0
74.0 254.0
83.0 216.0
224.0 56.0
39.0 22.0
142.0 119.0
186.0 115.0
30.0 84.0
209.0 83.0
118.0 7.0
146.0 70.0
119.0 159.0
97.0 34.0
136.0 252.0
142.0 187.0
51.0 68.0
135.0 10.0
56.0 70.0
201.0 116.0
253.0 108.0
221.0 190.0
26.0 207.0
18.0 138.0
71.0 127.0
174.0 114.0
135.0 65.0
253.0 115.0
194.0 116.0
42.0 202.0
39.0 158.0
206.0 204.0
106.0 208.0
52.0 46.0
145.0 37.0
226.0 178.0
184.0 183.0
125.0 171.0
22.0 59.0
234.0 11.0
70.0 146.0
67.0 91.0
143.0 117.0
238.0 57.0
179.0 228.0
53.0 54.0
72.0 219.0
200.0 14.0
239.0 186.0
63.0 82.0
249.0 23.0
164.0 223.0
221.0 38.0
81.0 222.0
226.0 214.0
232.0 244.0
28.0 92.0
9.0 75.0
236.0 108.0
31.0 30.0
108.0 19.0
104.0 46.0
217.0 83.0
51.0 115.0
57.0 53.0
111.0 123.0
184.0 229.0
211.0 172.0
135.0 8.0
180.0 96.0
36.0 99.0
58.0 53.0
49.0 157.0
237.0 102.0
212.0 163.0
183.0 223.0
136.0 167.0
117.0 90.0
57.0 106.0
17.0 173.0
47.0 180.0
174.0 97.0
5.0 106.0
108.0 216.0
109.0 163.0
135.0 211.0
239.0 168.0
20.0 29.0
172.0 181.0
184.0 101.0
166.0 225.0
212.0 56.0
132.0 178.0
62.0 208.0
118.0 20.0
40.0 176.0
203.0 172.0
114.0 32.0
121.0 14.0
241.0 228.0
101.0 226.0
127.0 64.0
129.0 88.0
33.0 40.0
230.0 77.0
97.0 56.0
94.0 236.0
210.0 81.0
33.0 34.0
45.0 218.0
232.0 86.0
100.0 107.0
104.0 34.0
26.0 220.0
140.0 144.0
242.0 172.0
183.0 233.0
162.0 130.0
102.0 140.0
220.0 159.0
206.0 237.0
131.0 165.0
243.0 51.0
189.0 156.0
206.0 117.0
180.0 121.0
134.0 16.0
50.0 98.0
28.0 91.0
89.0 125.0
224.0 177.0
93.0 20.0
155.0 204.0
168.0 49.0
256.0 131.0
17.0 62.0
74.0 198.0
203.0 12.0
216.0 91.0
186.0 98.0
30.0 123.0
174.0 40.0
57.0 138.0
243.0 107.0
55.0 134.0
168.0 51.0
194.0 192.0
224.0 171.0
135.0 50.0
100.0 29.0
238.0 71.0
23.0 210.0
164.0 59.0
95.0 230.0
70.0 16.0
113.0 109.0
14.0 220.0
187.0 118.0
98.0 56.0
114.0 71.0
158.0 109.0
169.0 62.0
115.0 95.0
115.0 104.0
171.0 239.0
32.0 250.0
112.0 77.0
97.0 247.0
251.0 141.0
51.0 159.0
166.0 137.0
107.0 181.0
140.0 219.0
180.0 186.0
54.0 67.0
38.0 75.0
67.0 8.0
140.0 126.0
171.0 18.0
153.0 54.0
81.0 213.0
26.0 49.0
190.0 39.0
219.0 176.0
163.0 156.0
126.0 11.0
28.0 78.0
138.0 18.0
219.0 232.0
21.0 185.0
33.0 69.0
184.0 14.0
108.0 43.0
114.0 58.0
250.0 244.0
227.0 171.0
67.0 49.0
214.0 72.0
153.0 38.0
86.0 17.0
131.0 113.0
51.0 45.0
187.0 195.0
105.0 192.0
239.0 92.0
79.0 64.0
56.0 236.0
111.0 14.0
69.0 69.0
225.0 160.0
53.0 116.0
80.0 181.0
56.0 123.0
171.0 180.0
131.0 250.0
207.0 223.0
145.0 241.0
73.0 213.0
34.0 236.0
190.0 63.0
220.0 12.0
85.0 210.0
151.0 171.0
125.0 80.0
38.0 230.0
50.0 143.0
191.0 200.0
168.0 53.0
59.0 30.0
245.0 134.0
80.0 123.0
22.0 92.0
45.0 147.0
60.0 94.0
178.0 247.0
200.0 188.0
65.0 250.0
224.0 104.0
212.0 79.0
129.0 30.0
14.0 136.0
206.0 51.0
38.0 200.0
250.0 164.0
20.0 232.0
169.0 239.0
108.0 29.0
235.0 180.0
132.0 233.0
100.0 41.0
36.0 13.0
190.0 244.0
157.0 29.0
245.0 234.0
98.0 174.0
221.0 146.0
250.0 22.0
220.0 153.0
85.0 130.0
249.0 214.0
163.0 246.0
169.0 21.0
97.0 193.0
177.0 222.0
21.0 110.0
105.0 102.0
196.0 183.0
39.0 177.0
217.0 191.0
54.0 14.0
234.0 94.0
51.0 89.0
112.0 164.0
106.0 129.0
39.0 213.0
103.0 134.0
106.0 41.0
50.0 137.0
44.0 92.0
150.0 43.0
228.0 12.0
169.0 187.0
14.0 222.0
75.0 135.0
149.0 118.0
72.0 196.0
217.0 72.0
169.0 70.0
181.0 44.0
235.0 222.0
179.0 54.0
110.0 255.0
194.0 199.0
63.0 35.0
163.0 121.0
43.0 213.0
43.0 204.0
154.0 231.0
211.0 52.0
158.0 113.0
151.0 146.0
91.0 32.0
154.0 92.0
127.0 7.0
98.0 8.0
185.0 161.0
200.0 57.0
32.0 224.0
119.0 97.0
246.0 127.0
240.0 21.0
162.0 226.0
112.0 155.0
54.0 100.0
232.0 218.0
44.0 134.0
55.0 224.0
109.0 191.0
29.0 60.0
80.0 194.0
171.0 184.0
78.0 56.0
65.0 87.0
202.0 161.0
10.0 54.0
28.0 191.0
232.0 25.0
99.0 155.0
55.0 200.0
94.0 18.0
93.0 61.0
226.0 150.0
187.0 87.0
200.0 170.0
54.0 205.0
142.0 209.0
220.0 156.0
203.0 91.0
123.0 121.0
118.0 83.0
42.0 254.0
84.0 45.0
122.0 32.0
74.0 63.0
50.0 203.0
80.0 216.0
235.0 126.0
48.0 214.0
216.0 158.0
104.0 212.0
5.0 16.0
234.0 85.0
191.0 108.0
99.0 161.0
184.0 185.0
51.0 57.0
26.0 157.0
185.0 212.0
15.0 27.0
45.0 179.0
198.0 216.0
252.0 112.0
121.0 78.0
45.0 141.0
6.0 225.0
83.0 218.0
90.0 129.0
181.0 222.0
243.0 251.0
163.0 54.0
139.0 253.0
144.0 123.0
25.0 160.0
46.0 74.0
243.0 224.0
48.0 53.0
124.0 151.0
134.0 216.0
101.0 116.0
50.0 172.0
213.0 89.0
20.0 156.0
47.0 11.0
73.0 43.0
110.0 241.0
10.0 102.0
60.0 160.0
7.0 201.0
196.0 25.0
183.0 42.0
219.0 254.0
61.0 218.0
73.0 191.0
134.0 45.0
239.0 134.0
50.0 139.0
144.0 252.0
25.0 238.0
233.0 118.0
109.0 176.0
199.0 76.0
61.0 107.0
47.0 29.0
86.0 14.0
143.0 22.0
9.0 227.0
30.0 64.0
94.0 109.0
11.0 202.0
150.0 33.0
188.0 138.0
26.0 123.0
107.0 53.0
32.0 70.0
248.0 58.0
205.0 98.0
189.0 31.0
154.0 251.0
75.0 167.0
242.0 240.0
25.0 106.0
195.0 86.0
53.0 88.0
53.0 232.0
230.0 149.0
171.0 208.0
35.0 162.0
66.0 136.0
7.0 104.0
153.0 76.0
12.0 253.0
86.0 58.0
140.0 56.0
139.0 253.0
109.0 247.0
121.0 188.0
147.0 84.0
7.0 111.0
41.0 155.0
79.0 67.0
205.0 11.0
127.0 89.0
145.0 177.0
207.0 12.0
203.0 194.0
27.0 153.0
141.0 110.0
154.0 252.0
82.0 199.0
231.0 42.0
198.0 209.0
246.0 202.0
70.0 18.0
170.0 218.0
232.0 161.0
155.0 237.0
182.0 193.0
236.0 117.0
16.0 11.0
43.0 85.0
103.0 203.0
175.0 97.0
23.0 175.0
65.0 213.0
130.0 12.0
122.0 165.0
69.0 176.0
119.0 85.0
209.0 151.0
213.0 174.0
201.0 225.0
218.0 178.0
37.0 192.0
116.0 56.0
140.0 254.0
81.0 104.0
29.0 22.0
102.0 8.0
192.0 58.0
106.0 246.0
78.0 226.0
66.0 210.0
244.0 129.0
81.0 253.0
182.0 58.0
78.0 15.0
218.0 109.0
236.0 35.0
133.0 11.0
124.0 163.0
94.0 186.0
75.0 134.0
55.0 208.0
142.0 200.0
172.0 88.0
34.0 84.0
252.0 155.0
241.0 208.0
132.0 57.0
149.0 160.0
170.0 71.0
210.0 198.0
75.0 131.0
84.0 106.0
162.0 69.0
221.0 97.0
138.0 175.0
148.0 237.0
112.0 156.0
71.0 132.0
68.0 239.0
173.0 50.0
113.0 119.0
98.0 54.0
128.0 128.0
132.0 202.0
12.0 190.0
168.0 29.0
222.0 73.0
132.0 224.0
254.0 119.0
62.0 96.0
82.0 101.0
132.0 123.0
96.0 12.0
191.0 56.0
183.0 21.0
23.0 224.0
105.0 99.0
213.0 173.0
225.0 103.0
224.0 131.0
52.0 247.0
222.0 62.0
93.0 105.0
100.0 189.0
69.0 163.0
108.0 123.0
126.0 23.0
169.0 72.0
207.0 83.0
203.0 184.0
111.0 174.0
116.0 109.0
13.0 153.0
138.0 179.0
105.0 247.0
106.0 230.0
5.0 66.0
211.0 22.0
216.0 193.0
163.0 185.0
163.0 113.0
213.0 47.0
210.0 82.0
68.0 96.0
65.0 253.0
43.0 113.0
91.0 58.0
106.0 38.0
58.0 88.0
253.0 42.0
248.0 247.0
53.0 220.0
45.0 132.0
131.0 224.0
65.0 12.0
45.0 181.0
73.0 210.0
243.0 42.0
126.0 175.0
157.0 100.0
54.0 146.0
240.0 220.0
109.0 81.0
124.0 97.0
250.0 117.0
114.0 247.0
24.0 125.0
31.0 168.0
161.0 251.0
253.0 223.0
160.0 116.0
127.0 104.0
187.0 178.0
165.0 11.0
110.0 114.0
128.0 48.0
173.0 50.0
11.0 95.0
247.0 107.0
138.0 35.0
244.0 22.0
64.0 219.0
64.0 148.0
47.0 162.0
12.0 224.0
212.0 239.0
174.0 93.0
43.0 248.0
73.0 147.0
154.0 251.0
193.0 39.0
144.0 127.0
135.0 60.0
124.0 194.0
39.0 116.0
47.0 176.0
185.0 73.0
72.0 229.0
85.0 249.0
253.0 223.0
23.0 244.0
117.0 67.0
29.0 240.0
42.0 198.0
100.0 69.0
190.0 108.0
68.0 88.0
187.0 165.0
227.0 12.0
242.0 6.0
66.0 133.0
29.0 82.0
63.0 190.0
96.0 55.0
13.0 184.0
54.0 207.0
242.0 77.0
141.0 244.0
240.0 219.0
80.0 230.0
38.0 123.0
167.0 149.0
169.0 56.0
162.0 38.0
161.0 138.0
17.0 217.0
62.0 127.0
149.0 229.0
66.0 101.0
179.0 152.0
75.0 203.0
198.0 241.0
182.0 213.0
144.0 212.0
35.0 219.0
167.0 235.0
143.0 131.0
240.0 75.0
36.0 58.0
252.0 87.0
157.0 238.0
216.0 124.0
19.0 176.0
214.0 152.0
180.0 21.0
45.0 68.0
153.0 206.0
131.0 116.0
192.0 38.0
249.0 227.0
193.0 135.0
238.0 128.0
26.0 234.0
172.0 128.0
169.0 200.0
7.0 39.0
79.0 72.0
42.0 49.0
34.0 147.0
112.0 123.0
41.0 52.0
213.0 102.0
134.0 167.0
105.0 208.0
33.0 249.0
208.0 28.0
151.0 208.0
231.0 19.0
248.0 38.0
198.0 18.0
120.0 238.0
215.0 153.0
248.0 59.0
10.0 253.0
155.0 87.0
176.0 63.0
33.0 97.0
93.0 221.0
12.0 35.0
21.0 154.0
249.0 11.0
7.0 251.0
103.0 216.0
205.0 116.0
170.0 43.0
112.0 74.0
99.0 236.0
233.0 158.0
75.0 157.0
33.0 100.0
245.0 157.0
31.0 205.0
146.0 37.0
81.0 223.0
240.0 166.0
39.0 243.0
11.0 129.0
207.0 94.0
98.0 115.0
188.0 150.0
58.0 47.0
128.0 170.0
80.0 245.0
106.0 147.0
144.0 48.0
30.0 224.0
75.0 31.0
191.0 250.0
72.0 134.0
170.0 156.0
86.0 220.0
168.0 102.0
219.0 200.0
45.0 226.0
158.0 218.0
23.0 33.0
182.0 64.0
233.0 122.0
144.0 208.0
154.0 250.0
70.0 47.0
33.0 187.0
174.0 74.0
167.0 50.0
58.0 199.0
51.0 220.0
222.0 78.0
134.0 100.0
103.0 43.0
53.0 210.0
102.0 102.0
224.0 18.0
170.0 241.0
27.0 125.0
87.0 117.0
86.0 51.0
101.0 16.0
26.0 148.0
196.0 242.0
67.0 246.0
12.0 252.0
202.0 195.0
91.0 19.0
213.0 256.0
79.0 103.0
138.0 153.0
176.0 24.0
81.0 130.0
107.0 15.0
89.0 151.0
19.0 194.0
91.0 244.0
218.0 18.0
55.0 24.0
244.0 10.0
198.0 212.0
97.0 189.0
12.0 98.0
249.0 120.0
98.0 166.0
96.0 115.0
196.0 136.0
135.0 82.0
255.0 57.0
136.0 37.0
66.0 109.0
219.0 40.0
197.0 51.0
239.0 6.0
76.0 157.0
250.0 20.0
161.0 189.0
91.0 201.0
106.0 98.0
217.0 179.0
242.0 162.0
236.0 22.0
209.0 116.0
102.0 139.0
130.0 84.0
63.0 74.0
39.0 28.0
227.0 58.0
121.0 139.0
163.0 206.0
64.0 229.0
59.0 12.0
214.0 227.0
226.0 183.0
219.0 178.0
87.0 114.0
208.0 223.0
72.0 136.0
102.0 97.0
170.0 224.0
168.0 243.0
209.0 183.0
109.0 207.0
210.0 114.0
120.0 27.0
34.0 54.0
104.0 166.0
35.0 227.0
113.0 74.0
58.0 140.0
36.0 53.0
120.0 154.0
35.0 139.0
13.0 59.0
86.0 38.0
252.0 207.0
15.0 234.0
253.0 125.0
252.0 127.0
49.0 201.0
88.0 8.0
31.0 103.0
248.0 67.0
168.0 73.0
223.0 109.0
48.0 120.0
49.0 82.0
99.0 222.0
68.0 179.0
161.0 81.0
15.0 31.0
187.0 202.0
85.0 91.0
98.0 14.0
187.0 130.0
205.0 102.0
169.0 57.0
76.0 186.0
117.0 110.0
162.0 42.0
109.0 248.0
183.0 113.0
151.0 183.0
178.0 129.0
75.0 7.0
159.0 115.0
241.0 191.0
76.0 243.0
187.0 87.0
209.0 255.0
200.0 62.0
54.0 53.0
91.0 250.0
184.0 74.0
249.0 212.0
52.0 122.0
147.0 106.0
59.0 215.0
244.0 247.0
239.0 207.0
95.0 87.0
45.0 91.0
206.0 92.0
159.0 186.0
104.0 161.0
221.0 187.0
22.0 208.0
251.0 167.0
39.0 172.0
62.0 156.0
209.0 204.0
51.0 212.0
122.0 166.0
250.0 56.0
94.0 46.0
239.0 6.0
37.0 103.0
97.0 141.0
51.0 175.0
145.0 140.0
202.0 71.0
38.0 13.0
160.0 191.0
84.0 85.0
238.0 86.0
219.0 86.0
176.0 236.0
140.0 34.0
73.0 188.0
145.0 200.0
169.0 161.0
59.0 178.0
34.0 128.0
197.0 240.0
214.0 152.0
69.0 108.0
43.0 59.0
190.0 197.0
13.0 144.0
59.0 144.0
64.0 95.0
53.0 211.0
63.0 191.0
189.0 48.0
162.0 132.0
59.0 57.0
6.0 131.0
116.0 163.0
42.0 26.0
171.0 142.0
39.0 182.0
155.0 170.0
216.0 23.0
179.0 148.0
216.0 118.0
20.0 45.0
144.0 58.0
219.0 226.0
97.0 110.0
43.0 119.0
6.0 61.0
86.0 67.0
54.0 125.0
206.0 91.0
199.0 126.0
147.0 23.0
110.0 37.0
148.0 142.0
207.0 175.0
82.0 116.0
241.0 7.0
239.0 18.0
206.0 253.0
220.0 88.0
195.0 90.0
128.0 176.0
40.0 64.0
183.0 90.0
25.0 106.0
102.0 199.0
164.0 132.0
150.0 165.0
127.0 248.0
181.0 237.0
239.0 205.0
150.0 121.0
254.0 198.0
27.0 222.0
186.0 37.0
8.0 189.0
46.0 210.0
60.0 134.0
112.0 160.0
52.0 87.0
245.0 244.0
168.0 248.0
226.0 36.0
215.0 107.0
235.0 44.0
123.0 230.0
127.0 196.0
170.0 100.0
213.0 241.0
70.0 183.0
69.0 17.0
93.0 9.0
215.0 190.0
232.0 42.0
95.0 226.0
208.0 28.0
20.0 80.0
201.0 182.0
162.0 37.0
226.0 64.0
139.0 243.0
177.0 120.0
134.0 43.0
52.0 94.0
224.0 20.0
48.0 185.0
249.0 213.0
137.0 38.0
10.0 61.0
180.0 18.0
224.0 146.0
106.0 49.0
213.0 186.0
32.0 48.0
74.0 200.0
25.0 91.0
203.0 183.0
230.0 53.0
61.0 104.0
188.0 138.0
130.0 157.0
227.0 200.0
132.0 213.0
63.0 181.0
65.0 66.0
179.0 148.0
213.0 239.0
233.0 132.0
115.0 87.0
139.0 153.0
252.0 121.0
12.0 242.0
52.0 127.0
214.0 225.0
113.0 132.0
59.0 190.0
124.0 178.0
63.0 40.0
228.0 101.0
149.0 192.0
201.0 93.0
90.0 159.0
92.0 165.0
207.0 8.0
41.0 172.0
231.0 237.0
21.0 97.0
246.0 246.0
160.0 179.0
199.0 54.0
241.0 168.0
72.0 45.0
107.0 183.0
49.0 33.0
12.0 110.0
133.0 56.0
25.0 68.0
213.0 72.0
73.0 85.0
129.0 66.0
175.0 98.0
114.0 125.0
93.0 27.0
45.0 152.0
231.0 200.0
250.0 88.0
248.0 229.0
179.0 237.0
15.0 8.0
78.0 174.0
25.0 40.0
65.0 186.0
33.0 134.0
149.0 132.0
131.0 87.0
196.0 33.0
183.0 230.0
40.0 159.0
166.0 92.0
96.0 12.0
21.0 219.0
20.0 175.0
134.0 200.0
212.0 220.0
200.0 130.0
32.0 55.0
214.0 176.0
164.0 65.0
213.0 66.0
137.0 205.0
135.0 92.0
32.0 128.0
56.0 18.0
45.0 87.0
38.0 155.0
39.0 42.0
204.0 100.0
113.0 123.0
209.0 14.0
248.0 17.0
11.0 91.0
138.0 15.0
54.0 191.0
155.0 167.0
139.0 171.0
165.0 203.0
169.0 18.0
61.0 224.0
213.0 200.0
76.0 256.0
186.0 187.0
89.0 17.0
226.0 207.0
176.0 114.0
180.0 57.0
198.0 144.0
147.0 165.0
76.0 58.0
124.0 76.0
132.0 131.0
83.0 213.0
68.0 249.0
159.0 197.0
95.0 17.0
108.0 182.0
69.0 246.0
139.0 167.0
123.0 215.0
145.0 59.0
8.0 121.0
19.0 86.0
178.0 20.0
24.0 7.0
69.0 19.0
232.0 41.0
157.0 149.0
109.0 81.0
135.0 80.0
203.0 36.0
188.0 187.0
73.0 226.0
62.0 63.0
69.0 15.0
43.0 54.0
240.0 7.0
155.0 68.0
46.0 138.0
83.0 129.0
110.0 83.0
242.0 229.0
5.0 181.0
115.0 161.0
178.0 187.0
196.0 224.0
189.0 189.0
240.0 68.0
176.0 108.0
41.0 29.0
147.0 237.0
110.0 24.0
118.0 137.0
16.0 252.0
53.0 202.0
215.0 192.0
37.0 74.0
225.0 178.0
243.0 147.0
60.0 250.0
250.0 150.0
241.0 157.0
138.0 208.0
94.0 55.0
71.0 19.0
51.0 214.0
136.0 101.0
65.0 92.0
54.0 199.0
195.0 246.0
130.0 129.0
119.0 68.0
190.0 49.0
248.0 175.0
16.0 51.0
66.0 59.0
129.0 190.0
13.0 217.0
59.0 217.0
150.0 20.0
95.0 248.0
39.0 88.0
253.0 50.0
223.0 119.0
99.0 249.0
97.0 67.0
40.0 46.0
185.0 185.0
75.0 115.0
248.0 20.0
26.0 143.0
83.0 205.0
76.0 63.0
107.0 23.0
52.0 73.0
197.0 229.0
132.0 82.0
202.0 191.0
19.0 105.0
69.0 28.0
182.0 79.0
36.0 96.0
56.0 16.0
12.0 186.0
161.0 95.0
217.0 160.0
194.0 204.0
35.0 202.0
149.0 207.0
78.0 135.0
152.0 30.0
30.0 249.0
199.0 234.0
107.0 47.0
103.0 47.0
118.0 206.0
208.0 132.0
83.0 237.0
65.0 212.0
242.0 110.0
229.0 187.0
59.0 108.0
28.0 231.0
175.0 114.0
64.0 163.0
43.0 212.0
186.0 153.0
50.0 123.0
57.0 243.0
19.0 75.0
178.0 69.0
12.0 182.0
166.0 154.0
168.0 83.0
175.0 70.0
172.0 38.0
233.0 127.0
182.0 103.0
208.0 95.0
187.0 219.0
42.0 243.0
21.0 190.0
130.0 234.0
102.0 25.0
61.0 138.0
17.0 252.0
30.0 187.0
122.0 34.0
219.0 123.0
185.0 72.0
61.0 214.0
113.0 27.0
142.0 101.0
112.0 35.0
207.0 197.0
29.0 184.0
160.0 186.0
47.0 186.0
194.0 201.0
99.0 178.0
8.0 122.0
94.0 36.0
144.0 171.0
150.0 52.0
68.0 150.0
89.0 167.0
68.0 113.0
220.0 10.0
47.0 168.0
83.0 90.0
117.0 139.0
49.0 218.0
201.0 78.0
25.0 167.0
199.0 39.0
104.0 14.0
245.0 209.0
253.0 18.0
73.0 189.0
233.0 157.0
47.0 150.0
244.0 254.0
65.0 240.0
112.0 215.0
10.0 163.0
148.0 183.0
27.0 139.0
70.0 241.0
13.0 20.0
61.0 110.0
150.0 197.0
188.0 96.0
18.0 158.0
116.0 99.0
19.0 234.0
38.0 59.0
225.0 252.0
36.0 65.0
42.0 248.0
221.0 74.0
168.0 116.0
20.0 110.0
109.0 191.0
9.0 47.0
101.0 31.0
91.0 168.0
108.0 8.0
35.0 24.0
68.0 128.0
23.0 136.0
207.0 32.0
123.0 176.0
12.0 220.0
216.0 92.0
218.0 131.0
135.0 146.0
88.0 169.0
183.0 216.0
219.0 234.0
211.0 216.0
239.0 215.0
211.0 83.0
37.0 101.0
45.0 104.0
240.0 97.0
125.0 130.0
224.0 207.0
29.0 46.0
254.0 110.0
6.0 243.0
135.0 128.0
202.0 25.0
104.0 235.0
244.0 63.0
7.0 60.0
65.0 37.0
59.0 183.0
37.0 106.0
147.0 62.0
171.0 11.0
80.0 14.0
252.0 116.0
117.0 200.0
140.0 245.0
88.0 186.0
194.0 23.0
14.0 154.0
146.0 6.0
188.0 164.0
20.0 86.0
11.0 232.0
94.0 160.0
166.0 210.0
61.0 148.0
8.0 107.0
42.0 197.0
192.0 235.0
249.0 97.0
255.0 178.0
23.0 37.0
43.0 90.0
244.0 178.0
106.0 197.0
142.0 247.0
34.0 161.0
167.0 13.0
18.0 250.0
70.0 15.0
228.0 150.0
244.0 210.0
143.0 227.0
47.0 68.0
80.0 165.0
87.0 191.0
171.0 197.0
47.0 62.0
141.0 242.0
142.0 120.0
46.0 246.0
196.0 184.0
174.0 190.0
246.0 25.0
153.0 206.0
104.0 231.0
82.0 102.0
118.0 34.0
129.0 130.0
197.0 133.0
13.0 183.0
212.0 60.0
176.0 122.0
219.0 228.0
252.0 19.0
250.0 91.0
200.0 193.0
226.0 197.0
71.0 152.0
110.0 176.0
236.0 214.0
249.0 42.0
93.0 72.0
150.0 26.0
211.0 129.0
222.0 184.0
109.0 59.0
148.0 66.0
193.0 35.0
40.0 134.0
191.0 166.0
154.0 74.0
15.0 6.0
168.0 27.0
223.0 32.0
224.0 51.0
141.0 57.0
108.0 202.0
241.0 139.0
76.0 167.0
135.0 75.0
167.0 197.0
207.0 109.0
89.0 183.0
123.0 150.0
113.0 237.0
71.0 196.0
21.0 211.0
130.0 140.0
87.0 175.0
9.0 80.0
47.0 183.0
135.0 107.0
177.0 160.0
233.0 116.0
15.0 171.0
13.0 253.0
12.0 246.0
202.0 115.0
17.0 167.0
198.0 232.0
235.0 12.0
157.0 75.0
195.0 211.0
222.0 201.0
19.0 88.0
58.0 218.0
108.0 215.0
241.0 247.0
208.0 211.0
104.0 222.0
66.0 159.0
171.0 68.0
252.0 184.0
154.0 237.0
41.0 220.0
62.0 7.0
253.0 115.0
210.0 122.0
56.0 20.0
101.0 108.0
71.0 54.0
76.0 198.0
118.0 70.0
78.0 26.0
48.0 162.0
63.0 227.0
157.0 68.0
246.0 188.0
9.0 34.0
139.0 179.0
254.0 145.0
149.0 75.0
166.0 51.0
104.0 179.0
110.0 232.0
71.0 15.0
34.0 127.0
215.0 26.0
77.0 108.0
222.0 77.0
244.0 252.0
99.0 147.0
156.0 65.0
48.0 220.0
138.0 168.0
96.0 100.0
83.0 23.0
17.0 79.0
229.0 80.0
158.0 20.0
105.0 252.0
29.0 215.0
224.0 38.0
172.0 120.0
113.0 39.0
53.0 24.0
158.0 65.0
80.0 126.0
211.0 211.0
149.0 126.0
66.0 213.0
187.0 32.0
136.0 120.0
209.0 108.0
45.0 148.0
254.0 24.0
119.0 216.0
68.0 55.0
83.0 109.0
35.0 225.0
95.0 97.0
114.0 160.0
42.0 189.0
112.0 121.0
110.0 128.0
247.0 122.0
157.0 232.0
142.0 38.0
64.0 45.0
96.0 129.0
181.0 28.0
176.0 78.0
171.0 147.0
71.0 106.0
42.0 166.0
140.0 82.0
230.0 195.0
194.0 99.0
168.0 132.0
127.0 56.0
125.0 159.0
254.0 114.0
57.0 106.0
113.0 135.0
158.0 181.0
233.0 134.0
6.0 7.0
220.0 248.0
68.0 125.0
73.0 84.0
113.0 205.0
165.0 85.0
161.0 90.0
202.0 189.0
159.0 240.0
245.0 245.0
122.0 35.0
161.0 92.0
40.0 232.0
26.0 201.0
193.0 81.0
216.0 66.0
52.0 35.0
47.0 195.0
7.0 193.0
105.0 237.0
236.0 54.0
243.0 198.0
74.0 55.0
8.0 193.0
103.0 109.0
126.0 44.0
160.0 38.0
127.0 59.0
120.0 167.0
175.0 137.0
36.0 146.0
25.0 220.0
107.0 137.0
24.0 78.0
181.0 39.0
52.0 40.0
148.0 43.0
53.0 118.0
52.0 29.0
41.0 179.0
143.0 244.0
60.0 27.0
84.0 163.0
98.0 178.0
147.0 46.0
92.0 42.0
7.0 27.0
127.0 177.0
76.0 91.0
86.0 233.0
119.0 137.0
243.0 92.0
213.0 156.0
180.0 190.0
166.0 45.0
146.0 201.0
93.0 233.0
86.0 138.0
141.0 37.0
133.0 213.0
160.0 249.0
128.0 114.0
211.0 49.0
82.0 196.0
77.0 82.0
82.0 76.0
55.0 177.0
66.0 32.0
42.0 209.0
212.0 78.0
82.0 134.0
181.0 214.0
25.0 150.0
82.0 123.0
71.0 77.0
30.0 161.0
237.0 67.0
63.0 77.0
150.0 122.0
144.0 142.0
41.0 120.0
127.0 22.0
11.0 224.0
64.0 203.0
86.0 249.0
85.0 163.0
170.0 250.0
133.0 220.0
132.0 227.0
113.0 168.0
206.0 160.0
165.0 191.0
100.0 102.0
210.0 81.0
82.0 153.0
103.0 145.0
69.0 200.0
207.0 145.0
166.0 131.0
33.0 75.0
236.0 239.0
199.0 218.0
95.0 169.0
194.0 207.0
69.0 16.0
45.0 91.0
91.0 35.0
98.0 45.0
214.0 206.0
19.0 126.0
109.0 207.0
155.0 20.0
28.0 218.0
28.0 103.0
193.0 207.0
134.0 144.0
176.0 199.0
15.0 80.0
172.0 167.0
133.0 43.0
69.0 51.0
141.0 234.0
61.0 235.0
169.0 208.0
132.0 118.0
167.0 228.0
32.0 183.0
231.0 170.0
160.0 142.0
117.0 32.0
117.0 121.0
228.0 110.0
237.0 137.0
141.0 42.0
220.0 175.0
146.0 144.0
32.0 16.0
153.0 143.0
