1
2048 1 3.0 0.0 1000.0 3 160 240 100

6.5 13.5 29.3 58.5
13.0 27.0 58.5 117.0
19.5 40.5 87.8 175.5
26.0 54.0 117.0 234.0
39.0 81.0 175.5 351.0
52.0 108.0 234.0 468.0
58.5 121.5 263.3 526.5
65.0 135.0 292.5 585.0
78.0 162.0 351.0 702.0
0.0 180.0 390.0 780.0

2.0 5.0 8.0 11.0
5.0 8.0 11.0 14.0
9.0 12.0 15.0 18.0
11.0 14.0 17.0 20.0
15.0 18.0 21.0 24.0
18.0 21.0 24.0 27.0
20.0 23.0 26.0 29.0
25.0 28.0 31.0 34.0
29.0 32.0 35.0 38.0
0.0 34.0 37.0 40.0

168.0 163.0
142.0 11.0
165.0 57.0
213.0 79.0
220.0 27.0
194.0 246.0
217.0 230.0
49.0 243.0
222.0 206.0
210.0 223.0
159.0 43.0
21.0 63.0
50.0 185.0
202.0 30.0
21.0 17.0
144.0 86.0
55.0 175.0
205.0 191.0
76.0 69.0
222.0 16.0
203.0 209.0
8.0 30.0
141.0 195.0
186.0 7.0
183.0 75.0
5.0 45.0
144.0 67.0
109.0 12.0
94.0 220.0
32.0 143.0
83.0 143.0
19.0 68.0
89.0 236.0
65.0 130.0
15.0 193.0
144.0 141.0
101.0 73.0
160.0 65.0
180.0 97.0
203.0 152.0
34.0 82.0
14.0 123.0
154.0 48.0
133.0 73.0
29.0 33.0
0.0 66.0
145.0 32.0
105.0 194.0
193.0 217.0
82.0 222.0
52.0 216.0
228.0 207.0
155.0 16.0
207.0 81.0
184.0 105.0
48.0 226.0
89.0 67.0
72.0 141.0
237.0 113.0
230.0 113.0
64.0 137.0
120.0 119.0
171.0 155.0
31.0 237.0
101.0 92.0
158.0 171.0
110.0 146.0
213.0 50.0
66.0 79.0
209.0 222.0
134.0 27.0
249.0 87.0
24.0 55.0
234.0 52.0
91.0 191.0
206.0 38.0
166.0 20.0
87.0 248.0
57.0 197.0
185.0 242.0
205.0 105.0
88.0 157.0
68.0 126.0
184.0 249.0
97.0 117.0
83.0 210.0
241.0 220.0
13.0 66.0
226.0 175.0
124.0 241.0
172.0 179.0
135.0 207.0
167.0 66.0
128.0 182.0
228.0 228.0
60.0 182.0
161.0 187.0
160.0 250.0
107.0 93.0
169.0 47.0
170.0 208.0
203.0 11.0
44.0 4.0
83.0 134.0
142.0 73.0
33.0 191.0
42.0 99.0
212.0 95.0
108.0 214.0
101.0 101.0
242.0 111.0
108.0 127.0
237.0 112.0
12.0 71.0
68.0 201.0
242.0 6.0
224.0 69.0
1.0 247.0
18.0 80.0
83.0 63.0
137.0 73.0
29.0 141.0
219.0 24.0
104.0 210.0
98.0 126.0
103.0 48.0
138.0 171.0
91.0 156.0
166.0 170.0
225.0 210.0
51.0 227.0
126.0 180.0
60.0 220.0
74.0 112.0
171.0 188.0
125.0 93.0
89.0 92.0
50.0 11.0
34.0 228.0
53.0 4.0
159.0 97.0
63.0 95.0
42.0 108.0
182.0 23.0
247.0 75.0
183.0 140.0
14.0 239.0
43.0 24.0
199.0 149.0
25.0 34.0
145.0 26.0
159.0 94.0
243.0 58.0
11.0 53.0
227.0 114.0
224.0 37.0
83.0 221.0
103.0 6.0
17.0 159.0
70.0 66.0
199.0 132.0
170.0 126.0
130.0 10.0
67.0 57.0
228.0 223.0
77.0 90.0
73.0 163.0
72.0 229.0
65.0 68.0
152.0 26.0
50.0 116.0
62.0 143.0
31.0 56.0
130.0 151.0
162.0 13.0
56.0 130.0
8.0 148.0
221.0 147.0
134.0 181.0
223.0 32.0
156.0 105.0
165.0 172.0
175.0 199.0
44.0 122.0
90.0 58.0
144.0 105.0
121.0 121.0
138.0 93.0
133.0 37.0
195.0 169.0
219.0 227.0
158.0 221.0
33.0 100.0
229.0 52.0
175.0 175.0
94.0 92.0
13.0 169.0
40.0 148.0
110.0 187.0
144.0 19.0
25.0 212.0
185.0 45.0
25.0 131.0
5.0 11.0
93.0 141.0
90.0 137.0
168.0 137.0
212.0 176.0
105.0 48.0
37.0 231.0
172.0 112.0
164.0 192.0
200.0 159.0
125.0 27.0
82.0 40.0
188.0 203.0
100.0 129.0
106.0 95.0
160.0 175.0
45.0 33.0
38.0 48.0
204.0 225.0
84.0 23.0
225.0 77.0
130.0 46.0
50.0 22.0
158.0 222.0
177.0 7.0
96.0 110.0
111.0 123.0
186.0 196.0
85.0 157.0
172.0 236.0
221.0 165.0
99.0 225.0
75.0 228.0
121.0 59.0
118.0 120.0
234.0 27.0
223.0 164.0
189.0 61.0
80.0 132.0
140.0 10.0
237.0 99.0
153.0 5.0
59.0 221.0
15.0 38.0
192.0 230.0
72.0 204.0
178.0 236.0
180.0 109.0
198.0 6.0
122.0 8.0
214.0 183.0
185.0 60.0
106.0 248.0
141.0 131.0
199.0 48.0
193.0 170.0
156.0 82.0
5.0 194.0
8.0 238.0
6.0 49.0
165.0 49.0
212.0 109.0
62.0 27.0
117.0 178.0
150.0 34.0
50.0 178.0
21.0 117.0
148.0 220.0
247.0 126.0
223.0 36.0
91.0 200.0
66.0 247.0
59.0 32.0
61.0 57.0
66.0 141.0
47.0 235.0
58.0 184.0
181.0 96.0
244.0 159.0
96.0 215.0
158.0 154.0
243.0 210.0
70.0 127.0
84.0 209.0
96.0 245.0
155.0 207.0
154.0 125.0
35.0 56.0
237.0 155.0
113.0 166.0
23.0 105.0
72.0 31.0
178.0 64.0
101.0 48.0
236.0 65.0
129.0 104.0
36.0 39.0
221.0 24.0
242.0 90.0
55.0 240.0
29.0 117.0
235.0 141.0
101.0 134.0
247.0 91.0
241.0 200.0
185.0 201.0
192.0 183.0
171.0 221.0
185.0 138.0
226.0 244.0
39.0 162.0
153.0 241.0
41.0 117.0
38.0 228.0
123.0 214.0
76.0 208.0
203.0 232.0
199.0 66.0
61.0 224.0
82.0 189.0
245.0 122.0
137.0 116.0
19.0 217.0
183.0 101.0
193.0 39.0
47.0 28.0
249.0 5.0
137.0 198.0
221.0 225.0
133.0 35.0
106.0 203.0
214.0 98.0
153.0 221.0
65.0 105.0
181.0 241.0
245.0 199.0
136.0 248.0
11.0 48.0
179.0 4.0
56.0 138.0
123.0 2.0
137.0 217.0
153.0 211.0
176.0 140.0
19.0 30.0
181.0 173.0
236.0 174.0
192.0 154.0
147.0 25.0
240.0 190.0
228.0 48.0
123.0 143.0
125.0 187.0
139.0 235.0
180.0 207.0
189.0 143.0
53.0 22.0
9.0 24.0
86.0 114.0
99.0 235.0
123.0 191.0
193.0 54.0
72.0 66.0
242.0 42.0
37.0 50.0
118.0 226.0
192.0 184.0
137.0 128.0
91.0 1.0
242.0 178.0
214.0 23.0
42.0 176.0
71.0 25.0
216.0 212.0
28.0 188.0
67.0 71.0
70.0 22.0
124.0 187.0
29.0 61.0
200.0 10.0
110.0 90.0
183.0 5.0
132.0 30.0
91.0 13.0
189.0 112.0
28.0 57.0
11.0 93.0
234.0 217.0
126.0 27.0
198.0 15.0
208.0 203.0
177.0 71.0
94.0 159.0
215.0 88.0
236.0 240.0
117.0 58.0
190.0 238.0
112.0 118.0
36.0 226.0
22.0 73.0
196.0 220.0
51.0 144.0
185.0 169.0
144.0 76.0
129.0 47.0
142.0 52.0
207.0 144.0
61.0 153.0
229.0 220.0
104.0 200.0
132.0 3.0
103.0 99.0
238.0 48.0
124.0 124.0
164.0 82.0
57.0 162.0
117.0 216.0
55.0 215.0
90.0 28.0
14.0 58.0
55.0 29.0
76.0 235.0
56.0 123.0
238.0 146.0
162.0 222.0
170.0 52.0
74.0 231.0
180.0 121.0
205.0 201.0
81.0 209.0
155.0 241.0
10.0 127.0
34.0 96.0
82.0 219.0
172.0 134.0
49.0 129.0
46.0 246.0
223.0 191.0
89.0 45.0
219.0 206.0
84.0 244.0
140.0 175.0
183.0 200.0
138.0 107.0
136.0 169.0
93.0 103.0
128.0 95.0
236.0 222.0
209.0 126.0
68.0 188.0
66.0 52.0
21.0 76.0
8.0 221.0
104.0 169.0
46.0 20.0
103.0 228.0
40.0 91.0
187.0 18.0
199.0 246.0
130.0 192.0
14.0 128.0
118.0 243.0
32.0 202.0
232.0 24.0
183.0 5.0
199.0 152.0
204.0 117.0
117.0 176.0
220.0 138.0
139.0 209.0
173.0 26.0
183.0 10.0
32.0 209.0
34.0 108.0
81.0 178.0
29.0 82.0
122.0 124.0
63.0 187.0
247.0 192.0
237.0 94.0
132.0 28.0
10.0 52.0
159.0 91.0
45.0 106.0
177.0 7.0
247.0 54.0
74.0 79.0
46.0 168.0
120.0 98.0
53.0 220.0
107.0 191.0
27.0 219.0
136.0 235.0
135.0 29.0
188.0 189.0
85.0 143.0
214.0 4.0
236.0 159.0
5.0 82.0
132.0 109.0
199.0 79.0
199.0 66.0
63.0 139.0
174.0 50.0
24.0 227.0
119.0 33.0
231.0 34.0
236.0 188.0
229.0 237.0
194.0 63.0
156.0 223.0
57.0 197.0
172.0 164.0
166.0 232.0
161.0 206.0
176.0 157.0
28.0 8.0
220.0 135.0
13.0 31.0
46.0 149.0
225.0 197.0
211.0 51.0
178.0 169.0
42.0 139.0
176.0 17.0
104.0 194.0
187.0 139.0
231.0 8.0
189.0 83.0
245.0 183.0
247.0 1.0
49.0 117.0
181.0 15.0
89.0 99.0
213.0 103.0
242.0 18.0
68.0 156.0
12.0 15.0
50.0 189.0
204.0 196.0
199.0 235.0
85.0 108.0
157.0 19.0
86.0 220.0
234.0 86.0
171.0 246.0
185.0 94.0
49.0 164.0
53.0 56.0
240.0 155.0
215.0 145.0
39.0 184.0
110.0 211.0
13.0 64.0
176.0 231.0
207.0 125.0
76.0 242.0
63.0 179.0
132.0 90.0
101.0 35.0
166.0 168.0
1.0 135.0
48.0 110.0
249.0 193.0
14.0 231.0
117.0 24.0
184.0 53.0
17.0 61.0
227.0 96.0
112.0 154.0
213.0 139.0
114.0 245.0
237.0 242.0
23.0 140.0
218.0 141.0
108.0 121.0
89.0 153.0
0.0 212.0
166.0 90.0
100.0 237.0
18.0 200.0
24.0 113.0
6.0 237.0
161.0 117.0
210.0 83.0
217.0 219.0
249.0 129.0
165.0 91.0
118.0 207.0
112.0 241.0
166.0 186.0
142.0 33.0
197.0 113.0
246.0 149.0
223.0 154.0
34.0 128.0
195.0 98.0
223.0 183.0
135.0 43.0
209.0 34.0
121.0 147.0
99.0 86.0
154.0 202.0
131.0 82.0
11.0 39.0
236.0 167.0
220.0 130.0
46.0 124.0
130.0 30.0
227.0 93.0
111.0 163.0
62.0 162.0
213.0 200.0
41.0 10.0
195.0 161.0
6.0 125.0
141.0 128.0
240.0 138.0
180.0 60.0
167.0 183.0
168.0 236.0
165.0 202.0
222.0 178.0
68.0 208.0
75.0 209.0
195.0 81.0
32.0 138.0
130.0 13.0
120.0 82.0
218.0 50.0
82.0 43.0
105.0 247.0
174.0 149.0
188.0 230.0
65.0 19.0
158.0 70.0
150.0 56.0
137.0 139.0
212.0 5.0
216.0 226.0
116.0 193.0
18.0 202.0
98.0 169.0
216.0 147.0
204.0 34.0
10.0 102.0
65.0 65.0
119.0 215.0
199.0 29.0
156.0 102.0
134.0 173.0
77.0 40.0
181.0 179.0
202.0 200.0
26.0 168.0
109.0 157.0
88.0 177.0
30.0 11.0
183.0 80.0
185.0 239.0
87.0 232.0
42.0 224.0
140.0 192.0
73.0 216.0
119.0 193.0
125.0 41.0
148.0 57.0
82.0 182.0
246.0 123.0
81.0 196.0
155.0 17.0
77.0 188.0
175.0 174.0
136.0 195.0
25.0 98.0
140.0 79.0
81.0 141.0
155.0 145.0
128.0 141.0
3.0 225.0
114.0 91.0
195.0 49.0
161.0 63.0
119.0 35.0
198.0 160.0
13.0 190.0
91.0 115.0
13.0 122.0
16.0 173.0
156.0 237.0
79.0 9.0
22.0 247.0
40.0 189.0
11.0 183.0
30.0 45.0
61.0 166.0
242.0 110.0
188.0 6.0
115.0 103.0
26.0 6.0
103.0 225.0
110.0 167.0
179.0 146.0
227.0 45.0
53.0 63.0
187.0 78.0
115.0 79.0
213.0 18.0
209.0 175.0
196.0 152.0
124.0 119.0
113.0 76.0
42.0 239.0
247.0 80.0
197.0 24.0
128.0 30.0
97.0 84.0
205.0 192.0
221.0 83.0
45.0 239.0
134.0 35.0
195.0 32.0
72.0 214.0
136.0 29.0
76.0 185.0
67.0 33.0
73.0 73.0
94.0 24.0
136.0 231.0
189.0 148.0
186.0 21.0
98.0 240.0
236.0 247.0
206.0 75.0
76.0 100.0
159.0 97.0
115.0 8.0
124.0 202.0
160.0 126.0
109.0 197.0
227.0 4.0
107.0 136.0
21.0 25.0
108.0 19.0
76.0 19.0
107.0 203.0
59.0 50.0
49.0 125.0
95.0 131.0
196.0 39.0
12.0 239.0
235.0 36.0
210.0 33.0
241.0 140.0
209.0 245.0
195.0 127.0
191.0 36.0
27.0 10.0
196.0 166.0
29.0 177.0
200.0 130.0
221.0 25.0
89.0 246.0
143.0 197.0
124.0 225.0
38.0 131.0
55.0 70.0
6.0 163.0
94.0 215.0
244.0 15.0
24.0 137.0
52.0 29.0
48.0 211.0
115.0 114.0
13.0 175.0
103.0 136.0
234.0 96.0
230.0 87.0
199.0 82.0
188.0 155.0
245.0 5.0
221.0 134.0
98.0 107.0
132.0 187.0
4.0 121.0
107.0 26.0
233.0 163.0
39.0 132.0
29.0 153.0
87.0 225.0
175.0 132.0
50.0 216.0
139.0 125.0
161.0 227.0
63.0 37.0
241.0 50.0
208.0 97.0
215.0 237.0
241.0 223.0
44.0 84.0
91.0 198.0
189.0 64.0
142.0 148.0
63.0 98.0
113.0 93.0
194.0 107.0
24.0 180.0
166.0 90.0
218.0 7.0
225.0 59.0
205.0 9.0
211.0 196.0
187.0 190.0
75.0 193.0
155.0 63.0
50.0 10.0
22.0 185.0
77.0 128.0
84.0 41.0
184.0 186.0
135.0 32.0
67.0 170.0
143.0 193.0
173.0 191.0
213.0 33.0
167.0 132.0
104.0 227.0
207.0 87.0
138.0 203.0
35.0 237.0
172.0 208.0
188.0 216.0
78.0 29.0
196.0 240.0
22.0 81.0
213.0 164.0
133.0 158.0
72.0 139.0
205.0 189.0
71.0 128.0
161.0 157.0
113.0 105.0
45.0 170.0
144.0 59.0
148.0 196.0
119.0 249.0
148.0 91.0
72.0 214.0
11.0 46.0
153.0 106.0
150.0 211.0
66.0 229.0
203.0 9.0
162.0 214.0
81.0 242.0
240.0 104.0
240.0 163.0
180.0 150.0
219.0 224.0
92.0 206.0
32.0 36.0
234.0 166.0
54.0 155.0
249.0 186.0
142.0 87.0
96.0 34.0
243.0 243.0
118.0 164.0
98.0 133.0
228.0 237.0
185.0 147.0
44.0 75.0
126.0 75.0
69.0 123.0
76.0 101.0
126.0 44.0
192.0 58.0
28.0 149.0
84.0 26.0
47.0 154.0
213.0 204.0
59.0 92.0
13.0 19.0
47.0 4.0
79.0 10.0
198.0 104.0
78.0 86.0
176.0 168.0
91.0 72.0
173.0 225.0
174.0 5.0
182.0 171.0
214.0 236.0
236.0 246.0
5.0 171.0
177.0 139.0
240.0 60.0
68.0 30.0
205.0 77.0
194.0 206.0
19.0 207.0
142.0 180.0
70.0 40.0
17.0 90.0
108.0 156.0
176.0 168.0
34.0 39.0
155.0 187.0
221.0 90.0
39.0 57.0
8.0 62.0
88.0 78.0
112.0 95.0
239.0 189.0
202.0 68.0
159.0 53.0
4.0 49.0
122.0 215.0
71.0 203.0
232.0 48.0
196.0 60.0
153.0 87.0
242.0 125.0
0.0 105.0
224.0 101.0
156.0 144.0
61.0 93.0
65.0 239.0
197.0 192.0
132.0 164.0
129.0 164.0
156.0 77.0
184.0 31.0
44.0 3.0
193.0 146.0
126.0 160.0
31.0 168.0
175.0 205.0
44.0 166.0
89.0 14.0
224.0 129.0
204.0 202.0
8.0 243.0
80.0 130.0
187.0 88.0
104.0 222.0
196.0 226.0
110.0 217.0
123.0 230.0
10.0 51.0
103.0 233.0
241.0 119.0
38.0 174.0
158.0 249.0
206.0 210.0
54.0 246.0
63.0 75.0
45.0 216.0
173.0 240.0
147.0 168.0
207.0 38.0
156.0 214.0
59.0 218.0
15.0 238.0
155.0 223.0
167.0 241.0
119.0 34.0
211.0 107.0
1.0 250.0
216.0 110.0
111.0 115.0
147.0 37.0
27.0 42.0
138.0 130.0
210.0 222.0
171.0 94.0
159.0 232.0
39.0 239.0
165.0 120.0
29.0 138.0
229.0 247.0
63.0 243.0
68.0 238.0
113.0 211.0
158.0 206.0
10.0 10.0
109.0 211.0
87.0 193.0
195.0 6.0
144.0 8.0
206.0 158.0
50.0 129.0
82.0 207.0
102.0 58.0
109.0 91.0
81.0 73.0
18.0 114.0
245.0 183.0
135.0 68.0
67.0 83.0
56.0 159.0
103.0 166.0
125.0 217.0
161.0 4.0
43.0 222.0
22.0 200.0
31.0 5.0
27.0 150.0
244.0 12.0
146.0 9.0
231.0 137.0
220.0 8.0
15.0 130.0
111.0 53.0
214.0 196.0
89.0 108.0
152.0 193.0
60.0 203.0
3.0 151.0
77.0 158.0
45.0 145.0
133.0 7.0
191.0 125.0
41.0 92.0
2.0 120.0
26.0 170.0
217.0 21.0
214.0 143.0
135.0 0.0
12.0 124.0
10.0 153.0
192.0 69.0
164.0 25.0
50.0 67.0
112.0 0.0
69.0 154.0
22.0 88.0
96.0 91.0
178.0 201.0
80.0 122.0
149.0 94.0
249.0 23.0
207.0 177.0
157.0 69.0
72.0 1.0
105.0 116.0
141.0 250.0
239.0 54.0
172.0 168.0
196.0 193.0
197.0 128.0
241.0 216.0
249.0 141.0
132.0 142.0
74.0 148.0
31.0 46.0
17.0 2.0
80.0 121.0
140.0 130.0
68.0 185.0
142.0 139.0
204.0 108.0
239.0 235.0
41.0 130.0
222.0 95.0
178.0 166.0
229.0 193.0
174.0 211.0
52.0 84.0
169.0 42.0
149.0 27.0
32.0 227.0
77.0 78.0
141.0 245.0
108.0 151.0
241.0 113.0
143.0 70.0
128.0 201.0
52.0 212.0
213.0 248.0
176.0 157.0
86.0 134.0
11.0 62.0
26.0 55.0
159.0 49.0
195.0 30.0
217.0 212.0
72.0 249.0
43.0 138.0
11.0 78.0
208.0 178.0
98.0 109.0
200.0 6.0
58.0 185.0
45.0 54.0
21.0 162.0
62.0 241.0
16.0 225.0
21.0 222.0
136.0 137.0
57.0 185.0
110.0 113.0
232.0 52.0
98.0 77.0
222.0 245.0
84.0 110.0
142.0 228.0
43.0 231.0
119.0 136.0
136.0 201.0
3.0 63.0
238.0 93.0
178.0 186.0
180.0 209.0
23.0 197.0
120.0 224.0
86.0 72.0
71.0 232.0
147.0 35.0
108.0 227.0
116.0 120.0
161.0 56.0
71.0 60.0
57.0 0.0
242.0 37.0
63.0 157.0
129.0 140.0
243.0 141.0
193.0 200.0
249.0 165.0
163.0 211.0
229.0 132.0
49.0 137.0
103.0 177.0
6.0 202.0
11.0 176.0
24.0 61.0
61.0 23.0
214.0 91.0
58.0 66.0
43.0 88.0
210.0 139.0
152.0 197.0
123.0 201.0
247.0 22.0
211.0 141.0
71.0 101.0
194.0 135.0
54.0 66.0
193.0 248.0
55.0 63.0
223.0 27.0
141.0 100.0
217.0 168.0
202.0 59.0
246.0 120.0
231.0 134.0
209.0 79.0
171.0 69.0
25.0 126.0
56.0 84.0
220.0 70.0
215.0 233.0
85.0 133.0
126.0 218.0
146.0 172.0
88.0 6.0
22.0 173.0
164.0 174.0
27.0 116.0
177.0 184.0
206.0 60.0
104.0 153.0
61.0 166.0
11.0 180.0
6.0 140.0
10.0 179.0
197.0 183.0
1.0 165.0
155.0 64.0
50.0 39.0
184.0 17.0
50.0 220.0
146.0 212.0
140.0 34.0
209.0 121.0
146.0 90.0
13.0 154.0
149.0 164.0
235.0 11.0
75.0 206.0
136.0 6.0
26.0 122.0
181.0 178.0
124.0 61.0
197.0 67.0
225.0 229.0
50.0 103.0
138.0 99.0
148.0 110.0
68.0 164.0
152.0 237.0
79.0 211.0
77.0 205.0
143.0 147.0
23.0 61.0
194.0 240.0
101.0 184.0
148.0 167.0
184.0 125.0
169.0 105.0
145.0 148.0
21.0 150.0
107.0 171.0
153.0 162.0
246.0 116.0
3.0 190.0
16.0 222.0
17.0 208.0
4.0 214.0
6.0 205.0
135.0 13.0
228.0 208.0
52.0 1.0
154.0 166.0
39.0 140.0
217.0 164.0
171.0 94.0
120.0 248.0
192.0 42.0
104.0 218.0
173.0 175.0
154.0 46.0
81.0 210.0
165.0 135.0
187.0 43.0
152.0 227.0
58.0 230.0
168.0 28.0
207.0 62.0
149.0 240.0
3.0 40.0
190.0 207.0
42.0 136.0
128.0 210.0
213.0 33.0
54.0 26.0
33.0 91.0
240.0 140.0
107.0 122.0
3.0 102.0
165.0 84.0
87.0 53.0
151.0 152.0
240.0 28.0
203.0 164.0
174.0 187.0
110.0 15.0
208.0 211.0
220.0 115.0
170.0 132.0
8.0 123.0
226.0 210.0
148.0 196.0
86.0 16.0
177.0 80.0
127.0 185.0
222.0 167.0
18.0 137.0
3.0 210.0
3.0 108.0
197.0 212.0
55.0 149.0
19.0 36.0
187.0 83.0
210.0 142.0
244.0 181.0
191.0 114.0
104.0 175.0
161.0 8.0
229.0 17.0
51.0 72.0
112.0 96.0
238.0 227.0
199.0 214.0
29.0 244.0
202.0 156.0
221.0 128.0
3.0 26.0
117.0 23.0
193.0 69.0
169.0 18.0
72.0 11.0
3.0 49.0
33.0 21.0
139.0 148.0
18.0 203.0
21.0 114.0
103.0 96.0
43.0 218.0
34.0 211.0
73.0 163.0
121.0 212.0
27.0 24.0
217.0 139.0
125.0 6.0
42.0 170.0
249.0 141.0
203.0 177.0
169.0 119.0
73.0 204.0
174.0 6.0
216.0 10.0
9.0 167.0
175.0 153.0
15.0 28.0
177.0 162.0
12.0 112.0
182.0 129.0
195.0 108.0
236.0 145.0
192.0 42.0
153.0 54.0
205.0 177.0
112.0 45.0
243.0 86.0
96.0 205.0
233.0 149.0
100.0 169.0
168.0 49.0
178.0 116.0
185.0 140.0
136.0 122.0
107.0 132.0
47.0 240.0
231.0 100.0
40.0 201.0
1.0 126.0
147.0 224.0
244.0 220.0
54.0 214.0
214.0 191.0
144.0 188.0
10.0 243.0
65.0 117.0
236.0 100.0
94.0 120.0
85.0 48.0
126.0 83.0
100.0 79.0
224.0 23.0
168.0 149.0
150.0 127.0
121.0 109.0
203.0 179.0
125.0 207.0
162.0 169.0
106.0 69.0
24.0 170.0
30.0 210.0
225.0 160.0
139.0 96.0
133.0 5.0
104.0 174.0
166.0 133.0
71.0 36.0
160.0 10.0
171.0 243.0
234.0 70.0
107.0 108.0
153.0 79.0
14.0 80.0
54.0 208.0
81.0 165.0
166.0 181.0
247.0 147.0
10.0 143.0
86.0 163.0
91.0 230.0
85.0 24.0
182.0 126.0
39.0 224.0
102.0 207.0
136.0 128.0
203.0 173.0
101.0 173.0
92.0 158.0
84.0 205.0
180.0 95.0
38.0 146.0
219.0 179.0
148.0 237.0
27.0 105.0
177.0 188.0
196.0 33.0
180.0 112.0
110.0 94.0
59.0 173.0
191.0 5.0
41.0 216.0
67.0 230.0
185.0 197.0
220.0 140.0
116.0 33.0
176.0 230.0
216.0 66.0
155.0 217.0
104.0 164.0
152.0 201.0
3.0 241.0
211.0 101.0
200.0 117.0
249.0 158.0
79.0 128.0
67.0 94.0
50.0 4.0
34.0 107.0
234.0 88.0
203.0 151.0
101.0 11.0
213.0 61.0
46.0 31.0
120.0 100.0
222.0 28.0
137.0 112.0
246.0 229.0
40.0 230.0
216.0 49.0
108.0 196.0
39.0 219.0
222.0 128.0
112.0 236.0
112.0 155.0
13.0 174.0
17.0 136.0
92.0 4.0
102.0 249.0
2.0 111.0
38.0 59.0
195.0 8.0
210.0 212.0
30.0 69.0
72.0 240.0
164.0 163.0
11.0 5.0
221.0 124.0
98.0 137.0
66.0 67.0
212.0 122.0
32.0 122.0
53.0 18.0
55.0 200.0
143.0 81.0
201.0 5.0
209.0 155.0
154.0 26.0
177.0 227.0
27.0 95.0
38.0 139.0
190.0 125.0
197.0 218.0
105.0 229.0
191.0 196.0
237.0 228.0
247.0 69.0
147.0 102.0
220.0 119.0
219.0 32.0
228.0 137.0
9.0 206.0
162.0 200.0
22.0 163.0
22.0 155.0
53.0 228.0
110.0 37.0
8.0 173.0
173.0 212.0
216.0 49.0
151.0 83.0
43.0 188.0
238.0 33.0
161.0 200.0
43.0 67.0
183.0 85.0
192.0 199.0
138.0 163.0
8.0 170.0
113.0 69.0
13.0 176.0
174.0 134.0
6.0 62.0
249.0 33.0
65.0 29.0
230.0 135.0
136.0 196.0
95.0 72.0
158.0 189.0
178.0 82.0
18.0 215.0
10.0 16.0
163.0 168.0
249.0 198.0
37.0 115.0
233.0 131.0
46.0 67.0
54.0 145.0
85.0 21.0
62.0 84.0
218.0 35.0
69.0 244.0
161.0 219.0
47.0 70.0
43.0 22.0
199.0 157.0
209.0 54.0
86.0 216.0
166.0 231.0
55.0 167.0
77.0 77.0
35.0 136.0
5.0 118.0
59.0 167.0
208.0 64.0
216.0 17.0
49.0 86.0
9.0 249.0
200.0 31.0
197.0 105.0
85.0 229.0
229.0 245.0
105.0 125.0
214.0 221.0
225.0 18.0
171.0 125.0
88.0 5.0
115.0 184.0
106.0 43.0
108.0 97.0
79.0 103.0
203.0 7.0
150.0 194.0
31.0 53.0
40.0 126.0
94.0 245.0
240.0 144.0
127.0 237.0
219.0 185.0
223.0 131.0
212.0 22.0
215.0 243.0
18.0 164.0
121.0 103.0
6.0 146.0
25.0 235.0
104.0 219.0
87.0 119.0
136.0 187.0
168.0 8.0
128.0 22.0
132.0 119.0
75.0 146.0
205.0 11.0
187.0 120.0
64.0 21.0
198.0 12.0
163.0 217.0
155.0 53.0
97.0 112.0
146.0 235.0
138.0 203.0
242.0 83.0
108.0 228.0
250.0 126.0
111.0 72.0
177.0 177.0
158.0 79.0
123.0 75.0
85.0 94.0
126.0 112.0
165.0 105.0
60.0 195.0
194.0 185.0
225.0 70.0
91.0 237.0
112.0 35.0
134.0 102.0
102.0 114.0
31.0 181.0
212.0 218.0
56.0 229.0
16.0 156.0
70.0 115.0
231.0 144.0
45.0 81.0
228.0 48.0
30.0 154.0
75.0 131.0
51.0 142.0
246.0 172.0
1.0 223.0
227.0 103.0
159.0 183.0
50.0 146.0
0.0 210.0
73.0 229.0
63.0 151.0
191.0 38.0
167.0 19.0
164.0 109.0
123.0 41.0
118.0 188.0
94.0 152.0
29.0 147.0
132.0 102.0
129.0 42.0
181.0 199.0
162.0 243.0
169.0 5.0
56.0 94.0
139.0 96.0
64.0 152.0
149.0 109.0
66.0 88.0
7.0 48.0
209.0 173.0
218.0 191.0
201.0 78.0
68.0 221.0
63.0 3.0
101.0 12.0
30.0 3.0
40.0 94.0
30.0 166.0
33.0 102.0
48.0 114.0
152.0 88.0
200.0 117.0
146.0 143.0
177.0 165.0
2.0 91.0
21.0 161.0
194.0 51.0
16.0 214.0
51.0 23.0
27.0 53.0
233.0 167.0
203.0 181.0
144.0 47.0
241.0 160.0
133.0 150.0
14.0 19.0
176.0 58.0
128.0 56.0
49.0 221.0
80.0 140.0
22.0 79.0
226.0 177.0
228.0 114.0
87.0 205.0
119.0 185.0
81.0 161.0
18.0 125.0
96.0 169.0
69.0 73.0
104.0 249.0
216.0 124.0
103.0 194.0
133.0 174.0
234.0 117.0
119.0 154.0
207.0 57.0
248.0 154.0
28.0 18.0
162.0 6.0
24.0 188.0
188.0 205.0
46.0 114.0
13.0 120.0
210.0 192.0
0.0 229.0
175.0 111.0
247.0 218.0
225.0 7.0
80.0 59.0
239.0 81.0
234.0 15.0
215.0 51.0
21.0 78.0
51.0 94.0
109.0 153.0
127.0 243.0
108.0 122.0
9.0 38.0
193.0 224.0
194.0 20.0
85.0 24.0
114.0 237.0
9.0 6.0
154.0 228.0
62.0 205.0
54.0 21.0
242.0 45.0
85.0 8.0
196.0 150.0
202.0 86.0
48.0 196.0
234.0 57.0
19.0 174.0
167.0 59.0
54.0 17.0
203.0 134.0
36.0 88.0
33.0 102.0
205.0 110.0
130.0 187.0
212.0 141.0
132.0 220.0
60.0 72.0
228.0 229.0
240.0 119.0
11.0 112.0
180.0 151.0
73.0 85.0
199.0 220.0
189.0 219.0
210.0 242.0
243.0 139.0
227.0 82.0
97.0 72.0
58.0 107.0
210.0 195.0
104.0 93.0
65.0 84.0
28.0 176.0
87.0 100.0
90.0 99.0
241.0 142.0
28.0 74.0
117.0 218.0
167.0 144.0
58.0 140.0
250.0 228.0
26.0 174.0
54.0 112.0
129.0 73.0
168.0 199.0
119.0 202.0
105.0 149.0
192.0 55.0
8.0 100.0
232.0 247.0
246.0 232.0
237.0 160.0
41.0 229.0
182.0 195.0
38.0 29.0
178.0 190.0
87.0 50.0
74.0 85.0
26.0 148.0
207.0 2.0
105.0 127.0
104.0 212.0
225.0 174.0
195.0 26.0
238.0 165.0
221.0 209.0
130.0 104.0
25.0 81.0
189.0 249.0
31.0 15.0
117.0 65.0
224.0 141.0
60.0 192.0
63.0 81.0
125.0 182.0
20.0 145.0
19.0 82.0
30.0 201.0
218.0 224.0
204.0 5.0
184.0 184.0
191.0 96.0
182.0 155.0
168.0 163.0
74.0 49.0
223.0 108.0
9.0 214.0
243.0 89.0
34.0 212.0
185.0 150.0
154.0 145.0
216.0 86.0
236.0 119.0
238.0 29.0
187.0 210.0
146.0 31.0
137.0 129.0
221.0 6.0
218.0 99.0
113.0 172.0
22.0 241.0
217.0 241.0
214.0 126.0
6.0 118.0
5.0 159.0
239.0 228.0
87.0 72.0
6.0 125.0
112.0 75.0
143.0 100.0
180.0 61.0
101.0 82.0
72.0 40.0
172.0 185.0
24.0 82.0
46.0 45.0
194.0 51.0
223.0 187.0
231.0 50.0
112.0 208.0
199.0 233.0
239.0 105.0
175.0 14.0
14.0 189.0
132.0 229.0
87.0 32.0
50.0 138.0
147.0 247.0
241.0 192.0
49.0 199.0
212.0 99.0
245.0 53.0
179.0 229.0
52.0 137.0
162.0 2.0
84.0 155.0
172.0 200.0
16.0 95.0
43.0 201.0
130.0 0.0
16.0 219.0
189.0 70.0
45.0 151.0
218.0 134.0
31.0 9.0
94.0 89.0
73.0 161.0
173.0 219.0
100.0 215.0
218.0 116.0
58.0 176.0
227.0 235.0
168.0 57.0
65.0 199.0
45.0 212.0
111.0 235.0
68.0 202.0
198.0 246.0
173.0 70.0
200.0 36.0
64.0 228.0
145.0 42.0
175.0 202.0
92.0 230.0
216.0 52.0
43.0 143.0
27.0 108.0
225.0 115.0
211.0 196.0
151.0 16.0
114.0 131.0
180.0 191.0
27.0 23.0
94.0 47.0
40.0 39.0
38.0 98.0
48.0 63.0
231.0 51.0
215.0 249.0
154.0 100.0
21.0 52.0
4.0 152.0
81.0 92.0
243.0 16.0
216.0 69.0
157.0 162.0
113.0 218.0
133.0 203.0
167.0 127.0
189.0 78.0
212.0 42.0
82.0 225.0
126.0 116.0
177.0 80.0
122.0 85.0
8.0 84.0
99.0 208.0
86.0 148.0
237.0 93.0
31.0 133.0
84.0 99.0
188.0 180.0
188.0 69.0
186.0 52.0
154.0 221.0
229.0 227.0
63.0 67.0
194.0 1.0
234.0 49.0
207.0 230.0
159.0 159.0
150.0 94.0
221.0 109.0
134.0 127.0
124.0 162.0
24.0 44.0
58.0 96.0
172.0 205.0
118.0 29.0
78.0 134.0
143.0 193.0
248.0 75.0
124.0 18.0
95.0 103.0
195.0 238.0
41.0 151.0
24.0 7.0
26.0 112.0
200.0 104.0
207.0 238.0
79.0 98.0
193.0 126.0
69.0 172.0
212.0 129.0
169.0 113.0
172.0 120.0
132.0 19.0
164.0 66.0
187.0 130.0
219.0 211.0
78.0 195.0
1.0 205.0
199.0 159.0
129.0 103.0
243.0 216.0
173.0 196.0
0.0 112.0
149.0 216.0
95.0 155.0
186.0 15.0
193.0 161.0
59.0 123.0
59.0 185.0
136.0 167.0
160.0 133.0
65.0 176.0
42.0 228.0
110.0 134.0
56.0 59.0
109.0 183.0
49.0 57.0
67.0 198.0
200.0 247.0
240.0 32.0
7.0 248.0
99.0 11.0
229.0 8.0
156.0 113.0
161.0 94.0
163.0 33.0
159.0 169.0
45.0 182.0
193.0 106.0
194.0 220.0
205.0 225.0
115.0 27.0
165.0 239.0
191.0 87.0
5.0 32.0
158.0 80.0
170.0 202.0
187.0 13.0
110.0 147.0
59.0 77.0
69.0 234.0
187.0 171.0
121.0 200.0
92.0 161.0
186.0 223.0
234.0 201.0
98.0 163.0
153.0 37.0
85.0 43.0
214.0 13.0
109.0 154.0
36.0 70.0
51.0 223.0
15.0 80.0
57.0 142.0
147.0 185.0
164.0 93.0
190.0 105.0
147.0 179.0
5.0 207.0
72.0 15.0
219.0 186.0
128.0 36.0
186.0 7.0
99.0 78.0
22.0 102.0
172.0 121.0
53.0 84.0
62.0 137.0
81.0 98.0
35.0 41.0
179.0 207.0
176.0 69.0
53.0 40.0
108.0 206.0
54.0 241.0
152.0 117.0
243.0 66.0
232.0 72.0
234.0 34.0
151.0 198.0
75.0 115.0
174.0 171.0
34.0 234.0
170.0 58.0
166.0 193.0
106.0 45.0
150.0 171.0
34.0 139.0
152.0 23.0
243.0 202.0
80.0 172.0
81.0 34.0
113.0 182.0
246.0 231.0
227.0 184.0
185.0 166.0
4.0 116.0
18.0 193.0
50.0 80.0

172.0 168.0
148.0 17.0
170.0 62.0
217.0 84.0
224.0 33.0
198.0 251.0
223.0 235.0
55.0 248.0
226.0 210.0
215.0 228.0
164.0 48.0
25.0 67.0
54.0 189.0
206.0 36.0
25.0 21.0
149.0 91.0
60.0 180.0
211.0 196.0
81.0 74.0
227.0 20.0
208.0 214.0
13.0 34.0
146.0 200.0
192.0 12.0
188.0 81.0
10.0 49.0
150.0 73.0
114.0 16.0
99.0 225.0
38.0 148.0
89.0 147.0
25.0 72.0
93.0 241.0
71.0 135.0
19.0 198.0
150.0 146.0
105.0 79.0
164.0 70.0
185.0 102.0
208.0 156.0
40.0 87.0
19.0 128.0
159.0 54.0
139.0 79.0
34.0 37.0
6.0 70.0
149.0 37.0
111.0 200.0
198.0 222.0
88.0 227.0
57.0 222.0
233.0 211.0
159.0 21.0
212.0 85.0
189.0 109.0
53.0 232.0
93.0 72.0
77.0 145.0
243.0 118.0
234.0 119.0
68.0 141.0
124.0 124.0
176.0 160.0
36.0 243.0
107.0 97.0
162.0 176.0
115.0 152.0
219.0 56.0
71.0 84.0
214.0 228.0
139.0 33.0
253.0 92.0
28.0 59.0
239.0 58.0
97.0 196.0
212.0 44.0
171.0 25.0
92.0 254.0
63.0 202.0
189.0 247.0
209.0 109.0
94.0 163.0
74.0 131.0
188.0 255.0
103.0 123.0
89.0 215.0
246.0 226.0
19.0 71.0
232.0 181.0
129.0 245.0
176.0 184.0
141.0 212.0
172.0 71.0
133.0 187.0
233.0 232.0
66.0 187.0
166.0 192.0
165.0 255.0
112.0 97.0
175.0 53.0
174.0 214.0
208.0 17.0
49.0 8.0
89.0 138.0
147.0 78.0
38.0 197.0
47.0 104.0
217.0 100.0
112.0 220.0
105.0 107.0
246.0 116.0
113.0 133.0
242.0 116.0
16.0 76.0
74.0 207.0
247.0 10.0
228.0 74.0
7.0 251.0
22.0 86.0
89.0 69.0
142.0 79.0
34.0 146.0
224.0 29.0
108.0 215.0
104.0 131.0
108.0 52.0
143.0 177.0
96.0 162.0
170.0 175.0
230.0 215.0
56.0 232.0
132.0 185.0
64.0 226.0
80.0 117.0
175.0 194.0
131.0 97.0
94.0 97.0
56.0 15.0
39.0 233.0
57.0 10.0
164.0 102.0
67.0 101.0
46.0 113.0
186.0 28.0
252.0 81.0
189.0 145.0
18.0 244.0
49.0 29.0
204.0 154.0
29.0 38.0
150.0 32.0
165.0 99.0
247.0 62.0
16.0 58.0
232.0 120.0
229.0 42.0
89.0 226.0
107.0 12.0
22.0 165.0
74.0 72.0
204.0 138.0
175.0 130.0
134.0 15.0
73.0 62.0
234.0 229.0
82.0 95.0
78.0 168.0
78.0 235.0
70.0 73.0
156.0 31.0
56.0 121.0
66.0 148.0
36.0 60.0
136.0 156.0
166.0 19.0
62.0 135.0
13.0 154.0
226.0 151.0
139.0 186.0
228.0 37.0
161.0 111.0
170.0 177.0
179.0 204.0
49.0 126.0
95.0 62.0
149.0 109.0
127.0 126.0
143.0 98.0
138.0 41.0
199.0 174.0
224.0 233.0
164.0 227.0
37.0 105.0
234.0 57.0
181.0 180.0
99.0 97.0
18.0 174.0
45.0 154.0
115.0 192.0
149.0 25.0
29.0 217.0
190.0 51.0
30.0 136.0
10.0 16.0
99.0 146.0
95.0 142.0
172.0 143.0
216.0 182.0
109.0 53.0
41.0 237.0
176.0 118.0
168.0 196.0
205.0 164.0
130.0 32.0
87.0 45.0
193.0 209.0
106.0 134.0
112.0 99.0
164.0 180.0
50.0 39.0
44.0 53.0
208.0 230.0
89.0 28.0
231.0 82.0
135.0 50.0
54.0 27.0
162.0 226.0
182.0 12.0
102.0 115.0
115.0 128.0
191.0 200.0
91.0 161.0
176.0 240.0
226.0 171.0
105.0 231.0
79.0 233.0
126.0 64.0
123.0 124.0
239.0 32.0
228.0 169.0
194.0 66.0
86.0 137.0
145.0 15.0
242.0 104.0
158.0 9.0
63.0 226.0
20.0 44.0
197.0 235.0
78.0 208.0
183.0 241.0
185.0 115.0
204.0 10.0
128.0 12.0
218.0 188.0
190.0 65.0
112.0 253.0
146.0 135.0
205.0 53.0
198.0 175.0
161.0 86.0
10.0 200.0
13.0 242.0
10.0 55.0
171.0 54.0
217.0 115.0
66.0 31.0
123.0 184.0
154.0 38.0
54.0 183.0
26.0 122.0
154.0 225.0
252.0 131.0
227.0 41.0
95.0 204.0
71.0 252.0
63.0 36.0
66.0 62.0
71.0 145.0
53.0 241.0
63.0 189.0
186.0 100.0
248.0 163.0
102.0 220.0
164.0 159.0
248.0 214.0
76.0 132.0
90.0 215.0
100.0 250.0
161.0 212.0
158.0 130.0
39.0 62.0
242.0 159.0
117.0 171.0
28.0 111.0
76.0 35.0
182.0 69.0
106.0 53.0
241.0 71.0
133.0 110.0
41.0 44.0
225.0 29.0
247.0 96.0
61.0 244.0
33.0 122.0
239.0 145.0
107.0 138.0
252.0 95.0
246.0 205.0
190.0 207.0
197.0 188.0
175.0 225.0
191.0 144.0
231.0 249.0
44.0 167.0
158.0 247.0
45.0 121.0
43.0 232.0
129.0 218.0
80.0 213.0
208.0 237.0
204.0 70.0
66.0 228.0
88.0 193.0
250.0 127.0
141.0 122.0
25.0 222.0
188.0 105.0
198.0 43.0
51.0 33.0
253.0 11.0
142.0 202.0
226.0 231.0
139.0 41.0
112.0 207.0
220.0 103.0
158.0 226.0
70.0 110.0
186.0 247.0
250.0 203.0
141.0 253.0
17.0 53.0
184.0 8.0
61.0 143.0
129.0 7.0
142.0 222.0
158.0 215.0
181.0 144.0
24.0 34.0
187.0 178.0
241.0 180.0
198.0 159.0
152.0 29.0
246.0 195.0
233.0 53.0
128.0 148.0
130.0 191.0
144.0 240.0
185.0 211.0
194.0 148.0
58.0 28.0
13.0 29.0
91.0 120.0
103.0 241.0
128.0 196.0
199.0 58.0
77.0 71.0
248.0 48.0
43.0 56.0
124.0 230.0
198.0 188.0
142.0 132.0
95.0 7.0
247.0 183.0
220.0 28.0
47.0 180.0
75.0 30.0
221.0 217.0
33.0 193.0
73.0 76.0
75.0 28.0
130.0 192.0
34.0 66.0
205.0 15.0
115.0 94.0
189.0 10.0
136.0 35.0
96.0 17.0
194.0 116.0
32.0 61.0
17.0 99.0
240.0 222.0
131.0 32.0
202.0 21.0
214.0 208.0
182.0 77.0
99.0 164.0
221.0 93.0
241.0 244.0
123.0 62.0
195.0 244.0
116.0 124.0
41.0 230.0
28.0 77.0
200.0 224.0
57.0 149.0
191.0 174.0
149.0 81.0
133.0 52.0
147.0 57.0
212.0 149.0
66.0 158.0
233.0 224.0
109.0 205.0
137.0 9.0
107.0 105.0
242.0 53.0
128.0 129.0
169.0 88.0
63.0 168.0
123.0 221.0
60.0 219.0
94.0 34.0
19.0 62.0
61.0 35.0
81.0 240.0
60.0 128.0
243.0 152.0
168.0 226.0
175.0 58.0
79.0 236.0
185.0 125.0
209.0 207.0
87.0 214.0
160.0 247.0
15.0 132.0
38.0 101.0
87.0 225.0
178.0 139.0
53.0 134.0
51.0 252.0
227.0 196.0
94.0 49.0
224.0 211.0
90.0 249.0
146.0 179.0
187.0 205.0
143.0 112.0
142.0 175.0
97.0 108.0
134.0 99.0
241.0 227.0
214.0 130.0
74.0 192.0
71.0 57.0
25.0 80.0
14.0 226.0
109.0 174.0
52.0 25.0
108.0 233.0
45.0 95.0
193.0 22.0
205.0 251.0
134.0 197.0
19.0 134.0
124.0 248.0
37.0 208.0
237.0 29.0
188.0 9.0
204.0 157.0
209.0 121.0
123.0 181.0
225.0 144.0
145.0 214.0
178.0 30.0
188.0 14.0
36.0 215.0
40.0 112.0
87.0 184.0
35.0 87.0
126.0 129.0
69.0 193.0
252.0 196.0
242.0 99.0
136.0 33.0
15.0 56.0
164.0 95.0
49.0 112.0
183.0 13.0
252.0 60.0
79.0 84.0
51.0 174.0
124.0 103.0
57.0 224.0
112.0 196.0
33.0 224.0
140.0 241.0
140.0 34.0
192.0 195.0
90.0 148.0
219.0 9.0
241.0 163.0
9.0 87.0
137.0 115.0
204.0 84.0
204.0 72.0
69.0 143.0
178.0 54.0
28.0 232.0
125.0 39.0
237.0 39.0
241.0 194.0
233.0 241.0
200.0 69.0
160.0 227.0
63.0 203.0
177.0 169.0
172.0 236.0
165.0 211.0
181.0 163.0
33.0 14.0
225.0 140.0
18.0 35.0
50.0 153.0
230.0 202.0
215.0 57.0
183.0 174.0
46.0 144.0
181.0 22.0
109.0 199.0
192.0 145.0
235.0 14.0
194.0 89.0
251.0 188.0
252.0 5.0
53.0 123.0
185.0 21.0
93.0 103.0
218.0 107.0
247.0 22.0
72.0 161.0
17.0 20.0
55.0 194.0
210.0 201.0
205.0 240.0
89.0 114.0
162.0 24.0
90.0 224.0
238.0 91.0
176.0 252.0
190.0 98.0
54.0 169.0
58.0 61.0
245.0 159.0
220.0 149.0
45.0 189.0
116.0 216.0
18.0 69.0
180.0 236.0
213.0 130.0
82.0 246.0
68.0 184.0
137.0 95.0
105.0 40.0
170.0 173.0
5.0 140.0
53.0 115.0
254.0 198.0
19.0 236.0
122.0 30.0
189.0 59.0
22.0 65.0
232.0 102.0
117.0 159.0
217.0 145.0
118.0 250.0
242.0 246.0
28.0 146.0
223.0 147.0
113.0 125.0
94.0 159.0
6.0 217.0
170.0 95.0
105.0 241.0
23.0 204.0
29.0 119.0
10.0 242.0
167.0 122.0
215.0 88.0
222.0 224.0
253.0 134.0
170.0 95.0
124.0 213.0
118.0 246.0
171.0 191.0
146.0 38.0
203.0 119.0
250.0 154.0
228.0 158.0
39.0 134.0
200.0 103.0
228.0 189.0
140.0 47.0
214.0 38.0
126.0 152.0
104.0 91.0
159.0 206.0
135.0 87.0
16.0 44.0
240.0 172.0
226.0 134.0
50.0 129.0
136.0 34.0
233.0 97.0
115.0 167.0
66.0 167.0
218.0 206.0
46.0 14.0
199.0 167.0
10.0 130.0
146.0 132.0
245.0 144.0
184.0 65.0
172.0 187.0
174.0 241.0
171.0 207.0
227.0 183.0
73.0 214.0
81.0 213.0
200.0 85.0
37.0 143.0
135.0 18.0
126.0 87.0
223.0 55.0
87.0 47.0
109.0 252.0
178.0 153.0
193.0 234.0
71.0 24.0
164.0 76.0
155.0 61.0
142.0 143.0
218.0 9.0
220.0 231.0
122.0 199.0
23.0 206.0
102.0 174.0
220.0 152.0
209.0 38.0
16.0 107.0
70.0 70.0
124.0 220.0
205.0 33.0
161.0 108.0
139.0 177.0
81.0 44.0
187.0 184.0
206.0 206.0
31.0 173.0
114.0 163.0
92.0 182.0
34.0 17.0
189.0 86.0
189.0 244.0
93.0 238.0
48.0 229.0
145.0 196.0
78.0 221.0
123.0 198.0
131.0 46.0
152.0 62.0
87.0 188.0
250.0 128.0
85.0 200.0
159.0 22.0
83.0 193.0
180.0 179.0
140.0 201.0
29.0 102.0
145.0 85.0
86.0 146.0
161.0 150.0
133.0 147.0
8.0 231.0
118.0 96.0
200.0 54.0
167.0 68.0
124.0 41.0
204.0 164.0
17.0 196.0
96.0 120.0
18.0 126.0
21.0 177.0
162.0 242.0
84.0 13.0
27.0 252.0
46.0 194.0
16.0 188.0
34.0 49.0
65.0 171.0
247.0 114.0
194.0 11.0
120.0 108.0
30.0 12.0
108.0 231.0
116.0 171.0
184.0 151.0
232.0 51.0
58.0 68.0
192.0 83.0
120.0 85.0
218.0 22.0
213.0 180.0
201.0 156.0
129.0 124.0
119.0 81.0
48.0 244.0
253.0 86.0
203.0 28.0
134.0 36.0
103.0 89.0
210.0 197.0
226.0 88.0
49.0 245.0
139.0 41.0
200.0 36.0
76.0 219.0
141.0 34.0
81.0 190.0
71.0 38.0
79.0 79.0
100.0 29.0
140.0 236.0
194.0 154.0
191.0 26.0
103.0 244.0
240.0 252.0
211.0 79.0
82.0 104.0
164.0 102.0
120.0 13.0
129.0 208.0
165.0 132.0
114.0 201.0
233.0 9.0
112.0 142.0
26.0 31.0
114.0 24.0
81.0 24.0
113.0 207.0
65.0 55.0
55.0 130.0
99.0 137.0
202.0 44.0
17.0 244.0
241.0 42.0
215.0 38.0
246.0 144.0
214.0 250.0
200.0 133.0
195.0 41.0
32.0 15.0
201.0 170.0
35.0 181.0
206.0 135.0
225.0 31.0
95.0 250.0
148.0 201.0
129.0 229.0
44.0 135.0
60.0 75.0
12.0 169.0
99.0 220.0
249.0 21.0
29.0 142.0
57.0 34.0
54.0 216.0
119.0 120.0
18.0 179.0
107.0 141.0
239.0 100.0
234.0 93.0
204.0 87.0
193.0 160.0
250.0 10.0
227.0 140.0
104.0 111.0
137.0 193.0
9.0 126.0
111.0 31.0
238.0 168.0
44.0 138.0
35.0 158.0
92.0 230.0
181.0 137.0
55.0 220.0
144.0 129.0
167.0 232.0
67.0 42.0
246.0 55.0
214.0 101.0
220.0 241.0
247.0 227.0
48.0 89.0
96.0 202.0
194.0 69.0
147.0 153.0
68.0 104.0
119.0 99.0
199.0 112.0
30.0 185.0
170.0 95.0
224.0 12.0
229.0 64.0
209.0 15.0
216.0 202.0
192.0 196.0
79.0 198.0
160.0 68.0
55.0 14.0
26.0 190.0
82.0 133.0
88.0 45.0
189.0 191.0
140.0 36.0
72.0 175.0
148.0 197.0
178.0 196.0
218.0 38.0
173.0 137.0
108.0 232.0
212.0 92.0
143.0 209.0
41.0 243.0
178.0 214.0
194.0 221.0
83.0 33.0
202.0 244.0
26.0 87.0
219.0 169.0
138.0 162.0
78.0 145.0
210.0 194.0
76.0 133.0
166.0 162.0
119.0 110.0
49.0 176.0
148.0 65.0
152.0 202.0
124.0 254.0
152.0 97.0
78.0 219.0
16.0 51.0
158.0 110.0
155.0 217.0
72.0 233.0
209.0 15.0
167.0 219.0
86.0 247.0
246.0 109.0
246.0 167.0
186.0 154.0
225.0 230.0
97.0 212.0
36.0 41.0
240.0 170.0
58.0 161.0
253.0 191.0
147.0 92.0
101.0 38.0
249.0 247.0
123.0 170.0
103.0 139.0
233.0 241.0
190.0 153.0
49.0 79.0
130.0 81.0
74.0 128.0
81.0 106.0
130.0 49.0
196.0 63.0
32.0 154.0
88.0 32.0
52.0 160.0
218.0 209.0
64.0 97.0
19.0 24.0
51.0 9.0
83.0 16.0
203.0 110.0
82.0 92.0
181.0 173.0
97.0 77.0
177.0 229.0
179.0 11.0
188.0 175.0
220.0 241.0
241.0 251.0
10.0 176.0
182.0 145.0
245.0 65.0
74.0 34.0
210.0 82.0
198.0 211.0
24.0 212.0
148.0 185.0
76.0 44.0
22.0 96.0
114.0 161.0
181.0 174.0
40.0 44.0
159.0 193.0
226.0 94.0
43.0 63.0
13.0 67.0
94.0 83.0
117.0 100.0
245.0 195.0
207.0 73.0
163.0 59.0
10.0 54.0
127.0 220.0
75.0 208.0
237.0 54.0
201.0 65.0
158.0 92.0
246.0 130.0
5.0 111.0
229.0 107.0
161.0 149.0
67.0 97.0
69.0 245.0
203.0 197.0
138.0 169.0
135.0 169.0
160.0 82.0
190.0 35.0
50.0 9.0
198.0 150.0
132.0 164.0
36.0 172.0
180.0 209.0
50.0 170.0
94.0 20.0
229.0 133.0
210.0 207.0
14.0 248.0
85.0 135.0
193.0 93.0
110.0 226.0
201.0 232.0
115.0 222.0
128.0 236.0
16.0 55.0
109.0 237.0
246.0 124.0
43.0 179.0
162.0 254.0
211.0 215.0
59.0 251.0
68.0 81.0
50.0 221.0
178.0 244.0
153.0 172.0
211.0 43.0
162.0 218.0
65.0 224.0
21.0 242.0
160.0 227.0
172.0 246.0
123.0 39.0
216.0 112.0
6.0 256.0
221.0 115.0
116.0 120.0
153.0 41.0
32.0 46.0
143.0 135.0
214.0 227.0
175.0 99.0
163.0 237.0
44.0 243.0
170.0 125.0
33.0 144.0
233.0 253.0
67.0 248.0
73.0 242.0
119.0 217.0
164.0 210.0
14.0 16.0
114.0 216.0
92.0 198.0
200.0 11.0
149.0 13.0
211.0 163.0
55.0 135.0
87.0 212.0
106.0 63.0
114.0 97.0
86.0 77.0
22.0 120.0
250.0 188.0
140.0 73.0
73.0 89.0
62.0 163.0
107.0 172.0
130.0 223.0
166.0 9.0
47.0 226.0
26.0 205.0
37.0 11.0
32.0 154.0
249.0 16.0
150.0 15.0
237.0 142.0
226.0 13.0
20.0 135.0
117.0 57.0
220.0 201.0
94.0 113.0
157.0 198.0
65.0 208.0
9.0 156.0
81.0 164.0
49.0 149.0
137.0 12.0
195.0 130.0
47.0 97.0
7.0 126.0
32.0 176.0
221.0 25.0
218.0 149.0
140.0 5.0
17.0 129.0
15.0 158.0
196.0 73.0
168.0 30.0
54.0 72.0
117.0 6.0
73.0 159.0
27.0 93.0
101.0 96.0
183.0 207.0
84.0 127.0
154.0 100.0
253.0 27.0
213.0 183.0
162.0 75.0
78.0 5.0
110.0 122.0
146.0 255.0
243.0 59.0
176.0 174.0
201.0 198.0
202.0 133.0
246.0 220.0
254.0 147.0
137.0 146.0
78.0 152.0
37.0 52.0
21.0 7.0
86.0 125.0
145.0 134.0
72.0 190.0
147.0 145.0
208.0 114.0
244.0 239.0
46.0 135.0
227.0 100.0
183.0 172.0
234.0 199.0
179.0 215.0
56.0 89.0
174.0 47.0
153.0 33.0
36.0 231.0
82.0 82.0
147.0 250.0
112.0 157.0
246.0 117.0
147.0 74.0
134.0 206.0
57.0 217.0
219.0 253.0
182.0 163.0
91.0 140.0
16.0 68.0
31.0 60.0
164.0 53.0
201.0 36.0
222.0 217.0
76.0 253.0
48.0 143.0
16.0 83.0
213.0 183.0
103.0 114.0
205.0 11.0
63.0 190.0
51.0 59.0
26.0 166.0
68.0 246.0
21.0 230.0
26.0 227.0
142.0 143.0
63.0 190.0
115.0 118.0
237.0 57.0
102.0 81.0
226.0 250.0
90.0 115.0
147.0 232.0
47.0 237.0
124.0 142.0
140.0 207.0
8.0 67.0
244.0 97.0
184.0 192.0
186.0 214.0
29.0 202.0
126.0 228.0
91.0 78.0
76.0 237.0
152.0 41.0
113.0 231.0
121.0 124.0
166.0 60.0
77.0 64.0
62.0 5.0
248.0 43.0
68.0 163.0
134.0 145.0
247.0 146.0
199.0 205.0
254.0 169.0
167.0 217.0
233.0 138.0
53.0 142.0
107.0 183.0
12.0 207.0
16.0 181.0
29.0 65.0
66.0 28.0
218.0 96.0
63.0 70.0
49.0 92.0
214.0 143.0
158.0 201.0
128.0 207.0
251.0 26.0
216.0 145.0
76.0 105.0
198.0 139.0
59.0 72.0
198.0 253.0
60.0 68.0
229.0 32.0
145.0 104.0
222.0 173.0
207.0 64.0
250.0 125.0
235.0 138.0
215.0 83.0
176.0 75.0
31.0 131.0
62.0 89.0
226.0 75.0
221.0 239.0
91.0 139.0
131.0 224.0
151.0 177.0
94.0 12.0
28.0 179.0
170.0 179.0
31.0 122.0
182.0 188.0
212.0 65.0
109.0 159.0
66.0 171.0
16.0 185.0
12.0 146.0
16.0 184.0
202.0 189.0
5.0 170.0
159.0 68.0
55.0 43.0
188.0 22.0
54.0 225.0
152.0 216.0
144.0 39.0
215.0 127.0
150.0 96.0
19.0 160.0
154.0 169.0
239.0 15.0
81.0 211.0
140.0 11.0
32.0 127.0
185.0 183.0
129.0 65.0
203.0 71.0
230.0 234.0
55.0 109.0
143.0 104.0
153.0 115.0
72.0 168.0
157.0 242.0
84.0 217.0
83.0 211.0
149.0 151.0
29.0 66.0
198.0 246.0
105.0 189.0
153.0 172.0
190.0 131.0
175.0 109.0
149.0 153.0
25.0 155.0
111.0 175.0
157.0 167.0
252.0 122.0
7.0 195.0
21.0 227.0
22.0 213.0
9.0 219.0
12.0 209.0
139.0 18.0
233.0 213.0
57.0 6.0
160.0 171.0
44.0 145.0
222.0 168.0
176.0 99.0
125.0 252.0
197.0 46.0
109.0 223.0
179.0 179.0
159.0 50.0
87.0 214.0
171.0 140.0
193.0 48.0
157.0 231.0
63.0 234.0
173.0 33.0
212.0 68.0
155.0 245.0
7.0 46.0
195.0 213.0
46.0 142.0
134.0 215.0
218.0 38.0
60.0 31.0
37.0 97.0
246.0 146.0
112.0 127.0
8.0 108.0
170.0 89.0
93.0 58.0
156.0 156.0
245.0 33.0
208.0 168.0
180.0 192.0
115.0 19.0
214.0 217.0
226.0 120.0
175.0 136.0
14.0 129.0
231.0 215.0
154.0 202.0
91.0 20.0
183.0 84.0
131.0 191.0
227.0 173.0
22.0 142.0
7.0 216.0
9.0 112.0
202.0 217.0
60.0 154.0
24.0 40.0
191.0 87.0
215.0 147.0
248.0 185.0
196.0 120.0
109.0 179.0
165.0 13.0
234.0 22.0
57.0 76.0
118.0 101.0
243.0 232.0
203.0 220.0
35.0 249.0
207.0 160.0
227.0 133.0
8.0 31.0
122.0 28.0
198.0 75.0
175.0 23.0
78.0 17.0
9.0 53.0
39.0 25.0
144.0 154.0
24.0 209.0
26.0 120.0
108.0 101.0
47.0 222.0
40.0 216.0
78.0 167.0
127.0 217.0
32.0 28.0
222.0 143.0
130.0 12.0
47.0 174.0
254.0 147.0
208.0 183.0
174.0 123.0
78.0 210.0
179.0 12.0
221.0 15.0
14.0 172.0
181.0 159.0
21.0 33.0
182.0 168.0
17.0 118.0
187.0 134.0
201.0 112.0
242.0 150.0
196.0 48.0
158.0 60.0
210.0 183.0
116.0 50.0
249.0 90.0
101.0 211.0
238.0 153.0
105.0 174.0
173.0 55.0
183.0 121.0
191.0 144.0
142.0 127.0
112.0 138.0
51.0 245.0
237.0 106.0
46.0 205.0
7.0 131.0
152.0 229.0
248.0 225.0
58.0 218.0
220.0 196.0
148.0 192.0
15.0 248.0
69.0 121.0
241.0 106.0
98.0 124.0
91.0 54.0
131.0 88.0
106.0 83.0
228.0 29.0
174.0 155.0
155.0 131.0
126.0 115.0
207.0 183.0
130.0 213.0
167.0 174.0
111.0 73.0
29.0 174.0
34.0 215.0
230.0 165.0
143.0 101.0
139.0 9.0
109.0 178.0
170.0 138.0
76.0 40.0
166.0 15.0
175.0 249.0
240.0 75.0
112.0 112.0
159.0 84.0
18.0 84.0
59.0 212.0
86.0 170.0
171.0 186.0
253.0 152.0
16.0 148.0
91.0 168.0
96.0 235.0
89.0 29.0
187.0 132.0
45.0 229.0
107.0 211.0
141.0 132.0
208.0 178.0
106.0 178.0
96.0 162.0
89.0 211.0
186.0 100.0
42.0 150.0
225.0 184.0
152.0 242.0
32.0 109.0
182.0 193.0
202.0 39.0
185.0 117.0
115.0 98.0
63.0 177.0
196.0 11.0
46.0 221.0
72.0 235.0
189.0 202.0
224.0 146.0
122.0 38.0
181.0 234.0
221.0 72.0
160.0 222.0
110.0 168.0
158.0 207.0
7.0 247.0
216.0 106.0
204.0 121.0
255.0 164.0
84.0 133.0
73.0 98.0
55.0 9.0
40.0 111.0
240.0 94.0
208.0 156.0
105.0 16.0
219.0 65.0
51.0 36.0
125.0 104.0
227.0 33.0
142.0 118.0
250.0 234.0
46.0 235.0
221.0 54.0
114.0 200.0
43.0 225.0
226.0 133.0
118.0 240.0
117.0 160.0
19.0 178.0
22.0 140.0
96.0 9.0
107.0 254.0
7.0 116.0
43.0 64.0
200.0 14.0
215.0 217.0
34.0 74.0
78.0 246.0
169.0 167.0
16.0 9.0
225.0 128.0
102.0 142.0
70.0 72.0
218.0 126.0
38.0 126.0
57.0 24.0
59.0 205.0
149.0 86.0
206.0 11.0
215.0 159.0
159.0 32.0
181.0 232.0
31.0 101.0
42.0 145.0
194.0 130.0
202.0 224.0
109.0 233.0
196.0 202.0
243.0 232.0
252.0 75.0
152.0 106.0
224.0 123.0
224.0 37.0
234.0 142.0
15.0 211.0
166.0 205.0
28.0 168.0
28.0 160.0
59.0 233.0
116.0 42.0
13.0 178.0
179.0 216.0
221.0 54.0
156.0 87.0
47.0 194.0
242.0 39.0
166.0 205.0
47.0 73.0
188.0 90.0
196.0 203.0
143.0 167.0
13.0 176.0
119.0 74.0
18.0 181.0
179.0 139.0
10.0 67.0
254.0 39.0
70.0 34.0
235.0 139.0
141.0 200.0
100.0 77.0
162.0 193.0
182.0 87.0
24.0 220.0
16.0 21.0
167.0 172.0
255.0 203.0
43.0 119.0
237.0 136.0
52.0 71.0
60.0 150.0
89.0 26.0
66.0 90.0
224.0 40.0
74.0 249.0
166.0 224.0
51.0 75.0
48.0 27.0
205.0 161.0
215.0 59.0
90.0 220.0
170.0 237.0
60.0 172.0
82.0 83.0
40.0 140.0
9.0 124.0
63.0 172.0
213.0 69.0
221.0 21.0
54.0 91.0
14.0 254.0
204.0 37.0
202.0 110.0
90.0 233.0
233.0 249.0
110.0 130.0
220.0 226.0
229.0 23.0
176.0 130.0
93.0 10.0
121.0 188.0
111.0 48.0
113.0 102.0
83.0 109.0
208.0 12.0
154.0 199.0
36.0 58.0
44.0 131.0
99.0 250.0
246.0 149.0
132.0 242.0
225.0 190.0
229.0 136.0
218.0 28.0
220.0 248.0
23.0 170.0
125.0 108.0
10.0 152.0
30.0 239.0
108.0 224.0
93.0 123.0
142.0 192.0
174.0 13.0
133.0 27.0
137.0 123.0
81.0 152.0
211.0 17.0
192.0 125.0
68.0 27.0
203.0 16.0
168.0 221.0
160.0 58.0
101.0 117.0
150.0 239.0
144.0 208.0
248.0 87.0
114.0 233.0
254.0 132.0
115.0 76.0
181.0 182.0
163.0 85.0
128.0 79.0
90.0 99.0
130.0 118.0
170.0 110.0
64.0 200.0
200.0 190.0
230.0 76.0
95.0 243.0
116.0 40.0
139.0 107.0
108.0 119.0
36.0 187.0
217.0 224.0
60.0 234.0
20.0 161.0
75.0 120.0
236.0 149.0
50.0 86.0
232.0 52.0
35.0 159.0
80.0 137.0
57.0 147.0
251.0 176.0
6.0 227.0
233.0 107.0
163.0 188.0
54.0 150.0
4.0 216.0
78.0 235.0
69.0 157.0
196.0 43.0
172.0 23.0
168.0 113.0
128.0 47.0
123.0 193.0
100.0 156.0
33.0 153.0
137.0 108.0
135.0 47.0
185.0 204.0
167.0 248.0
174.0 10.0
61.0 99.0
144.0 102.0
68.0 157.0
153.0 113.0
72.0 93.0
13.0 53.0
214.0 179.0
222.0 197.0
206.0 83.0
72.0 226.0
68.0 8.0
106.0 16.0
35.0 9.0
45.0 99.0
35.0 171.0
38.0 107.0
53.0 120.0
156.0 93.0
205.0 121.0
151.0 148.0
182.0 170.0
6.0 96.0
25.0 167.0
198.0 56.0
20.0 219.0
56.0 29.0
33.0 58.0
238.0 173.0
208.0 186.0
149.0 51.0
245.0 165.0
138.0 155.0
19.0 23.0
181.0 62.0
132.0 61.0
54.0 225.0
86.0 145.0
27.0 85.0
230.0 182.0
232.0 119.0
91.0 209.0
124.0 190.0
86.0 166.0
23.0 131.0
101.0 174.0
74.0 77.0
109.0 255.0
221.0 129.0
109.0 199.0
138.0 179.0
239.0 123.0
123.0 160.0
212.0 61.0
252.0 158.0
34.0 23.0
167.0 12.0
29.0 193.0
194.0 211.0
50.0 120.0
19.0 124.0
216.0 197.0
5.0 233.0
179.0 115.0
252.0 224.0
231.0 13.0
85.0 63.0
243.0 86.0
239.0 21.0
219.0 56.0
26.0 83.0
55.0 100.0
114.0 158.0
132.0 247.0
112.0 126.0
14.0 43.0
198.0 230.0
199.0 25.0
89.0 30.0
119.0 243.0
14.0 12.0
160.0 232.0
67.0 210.0
60.0 26.0
246.0 50.0
90.0 13.0
200.0 156.0
206.0 91.0
53.0 201.0
238.0 62.0
25.0 178.0
172.0 64.0
59.0 22.0
209.0 139.0
40.0 93.0
38.0 108.0
209.0 115.0
135.0 193.0
217.0 145.0
137.0 225.0
64.0 77.0
232.0 234.0
245.0 124.0
15.0 118.0
186.0 155.0
77.0 90.0
204.0 225.0
193.0 224.0
214.0 246.0
249.0 144.0
231.0 86.0
101.0 76.0
64.0 113.0
215.0 201.0
108.0 97.0
71.0 89.0
34.0 180.0
92.0 105.0
96.0 105.0
246.0 146.0
33.0 80.0
122.0 223.0
173.0 150.0
64.0 146.0
254.0 233.0
31.0 178.0
58.0 117.0
134.0 79.0
173.0 204.0
124.0 207.0
111.0 154.0
196.0 61.0
12.0 105.0
237.0 252.0
251.0 237.0
242.0 165.0
45.0 233.0
188.0 200.0
43.0 35.0
183.0 195.0
92.0 55.0
79.0 90.0
30.0 152.0
211.0 6.0
110.0 132.0
109.0 216.0
230.0 180.0
199.0 30.0
242.0 170.0
226.0 215.0
136.0 108.0
30.0 86.0
195.0 254.0
35.0 19.0
122.0 70.0
228.0 146.0
64.0 196.0
68.0 86.0
130.0 187.0
25.0 150.0
25.0 87.0
35.0 206.0
223.0 229.0
208.0 11.0
189.0 189.0
195.0 101.0
187.0 160.0
174.0 168.0
79.0 53.0
228.0 113.0
14.0 219.0
247.0 94.0
39.0 216.0
190.0 155.0
160.0 150.0
221.0 90.0
242.0 124.0
243.0 33.0
191.0 214.0
150.0 37.0
142.0 135.0
227.0 12.0
223.0 103.0
119.0 177.0
27.0 246.0
221.0 245.0
219.0 131.0
11.0 123.0
9.0 164.0
244.0 233.0
93.0 78.0
10.0 129.0
116.0 79.0
147.0 105.0
185.0 66.0
107.0 86.0
78.0 45.0
176.0 191.0
28.0 86.0
51.0 50.0
199.0 56.0
229.0 191.0
236.0 55.0
117.0 213.0
203.0 238.0
244.0 110.0
180.0 19.0
19.0 194.0
137.0 234.0
93.0 36.0
54.0 144.0
153.0 253.0
247.0 196.0
54.0 204.0
216.0 104.0
250.0 58.0
183.0 234.0
56.0 142.0
168.0 7.0
88.0 161.0
177.0 204.0
22.0 101.0
48.0 205.0
136.0 5.0
20.0 223.0
193.0 75.0
51.0 156.0
222.0 139.0
35.0 14.0
99.0 95.0
79.0 165.0
177.0 225.0
105.0 220.0
224.0 121.0
63.0 181.0
233.0 239.0
173.0 63.0
70.0 204.0
50.0 218.0
115.0 240.0
72.0 207.0
202.0 250.0
179.0 75.0
206.0 41.0
69.0 233.0
150.0 46.0
180.0 206.0
96.0 235.0
221.0 57.0
48.0 148.0
32.0 113.0
229.0 119.0
216.0 200.0
157.0 21.0
119.0 136.0
186.0 196.0
31.0 28.0
98.0 51.0
45.0 43.0
43.0 104.0
53.0 69.0
236.0 57.0
220.0 254.0
159.0 105.0
26.0 57.0
9.0 157.0
87.0 97.0
248.0 21.0
220.0 73.0
161.0 167.0
117.0 223.0
139.0 208.0
172.0 132.0
193.0 84.0
217.0 47.0
87.0 230.0
130.0 122.0
182.0 85.0
126.0 90.0
13.0 90.0
104.0 213.0
91.0 154.0
243.0 98.0
36.0 138.0
89.0 104.0
193.0 186.0
193.0 75.0
190.0 57.0
158.0 225.0
233.0 231.0
69.0 71.0
199.0 6.0
240.0 54.0
211.0 234.0
164.0 164.0
154.0 99.0
226.0 114.0
138.0 133.0
129.0 166.0
29.0 49.0
63.0 100.0
177.0 211.0
123.0 33.0
83.0 139.0
147.0 199.0
252.0 79.0
129.0 22.0
101.0 108.0
199.0 242.0
45.0 156.0
28.0 13.0
30.0 117.0
204.0 109.0
212.0 244.0
84.0 102.0
198.0 131.0
73.0 176.0
217.0 133.0
174.0 118.0
178.0 126.0
136.0 25.0
168.0 72.0
192.0 135.0
224.0 216.0
84.0 199.0
7.0 210.0
204.0 164.0
135.0 109.0
248.0 222.0
179.0 201.0
6.0 116.0
154.0 221.0
100.0 160.0
190.0 19.0
198.0 165.0
64.0 128.0
65.0 190.0
141.0 171.0
166.0 139.0
69.0 180.0
48.0 234.0
116.0 139.0
62.0 63.0
115.0 187.0
54.0 61.0
72.0 204.0
204.0 253.0
245.0 37.0
12.0 253.0
103.0 17.0
233.0 14.0
161.0 118.0
167.0 99.0
168.0 38.0
163.0 175.0
50.0 187.0
198.0 112.0
198.0 225.0
210.0 230.0
120.0 32.0
171.0 243.0
195.0 92.0
9.0 37.0
163.0 85.0
175.0 207.0
192.0 18.0
116.0 151.0
64.0 82.0
73.0 238.0
192.0 177.0
126.0 204.0
98.0 167.0
192.0 228.0
240.0 206.0
104.0 168.0
157.0 42.0
89.0 48.0
219.0 18.0
114.0 159.0
40.0 74.0
56.0 228.0
21.0 84.0
62.0 147.0
153.0 190.0
170.0 98.0
195.0 109.0
153.0 185.0
11.0 212.0
78.0 21.0
223.0 190.0
133.0 42.0
191.0 12.0
105.0 83.0
27.0 106.0
178.0 126.0
58.0 88.0
68.0 142.0
86.0 103.0
41.0 47.0
185.0 212.0
182.0 73.0
58.0 45.0
113.0 210.0
59.0 245.0
156.0 121.0
248.0 71.0
237.0 78.0
240.0 40.0
157.0 204.0
80.0 120.0
178.0 176.0
38.0 238.0
175.0 62.0
170.0 199.0
112.0 50.0
156.0 176.0
39.0 145.0
158.0 27.0
248.0 208.0
85.0 178.0
86.0 38.0
119.0 188.0
252.0 236.0
232.0 189.0
189.0 171.0
8.0 122.0
24.0 198.0
55.0 85.0
