1
2048 1 3.0 0.0 1000.0 3 160 240 100

6.5 13.5 29.3 58.5
13.0 27.0 58.5 117.0
19.5 40.5 87.8 175.5
26.0 54.0 117.0 234.0
39.0 81.0 175.5 351.0
52.0 108.0 234.0 468.0
58.5 121.5 263.3 526.5
65.0 135.0 292.5 585.0
78.0 162.0 351.0 702.0
0.0 180.0 390.0 780.0

2.0 5.0 8.0 11.0
5.0 8.0 11.0 14.0
9.0 12.0 15.0 18.0
11.0 14.0 17.0 20.0
15.0 18.0 21.0 24.0
18.0 21.0 24.0 27.0
20.0 23.0 26.0 29.0
25.0 28.0 31.0 34.0
29.0 32.0 35.0 38.0
0.0 34.0 37.0 40.0

71.0 54.0
220.0 53.0
226.0 35.0
64.0 248.0
44.0 20.0
167.0 155.0
168.0 28.0
194.0 234.0
35.0 149.0
220.0 80.0
222.0 3.0
106.0 20.0
105.0 96.0
124.0 71.0
43.0 204.0
181.0 45.0
50.0 225.0
33.0 155.0
47.0 4.0
223.0 13.0
43.0 202.0
245.0 22.0
199.0 85.0
53.0 178.0
244.0 178.0
47.0 136.0
89.0 34.0
16.0 202.0
230.0 193.0
55.0 228.0
141.0 206.0
54.0 185.0
147.0 166.0
162.0 31.0
96.0 249.0
191.0 12.0
185.0 98.0
231.0 141.0
143.0 150.0
83.0 130.0
11.0 129.0
146.0 121.0
68.0 190.0
237.0 139.0
46.0 43.0
111.0 229.0
48.0 174.0
33.0 66.0
184.0 126.0
51.0 143.0
216.0 66.0
175.0 193.0
106.0 238.0
16.0 61.0
126.0 152.0
192.0 81.0
50.0 223.0
190.0 39.0
228.0 105.0
116.0 142.0
158.0 37.0
140.0 214.0
3.0 82.0
209.0 155.0
38.0 211.0
184.0 14.0
102.0 217.0
126.0 83.0
155.0 44.0
244.0 242.0
147.0 152.0
117.0 81.0
182.0 118.0
65.0 161.0
40.0 214.0
166.0 61.0
182.0 46.0
171.0 197.0
171.0 122.0
176.0 191.0
1.0 48.0
191.0 142.0
152.0 100.0
84.0 208.0
240.0 0.0
166.0 226.0
189.0 14.0
23.0 156.0
189.0 73.0
229.0 190.0
229.0 168.0
171.0 197.0
93.0 85.0
15.0 224.0
249.0 119.0
137.0 90.0
122.0 195.0
195.0 164.0
71.0 160.0
37.0 0.0
180.0 66.0
241.0 48.0
65.0 65.0
113.0 220.0
168.0 114.0
59.0 176.0
130.0 247.0
36.0 219.0
82.0 224.0
115.0 45.0
67.0 194.0
3.0 116.0
68.0 61.0
165.0 21.0
220.0 56.0
19.0 218.0
60.0 90.0
234.0 146.0
18.0 9.0
220.0 238.0
127.0 195.0
206.0 180.0
33.0 27.0
136.0 78.0
152.0 4.0
151.0 20.0
185.0 176.0
246.0 41.0
217.0 63.0
19.0 122.0
220.0 70.0
211.0 108.0
79.0 223.0
75.0 35.0
79.0 94.0
165.0 144.0
92.0 117.0
192.0 186.0
38.0 41.0
172.0 170.0
222.0 102.0
136.0 41.0
1.0 22.0
247.0 62.0
16.0 48.0
224.0 6.0
53.0 27.0
46.0 67.0
153.0 83.0
204.0 209.0
162.0 24.0
105.0 0.0
205.0 185.0
15.0 18.0
159.0 196.0
19.0 247.0
232.0 244.0
26.0 188.0
100.0 223.0
154.0 211.0
79.0 201.0
148.0 10.0
161.0 206.0
55.0 60.0
17.0 168.0
175.0 66.0
171.0 121.0
139.0 164.0
78.0 131.0
1.0 1.0
168.0 182.0
79.0 88.0
237.0 117.0
62.0 152.0
101.0 226.0
227.0 25.0
40.0 210.0
160.0 177.0
51.0 2.0
223.0 31.0
74.0 23.0
8.0 64.0
97.0 245.0
153.0 203.0
142.0 18.0
153.0 130.0
207.0 144.0
133.0 158.0
15.0 38.0
130.0 139.0
18.0 92.0
192.0 205.0
153.0 184.0
236.0 177.0
145.0 96.0
90.0 69.0
2.0 152.0
39.0 140.0
121.0 203.0
178.0 55.0
0.0 163.0
4.0 227.0
128.0 86.0
193.0 21.0
166.0 114.0
105.0 43.0
103.0 165.0
97.0 30.0
146.0 63.0
55.0 217.0
131.0 113.0
102.0 69.0
100.0 180.0
24.0 122.0
219.0 162.0
237.0 198.0
31.0 45.0
219.0 110.0
105.0 46.0
100.0 10.0
214.0 157.0
209.0 106.0
202.0 230.0
155.0 27.0
72.0 32.0
104.0 205.0
66.0 39.0
211.0 152.0
140.0 22.0
237.0 142.0
7.0 69.0
199.0 57.0
235.0 224.0
196.0 7.0
229.0 0.0
131.0 135.0
208.0 98.0
109.0 79.0
105.0 183.0
102.0 128.0
158.0 187.0
30.0 165.0
226.0 134.0
228.0 73.0
224.0 43.0
75.0 54.0
99.0 61.0
129.0 175.0
92.0 248.0
167.0 218.0
113.0 34.0
96.0 250.0
75.0 153.0
20.0 145.0
148.0 192.0
47.0 87.0
159.0 201.0
239.0 153.0
209.0 99.0
176.0 137.0
130.0 224.0
159.0 92.0
204.0 128.0
143.0 123.0
160.0 77.0
50.0 31.0
239.0 3.0
191.0 216.0
220.0 233.0
55.0 72.0
64.0 113.0
72.0 145.0
209.0 231.0
248.0 167.0
37.0 235.0
139.0 116.0
165.0 75.0
184.0 41.0
231.0 30.0
3.0 164.0
174.0 236.0
51.0 133.0
67.0 197.0
102.0 67.0
127.0 114.0
78.0 137.0
87.0 151.0
85.0 194.0
174.0 90.0
41.0 63.0
4.0 112.0
115.0 160.0
16.0 49.0
20.0 147.0
137.0 210.0
225.0 170.0
153.0 238.0
16.0 28.0
128.0 4.0
102.0 172.0
214.0 93.0
56.0 33.0
50.0 27.0
173.0 187.0
0.0 156.0
163.0 219.0
31.0 229.0
118.0 208.0
106.0 208.0
67.0 29.0
31.0 207.0
179.0 33.0
248.0 245.0
30.0 198.0
134.0 77.0
157.0 149.0
181.0 161.0
158.0 37.0
238.0 140.0
201.0 58.0
68.0 39.0
77.0 202.0
18.0 182.0
26.0 162.0
188.0 136.0
103.0 99.0
26.0 71.0
187.0 81.0
94.0 228.0
22.0 21.0
71.0 245.0
24.0 30.0
112.0 161.0
110.0 171.0
241.0 232.0
162.0 132.0
44.0 241.0
16.0 177.0
192.0 73.0
189.0 39.0
203.0 100.0
139.0 220.0
89.0 29.0
130.0 240.0
163.0 140.0
115.0 178.0
60.0 177.0
105.0 176.0
79.0 203.0
43.0 121.0
54.0 52.0
35.0 41.0
229.0 77.0
80.0 72.0
214.0 181.0
24.0 144.0
130.0 220.0
16.0 126.0
142.0 144.0
44.0 200.0
114.0 70.0
225.0 74.0
199.0 48.0
47.0 188.0
242.0 79.0
99.0 145.0
178.0 23.0
130.0 138.0
166.0 81.0
91.0 247.0
22.0 118.0
121.0 231.0
83.0 127.0
10.0 81.0
168.0 234.0
227.0 80.0
146.0 165.0
169.0 0.0
171.0 202.0
96.0 75.0
199.0 179.0
26.0 240.0
224.0 148.0
192.0 159.0
234.0 176.0
195.0 151.0
193.0 250.0
93.0 166.0
171.0 133.0
184.0 44.0
54.0 33.0
86.0 89.0
96.0 39.0
8.0 45.0
94.0 67.0
193.0 165.0
90.0 150.0
38.0 59.0
11.0 183.0
5.0 140.0
7.0 84.0
212.0 242.0
38.0 107.0
177.0 91.0
91.0 139.0
237.0 87.0
203.0 109.0
241.0 190.0
46.0 191.0
158.0 12.0
122.0 67.0
85.0 19.0
198.0 65.0
159.0 69.0
172.0 47.0
239.0 77.0
99.0 246.0
237.0 148.0
203.0 49.0
86.0 92.0
235.0 55.0
108.0 53.0
128.0 23.0
127.0 20.0
172.0 165.0
233.0 83.0
45.0 37.0
165.0 99.0
49.0 84.0
78.0 220.0
1.0 234.0
54.0 97.0
21.0 227.0
243.0 81.0
24.0 179.0
112.0 109.0
41.0 208.0
75.0 226.0
55.0 244.0
93.0 45.0
94.0 218.0
152.0 229.0
146.0 140.0
84.0 176.0
17.0 120.0
2.0 106.0
59.0 232.0
203.0 113.0
29.0 140.0
182.0 1.0
128.0 8.0
224.0 99.0
92.0 12.0
108.0 240.0
27.0 67.0
7.0 231.0
228.0 231.0
239.0 129.0
45.0 25.0
96.0 248.0
170.0 3.0
3.0 131.0
20.0 184.0
130.0 246.0
227.0 51.0
87.0 34.0
33.0 117.0
175.0 205.0
220.0 128.0
223.0 246.0
4.0 25.0
103.0 207.0
141.0 124.0
74.0 81.0
58.0 247.0
161.0 207.0
129.0 140.0
124.0 172.0
29.0 50.0
75.0 234.0
167.0 150.0
173.0 130.0
249.0 74.0
97.0 166.0
107.0 128.0
77.0 76.0
215.0 50.0
89.0 176.0
149.0 21.0
94.0 167.0
41.0 178.0
49.0 244.0
162.0 186.0
229.0 243.0
50.0 27.0
174.0 100.0
204.0 161.0
190.0 231.0
132.0 96.0
108.0 235.0
134.0 162.0
77.0 157.0
7.0 141.0
242.0 82.0
169.0 165.0
197.0 166.0
250.0 170.0
189.0 21.0
40.0 203.0
104.0 161.0
216.0 208.0
59.0 63.0
95.0 9.0
20.0 182.0
235.0 213.0
161.0 86.0
237.0 121.0
228.0 171.0
201.0 26.0
13.0 21.0
72.0 76.0
91.0 222.0
184.0 225.0
21.0 84.0
139.0 74.0
60.0 207.0
184.0 248.0
212.0 201.0
100.0 232.0
35.0 151.0
157.0 185.0
147.0 236.0
6.0 50.0
232.0 228.0
191.0 79.0
129.0 159.0
33.0 224.0
149.0 2.0
194.0 149.0
98.0 23.0
39.0 171.0
31.0 42.0
235.0 28.0
68.0 120.0
84.0 143.0
195.0 35.0
149.0 161.0
243.0 204.0
38.0 61.0
96.0 19.0
45.0 229.0
192.0 145.0
135.0 187.0
5.0 113.0
80.0 226.0
188.0 140.0
126.0 15.0
180.0 121.0
125.0 68.0
111.0 114.0
121.0 250.0
148.0 132.0
210.0 98.0
21.0 179.0
34.0 249.0
227.0 241.0
108.0 128.0
33.0 21.0
218.0 65.0
161.0 19.0
193.0 127.0
123.0 111.0
195.0 193.0
250.0 107.0
188.0 192.0
230.0 80.0
93.0 165.0
87.0 47.0
195.0 172.0
39.0 178.0
158.0 109.0
38.0 1.0
103.0 64.0
63.0 143.0
229.0 149.0
85.0 201.0
38.0 74.0
156.0 151.0
52.0 19.0
161.0 33.0
188.0 194.0
71.0 183.0
42.0 20.0
95.0 114.0
160.0 192.0
203.0 217.0
132.0 192.0
48.0 238.0
233.0 125.0
124.0 89.0
80.0 78.0
66.0 70.0
126.0 5.0
56.0 179.0
113.0 200.0
118.0 221.0
165.0 247.0
135.0 19.0
22.0 131.0
1.0 55.0
219.0 18.0
110.0 220.0
91.0 28.0
233.0 132.0
31.0 114.0
90.0 75.0
243.0 10.0
60.0 137.0
74.0 240.0
213.0 229.0
7.0 2.0
206.0 189.0
46.0 73.0
132.0 29.0
199.0 161.0
230.0 145.0
142.0 219.0
158.0 186.0
185.0 31.0
128.0 22.0
213.0 209.0
220.0 120.0
106.0 32.0
49.0 171.0
205.0 141.0
242.0 117.0
178.0 159.0
249.0 73.0
239.0 101.0
83.0 163.0
205.0 36.0
155.0 127.0
209.0 242.0
139.0 102.0
177.0 174.0
180.0 66.0
30.0 135.0
8.0 212.0
71.0 73.0
136.0 117.0
155.0 29.0
79.0 104.0
235.0 42.0
153.0 33.0
236.0 138.0
170.0 47.0
240.0 108.0
199.0 124.0
59.0 73.0
97.0 106.0
49.0 142.0
96.0 157.0
118.0 69.0
39.0 215.0
157.0 73.0
150.0 7.0
219.0 98.0
87.0 60.0
57.0 70.0
17.0 174.0
218.0 25.0
89.0 141.0
170.0 68.0
185.0 58.0
44.0 153.0
175.0 153.0
100.0 3.0
201.0 90.0
102.0 60.0
82.0 42.0
104.0 141.0
247.0 127.0
205.0 78.0
153.0 128.0
141.0 126.0
225.0 207.0
153.0 60.0
149.0 160.0
131.0 113.0
189.0 57.0
81.0 42.0
221.0 178.0
50.0 121.0
30.0 220.0
193.0 191.0
199.0 61.0
220.0 226.0
10.0 180.0
36.0 147.0
47.0 139.0
202.0 219.0
55.0 112.0
149.0 153.0
128.0 234.0
131.0 105.0
141.0 126.0
248.0 82.0
137.0 10.0
139.0 67.0
188.0 129.0
46.0 245.0
96.0 15.0
237.0 24.0
54.0 198.0
101.0 101.0
16.0 24.0
33.0 150.0
27.0 54.0
54.0 247.0
119.0 70.0
149.0 241.0
177.0 54.0
143.0 60.0
228.0 37.0
231.0 37.0
200.0 44.0
105.0 115.0
219.0 184.0
159.0 145.0
123.0 209.0
105.0 13.0
139.0 230.0
96.0 175.0
5.0 45.0
61.0 230.0
137.0 122.0
241.0 213.0
238.0 86.0
232.0 126.0
60.0 118.0
167.0 13.0
107.0 245.0
209.0 223.0
112.0 47.0
116.0 31.0
197.0 149.0
175.0 148.0
179.0 133.0
131.0 170.0
49.0 111.0
56.0 97.0
217.0 1.0
135.0 125.0
177.0 81.0
199.0 202.0
57.0 1.0
110.0 180.0
75.0 229.0
193.0 179.0
15.0 200.0
214.0 112.0
87.0 30.0
204.0 129.0
183.0 203.0
4.0 43.0
17.0 205.0
221.0 116.0
17.0 140.0
91.0 153.0
106.0 176.0
52.0 151.0
101.0 231.0
153.0 88.0
243.0 132.0
237.0 200.0
216.0 17.0
138.0 227.0
43.0 97.0
212.0 98.0
85.0 167.0
59.0 151.0
166.0 119.0
135.0 243.0
169.0 208.0
244.0 212.0
249.0 205.0
220.0 188.0
140.0 70.0
170.0 65.0
73.0 132.0
220.0 21.0
154.0 65.0
2.0 35.0
101.0 247.0
190.0 133.0
56.0 175.0
223.0 211.0
3.0 149.0
129.0 32.0
130.0 23.0
213.0 122.0
42.0 110.0
156.0 45.0
32.0 158.0
162.0 133.0
204.0 123.0
72.0 59.0
19.0 19.0
201.0 179.0
187.0 195.0
205.0 161.0
107.0 211.0
102.0 216.0
137.0 13.0
132.0 55.0
37.0 220.0
195.0 17.0
238.0 103.0
190.0 133.0
154.0 178.0
117.0 174.0
53.0 122.0
124.0 80.0
103.0 73.0
14.0 202.0
218.0 132.0
249.0 121.0
190.0 9.0
85.0 101.0
130.0 7.0
24.0 61.0
51.0 158.0
75.0 12.0
6.0 85.0
131.0 210.0
246.0 19.0
103.0 89.0
168.0 187.0
207.0 108.0
155.0 108.0
204.0 209.0
202.0 143.0
96.0 130.0
50.0 217.0
199.0 151.0
102.0 178.0
243.0 143.0
219.0 92.0
20.0 118.0
33.0 54.0
116.0 43.0
19.0 191.0
126.0 215.0
76.0 80.0
12.0 94.0
228.0 106.0
120.0 30.0
92.0 122.0
147.0 145.0
74.0 60.0
203.0 172.0
77.0 232.0
129.0 149.0
66.0 82.0
85.0 154.0
126.0 24.0
210.0 72.0
3.0 239.0
228.0 241.0
137.0 179.0
182.0 77.0
35.0 59.0
47.0 139.0
138.0 181.0
36.0 128.0
148.0 8.0
198.0 148.0
89.0 199.0
30.0 102.0
202.0 159.0
65.0 160.0
61.0 190.0
16.0 71.0
149.0 157.0
92.0 117.0
146.0 145.0
168.0 101.0
46.0 137.0
63.0 62.0
234.0 72.0
228.0 211.0
2.0 183.0
221.0 164.0
31.0 100.0
151.0 107.0
173.0 236.0
91.0 67.0
191.0 85.0
15.0 70.0
181.0 53.0
138.0 222.0
183.0 87.0
82.0 125.0
93.0 104.0
133.0 47.0
24.0 92.0
127.0 109.0
68.0 30.0
104.0 61.0
9.0 107.0
161.0 18.0
60.0 29.0
239.0 104.0
41.0 1.0
178.0 11.0
199.0 60.0
130.0 29.0
215.0 221.0
47.0 191.0
221.0 228.0
216.0 222.0
3.0 5.0
168.0 34.0
75.0 225.0
68.0 105.0
188.0 211.0
35.0 104.0
83.0 212.0
128.0 216.0
161.0 150.0
60.0 167.0
28.0 3.0
25.0 13.0
198.0 40.0
45.0 84.0
39.0 196.0
114.0 13.0
116.0 201.0
177.0 109.0
157.0 96.0
81.0 150.0
154.0 133.0
167.0 210.0
203.0 88.0
18.0 226.0
230.0 80.0
157.0 53.0
71.0 64.0
76.0 73.0
180.0 221.0
27.0 2.0
69.0 29.0
75.0 58.0
113.0 111.0
220.0 34.0
199.0 29.0
205.0 54.0
4.0 240.0
211.0 175.0
220.0 1.0
169.0 2.0
156.0 85.0
2.0 92.0
159.0 190.0
179.0 191.0
149.0 48.0
5.0 212.0
105.0 247.0
144.0 120.0
147.0 125.0
200.0 246.0
192.0 141.0
199.0 88.0
204.0 206.0
190.0 239.0
129.0 250.0
187.0 118.0
178.0 125.0
23.0 29.0
157.0 15.0
233.0 95.0
138.0 68.0
160.0 222.0
56.0 30.0
15.0 0.0
130.0 248.0
216.0 87.0
85.0 185.0
123.0 107.0
191.0 182.0
94.0 216.0
219.0 0.0
128.0 20.0
215.0 234.0
139.0 93.0
58.0 20.0
234.0 179.0
73.0 11.0
192.0 190.0
51.0 135.0
130.0 205.0
80.0 22.0
160.0 217.0
134.0 220.0
185.0 206.0
221.0 204.0
231.0 151.0
173.0 203.0
98.0 188.0
223.0 188.0
114.0 165.0
94.0 196.0
128.0 161.0
128.0 198.0
171.0 90.0
44.0 60.0
34.0 105.0
225.0 188.0
70.0 27.0
3.0 25.0
98.0 143.0
224.0 110.0
84.0 237.0
176.0 5.0
107.0 52.0
41.0 170.0
161.0 188.0
78.0 210.0
167.0 249.0
76.0 212.0
138.0 127.0
160.0 203.0
226.0 106.0
104.0 96.0
230.0 53.0
120.0 9.0
175.0 245.0
152.0 203.0
153.0 230.0
8.0 164.0
166.0 158.0
245.0 179.0
36.0 83.0
12.0 70.0
6.0 57.0
139.0 56.0
208.0 146.0
50.0 36.0
9.0 58.0
169.0 125.0
23.0 143.0
25.0 130.0
188.0 76.0
84.0 167.0
68.0 109.0
151.0 213.0
145.0 75.0
0.0 198.0
149.0 163.0
188.0 34.0
54.0 18.0
90.0 72.0
171.0 54.0
240.0 7.0
92.0 168.0
136.0 90.0
33.0 115.0
223.0 54.0
212.0 103.0
77.0 228.0
179.0 246.0
142.0 125.0
119.0 67.0
163.0 108.0
159.0 47.0
36.0 31.0
80.0 45.0
105.0 100.0
92.0 227.0
236.0 215.0
192.0 171.0
87.0 166.0
146.0 179.0
33.0 74.0
233.0 105.0
14.0 70.0
168.0 66.0
167.0 225.0
222.0 3.0
128.0 100.0
78.0 73.0
229.0 72.0
61.0 201.0
115.0 147.0
166.0 180.0
122.0 67.0
136.0 236.0
71.0 40.0
150.0 95.0
193.0 21.0
245.0 91.0
210.0 0.0
143.0 211.0
171.0 105.0
249.0 21.0
186.0 92.0
123.0 214.0
33.0 161.0
36.0 107.0
157.0 48.0
66.0 224.0
166.0 194.0
211.0 136.0
207.0 87.0
90.0 89.0
210.0 178.0
106.0 212.0
12.0 111.0
242.0 205.0
206.0 40.0
6.0 193.0
122.0 140.0
64.0 240.0
158.0 214.0
204.0 110.0
225.0 130.0
48.0 136.0
165.0 117.0
18.0 159.0
33.0 25.0
115.0 17.0
213.0 196.0
133.0 176.0
151.0 193.0
237.0 120.0
30.0 150.0
162.0 189.0
66.0 104.0
81.0 136.0
112.0 221.0
29.0 195.0
123.0 128.0
49.0 73.0
53.0 158.0
71.0 23.0
109.0 82.0
84.0 30.0
51.0 7.0
212.0 164.0
90.0 154.0
133.0 236.0
214.0 63.0
102.0 192.0
97.0 61.0
113.0 9.0
51.0 158.0
91.0 153.0
64.0 98.0
40.0 232.0
250.0 107.0
150.0 40.0
120.0 164.0
166.0 235.0
147.0 236.0
141.0 238.0
131.0 176.0
18.0 207.0
239.0 83.0
27.0 58.0
92.0 220.0
208.0 9.0
128.0 155.0
184.0 237.0
25.0 81.0
129.0 16.0
11.0 132.0
153.0 29.0
227.0 12.0
188.0 115.0
100.0 121.0
238.0 12.0
14.0 137.0
170.0 229.0
100.0 98.0
57.0 236.0
81.0 86.0
125.0 239.0
102.0 157.0
174.0 85.0
97.0 16.0
162.0 199.0
33.0 198.0
195.0 233.0
163.0 122.0
245.0 187.0
38.0 170.0
190.0 63.0
18.0 18.0
151.0 195.0
157.0 1.0
79.0 179.0
95.0 121.0
190.0 172.0
179.0 91.0
95.0 129.0
85.0 157.0
71.0 90.0
51.0 228.0
214.0 230.0
96.0 154.0
41.0 167.0
214.0 78.0
155.0 94.0
62.0 71.0
167.0 119.0
235.0 100.0
104.0 5.0
20.0 166.0
141.0 62.0
123.0 26.0
4.0 10.0
113.0 234.0
232.0 196.0
195.0 17.0
67.0 99.0
218.0 102.0
249.0 139.0
112.0 143.0
113.0 99.0
61.0 235.0
161.0 43.0
228.0 32.0
114.0 168.0
197.0 94.0
235.0 109.0
104.0 90.0
78.0 242.0
220.0 119.0
61.0 135.0
86.0 149.0
137.0 81.0
105.0 203.0
109.0 212.0
50.0 178.0
216.0 29.0
22.0 43.0
174.0 204.0
199.0 178.0
165.0 117.0
23.0 233.0
95.0 125.0
47.0 134.0
222.0 126.0
219.0 238.0
118.0 54.0
193.0 156.0
180.0 247.0
67.0 103.0
29.0 190.0
25.0 175.0
144.0 202.0
147.0 43.0
186.0 197.0
234.0 77.0
242.0 210.0
57.0 28.0
65.0 197.0
238.0 146.0
166.0 166.0
43.0 239.0
208.0 40.0
178.0 187.0
181.0 162.0
247.0 21.0
190.0 233.0
74.0 219.0
205.0 222.0
187.0 209.0
227.0 142.0
38.0 91.0
103.0 132.0
115.0 201.0
60.0 97.0
173.0 161.0
69.0 230.0
98.0 151.0
234.0 33.0
6.0 169.0
202.0 44.0
223.0 163.0
142.0 21.0
115.0 154.0
181.0 138.0
43.0 106.0
222.0 93.0
45.0 65.0
138.0 53.0
128.0 169.0
169.0 205.0
159.0 184.0
116.0 216.0
114.0 51.0
45.0 244.0
39.0 223.0
233.0 185.0
114.0 138.0
161.0 170.0
57.0 244.0
189.0 112.0
114.0 52.0
97.0 206.0
9.0 249.0
217.0 49.0
237.0 209.0
4.0 165.0
168.0 94.0
126.0 215.0
0.0 230.0
43.0 65.0
140.0 76.0
49.0 108.0
176.0 116.0
97.0 143.0
148.0 88.0
26.0 82.0
152.0 37.0
127.0 151.0
117.0 202.0
42.0 11.0
151.0 118.0
54.0 50.0
187.0 64.0
150.0 177.0
190.0 101.0
28.0 236.0
28.0 227.0
55.0 238.0
155.0 249.0
227.0 168.0
76.0 38.0
20.0 174.0
114.0 129.0
41.0 30.0
81.0 215.0
247.0 61.0
244.0 130.0
35.0 32.0
70.0 225.0
73.0 71.0
250.0 119.0
56.0 7.0
125.0 109.0
141.0 60.0
142.0 84.0
108.0 149.0
74.0 107.0
137.0 118.0
11.0 146.0
119.0 33.0
244.0 219.0
3.0 214.0
159.0 79.0
243.0 39.0
138.0 78.0
215.0 55.0
224.0 194.0
36.0 55.0
158.0 7.0
33.0 38.0
170.0 221.0
174.0 80.0
15.0 137.0
79.0 164.0
12.0 66.0
51.0 111.0
183.0 203.0
118.0 47.0
158.0 64.0
153.0 173.0
33.0 158.0
183.0 135.0
242.0 100.0
83.0 144.0
14.0 217.0
147.0 25.0
68.0 234.0
94.0 213.0
22.0 210.0
134.0 242.0
42.0 193.0
28.0 134.0
58.0 125.0
138.0 108.0
224.0 112.0
26.0 124.0
68.0 200.0
224.0 81.0
116.0 146.0
120.0 41.0
88.0 212.0
184.0 180.0
61.0 82.0
117.0 215.0
63.0 67.0
31.0 127.0
138.0 68.0
105.0 59.0
211.0 79.0
199.0 82.0
164.0 92.0
2.0 82.0
79.0 52.0
75.0 91.0
194.0 87.0
230.0 182.0
137.0 59.0
239.0 130.0
125.0 24.0
178.0 90.0
54.0 17.0
40.0 105.0
47.0 136.0
43.0 90.0
25.0 205.0
127.0 204.0
208.0 131.0
209.0 152.0
29.0 89.0
63.0 206.0
211.0 37.0
6.0 84.0
130.0 79.0
147.0 137.0
83.0 32.0
248.0 86.0
213.0 104.0
74.0 138.0
82.0 159.0
167.0 96.0
19.0 110.0
44.0 176.0
114.0 25.0
114.0 20.0
102.0 126.0
211.0 220.0
143.0 133.0
153.0 6.0
98.0 13.0
89.0 7.0
214.0 206.0
187.0 116.0
160.0 19.0
39.0 22.0
218.0 131.0
214.0 22.0
202.0 22.0
213.0 79.0
15.0 156.0
118.0 112.0
65.0 85.0
85.0 102.0
53.0 204.0
91.0 121.0
241.0 185.0
190.0 9.0
96.0 187.0
92.0 166.0
18.0 15.0
187.0 59.0
196.0 190.0
187.0 57.0
174.0 215.0
146.0 35.0
25.0 153.0
165.0 16.0
111.0 155.0
150.0 150.0
199.0 177.0
55.0 174.0
25.0 167.0
121.0 38.0
214.0 72.0
153.0 211.0
13.0 75.0
219.0 215.0
126.0 33.0
202.0 41.0
230.0 164.0
201.0 126.0
87.0 60.0
91.0 139.0
215.0 211.0
116.0 164.0
130.0 248.0
197.0 144.0
33.0 194.0
205.0 27.0
60.0 78.0
1.0 131.0
83.0 66.0
133.0 36.0
87.0 83.0
98.0 138.0
206.0 215.0
188.0 52.0
79.0 246.0
224.0 122.0
234.0 223.0
45.0 105.0
43.0 41.0
188.0 168.0
71.0 75.0
10.0 112.0
231.0 207.0
62.0 122.0
217.0 166.0
79.0 64.0
229.0 146.0
28.0 244.0
89.0 246.0
214.0 52.0
159.0 72.0
237.0 8.0
9.0 174.0
200.0 11.0
129.0 28.0
68.0 192.0
14.0 111.0
211.0 48.0
38.0 157.0
157.0 115.0
71.0 17.0
207.0 249.0
123.0 84.0
71.0 151.0
108.0 81.0
41.0 63.0
123.0 53.0
0.0 153.0
218.0 221.0
145.0 158.0
179.0 187.0
101.0 146.0
163.0 6.0
182.0 120.0
100.0 240.0
105.0 182.0
56.0 145.0
23.0 113.0
117.0 221.0
75.0 215.0
95.0 159.0
184.0 133.0
3.0 25.0
180.0 142.0
224.0 113.0
101.0 229.0
182.0 169.0
122.0 103.0
93.0 31.0
105.0 58.0
198.0 41.0
72.0 208.0
201.0 122.0
236.0 163.0
181.0 14.0
12.0 17.0
83.0 189.0
15.0 92.0
170.0 54.0
95.0 198.0
179.0 100.0
43.0 226.0
180.0 210.0
142.0 193.0
5.0 191.0
65.0 203.0
131.0 88.0
176.0 50.0
245.0 232.0
113.0 60.0
15.0 209.0
83.0 28.0
154.0 72.0
111.0 208.0
184.0 107.0
61.0 105.0
126.0 100.0
54.0 131.0
117.0 51.0
199.0 19.0
78.0 136.0
157.0 170.0
59.0 13.0
85.0 206.0
247.0 132.0
80.0 27.0
147.0 15.0
64.0 22.0
46.0 62.0
109.0 107.0
148.0 209.0
1.0 112.0
100.0 115.0
176.0 75.0
193.0 93.0
207.0 67.0
72.0 76.0
86.0 10.0
114.0 216.0
123.0 222.0
180.0 19.0
70.0 17.0
33.0 9.0
158.0 241.0
4.0 180.0
55.0 182.0
57.0 111.0
38.0 106.0
228.0 140.0
13.0 249.0
211.0 68.0
62.0 127.0
177.0 197.0
16.0 127.0
244.0 27.0
118.0 112.0
39.0 43.0
130.0 124.0
165.0 55.0
102.0 62.0
128.0 128.0
9.0 13.0
150.0 206.0
104.0 20.0
83.0 82.0
79.0 68.0
184.0 202.0
239.0 201.0
117.0 72.0
176.0 190.0
67.0 126.0
2.0 20.0
188.0 220.0
20.0 2.0
164.0 218.0
12.0 153.0
225.0 204.0
142.0 26.0
15.0 185.0
36.0 249.0
34.0 171.0
153.0 87.0
184.0 126.0
148.0 169.0
249.0 76.0
207.0 49.0
226.0 200.0
168.0 135.0
214.0 97.0
62.0 23.0
140.0 174.0
239.0 147.0
167.0 216.0
92.0 159.0
185.0 213.0
181.0 64.0
99.0 124.0
129.0 164.0
193.0 43.0
231.0 203.0
166.0 52.0
16.0 147.0
235.0 115.0
68.0 101.0
27.0 166.0
248.0 195.0
35.0 131.0
220.0 49.0
233.0 144.0
62.0 27.0
244.0 81.0
246.0 28.0
44.0 63.0
117.0 123.0
206.0 141.0
67.0 183.0
50.0 223.0
128.0 185.0
85.0 70.0
65.0 189.0
213.0 29.0
83.0 75.0
233.0 236.0
75.0 151.0
217.0 56.0
173.0 84.0
177.0 129.0
150.0 157.0
237.0 172.0
49.0 169.0
81.0 6.0
223.0 108.0
20.0 106.0
37.0 36.0
91.0 21.0
35.0 203.0
136.0 61.0
196.0 184.0
157.0 243.0
216.0 200.0
28.0 22.0
67.0 38.0
219.0 156.0
127.0 85.0
248.0 119.0
21.0 54.0
141.0 38.0
102.0 10.0
238.0 177.0
57.0 161.0
250.0 89.0
218.0 147.0
36.0 73.0
183.0 168.0
119.0 178.0
193.0 58.0
42.0 29.0
5.0 15.0
213.0 83.0
73.0 229.0
203.0 215.0
157.0 237.0
28.0 115.0
52.0 123.0
5.0 36.0
174.0 18.0
86.0 226.0
69.0 142.0
134.0 228.0
214.0 216.0
175.0 247.0
47.0 118.0
201.0 141.0
223.0 225.0
206.0 121.0
154.0 203.0
133.0 77.0
199.0 51.0
51.0 6.0
209.0 40.0
118.0 67.0
148.0 231.0
5.0 129.0
113.0 86.0
235.0 205.0
133.0 222.0
226.0 10.0
162.0 217.0
119.0 169.0
31.0 123.0
50.0 182.0
152.0 231.0
75.0 48.0
117.0 117.0
40.0 34.0
106.0 132.0
220.0 108.0
111.0 4.0
147.0 153.0
41.0 69.0
73.0 112.0
59.0 200.0
118.0 35.0
118.0 50.0
180.0 79.0
162.0 74.0
9.0 43.0
69.0 60.0
176.0 106.0
205.0 6.0
194.0 243.0
17.0 211.0
149.0 110.0
177.0 30.0
236.0 227.0
66.0 40.0
170.0 149.0
238.0 194.0
245.0 68.0
38.0 86.0
138.0 162.0
130.0 18.0
106.0 13.0
230.0 130.0
45.0 27.0
186.0 157.0
190.0 60.0
68.0 194.0
42.0 53.0
35.0 160.0
182.0 17.0
25.0 215.0
183.0 25.0
145.0 200.0
150.0 195.0
196.0 231.0
226.0 191.0
76.0 133.0
226.0 94.0
132.0 228.0
101.0 56.0
62.0 34.0
25.0 210.0
78.0 15.0
185.0 112.0
52.0 67.0
182.0 89.0
225.0 249.0
8.0 121.0
85.0 73.0
126.0 8.0
112.0 240.0
250.0 93.0
123.0 1.0
217.0 145.0
46.0 164.0
177.0 64.0
218.0 50.0
125.0 127.0
170.0 43.0
118.0 67.0
131.0 156.0
74.0 75.0
51.0 142.0
128.0 153.0
45.0 194.0
68.0 16.0
158.0 134.0
193.0 107.0
225.0 18.0
242.0 49.0
118.0 173.0
122.0 215.0
17.0 221.0
194.0 126.0
117.0 242.0
232.0 220.0
54.0 233.0
185.0 87.0
64.0 160.0
219.0 86.0
44.0 134.0
76.0 62.0
159.0 113.0
67.0 201.0
19.0 64.0
132.0 124.0
225.0 88.0
151.0 129.0
159.0 88.0
64.0 56.0
195.0 87.0
124.0 57.0
88.0 164.0
185.0 128.0
104.0 244.0
250.0 51.0
238.0 67.0
53.0 236.0
242.0 220.0
17.0 235.0
178.0 160.0
234.0 38.0
71.0 2.0
198.0 48.0
31.0 125.0
50.0 223.0
33.0 230.0
197.0 167.0
89.0 44.0
189.0 10.0
139.0 176.0
82.0 3.0
17.0 186.0
62.0 36.0
191.0 4.0
167.0 126.0
13.0 138.0
17.0 226.0
39.0 179.0
16.0 249.0
55.0 158.0
47.0 51.0
219.0 161.0
9.0 148.0
97.0 109.0
105.0 17.0
120.0 245.0
74.0 143.0
111.0 114.0
171.0 38.0
47.0 186.0
225.0 11.0
72.0 54.0
170.0 49.0
49.0 220.0
31.0 207.0
41.0 26.0
136.0 245.0
147.0 121.0
132.0 28.0
193.0 147.0
241.0 67.0
82.0 157.0
180.0 76.0
188.0 72.0
60.0 56.0
207.0 72.0
85.0 160.0
243.0 98.0
203.0 209.0
150.0 228.0
191.0 11.0
41.0 246.0
183.0 205.0
120.0 22.0
246.0 177.0
98.0 169.0
151.0 127.0
244.0 201.0
54.0 226.0
208.0 39.0
121.0 57.0
32.0 217.0
178.0 144.0
105.0 13.0
55.0 169.0
129.0 223.0
69.0 26.0
199.0 176.0
193.0 194.0
203.0 105.0
244.0 217.0
25.0 66.0
242.0 130.0
109.0 167.0
152.0 4.0
24.0 169.0
57.0 75.0
190.0 90.0
73.0 245.0
32.0 6.0
187.0 59.0
109.0 50.0
212.0 58.0
101.0 182.0
157.0 246.0
73.0 106.0
84.0 194.0
32.0 26.0
119.0 134.0
71.0 1.0
78.0 216.0
232.0 205.0
236.0 125.0
15.0 237.0
78.0 123.0
40.0 164.0
188.0 95.0
154.0 51.0
248.0 20.0
130.0 48.0
158.0 86.0
120.0 171.0
137.0 234.0
121.0 201.0
194.0 241.0
11.0 229.0
194.0 232.0
24.0 140.0
45.0 118.0
107.0 195.0
92.0 227.0
143.0 117.0
128.0 241.0
114.0 224.0
233.0 92.0
64.0 145.0
222.0 38.0
51.0 20.0
44.0 215.0
93.0 116.0
31.0 7.0
152.0 112.0
212.0 148.0
41.0 136.0
235.0 23.0
179.0 157.0
209.0 211.0
203.0 202.0
156.0 126.0
235.0 139.0
3.0 140.0
178.0 89.0
166.0 195.0
238.0 110.0
64.0 172.0
145.0 84.0
202.0 109.0
161.0 70.0
56.0 201.0
221.0 183.0
28.0 33.0
164.0 134.0
67.0 101.0
30.0 127.0
104.0 202.0
2.0 101.0
27.0 123.0
100.0 161.0
204.0 80.0
74.0 50.0
176.0 220.0
226.0 125.0
138.0 7.0
245.0 86.0
204.0 180.0
153.0 15.0
217.0 229.0
63.0 124.0
197.0 201.0
235.0 135.0
88.0 166.0
248.0 66.0
8.0 16.0
157.0 217.0
47.0 59.0
70.0 13.0
180.0 211.0
135.0 123.0
227.0 110.0
9.0 126.0
46.0 95.0
179.0 26.0
18.0 243.0
50.0 18.0
133.0 15.0

75.0 59.0
224.0 59.0
230.0 39.0
69.0 252.0
50.0 25.0
172.0 161.0
174.0 33.0
199.0 240.0
39.0 154.0
225.0 85.0
226.0 7.0
110.0 24.0
111.0 101.0
128.0 75.0
48.0 209.0
186.0 51.0
56.0 230.0
38.0 160.0
52.0 9.0
229.0 18.0
49.0 207.0
250.0 27.0
204.0 90.0
59.0 182.0
249.0 183.0
52.0 141.0
94.0 39.0
21.0 206.0
236.0 199.0
60.0 232.0
147.0 211.0
59.0 191.0
152.0 171.0
167.0 36.0
102.0 254.0
196.0 17.0
189.0 102.0
236.0 147.0
148.0 155.0
89.0 134.0
16.0 134.0
151.0 125.0
73.0 195.0
243.0 144.0
50.0 49.0
116.0 234.0
53.0 179.0
37.0 72.0
190.0 131.0
56.0 147.0
222.0 71.0
179.0 199.0
112.0 244.0
20.0 65.0
132.0 157.0
197.0 87.0
56.0 227.0
195.0 44.0
233.0 110.0
122.0 148.0
163.0 43.0
146.0 219.0
9.0 86.0
213.0 160.0
44.0 217.0
188.0 18.0
107.0 222.0
130.0 88.0
160.0 49.0
249.0 248.0
152.0 157.0
123.0 85.0
187.0 124.0
69.0 167.0
46.0 219.0
170.0 65.0
188.0 51.0
176.0 203.0
177.0 127.0
180.0 197.0
5.0 53.0
195.0 146.0
158.0 104.0
88.0 213.0
245.0 4.0
171.0 230.0
195.0 19.0
28.0 160.0
194.0 77.0
235.0 195.0
234.0 172.0
177.0 202.0
98.0 90.0
19.0 228.0
255.0 123.0
143.0 96.0
127.0 199.0
200.0 169.0
75.0 165.0
42.0 5.0
185.0 72.0
245.0 53.0
70.0 69.0
118.0 226.0
174.0 119.0
64.0 181.0
136.0 252.0
41.0 224.0
87.0 228.0
119.0 51.0
71.0 198.0
7.0 121.0
73.0 66.0
171.0 26.0
224.0 61.0
24.0 224.0
65.0 96.0
239.0 151.0
24.0 14.0
224.0 244.0
132.0 200.0
210.0 185.0
38.0 31.0
141.0 83.0
157.0 10.0
156.0 25.0
189.0 180.0
252.0 46.0
222.0 67.0
24.0 128.0
226.0 75.0
216.0 113.0
84.0 227.0
80.0 40.0
85.0 98.0
169.0 149.0
97.0 121.0
196.0 190.0
43.0 46.0
178.0 175.0
226.0 106.0
140.0 47.0
7.0 28.0
253.0 67.0
21.0 53.0
229.0 12.0
57.0 33.0
51.0 72.0
158.0 87.0
210.0 213.0
167.0 30.0
110.0 5.0
210.0 189.0
20.0 24.0
165.0 202.0
25.0 251.0
236.0 248.0
31.0 193.0
106.0 228.0
160.0 216.0
84.0 205.0
153.0 15.0
166.0 211.0
61.0 65.0
23.0 172.0
180.0 71.0
176.0 126.0
144.0 168.0
84.0 136.0
6.0 7.0
173.0 187.0
85.0 92.0
242.0 123.0
66.0 157.0
106.0 231.0
231.0 30.0
45.0 216.0
166.0 181.0
56.0 7.0
229.0 36.0
78.0 28.0
14.0 68.0
103.0 250.0
157.0 207.0
147.0 23.0
159.0 134.0
212.0 150.0
137.0 163.0
20.0 44.0
134.0 144.0
23.0 98.0
197.0 210.0
159.0 189.0
240.0 183.0
150.0 101.0
95.0 74.0
7.0 157.0
45.0 145.0
126.0 209.0
183.0 60.0
5.0 167.0
10.0 232.0
133.0 91.0
198.0 25.0
172.0 119.0
110.0 49.0
108.0 169.0
101.0 34.0
151.0 67.0
61.0 222.0
137.0 119.0
107.0 74.0
105.0 184.0
29.0 127.0
223.0 166.0
243.0 204.0
35.0 49.0
225.0 115.0
109.0 51.0
104.0 16.0
218.0 163.0
214.0 111.0
208.0 236.0
160.0 32.0
78.0 38.0
109.0 210.0
71.0 45.0
216.0 157.0
145.0 28.0
242.0 148.0
12.0 74.0
204.0 61.0
239.0 229.0
201.0 12.0
235.0 5.0
136.0 140.0
213.0 104.0
113.0 84.0
110.0 189.0
107.0 133.0
162.0 191.0
36.0 170.0
232.0 138.0
233.0 78.0
230.0 47.0
81.0 59.0
103.0 66.0
135.0 181.0
98.0 252.0
171.0 223.0
118.0 39.0
100.0 254.0
80.0 157.0
25.0 149.0
153.0 197.0
53.0 92.0
164.0 207.0
244.0 158.0
215.0 103.0
181.0 143.0
135.0 230.0
164.0 97.0
208.0 133.0
147.0 128.0
165.0 81.0
54.0 36.0
245.0 8.0
197.0 220.0
225.0 238.0
59.0 78.0
69.0 118.0
77.0 150.0
214.0 235.0
253.0 172.0
42.0 239.0
143.0 121.0
169.0 80.0
189.0 45.0
235.0 35.0
8.0 169.0
180.0 241.0
55.0 138.0
71.0 202.0
107.0 72.0
133.0 120.0
82.0 142.0
92.0 156.0
91.0 199.0
179.0 95.0
47.0 68.0
9.0 117.0
120.0 166.0
20.0 55.0
24.0 152.0
142.0 214.0
230.0 175.0
158.0 243.0
21.0 32.0
134.0 10.0
106.0 176.0
220.0 98.0
61.0 39.0
55.0 33.0
177.0 193.0
6.0 160.0
167.0 224.0
35.0 235.0
124.0 213.0
110.0 214.0
71.0 33.0
36.0 212.0
184.0 38.0
253.0 250.0
35.0 203.0
140.0 83.0
162.0 155.0
186.0 166.0
164.0 43.0
243.0 146.0
206.0 64.0
73.0 43.0
83.0 208.0
23.0 187.0
31.0 166.0
193.0 142.0
109.0 104.0
30.0 76.0
191.0 87.0
98.0 232.0
27.0 25.0
75.0 249.0
28.0 34.0
118.0 166.0
114.0 175.0
246.0 237.0
167.0 136.0
49.0 246.0
20.0 181.0
198.0 78.0
194.0 43.0
208.0 106.0
145.0 226.0
94.0 34.0
135.0 245.0
168.0 144.0
120.0 184.0
66.0 182.0
110.0 181.0
85.0 207.0
49.0 127.0
59.0 56.0
39.0 47.0
233.0 81.0
84.0 78.0
218.0 185.0
29.0 150.0
135.0 226.0
20.0 130.0
148.0 148.0
50.0 205.0
119.0 74.0
231.0 80.0
204.0 52.0
52.0 193.0
246.0 85.0
103.0 151.0
183.0 29.0
136.0 143.0
171.0 87.0
96.0 253.0
28.0 122.0
126.0 237.0
89.0 131.0
14.0 85.0
173.0 239.0
232.0 84.0
150.0 170.0
174.0 4.0
175.0 208.0
102.0 80.0
204.0 184.0
32.0 245.0
230.0 152.0
198.0 163.0
238.0 180.0
201.0 155.0
199.0 256.0
98.0 171.0
177.0 139.0
188.0 48.0
60.0 37.0
92.0 95.0
102.0 44.0
13.0 50.0
100.0 72.0
197.0 171.0
94.0 156.0
44.0 64.0
15.0 187.0
9.0 145.0
12.0 90.0
217.0 246.0
43.0 112.0
182.0 95.0
96.0 145.0
242.0 91.0
208.0 115.0
246.0 195.0
51.0 197.0
164.0 16.0
126.0 73.0
89.0 24.0
203.0 69.0
163.0 74.0
177.0 51.0
243.0 83.0
105.0 250.0
242.0 153.0
209.0 55.0
92.0 97.0
241.0 59.0
113.0 58.0
134.0 28.0
133.0 26.0
177.0 170.0
237.0 88.0
51.0 41.0
171.0 105.0
53.0 89.0
84.0 224.0
5.0 240.0
60.0 102.0
27.0 232.0
248.0 86.0
29.0 184.0
118.0 114.0
46.0 214.0
80.0 232.0
60.0 250.0
98.0 51.0
99.0 222.0
156.0 235.0
151.0 145.0
89.0 181.0
23.0 125.0
6.0 112.0
63.0 236.0
207.0 118.0
34.0 146.0
186.0 5.0
132.0 13.0
230.0 105.0
97.0 18.0
114.0 246.0
32.0 72.0
13.0 237.0
234.0 236.0
244.0 134.0
49.0 31.0
101.0 252.0
175.0 8.0
8.0 135.0
25.0 189.0
134.0 250.0
232.0 56.0
91.0 38.0
38.0 122.0
180.0 210.0
226.0 132.0
229.0 250.0
8.0 30.0
107.0 213.0
146.0 129.0
79.0 87.0
63.0 251.0
167.0 211.0
133.0 146.0
129.0 177.0
33.0 54.0
80.0 238.0
172.0 154.0
177.0 135.0
253.0 79.0
101.0 172.0
112.0 134.0
81.0 82.0
219.0 55.0
94.0 180.0
154.0 26.0
99.0 173.0
47.0 182.0
55.0 249.0
168.0 191.0
234.0 247.0
54.0 31.0
180.0 105.0
209.0 166.0
195.0 236.0
137.0 102.0
113.0 240.0
140.0 167.0
82.0 161.0
13.0 147.0
247.0 87.0
175.0 170.0
202.0 171.0
255.0 174.0
194.0 27.0
46.0 207.0
108.0 166.0
221.0 213.0
63.0 67.0
100.0 15.0
25.0 186.0
239.0 219.0
166.0 91.0
242.0 126.0
234.0 175.0
206.0 30.0
17.0 26.0
77.0 80.0
97.0 228.0
189.0 230.0
26.0 88.0
143.0 80.0
65.0 213.0
189.0 253.0
217.0 207.0
105.0 236.0
40.0 156.0
161.0 190.0
152.0 241.0
11.0 55.0
236.0 232.0
195.0 83.0
134.0 164.0
38.0 229.0
153.0 6.0
199.0 155.0
103.0 28.0
44.0 176.0
36.0 47.0
240.0 34.0
73.0 126.0
89.0 148.0
199.0 41.0
154.0 166.0
247.0 209.0
43.0 65.0
101.0 25.0
50.0 235.0
198.0 149.0
140.0 191.0
10.0 119.0
85.0 230.0
193.0 145.0
131.0 20.0
185.0 127.0
129.0 72.0
116.0 120.0
127.0 255.0
152.0 138.0
216.0 103.0
25.0 184.0
39.0 255.0
233.0 246.0
112.0 132.0
38.0 26.0
222.0 70.0
167.0 24.0
198.0 133.0
129.0 117.0
200.0 199.0
256.0 112.0
193.0 197.0
235.0 86.0
99.0 170.0
92.0 52.0
200.0 176.0
44.0 183.0
163.0 114.0
43.0 7.0
108.0 70.0
69.0 147.0
233.0 154.0
90.0 205.0
44.0 80.0
162.0 156.0
58.0 24.0
166.0 38.0
193.0 200.0
76.0 188.0
48.0 24.0
100.0 119.0
164.0 198.0
209.0 222.0
137.0 198.0
53.0 244.0
237.0 129.0
128.0 93.0
85.0 83.0
71.0 76.0
131.0 9.0
61.0 185.0
118.0 206.0
123.0 225.0
171.0 252.0
140.0 24.0
27.0 137.0
5.0 60.0
225.0 24.0
115.0 225.0
96.0 34.0
237.0 136.0
35.0 119.0
95.0 80.0
247.0 15.0
64.0 142.0
80.0 245.0
218.0 235.0
12.0 7.0
211.0 193.0
51.0 78.0
137.0 33.0
204.0 165.0
234.0 150.0
148.0 225.0
164.0 190.0
191.0 37.0
132.0 26.0
218.0 214.0
226.0 125.0
111.0 37.0
54.0 176.0
210.0 145.0
248.0 122.0
182.0 164.0
254.0 77.0
243.0 105.0
89.0 168.0
209.0 41.0
160.0 131.0
213.0 246.0
145.0 108.0
183.0 178.0
184.0 70.0
35.0 139.0
13.0 217.0
75.0 78.0
140.0 122.0
160.0 34.0
84.0 108.0
240.0 47.0
159.0 39.0
240.0 143.0
175.0 52.0
246.0 112.0
203.0 130.0
65.0 79.0
102.0 110.0
53.0 147.0
100.0 163.0
124.0 74.0
45.0 220.0
161.0 78.0
155.0 11.0
224.0 104.0
92.0 66.0
63.0 75.0
21.0 179.0
222.0 30.0
94.0 146.0
176.0 73.0
190.0 63.0
49.0 158.0
180.0 158.0
105.0 9.0
206.0 95.0
107.0 65.0
86.0 46.0
108.0 146.0
251.0 132.0
209.0 83.0
158.0 134.0
146.0 132.0
229.0 211.0
157.0 64.0
153.0 165.0
136.0 118.0
195.0 62.0
86.0 48.0
225.0 183.0
56.0 126.0
36.0 225.0
198.0 196.0
204.0 66.0
225.0 230.0
16.0 185.0
41.0 152.0
52.0 144.0
207.0 223.0
60.0 117.0
154.0 159.0
133.0 239.0
135.0 109.0
146.0 132.0
253.0 87.0
142.0 14.0
145.0 72.0
192.0 133.0
51.0 249.0
101.0 21.0
242.0 29.0
59.0 204.0
106.0 107.0
20.0 29.0
37.0 155.0
33.0 60.0
59.0 252.0
124.0 76.0
154.0 247.0
182.0 60.0
149.0 66.0
233.0 43.0
235.0 43.0
205.0 50.0
110.0 119.0
224.0 190.0
163.0 149.0
127.0 214.0
111.0 19.0
144.0 235.0
101.0 181.0
9.0 50.0
66.0 236.0
143.0 127.0
247.0 217.0
243.0 90.0
237.0 131.0
65.0 122.0
172.0 17.0
112.0 250.0
214.0 228.0
116.0 51.0
120.0 35.0
202.0 154.0
180.0 153.0
183.0 138.0
135.0 175.0
53.0 117.0
61.0 101.0
222.0 6.0
140.0 129.0
181.0 85.0
204.0 207.0
63.0 5.0
115.0 185.0
79.0 233.0
198.0 184.0
20.0 204.0
220.0 117.0
91.0 35.0
209.0 134.0
189.0 208.0
10.0 47.0
23.0 210.0
225.0 120.0
22.0 144.0
97.0 159.0
111.0 181.0
58.0 156.0
106.0 237.0
159.0 94.0
247.0 137.0
242.0 205.0
220.0 23.0
144.0 232.0
49.0 103.0
218.0 103.0
91.0 172.0
64.0 156.0
170.0 124.0
139.0 249.0
174.0 213.0
250.0 217.0
253.0 210.0
226.0 192.0
145.0 75.0
176.0 70.0
77.0 136.0
225.0 26.0
159.0 71.0
7.0 41.0
107.0 251.0
196.0 139.0
61.0 180.0
229.0 216.0
8.0 155.0
134.0 38.0
135.0 27.0
219.0 127.0
48.0 115.0
160.0 49.0
36.0 162.0
167.0 139.0
209.0 129.0
78.0 63.0
25.0 24.0
205.0 184.0
192.0 200.0
209.0 167.0
111.0 216.0
106.0 222.0
142.0 19.0
137.0 59.0
42.0 225.0
200.0 22.0
243.0 108.0
195.0 138.0
160.0 183.0
122.0 180.0
58.0 127.0
130.0 84.0
108.0 79.0
20.0 207.0
222.0 137.0
254.0 125.0
194.0 14.0
90.0 107.0
135.0 12.0
28.0 67.0
56.0 163.0
81.0 17.0
12.0 90.0
137.0 216.0
252.0 24.0
107.0 95.0
174.0 192.0
212.0 112.0
160.0 113.0
210.0 214.0
208.0 149.0
102.0 134.0
54.0 223.0
204.0 155.0
106.0 183.0
247.0 149.0
224.0 98.0
26.0 123.0
37.0 59.0
121.0 48.0
24.0 196.0
131.0 219.0
81.0 84.0
16.0 100.0
234.0 112.0
125.0 35.0
96.0 127.0
152.0 151.0
79.0 64.0
208.0 177.0
82.0 238.0
134.0 155.0
71.0 87.0
89.0 160.0
131.0 28.0
214.0 77.0
8.0 243.0
233.0 245.0
143.0 184.0
187.0 81.0
41.0 64.0
53.0 143.0
143.0 186.0
41.0 132.0
153.0 13.0
202.0 152.0
94.0 203.0
34.0 108.0
207.0 164.0
69.0 166.0
65.0 195.0
21.0 75.0
154.0 161.0
96.0 122.0
150.0 150.0
172.0 106.0
50.0 142.0
68.0 68.0
240.0 77.0
232.0 215.0
7.0 189.0
226.0 168.0
36.0 106.0
156.0 112.0
177.0 241.0
96.0 71.0
195.0 91.0
19.0 76.0
187.0 58.0
144.0 227.0
188.0 93.0
87.0 131.0
98.0 109.0
139.0 53.0
29.0 97.0
131.0 114.0
73.0 34.0
109.0 66.0
14.0 112.0
166.0 24.0
65.0 33.0
244.0 108.0
46.0 6.0
183.0 17.0
205.0 65.0
134.0 33.0
221.0 225.0
53.0 196.0
226.0 234.0
220.0 227.0
8.0 11.0
173.0 39.0
80.0 230.0
74.0 109.0
193.0 216.0
41.0 108.0
87.0 217.0
132.0 221.0
166.0 154.0
66.0 173.0
33.0 7.0
29.0 18.0
202.0 45.0
50.0 90.0
44.0 202.0
118.0 18.0
122.0 207.0
182.0 113.0
162.0 102.0
85.0 154.0
158.0 139.0
173.0 215.0
208.0 93.0
24.0 230.0
235.0 85.0
161.0 58.0
77.0 69.0
81.0 78.0
185.0 226.0
32.0 6.0
74.0 34.0
81.0 64.0
119.0 117.0
224.0 39.0
204.0 33.0
210.0 60.0
10.0 245.0
216.0 181.0
225.0 7.0
175.0 7.0
162.0 89.0
7.0 96.0
164.0 196.0
184.0 196.0
153.0 53.0
10.0 217.0
110.0 252.0
150.0 125.0
152.0 130.0
204.0 251.0
197.0 146.0
205.0 93.0
210.0 211.0
195.0 243.0
135.0 256.0
192.0 122.0
183.0 129.0
28.0 35.0
161.0 20.0
239.0 100.0
143.0 74.0
166.0 227.0
60.0 34.0
20.0 5.0
134.0 253.0
222.0 93.0
90.0 190.0
129.0 112.0
196.0 186.0
98.0 220.0
224.0 4.0
132.0 26.0
221.0 240.0
143.0 98.0
63.0 25.0
239.0 183.0
77.0 15.0
197.0 194.0
56.0 140.0
136.0 209.0
85.0 26.0
164.0 222.0
138.0 225.0
190.0 211.0
225.0 208.0
235.0 157.0
177.0 207.0
104.0 192.0
227.0 192.0
120.0 171.0
100.0 201.0
134.0 166.0
133.0 203.0
175.0 96.0
50.0 65.0
38.0 111.0
231.0 193.0
74.0 32.0
8.0 30.0
103.0 148.0
230.0 115.0
89.0 243.0
180.0 10.0
112.0 58.0
47.0 176.0
166.0 194.0
83.0 214.0
173.0 254.0
82.0 217.0
143.0 132.0
166.0 208.0
230.0 112.0
108.0 102.0
234.0 57.0
125.0 15.0
180.0 250.0
158.0 207.0
157.0 236.0
14.0 169.0
172.0 163.0
250.0 183.0
40.0 89.0
17.0 76.0
11.0 63.0
144.0 60.0
213.0 150.0
54.0 41.0
13.0 63.0
173.0 129.0
28.0 148.0
30.0 136.0
193.0 81.0
88.0 172.0
73.0 113.0
157.0 218.0
150.0 79.0
6.0 204.0
154.0 168.0
194.0 38.0
59.0 22.0
94.0 77.0
176.0 60.0
244.0 11.0
97.0 174.0
142.0 95.0
39.0 121.0
229.0 58.0
218.0 108.0
81.0 234.0
184.0 251.0
147.0 131.0
123.0 73.0
168.0 112.0
164.0 52.0
41.0 35.0
86.0 49.0
109.0 106.0
97.0 232.0
240.0 220.0
197.0 176.0
92.0 172.0
152.0 183.0
37.0 79.0
238.0 111.0
19.0 76.0
172.0 71.0
172.0 230.0
227.0 8.0
133.0 104.0
83.0 78.0
235.0 77.0
66.0 205.0
121.0 153.0
171.0 185.0
127.0 73.0
141.0 241.0
76.0 44.0
155.0 101.0
199.0 26.0
249.0 97.0
216.0 4.0
147.0 215.0
175.0 110.0
255.0 26.0
192.0 98.0
127.0 220.0
39.0 166.0
42.0 112.0
162.0 53.0
72.0 230.0
171.0 199.0
217.0 142.0
212.0 92.0
96.0 94.0
216.0 183.0
110.0 217.0
17.0 117.0
247.0 211.0
211.0 45.0
12.0 198.0
127.0 146.0
69.0 245.0
162.0 219.0
210.0 115.0
231.0 136.0
53.0 141.0
169.0 123.0
23.0 165.0
37.0 30.0
121.0 22.0
219.0 200.0
139.0 181.0
156.0 199.0
242.0 125.0
35.0 154.0
167.0 193.0
70.0 108.0
86.0 141.0
118.0 225.0
33.0 200.0
128.0 133.0
54.0 77.0
58.0 164.0
76.0 28.0
115.0 87.0
89.0 34.0
57.0 12.0
218.0 169.0
96.0 159.0
139.0 241.0
220.0 68.0
107.0 196.0
103.0 66.0
118.0 13.0
55.0 164.0
96.0 158.0
69.0 104.0
46.0 237.0
255.0 112.0
155.0 45.0
125.0 168.0
170.0 241.0
152.0 242.0
147.0 244.0
137.0 180.0
23.0 212.0
243.0 89.0
33.0 62.0
97.0 224.0
212.0 13.0
133.0 159.0
189.0 242.0
31.0 87.0
134.0 21.0
15.0 136.0
158.0 35.0
231.0 16.0
193.0 120.0
106.0 126.0
244.0 16.0
18.0 143.0
175.0 233.0
104.0 102.0
61.0 240.0
85.0 90.0
129.0 244.0
106.0 162.0
179.0 90.0
103.0 20.0
167.0 205.0
38.0 202.0
200.0 238.0
169.0 127.0
251.0 192.0
42.0 174.0
196.0 68.0
22.0 23.0
155.0 200.0
162.0 6.0
84.0 183.0
101.0 126.0
195.0 178.0
185.0 95.0
101.0 134.0
89.0 162.0
75.0 96.0
56.0 234.0
218.0 234.0
102.0 159.0
45.0 172.0
219.0 83.0
160.0 100.0
67.0 76.0
171.0 125.0
240.0 106.0
110.0 11.0
24.0 171.0
146.0 68.0
127.0 30.0
8.0 15.0
117.0 240.0
236.0 200.0
199.0 23.0
73.0 104.0
222.0 107.0
253.0 144.0
118.0 148.0
118.0 103.0
67.0 240.0
166.0 48.0
232.0 37.0
119.0 174.0
203.0 100.0
241.0 113.0
108.0 94.0
82.0 247.0
225.0 124.0
66.0 140.0
91.0 155.0
141.0 87.0
110.0 208.0
114.0 218.0
54.0 183.0
220.0 35.0
28.0 48.0
178.0 209.0
204.0 182.0
171.0 122.0
29.0 238.0
100.0 129.0
51.0 139.0
227.0 130.0
224.0 244.0
124.0 60.0
199.0 162.0
186.0 252.0
71.0 107.0
33.0 194.0
31.0 181.0
149.0 207.0
151.0 48.0
190.0 202.0
239.0 82.0
247.0 215.0
63.0 33.0
70.0 203.0
244.0 151.0
170.0 172.0
48.0 243.0
212.0 45.0
183.0 191.0
187.0 167.0
251.0 25.0
194.0 238.0
78.0 224.0
211.0 227.0
191.0 214.0
233.0 147.0
43.0 95.0
109.0 137.0
119.0 207.0
65.0 101.0
178.0 165.0
75.0 236.0
103.0 157.0
239.0 37.0
12.0 175.0
207.0 49.0
228.0 168.0
148.0 26.0
120.0 159.0
186.0 143.0
49.0 110.0
226.0 99.0
51.0 70.0
142.0 58.0
133.0 173.0
175.0 210.0
164.0 189.0
121.0 221.0
119.0 57.0
49.0 248.0
45.0 229.0
237.0 189.0
119.0 144.0
166.0 175.0
62.0 250.0
194.0 118.0
120.0 56.0
101.0 211.0
15.0 254.0
222.0 54.0
243.0 215.0
10.0 170.0
173.0 98.0
132.0 220.0
6.0 235.0
49.0 70.0
145.0 81.0
53.0 113.0
182.0 121.0
101.0 148.0
153.0 93.0
31.0 88.0
156.0 41.0
133.0 155.0
121.0 206.0
46.0 15.0
156.0 123.0
58.0 55.0
193.0 69.0
155.0 183.0
195.0 106.0
33.0 240.0
34.0 231.0
60.0 243.0
159.0 253.0
232.0 172.0
82.0 44.0
25.0 178.0
119.0 134.0
45.0 35.0
85.0 221.0
253.0 65.0
249.0 135.0
39.0 36.0
75.0 229.0
78.0 76.0
256.0 123.0
60.0 11.0
130.0 113.0
146.0 64.0
148.0 88.0
113.0 154.0
78.0 113.0
143.0 122.0
16.0 152.0
124.0 37.0
250.0 224.0
8.0 219.0
165.0 85.0
249.0 44.0
143.0 82.0
219.0 60.0
229.0 199.0
42.0 61.0
162.0 11.0
38.0 43.0
176.0 227.0
179.0 84.0
20.0 142.0
83.0 168.0
17.0 71.0
56.0 115.0
188.0 208.0
124.0 53.0
164.0 68.0
158.0 179.0
37.0 163.0
188.0 139.0
247.0 104.0
88.0 149.0
19.0 221.0
151.0 31.0
73.0 240.0
98.0 218.0
26.0 214.0
138.0 247.0
47.0 199.0
33.0 138.0
63.0 129.0
143.0 113.0
229.0 116.0
31.0 129.0
73.0 205.0
229.0 87.0
120.0 151.0
124.0 45.0
93.0 218.0
188.0 185.0
66.0 88.0
122.0 220.0
68.0 72.0
35.0 132.0
143.0 73.0
109.0 64.0
215.0 84.0
204.0 88.0
169.0 97.0
8.0 87.0
85.0 56.0
80.0 95.0
200.0 92.0
235.0 186.0
142.0 64.0
244.0 135.0
130.0 30.0
183.0 96.0
58.0 21.0
45.0 109.0
51.0 140.0
49.0 95.0
29.0 209.0
132.0 209.0
214.0 136.0
214.0 157.0
35.0 93.0
67.0 212.0
217.0 42.0
10.0 89.0
136.0 84.0
151.0 143.0
88.0 36.0
253.0 91.0
218.0 109.0
79.0 142.0
86.0 164.0
172.0 100.0
23.0 115.0
49.0 181.0
119.0 31.0
119.0 26.0
106.0 131.0
216.0 225.0
147.0 138.0
158.0 11.0
103.0 19.0
94.0 12.0
219.0 211.0
191.0 122.0
165.0 23.0
44.0 27.0
222.0 136.0
219.0 28.0
207.0 28.0
218.0 83.0
20.0 161.0
124.0 118.0
69.0 90.0
89.0 108.0
59.0 209.0
97.0 126.0
245.0 189.0
196.0 15.0
101.0 193.0
97.0 172.0
23.0 21.0
192.0 64.0
202.0 195.0
191.0 62.0
179.0 220.0
151.0 40.0
30.0 159.0
171.0 21.0
116.0 159.0
154.0 155.0
204.0 183.0
60.0 180.0
29.0 173.0
125.0 42.0
219.0 78.0
158.0 216.0
17.0 80.0
223.0 220.0
130.0 37.0
208.0 46.0
235.0 170.0
205.0 131.0
93.0 65.0
96.0 143.0
219.0 217.0
120.0 170.0
135.0 253.0
203.0 148.0
38.0 199.0
210.0 33.0
65.0 82.0
6.0 136.0
88.0 71.0
137.0 42.0
93.0 89.0
103.0 143.0
211.0 220.0
192.0 57.0
83.0 251.0
229.0 127.0
240.0 227.0
50.0 111.0
48.0 46.0
193.0 174.0
75.0 80.0
14.0 116.0
236.0 211.0
68.0 128.0
222.0 171.0
84.0 69.0
235.0 150.0
34.0 248.0
94.0 251.0
219.0 58.0
164.0 76.0
242.0 13.0
15.0 179.0
204.0 16.0
133.0 34.0
72.0 196.0
20.0 117.0
217.0 52.0
42.0 162.0
162.0 120.0
76.0 22.0
212.0 253.0
128.0 89.0
77.0 157.0
113.0 87.0
46.0 68.0
128.0 59.0
5.0 158.0
223.0 226.0
150.0 163.0
183.0 193.0
107.0 151.0
167.0 11.0
187.0 126.0
106.0 245.0
110.0 187.0
60.0 149.0
27.0 117.0
122.0 225.0
81.0 220.0
100.0 164.0
189.0 137.0
8.0 30.0
185.0 146.0
229.0 118.0
106.0 235.0
188.0 173.0
128.0 108.0
98.0 36.0
109.0 64.0
203.0 47.0
76.0 212.0
207.0 128.0
241.0 167.0
186.0 19.0
17.0 23.0
88.0 194.0
20.0 97.0
174.0 60.0
100.0 202.0
184.0 105.0
47.0 230.0
185.0 215.0
148.0 198.0
9.0 195.0
71.0 208.0
136.0 94.0
180.0 54.0
250.0 237.0
118.0 65.0
21.0 215.0
89.0 33.0
158.0 78.0
117.0 214.0
189.0 113.0
67.0 110.0
130.0 104.0
60.0 136.0
122.0 55.0
204.0 23.0
84.0 141.0
163.0 174.0
64.0 18.0
89.0 211.0
253.0 138.0
85.0 33.0
153.0 20.0
68.0 28.0
51.0 67.0
115.0 112.0
152.0 215.0
6.0 117.0
104.0 120.0
181.0 79.0
198.0 98.0
212.0 72.0
76.0 81.0
91.0 14.0
118.0 221.0
128.0 226.0
184.0 25.0
76.0 22.0
38.0 13.0
162.0 247.0
8.0 184.0
60.0 188.0
61.0 116.0
43.0 112.0
233.0 145.0
18.0 253.0
215.0 73.0
67.0 131.0
182.0 202.0
21.0 132.0
249.0 32.0
124.0 116.0
44.0 49.0
135.0 130.0
169.0 60.0
107.0 67.0
134.0 133.0
14.0 18.0
154.0 210.0
109.0 26.0
87.0 87.0
83.0 73.0
190.0 208.0
244.0 206.0
122.0 78.0
180.0 196.0
72.0 132.0
7.0 25.0
193.0 225.0
25.0 8.0
170.0 222.0
18.0 158.0
231.0 210.0
147.0 30.0
21.0 191.0
41.0 253.0
39.0 176.0
158.0 91.0
189.0 131.0
153.0 174.0
255.0 82.0
211.0 55.0
231.0 204.0
173.0 140.0
218.0 103.0
68.0 29.0
144.0 180.0
244.0 153.0
173.0 221.0
98.0 163.0
189.0 219.0
186.0 69.0
103.0 128.0
135.0 168.0
197.0 47.0
237.0 208.0
170.0 58.0
21.0 151.0
241.0 120.0
74.0 106.0
33.0 172.0
253.0 201.0
40.0 137.0
225.0 53.0
239.0 150.0
66.0 32.0
249.0 87.0
250.0 33.0
49.0 68.0
123.0 127.0
211.0 146.0
71.0 187.0
54.0 227.0
133.0 190.0
90.0 74.0
70.0 194.0
217.0 34.0
88.0 80.0
237.0 240.0
81.0 156.0
222.0 60.0
178.0 89.0
183.0 134.0
156.0 162.0
242.0 176.0
54.0 174.0
87.0 12.0
228.0 114.0
26.0 111.0
42.0 41.0
96.0 26.0
39.0 209.0
142.0 67.0
202.0 190.0
163.0 248.0
221.0 204.0
32.0 27.0
73.0 42.0
224.0 161.0
133.0 90.0
254.0 125.0
25.0 59.0
146.0 42.0
107.0 15.0
243.0 182.0
63.0 167.0
254.0 94.0
222.0 153.0
42.0 77.0
188.0 173.0
124.0 182.0
197.0 63.0
48.0 33.0
10.0 20.0
219.0 87.0
78.0 234.0
208.0 219.0
162.0 241.0
34.0 120.0
56.0 127.0
11.0 41.0
178.0 24.0
91.0 231.0
74.0 147.0
138.0 232.0
220.0 221.0
180.0 251.0
52.0 122.0
206.0 145.0
228.0 229.0
210.0 126.0
158.0 208.0
139.0 83.0
204.0 57.0
55.0 12.0
214.0 45.0
124.0 72.0
153.0 237.0
10.0 135.0
117.0 92.0
239.0 209.0
137.0 227.0
231.0 16.0
167.0 222.0
125.0 175.0
37.0 128.0
55.0 187.0
158.0 236.0
79.0 54.0
122.0 122.0
46.0 39.0
111.0 137.0
225.0 113.0
115.0 10.0
152.0 158.0
45.0 73.0
79.0 118.0
63.0 204.0
122.0 40.0
123.0 55.0
185.0 83.0
166.0 79.0
14.0 49.0
73.0 66.0
180.0 111.0
211.0 11.0
198.0 248.0
22.0 216.0
154.0 114.0
182.0 36.0
241.0 232.0
71.0 46.0
174.0 154.0
244.0 198.0
250.0 73.0
43.0 91.0
142.0 167.0
134.0 24.0
111.0 18.0
236.0 135.0
50.0 33.0
191.0 161.0
196.0 65.0
73.0 199.0
46.0 59.0
41.0 165.0
186.0 22.0
29.0 220.0
188.0 30.0
150.0 204.0
156.0 200.0
202.0 235.0
230.0 195.0
81.0 138.0
232.0 99.0
137.0 232.0
105.0 62.0
66.0 40.0
31.0 214.0
82.0 19.0
189.0 117.0
57.0 71.0
187.0 95.0
231.0 255.0
14.0 125.0
91.0 79.0
131.0 12.0
117.0 245.0
256.0 98.0
128.0 5.0
222.0 150.0
51.0 170.0
181.0 68.0
222.0 56.0
130.0 132.0
175.0 47.0
124.0 73.0
136.0 161.0
79.0 80.0
56.0 147.0
132.0 157.0
50.0 200.0
74.0 21.0
163.0 140.0
198.0 112.0
231.0 22.0
247.0 55.0
124.0 178.0
126.0 219.0
21.0 226.0
199.0 131.0
123.0 247.0
237.0 226.0
59.0 238.0
191.0 92.0
69.0 166.0
223.0 91.0
50.0 139.0
82.0 68.0
164.0 117.0
73.0 205.0
25.0 69.0
136.0 129.0
230.0 92.0
155.0 135.0
163.0 93.0
69.0 62.0
201.0 93.0
129.0 62.0
93.0 169.0
189.0 133.0
108.0 249.0
256.0 55.0
244.0 72.0
59.0 241.0
247.0 225.0
22.0 241.0
183.0 165.0
239.0 43.0
76.0 7.0
204.0 52.0
37.0 129.0
55.0 227.0
37.0 236.0
201.0 172.0
94.0 50.0
194.0 14.0
143.0 181.0
88.0 8.0
22.0 191.0
66.0 41.0
195.0 10.0
173.0 131.0
19.0 143.0
23.0 230.0
43.0 184.0
20.0 253.0
61.0 162.0
53.0 56.0
223.0 166.0
14.0 153.0
102.0 114.0
110.0 22.0
125.0 249.0
79.0 147.0
116.0 118.0
177.0 42.0
51.0 191.0
230.0 16.0
77.0 60.0
176.0 54.0
55.0 224.0
36.0 212.0
45.0 32.0
141.0 251.0
153.0 126.0
137.0 34.0
198.0 151.0
247.0 71.0
88.0 161.0
185.0 80.0
192.0 78.0
64.0 61.0
211.0 78.0
90.0 165.0
248.0 103.0
208.0 214.0
154.0 233.0
195.0 16.0
47.0 252.0
187.0 209.0
124.0 28.0
251.0 182.0
102.0 174.0
157.0 132.0
249.0 205.0
59.0 231.0
213.0 44.0
126.0 63.0
37.0 223.0
183.0 149.0
109.0 17.0
59.0 174.0
134.0 228.0
75.0 32.0
205.0 180.0
197.0 199.0
208.0 111.0
249.0 222.0
29.0 70.0
246.0 135.0
114.0 173.0
157.0 9.0
28.0 174.0
62.0 79.0
195.0 95.0
79.0 249.0
37.0 11.0
192.0 65.0
113.0 54.0
216.0 63.0
105.0 188.0
162.0 250.0
79.0 112.0
90.0 199.0
37.0 31.0
124.0 139.0
75.0 7.0
84.0 220.0
237.0 209.0
241.0 130.0
20.0 241.0
82.0 127.0
45.0 170.0
193.0 99.0
158.0 55.0
252.0 25.0
135.0 53.0
164.0 91.0
125.0 176.0
143.0 238.0
125.0 206.0
200.0 246.0
16.0 235.0
199.0 236.0
29.0 145.0
50.0 123.0
112.0 200.0
97.0 231.0
148.0 123.0
132.0 247.0
119.0 230.0
238.0 97.0
68.0 149.0
227.0 43.0
55.0 25.0
49.0 220.0
98.0 121.0
36.0 11.0
157.0 117.0
217.0 153.0
46.0 141.0
240.0 29.0
184.0 163.0
213.0 215.0
207.0 206.0
161.0 132.0
240.0 145.0
9.0 144.0
184.0 94.0
170.0 200.0
242.0 114.0
68.0 177.0
149.0 89.0
207.0 114.0
166.0 76.0
62.0 207.0
226.0 188.0
32.0 38.0
168.0 138.0
71.0 106.0
35.0 132.0
109.0 207.0
8.0 106.0
32.0 128.0
104.0 165.0
208.0 86.0
80.0 55.0
182.0 225.0
230.0 130.0
143.0 12.0
249.0 92.0
209.0 184.0
158.0 19.0
221.0 233.0
68.0 129.0
202.0 206.0
240.0 141.0
93.0 171.0
254.0 71.0
13.0 20.0
161.0 221.0
53.0 63.0
76.0 17.0
185.0 215.0
140.0 127.0
232.0 114.0
13.0 131.0
50.0 101.0
183.0 31.0
22.0 248.0
56.0 24.0
139.0 20.0
