1
2048 1 3.0 0.0 1000.0 3 160 240 100

6.5 13.5 29.3 58.5
13.0 27.0 58.5 117.0
19.5 40.5 87.8 175.5
26.0 54.0 117.0 234.0
39.0 81.0 175.5 351.0
52.0 108.0 234.0 468.0
58.5 121.5 263.3 526.5
65.0 135.0 292.5 585.0
78.0 162.0 351.0 702.0
0.0 180.0 390.0 780.0

2.0 5.0 8.0 11.0
5.0 8.0 11.0 14.0
9.0 12.0 15.0 18.0
11.0 14.0 17.0 20.0
15.0 18.0 21.0 24.0
18.0 21.0 24.0 27.0
20.0 23.0 26.0 29.0
25.0 28.0 31.0 34.0
29.0 32.0 35.0 38.0
0.0 34.0 37.0 40.0

129.0 72.0
230.0 124.0
121.0 184.0
217.0 227.0
204.0 5.0
213.0 63.0
57.0 211.0
13.0 67.0
30.0 30.0
208.0 107.0
8.0 91.0
73.0 226.0
85.0 169.0
214.0 238.0
5.0 215.0
51.0 230.0
114.0 92.0
51.0 44.0
118.0 46.0
182.0 184.0
31.0 214.0
90.0 86.0
5.0 50.0
128.0 65.0
16.0 125.0
104.0 20.0
236.0 34.0
239.0 70.0
206.0 247.0
102.0 85.0
244.0 20.0
115.0 153.0
88.0 70.0
32.0 86.0
71.0 10.0
105.0 116.0
229.0 112.0
221.0 10.0
238.0 38.0
97.0 144.0
212.0 215.0
180.0 126.0
149.0 124.0
240.0 138.0
154.0 60.0
147.0 214.0
133.0 3.0
217.0 243.0
183.0 24.0
242.0 43.0
14.0 10.0
195.0 176.0
0.0 245.0
122.0 214.0
67.0 245.0
76.0 0.0
145.0 37.0
235.0 7.0
5.0 134.0
175.0 195.0
100.0 19.0
75.0 97.0
98.0 30.0
198.0 173.0
95.0 77.0
45.0 16.0
80.0 204.0
153.0 97.0
7.0 53.0
64.0 239.0
185.0 126.0
55.0 139.0
201.0 18.0
33.0 16.0
215.0 143.0
60.0 46.0
222.0 11.0
42.0 77.0
245.0 186.0
157.0 135.0
178.0 122.0
197.0 85.0
107.0 130.0
24.0 107.0
222.0 39.0
176.0 206.0
11.0 187.0
203.0 42.0
228.0 184.0
157.0 184.0
195.0 195.0
182.0 197.0
61.0 68.0
235.0 31.0
210.0 189.0
47.0 1.0
47.0 237.0
197.0 216.0
239.0 129.0
47.0 97.0
29.0 180.0
41.0 230.0
48.0 148.0
222.0 77.0
135.0 78.0
114.0 143.0
217.0 212.0
195.0 24.0
122.0 29.0
226.0 37.0
12.0 51.0
31.0 240.0
181.0 97.0
142.0 180.0
28.0 248.0
7.0 28.0
77.0 90.0
56.0 81.0
230.0 106.0
198.0 164.0
246.0 174.0
178.0 33.0
12.0 163.0
229.0 182.0
222.0 202.0
69.0 38.0
151.0 246.0
83.0 80.0
24.0 138.0
76.0 216.0
33.0 166.0
88.0 102.0
130.0 189.0
23.0 101.0
26.0 200.0
205.0 193.0
151.0 37.0
1.0 169.0
120.0 224.0
234.0 20.0
96.0 31.0
157.0 4.0
215.0 121.0
86.0 171.0
88.0 222.0
94.0 194.0
176.0 98.0
224.0 172.0
168.0 111.0
12.0 117.0
41.0 28.0
152.0 181.0
57.0 243.0
207.0 204.0
243.0 193.0
89.0 248.0
246.0 10.0
70.0 96.0
226.0 62.0
191.0 2.0
50.0 54.0
190.0 30.0
88.0 216.0
198.0 157.0
240.0 125.0
202.0 105.0
117.0 55.0
137.0 191.0
139.0 38.0
249.0 45.0
94.0 154.0
197.0 99.0
43.0 95.0
179.0 85.0
246.0 157.0
158.0 65.0
109.0 89.0
111.0 98.0
216.0 59.0
248.0 206.0
65.0 41.0
242.0 104.0
185.0 32.0
52.0 245.0
144.0 7.0
7.0 14.0
2.0 143.0
92.0 242.0
80.0 118.0
243.0 7.0
226.0 110.0
218.0 14.0
84.0 204.0
209.0 148.0
172.0 198.0
166.0 113.0
134.0 130.0
93.0 131.0
116.0 158.0
177.0 236.0
239.0 231.0
141.0 15.0
12.0 60.0
37.0 198.0
21.0 205.0
18.0 86.0
108.0 157.0
167.0 86.0
17.0 105.0
40.0 216.0
82.0 152.0
148.0 230.0
61.0 37.0
139.0 94.0
73.0 245.0
38.0 97.0
116.0 208.0
192.0 196.0
234.0 81.0
125.0 3.0
204.0 185.0
101.0 143.0
177.0 226.0
223.0 11.0
26.0 245.0
219.0 42.0
193.0 50.0
149.0 131.0
183.0 192.0
31.0 205.0
115.0 132.0
7.0 208.0
93.0 15.0
187.0 115.0
201.0 78.0
136.0 124.0
242.0 8.0
37.0 12.0
163.0 107.0
122.0 177.0
151.0 240.0
19.0 229.0
221.0 44.0
233.0 26.0
166.0 230.0
43.0 148.0
43.0 97.0
149.0 67.0
211.0 218.0
232.0 152.0
212.0 28.0
130.0 119.0
128.0 155.0
166.0 202.0
92.0 109.0
227.0 43.0
213.0 27.0
223.0 162.0
204.0 228.0
174.0 178.0
101.0 147.0
172.0 238.0
6.0 24.0
82.0 201.0
93.0 44.0
125.0 174.0
193.0 179.0
57.0 55.0
79.0 58.0
230.0 65.0
137.0 231.0
120.0 55.0
161.0 33.0
226.0 170.0
101.0 45.0
58.0 61.0
111.0 222.0
241.0 89.0
103.0 66.0
72.0 77.0
40.0 37.0
198.0 200.0
40.0 214.0
104.0 170.0
147.0 7.0
219.0 206.0
219.0 70.0
213.0 58.0
173.0 88.0
137.0 189.0
147.0 208.0
135.0 29.0
198.0 177.0
246.0 27.0
230.0 56.0
136.0 23.0
135.0 226.0
172.0 63.0
226.0 163.0
46.0 38.0
61.0 70.0
227.0 149.0
112.0 240.0
93.0 214.0
12.0 87.0
129.0 179.0
204.0 109.0
171.0 231.0
98.0 89.0
215.0 2.0
185.0 179.0
145.0 135.0
92.0 41.0
12.0 76.0
150.0 72.0
100.0 233.0
87.0 3.0
50.0 249.0
40.0 32.0
127.0 160.0
121.0 158.0
43.0 34.0
109.0 235.0
46.0 19.0
130.0 60.0
53.0 5.0
22.0 125.0
175.0 197.0
113.0 222.0
22.0 195.0
240.0 161.0
27.0 242.0
125.0 167.0
41.0 111.0
34.0 82.0
62.0 176.0
232.0 71.0
237.0 249.0
29.0 82.0
112.0 118.0
49.0 126.0
147.0 231.0
146.0 15.0
106.0 89.0
232.0 237.0
201.0 183.0
54.0 244.0
229.0 130.0
58.0 190.0
208.0 249.0
26.0 31.0
127.0 99.0
211.0 158.0
190.0 86.0
64.0 71.0
37.0 38.0
146.0 174.0
215.0 241.0
170.0 53.0
228.0 208.0
174.0 195.0
96.0 25.0
130.0 137.0
107.0 205.0
113.0 133.0
69.0 1.0
208.0 194.0
134.0 238.0
163.0 220.0
99.0 231.0
94.0 207.0
165.0 236.0
103.0 102.0
161.0 132.0
13.0 202.0
91.0 126.0
200.0 9.0
146.0 91.0
92.0 78.0
156.0 179.0
201.0 150.0
2.0 197.0
129.0 217.0
81.0 33.0
35.0 199.0
239.0 215.0
133.0 248.0
109.0 35.0
91.0 240.0
174.0 192.0
6.0 87.0
103.0 8.0
215.0 62.0
43.0 51.0
246.0 136.0
73.0 86.0
28.0 159.0
94.0 67.0
50.0 249.0
4.0 225.0
212.0 85.0
54.0 76.0
182.0 117.0
109.0 32.0
123.0 7.0
81.0 72.0
238.0 169.0
137.0 23.0
114.0 118.0
77.0 38.0
186.0 127.0
102.0 192.0
190.0 249.0
248.0 159.0
42.0 100.0
73.0 16.0
125.0 83.0
18.0 21.0
77.0 67.0
130.0 17.0
156.0 80.0
196.0 197.0
163.0 150.0
129.0 11.0
136.0 242.0
241.0 63.0
142.0 32.0
143.0 164.0
29.0 99.0
29.0 2.0
88.0 159.0
203.0 237.0
99.0 30.0
231.0 93.0
93.0 93.0
214.0 135.0
190.0 54.0
175.0 179.0
196.0 144.0
180.0 144.0
217.0 206.0
80.0 179.0
85.0 152.0
95.0 228.0
232.0 138.0
22.0 22.0
188.0 55.0
146.0 7.0
202.0 54.0
22.0 84.0
46.0 98.0
85.0 50.0
124.0 109.0
117.0 234.0
70.0 88.0
161.0 95.0
88.0 159.0
45.0 143.0
75.0 33.0
216.0 89.0
182.0 213.0
176.0 202.0
208.0 72.0
100.0 153.0
105.0 239.0
51.0 196.0
144.0 57.0
246.0 108.0
104.0 175.0
161.0 92.0
185.0 156.0
57.0 195.0
129.0 40.0
92.0 84.0
118.0 120.0
218.0 91.0
64.0 1.0
161.0 250.0
230.0 66.0
56.0 116.0
175.0 43.0
159.0 211.0
87.0 179.0
82.0 5.0
126.0 92.0
94.0 166.0
207.0 174.0
78.0 104.0
220.0 239.0
37.0 165.0
10.0 177.0
123.0 131.0
211.0 173.0
217.0 9.0
158.0 125.0
152.0 125.0
79.0 208.0
223.0 151.0
170.0 75.0
212.0 197.0
137.0 28.0
199.0 211.0
174.0 33.0
4.0 219.0
95.0 16.0
154.0 244.0
194.0 201.0
110.0 78.0
210.0 58.0
8.0 126.0
65.0 235.0
22.0 104.0
140.0 176.0
3.0 193.0
134.0 167.0
91.0 64.0
137.0 140.0
107.0 243.0
98.0 105.0
36.0 94.0
187.0 162.0
29.0 45.0
111.0 84.0
123.0 181.0
248.0 58.0
220.0 213.0
47.0 192.0
151.0 86.0
182.0 1.0
247.0 81.0
20.0 107.0
113.0 79.0
30.0 240.0
149.0 197.0
59.0 155.0
154.0 99.0
238.0 161.0
159.0 65.0
51.0 27.0
216.0 235.0
221.0 62.0
166.0 11.0
75.0 21.0
225.0 133.0
135.0 16.0
43.0 47.0
17.0 187.0
207.0 215.0
226.0 209.0
207.0 98.0
68.0 4.0
213.0 87.0
142.0 110.0
58.0 242.0
1.0 205.0
159.0 248.0
81.0 108.0
136.0 55.0
94.0 134.0
229.0 243.0
138.0 246.0
165.0 214.0
64.0 7.0
194.0 116.0
243.0 161.0
67.0 221.0
157.0 199.0
44.0 57.0
55.0 127.0
103.0 120.0
5.0 182.0
37.0 101.0
186.0 51.0
249.0 87.0
128.0 249.0
56.0 18.0
135.0 69.0
183.0 21.0
204.0 135.0
138.0 4.0
58.0 105.0
17.0 5.0
239.0 168.0
62.0 67.0
240.0 19.0
141.0 8.0
6.0 72.0
104.0 215.0
156.0 223.0
52.0 221.0
128.0 50.0
102.0 79.0
234.0 137.0
57.0 131.0
184.0 24.0
194.0 101.0
208.0 113.0
204.0 217.0
206.0 144.0
109.0 153.0
172.0 195.0
85.0 150.0
204.0 207.0
130.0 212.0
222.0 99.0
127.0 109.0
78.0 106.0
121.0 225.0
54.0 32.0
243.0 95.0
57.0 175.0
214.0 36.0
143.0 230.0
230.0 118.0
32.0 70.0
62.0 235.0
138.0 78.0
21.0 135.0
155.0 48.0
10.0 82.0
78.0 210.0
186.0 99.0
91.0 27.0
75.0 105.0
74.0 186.0
44.0 18.0
33.0 49.0
94.0 12.0
76.0 140.0
8.0 127.0
122.0 19.0
181.0 38.0
89.0 24.0
56.0 63.0
123.0 101.0
108.0 96.0
231.0 61.0
180.0 157.0
14.0 140.0
237.0 122.0
243.0 41.0
209.0 224.0
81.0 237.0
131.0 222.0
86.0 80.0
111.0 233.0
166.0 106.0
215.0 2.0
243.0 230.0
170.0 209.0
183.0 79.0
113.0 221.0
107.0 39.0
143.0 23.0
32.0 139.0
41.0 108.0
73.0 217.0
38.0 167.0
30.0 118.0
119.0 8.0
218.0 6.0
125.0 158.0
239.0 153.0
246.0 200.0
183.0 152.0
70.0 185.0
68.0 68.0
139.0 31.0
147.0 80.0
49.0 133.0
12.0 13.0
183.0 229.0
245.0 172.0
230.0 98.0
170.0 24.0
205.0 32.0
86.0 3.0
249.0 27.0
156.0 101.0
49.0 248.0
214.0 169.0
38.0 108.0
28.0 190.0
78.0 124.0
162.0 86.0
160.0 27.0
113.0 198.0
227.0 153.0
210.0 122.0
240.0 225.0
108.0 159.0
238.0 182.0
224.0 201.0
147.0 25.0
68.0 175.0
187.0 219.0
208.0 245.0
36.0 9.0
173.0 18.0
198.0 37.0
185.0 82.0
132.0 15.0
131.0 249.0
201.0 215.0
40.0 196.0
123.0 132.0
112.0 5.0
120.0 244.0
188.0 190.0
50.0 65.0
69.0 50.0
117.0 63.0
211.0 94.0
53.0 1.0
83.0 238.0
0.0 155.0
70.0 137.0
110.0 92.0
106.0 2.0
201.0 79.0
28.0 108.0
143.0 191.0
220.0 245.0
162.0 59.0
155.0 182.0
110.0 204.0
41.0 14.0
37.0 12.0
42.0 96.0
212.0 193.0
152.0 68.0
66.0 131.0
95.0 26.0
85.0 102.0
168.0 236.0
243.0 153.0
45.0 69.0
118.0 225.0
86.0 170.0
179.0 193.0
31.0 179.0
247.0 50.0
15.0 128.0
244.0 3.0
145.0 207.0
118.0 101.0
196.0 164.0
158.0 45.0
64.0 140.0
246.0 149.0
144.0 89.0
115.0 4.0
135.0 198.0
29.0 172.0
84.0 95.0
96.0 97.0
43.0 133.0
1.0 183.0
14.0 148.0
230.0 85.0
191.0 127.0
211.0 65.0
48.0 41.0
78.0 74.0
158.0 157.0
77.0 17.0
155.0 222.0
226.0 18.0
120.0 191.0
112.0 2.0
162.0 25.0
51.0 24.0
100.0 109.0
139.0 67.0
158.0 182.0
34.0 88.0
179.0 213.0
117.0 162.0
168.0 235.0
10.0 148.0
35.0 200.0
211.0 77.0
221.0 232.0
211.0 71.0
201.0 231.0
220.0 127.0
187.0 67.0
240.0 188.0
138.0 205.0
250.0 212.0
15.0 107.0
97.0 33.0
37.0 140.0
250.0 120.0
235.0 217.0
127.0 123.0
186.0 5.0
32.0 207.0
109.0 69.0
28.0 185.0
59.0 153.0
166.0 70.0
53.0 96.0
26.0 187.0
225.0 211.0
100.0 90.0
204.0 234.0
111.0 51.0
226.0 69.0
161.0 231.0
5.0 55.0
193.0 188.0
32.0 82.0
27.0 203.0
189.0 195.0
65.0 201.0
209.0 110.0
79.0 122.0
30.0 167.0
35.0 156.0
160.0 24.0
235.0 49.0
246.0 219.0
121.0 42.0
88.0 61.0
145.0 18.0
163.0 81.0
162.0 32.0
28.0 133.0
135.0 193.0
32.0 2.0
238.0 182.0
98.0 235.0
6.0 15.0
115.0 180.0
11.0 191.0
80.0 65.0
76.0 227.0
163.0 232.0
127.0 92.0
201.0 237.0
88.0 147.0
169.0 55.0
29.0 9.0
11.0 211.0
102.0 53.0
14.0 225.0
92.0 90.0
209.0 55.0
10.0 77.0
134.0 43.0
167.0 7.0
52.0 188.0
29.0 216.0
82.0 115.0
184.0 136.0
228.0 198.0
69.0 89.0
114.0 76.0
186.0 48.0
60.0 139.0
80.0 68.0
164.0 107.0
158.0 188.0
161.0 158.0
25.0 153.0
93.0 90.0
33.0 104.0
184.0 98.0
82.0 225.0
88.0 50.0
6.0 122.0
21.0 182.0
213.0 40.0
73.0 250.0
19.0 74.0
86.0 170.0
229.0 100.0
20.0 61.0
46.0 212.0
62.0 103.0
206.0 15.0
33.0 237.0
64.0 181.0
222.0 15.0
155.0 244.0
72.0 222.0
67.0 177.0
218.0 235.0
44.0 79.0
200.0 99.0
10.0 165.0
193.0 155.0
69.0 249.0
228.0 84.0
53.0 33.0
109.0 85.0
30.0 29.0
126.0 157.0
236.0 50.0
152.0 85.0
205.0 213.0
83.0 234.0
201.0 17.0
102.0 121.0
82.0 85.0
86.0 233.0
93.0 219.0
27.0 202.0
82.0 18.0
143.0 176.0
13.0 68.0
193.0 103.0
150.0 67.0
31.0 185.0
149.0 51.0
53.0 46.0
78.0 177.0
185.0 20.0
202.0 117.0
195.0 235.0
198.0 150.0
109.0 6.0
249.0 120.0
123.0 98.0
64.0 228.0
184.0 245.0
149.0 199.0
244.0 119.0
244.0 170.0
244.0 235.0
132.0 213.0
194.0 145.0
106.0 208.0
50.0 9.0
184.0 118.0
114.0 24.0
216.0 246.0
33.0 183.0
114.0 149.0
12.0 212.0
223.0 179.0
180.0 32.0
172.0 183.0
91.0 224.0
117.0 216.0
198.0 216.0
88.0 172.0
144.0 45.0
213.0 67.0
67.0 39.0
170.0 248.0
171.0 140.0
10.0 134.0
111.0 107.0
76.0 148.0
73.0 169.0
36.0 68.0
227.0 15.0
135.0 70.0
56.0 52.0
55.0 79.0
119.0 194.0
102.0 82.0
114.0 247.0
15.0 114.0
188.0 22.0
205.0 229.0
225.0 115.0
114.0 31.0
190.0 107.0
127.0 188.0
129.0 10.0
96.0 151.0
37.0 80.0
35.0 112.0
60.0 196.0
171.0 50.0
121.0 54.0
39.0 32.0
66.0 246.0
171.0 229.0
34.0 108.0
201.0 199.0
35.0 18.0
63.0 27.0
55.0 169.0
217.0 229.0
54.0 104.0
215.0 157.0
38.0 181.0
162.0 181.0
223.0 119.0
15.0 243.0
64.0 171.0
147.0 207.0
61.0 204.0
234.0 220.0
244.0 97.0
39.0 120.0
108.0 122.0
3.0 242.0
40.0 94.0
105.0 34.0
120.0 68.0
27.0 203.0
231.0 6.0
203.0 183.0
216.0 70.0
167.0 14.0
153.0 66.0
156.0 53.0
110.0 107.0
7.0 239.0
77.0 105.0
175.0 192.0
54.0 68.0
40.0 245.0
120.0 166.0
208.0 86.0
105.0 174.0
89.0 207.0
35.0 142.0
92.0 220.0
112.0 245.0
94.0 125.0
36.0 76.0
134.0 193.0
29.0 180.0
138.0 200.0
15.0 230.0
235.0 21.0
184.0 25.0
89.0 219.0
19.0 64.0
204.0 1.0
136.0 18.0
230.0 52.0
141.0 235.0
114.0 5.0
239.0 208.0
249.0 155.0
164.0 13.0
84.0 89.0
37.0 55.0
226.0 185.0
110.0 211.0
122.0 33.0
117.0 113.0
230.0 120.0
61.0 27.0
137.0 190.0
50.0 182.0
156.0 2.0
117.0 160.0
1.0 25.0
30.0 45.0
174.0 169.0
132.0 85.0
49.0 205.0
109.0 181.0
171.0 115.0
93.0 97.0
115.0 132.0
127.0 58.0
55.0 97.0
19.0 19.0
11.0 27.0
236.0 149.0
50.0 113.0
5.0 180.0
42.0 209.0
124.0 39.0
102.0 127.0
41.0 51.0
212.0 176.0
77.0 241.0
27.0 162.0
219.0 155.0
222.0 120.0
245.0 109.0
24.0 152.0
217.0 139.0
149.0 7.0
245.0 218.0
174.0 151.0
175.0 111.0
176.0 87.0
221.0 76.0
56.0 50.0
92.0 143.0
247.0 216.0
233.0 64.0
101.0 162.0
122.0 44.0
29.0 111.0
111.0 206.0
62.0 54.0
134.0 42.0
42.0 167.0
135.0 163.0
218.0 0.0
173.0 239.0
100.0 206.0
178.0 60.0
202.0 186.0
190.0 226.0
173.0 35.0
180.0 38.0
57.0 30.0
164.0 217.0
54.0 191.0
79.0 138.0
164.0 6.0
3.0 95.0
197.0 247.0
78.0 154.0
158.0 84.0
79.0 232.0
116.0 46.0
118.0 83.0
203.0 171.0
46.0 214.0
202.0 4.0
182.0 30.0
16.0 174.0
40.0 95.0
98.0 85.0
63.0 210.0
247.0 58.0
164.0 47.0
245.0 101.0
207.0 167.0
98.0 24.0
104.0 51.0
236.0 182.0
23.0 82.0
65.0 196.0
29.0 233.0
94.0 67.0
17.0 41.0
159.0 159.0
127.0 225.0
96.0 71.0
141.0 158.0
247.0 17.0
164.0 192.0
37.0 116.0
221.0 149.0
132.0 58.0
191.0 122.0
33.0 198.0
93.0 5.0
245.0 166.0
18.0 33.0
5.0 158.0
79.0 129.0
77.0 120.0
87.0 198.0
220.0 143.0
159.0 62.0
227.0 120.0
112.0 30.0
250.0 124.0
233.0 182.0
188.0 197.0
119.0 241.0
238.0 100.0
94.0 229.0
247.0 123.0
249.0 157.0
93.0 109.0
229.0 66.0
123.0 179.0
215.0 60.0
228.0 175.0
77.0 10.0
222.0 187.0
26.0 186.0
233.0 66.0
125.0 145.0
132.0 150.0
103.0 244.0
100.0 236.0
208.0 220.0
227.0 149.0
172.0 100.0
116.0 73.0
145.0 6.0
14.0 105.0
47.0 227.0
67.0 87.0
77.0 10.0
96.0 44.0
187.0 68.0
116.0 156.0
150.0 134.0
120.0 228.0
148.0 170.0
229.0 200.0
140.0 196.0
93.0 39.0
52.0 228.0
34.0 179.0
176.0 150.0
183.0 232.0
206.0 151.0
226.0 7.0
160.0 158.0
140.0 183.0
242.0 38.0
154.0 44.0
28.0 119.0
200.0 13.0
146.0 173.0
203.0 7.0
212.0 46.0
109.0 211.0
66.0 187.0
113.0 203.0
192.0 156.0
131.0 119.0
6.0 231.0
86.0 186.0
248.0 51.0
176.0 175.0
52.0 69.0
84.0 233.0
54.0 112.0
161.0 24.0
233.0 189.0
169.0 248.0
223.0 239.0
241.0 121.0
160.0 70.0
23.0 227.0
187.0 56.0
24.0 220.0
53.0 228.0
20.0 161.0
38.0 198.0
156.0 90.0
46.0 165.0
225.0 241.0
197.0 81.0
138.0 124.0
136.0 97.0
191.0 10.0
43.0 243.0
16.0 177.0
147.0 82.0
193.0 59.0
130.0 168.0
52.0 40.0
96.0 182.0
248.0 170.0
102.0 189.0
16.0 153.0
73.0 22.0
77.0 16.0
199.0 112.0
211.0 191.0
27.0 135.0
107.0 37.0
220.0 183.0
117.0 151.0
62.0 201.0
160.0 139.0
65.0 13.0
25.0 57.0
130.0 71.0
187.0 68.0
238.0 103.0
27.0 162.0
1.0 192.0
176.0 96.0
183.0 77.0
7.0 29.0
124.0 65.0
124.0 144.0
79.0 11.0
240.0 97.0
8.0 94.0
172.0 210.0
214.0 228.0
225.0 130.0
246.0 229.0
50.0 236.0
71.0 179.0
144.0 156.0
71.0 249.0
195.0 32.0
246.0 42.0
54.0 34.0
43.0 84.0
177.0 135.0
72.0 167.0
189.0 13.0
12.0 32.0
38.0 230.0
78.0 228.0
10.0 167.0
235.0 9.0
203.0 0.0
159.0 223.0
113.0 70.0
249.0 199.0
45.0 42.0
69.0 187.0
128.0 104.0
147.0 240.0
24.0 212.0
134.0 241.0
236.0 5.0
128.0 51.0
233.0 34.0
42.0 121.0
165.0 37.0
187.0 195.0
11.0 43.0
88.0 29.0
65.0 157.0
73.0 151.0
225.0 182.0
12.0 216.0
109.0 56.0
152.0 98.0
101.0 140.0
31.0 145.0
214.0 200.0
34.0 118.0
244.0 1.0
218.0 125.0
2.0 236.0
91.0 172.0
195.0 68.0
80.0 38.0
126.0 149.0
11.0 223.0
175.0 6.0
220.0 25.0
79.0 42.0
227.0 148.0
125.0 165.0
213.0 15.0
125.0 162.0
134.0 47.0
178.0 216.0
58.0 228.0
213.0 47.0
194.0 81.0
178.0 215.0
88.0 3.0
12.0 171.0
57.0 212.0
128.0 234.0
223.0 111.0
178.0 209.0
91.0 227.0
190.0 174.0
166.0 138.0
239.0 56.0
164.0 159.0
108.0 135.0
195.0 103.0
220.0 210.0
92.0 240.0
190.0 221.0
154.0 155.0
133.0 154.0
88.0 5.0
213.0 163.0
36.0 240.0
199.0 115.0
121.0 176.0
124.0 110.0
10.0 105.0
194.0 61.0
41.0 198.0
177.0 248.0
51.0 25.0
30.0 81.0
91.0 58.0
120.0 90.0
6.0 115.0
195.0 4.0
209.0 246.0
52.0 80.0
12.0 110.0
197.0 142.0
202.0 9.0
88.0 136.0
107.0 232.0
102.0 32.0
210.0 247.0
202.0 246.0
188.0 31.0
80.0 48.0
55.0 193.0
115.0 249.0
162.0 60.0
52.0 9.0
111.0 245.0
115.0 181.0
195.0 15.0
85.0 164.0
75.0 74.0
180.0 52.0
157.0 223.0
146.0 171.0
6.0 138.0
20.0 181.0
156.0 88.0
97.0 195.0
3.0 225.0
182.0 219.0
30.0 134.0
54.0 7.0
167.0 149.0
72.0 229.0
170.0 8.0
237.0 205.0
192.0 219.0
31.0 203.0
51.0 80.0
183.0 183.0
244.0 119.0
94.0 133.0
98.0 2.0
192.0 216.0
220.0 62.0
44.0 28.0
10.0 116.0
153.0 50.0
38.0 99.0
141.0 225.0
162.0 68.0
93.0 107.0
67.0 205.0
164.0 149.0
223.0 23.0
96.0 195.0
79.0 17.0
114.0 124.0
101.0 88.0
218.0 81.0
100.0 107.0
234.0 120.0
97.0 80.0
4.0 69.0
23.0 149.0
195.0 63.0
144.0 9.0
3.0 194.0
126.0 120.0
89.0 76.0
4.0 149.0
148.0 169.0
105.0 155.0
95.0 28.0
46.0 79.0
116.0 196.0
2.0 175.0
203.0 26.0
230.0 65.0
62.0 35.0
159.0 178.0
108.0 204.0
182.0 150.0
88.0 184.0
61.0 44.0
159.0 211.0
219.0 99.0
78.0 64.0
203.0 9.0
234.0 242.0
210.0 44.0
19.0 70.0
101.0 153.0
169.0 22.0
146.0 230.0
189.0 125.0
76.0 54.0
110.0 83.0
41.0 226.0
83.0 105.0
181.0 213.0
169.0 235.0
41.0 222.0
208.0 3.0
149.0 129.0
7.0 94.0
121.0 48.0
105.0 227.0
237.0 164.0
217.0 49.0
231.0 27.0
3.0 137.0
93.0 50.0
137.0 24.0
33.0 49.0
195.0 208.0
9.0 180.0
210.0 198.0
92.0 237.0
40.0 187.0
210.0 51.0
24.0 11.0
153.0 70.0
197.0 124.0
22.0 235.0
156.0 120.0
119.0 109.0
231.0 152.0
76.0 5.0
185.0 159.0
122.0 180.0
200.0 132.0
142.0 235.0
17.0 185.0
46.0 148.0
111.0 56.0
249.0 210.0
128.0 179.0
133.0 166.0
113.0 61.0
186.0 208.0
112.0 242.0
47.0 250.0
58.0 197.0
36.0 240.0
158.0 86.0
25.0 85.0
48.0 66.0
96.0 63.0
75.0 225.0
229.0 161.0
93.0 205.0
75.0 104.0
247.0 212.0
192.0 130.0
20.0 96.0
180.0 154.0
138.0 72.0
206.0 1.0
231.0 165.0
230.0 222.0
221.0 35.0
59.0 54.0
210.0 167.0
159.0 162.0
216.0 209.0
221.0 93.0
146.0 51.0
45.0 209.0
248.0 62.0
113.0 162.0
36.0 210.0
31.0 38.0
60.0 89.0
90.0 111.0
158.0 223.0
15.0 227.0
153.0 34.0
1.0 113.0
37.0 219.0
244.0 5.0
223.0 54.0
206.0 38.0
17.0 239.0
166.0 144.0
34.0 186.0
187.0 32.0
78.0 221.0
188.0 132.0
83.0 1.0
101.0 188.0
14.0 227.0
198.0 7.0
197.0 72.0
180.0 189.0
104.0 51.0
239.0 207.0
184.0 116.0
78.0 35.0
144.0 66.0
194.0 82.0
151.0 206.0
61.0 239.0
219.0 197.0
128.0 183.0
137.0 164.0
148.0 114.0
88.0 139.0
137.0 200.0
163.0 11.0
86.0 23.0
66.0 200.0
110.0 183.0
87.0 103.0
37.0 226.0
6.0 138.0
241.0 168.0
134.0 79.0
92.0 182.0
33.0 122.0
206.0 70.0
234.0 244.0
249.0 208.0
137.0 189.0
95.0 245.0
27.0 3.0
219.0 86.0
7.0 74.0
1.0 70.0
178.0 241.0
195.0 22.0
224.0 36.0
120.0 178.0
114.0 7.0
197.0 70.0
202.0 58.0
6.0 224.0
66.0 130.0
133.0 142.0
237.0 39.0
88.0 50.0
35.0 152.0
189.0 240.0
44.0 118.0
86.0 135.0
60.0 188.0
174.0 20.0
167.0 232.0
202.0 190.0
165.0 99.0
205.0 85.0
117.0 59.0
195.0 40.0
109.0 101.0
94.0 103.0
133.0 197.0
240.0 151.0
53.0 180.0
70.0 154.0
177.0 224.0
174.0 190.0
42.0 197.0
212.0 164.0
47.0 249.0
13.0 241.0
159.0 42.0
210.0 49.0
225.0 87.0
119.0 41.0
221.0 238.0
86.0 206.0
94.0 182.0
132.0 128.0
169.0 90.0
250.0 221.0
141.0 152.0
52.0 10.0
248.0 29.0
10.0 161.0
25.0 79.0
90.0 246.0
113.0 8.0
170.0 88.0
135.0 175.0
161.0 43.0
248.0 87.0
83.0 164.0
12.0 187.0
156.0 20.0
47.0 79.0
33.0 214.0
7.0 187.0
98.0 243.0
208.0 122.0
85.0 140.0
62.0 97.0
80.0 158.0
48.0 73.0
11.0 44.0
220.0 90.0
90.0 66.0
124.0 78.0
172.0 195.0
3.0 244.0
113.0 239.0
24.0 202.0
241.0 210.0
35.0 58.0
121.0 73.0
219.0 247.0
124.0 76.0
20.0 220.0
91.0 136.0
83.0 128.0
227.0 140.0
214.0 1.0
162.0 2.0
219.0 182.0
164.0 190.0
12.0 139.0
71.0 232.0
215.0 41.0
65.0 244.0
24.0 98.0
223.0 141.0
192.0 181.0
83.0 192.0
12.0 77.0
45.0 208.0
40.0 45.0
230.0 145.0
68.0 136.0
220.0 27.0
198.0 81.0
185.0 126.0
161.0 71.0
206.0 146.0
113.0 111.0
168.0 233.0
165.0 163.0
143.0 199.0
4.0 115.0
37.0 135.0
6.0 172.0
30.0 184.0
46.0 88.0
207.0 35.0
50.0 204.0
50.0 16.0
113.0 79.0
36.0 231.0
101.0 73.0
166.0 244.0
192.0 31.0
33.0 133.0
139.0 41.0
112.0 35.0
100.0 68.0
36.0 129.0
176.0 44.0
149.0 68.0
135.0 83.0
217.0 161.0
97.0 53.0
229.0 206.0
15.0 16.0
41.0 145.0
116.0 173.0
163.0 66.0
6.0 184.0
68.0 104.0
225.0 119.0
203.0 127.0
96.0 55.0
205.0 148.0
3.0 184.0
126.0 228.0
96.0 76.0
41.0 162.0
164.0 86.0
227.0 110.0
46.0 184.0
149.0 89.0
222.0 55.0
80.0 97.0
44.0 133.0
208.0 178.0
147.0 47.0
185.0 63.0
125.0 250.0
92.0 75.0
127.0 202.0
151.0 55.0
78.0 249.0
41.0 127.0
79.0 179.0
12.0 183.0
48.0 240.0
36.0 25.0
20.0 229.0
67.0 175.0
78.0 35.0
12.0 168.0
173.0 150.0
121.0 206.0
198.0 145.0
25.0 118.0
197.0 235.0
238.0 129.0
191.0 86.0
2.0 10.0
145.0 87.0
144.0 233.0
159.0 120.0
206.0 71.0
47.0 190.0
151.0 162.0
18.0 53.0
21.0 87.0
226.0 96.0
225.0 103.0
47.0 222.0
210.0 221.0
225.0 115.0
74.0 132.0
107.0 35.0
242.0 47.0
236.0 115.0
136.0 88.0
168.0 202.0
91.0 167.0
128.0 84.0
79.0 103.0
11.0 23.0
103.0 56.0
223.0 56.0
205.0 151.0
229.0 111.0
83.0 234.0
187.0 32.0
119.0 13.0
160.0 171.0
209.0 164.0
156.0 30.0
48.0 9.0
116.0 222.0
158.0 237.0
226.0 125.0
176.0 143.0
43.0 116.0
59.0 226.0
189.0 119.0
124.0 16.0
231.0 7.0
162.0 71.0
124.0 199.0
211.0 154.0
201.0 116.0
81.0 147.0
234.0 223.0
93.0 103.0
146.0 186.0
3.0 103.0
47.0 3.0
190.0 188.0
41.0 2.0
225.0 183.0
98.0 208.0
246.0 38.0
67.0 82.0
151.0 129.0
241.0 13.0
163.0 28.0
199.0 193.0
124.0 54.0
181.0 126.0
236.0 238.0
107.0 39.0
209.0 150.0
136.0 52.0
153.0 73.0
227.0 16.0
69.0 121.0
233.0 241.0
137.0 154.0
132.0 153.0
37.0 198.0
14.0 224.0
119.0 121.0
87.0 100.0
37.0 127.0
186.0 124.0
47.0 208.0
154.0 70.0
195.0 240.0
236.0 164.0
221.0 223.0
213.0 71.0
46.0 248.0
32.0 50.0
21.0 55.0
52.0 89.0
195.0 127.0
38.0 96.0
154.0 89.0
123.0 69.0
57.0 209.0
24.0 221.0
52.0 145.0
98.0 85.0
66.0 125.0
133.0 203.0
37.0 68.0
110.0 71.0
201.0 208.0
190.0 40.0
127.0 105.0
40.0 234.0
236.0 239.0
129.0 68.0
124.0 177.0
232.0 30.0
60.0 157.0
153.0 202.0
85.0 184.0
11.0 66.0
217.0 113.0
10.0 167.0
72.0 208.0
125.0 75.0
17.0 236.0
15.0 103.0
44.0 3.0
240.0 64.0
113.0 241.0
176.0 177.0
20.0 131.0
116.0 26.0
162.0 5.0
64.0 49.0
138.0 128.0
77.0 88.0
184.0 232.0
49.0 103.0
235.0 75.0
163.0 215.0
17.0 81.0
25.0 38.0
69.0 196.0
84.0 104.0
221.0 145.0
242.0 211.0
68.0 110.0
98.0 128.0
70.0 130.0
139.0 102.0
216.0 111.0
189.0 229.0
244.0 139.0
33.0 24.0
221.0 99.0
182.0 105.0
119.0 165.0
49.0 209.0
63.0 46.0
144.0 90.0
247.0 175.0
166.0 133.0
80.0 106.0
229.0 98.0
185.0 164.0
248.0 227.0
185.0 12.0
58.0 240.0
20.0 42.0
196.0 69.0
111.0 121.0
38.0 6.0
233.0 246.0
85.0 210.0
49.0 240.0
230.0 139.0
23.0 186.0
165.0 239.0
59.0 101.0
138.0 53.0
205.0 160.0
99.0 228.0
125.0 120.0
57.0 202.0
79.0 109.0
75.0 170.0
226.0 59.0
95.0 245.0
118.0 87.0
144.0 32.0
63.0 209.0
244.0 154.0
126.0 75.0
184.0 72.0
46.0 236.0
133.0 129.0
222.0 5.0
95.0 11.0
181.0 47.0
80.0 197.0
34.0 132.0
112.0 211.0
230.0 67.0
68.0 121.0
226.0 116.0
106.0 226.0
11.0 38.0
30.0 245.0
232.0 196.0
1.0 91.0
224.0 223.0
52.0 144.0
77.0 84.0
182.0 247.0
167.0 142.0
135.0 216.0
149.0 194.0
5.0 202.0
227.0 206.0
131.0 76.0
61.0 90.0
68.0 63.0
15.0 132.0
228.0 141.0
217.0 25.0
74.0 80.0
20.0 12.0
116.0 16.0
211.0 194.0
198.0 40.0
163.0 158.0
205.0 79.0
186.0 80.0
63.0 180.0
115.0 103.0
15.0 107.0
27.0 13.0
202.0 206.0
14.0 129.0
123.0 103.0
5.0 74.0
146.0 63.0
205.0 198.0
30.0 174.0
15.0 210.0
233.0 86.0
122.0 159.0
92.0 93.0
10.0 193.0
49.0 137.0
189.0 116.0
113.0 176.0
29.0 46.0
100.0 115.0
122.0 66.0
248.0 90.0

134.0 77.0
235.0 130.0
126.0 188.0
223.0 233.0
208.0 10.0
219.0 67.0
62.0 217.0
17.0 71.0
34.0 35.0
214.0 113.0
12.0 96.0
78.0 231.0
90.0 174.0
219.0 243.0
10.0 219.0
56.0 234.0
119.0 98.0
56.0 48.0
124.0 50.0
188.0 188.0
36.0 219.0
96.0 91.0
10.0 54.0
133.0 71.0
21.0 130.0
109.0 24.0
242.0 40.0
244.0 75.0
211.0 253.0
107.0 91.0
250.0 24.0
121.0 157.0
92.0 75.0
37.0 90.0
77.0 16.0
109.0 120.0
234.0 116.0
226.0 16.0
243.0 42.0
103.0 150.0
218.0 219.0
186.0 130.0
154.0 129.0
245.0 143.0
159.0 66.0
152.0 220.0
138.0 7.0
223.0 248.0
188.0 29.0
247.0 47.0
18.0 15.0
200.0 181.0
6.0 249.0
127.0 220.0
71.0 250.0
81.0 5.0
151.0 43.0
239.0 11.0
11.0 139.0
181.0 201.0
106.0 25.0
80.0 103.0
103.0 35.0
203.0 178.0
100.0 83.0
50.0 20.0
86.0 210.0
157.0 103.0
12.0 57.0
70.0 244.0
190.0 130.0
60.0 144.0
206.0 22.0
39.0 20.0
221.0 148.0
65.0 50.0
227.0 16.0
47.0 82.0
250.0 191.0
161.0 139.0
184.0 127.0
203.0 91.0
111.0 134.0
28.0 111.0
227.0 45.0
181.0 211.0
17.0 192.0
207.0 48.0
233.0 190.0
162.0 190.0
200.0 200.0
188.0 203.0
66.0 72.0
241.0 36.0
214.0 194.0
53.0 5.0
53.0 242.0
203.0 221.0
244.0 134.0
53.0 102.0
34.0 185.0
47.0 234.0
53.0 153.0
226.0 81.0
141.0 82.0
120.0 148.0
223.0 217.0
199.0 30.0
127.0 34.0
230.0 42.0
16.0 57.0
36.0 245.0
187.0 102.0
147.0 184.0
32.0 252.0
12.0 33.0
82.0 95.0
60.0 85.0
235.0 111.0
202.0 168.0
251.0 179.0
183.0 38.0
18.0 168.0
234.0 186.0
228.0 206.0
74.0 44.0
155.0 251.0
87.0 84.0
29.0 143.0
80.0 221.0
38.0 171.0
94.0 107.0
134.0 193.0
28.0 105.0
30.0 205.0
209.0 198.0
157.0 42.0
6.0 174.0
124.0 228.0
238.0 24.0
101.0 35.0
161.0 9.0
221.0 126.0
91.0 175.0
93.0 227.0
98.0 199.0
180.0 102.0
228.0 177.0
174.0 116.0
16.0 121.0
46.0 32.0
157.0 185.0
62.0 247.0
211.0 209.0
248.0 198.0
94.0 253.0
252.0 16.0
75.0 101.0
232.0 66.0
197.0 7.0
54.0 58.0
195.0 35.0
93.0 221.0
204.0 162.0
245.0 130.0
208.0 109.0
123.0 60.0
143.0 196.0
144.0 42.0
253.0 50.0
99.0 158.0
202.0 105.0
49.0 100.0
185.0 90.0
252.0 161.0
163.0 70.0
115.0 94.0
117.0 102.0
220.0 64.0
254.0 210.0
69.0 47.0
247.0 109.0
190.0 37.0
58.0 250.0
150.0 12.0
12.0 19.0
7.0 148.0
97.0 248.0
84.0 124.0
247.0 12.0
231.0 114.0
223.0 20.0
89.0 209.0
214.0 152.0
178.0 202.0
172.0 118.0
139.0 135.0
97.0 137.0
122.0 164.0
183.0 242.0
244.0 237.0
145.0 20.0
17.0 66.0
43.0 202.0
25.0 209.0
22.0 90.0
113.0 162.0
171.0 91.0
23.0 111.0
45.0 220.0
88.0 156.0
154.0 235.0
66.0 41.0
145.0 99.0
79.0 251.0
43.0 102.0
121.0 214.0
197.0 200.0
240.0 87.0
130.0 8.0
209.0 189.0
106.0 147.0
182.0 232.0
228.0 16.0
30.0 250.0
223.0 46.0
198.0 54.0
154.0 137.0
189.0 198.0
35.0 210.0
119.0 137.0
13.0 213.0
97.0 20.0
191.0 119.0
207.0 84.0
141.0 128.0
248.0 13.0
42.0 18.0
169.0 113.0
128.0 182.0
157.0 245.0
23.0 233.0
225.0 49.0
238.0 31.0
172.0 236.0
48.0 153.0
49.0 102.0
155.0 72.0
216.0 223.0
237.0 158.0
217.0 34.0
134.0 125.0
132.0 160.0
170.0 206.0
97.0 114.0
231.0 48.0
218.0 32.0
229.0 168.0
209.0 233.0
178.0 183.0
106.0 151.0
178.0 243.0
12.0 29.0
88.0 205.0
98.0 49.0
130.0 178.0
199.0 184.0
61.0 60.0
83.0 63.0
235.0 70.0
143.0 236.0
125.0 60.0
166.0 39.0
231.0 176.0
106.0 51.0
63.0 65.0
117.0 226.0
245.0 95.0
107.0 71.0
78.0 82.0
45.0 42.0
202.0 206.0
46.0 218.0
108.0 176.0
152.0 12.0
224.0 211.0
225.0 75.0
217.0 63.0
179.0 93.0
141.0 193.0
152.0 213.0
141.0 35.0
202.0 183.0
251.0 32.0
235.0 60.0
142.0 29.0
139.0 231.0
177.0 67.0
231.0 168.0
51.0 44.0
67.0 75.0
233.0 153.0
116.0 245.0
99.0 218.0
17.0 92.0
135.0 184.0
209.0 114.0
176.0 235.0
103.0 95.0
221.0 7.0
190.0 184.0
150.0 139.0
96.0 47.0
17.0 82.0
155.0 76.0
106.0 237.0
93.0 8.0
55.0 253.0
46.0 36.0
131.0 165.0
127.0 164.0
48.0 38.0
114.0 240.0
50.0 24.0
136.0 64.0
59.0 9.0
26.0 129.0
180.0 202.0
119.0 228.0
26.0 200.0
246.0 167.0
32.0 247.0
129.0 172.0
47.0 115.0
38.0 88.0
67.0 181.0
238.0 77.0
243.0 255.0
34.0 86.0
117.0 124.0
53.0 130.0
152.0 236.0
151.0 19.0
112.0 93.0
237.0 242.0
205.0 189.0
60.0 249.0
234.0 136.0
63.0 195.0
213.0 254.0
32.0 37.0
132.0 104.0
217.0 163.0
195.0 92.0
68.0 76.0
41.0 44.0
152.0 178.0
221.0 246.0
175.0 57.0
233.0 214.0
179.0 199.0
100.0 30.0
134.0 141.0
113.0 210.0
117.0 138.0
74.0 7.0
213.0 199.0
138.0 243.0
167.0 225.0
105.0 235.0
99.0 213.0
170.0 241.0
108.0 107.0
166.0 136.0
17.0 207.0
95.0 130.0
205.0 13.0
151.0 95.0
97.0 82.0
161.0 185.0
205.0 155.0
7.0 201.0
135.0 222.0
86.0 38.0
41.0 203.0
243.0 220.0
139.0 253.0
113.0 40.0
96.0 245.0
179.0 197.0
12.0 92.0
108.0 13.0
219.0 67.0
49.0 56.0
250.0 141.0
78.0 91.0
34.0 164.0
98.0 72.0
56.0 255.0
10.0 231.0
217.0 91.0
58.0 80.0
187.0 123.0
115.0 37.0
128.0 12.0
86.0 78.0
244.0 174.0
142.0 28.0
119.0 122.0
82.0 43.0
190.0 131.0
108.0 196.0
195.0 254.0
254.0 164.0
46.0 105.0
77.0 20.0
130.0 89.0
23.0 25.0
81.0 72.0
134.0 22.0
162.0 84.0
201.0 203.0
168.0 154.0
134.0 15.0
142.0 247.0
245.0 69.0
147.0 38.0
147.0 170.0
34.0 104.0
34.0 6.0
93.0 163.0
207.0 242.0
104.0 34.0
237.0 98.0
97.0 98.0
219.0 140.0
195.0 59.0
180.0 184.0
201.0 150.0
185.0 148.0
221.0 210.0
84.0 183.0
90.0 156.0
99.0 233.0
237.0 144.0
26.0 27.0
194.0 61.0
152.0 13.0
207.0 59.0
27.0 89.0
51.0 103.0
90.0 54.0
128.0 115.0
122.0 240.0
75.0 92.0
167.0 101.0
92.0 165.0
49.0 147.0
80.0 38.0
221.0 95.0
187.0 217.0
181.0 207.0
213.0 77.0
105.0 158.0
109.0 243.0
55.0 200.0
149.0 63.0
252.0 113.0
109.0 180.0
166.0 98.0
190.0 161.0
62.0 200.0
134.0 45.0
97.0 89.0
123.0 125.0
222.0 95.0
68.0 6.0
166.0 254.0
236.0 71.0
62.0 122.0
180.0 48.0
163.0 216.0
93.0 183.0
86.0 10.0
132.0 97.0
99.0 171.0
211.0 179.0
83.0 108.0
225.0 244.0
43.0 170.0
15.0 183.0
128.0 137.0
216.0 177.0
221.0 15.0
162.0 129.0
156.0 129.0
84.0 213.0
228.0 156.0
175.0 81.0
218.0 201.0
142.0 34.0
203.0 216.0
179.0 39.0
8.0 224.0
101.0 21.0
159.0 248.0
200.0 206.0
116.0 84.0
214.0 62.0
12.0 132.0
69.0 241.0
28.0 110.0
145.0 181.0
9.0 199.0
139.0 172.0
95.0 70.0
143.0 144.0
112.0 247.0
104.0 110.0
40.0 99.0
193.0 167.0
34.0 51.0
115.0 89.0
128.0 186.0
253.0 63.0
226.0 217.0
52.0 197.0
156.0 91.0
188.0 5.0
251.0 85.0
26.0 112.0
118.0 83.0
35.0 245.0
155.0 202.0
64.0 161.0
159.0 104.0
243.0 167.0
165.0 70.0
55.0 32.0
222.0 240.0
225.0 66.0
171.0 16.0
81.0 26.0
231.0 139.0
139.0 20.0
48.0 53.0
22.0 192.0
213.0 220.0
230.0 214.0
213.0 103.0
74.0 10.0
217.0 91.0
147.0 115.0
63.0 247.0
6.0 210.0
164.0 252.0
86.0 113.0
141.0 60.0
99.0 139.0
234.0 248.0
142.0 252.0
171.0 219.0
69.0 12.0
199.0 121.0
248.0 166.0
71.0 225.0
162.0 205.0
49.0 62.0
60.0 133.0
107.0 125.0
10.0 188.0
42.0 107.0
190.0 55.0
254.0 92.0
133.0 254.0
62.0 24.0
140.0 74.0
189.0 27.0
210.0 139.0
144.0 8.0
62.0 111.0
22.0 9.0
244.0 173.0
67.0 72.0
244.0 24.0
146.0 13.0
11.0 77.0
108.0 221.0
161.0 228.0
57.0 227.0
134.0 54.0
107.0 84.0
239.0 142.0
61.0 136.0
189.0 29.0
199.0 105.0
213.0 118.0
209.0 221.0
211.0 149.0
115.0 159.0
177.0 200.0
89.0 156.0
209.0 212.0
135.0 217.0
228.0 104.0
132.0 115.0
83.0 111.0
127.0 231.0
59.0 37.0
248.0 100.0
61.0 181.0
219.0 41.0
148.0 234.0
234.0 122.0
38.0 74.0
66.0 240.0
143.0 84.0
26.0 139.0
159.0 52.0
15.0 86.0
83.0 215.0
191.0 105.0
97.0 33.0
79.0 109.0
80.0 192.0
49.0 22.0
38.0 54.0
99.0 17.0
81.0 145.0
13.0 131.0
127.0 25.0
185.0 43.0
94.0 29.0
62.0 67.0
127.0 106.0
113.0 101.0
237.0 67.0
185.0 163.0
20.0 145.0
242.0 127.0
248.0 46.0
214.0 229.0
86.0 243.0
137.0 227.0
91.0 85.0
115.0 237.0
171.0 110.0
219.0 7.0
248.0 236.0
175.0 214.0
188.0 84.0
118.0 225.0
112.0 44.0
149.0 27.0
36.0 143.0
47.0 114.0
77.0 222.0
43.0 171.0
34.0 124.0
124.0 14.0
224.0 12.0
131.0 164.0
243.0 159.0
251.0 205.0
188.0 156.0
75.0 190.0
73.0 72.0
144.0 37.0
151.0 86.0
54.0 139.0
18.0 18.0
188.0 235.0
250.0 177.0
235.0 104.0
176.0 29.0
210.0 37.0
91.0 7.0
254.0 32.0
160.0 105.0
53.0 252.0
219.0 174.0
42.0 112.0
33.0 195.0
84.0 130.0
168.0 90.0
165.0 32.0
118.0 203.0
233.0 158.0
214.0 126.0
245.0 230.0
113.0 164.0
242.0 188.0
228.0 205.0
153.0 30.0
73.0 180.0
192.0 225.0
214.0 250.0
41.0 15.0
178.0 23.0
202.0 42.0
190.0 86.0
137.0 19.0
136.0 254.0
206.0 219.0
45.0 201.0
129.0 136.0
116.0 11.0
124.0 248.0
193.0 196.0
55.0 69.0
74.0 54.0
121.0 68.0
217.0 99.0
58.0 7.0
87.0 244.0
6.0 160.0
75.0 142.0
115.0 96.0
112.0 8.0
206.0 83.0
33.0 113.0
148.0 197.0
225.0 250.0
167.0 64.0
161.0 188.0
115.0 210.0
46.0 19.0
41.0 17.0
46.0 100.0
218.0 198.0
157.0 74.0
71.0 137.0
101.0 31.0
90.0 108.0
173.0 241.0
248.0 157.0
51.0 75.0
124.0 229.0
92.0 174.0
184.0 197.0
35.0 184.0
252.0 55.0
20.0 133.0
250.0 7.0
149.0 211.0
123.0 105.0
201.0 168.0
162.0 49.0
69.0 146.0
252.0 154.0
149.0 95.0
120.0 10.0
140.0 203.0
34.0 176.0
90.0 101.0
100.0 102.0
48.0 139.0
6.0 188.0
20.0 154.0
234.0 89.0
197.0 131.0
215.0 70.0
52.0 45.0
84.0 80.0
163.0 162.0
82.0 22.0
160.0 228.0
231.0 24.0
126.0 196.0
118.0 8.0
168.0 30.0
56.0 30.0
104.0 113.0
145.0 71.0
163.0 188.0
39.0 93.0
185.0 218.0
121.0 167.0
172.0 239.0
15.0 153.0
39.0 206.0
217.0 83.0
227.0 237.0
215.0 75.0
205.0 237.0
226.0 131.0
193.0 71.0
244.0 192.0
143.0 211.0
254.0 217.0
21.0 112.0
103.0 38.0
42.0 145.0
255.0 125.0
240.0 222.0
133.0 128.0
192.0 9.0
36.0 212.0
113.0 73.0
33.0 191.0
64.0 159.0
172.0 76.0
59.0 102.0
30.0 191.0
229.0 216.0
105.0 95.0
209.0 240.0
116.0 56.0
231.0 75.0
165.0 235.0
10.0 59.0
198.0 193.0
38.0 86.0
31.0 208.0
194.0 199.0
69.0 207.0
214.0 115.0
85.0 128.0
35.0 171.0
40.0 160.0
166.0 29.0
240.0 53.0
251.0 224.0
127.0 48.0
93.0 67.0
151.0 24.0
168.0 86.0
167.0 38.0
32.0 138.0
140.0 198.0
37.0 8.0
244.0 187.0
102.0 241.0
11.0 21.0
121.0 185.0
16.0 197.0
84.0 70.0
80.0 233.0
169.0 237.0
132.0 97.0
206.0 242.0
93.0 152.0
175.0 60.0
34.0 15.0
17.0 216.0
106.0 57.0
18.0 229.0
96.0 95.0
214.0 61.0
16.0 81.0
140.0 48.0
172.0 12.0
58.0 193.0
33.0 221.0
87.0 119.0
189.0 142.0
233.0 203.0
74.0 94.0
118.0 81.0
192.0 53.0
65.0 143.0
85.0 73.0
168.0 111.0
162.0 193.0
166.0 163.0
30.0 159.0
98.0 95.0
38.0 109.0
188.0 103.0
86.0 231.0
93.0 55.0
11.0 127.0
26.0 186.0
218.0 46.0
78.0 255.0
24.0 79.0
90.0 176.0
235.0 106.0
25.0 67.0
51.0 217.0
67.0 108.0
210.0 21.0
37.0 241.0
70.0 186.0
227.0 21.0
160.0 249.0
76.0 228.0
73.0 182.0
222.0 240.0
48.0 84.0
204.0 103.0
15.0 170.0
198.0 160.0
74.0 254.0
234.0 89.0
59.0 39.0
114.0 89.0
36.0 34.0
131.0 162.0
240.0 54.0
158.0 91.0
210.0 218.0
87.0 239.0
206.0 23.0
108.0 127.0
86.0 89.0
91.0 239.0
99.0 225.0
32.0 206.0
86.0 23.0
149.0 181.0
19.0 74.0
199.0 107.0
156.0 71.0
35.0 189.0
154.0 57.0
58.0 50.0
83.0 182.0
190.0 24.0
206.0 122.0
200.0 240.0
203.0 155.0
114.0 11.0
255.0 126.0
127.0 103.0
70.0 234.0
189.0 251.0
154.0 203.0
249.0 124.0
248.0 174.0
249.0 241.0
137.0 218.0
200.0 151.0
110.0 214.0
56.0 13.0
190.0 123.0
119.0 30.0
221.0 252.0
37.0 188.0
119.0 154.0
17.0 217.0
228.0 183.0
185.0 37.0
177.0 188.0
96.0 230.0
121.0 222.0
203.0 221.0
92.0 177.0
150.0 50.0
219.0 72.0
71.0 45.0
175.0 254.0
176.0 145.0
15.0 139.0
117.0 112.0
80.0 154.0
78.0 173.0
41.0 73.0
232.0 20.0
140.0 75.0
61.0 58.0
59.0 85.0
124.0 200.0
107.0 86.0
119.0 252.0
19.0 119.0
193.0 27.0
210.0 234.0
229.0 119.0
118.0 35.0
195.0 113.0
131.0 193.0
133.0 14.0
100.0 155.0
42.0 85.0
41.0 116.0
65.0 202.0
176.0 54.0
126.0 59.0
43.0 38.0
71.0 252.0
176.0 235.0
38.0 114.0
205.0 203.0
41.0 24.0
68.0 33.0
61.0 174.0
222.0 233.0
58.0 110.0
219.0 163.0
43.0 185.0
167.0 187.0
227.0 125.0
21.0 248.0
68.0 176.0
153.0 212.0
65.0 209.0
238.0 226.0
249.0 102.0
44.0 125.0
113.0 126.0
8.0 247.0
46.0 98.0
110.0 39.0
124.0 74.0
33.0 208.0
236.0 11.0
208.0 188.0
220.0 74.0
172.0 19.0
159.0 71.0
161.0 58.0
116.0 111.0
12.0 244.0
83.0 109.0
181.0 197.0
60.0 74.0
44.0 250.0
126.0 171.0
214.0 91.0
110.0 179.0
94.0 213.0
40.0 148.0
97.0 226.0
117.0 250.0
99.0 130.0
40.0 81.0
138.0 198.0
34.0 186.0
142.0 204.0
19.0 235.0
240.0 25.0
190.0 31.0
94.0 225.0
24.0 69.0
209.0 7.0
140.0 23.0
235.0 56.0
146.0 240.0
120.0 10.0
244.0 213.0
253.0 160.0
169.0 17.0
90.0 93.0
42.0 59.0
230.0 190.0
115.0 215.0
127.0 37.0
123.0 118.0
236.0 124.0
66.0 31.0
142.0 194.0
56.0 186.0
161.0 8.0
121.0 164.0
5.0 29.0
35.0 50.0
179.0 174.0
137.0 91.0
54.0 209.0
114.0 185.0
177.0 119.0
99.0 102.0
120.0 138.0
132.0 64.0
60.0 101.0
24.0 24.0
16.0 33.0
241.0 154.0
54.0 118.0
10.0 184.0
46.0 215.0
130.0 44.0
106.0 132.0
46.0 56.0
217.0 181.0
83.0 247.0
31.0 166.0
224.0 161.0
226.0 126.0
249.0 115.0
29.0 156.0
223.0 143.0
154.0 12.0
250.0 223.0
178.0 155.0
180.0 115.0
181.0 92.0
227.0 81.0
61.0 56.0
97.0 149.0
251.0 221.0
239.0 69.0
106.0 168.0
127.0 49.0
34.0 116.0
117.0 212.0
66.0 59.0
140.0 47.0
46.0 172.0
140.0 168.0
223.0 6.0
178.0 244.0
106.0 212.0
183.0 64.0
208.0 191.0
195.0 231.0
179.0 40.0
186.0 43.0
63.0 36.0
168.0 222.0
58.0 195.0
83.0 143.0
168.0 12.0
8.0 100.0
203.0 252.0
84.0 160.0
164.0 89.0
85.0 236.0
121.0 50.0
124.0 89.0
207.0 175.0
51.0 220.0
206.0 9.0
186.0 35.0
21.0 180.0
45.0 100.0
103.0 90.0
68.0 215.0
252.0 63.0
169.0 51.0
249.0 107.0
212.0 172.0
104.0 28.0
109.0 56.0
242.0 188.0
29.0 87.0
69.0 201.0
33.0 237.0
99.0 72.0
21.0 46.0
163.0 164.0
131.0 231.0
101.0 76.0
146.0 164.0
251.0 22.0
170.0 196.0
42.0 122.0
225.0 153.0
137.0 64.0
196.0 127.0
37.0 202.0
98.0 10.0
249.0 171.0
23.0 38.0
10.0 163.0
85.0 134.0
82.0 125.0
93.0 203.0
226.0 148.0
165.0 67.0
232.0 124.0
118.0 35.0
255.0 128.0
238.0 187.0
193.0 202.0
124.0 245.0
244.0 105.0
99.0 233.0
252.0 127.0
255.0 163.0
97.0 115.0
234.0 71.0
128.0 185.0
219.0 66.0
233.0 180.0
83.0 16.0
228.0 192.0
31.0 191.0
238.0 70.0
130.0 149.0
137.0 155.0
107.0 249.0
105.0 241.0
212.0 226.0
232.0 155.0
177.0 105.0
122.0 79.0
150.0 11.0
18.0 110.0
52.0 232.0
71.0 93.0
82.0 16.0
102.0 49.0
191.0 72.0
121.0 162.0
156.0 139.0
125.0 232.0
152.0 175.0
233.0 206.0
144.0 200.0
97.0 44.0
57.0 234.0
39.0 184.0
180.0 155.0
188.0 236.0
210.0 156.0
232.0 12.0
165.0 164.0
145.0 187.0
247.0 42.0
158.0 48.0
32.0 125.0
205.0 18.0
152.0 177.0
209.0 12.0
216.0 51.0
115.0 216.0
71.0 192.0
118.0 208.0
197.0 161.0
135.0 124.0
11.0 237.0
92.0 191.0
252.0 57.0
180.0 179.0
57.0 74.0
90.0 239.0
59.0 118.0
165.0 28.0
238.0 195.0
175.0 253.0
228.0 243.0
247.0 126.0
165.0 75.0
28.0 232.0
193.0 61.0
28.0 225.0
58.0 232.0
24.0 165.0
44.0 204.0
161.0 95.0
51.0 171.0
230.0 245.0
201.0 86.0
144.0 129.0
141.0 102.0
195.0 15.0
49.0 248.0
21.0 182.0
152.0 87.0
199.0 63.0
134.0 173.0
57.0 45.0
100.0 186.0
253.0 175.0
106.0 195.0
21.0 158.0
79.0 27.0
82.0 21.0
204.0 116.0
215.0 197.0
31.0 140.0
112.0 42.0
226.0 188.0
123.0 156.0
68.0 206.0
164.0 144.0
70.0 18.0
30.0 63.0
135.0 75.0
192.0 73.0
243.0 109.0
33.0 166.0
7.0 198.0
181.0 101.0
187.0 82.0
12.0 35.0
128.0 70.0
130.0 149.0
85.0 16.0
246.0 103.0
13.0 98.0
176.0 215.0
219.0 233.0
230.0 136.0
251.0 235.0
56.0 240.0
75.0 183.0
150.0 160.0
76.0 254.0
199.0 37.0
252.0 47.0
59.0 38.0
47.0 89.0
182.0 139.0
77.0 172.0
194.0 19.0
16.0 38.0
44.0 236.0
83.0 233.0
14.0 172.0
240.0 13.0
208.0 4.0
165.0 227.0
118.0 76.0
253.0 205.0
50.0 47.0
73.0 193.0
133.0 109.0
153.0 245.0
29.0 216.0
138.0 246.0
241.0 11.0
133.0 56.0
237.0 39.0
46.0 126.0
170.0 43.0
191.0 201.0
16.0 48.0
92.0 35.0
70.0 163.0
78.0 155.0
230.0 187.0
18.0 221.0
113.0 61.0
157.0 103.0
107.0 146.0
37.0 149.0
219.0 205.0
39.0 123.0
250.0 7.0
222.0 129.0
7.0 241.0
96.0 178.0
199.0 73.0
86.0 43.0
131.0 154.0
15.0 228.0
180.0 11.0
225.0 29.0
84.0 46.0
232.0 153.0
131.0 171.0
218.0 19.0
130.0 167.0
138.0 52.0
182.0 220.0
63.0 234.0
219.0 53.0
199.0 86.0
183.0 220.0
94.0 9.0
17.0 176.0
62.0 218.0
134.0 239.0
228.0 116.0
183.0 214.0
95.0 231.0
195.0 178.0
170.0 143.0
244.0 61.0
170.0 165.0
113.0 140.0
200.0 108.0
224.0 216.0
97.0 245.0
195.0 227.0
159.0 160.0
138.0 160.0
93.0 10.0
219.0 168.0
41.0 246.0
204.0 121.0
125.0 182.0
130.0 116.0
15.0 111.0
199.0 67.0
45.0 203.0
181.0 253.0
55.0 29.0
36.0 85.0
96.0 64.0
126.0 96.0
10.0 120.0
200.0 8.0
214.0 251.0
57.0 85.0
17.0 114.0
201.0 148.0
207.0 14.0
93.0 142.0
111.0 238.0
108.0 37.0
215.0 252.0
206.0 251.0
193.0 35.0
84.0 52.0
60.0 198.0
121.0 254.0
168.0 65.0
56.0 13.0
116.0 249.0
120.0 185.0
200.0 20.0
90.0 170.0
81.0 79.0
185.0 57.0
162.0 228.0
151.0 176.0
10.0 143.0
25.0 185.0
162.0 94.0
102.0 199.0
8.0 229.0
187.0 224.0
35.0 138.0
59.0 12.0
171.0 155.0
77.0 233.0
176.0 14.0
242.0 210.0
196.0 225.0
37.0 208.0
56.0 85.0
187.0 188.0
248.0 124.0
100.0 139.0
104.0 8.0
198.0 221.0
225.0 67.0
48.0 34.0
15.0 122.0
158.0 56.0
42.0 104.0
146.0 231.0
167.0 72.0
98.0 112.0
73.0 210.0
168.0 153.0
229.0 29.0
101.0 200.0
83.0 22.0
119.0 130.0
106.0 93.0
224.0 86.0
106.0 111.0
240.0 126.0
102.0 85.0
9.0 74.0
27.0 153.0
201.0 68.0
150.0 15.0
9.0 198.0
131.0 124.0
94.0 81.0
9.0 154.0
152.0 173.0
110.0 160.0
101.0 33.0
51.0 83.0
121.0 201.0
7.0 181.0
208.0 30.0
234.0 69.0
68.0 40.0
164.0 182.0
113.0 209.0
186.0 155.0
93.0 190.0
67.0 48.0
164.0 216.0
223.0 104.0
82.0 68.0
209.0 14.0
240.0 248.0
215.0 48.0
24.0 76.0
107.0 157.0
175.0 27.0
152.0 235.0
195.0 130.0
82.0 59.0
115.0 89.0
47.0 232.0
88.0 111.0
186.0 218.0
173.0 240.0
47.0 226.0
212.0 8.0
153.0 134.0
12.0 99.0
127.0 53.0
110.0 231.0
242.0 170.0
222.0 53.0
236.0 32.0
8.0 142.0
97.0 55.0
143.0 29.0
39.0 53.0
200.0 213.0
14.0 185.0
215.0 204.0
98.0 242.0
45.0 192.0
215.0 56.0
28.0 17.0
157.0 75.0
202.0 129.0
27.0 239.0
162.0 125.0
123.0 113.0
236.0 158.0
81.0 10.0
189.0 165.0
128.0 186.0
204.0 137.0
147.0 241.0
21.0 190.0
51.0 154.0
117.0 60.0
255.0 216.0
133.0 185.0
139.0 171.0
119.0 65.0
191.0 213.0
116.0 246.0
52.0 255.0
62.0 203.0
42.0 244.0
162.0 91.0
29.0 90.0
53.0 72.0
101.0 67.0
81.0 229.0
235.0 165.0
99.0 210.0
79.0 108.0
252.0 216.0
197.0 134.0
26.0 100.0
185.0 159.0
142.0 77.0
211.0 6.0
235.0 170.0
235.0 228.0
225.0 40.0
63.0 59.0
214.0 171.0
163.0 168.0
220.0 214.0
225.0 98.0
151.0 57.0
50.0 214.0
253.0 67.0
119.0 168.0
41.0 215.0
36.0 42.0
66.0 94.0
95.0 116.0
164.0 227.0
19.0 232.0
158.0 39.0
5.0 117.0
41.0 224.0
249.0 9.0
229.0 58.0
212.0 43.0
22.0 244.0
171.0 148.0
39.0 192.0
191.0 36.0
83.0 226.0
192.0 137.0
87.0 5.0
106.0 192.0
18.0 233.0
202.0 12.0
202.0 77.0
184.0 193.0
109.0 56.0
243.0 212.0
190.0 121.0
82.0 40.0
149.0 71.0
199.0 86.0
157.0 210.0
65.0 245.0
224.0 202.0
134.0 189.0
142.0 169.0
154.0 119.0
93.0 144.0
142.0 205.0
168.0 16.0
90.0 28.0
71.0 204.0
115.0 189.0
91.0 109.0
42.0 231.0
12.0 143.0
246.0 173.0
140.0 83.0
98.0 188.0
38.0 127.0
211.0 75.0
238.0 249.0
253.0 214.0
142.0 193.0
101.0 249.0
31.0 9.0
224.0 91.0
12.0 79.0
7.0 76.0
183.0 246.0
201.0 28.0
228.0 41.0
126.0 183.0
119.0 13.0
202.0 74.0
207.0 63.0
11.0 229.0
72.0 135.0
137.0 148.0
243.0 45.0
92.0 56.0
40.0 157.0
194.0 245.0
50.0 123.0
92.0 140.0
65.0 194.0
178.0 24.0
172.0 238.0
207.0 195.0
169.0 104.0
210.0 90.0
123.0 65.0
200.0 45.0
113.0 106.0
100.0 108.0
139.0 202.0
244.0 156.0
59.0 186.0
74.0 159.0
183.0 228.0
179.0 194.0
47.0 202.0
217.0 170.0
52.0 253.0
18.0 246.0
165.0 46.0
214.0 54.0
230.0 91.0
125.0 45.0
225.0 243.0
90.0 212.0
98.0 188.0
138.0 133.0
173.0 95.0
256.0 225.0
146.0 158.0
58.0 16.0
254.0 35.0
15.0 166.0
29.0 85.0
94.0 251.0
118.0 13.0
175.0 92.0
139.0 179.0
165.0 49.0
253.0 93.0
88.0 169.0
17.0 191.0
161.0 25.0
52.0 84.0
39.0 220.0
12.0 192.0
102.0 247.0
213.0 127.0
90.0 145.0
67.0 102.0
85.0 164.0
54.0 78.0
16.0 49.0
224.0 94.0
95.0 70.0
130.0 82.0
178.0 200.0
8.0 248.0
117.0 244.0
28.0 208.0
246.0 215.0
40.0 64.0
126.0 78.0
224.0 252.0
129.0 80.0
25.0 225.0
96.0 141.0
88.0 133.0
232.0 145.0
218.0 5.0
167.0 8.0
224.0 186.0
170.0 194.0
17.0 143.0
76.0 238.0
220.0 46.0
71.0 248.0
30.0 102.0
228.0 147.0
197.0 186.0
88.0 197.0
17.0 82.0
49.0 213.0
46.0 50.0
235.0 149.0
73.0 141.0
225.0 32.0
202.0 87.0
191.0 130.0
165.0 75.0
211.0 151.0
118.0 115.0
173.0 239.0
169.0 169.0
147.0 205.0
10.0 119.0
42.0 140.0
11.0 176.0
35.0 189.0
51.0 94.0
213.0 39.0
54.0 209.0
55.0 21.0
119.0 83.0
41.0 236.0
106.0 78.0
171.0 249.0
198.0 35.0
38.0 138.0
143.0 47.0
117.0 41.0
105.0 74.0
40.0 134.0
180.0 49.0
154.0 72.0
140.0 88.0
221.0 167.0
103.0 57.0
234.0 211.0
20.0 21.0
46.0 150.0
121.0 178.0
168.0 72.0
11.0 188.0
73.0 109.0
229.0 124.0
209.0 131.0
101.0 60.0
209.0 153.0
8.0 188.0
131.0 232.0
101.0 81.0
46.0 167.0
169.0 91.0
233.0 115.0
51.0 189.0
154.0 94.0
226.0 60.0
84.0 103.0
49.0 138.0
213.0 183.0
153.0 53.0
190.0 68.0
130.0 255.0
98.0 81.0
131.0 206.0
157.0 61.0
82.0 254.0
45.0 133.0
85.0 185.0
16.0 188.0
53.0 245.0
42.0 29.0
25.0 234.0
72.0 180.0
84.0 41.0
17.0 173.0
178.0 155.0
125.0 211.0
202.0 151.0
29.0 122.0
202.0 240.0
243.0 134.0
197.0 91.0
7.0 15.0
150.0 92.0
149.0 238.0
164.0 126.0
211.0 76.0
52.0 196.0
156.0 167.0
23.0 59.0
26.0 91.0
232.0 100.0
230.0 107.0
51.0 227.0
215.0 226.0
231.0 121.0
78.0 136.0
113.0 39.0
248.0 52.0
241.0 121.0
141.0 94.0
173.0 207.0
95.0 172.0
134.0 90.0
84.0 109.0
15.0 28.0
107.0 61.0
228.0 62.0
210.0 155.0
234.0 116.0
88.0 238.0
192.0 37.0
123.0 17.0
166.0 176.0
213.0 168.0
161.0 35.0
53.0 15.0
120.0 228.0
163.0 243.0
231.0 131.0
180.0 148.0
47.0 121.0
64.0 230.0
195.0 125.0
130.0 21.0
235.0 13.0
167.0 76.0
129.0 204.0
215.0 160.0
206.0 120.0
85.0 151.0
239.0 227.0
99.0 108.0
152.0 191.0
8.0 107.0
51.0 8.0
194.0 193.0
46.0 6.0
230.0 187.0
103.0 213.0
251.0 43.0
73.0 87.0
155.0 133.0
247.0 18.0
167.0 33.0
203.0 197.0
128.0 60.0
185.0 131.0
241.0 243.0
113.0 44.0
215.0 156.0
141.0 58.0
157.0 77.0
231.0 20.0
73.0 127.0
237.0 246.0
141.0 158.0
137.0 157.0
42.0 202.0
19.0 228.0
125.0 127.0
93.0 104.0
42.0 133.0
191.0 129.0
52.0 213.0
160.0 76.0
201.0 246.0
242.0 168.0
227.0 227.0
217.0 76.0
52.0 254.0
38.0 55.0
25.0 60.0
57.0 94.0
199.0 132.0
42.0 100.0
159.0 93.0
129.0 75.0
63.0 214.0
28.0 226.0
57.0 151.0
102.0 90.0
70.0 130.0
138.0 209.0
42.0 74.0
114.0 75.0
206.0 213.0
195.0 45.0
132.0 109.0
45.0 239.0
242.0 245.0
135.0 73.0
129.0 183.0
237.0 36.0
66.0 163.0
157.0 206.0
90.0 189.0
15.0 71.0
222.0 118.0
15.0 173.0
78.0 214.0
130.0 80.0
22.0 240.0
20.0 108.0
48.0 9.0
245.0 68.0
119.0 246.0
180.0 181.0
26.0 137.0
121.0 31.0
168.0 10.0
69.0 54.0
143.0 134.0
83.0 93.0
189.0 238.0
54.0 107.0
241.0 79.0
168.0 221.0
22.0 87.0
30.0 43.0
75.0 202.0
90.0 108.0
226.0 151.0
248.0 216.0
72.0 115.0
102.0 132.0
75.0 136.0
144.0 107.0
222.0 116.0
194.0 234.0
249.0 144.0
39.0 28.0
227.0 103.0
188.0 110.0
124.0 170.0
54.0 213.0
67.0 52.0
149.0 94.0
252.0 179.0
171.0 138.0
85.0 110.0
234.0 103.0
190.0 168.0
253.0 232.0
190.0 18.0
62.0 245.0
26.0 47.0
201.0 75.0
115.0 126.0
43.0 11.0
238.0 252.0
90.0 214.0
54.0 244.0
235.0 144.0
28.0 190.0
169.0 245.0
64.0 106.0
144.0 58.0
210.0 166.0
104.0 232.0
130.0 124.0
61.0 208.0
84.0 115.0
81.0 175.0
230.0 63.0
100.0 251.0
123.0 93.0
149.0 37.0
69.0 214.0
250.0 159.0
130.0 80.0
190.0 78.0
52.0 240.0
139.0 135.0
227.0 9.0
99.0 16.0
186.0 52.0
85.0 202.0
39.0 136.0
117.0 215.0
234.0 72.0
73.0 127.0
231.0 121.0
111.0 231.0
15.0 43.0
35.0 249.0
236.0 201.0
6.0 96.0
229.0 228.0
58.0 150.0
82.0 89.0
187.0 252.0
173.0 148.0
139.0 220.0
153.0 199.0
9.0 206.0
231.0 211.0
136.0 80.0
67.0 94.0
73.0 68.0
20.0 137.0
234.0 146.0
222.0 31.0
79.0 84.0
24.0 17.0
120.0 21.0
215.0 198.0
203.0 45.0
167.0 162.0
211.0 84.0
191.0 84.0
69.0 185.0
120.0 109.0
19.0 112.0
32.0 17.0
207.0 212.0
20.0 135.0
129.0 107.0
9.0 80.0
151.0 68.0
210.0 203.0
34.0 179.0
20.0 215.0
237.0 91.0
127.0 163.0
97.0 98.0
15.0 198.0
55.0 142.0
194.0 120.0
117.0 181.0
34.0 52.0
105.0 121.0
127.0 71.0
252.0 95.0
