1
2048 1 3.0 0.0 1000.0 3 160 240 100

6.5 13.5 29.3 58.5
13.0 27.0 58.5 117.0
19.5 40.5 87.8 175.5
26.0 54.0 117.0 234.0
39.0 81.0 175.5 351.0
52.0 108.0 234.0 468.0
58.5 121.5 263.3 526.5
65.0 135.0 292.5 585.0
78.0 162.0 351.0 702.0
0.0 180.0 390.0 780.0

2.0 5.0 8.0 11.0
5.0 8.0 11.0 14.0
9.0 12.0 15.0 18.0
11.0 14.0 17.0 20.0
15.0 18.0 21.0 24.0
18.0 21.0 24.0 27.0
20.0 23.0 26.0 29.0
25.0 28.0 31.0 34.0
29.0 32.0 35.0 38.0
0.0 34.0 37.0 40.0

38.0 217.0
113.0 111.0
9.0 236.0
171.0 64.0
160.0 74.0
162.0 45.0
29.0 136.0
42.0 118.0
74.0 106.0
217.0 235.0
100.0 249.0
11.0 179.0
19.0 114.0
140.0 117.0
126.0 6.0
24.0 50.0
113.0 190.0
102.0 5.0
169.0 51.0
105.0 135.0
3.0 65.0
69.0 203.0
244.0 176.0
187.0 226.0
217.0 45.0
141.0 132.0
135.0 162.0
131.0 105.0
104.0 154.0
146.0 63.0
108.0 145.0
39.0 82.0
227.0 135.0
89.0 104.0
148.0 139.0
245.0 85.0
91.0 151.0
91.0 64.0
83.0 82.0
115.0 191.0
79.0 84.0
196.0 54.0
238.0 45.0
12.0 218.0
224.0 50.0
162.0 214.0
226.0 206.0
73.0 242.0
181.0 4.0
121.0 196.0
18.0 241.0
155.0 184.0
43.0 58.0
225.0 249.0
150.0 230.0
89.0 80.0
104.0 144.0
159.0 75.0
206.0 229.0
107.0 151.0
214.0 144.0
142.0 37.0
197.0 113.0
73.0 72.0
85.0 100.0
39.0 125.0
204.0 70.0
138.0 36.0
186.0 158.0
220.0 44.0
177.0 132.0
199.0 16.0
93.0 82.0
24.0 42.0
242.0 100.0
34.0 79.0
169.0 5.0
220.0 116.0
167.0 7.0
239.0 133.0
208.0 250.0
79.0 216.0
86.0 224.0
93.0 237.0
160.0 135.0
183.0 65.0
126.0 100.0
219.0 100.0
60.0 107.0
103.0 233.0
53.0 8.0
183.0 128.0
47.0 96.0
62.0 76.0
65.0 163.0
130.0 167.0
83.0 211.0
218.0 179.0
98.0 96.0
112.0 48.0
14.0 148.0
177.0 170.0
39.0 160.0
205.0 69.0
81.0 193.0
128.0 21.0
202.0 182.0
62.0 42.0
17.0 188.0
218.0 237.0
198.0 149.0
11.0 12.0
105.0 90.0
32.0 30.0
83.0 44.0
84.0 48.0
63.0 243.0
75.0 123.0
144.0 217.0
97.0 214.0
145.0 244.0
106.0 41.0
211.0 147.0
155.0 94.0
64.0 21.0
221.0 36.0
110.0 245.0
210.0 14.0
133.0 6.0
44.0 1.0
141.0 51.0
48.0 60.0
238.0 22.0
161.0 11.0
198.0 217.0
71.0 41.0
8.0 9.0
164.0 102.0
160.0 137.0
16.0 5.0
88.0 220.0
192.0 188.0
178.0 106.0
214.0 194.0
95.0 2.0
76.0 207.0
236.0 140.0
38.0 55.0
183.0 50.0
230.0 154.0
99.0 63.0
140.0 187.0
44.0 245.0
157.0 102.0
42.0 5.0
126.0 102.0
7.0 211.0
191.0 98.0
216.0 175.0
26.0 159.0
85.0 215.0
101.0 56.0
39.0 39.0
194.0 70.0
115.0 27.0
192.0 24.0
229.0 28.0
7.0 86.0
94.0 130.0
15.0 191.0
113.0 143.0
243.0 237.0
108.0 131.0
65.0 30.0
77.0 95.0
11.0 19.0
218.0 31.0
95.0 169.0
38.0 94.0
106.0 125.0
168.0 196.0
173.0 152.0
59.0 169.0
165.0 126.0
69.0 178.0
97.0 187.0
241.0 143.0
4.0 200.0
151.0 245.0
54.0 16.0
3.0 128.0
3.0 50.0
228.0 8.0
138.0 38.0
135.0 182.0
169.0 133.0
249.0 9.0
114.0 51.0
3.0 243.0
249.0 73.0
55.0 155.0
42.0 236.0
13.0 211.0
24.0 129.0
214.0 109.0
140.0 23.0
226.0 65.0
152.0 106.0
73.0 35.0
15.0 195.0
0.0 129.0
183.0 64.0
138.0 43.0
125.0 121.0
16.0 117.0
138.0 226.0
158.0 239.0
119.0 232.0
80.0 81.0
3.0 182.0
53.0 236.0
151.0 116.0
74.0 143.0
28.0 36.0
38.0 247.0
69.0 122.0
169.0 121.0
208.0 112.0
89.0 159.0
89.0 71.0
194.0 186.0
58.0 86.0
112.0 189.0
83.0 225.0
15.0 181.0
70.0 191.0
197.0 4.0
109.0 124.0
66.0 207.0
223.0 98.0
78.0 189.0
52.0 168.0
150.0 116.0
159.0 106.0
182.0 173.0
6.0 77.0
133.0 36.0
178.0 19.0
125.0 4.0
20.0 91.0
161.0 45.0
143.0 87.0
53.0 80.0
83.0 50.0
20.0 123.0
200.0 120.0
182.0 232.0
225.0 211.0
20.0 15.0
165.0 177.0
177.0 15.0
102.0 198.0
21.0 108.0
218.0 171.0
236.0 89.0
204.0 191.0
231.0 226.0
23.0 54.0
6.0 74.0
43.0 239.0
149.0 197.0
148.0 168.0
212.0 235.0
212.0 75.0
31.0 68.0
165.0 169.0
110.0 144.0
178.0 44.0
248.0 110.0
48.0 130.0
161.0 173.0
197.0 37.0
164.0 215.0
250.0 199.0
23.0 209.0
209.0 41.0
167.0 82.0
81.0 205.0
14.0 208.0
100.0 190.0
209.0 44.0
13.0 57.0
151.0 213.0
211.0 183.0
1.0 184.0
40.0 90.0
149.0 216.0
200.0 207.0
224.0 100.0
204.0 217.0
250.0 235.0
151.0 224.0
137.0 199.0
189.0 12.0
16.0 229.0
41.0 9.0
205.0 141.0
78.0 106.0
201.0 232.0
205.0 61.0
121.0 68.0
166.0 19.0
81.0 79.0
155.0 8.0
101.0 231.0
206.0 50.0
118.0 90.0
146.0 138.0
76.0 146.0
194.0 95.0
79.0 106.0
105.0 171.0
149.0 154.0
94.0 39.0
246.0 235.0
44.0 162.0
200.0 13.0
107.0 69.0
75.0 183.0
94.0 140.0
14.0 137.0
118.0 53.0
192.0 65.0
24.0 130.0
54.0 114.0
194.0 104.0
98.0 43.0
127.0 166.0
249.0 136.0
16.0 200.0
205.0 188.0
93.0 175.0
185.0 193.0
97.0 240.0
80.0 179.0
246.0 110.0
62.0 186.0
198.0 163.0
24.0 221.0
23.0 210.0
45.0 54.0
24.0 246.0
108.0 51.0
65.0 248.0
145.0 62.0
116.0 217.0
38.0 160.0
50.0 156.0
231.0 122.0
29.0 46.0
238.0 107.0
134.0 148.0
74.0 3.0
198.0 54.0
5.0 50.0
138.0 211.0
33.0 83.0
99.0 196.0
128.0 115.0
97.0 99.0
9.0 247.0
91.0 168.0
91.0 232.0
47.0 195.0
48.0 67.0
56.0 181.0
226.0 61.0
178.0 117.0
215.0 131.0
220.0 59.0
213.0 139.0
225.0 204.0
107.0 158.0
21.0 17.0
22.0 107.0
222.0 245.0
145.0 4.0
158.0 243.0
201.0 164.0
1.0 75.0
7.0 211.0
190.0 176.0
114.0 107.0
48.0 181.0
82.0 197.0
61.0 80.0
18.0 86.0
101.0 165.0
68.0 232.0
177.0 66.0
91.0 199.0
117.0 215.0
95.0 63.0
160.0 160.0
47.0 58.0
218.0 192.0
239.0 70.0
158.0 72.0
214.0 191.0
12.0 219.0
59.0 74.0
72.0 4.0
185.0 162.0
148.0 137.0
28.0 173.0
93.0 166.0
181.0 28.0
232.0 212.0
237.0 233.0
166.0 78.0
2.0 21.0
240.0 213.0
238.0 154.0
249.0 76.0
181.0 57.0
42.0 234.0
169.0 47.0
3.0 116.0
219.0 227.0
159.0 142.0
14.0 175.0
36.0 16.0
33.0 113.0
145.0 24.0
136.0 65.0
72.0 10.0
234.0 81.0
203.0 246.0
211.0 134.0
167.0 231.0
116.0 161.0
161.0 23.0
173.0 226.0
109.0 11.0
225.0 143.0
196.0 100.0
65.0 175.0
114.0 105.0
133.0 12.0
165.0 184.0
151.0 20.0
205.0 239.0
56.0 100.0
182.0 250.0
181.0 3.0
137.0 78.0
167.0 83.0
49.0 90.0
173.0 213.0
250.0 12.0
2.0 189.0
188.0 239.0
87.0 15.0
125.0 128.0
66.0 242.0
180.0 142.0
28.0 130.0
170.0 232.0
31.0 188.0
46.0 200.0
89.0 242.0
248.0 67.0
130.0 194.0
140.0 56.0
213.0 9.0
242.0 84.0
150.0 221.0
32.0 9.0
205.0 105.0
166.0 147.0
116.0 193.0
10.0 172.0
10.0 159.0
207.0 53.0
69.0 118.0
61.0 2.0
144.0 232.0
63.0 228.0
52.0 65.0
229.0 78.0
133.0 186.0
210.0 244.0
169.0 94.0
199.0 0.0
112.0 90.0
228.0 9.0
116.0 38.0
9.0 41.0
183.0 26.0
40.0 26.0
36.0 239.0
238.0 156.0
173.0 173.0
214.0 77.0
80.0 138.0
68.0 9.0
166.0 47.0
189.0 227.0
60.0 69.0
80.0 103.0
173.0 13.0
48.0 7.0
55.0 150.0
167.0 168.0
79.0 210.0
225.0 152.0
95.0 140.0
186.0 171.0
229.0 243.0
9.0 36.0
65.0 135.0
221.0 66.0
45.0 40.0
224.0 153.0
179.0 228.0
90.0 171.0
26.0 228.0
215.0 43.0
172.0 16.0
211.0 45.0
29.0 168.0
10.0 22.0
69.0 65.0
216.0 229.0
185.0 12.0
29.0 95.0
165.0 222.0
166.0 242.0
99.0 173.0
223.0 187.0
87.0 142.0
20.0 192.0
182.0 65.0
17.0 49.0
65.0 150.0
205.0 144.0
13.0 250.0
179.0 229.0
32.0 76.0
186.0 97.0
90.0 110.0
232.0 226.0
190.0 178.0
143.0 217.0
108.0 178.0
59.0 204.0
150.0 32.0
138.0 194.0
127.0 244.0
46.0 141.0
36.0 8.0
155.0 86.0
12.0 112.0
155.0 34.0
169.0 218.0
112.0 43.0
20.0 138.0
55.0 47.0
212.0 53.0
8.0 31.0
156.0 175.0
173.0 206.0
145.0 183.0
42.0 164.0
176.0 38.0
45.0 41.0
199.0 151.0
106.0 51.0
110.0 128.0
106.0 32.0
122.0 183.0
11.0 2.0
177.0 84.0
14.0 236.0
160.0 84.0
87.0 236.0
227.0 86.0
169.0 231.0
106.0 109.0
9.0 210.0
72.0 189.0
16.0 239.0
75.0 161.0
249.0 197.0
95.0 59.0
40.0 61.0
96.0 223.0
8.0 235.0
245.0 235.0
56.0 197.0
174.0 113.0
22.0 70.0
62.0 49.0
173.0 23.0
181.0 216.0
98.0 226.0
88.0 71.0
64.0 154.0
198.0 53.0
17.0 70.0
61.0 211.0
163.0 120.0
204.0 66.0
184.0 247.0
239.0 91.0
162.0 220.0
209.0 246.0
127.0 117.0
8.0 81.0
183.0 189.0
229.0 220.0
250.0 58.0
130.0 104.0
7.0 52.0
218.0 190.0
193.0 19.0
8.0 104.0
226.0 32.0
77.0 78.0
180.0 201.0
104.0 33.0
195.0 148.0
130.0 17.0
237.0 221.0
121.0 244.0
166.0 120.0
174.0 53.0
144.0 162.0
85.0 167.0
220.0 207.0
245.0 196.0
3.0 112.0
196.0 134.0
127.0 107.0
210.0 178.0
47.0 79.0
71.0 232.0
5.0 43.0
72.0 57.0
61.0 151.0
15.0 59.0
165.0 152.0
108.0 36.0
42.0 26.0
179.0 15.0
240.0 69.0
209.0 122.0
226.0 47.0
246.0 237.0
14.0 59.0
63.0 1.0
100.0 100.0
9.0 65.0
32.0 93.0
35.0 4.0
35.0 12.0
216.0 169.0
147.0 228.0
137.0 37.0
148.0 77.0
71.0 191.0
119.0 173.0
208.0 110.0
41.0 68.0
240.0 52.0
139.0 167.0
167.0 65.0
17.0 130.0
20.0 31.0
151.0 36.0
237.0 167.0
168.0 167.0
14.0 1.0
107.0 66.0
240.0 139.0
202.0 101.0
209.0 188.0
23.0 58.0
107.0 53.0
129.0 129.0
74.0 88.0
203.0 189.0
222.0 183.0
189.0 99.0
49.0 163.0
30.0 63.0
219.0 193.0
151.0 139.0
61.0 186.0
169.0 70.0
114.0 48.0
88.0 151.0
183.0 118.0
82.0 176.0
145.0 16.0
25.0 57.0
58.0 136.0
213.0 29.0
200.0 125.0
79.0 167.0
228.0 191.0
229.0 243.0
192.0 227.0
203.0 38.0
227.0 217.0
186.0 246.0
29.0 17.0
180.0 218.0
71.0 124.0
248.0 62.0
32.0 142.0
221.0 219.0
20.0 184.0
81.0 150.0
194.0 36.0
64.0 130.0
233.0 209.0
50.0 179.0
141.0 81.0
175.0 215.0
197.0 117.0
92.0 116.0
180.0 249.0
198.0 137.0
46.0 41.0
140.0 242.0
53.0 75.0
15.0 181.0
156.0 80.0
228.0 234.0
25.0 98.0
42.0 94.0
135.0 86.0
143.0 174.0
176.0 143.0
149.0 181.0
78.0 100.0
5.0 129.0
37.0 70.0
58.0 10.0
225.0 64.0
148.0 152.0
169.0 116.0
113.0 126.0
132.0 196.0
183.0 102.0
87.0 194.0
35.0 133.0
247.0 135.0
104.0 149.0
134.0 43.0
45.0 20.0
246.0 237.0
79.0 80.0
197.0 88.0
224.0 111.0
20.0 160.0
36.0 48.0
118.0 142.0
234.0 18.0
185.0 94.0
184.0 127.0
205.0 74.0
36.0 203.0
231.0 19.0
75.0 52.0
180.0 71.0
217.0 52.0
198.0 121.0
101.0 21.0
234.0 108.0
56.0 59.0
242.0 234.0
42.0 174.0
18.0 16.0
206.0 14.0
224.0 187.0
34.0 142.0
230.0 15.0
114.0 60.0
197.0 172.0
101.0 24.0
159.0 84.0
57.0 1.0
158.0 28.0
100.0 173.0
55.0 47.0
169.0 224.0
200.0 41.0
227.0 172.0
215.0 8.0
72.0 128.0
184.0 157.0
198.0 113.0
147.0 240.0
12.0 169.0
53.0 213.0
228.0 63.0
196.0 174.0
96.0 152.0
171.0 85.0
192.0 97.0
246.0 98.0
26.0 146.0
55.0 101.0
84.0 1.0
139.0 200.0
190.0 150.0
126.0 114.0
156.0 45.0
172.0 77.0
5.0 124.0
112.0 104.0
103.0 190.0
50.0 83.0
107.0 22.0
213.0 180.0
183.0 101.0
178.0 142.0
46.0 198.0
168.0 112.0
131.0 96.0
155.0 157.0
85.0 51.0
87.0 17.0
5.0 154.0
105.0 128.0
243.0 55.0
187.0 71.0
81.0 110.0
216.0 115.0
203.0 22.0
36.0 129.0
175.0 157.0
107.0 167.0
202.0 249.0
206.0 116.0
19.0 34.0
161.0 90.0
48.0 157.0
186.0 80.0
61.0 22.0
182.0 180.0
111.0 48.0
196.0 13.0
70.0 126.0
22.0 51.0
193.0 117.0
22.0 88.0
160.0 65.0
24.0 176.0
126.0 81.0
240.0 162.0
128.0 201.0
191.0 15.0
241.0 56.0
219.0 191.0
210.0 20.0
177.0 119.0
73.0 57.0
15.0 169.0
137.0 56.0
235.0 63.0
181.0 246.0
35.0 219.0
129.0 116.0
9.0 104.0
206.0 47.0
98.0 220.0
175.0 200.0
21.0 175.0
50.0 14.0
17.0 78.0
7.0 215.0
250.0 96.0
31.0 68.0
75.0 30.0
110.0 146.0
162.0 126.0
168.0 233.0
22.0 103.0
168.0 10.0
81.0 232.0
191.0 242.0
217.0 94.0
61.0 20.0
14.0 196.0
178.0 140.0
45.0 216.0
34.0 40.0
53.0 189.0
169.0 11.0
219.0 7.0
176.0 231.0
248.0 187.0
153.0 202.0
115.0 153.0
64.0 14.0
51.0 103.0
42.0 164.0
245.0 90.0
221.0 200.0
225.0 9.0
8.0 51.0
1.0 248.0
244.0 201.0
82.0 69.0
60.0 179.0
48.0 89.0
234.0 156.0
184.0 74.0
236.0 238.0
232.0 32.0
152.0 129.0
122.0 182.0
31.0 127.0
139.0 174.0
233.0 240.0
2.0 6.0
195.0 33.0
174.0 146.0
69.0 99.0
23.0 162.0
16.0 137.0
28.0 11.0
249.0 180.0
3.0 162.0
218.0 57.0
178.0 62.0
171.0 7.0
240.0 23.0
96.0 176.0
22.0 141.0
161.0 17.0
89.0 212.0
24.0 208.0
37.0 124.0
17.0 237.0
109.0 65.0
190.0 138.0
87.0 170.0
100.0 150.0
182.0 38.0
204.0 164.0
249.0 141.0
111.0 109.0
199.0 180.0
193.0 2.0
28.0 28.0
162.0 197.0
224.0 192.0
9.0 194.0
106.0 54.0
24.0 141.0
219.0 209.0
176.0 40.0
220.0 34.0
184.0 159.0
246.0 165.0
205.0 23.0
80.0 156.0
71.0 125.0
240.0 126.0
143.0 104.0
162.0 27.0
86.0 155.0
244.0 220.0
242.0 24.0
37.0 130.0
61.0 16.0
230.0 23.0
110.0 214.0
89.0 58.0
17.0 213.0
120.0 42.0
234.0 213.0
0.0 148.0
103.0 133.0
151.0 164.0
237.0 207.0
144.0 148.0
77.0 130.0
186.0 191.0
0.0 58.0
232.0 32.0
227.0 168.0
118.0 98.0
27.0 213.0
122.0 100.0
85.0 141.0
227.0 125.0
168.0 102.0
132.0 227.0
68.0 16.0
122.0 89.0
88.0 172.0
13.0 136.0
175.0 148.0
135.0 35.0
93.0 147.0
186.0 88.0
108.0 161.0
62.0 102.0
205.0 184.0
120.0 84.0
194.0 15.0
94.0 236.0
89.0 3.0
242.0 232.0
237.0 127.0
95.0 107.0
229.0 159.0
231.0 135.0
168.0 179.0
83.0 131.0
216.0 46.0
88.0 192.0
123.0 238.0
43.0 193.0
22.0 33.0
106.0 162.0
77.0 61.0
197.0 227.0
141.0 91.0
97.0 149.0
144.0 200.0
115.0 246.0
220.0 47.0
30.0 99.0
194.0 55.0
21.0 222.0
51.0 79.0
180.0 213.0
131.0 230.0
195.0 184.0
56.0 88.0
174.0 131.0
238.0 70.0
72.0 148.0
133.0 69.0
59.0 24.0
183.0 15.0
183.0 18.0
245.0 93.0
18.0 206.0
89.0 135.0
50.0 80.0
118.0 53.0
98.0 163.0
28.0 221.0
160.0 207.0
185.0 15.0
94.0 96.0
62.0 69.0
157.0 157.0
136.0 77.0
194.0 126.0
214.0 66.0
106.0 89.0
215.0 99.0
29.0 28.0
245.0 214.0
224.0 166.0
129.0 174.0
235.0 111.0
100.0 213.0
187.0 124.0
191.0 228.0
164.0 132.0
157.0 228.0
151.0 186.0
86.0 113.0
117.0 114.0
163.0 217.0
100.0 188.0
120.0 73.0
223.0 188.0
206.0 192.0
159.0 48.0
84.0 207.0
81.0 94.0
124.0 40.0
233.0 196.0
110.0 58.0
57.0 202.0
216.0 29.0
110.0 104.0
140.0 190.0
98.0 195.0
124.0 124.0
139.0 23.0
130.0 145.0
189.0 28.0
20.0 236.0
129.0 63.0
130.0 144.0
83.0 34.0
223.0 32.0
67.0 245.0
85.0 165.0
178.0 68.0
109.0 178.0
52.0 134.0
19.0 5.0
160.0 47.0
208.0 145.0
61.0 194.0
198.0 231.0
46.0 22.0
95.0 195.0
172.0 234.0
156.0 116.0
244.0 152.0
212.0 178.0
119.0 67.0
215.0 200.0
12.0 207.0
240.0 19.0
59.0 12.0
120.0 102.0
185.0 224.0
149.0 5.0
165.0 109.0
159.0 199.0
46.0 189.0
45.0 12.0
187.0 179.0
148.0 55.0
224.0 129.0
205.0 43.0
84.0 97.0
159.0 221.0
228.0 223.0
149.0 200.0
125.0 156.0
107.0 33.0
11.0 76.0
152.0 209.0
66.0 146.0
83.0 28.0
174.0 10.0
47.0 140.0
39.0 30.0
41.0 114.0
190.0 24.0
213.0 178.0
20.0 73.0
237.0 110.0
27.0 13.0
111.0 83.0
10.0 76.0
21.0 27.0
38.0 160.0
246.0 209.0
44.0 69.0
126.0 226.0
0.0 89.0
186.0 207.0
160.0 93.0
68.0 76.0
173.0 184.0
245.0 35.0
206.0 199.0
30.0 231.0
247.0 180.0
236.0 162.0
93.0 43.0
126.0 150.0
74.0 158.0
137.0 64.0
146.0 191.0
135.0 243.0
31.0 69.0
62.0 176.0
149.0 16.0
113.0 20.0
162.0 164.0
163.0 136.0
234.0 61.0
236.0 99.0
214.0 197.0
77.0 225.0
220.0 246.0
15.0 221.0
192.0 34.0
55.0 107.0
40.0 36.0
244.0 137.0
60.0 44.0
142.0 14.0
126.0 200.0
63.0 233.0
213.0 133.0
32.0 230.0
121.0 41.0
14.0 40.0
93.0 71.0
225.0 20.0
58.0 215.0
207.0 228.0
80.0 207.0
110.0 109.0
115.0 7.0
228.0 234.0
23.0 226.0
107.0 102.0
80.0 214.0
159.0 129.0
44.0 46.0
221.0 211.0
153.0 229.0
93.0 109.0
237.0 9.0
164.0 167.0
196.0 225.0
2.0 235.0
140.0 208.0
143.0 191.0
80.0 48.0
105.0 44.0
95.0 106.0
205.0 152.0
225.0 211.0
99.0 156.0
143.0 53.0
3.0 32.0
239.0 88.0
120.0 2.0
45.0 79.0
122.0 72.0
246.0 219.0
81.0 55.0
91.0 96.0
75.0 240.0
69.0 59.0
239.0 178.0
45.0 122.0
105.0 120.0
98.0 87.0
135.0 216.0
113.0 164.0
160.0 116.0
13.0 120.0
11.0 220.0
56.0 127.0
171.0 93.0
197.0 217.0
109.0 159.0
74.0 123.0
11.0 73.0
242.0 58.0
189.0 6.0
86.0 67.0
248.0 119.0
163.0 153.0
180.0 78.0
30.0 164.0
83.0 27.0
187.0 26.0
56.0 234.0
57.0 187.0
82.0 203.0
12.0 232.0
84.0 88.0
248.0 149.0
90.0 98.0
137.0 96.0
60.0 78.0
227.0 9.0
197.0 83.0
159.0 39.0
157.0 38.0
38.0 27.0
124.0 124.0
148.0 123.0
15.0 149.0
180.0 151.0
173.0 152.0
233.0 182.0
192.0 125.0
146.0 54.0
89.0 234.0
17.0 173.0
108.0 31.0
124.0 204.0
237.0 185.0
206.0 118.0
102.0 88.0
207.0 81.0
196.0 236.0
65.0 10.0
225.0 115.0
5.0 178.0
161.0 136.0
83.0 57.0
154.0 200.0
22.0 152.0
21.0 69.0
230.0 150.0
88.0 9.0
182.0 5.0
231.0 246.0
155.0 163.0
11.0 79.0
130.0 168.0
125.0 66.0
235.0 226.0
200.0 247.0
164.0 109.0
18.0 207.0
66.0 81.0
84.0 61.0
208.0 106.0
239.0 27.0
51.0 163.0
108.0 74.0
159.0 33.0
220.0 151.0
188.0 15.0
200.0 132.0
25.0 62.0
5.0 112.0
190.0 170.0
229.0 33.0
189.0 134.0
65.0 187.0
67.0 127.0
83.0 181.0
211.0 93.0
38.0 34.0
42.0 39.0
230.0 121.0
13.0 87.0
22.0 14.0
171.0 244.0
146.0 55.0
89.0 133.0
43.0 78.0
45.0 12.0
233.0 2.0
115.0 203.0
80.0 85.0
207.0 130.0
96.0 182.0
68.0 216.0
3.0 176.0
148.0 207.0
71.0 40.0
5.0 59.0
85.0 91.0
4.0 67.0
100.0 7.0
99.0 10.0
169.0 40.0
101.0 108.0
113.0 137.0
81.0 190.0
146.0 7.0
194.0 2.0
13.0 239.0
195.0 168.0
117.0 119.0
50.0 115.0
153.0 136.0
54.0 96.0
93.0 196.0
226.0 7.0
177.0 161.0
12.0 242.0
127.0 108.0
196.0 162.0
103.0 38.0
184.0 59.0
6.0 76.0
172.0 47.0
18.0 1.0
240.0 151.0
106.0 22.0
18.0 142.0
10.0 34.0
84.0 20.0
58.0 110.0
113.0 63.0
218.0 117.0
65.0 219.0
88.0 90.0
56.0 146.0
122.0 88.0
78.0 27.0
160.0 89.0
74.0 122.0
192.0 249.0
183.0 30.0
43.0 198.0
11.0 14.0
32.0 100.0
128.0 236.0
181.0 0.0
31.0 119.0
133.0 71.0
133.0 81.0
244.0 159.0
149.0 205.0
122.0 115.0
74.0 229.0
221.0 187.0
224.0 53.0
116.0 67.0
189.0 10.0
201.0 31.0
30.0 216.0
74.0 105.0
179.0 147.0
199.0 84.0
38.0 109.0
10.0 220.0
72.0 131.0
159.0 12.0
34.0 79.0
195.0 58.0
246.0 129.0
11.0 14.0
190.0 52.0
218.0 2.0
211.0 37.0
153.0 138.0
217.0 157.0
51.0 134.0
42.0 71.0
237.0 39.0
235.0 185.0
211.0 188.0
80.0 5.0
128.0 42.0
213.0 13.0
170.0 129.0
32.0 190.0
170.0 136.0
131.0 124.0
133.0 228.0
88.0 224.0
124.0 35.0
210.0 85.0
46.0 5.0
184.0 154.0
158.0 171.0
117.0 126.0
224.0 179.0
39.0 79.0
20.0 242.0
234.0 174.0
218.0 230.0
80.0 30.0
2.0 201.0
153.0 237.0
44.0 209.0
148.0 4.0
92.0 51.0
242.0 249.0
155.0 181.0
89.0 32.0
170.0 75.0
175.0 4.0
19.0 148.0
123.0 139.0
134.0 127.0
39.0 60.0
201.0 112.0
106.0 93.0
77.0 106.0
159.0 236.0
43.0 118.0
60.0 54.0
140.0 239.0
243.0 65.0
93.0 182.0
104.0 246.0
171.0 52.0
249.0 99.0
146.0 212.0
148.0 40.0
51.0 146.0
72.0 170.0
25.0 46.0
243.0 61.0
85.0 160.0
200.0 2.0
225.0 245.0
188.0 202.0
60.0 46.0
192.0 30.0
44.0 6.0
47.0 158.0
104.0 22.0
127.0 62.0
85.0 64.0
174.0 125.0
234.0 92.0
124.0 164.0
241.0 231.0
141.0 17.0
188.0 246.0
77.0 121.0
45.0 167.0
187.0 94.0
198.0 218.0
219.0 132.0
15.0 34.0
53.0 113.0
60.0 187.0
149.0 81.0
103.0 140.0
103.0 135.0
129.0 24.0
188.0 28.0
146.0 211.0
73.0 108.0
115.0 239.0
193.0 47.0
168.0 155.0
108.0 108.0
63.0 226.0
205.0 23.0
182.0 200.0
180.0 104.0
126.0 196.0
57.0 40.0
100.0 29.0
35.0 125.0
18.0 172.0
60.0 239.0
135.0 40.0
31.0 212.0
24.0 167.0
155.0 13.0
67.0 96.0
1.0 18.0
175.0 167.0
136.0 171.0
247.0 155.0
8.0 184.0
237.0 60.0
96.0 189.0
213.0 141.0
119.0 128.0
122.0 109.0
190.0 179.0
55.0 192.0
82.0 102.0
94.0 126.0
123.0 201.0
133.0 150.0
14.0 156.0
165.0 190.0
202.0 37.0
37.0 177.0
239.0 135.0
32.0 64.0
117.0 56.0
169.0 117.0
153.0 70.0
196.0 160.0
34.0 49.0
52.0 229.0
217.0 107.0
132.0 194.0
164.0 150.0
15.0 169.0
243.0 81.0
130.0 151.0
151.0 227.0
107.0 90.0
54.0 126.0
199.0 184.0
180.0 108.0
134.0 247.0
184.0 180.0
141.0 67.0
156.0 30.0
177.0 214.0
204.0 27.0
173.0 96.0
104.0 173.0
233.0 108.0
88.0 237.0
232.0 33.0
138.0 165.0
90.0 174.0
209.0 130.0
83.0 246.0
151.0 170.0
65.0 131.0
113.0 159.0
96.0 156.0
78.0 202.0
232.0 125.0
189.0 52.0
82.0 118.0
127.0 21.0
22.0 191.0
103.0 120.0
52.0 106.0
77.0 2.0
50.0 82.0
139.0 91.0
31.0 97.0
57.0 86.0
63.0 94.0
47.0 92.0
43.0 248.0
134.0 205.0
129.0 16.0
46.0 168.0
154.0 17.0
128.0 48.0
186.0 74.0
96.0 195.0
189.0 94.0
247.0 33.0
80.0 2.0
60.0 81.0
0.0 13.0
188.0 133.0
224.0 102.0
146.0 111.0
162.0 71.0
69.0 155.0
235.0 187.0
233.0 76.0
219.0 192.0
66.0 122.0
199.0 10.0
231.0 54.0
113.0 88.0
136.0 110.0
161.0 71.0
70.0 221.0
154.0 115.0
197.0 187.0
239.0 174.0
228.0 61.0
176.0 181.0
143.0 54.0
228.0 95.0
139.0 106.0
240.0 92.0
63.0 40.0
59.0 12.0
130.0 85.0
17.0 209.0
48.0 55.0
4.0 43.0
249.0 91.0
218.0 36.0
200.0 136.0
249.0 44.0
121.0 162.0
209.0 120.0
229.0 211.0
195.0 15.0
187.0 130.0
165.0 134.0
8.0 197.0
135.0 16.0
226.0 132.0
165.0 24.0
205.0 75.0
161.0 198.0
15.0 146.0
78.0 80.0
132.0 43.0
191.0 82.0
12.0 176.0
132.0 82.0
170.0 147.0
236.0 211.0
186.0 226.0
31.0 116.0
154.0 242.0
23.0 50.0
112.0 164.0
250.0 207.0
93.0 176.0
119.0 7.0
219.0 127.0
134.0 140.0
94.0 62.0
157.0 199.0
52.0 68.0
170.0 78.0
125.0 19.0
65.0 92.0
183.0 92.0
63.0 127.0
227.0 248.0
146.0 142.0
145.0 185.0
239.0 209.0
70.0 77.0
155.0 50.0
2.0 230.0
149.0 110.0
209.0 100.0
238.0 19.0
202.0 172.0
247.0 98.0
173.0 26.0
112.0 134.0
64.0 211.0
28.0 221.0
20.0 123.0
104.0 238.0
45.0 149.0
231.0 165.0
214.0 125.0
189.0 174.0
146.0 17.0
105.0 50.0
218.0 233.0
131.0 38.0
92.0 104.0
95.0 27.0
167.0 78.0
122.0 38.0
154.0 14.0
83.0 68.0
1.0 27.0
28.0 113.0
248.0 125.0
50.0 63.0
175.0 209.0
133.0 164.0
172.0 79.0
50.0 100.0
88.0 119.0
239.0 41.0
116.0 177.0
100.0 58.0
81.0 206.0
10.0 147.0
72.0 45.0
131.0 129.0
159.0 33.0
178.0 38.0
9.0 210.0
107.0 154.0
28.0 170.0
241.0 149.0
194.0 203.0
202.0 144.0
107.0 163.0
20.0 14.0
38.0 64.0
155.0 108.0
114.0 230.0
212.0 109.0
80.0 123.0
169.0 65.0
108.0 42.0
51.0 194.0
0.0 195.0
242.0 121.0
121.0 221.0
216.0 24.0
23.0 34.0
51.0 223.0
243.0 178.0
93.0 58.0
90.0 212.0
14.0 227.0
42.0 171.0
33.0 41.0
184.0 11.0
141.0 152.0
192.0 198.0
226.0 84.0
165.0 225.0
81.0 240.0
182.0 108.0
58.0 109.0
13.0 239.0
209.0 200.0
237.0 55.0
86.0 57.0
78.0 8.0
138.0 19.0
67.0 167.0
4.0 196.0
238.0 73.0
39.0 195.0
79.0 51.0
217.0 196.0
70.0 219.0
139.0 43.0
166.0 23.0
163.0 65.0
166.0 173.0
11.0 176.0
212.0 170.0
240.0 85.0
228.0 192.0
53.0 49.0
173.0 131.0
229.0 121.0
45.0 193.0
7.0 191.0
119.0 223.0
79.0 173.0
3.0 29.0
165.0 235.0
108.0 23.0
182.0 57.0
236.0 41.0
120.0 149.0
21.0 54.0
9.0 78.0
42.0 19.0
198.0 15.0
223.0 175.0
239.0 76.0
205.0 190.0
188.0 245.0
193.0 68.0
4.0 219.0
80.0 105.0
249.0 106.0
226.0 187.0
114.0 168.0
73.0 63.0
125.0 184.0
97.0 54.0
160.0 242.0
148.0 176.0
28.0 154.0
63.0 16.0
93.0 199.0
224.0 226.0
79.0 233.0
65.0 90.0
174.0 21.0
92.0 162.0
172.0 196.0
19.0 34.0
165.0 66.0
233.0 138.0
143.0 73.0
60.0 247.0
131.0 219.0
152.0 196.0
112.0 162.0
123.0 141.0
229.0 165.0
106.0 226.0
132.0 218.0
234.0 107.0
116.0 158.0
108.0 89.0
8.0 208.0
123.0 189.0
95.0 164.0
75.0 9.0
173.0 250.0
62.0 104.0
124.0 3.0
238.0 118.0
241.0 103.0
19.0 226.0
66.0 103.0
213.0 41.0
105.0 109.0
32.0 162.0
48.0 14.0
80.0 120.0
224.0 175.0
160.0 44.0
69.0 37.0
111.0 173.0
196.0 205.0
145.0 158.0
213.0 100.0
21.0 157.0
22.0 80.0
154.0 45.0
106.0 10.0
112.0 110.0
165.0 81.0
233.0 189.0
237.0 197.0
187.0 240.0
34.0 120.0
90.0 170.0
14.0 82.0
113.0 51.0
26.0 150.0
87.0 161.0
193.0 197.0
150.0 114.0
237.0 140.0
70.0 136.0
36.0 167.0
178.0 125.0
236.0 236.0
148.0 178.0
93.0 200.0
195.0 107.0
248.0 222.0
61.0 239.0
213.0 190.0
210.0 148.0
161.0 181.0
7.0 5.0
179.0 71.0
155.0 41.0
190.0 198.0
48.0 216.0
77.0 49.0
194.0 194.0
104.0 16.0
227.0 86.0
28.0 65.0
53.0 208.0
127.0 230.0
13.0 178.0
164.0 149.0
242.0 220.0
139.0 191.0
215.0 130.0
216.0 8.0
55.0 155.0
58.0 193.0
213.0 92.0
88.0 241.0
206.0 9.0
18.0 120.0
165.0 5.0
52.0 48.0
245.0 31.0
228.0 129.0
30.0 91.0
176.0 70.0
108.0 182.0
133.0 37.0
63.0 194.0
119.0 213.0
202.0 3.0
246.0 6.0
132.0 80.0
167.0 102.0
121.0 6.0
41.0 166.0
250.0 72.0
128.0 33.0
145.0 224.0
15.0 49.0
189.0 169.0
223.0 42.0
124.0 31.0
56.0 203.0
50.0 233.0
85.0 225.0
139.0 124.0
235.0 122.0
166.0 162.0
2.0 181.0
60.0 29.0
150.0 107.0
215.0 138.0
22.0 194.0
116.0 9.0
203.0 184.0
163.0 106.0
46.0 48.0
117.0 3.0
165.0 212.0
170.0 75.0
38.0 84.0
200.0 218.0
187.0 47.0
76.0 158.0
225.0 127.0
210.0 248.0
92.0 142.0
89.0 177.0
155.0 162.0
110.0 100.0
111.0 205.0
71.0 11.0
2.0 134.0
33.0 239.0
158.0 44.0
15.0 7.0
233.0 242.0
108.0 51.0
44.0 219.0
117.0 134.0
7.0 107.0
174.0 69.0
230.0 133.0
53.0 203.0
203.0 188.0
23.0 112.0
16.0 172.0
83.0 74.0
170.0 65.0
35.0 203.0
28.0 46.0
125.0 186.0
106.0 225.0
80.0 130.0
131.0 175.0
148.0 69.0
169.0 218.0
74.0 49.0
150.0 16.0
34.0 183.0
201.0 58.0
46.0 230.0
5.0 200.0
19.0 229.0
196.0 248.0
104.0 87.0
163.0 99.0
92.0 56.0
129.0 55.0
180.0 107.0
6.0 212.0
224.0 20.0
26.0 151.0
154.0 61.0
6.0 221.0
62.0 201.0
145.0 2.0
13.0 119.0
70.0 122.0
200.0 70.0
153.0 138.0
145.0 236.0
200.0 31.0

43.0 222.0
117.0 116.0
13.0 240.0
177.0 70.0
164.0 79.0
166.0 51.0
34.0 141.0
46.0 123.0
79.0 110.0
222.0 239.0
104.0 255.0
15.0 184.0
23.0 119.0
144.0 122.0
130.0 12.0
29.0 55.0
118.0 195.0
107.0 9.0
174.0 57.0
109.0 140.0
7.0 71.0
74.0 209.0
248.0 181.0
191.0 230.0
222.0 49.0
146.0 136.0
140.0 167.0
137.0 110.0
109.0 159.0
151.0 67.0
113.0 150.0
44.0 87.0
232.0 140.0
94.0 109.0
153.0 144.0
251.0 90.0
95.0 157.0
96.0 69.0
87.0 88.0
120.0 197.0
85.0 89.0
201.0 59.0
242.0 50.0
18.0 223.0
229.0 55.0
167.0 220.0
231.0 212.0
78.0 247.0
186.0 8.0
126.0 202.0
24.0 246.0
159.0 190.0
47.0 64.0
231.0 253.0
155.0 234.0
94.0 84.0
109.0 149.0
165.0 80.0
210.0 234.0
112.0 156.0
219.0 150.0
146.0 41.0
202.0 118.0
78.0 76.0
91.0 105.0
45.0 130.0
208.0 74.0
143.0 42.0
191.0 162.0
225.0 48.0
181.0 137.0
205.0 20.0
99.0 87.0
29.0 46.0
246.0 106.0
38.0 83.0
173.0 10.0
225.0 122.0
171.0 12.0
245.0 138.0
213.0 255.0
85.0 222.0
91.0 230.0
98.0 242.0
164.0 141.0
188.0 71.0
131.0 104.0
224.0 105.0
64.0 113.0
108.0 239.0
58.0 13.0
188.0 132.0
53.0 101.0
67.0 81.0
70.0 168.0
135.0 172.0
88.0 216.0
223.0 184.0
103.0 101.0
117.0 53.0
18.0 153.0
182.0 176.0
44.0 166.0
210.0 73.0
87.0 198.0
133.0 26.0
207.0 188.0
67.0 47.0
21.0 193.0
222.0 242.0
203.0 154.0
16.0 17.0
110.0 95.0
37.0 34.0
89.0 50.0
89.0 53.0
69.0 248.0
80.0 129.0
149.0 223.0
101.0 220.0
150.0 250.0
112.0 47.0
216.0 151.0
160.0 99.0
69.0 26.0
227.0 40.0
116.0 250.0
214.0 19.0
138.0 12.0
50.0 6.0
146.0 56.0
53.0 65.0
242.0 26.0
166.0 16.0
203.0 223.0
76.0 45.0
13.0 13.0
168.0 107.0
164.0 142.0
20.0 11.0
93.0 225.0
196.0 193.0
182.0 111.0
218.0 199.0
99.0 7.0
82.0 212.0
240.0 144.0
43.0 60.0
189.0 54.0
235.0 160.0
104.0 68.0
145.0 193.0
49.0 249.0
162.0 106.0
47.0 11.0
130.0 107.0
13.0 216.0
195.0 104.0
222.0 180.0
30.0 163.0
89.0 220.0
105.0 61.0
43.0 44.0
200.0 74.0
119.0 32.0
198.0 29.0
233.0 34.0
13.0 92.0
98.0 135.0
19.0 196.0
119.0 147.0
248.0 242.0
114.0 137.0
70.0 36.0
82.0 100.0
16.0 25.0
224.0 35.0
101.0 175.0
43.0 100.0
110.0 130.0
172.0 201.0
177.0 157.0
64.0 173.0
171.0 131.0
73.0 184.0
101.0 191.0
245.0 148.0
9.0 205.0
156.0 251.0
59.0 20.0
8.0 133.0
7.0 54.0
232.0 13.0
143.0 43.0
141.0 187.0
174.0 138.0
255.0 14.0
118.0 56.0
8.0 249.0
254.0 78.0
61.0 160.0
48.0 240.0
17.0 216.0
29.0 134.0
220.0 114.0
144.0 28.0
232.0 70.0
158.0 111.0
79.0 40.0
21.0 201.0
5.0 133.0
189.0 69.0
144.0 47.0
129.0 127.0
22.0 121.0
144.0 231.0
162.0 244.0
123.0 238.0
85.0 85.0
9.0 187.0
58.0 242.0
156.0 121.0
78.0 149.0
32.0 41.0
43.0 251.0
74.0 127.0
175.0 127.0
213.0 118.0
93.0 164.0
93.0 77.0
199.0 191.0
64.0 91.0
117.0 193.0
87.0 229.0
21.0 187.0
74.0 195.0
203.0 9.0
113.0 128.0
71.0 213.0
227.0 103.0
83.0 193.0
56.0 174.0
155.0 121.0
164.0 110.0
186.0 178.0
10.0 82.0
139.0 40.0
183.0 25.0
130.0 8.0
25.0 97.0
166.0 50.0
149.0 91.0
58.0 85.0
87.0 55.0
25.0 128.0
204.0 125.0
187.0 237.0
230.0 216.0
25.0 20.0
170.0 183.0
182.0 21.0
107.0 204.0
25.0 113.0
223.0 177.0
242.0 94.0
209.0 196.0
235.0 231.0
27.0 58.0
11.0 80.0
49.0 244.0
154.0 202.0
152.0 173.0
216.0 239.0
218.0 81.0
36.0 73.0
169.0 174.0
115.0 149.0
184.0 50.0
252.0 115.0
53.0 135.0
166.0 179.0
201.0 42.0
169.0 219.0
255.0 204.0
28.0 213.0
213.0 47.0
172.0 88.0
85.0 210.0
18.0 213.0
105.0 194.0
214.0 49.0
17.0 62.0
156.0 217.0
216.0 188.0
6.0 190.0
45.0 95.0
154.0 222.0
206.0 212.0
228.0 104.0
210.0 222.0
254.0 241.0
156.0 230.0
143.0 204.0
194.0 18.0
21.0 234.0
46.0 15.0
209.0 146.0
82.0 111.0
207.0 236.0
211.0 65.0
127.0 74.0
171.0 25.0
87.0 85.0
161.0 12.0
107.0 236.0
211.0 55.0
122.0 95.0
152.0 143.0
82.0 151.0
200.0 100.0
83.0 112.0
111.0 176.0
155.0 158.0
99.0 44.0
250.0 239.0
50.0 167.0
205.0 18.0
113.0 73.0
79.0 188.0
99.0 144.0
19.0 142.0
123.0 58.0
197.0 69.0
28.0 134.0
59.0 118.0
200.0 108.0
103.0 47.0
132.0 170.0
255.0 141.0
21.0 205.0
210.0 192.0
98.0 179.0
191.0 198.0
101.0 244.0
85.0 184.0
250.0 115.0
67.0 192.0
203.0 169.0
29.0 226.0
28.0 216.0
50.0 60.0
29.0 250.0
114.0 57.0
69.0 254.0
150.0 68.0
122.0 221.0
42.0 165.0
56.0 161.0
235.0 127.0
34.0 51.0
242.0 113.0
140.0 152.0
80.0 8.0
203.0 60.0
9.0 56.0
142.0 216.0
37.0 88.0
105.0 201.0
133.0 120.0
102.0 104.0
15.0 253.0
97.0 173.0
95.0 238.0
52.0 199.0
52.0 72.0
62.0 186.0
232.0 66.0
184.0 121.0
221.0 135.0
225.0 65.0
217.0 145.0
229.0 210.0
111.0 162.0
26.0 23.0
28.0 112.0
227.0 250.0
151.0 8.0
162.0 248.0
206.0 168.0
6.0 80.0
12.0 216.0
196.0 182.0
119.0 111.0
52.0 186.0
87.0 202.0
66.0 86.0
23.0 91.0
107.0 169.0
73.0 236.0
182.0 71.0
96.0 203.0
123.0 220.0
100.0 68.0
164.0 165.0
53.0 64.0
224.0 197.0
243.0 75.0
162.0 76.0
219.0 196.0
16.0 225.0
64.0 78.0
76.0 9.0
190.0 166.0
152.0 142.0
33.0 178.0
97.0 170.0
186.0 32.0
237.0 217.0
243.0 238.0
171.0 83.0
7.0 27.0
246.0 218.0
242.0 159.0
253.0 81.0
185.0 62.0
47.0 240.0
174.0 52.0
8.0 122.0
224.0 232.0
164.0 148.0
19.0 181.0
40.0 21.0
38.0 118.0
149.0 28.0
142.0 70.0
78.0 14.0
240.0 85.0
209.0 250.0
215.0 138.0
172.0 235.0
122.0 166.0
166.0 28.0
177.0 230.0
114.0 16.0
230.0 149.0
201.0 105.0
70.0 179.0
119.0 111.0
138.0 16.0
170.0 189.0
156.0 25.0
211.0 244.0
61.0 105.0
187.0 256.0
185.0 8.0
142.0 84.0
171.0 87.0
54.0 96.0
178.0 218.0
254.0 16.0
8.0 195.0
193.0 245.0
93.0 20.0
130.0 133.0
70.0 248.0
184.0 147.0
33.0 135.0
176.0 238.0
36.0 193.0
52.0 204.0
93.0 246.0
252.0 73.0
135.0 199.0
144.0 60.0
218.0 14.0
246.0 88.0
155.0 225.0
37.0 15.0
210.0 111.0
171.0 151.0
122.0 197.0
16.0 177.0
15.0 163.0
213.0 58.0
74.0 122.0
66.0 6.0
148.0 236.0
68.0 234.0
56.0 69.0
233.0 82.0
137.0 190.0
215.0 249.0
174.0 99.0
204.0 6.0
118.0 95.0
234.0 14.0
122.0 43.0
14.0 46.0
189.0 31.0
44.0 30.0
41.0 244.0
243.0 161.0
178.0 178.0
219.0 82.0
85.0 144.0
73.0 15.0
170.0 51.0
194.0 232.0
66.0 74.0
85.0 109.0
177.0 18.0
53.0 11.0
60.0 156.0
172.0 174.0
84.0 215.0
230.0 157.0
100.0 144.0
192.0 175.0
234.0 248.0
14.0 41.0
71.0 140.0
225.0 72.0
49.0 45.0
228.0 158.0
185.0 233.0
94.0 176.0
32.0 233.0
219.0 48.0
176.0 20.0
215.0 49.0
34.0 174.0
15.0 28.0
74.0 69.0
220.0 233.0
191.0 17.0
34.0 101.0
170.0 227.0
172.0 246.0
103.0 178.0
228.0 192.0
92.0 148.0
24.0 196.0
187.0 69.0
22.0 53.0
70.0 155.0
210.0 148.0
19.0 254.0
184.0 234.0
36.0 81.0
190.0 102.0
96.0 115.0
236.0 230.0
194.0 183.0
148.0 222.0
113.0 182.0
63.0 210.0
156.0 37.0
142.0 198.0
131.0 249.0
52.0 146.0
40.0 12.0
159.0 91.0
18.0 117.0
159.0 39.0
173.0 222.0
118.0 48.0
26.0 143.0
60.0 51.0
217.0 59.0
13.0 37.0
161.0 180.0
179.0 210.0
150.0 187.0
48.0 168.0
180.0 43.0
50.0 46.0
205.0 156.0
111.0 57.0
114.0 132.0
112.0 36.0
127.0 187.0
17.0 6.0
183.0 89.0
19.0 241.0
165.0 89.0
92.0 241.0
233.0 91.0
174.0 236.0
111.0 114.0
13.0 216.0
77.0 195.0
21.0 244.0
81.0 167.0
254.0 202.0
100.0 65.0
45.0 66.0
101.0 228.0
13.0 239.0
249.0 240.0
61.0 202.0
179.0 119.0
26.0 74.0
68.0 54.0
179.0 28.0
186.0 220.0
102.0 231.0
94.0 76.0
69.0 159.0
202.0 58.0
23.0 76.0
66.0 216.0
168.0 124.0
209.0 72.0
188.0 253.0
245.0 96.0
166.0 226.0
213.0 251.0
132.0 123.0
13.0 85.0
189.0 194.0
235.0 226.0
255.0 62.0
135.0 108.0
11.0 57.0
223.0 195.0
197.0 24.0
14.0 109.0
231.0 38.0
82.0 83.0
184.0 206.0
109.0 37.0
201.0 152.0
135.0 21.0
241.0 226.0
127.0 249.0
171.0 124.0
179.0 59.0
148.0 167.0
91.0 172.0
225.0 211.0
250.0 200.0
9.0 116.0
200.0 139.0
132.0 112.0
216.0 183.0
53.0 83.0
76.0 237.0
10.0 48.0
77.0 62.0
67.0 157.0
20.0 65.0
171.0 158.0
114.0 42.0
48.0 32.0
185.0 21.0
246.0 74.0
214.0 128.0
231.0 53.0
251.0 241.0
19.0 64.0
68.0 7.0
105.0 105.0
15.0 69.0
37.0 98.0
40.0 10.0
39.0 18.0
222.0 175.0
152.0 234.0
142.0 42.0
152.0 81.0
77.0 196.0
125.0 179.0
213.0 115.0
47.0 73.0
245.0 56.0
145.0 172.0
171.0 69.0
22.0 134.0
25.0 35.0
156.0 42.0
242.0 172.0
173.0 171.0
20.0 6.0
112.0 70.0
246.0 144.0
207.0 105.0
214.0 193.0
28.0 62.0
111.0 59.0
135.0 133.0
78.0 93.0
208.0 195.0
226.0 188.0
194.0 105.0
54.0 168.0
35.0 68.0
224.0 197.0
157.0 143.0
65.0 191.0
174.0 75.0
120.0 53.0
93.0 157.0
187.0 123.0
88.0 180.0
150.0 20.0
30.0 62.0
63.0 141.0
217.0 33.0
205.0 130.0
84.0 171.0
232.0 196.0
233.0 248.0
198.0 232.0
208.0 43.0
232.0 222.0
191.0 251.0
34.0 22.0
185.0 222.0
76.0 129.0
253.0 68.0
37.0 146.0
226.0 223.0
25.0 189.0
86.0 155.0
200.0 42.0
69.0 136.0
238.0 214.0
56.0 183.0
146.0 87.0
180.0 219.0
201.0 122.0
97.0 121.0
185.0 255.0
203.0 142.0
52.0 46.0
144.0 246.0
58.0 79.0
19.0 186.0
161.0 85.0
233.0 238.0
31.0 103.0
47.0 99.0
139.0 90.0
148.0 178.0
181.0 148.0
155.0 186.0
84.0 105.0
9.0 134.0
42.0 76.0
63.0 14.0
231.0 68.0
154.0 157.0
174.0 121.0
117.0 130.0
137.0 202.0
189.0 107.0
91.0 199.0
41.0 137.0
251.0 140.0
108.0 154.0
138.0 47.0
50.0 24.0
251.0 243.0
84.0 85.0
202.0 93.0
228.0 117.0
25.0 166.0
41.0 53.0
123.0 146.0
239.0 24.0
190.0 100.0
189.0 132.0
210.0 80.0
41.0 207.0
236.0 24.0
80.0 58.0
185.0 76.0
221.0 57.0
203.0 126.0
106.0 26.0
239.0 114.0
62.0 64.0
248.0 239.0
47.0 178.0
23.0 20.0
210.0 19.0
229.0 191.0
40.0 146.0
235.0 20.0
119.0 65.0
203.0 176.0
106.0 29.0
163.0 90.0
63.0 6.0
163.0 32.0
105.0 178.0
59.0 52.0
174.0 228.0
206.0 45.0
232.0 177.0
220.0 13.0
77.0 132.0
189.0 162.0
204.0 117.0
152.0 245.0
16.0 174.0
58.0 217.0
232.0 69.0
201.0 178.0
102.0 156.0
176.0 89.0
197.0 102.0
252.0 103.0
32.0 151.0
60.0 106.0
88.0 5.0
143.0 204.0
196.0 154.0
132.0 119.0
161.0 51.0
176.0 81.0
10.0 130.0
116.0 109.0
108.0 196.0
55.0 88.0
113.0 26.0
217.0 185.0
188.0 107.0
184.0 147.0
51.0 202.0
173.0 118.0
137.0 101.0
160.0 163.0
90.0 56.0
92.0 23.0
9.0 158.0
111.0 133.0
248.0 61.0
192.0 75.0
86.0 115.0
222.0 121.0
207.0 26.0
42.0 134.0
180.0 162.0
113.0 172.0
206.0 254.0
211.0 120.0
24.0 38.0
165.0 94.0
53.0 162.0
191.0 86.0
66.0 28.0
187.0 184.0
116.0 52.0
201.0 17.0
75.0 132.0
27.0 57.0
198.0 121.0
27.0 94.0
165.0 70.0
29.0 180.0
131.0 86.0
246.0 166.0
134.0 205.0
195.0 21.0
247.0 62.0
224.0 196.0
216.0 25.0
182.0 125.0
77.0 62.0
19.0 174.0
142.0 60.0
240.0 68.0
186.0 251.0
40.0 224.0
134.0 121.0
14.0 109.0
212.0 52.0
102.0 225.0
180.0 205.0
25.0 179.0
55.0 18.0
22.0 84.0
13.0 221.0
255.0 101.0
37.0 73.0
80.0 34.0
116.0 151.0
166.0 132.0
172.0 239.0
27.0 108.0
174.0 14.0
85.0 238.0
195.0 247.0
222.0 99.0
66.0 25.0
19.0 201.0
184.0 146.0
50.0 221.0
40.0 44.0
58.0 193.0
173.0 16.0
225.0 12.0
182.0 236.0
253.0 192.0
158.0 207.0
120.0 159.0
70.0 20.0
56.0 107.0
48.0 170.0
249.0 94.0
226.0 206.0
230.0 14.0
13.0 56.0
7.0 253.0
249.0 205.0
87.0 74.0
66.0 185.0
53.0 93.0
238.0 161.0
189.0 78.0
240.0 243.0
238.0 37.0
156.0 134.0
127.0 187.0
36.0 132.0
144.0 179.0
238.0 246.0
7.0 12.0
200.0 38.0
180.0 152.0
73.0 104.0
27.0 168.0
20.0 141.0
33.0 17.0
253.0 185.0
9.0 166.0
223.0 62.0
182.0 66.0
175.0 11.0
244.0 29.0
100.0 181.0
27.0 146.0
166.0 23.0
94.0 216.0
29.0 213.0
42.0 129.0
22.0 243.0
115.0 70.0
195.0 142.0
92.0 176.0
105.0 155.0
187.0 43.0
208.0 170.0
254.0 145.0
115.0 114.0
203.0 185.0
199.0 6.0
33.0 34.0
168.0 201.0
230.0 197.0
14.0 200.0
111.0 58.0
29.0 147.0
224.0 214.0
180.0 45.0
225.0 40.0
189.0 164.0
251.0 169.0
211.0 28.0
84.0 161.0
75.0 130.0
244.0 132.0
148.0 110.0
167.0 32.0
92.0 159.0
250.0 226.0
248.0 30.0
41.0 135.0
66.0 21.0
235.0 28.0
116.0 219.0
94.0 63.0
23.0 218.0
126.0 47.0
238.0 218.0
5.0 154.0
108.0 138.0
156.0 169.0
243.0 213.0
149.0 152.0
82.0 134.0
192.0 196.0
5.0 63.0
236.0 36.0
233.0 173.0
123.0 103.0
33.0 218.0
127.0 105.0
89.0 145.0
233.0 131.0
174.0 106.0
136.0 232.0
73.0 20.0
128.0 93.0
92.0 177.0
17.0 140.0
179.0 153.0
141.0 40.0
97.0 151.0
191.0 92.0
114.0 166.0
66.0 107.0
210.0 189.0
125.0 89.0
199.0 20.0
100.0 241.0
94.0 8.0
247.0 238.0
243.0 133.0
100.0 112.0
234.0 163.0
235.0 140.0
173.0 183.0
88.0 136.0
220.0 51.0
93.0 197.0
128.0 244.0
48.0 197.0
27.0 38.0
112.0 167.0
82.0 67.0
202.0 232.0
146.0 95.0
103.0 155.0
149.0 204.0
119.0 250.0
224.0 53.0
35.0 104.0
198.0 60.0
25.0 226.0
57.0 84.0
185.0 217.0
137.0 235.0
199.0 190.0
62.0 94.0
178.0 136.0
244.0 75.0
77.0 152.0
137.0 73.0
65.0 29.0
188.0 20.0
187.0 23.0
251.0 98.0
22.0 210.0
94.0 140.0
55.0 84.0
124.0 58.0
103.0 169.0
33.0 226.0
164.0 212.0
190.0 21.0
98.0 101.0
68.0 75.0
161.0 162.0
141.0 83.0
199.0 131.0
219.0 71.0
111.0 94.0
220.0 105.0
34.0 33.0
250.0 219.0
228.0 171.0
134.0 179.0
241.0 116.0
104.0 217.0
192.0 128.0
196.0 233.0
169.0 136.0
163.0 233.0
155.0 192.0
90.0 117.0
123.0 119.0
169.0 222.0
105.0 193.0
124.0 78.0
228.0 193.0
211.0 197.0
164.0 53.0
88.0 212.0
85.0 98.0
128.0 46.0
239.0 200.0
115.0 63.0
62.0 207.0
221.0 35.0
116.0 109.0
145.0 194.0
104.0 201.0
128.0 128.0
144.0 28.0
136.0 150.0
195.0 33.0
26.0 242.0
133.0 69.0
136.0 148.0
88.0 39.0
228.0 38.0
71.0 249.0
89.0 170.0
184.0 74.0
114.0 183.0
57.0 140.0
24.0 10.0
165.0 52.0
212.0 149.0
66.0 198.0
203.0 236.0
50.0 26.0
101.0 200.0
177.0 238.0
161.0 120.0
250.0 157.0
216.0 183.0
123.0 71.0
220.0 205.0
18.0 211.0
244.0 25.0
64.0 16.0
125.0 107.0
191.0 229.0
155.0 11.0
170.0 114.0
164.0 205.0
50.0 195.0
50.0 16.0
191.0 184.0
154.0 60.0
229.0 134.0
211.0 48.0
89.0 102.0
164.0 225.0
232.0 228.0
153.0 206.0
129.0 162.0
113.0 38.0
16.0 81.0
157.0 213.0
72.0 150.0
87.0 33.0
178.0 14.0
51.0 145.0
44.0 35.0
46.0 118.0
195.0 29.0
218.0 184.0
25.0 79.0
242.0 114.0
32.0 18.0
116.0 88.0
15.0 81.0
27.0 32.0
42.0 165.0
250.0 214.0
48.0 74.0
131.0 232.0
5.0 95.0
191.0 213.0
164.0 98.0
73.0 82.0
178.0 190.0
251.0 41.0
211.0 204.0
34.0 235.0
253.0 186.0
241.0 167.0
97.0 47.0
132.0 155.0
79.0 162.0
143.0 68.0
151.0 197.0
139.0 248.0
37.0 74.0
67.0 181.0
154.0 22.0
119.0 26.0
167.0 170.0
168.0 140.0
239.0 65.0
242.0 105.0
218.0 203.0
81.0 229.0
225.0 250.0
19.0 226.0
196.0 39.0
60.0 113.0
45.0 40.0
249.0 142.0
66.0 50.0
146.0 19.0
132.0 206.0
68.0 239.0
217.0 139.0
37.0 234.0
127.0 46.0
19.0 45.0
99.0 76.0
229.0 26.0
63.0 220.0
211.0 234.0
85.0 212.0
115.0 114.0
120.0 11.0
233.0 239.0
29.0 231.0
112.0 107.0
86.0 219.0
164.0 134.0
50.0 51.0
227.0 216.0
158.0 234.0
98.0 114.0
242.0 15.0
169.0 172.0
202.0 229.0
6.0 241.0
146.0 214.0
148.0 196.0
85.0 53.0
110.0 50.0
100.0 111.0
210.0 156.0
230.0 216.0
103.0 161.0
149.0 59.0
8.0 37.0
244.0 92.0
126.0 7.0
50.0 84.0
127.0 76.0
250.0 224.0
86.0 60.0
96.0 102.0
81.0 246.0
73.0 64.0
244.0 182.0
51.0 128.0
110.0 124.0
103.0 93.0
140.0 220.0
118.0 170.0
165.0 120.0
19.0 125.0
16.0 225.0
60.0 133.0
176.0 97.0
202.0 222.0
115.0 163.0
79.0 128.0
16.0 78.0
248.0 63.0
194.0 11.0
91.0 72.0
253.0 125.0
169.0 158.0
185.0 83.0
36.0 169.0
88.0 32.0
191.0 31.0
61.0 239.0
62.0 193.0
87.0 208.0
17.0 237.0
90.0 94.0
253.0 154.0
94.0 103.0
142.0 102.0
66.0 83.0
232.0 14.0
201.0 88.0
164.0 44.0
161.0 42.0
43.0 32.0
130.0 129.0
152.0 129.0
19.0 155.0
185.0 156.0
179.0 158.0
238.0 187.0
196.0 130.0
151.0 58.0
94.0 239.0
22.0 178.0
113.0 35.0
129.0 208.0
243.0 189.0
210.0 123.0
108.0 92.0
212.0 85.0
201.0 241.0
70.0 15.0
231.0 119.0
10.0 182.0
167.0 141.0
87.0 61.0
160.0 205.0
26.0 156.0
27.0 74.0
234.0 155.0
93.0 14.0
186.0 9.0
236.0 252.0
159.0 168.0
17.0 84.0
135.0 173.0
130.0 71.0
240.0 231.0
205.0 251.0
169.0 114.0
23.0 212.0
70.0 85.0
89.0 66.0
213.0 110.0
244.0 31.0
56.0 168.0
112.0 80.0
164.0 38.0
226.0 157.0
193.0 21.0
205.0 138.0
29.0 67.0
10.0 117.0
196.0 176.0
233.0 38.0
193.0 139.0
70.0 192.0
71.0 133.0
89.0 185.0
217.0 97.0
42.0 38.0
47.0 44.0
234.0 126.0
17.0 93.0
27.0 18.0
177.0 249.0
151.0 60.0
94.0 138.0
47.0 83.0
50.0 18.0
237.0 8.0
120.0 208.0
86.0 91.0
212.0 134.0
101.0 186.0
73.0 222.0
9.0 182.0
154.0 213.0
75.0 46.0
10.0 63.0
91.0 95.0
9.0 73.0
105.0 12.0
103.0 15.0
175.0 46.0
105.0 112.0
119.0 142.0
85.0 196.0
152.0 13.0
199.0 7.0
19.0 244.0
200.0 173.0
122.0 124.0
54.0 120.0
158.0 142.0
58.0 100.0
99.0 200.0
232.0 12.0
183.0 167.0
16.0 247.0
132.0 112.0
201.0 166.0
107.0 43.0
189.0 63.0
12.0 81.0
178.0 52.0
23.0 7.0
245.0 156.0
110.0 27.0
23.0 148.0
15.0 39.0
90.0 26.0
62.0 116.0
118.0 69.0
223.0 123.0
69.0 224.0
93.0 96.0
61.0 151.0
127.0 92.0
83.0 33.0
164.0 94.0
78.0 126.0
197.0 253.0
188.0 36.0
49.0 202.0
15.0 20.0
36.0 104.0
133.0 240.0
186.0 5.0
37.0 123.0
137.0 76.0
138.0 86.0
248.0 163.0
155.0 210.0
127.0 120.0
79.0 233.0
226.0 191.0
229.0 58.0
120.0 72.0
194.0 14.0
205.0 37.0
34.0 221.0
79.0 110.0
184.0 153.0
204.0 88.0
43.0 114.0
15.0 225.0
78.0 136.0
164.0 17.0
39.0 84.0
199.0 63.0
250.0 133.0
17.0 19.0
196.0 56.0
223.0 8.0
217.0 42.0
158.0 143.0
222.0 163.0
55.0 139.0
47.0 76.0
243.0 44.0
240.0 190.0
215.0 194.0
84.0 10.0
134.0 46.0
219.0 18.0
175.0 134.0
38.0 194.0
175.0 142.0
137.0 130.0
138.0 233.0
92.0 228.0
130.0 41.0
215.0 91.0
51.0 11.0
188.0 160.0
163.0 177.0
123.0 130.0
229.0 184.0
45.0 85.0
26.0 247.0
240.0 178.0
224.0 235.0
86.0 34.0
8.0 206.0
158.0 243.0
48.0 213.0
153.0 8.0
96.0 57.0
247.0 254.0
160.0 186.0
93.0 38.0
175.0 79.0
181.0 10.0
24.0 152.0
127.0 145.0
139.0 133.0
43.0 65.0
206.0 117.0
110.0 98.0
83.0 111.0
165.0 242.0
48.0 123.0
65.0 60.0
144.0 244.0
249.0 70.0
99.0 186.0
109.0 252.0
177.0 56.0
254.0 105.0
150.0 217.0
153.0 46.0
57.0 150.0
77.0 175.0
30.0 50.0
248.0 66.0
91.0 165.0
205.0 7.0
230.0 250.0
193.0 207.0
64.0 50.0
197.0 34.0
49.0 12.0
51.0 164.0
109.0 28.0
132.0 67.0
90.0 68.0
179.0 130.0
240.0 98.0
129.0 170.0
246.0 237.0
145.0 22.0
193.0 251.0
82.0 126.0
49.0 172.0
192.0 100.0
204.0 222.0
225.0 137.0
20.0 40.0
58.0 118.0
65.0 192.0
155.0 87.0
107.0 145.0
107.0 139.0
134.0 28.0
192.0 34.0
151.0 215.0
77.0 114.0
120.0 244.0
199.0 52.0
174.0 160.0
113.0 112.0
68.0 232.0
209.0 28.0
186.0 205.0
185.0 109.0
132.0 201.0
63.0 44.0
106.0 33.0
41.0 129.0
24.0 176.0
64.0 243.0
139.0 46.0
35.0 218.0
30.0 173.0
161.0 19.0
72.0 102.0
5.0 23.0
179.0 173.0
140.0 175.0
252.0 161.0
13.0 189.0
241.0 65.0
101.0 195.0
218.0 145.0
123.0 133.0
128.0 114.0
195.0 184.0
60.0 196.0
87.0 107.0
99.0 132.0
128.0 205.0
137.0 154.0
18.0 162.0
170.0 196.0
207.0 43.0
42.0 183.0
243.0 141.0
37.0 70.0
122.0 61.0
174.0 121.0
158.0 74.0
201.0 166.0
39.0 54.0
56.0 233.0
221.0 113.0
137.0 198.0
168.0 154.0
20.0 173.0
248.0 86.0
134.0 157.0
157.0 232.0
111.0 94.0
60.0 132.0
204.0 189.0
185.0 114.0
138.0 251.0
189.0 185.0
146.0 72.0
162.0 35.0
182.0 218.0
208.0 32.0
179.0 100.0
108.0 177.0
238.0 112.0
94.0 242.0
236.0 37.0
142.0 169.0
95.0 179.0
213.0 136.0
88.0 250.0
156.0 176.0
71.0 136.0
119.0 164.0
100.0 161.0
83.0 207.0
236.0 130.0
194.0 57.0
86.0 123.0
131.0 27.0
27.0 196.0
109.0 125.0
58.0 110.0
82.0 8.0
55.0 87.0
143.0 97.0
36.0 101.0
62.0 91.0
68.0 99.0
52.0 97.0
48.0 252.0
140.0 210.0
133.0 21.0
50.0 174.0
160.0 23.0
133.0 53.0
192.0 80.0
101.0 200.0
194.0 98.0
252.0 39.0
85.0 7.0
65.0 86.0
6.0 18.0
193.0 137.0
229.0 107.0
152.0 115.0
167.0 76.0
75.0 159.0
241.0 193.0
238.0 80.0
224.0 197.0
71.0 128.0
203.0 15.0
236.0 58.0
118.0 94.0
142.0 115.0
165.0 75.0
75.0 225.0
159.0 121.0
203.0 192.0
245.0 179.0
232.0 67.0
181.0 186.0
149.0 58.0
232.0 101.0
145.0 110.0
245.0 97.0
68.0 44.0
63.0 17.0
134.0 89.0
23.0 214.0
52.0 60.0
10.0 47.0
255.0 95.0
224.0 42.0
205.0 140.0
255.0 49.0
126.0 167.0
215.0 125.0
234.0 217.0
200.0 19.0
192.0 134.0
170.0 140.0
12.0 202.0
141.0 21.0
230.0 137.0
170.0 29.0
210.0 81.0
166.0 202.0
20.0 151.0
83.0 85.0
137.0 47.0
197.0 86.0
16.0 181.0
137.0 86.0
176.0 152.0
241.0 215.0
192.0 230.0
36.0 120.0
160.0 247.0
28.0 54.0
117.0 170.0
256.0 211.0
97.0 181.0
125.0 12.0
223.0 131.0
139.0 144.0
100.0 67.0
162.0 203.0
58.0 72.0
175.0 83.0
129.0 24.0
70.0 98.0
189.0 97.0
68.0 131.0
232.0 253.0
152.0 146.0
151.0 190.0
243.0 213.0
74.0 81.0
160.0 55.0
6.0 235.0
154.0 115.0
215.0 106.0
243.0 23.0
208.0 176.0
253.0 102.0
178.0 31.0
116.0 139.0
69.0 217.0
33.0 226.0
25.0 129.0
108.0 243.0
50.0 153.0
235.0 170.0
220.0 130.0
194.0 179.0
152.0 21.0
110.0 56.0
224.0 239.0
136.0 43.0
98.0 110.0
99.0 32.0
172.0 83.0
127.0 44.0
158.0 18.0
87.0 72.0
6.0 32.0
32.0 118.0
253.0 129.0
55.0 68.0
179.0 215.0
139.0 169.0
176.0 84.0
54.0 105.0
93.0 123.0
244.0 46.0
121.0 183.0
106.0 63.0
85.0 211.0
14.0 152.0
77.0 49.0
135.0 133.0
163.0 39.0
182.0 44.0
14.0 215.0
113.0 158.0
34.0 176.0
247.0 154.0
200.0 208.0
207.0 149.0
111.0 167.0
26.0 19.0
43.0 69.0
161.0 113.0
118.0 235.0
216.0 114.0
85.0 128.0
174.0 71.0
114.0 48.0
56.0 199.0
6.0 199.0
246.0 126.0
126.0 227.0
220.0 30.0
27.0 39.0
56.0 229.0
247.0 183.0
97.0 63.0
94.0 216.0
19.0 232.0
47.0 176.0
38.0 46.0
189.0 16.0
146.0 157.0
197.0 204.0
230.0 88.0
169.0 229.0
85.0 246.0
187.0 113.0
62.0 115.0
18.0 245.0
214.0 204.0
241.0 61.0
91.0 61.0
83.0 13.0
142.0 24.0
72.0 173.0
8.0 202.0
242.0 77.0
44.0 200.0
84.0 55.0
223.0 202.0
74.0 223.0
144.0 48.0
172.0 27.0
168.0 71.0
171.0 177.0
17.0 181.0
217.0 175.0
244.0 91.0
233.0 196.0
58.0 54.0
178.0 135.0
234.0 127.0
50.0 199.0
12.0 195.0
124.0 229.0
83.0 179.0
8.0 33.0
170.0 240.0
112.0 28.0
186.0 61.0
242.0 46.0
125.0 154.0
25.0 60.0
13.0 82.0
46.0 24.0
204.0 20.0
228.0 179.0
244.0 81.0
211.0 195.0
192.0 250.0
197.0 73.0
9.0 224.0
86.0 110.0
253.0 111.0
231.0 192.0
118.0 173.0
77.0 68.0
130.0 189.0
102.0 60.0
165.0 246.0
153.0 182.0
32.0 159.0
69.0 20.0
97.0 203.0
229.0 230.0
84.0 238.0
70.0 95.0
178.0 26.0
96.0 168.0
176.0 201.0
25.0 39.0
171.0 71.0
239.0 143.0
148.0 78.0
65.0 251.0
135.0 224.0
157.0 201.0
118.0 168.0
128.0 146.0
233.0 170.0
110.0 230.0
137.0 223.0
238.0 113.0
121.0 163.0
112.0 95.0
13.0 213.0
127.0 195.0
100.0 168.0
80.0 15.0
177.0 255.0
66.0 109.0
128.0 9.0
244.0 124.0
245.0 108.0
25.0 230.0
71.0 108.0
218.0 47.0
110.0 113.0
38.0 166.0
52.0 19.0
85.0 124.0
230.0 180.0
165.0 48.0
74.0 41.0
117.0 179.0
202.0 210.0
149.0 163.0
218.0 105.0
27.0 162.0
27.0 85.0
159.0 50.0
110.0 14.0
117.0 116.0
170.0 87.0
239.0 194.0
241.0 203.0
193.0 246.0
38.0 124.0
95.0 174.0
18.0 86.0
118.0 57.0
31.0 155.0
91.0 166.0
198.0 203.0
155.0 119.0
242.0 145.0
75.0 142.0
41.0 172.0
182.0 131.0
242.0 241.0
153.0 183.0
98.0 205.0
200.0 112.0
254.0 227.0
66.0 244.0
218.0 196.0
215.0 154.0
167.0 186.0
11.0 9.0
183.0 76.0
160.0 45.0
196.0 202.0
53.0 220.0
83.0 55.0
198.0 198.0
110.0 21.0
232.0 91.0
32.0 70.0
58.0 213.0
133.0 235.0
17.0 182.0
168.0 154.0
246.0 224.0
144.0 196.0
220.0 135.0
221.0 13.0
60.0 161.0
64.0 198.0
217.0 97.0
93.0 246.0
211.0 15.0
23.0 124.0
170.0 9.0
57.0 53.0
250.0 36.0
233.0 134.0
35.0 96.0
181.0 74.0
112.0 187.0
138.0 42.0
69.0 200.0
124.0 218.0
208.0 8.0
251.0 11.0
137.0 84.0
173.0 106.0
125.0 11.0
46.0 171.0
254.0 76.0
133.0 38.0
149.0 229.0
20.0 54.0
193.0 174.0
228.0 47.0
128.0 37.0
60.0 207.0
56.0 238.0
91.0 230.0
144.0 129.0
240.0 128.0
171.0 167.0
7.0 186.0
64.0 34.0
154.0 113.0
219.0 143.0
27.0 199.0
120.0 13.0
207.0 188.0
168.0 111.0
52.0 52.0
122.0 9.0
170.0 216.0
174.0 81.0
43.0 89.0
205.0 224.0
191.0 51.0
81.0 163.0
230.0 131.0
216.0 254.0
97.0 147.0
94.0 181.0
160.0 168.0
115.0 104.0
116.0 209.0
75.0 15.0
6.0 138.0
37.0 244.0
163.0 50.0
19.0 13.0
239.0 246.0
113.0 57.0
49.0 224.0
121.0 139.0
12.0 113.0
179.0 74.0
235.0 139.0
57.0 207.0
209.0 192.0
29.0 116.0
20.0 178.0
88.0 79.0
176.0 69.0
39.0 208.0
34.0 52.0
130.0 192.0
112.0 230.0
84.0 135.0
137.0 180.0
153.0 73.0
173.0 223.0
80.0 54.0
155.0 20.0
38.0 188.0
206.0 64.0
51.0 234.0
10.0 205.0
23.0 233.0
202.0 253.0
108.0 93.0
169.0 105.0
97.0 61.0
134.0 60.0
186.0 111.0
12.0 216.0
228.0 25.0
30.0 155.0
160.0 66.0
10.0 225.0
67.0 206.0
149.0 7.0
17.0 123.0
75.0 127.0
205.0 74.0
159.0 142.0
151.0 241.0
205.0 35.0
