1
2048 1 3.0 0.0 1000.0 3 160 240 100

6.5 13.5 29.3 58.5
13.0 27.0 58.5 117.0
19.5 40.5 87.8 175.5
26.0 54.0 117.0 234.0
39.0 81.0 175.5 351.0
52.0 108.0 234.0 468.0
58.5 121.5 263.3 526.5
65.0 135.0 292.5 585.0
78.0 162.0 351.0 702.0
0.0 180.0 390.0 780.0

2.0 5.0 8.0 11.0
5.0 8.0 11.0 14.0
9.0 12.0 15.0 18.0
11.0 14.0 17.0 20.0
15.0 18.0 21.0 24.0
18.0 21.0 24.0 27.0
20.0 23.0 26.0 29.0
25.0 28.0 31.0 34.0
29.0 32.0 35.0 38.0
0.0 34.0 37.0 40.0

176.0 53.0
93.0 222.0
247.0 193.0
85.0 220.0
184.0 245.0
220.0 92.0
216.0 193.0
22.0 220.0
187.0 218.0
43.0 171.0
240.0 0.0
75.0 131.0
76.0 171.0
127.0 218.0
223.0 39.0
236.0 172.0
61.0 36.0
31.0 54.0
162.0 136.0
8.0 98.0
68.0 68.0
45.0 184.0
192.0 200.0
247.0 242.0
91.0 34.0
33.0 159.0
159.0 70.0
169.0 115.0
133.0 110.0
25.0 73.0
77.0 124.0
169.0 192.0
98.0 125.0
163.0 44.0
114.0 58.0
66.0 4.0
20.0 17.0
144.0 77.0
222.0 179.0
144.0 170.0
250.0 131.0
25.0 168.0
36.0 113.0
123.0 233.0
221.0 232.0
14.0 29.0
167.0 33.0
183.0 186.0
183.0 113.0
132.0 70.0
20.0 44.0
165.0 54.0
5.0 161.0
107.0 238.0
4.0 98.0
69.0 163.0
200.0 21.0
137.0 119.0
13.0 55.0
233.0 211.0
19.0 223.0
141.0 147.0
56.0 33.0
67.0 39.0
18.0 149.0
123.0 73.0
149.0 153.0
203.0 194.0
194.0 217.0
28.0 46.0
113.0 64.0
207.0 189.0
87.0 156.0
208.0 201.0
137.0 125.0
214.0 69.0
217.0 247.0
134.0 105.0
233.0 111.0
116.0 156.0
218.0 152.0
213.0 218.0
223.0 73.0
171.0 115.0
68.0 212.0
105.0 210.0
105.0 232.0
175.0 193.0
19.0 89.0
143.0 35.0
207.0 16.0
47.0 26.0
114.0 110.0
2.0 121.0
221.0 132.0
231.0 123.0
157.0 223.0
226.0 63.0
22.0 45.0
7.0 170.0
22.0 149.0
248.0 183.0
117.0 223.0
123.0 6.0
165.0 136.0
20.0 89.0
130.0 52.0
87.0 169.0
225.0 177.0
139.0 109.0
172.0 12.0
22.0 121.0
76.0 64.0
80.0 214.0
231.0 17.0
193.0 34.0
214.0 168.0
171.0 71.0
218.0 35.0
84.0 12.0
109.0 48.0
186.0 93.0
24.0 102.0
157.0 117.0
128.0 31.0
172.0 101.0
221.0 122.0
160.0 91.0
177.0 137.0
141.0 249.0
45.0 67.0
110.0 122.0
168.0 214.0
3.0 57.0
12.0 208.0
78.0 60.0
200.0 165.0
116.0 197.0
61.0 242.0
158.0 183.0
67.0 142.0
67.0 154.0
91.0 212.0
227.0 145.0
232.0 79.0
75.0 125.0
20.0 63.0
138.0 249.0
124.0 197.0
133.0 53.0
238.0 237.0
213.0 134.0
154.0 89.0
5.0 144.0
78.0 171.0
165.0 38.0
53.0 28.0
225.0 18.0
189.0 68.0
69.0 237.0
178.0 120.0
201.0 97.0
173.0 75.0
10.0 47.0
141.0 160.0
65.0 125.0
123.0 241.0
34.0 7.0
158.0 90.0
128.0 179.0
174.0 123.0
28.0 128.0
219.0 172.0
88.0 49.0
211.0 177.0
144.0 70.0
223.0 241.0
87.0 126.0
85.0 43.0
159.0 128.0
197.0 189.0
16.0 149.0
232.0 120.0
129.0 166.0
217.0 29.0
189.0 210.0
63.0 35.0
229.0 87.0
164.0 181.0
241.0 125.0
244.0 145.0
131.0 11.0
197.0 92.0
156.0 50.0
1.0 189.0
75.0 250.0
43.0 80.0
24.0 230.0
72.0 223.0
227.0 216.0
8.0 13.0
169.0 231.0
173.0 205.0
226.0 147.0
65.0 206.0
9.0 55.0
113.0 106.0
23.0 12.0
152.0 157.0
39.0 244.0
185.0 182.0
151.0 226.0
53.0 4.0
43.0 113.0
192.0 14.0
50.0 52.0
234.0 66.0
183.0 228.0
1.0 213.0
63.0 58.0
19.0 102.0
63.0 249.0
240.0 142.0
234.0 13.0
214.0 165.0
171.0 33.0
18.0 51.0
40.0 94.0
74.0 167.0
46.0 100.0
33.0 230.0
167.0 19.0
221.0 37.0
77.0 95.0
213.0 79.0
213.0 248.0
149.0 93.0
19.0 128.0
239.0 191.0
200.0 117.0
184.0 5.0
147.0 112.0
99.0 99.0
3.0 27.0
30.0 228.0
131.0 211.0
32.0 52.0
92.0 76.0
21.0 22.0
32.0 50.0
244.0 181.0
187.0 239.0
206.0 187.0
41.0 41.0
19.0 213.0
227.0 244.0
143.0 140.0
74.0 201.0
101.0 70.0
11.0 0.0
25.0 210.0
116.0 99.0
223.0 12.0
139.0 213.0
17.0 20.0
167.0 50.0
153.0 167.0
130.0 62.0
170.0 90.0
191.0 176.0
139.0 106.0
99.0 55.0
48.0 23.0
169.0 218.0
120.0 59.0
98.0 201.0
189.0 166.0
145.0 217.0
89.0 164.0
21.0 112.0
19.0 102.0
136.0 201.0
223.0 120.0
177.0 167.0
99.0 119.0
33.0 226.0
155.0 119.0
172.0 107.0
89.0 10.0
112.0 186.0
24.0 176.0
210.0 196.0
36.0 92.0
39.0 228.0
162.0 243.0
202.0 61.0
119.0 72.0
234.0 173.0
60.0 223.0
51.0 90.0
235.0 116.0
233.0 53.0
226.0 16.0
232.0 24.0
37.0 20.0
150.0 154.0
59.0 216.0
60.0 97.0
59.0 95.0
146.0 171.0
124.0 81.0
2.0 121.0
42.0 135.0
247.0 117.0
199.0 169.0
165.0 119.0
101.0 113.0
158.0 101.0
211.0 239.0
92.0 157.0
97.0 207.0
195.0 103.0
198.0 66.0
228.0 220.0
89.0 48.0
194.0 123.0
163.0 23.0
192.0 37.0
249.0 57.0
51.0 77.0
202.0 81.0
228.0 204.0
108.0 246.0
235.0 61.0
24.0 74.0
197.0 248.0
8.0 117.0
177.0 117.0
244.0 122.0
10.0 2.0
139.0 14.0
143.0 119.0
70.0 86.0
102.0 154.0
35.0 80.0
219.0 155.0
12.0 172.0
89.0 122.0
151.0 170.0
44.0 36.0
234.0 62.0
223.0 99.0
148.0 106.0
148.0 44.0
180.0 205.0
24.0 165.0
12.0 155.0
32.0 57.0
92.0 129.0
218.0 81.0
133.0 90.0
117.0 173.0
52.0 159.0
96.0 145.0
213.0 218.0
174.0 203.0
166.0 168.0
179.0 229.0
131.0 2.0
128.0 159.0
20.0 221.0
58.0 131.0
148.0 147.0
88.0 120.0
34.0 10.0
35.0 102.0
67.0 25.0
9.0 89.0
80.0 179.0
192.0 197.0
217.0 73.0
76.0 227.0
6.0 189.0
12.0 43.0
162.0 21.0
212.0 82.0
165.0 79.0
176.0 183.0
229.0 91.0
73.0 187.0
110.0 9.0
162.0 96.0
248.0 43.0
159.0 161.0
38.0 203.0
20.0 25.0
128.0 177.0
160.0 179.0
146.0 175.0
202.0 244.0
139.0 178.0
169.0 187.0
249.0 102.0
63.0 134.0
26.0 184.0
135.0 245.0
45.0 234.0
167.0 195.0
82.0 185.0
179.0 109.0
154.0 198.0
24.0 108.0
52.0 144.0
150.0 192.0
45.0 85.0
120.0 247.0
1.0 206.0
43.0 20.0
244.0 193.0
131.0 236.0
7.0 128.0
161.0 58.0
177.0 40.0
184.0 201.0
68.0 39.0
133.0 33.0
42.0 43.0
48.0 76.0
90.0 178.0
185.0 136.0
70.0 209.0
125.0 96.0
81.0 215.0
8.0 212.0
59.0 246.0
121.0 95.0
182.0 43.0
129.0 75.0
57.0 191.0
11.0 0.0
152.0 153.0
140.0 73.0
59.0 192.0
190.0 118.0
190.0 234.0
170.0 23.0
105.0 77.0
169.0 123.0
211.0 109.0
214.0 141.0
145.0 67.0
203.0 90.0
210.0 136.0
209.0 100.0
51.0 22.0
216.0 227.0
75.0 202.0
223.0 75.0
150.0 88.0
155.0 152.0
245.0 185.0
128.0 174.0
152.0 123.0
146.0 116.0
69.0 248.0
143.0 100.0
95.0 30.0
77.0 30.0
245.0 110.0
114.0 201.0
195.0 110.0
233.0 176.0
226.0 151.0
159.0 6.0
204.0 79.0
102.0 233.0
199.0 232.0
50.0 134.0
177.0 104.0
244.0 232.0
31.0 115.0
210.0 207.0
243.0 245.0
76.0 72.0
45.0 82.0
204.0 129.0
39.0 181.0
216.0 220.0
246.0 164.0
88.0 115.0
154.0 80.0
250.0 225.0
144.0 73.0
249.0 86.0
218.0 6.0
48.0 162.0
27.0 227.0
112.0 72.0
19.0 222.0
17.0 135.0
65.0 244.0
82.0 228.0
7.0 25.0
145.0 219.0
126.0 28.0
105.0 100.0
76.0 237.0
226.0 206.0
177.0 61.0
211.0 13.0
234.0 218.0
140.0 41.0
136.0 51.0
183.0 209.0
50.0 35.0
51.0 65.0
65.0 30.0
203.0 99.0
244.0 166.0
168.0 189.0
62.0 57.0
118.0 21.0
47.0 92.0
171.0 139.0
247.0 125.0
195.0 117.0
205.0 185.0
202.0 117.0
194.0 168.0
244.0 203.0
10.0 236.0
19.0 44.0
210.0 27.0
219.0 18.0
217.0 17.0
211.0 215.0
54.0 12.0
197.0 214.0
240.0 247.0
87.0 33.0
7.0 177.0
86.0 224.0
238.0 83.0
117.0 164.0
141.0 185.0
202.0 119.0
224.0 18.0
48.0 10.0
169.0 141.0
85.0 96.0
69.0 53.0
76.0 111.0
6.0 15.0
178.0 206.0
30.0 28.0
190.0 107.0
170.0 33.0
246.0 209.0
161.0 225.0
68.0 143.0
124.0 153.0
157.0 173.0
15.0 130.0
157.0 69.0
219.0 11.0
159.0 196.0
220.0 218.0
44.0 89.0
85.0 210.0
12.0 126.0
92.0 148.0
12.0 207.0
104.0 72.0
115.0 152.0
134.0 228.0
145.0 120.0
99.0 226.0
249.0 139.0
61.0 41.0
105.0 158.0
98.0 172.0
52.0 95.0
215.0 93.0
224.0 171.0
62.0 179.0
115.0 124.0
6.0 123.0
5.0 215.0
188.0 151.0
65.0 4.0
243.0 177.0
191.0 176.0
182.0 79.0
11.0 18.0
245.0 104.0
247.0 209.0
103.0 221.0
231.0 150.0
83.0 60.0
157.0 105.0
172.0 106.0
224.0 30.0
106.0 184.0
138.0 217.0
163.0 21.0
247.0 4.0
106.0 41.0
157.0 76.0
1.0 72.0
221.0 200.0
3.0 220.0
130.0 66.0
192.0 228.0
124.0 207.0
180.0 212.0
168.0 24.0
212.0 191.0
248.0 21.0
83.0 193.0
0.0 166.0
233.0 239.0
199.0 91.0
220.0 82.0
203.0 180.0
48.0 161.0
4.0 127.0
180.0 2.0
99.0 144.0
89.0 154.0
213.0 24.0
48.0 24.0
213.0 116.0
144.0 63.0
116.0 36.0
86.0 57.0
155.0 45.0
165.0 84.0
192.0 66.0
69.0 25.0
49.0 105.0
29.0 64.0
182.0 211.0
130.0 191.0
147.0 98.0
132.0 11.0
145.0 178.0
10.0 10.0
238.0 35.0
194.0 195.0
129.0 186.0
74.0 138.0
237.0 35.0
145.0 219.0
82.0 8.0
220.0 217.0
75.0 145.0
217.0 177.0
127.0 245.0
67.0 65.0
16.0 235.0
127.0 29.0
78.0 229.0
29.0 142.0
24.0 66.0
206.0 70.0
67.0 173.0
166.0 173.0
59.0 172.0
122.0 106.0
165.0 191.0
177.0 44.0
177.0 179.0
53.0 233.0
110.0 65.0
167.0 108.0
50.0 178.0
197.0 69.0
32.0 139.0
51.0 13.0
41.0 36.0
244.0 90.0
35.0 200.0
245.0 185.0
209.0 18.0
169.0 171.0
28.0 242.0
233.0 96.0
114.0 88.0
246.0 221.0
158.0 221.0
168.0 173.0
44.0 29.0
136.0 37.0
244.0 182.0
114.0 247.0
50.0 234.0
190.0 247.0
65.0 137.0
59.0 147.0
154.0 70.0
77.0 216.0
145.0 60.0
70.0 77.0
112.0 171.0
129.0 48.0
150.0 132.0
227.0 145.0
101.0 36.0
10.0 47.0
19.0 109.0
196.0 171.0
206.0 70.0
100.0 29.0
221.0 185.0
69.0 146.0
91.0 180.0
211.0 85.0
237.0 227.0
110.0 222.0
215.0 54.0
6.0 203.0
169.0 8.0
15.0 104.0
224.0 4.0
5.0 89.0
79.0 63.0
65.0 221.0
154.0 242.0
53.0 90.0
197.0 40.0
56.0 48.0
48.0 210.0
108.0 77.0
117.0 175.0
120.0 212.0
135.0 107.0
5.0 172.0
109.0 10.0
70.0 242.0
180.0 211.0
37.0 189.0
166.0 242.0
134.0 110.0
138.0 147.0
2.0 165.0
170.0 57.0
219.0 162.0
238.0 207.0
82.0 111.0
44.0 97.0
61.0 84.0
108.0 111.0
182.0 100.0
20.0 166.0
153.0 27.0
89.0 72.0
93.0 72.0
145.0 64.0
63.0 245.0
97.0 49.0
128.0 226.0
153.0 164.0
28.0 153.0
156.0 57.0
74.0 138.0
75.0 113.0
188.0 152.0
239.0 165.0
117.0 208.0
213.0 31.0
93.0 112.0
36.0 51.0
92.0 82.0
103.0 79.0
106.0 132.0
18.0 239.0
189.0 156.0
94.0 24.0
76.0 206.0
186.0 156.0
2.0 57.0
166.0 184.0
157.0 161.0
112.0 107.0
23.0 204.0
111.0 108.0
146.0 5.0
166.0 77.0
229.0 90.0
201.0 135.0
217.0 51.0
40.0 204.0
125.0 157.0
228.0 204.0
178.0 193.0
198.0 70.0
116.0 130.0
24.0 25.0
120.0 212.0
131.0 173.0
89.0 199.0
101.0 4.0
88.0 232.0
37.0 208.0
82.0 163.0
30.0 44.0
148.0 213.0
50.0 34.0
155.0 164.0
181.0 85.0
225.0 84.0
152.0 203.0
97.0 142.0
206.0 18.0
81.0 167.0
133.0 165.0
91.0 121.0
134.0 101.0
75.0 247.0
224.0 45.0
212.0 223.0
204.0 241.0
56.0 173.0
42.0 95.0
132.0 14.0
68.0 27.0
34.0 109.0
200.0 206.0
159.0 69.0
225.0 132.0
246.0 69.0
229.0 112.0
234.0 128.0
78.0 217.0
237.0 102.0
168.0 146.0
11.0 215.0
220.0 202.0
96.0 2.0
212.0 183.0
142.0 104.0
97.0 33.0
203.0 180.0
35.0 145.0
151.0 242.0
149.0 79.0
125.0 54.0
164.0 186.0
12.0 24.0
69.0 20.0
37.0 104.0
28.0 188.0
60.0 20.0
55.0 105.0
33.0 192.0
64.0 199.0
109.0 58.0
171.0 163.0
206.0 45.0
245.0 165.0
159.0 8.0
201.0 233.0
133.0 15.0
162.0 114.0
54.0 170.0
113.0 191.0
116.0 238.0
33.0 135.0
225.0 119.0
18.0 248.0
83.0 76.0
8.0 52.0
144.0 142.0
238.0 200.0
3.0 211.0
163.0 151.0
106.0 146.0
115.0 43.0
192.0 14.0
35.0 95.0
227.0 152.0
189.0 91.0
147.0 71.0
83.0 148.0
12.0 5.0
104.0 211.0
24.0 240.0
215.0 82.0
146.0 176.0
141.0 62.0
134.0 102.0
221.0 144.0
106.0 31.0
233.0 198.0
83.0 200.0
24.0 212.0
239.0 191.0
94.0 173.0
189.0 176.0
104.0 2.0
167.0 100.0
90.0 19.0
41.0 187.0
216.0 218.0
156.0 199.0
224.0 215.0
73.0 226.0
47.0 7.0
62.0 50.0
109.0 37.0
46.0 222.0
163.0 96.0
239.0 60.0
54.0 147.0
36.0 37.0
142.0 0.0
28.0 170.0
145.0 56.0
79.0 0.0
5.0 149.0
207.0 134.0
181.0 90.0
84.0 89.0
71.0 85.0
21.0 9.0
110.0 220.0
134.0 141.0
119.0 92.0
168.0 246.0
70.0 142.0
66.0 221.0
223.0 134.0
125.0 234.0
173.0 233.0
198.0 10.0
140.0 227.0
176.0 200.0
157.0 246.0
65.0 105.0
126.0 122.0
24.0 59.0
18.0 135.0
61.0 95.0
53.0 170.0
114.0 116.0
18.0 125.0
101.0 35.0
198.0 4.0
36.0 233.0
171.0 147.0
170.0 204.0
93.0 144.0
135.0 77.0
99.0 31.0
155.0 18.0
47.0 174.0
209.0 96.0
131.0 67.0
59.0 215.0
214.0 91.0
160.0 81.0
7.0 57.0
247.0 196.0
98.0 225.0
232.0 191.0
76.0 247.0
83.0 146.0
106.0 86.0
202.0 71.0
113.0 3.0
83.0 59.0
23.0 24.0
158.0 188.0
115.0 110.0
223.0 36.0
46.0 72.0
235.0 8.0
223.0 66.0
7.0 241.0
237.0 99.0
184.0 131.0
120.0 250.0
192.0 135.0
38.0 152.0
145.0 26.0
56.0 86.0
23.0 112.0
203.0 94.0
5.0 231.0
105.0 80.0
117.0 162.0
37.0 197.0
221.0 135.0
36.0 105.0
124.0 193.0
58.0 25.0
214.0 238.0
179.0 53.0
22.0 122.0
218.0 16.0
231.0 242.0
148.0 240.0
189.0 129.0
41.0 112.0
33.0 114.0
56.0 183.0
126.0 184.0
71.0 85.0
46.0 236.0
101.0 118.0
187.0 225.0
240.0 162.0
93.0 24.0
127.0 145.0
214.0 125.0
47.0 94.0
81.0 133.0
65.0 122.0
195.0 45.0
152.0 23.0
29.0 136.0
98.0 174.0
54.0 86.0
29.0 50.0
46.0 34.0
205.0 204.0
231.0 74.0
48.0 95.0
145.0 240.0
185.0 28.0
137.0 139.0
101.0 203.0
16.0 147.0
45.0 2.0
147.0 190.0
162.0 156.0
130.0 169.0
131.0 24.0
228.0 167.0
143.0 19.0
56.0 117.0
125.0 31.0
88.0 203.0
182.0 249.0
99.0 43.0
24.0 123.0
228.0 56.0
230.0 232.0
163.0 176.0
240.0 175.0
5.0 202.0
61.0 135.0
182.0 70.0
186.0 85.0
99.0 201.0
95.0 193.0
19.0 98.0
225.0 1.0
242.0 218.0
133.0 52.0
191.0 159.0
117.0 187.0
101.0 73.0
158.0 48.0
56.0 222.0
65.0 127.0
176.0 195.0
52.0 45.0
86.0 98.0
15.0 1.0
94.0 101.0
117.0 211.0
86.0 34.0
60.0 162.0
176.0 31.0
30.0 100.0
12.0 44.0
89.0 232.0
147.0 111.0
92.0 167.0
237.0 62.0
52.0 198.0
120.0 171.0
154.0 97.0
149.0 75.0
203.0 125.0
218.0 85.0
98.0 68.0
214.0 86.0
224.0 124.0
226.0 23.0
246.0 71.0
115.0 53.0
71.0 181.0
135.0 226.0
65.0 164.0
106.0 158.0
198.0 245.0
199.0 182.0
55.0 39.0
192.0 53.0
15.0 182.0
152.0 88.0
181.0 24.0
22.0 185.0
207.0 221.0
183.0 211.0
245.0 138.0
111.0 100.0
47.0 36.0
61.0 23.0
43.0 88.0
26.0 76.0
71.0 60.0
32.0 247.0
210.0 73.0
146.0 226.0
246.0 180.0
112.0 179.0
117.0 21.0
141.0 197.0
243.0 179.0
143.0 158.0
188.0 135.0
25.0 77.0
211.0 44.0
5.0 73.0
23.0 129.0
169.0 147.0
159.0 28.0
94.0 17.0
197.0 18.0
153.0 96.0
74.0 81.0
191.0 220.0
114.0 96.0
65.0 85.0
161.0 24.0
108.0 140.0
31.0 218.0
144.0 11.0
68.0 107.0
229.0 74.0
138.0 26.0
126.0 131.0
222.0 48.0
67.0 184.0
65.0 224.0
171.0 135.0
165.0 207.0
218.0 36.0
192.0 47.0
1.0 73.0
240.0 3.0
92.0 58.0
129.0 34.0
122.0 234.0
28.0 199.0
29.0 17.0
6.0 236.0
1.0 134.0
143.0 190.0
193.0 149.0
187.0 234.0
75.0 201.0
19.0 162.0
108.0 74.0
30.0 94.0
227.0 62.0
57.0 241.0
217.0 106.0
86.0 130.0
80.0 45.0
20.0 28.0
86.0 98.0
84.0 97.0
14.0 19.0
32.0 116.0
125.0 188.0
110.0 203.0
7.0 198.0
74.0 238.0
209.0 71.0
74.0 46.0
184.0 44.0
89.0 162.0
68.0 179.0
107.0 119.0
205.0 124.0
81.0 204.0
70.0 134.0
16.0 241.0
107.0 70.0
73.0 238.0
31.0 109.0
161.0 57.0
226.0 247.0
59.0 87.0
162.0 216.0
131.0 212.0
85.0 12.0
68.0 148.0
43.0 43.0
100.0 94.0
107.0 194.0
217.0 145.0
239.0 226.0
238.0 9.0
40.0 159.0
130.0 136.0
191.0 174.0
43.0 160.0
216.0 94.0
93.0 129.0
244.0 63.0
227.0 67.0
16.0 132.0
78.0 203.0
205.0 244.0
28.0 45.0
165.0 191.0
0.0 2.0
42.0 175.0
77.0 115.0
246.0 157.0
97.0 221.0
101.0 8.0
190.0 228.0
30.0 26.0
39.0 218.0
224.0 198.0
204.0 167.0
31.0 147.0
159.0 123.0
135.0 27.0
8.0 16.0
134.0 172.0
171.0 63.0
218.0 143.0
106.0 59.0
181.0 99.0
249.0 147.0
75.0 13.0
116.0 241.0
146.0 37.0
103.0 58.0
215.0 152.0
77.0 61.0
13.0 50.0
159.0 151.0
30.0 245.0
167.0 26.0
240.0 230.0
239.0 174.0
154.0 68.0
239.0 42.0
176.0 100.0
94.0 229.0
96.0 38.0
22.0 109.0
67.0 238.0
188.0 114.0
24.0 62.0
128.0 206.0
19.0 243.0
85.0 151.0
59.0 29.0
239.0 231.0
39.0 163.0
88.0 149.0
227.0 79.0
92.0 131.0
40.0 15.0
225.0 105.0
168.0 33.0
139.0 87.0
175.0 26.0
243.0 27.0
2.0 91.0
13.0 131.0
132.0 202.0
204.0 12.0
212.0 195.0
169.0 86.0
12.0 131.0
72.0 186.0
164.0 162.0
76.0 172.0
158.0 108.0
169.0 147.0
166.0 222.0
88.0 183.0
77.0 242.0
117.0 31.0
152.0 86.0
113.0 102.0
67.0 142.0
142.0 71.0
149.0 164.0
213.0 11.0
171.0 75.0
122.0 30.0
141.0 70.0
3.0 201.0
96.0 212.0
245.0 132.0
190.0 15.0
226.0 83.0
214.0 93.0
161.0 113.0
221.0 246.0
135.0 33.0
16.0 181.0
244.0 21.0
60.0 123.0
44.0 55.0
158.0 129.0
94.0 139.0
131.0 237.0
186.0 116.0
202.0 143.0
156.0 149.0
165.0 168.0
1.0 53.0
206.0 58.0
75.0 177.0
60.0 35.0
212.0 154.0
7.0 3.0
165.0 78.0
6.0 191.0
96.0 58.0
98.0 37.0
123.0 95.0
10.0 196.0
43.0 82.0
206.0 120.0
100.0 19.0
192.0 200.0
49.0 111.0
207.0 57.0
14.0 214.0
221.0 95.0
6.0 172.0
248.0 22.0
230.0 144.0
28.0 79.0
172.0 70.0
200.0 60.0
224.0 22.0
158.0 242.0
194.0 202.0
72.0 171.0
116.0 204.0
151.0 60.0
52.0 189.0
7.0 113.0
190.0 207.0
60.0 163.0
60.0 187.0
235.0 49.0
30.0 220.0
245.0 10.0
44.0 8.0
109.0 149.0
140.0 244.0
57.0 92.0
67.0 177.0
101.0 52.0
185.0 224.0
52.0 34.0
84.0 48.0
131.0 19.0
220.0 53.0
89.0 230.0
150.0 106.0
98.0 200.0
26.0 74.0
208.0 130.0
53.0 77.0
5.0 104.0
199.0 208.0
148.0 55.0
247.0 221.0
31.0 159.0
87.0 71.0
136.0 167.0
215.0 187.0
192.0 246.0
228.0 222.0
76.0 210.0
134.0 55.0
209.0 69.0
152.0 150.0
1.0 169.0
211.0 180.0
211.0 237.0
164.0 138.0
178.0 191.0
79.0 227.0
140.0 195.0
245.0 122.0
228.0 169.0
114.0 16.0
243.0 115.0
202.0 176.0
147.0 103.0
55.0 45.0
28.0 132.0
163.0 236.0
89.0 112.0
53.0 81.0
37.0 38.0
81.0 207.0
53.0 228.0
18.0 178.0
94.0 79.0
85.0 53.0
87.0 87.0
145.0 10.0
129.0 204.0
88.0 26.0
139.0 156.0
244.0 136.0
204.0 169.0
239.0 127.0
174.0 107.0
240.0 74.0
134.0 93.0
135.0 197.0
190.0 225.0
233.0 64.0
56.0 116.0
131.0 4.0
9.0 213.0
227.0 132.0
86.0 17.0
146.0 203.0
202.0 31.0
170.0 100.0
184.0 173.0
86.0 36.0
46.0 132.0
158.0 143.0
100.0 238.0
1.0 165.0
121.0 238.0
205.0 43.0
28.0 155.0
107.0 244.0
176.0 2.0
177.0 241.0
95.0 144.0
51.0 118.0
145.0 216.0
40.0 85.0
57.0 19.0
37.0 13.0
182.0 158.0
20.0 126.0
76.0 234.0
191.0 105.0
87.0 229.0
82.0 107.0
211.0 10.0
43.0 81.0
10.0 232.0
68.0 10.0
233.0 178.0
244.0 77.0
46.0 191.0
155.0 32.0
156.0 122.0
155.0 106.0
100.0 63.0
221.0 132.0
99.0 175.0
162.0 113.0
149.0 236.0
29.0 248.0
100.0 116.0
123.0 31.0
26.0 173.0
77.0 85.0
23.0 131.0
35.0 196.0
97.0 93.0
7.0 86.0
166.0 106.0
83.0 26.0
209.0 48.0
184.0 203.0
204.0 151.0
164.0 54.0
33.0 34.0
80.0 117.0
90.0 201.0
37.0 229.0
179.0 246.0
88.0 7.0
39.0 90.0
200.0 65.0
209.0 126.0
134.0 8.0
219.0 216.0
146.0 60.0
162.0 49.0
215.0 226.0
29.0 167.0
91.0 221.0
233.0 49.0
238.0 192.0
78.0 193.0
83.0 93.0
219.0 192.0
43.0 117.0
4.0 141.0
90.0 159.0
111.0 228.0
220.0 96.0
248.0 232.0
203.0 238.0
206.0 150.0
105.0 104.0
158.0 53.0
84.0 1.0
115.0 24.0
79.0 190.0
58.0 139.0
20.0 241.0
41.0 233.0
43.0 227.0
144.0 25.0
225.0 7.0
205.0 238.0
194.0 92.0
88.0 134.0
250.0 242.0
36.0 0.0
230.0 161.0
232.0 129.0
133.0 41.0
16.0 180.0
102.0 235.0
232.0 119.0
166.0 151.0
39.0 235.0
201.0 32.0
37.0 59.0
151.0 101.0
163.0 51.0
87.0 101.0
79.0 14.0
17.0 76.0
142.0 227.0
152.0 63.0
45.0 122.0
176.0 160.0
96.0 133.0
82.0 16.0
104.0 155.0
3.0 78.0
202.0 126.0
244.0 20.0
218.0 43.0
39.0 66.0
33.0 43.0
131.0 3.0
167.0 245.0
74.0 225.0
166.0 99.0
225.0 228.0
147.0 75.0
206.0 13.0
190.0 56.0
169.0 204.0
84.0 131.0
27.0 218.0
223.0 57.0
112.0 144.0
28.0 180.0
37.0 67.0
88.0 228.0
108.0 114.0
3.0 137.0
180.0 73.0
1.0 189.0
189.0 245.0
194.0 15.0
114.0 7.0
159.0 94.0
241.0 119.0
92.0 205.0
99.0 120.0
95.0 66.0
61.0 229.0
215.0 236.0
122.0 230.0
178.0 172.0
206.0 108.0
48.0 109.0
139.0 63.0
141.0 43.0
28.0 30.0
54.0 113.0
50.0 213.0
244.0 28.0
8.0 139.0
156.0 222.0
49.0 101.0
214.0 244.0
15.0 140.0
40.0 207.0
201.0 49.0
83.0 161.0
116.0 173.0
173.0 99.0
143.0 114.0
35.0 89.0
69.0 249.0
153.0 106.0
17.0 31.0
162.0 190.0
109.0 117.0
15.0 127.0
24.0 161.0
234.0 148.0
167.0 194.0
121.0 231.0
213.0 58.0
112.0 113.0
140.0 180.0
11.0 228.0
132.0 37.0
188.0 52.0
84.0 225.0
80.0 200.0
227.0 103.0
215.0 124.0
216.0 44.0
221.0 133.0
93.0 147.0
161.0 215.0
80.0 76.0
44.0 3.0
229.0 239.0
206.0 243.0
34.0 94.0
59.0 215.0
142.0 192.0
12.0 122.0
142.0 107.0
189.0 244.0
200.0 230.0
135.0 5.0
135.0 213.0
240.0 133.0
97.0 164.0
212.0 176.0
42.0 1.0
205.0 190.0
58.0 187.0
41.0 222.0
117.0 140.0
28.0 41.0
156.0 159.0
178.0 112.0
209.0 30.0
198.0 138.0
118.0 31.0
190.0 47.0
161.0 136.0
54.0 112.0
249.0 246.0
164.0 220.0
160.0 129.0
169.0 92.0
93.0 25.0
125.0 101.0
120.0 217.0
195.0 115.0
207.0 151.0
218.0 128.0
250.0 33.0
42.0 0.0
175.0 113.0
32.0 172.0
173.0 202.0
12.0 65.0
239.0 10.0
203.0 158.0
222.0 229.0
17.0 59.0
165.0 71.0
157.0 215.0
35.0 62.0
6.0 183.0
228.0 173.0
125.0 229.0
83.0 219.0
224.0 78.0
178.0 230.0
52.0 173.0
240.0 97.0
181.0 159.0
83.0 80.0
29.0 89.0
37.0 94.0
200.0 155.0
147.0 247.0
119.0 103.0
221.0 163.0
176.0 246.0
156.0 193.0
205.0 93.0
228.0 174.0
169.0 166.0
151.0 201.0
229.0 125.0
222.0 216.0
201.0 146.0
224.0 245.0
207.0 60.0
48.0 204.0
140.0 69.0
50.0 244.0
138.0 171.0
2.0 172.0
42.0 224.0
31.0 50.0
181.0 178.0
9.0 125.0
70.0 17.0
183.0 70.0
233.0 54.0
120.0 75.0
130.0 28.0
138.0 125.0
16.0 234.0
175.0 140.0
82.0 33.0
130.0 190.0
77.0 103.0
20.0 75.0
163.0 119.0
99.0 123.0
42.0 142.0
156.0 110.0
248.0 6.0
34.0 25.0
26.0 98.0
182.0 228.0
53.0 222.0
180.0 84.0
55.0 52.0
170.0 248.0
191.0 235.0
237.0 59.0
147.0 30.0
88.0 98.0
173.0 179.0
163.0 242.0
145.0 2.0
157.0 138.0
243.0 48.0
231.0 57.0
213.0 169.0
248.0 179.0
178.0 224.0
189.0 147.0
90.0 148.0
217.0 54.0
164.0 229.0
165.0 89.0
249.0 191.0
38.0 126.0
131.0 62.0
185.0 102.0
66.0 49.0
106.0 104.0
177.0 6.0
174.0 128.0
145.0 123.0
105.0 48.0
192.0 21.0
87.0 159.0
159.0 13.0
39.0 177.0
69.0 105.0
9.0 195.0
83.0 97.0
76.0 117.0
123.0 2.0
137.0 180.0
203.0 13.0
62.0 206.0
95.0 112.0
239.0 82.0
20.0 169.0
90.0 234.0
106.0 7.0
234.0 205.0
170.0 158.0
240.0 244.0
205.0 151.0
10.0 129.0
245.0 197.0
132.0 14.0
116.0 218.0
104.0 144.0
128.0 228.0
144.0 103.0
74.0 124.0
122.0 63.0
234.0 35.0
189.0 78.0
115.0 147.0
27.0 19.0
8.0 27.0
165.0 53.0
202.0 14.0
160.0 152.0
80.0 39.0
211.0 161.0
56.0 87.0
132.0 24.0
186.0 43.0
134.0 85.0
72.0 247.0
198.0 173.0
231.0 132.0
140.0 29.0
194.0 140.0
1.0 151.0
129.0 167.0
249.0 238.0
121.0 120.0
55.0 191.0
36.0 187.0
247.0 214.0
221.0 47.0
86.0 120.0
99.0 238.0
79.0 234.0
28.0 41.0
120.0 144.0
110.0 218.0
34.0 56.0
200.0 83.0
185.0 130.0
170.0 135.0
115.0 183.0
56.0 81.0
242.0 6.0
9.0 135.0
201.0 61.0
73.0 19.0
243.0 167.0
66.0 190.0
145.0 90.0
216.0 88.0
171.0 245.0
220.0 61.0
167.0 66.0
224.0 138.0
197.0 128.0
45.0 164.0
181.0 185.0
235.0 115.0
75.0 105.0
204.0 216.0
165.0 228.0
110.0 71.0
151.0 3.0
115.0 33.0
213.0 60.0
95.0 157.0
112.0 198.0
16.0 105.0
140.0 62.0
196.0 192.0
100.0 125.0
46.0 82.0
9.0 119.0
125.0 207.0
65.0 155.0
226.0 25.0
214.0 51.0
215.0 76.0
227.0 228.0
205.0 74.0
238.0 91.0
163.0 116.0
40.0 95.0
158.0 133.0
213.0 62.0
230.0 22.0
4.0 71.0
199.0 218.0
155.0 103.0
29.0 24.0
230.0 151.0
191.0 75.0
6.0 83.0
12.0 132.0
110.0 122.0
79.0 208.0
94.0 75.0
55.0 97.0
234.0 60.0
116.0 180.0
155.0 12.0
232.0 211.0
163.0 55.0
112.0 72.0
25.0 160.0
188.0 79.0
199.0 72.0
71.0 215.0
133.0 16.0
213.0 223.0
11.0 58.0
111.0 82.0
177.0 18.0
146.0 160.0
11.0 161.0
18.0 201.0
96.0 199.0
247.0 62.0
83.0 210.0
78.0 227.0
220.0 133.0
139.0 146.0
62.0 55.0
50.0 43.0
225.0 85.0
221.0 136.0
64.0 163.0
161.0 5.0
9.0 205.0
155.0 206.0
72.0 78.0
1.0 228.0
127.0 164.0
62.0 10.0
118.0 137.0
175.0 14.0
145.0 99.0
56.0 170.0
223.0 52.0
121.0 71.0
50.0 243.0
234.0 119.0
183.0 236.0
179.0 120.0
89.0 110.0
241.0 144.0
109.0 14.0
66.0 41.0
156.0 120.0
59.0 35.0
74.0 64.0
122.0 174.0
104.0 34.0
112.0 188.0
249.0 245.0
194.0 137.0
116.0 65.0
92.0 53.0
155.0 162.0
49.0 58.0
243.0 62.0
112.0 53.0
155.0 110.0
179.0 81.0
5.0 113.0
65.0 83.0
61.0 8.0
123.0 25.0
158.0 225.0
72.0 235.0
225.0 213.0
190.0 72.0
22.0 171.0
135.0 111.0
248.0 73.0
199.0 113.0
225.0 160.0
119.0 93.0
184.0 111.0
121.0 108.0
12.0 186.0
204.0 220.0
93.0 195.0
226.0 121.0
220.0 186.0
151.0 17.0
102.0 94.0
147.0 112.0
59.0 132.0
46.0 172.0
62.0 14.0
197.0 145.0
71.0 187.0
115.0 175.0
212.0 26.0
87.0 124.0
136.0 45.0
248.0 54.0
192.0 220.0
171.0 174.0
161.0 71.0
111.0 65.0
51.0 248.0
74.0 61.0
66.0 139.0
211.0 237.0
128.0 108.0
103.0 4.0
200.0 23.0
48.0 124.0
154.0 46.0
46.0 29.0
54.0 220.0
220.0 147.0
235.0 209.0
240.0 212.0
158.0 89.0
116.0 159.0
66.0 175.0
45.0 208.0
23.0 168.0
66.0 94.0
10.0 217.0
74.0 188.0
13.0 58.0
71.0 86.0
168.0 205.0
82.0 41.0
17.0 233.0
243.0 176.0
62.0 241.0
114.0 242.0
52.0 167.0
81.0 234.0
59.0 173.0
58.0 241.0
163.0 140.0

181.0 58.0
98.0 226.0
252.0 199.0
90.0 224.0
189.0 250.0
225.0 98.0
221.0 197.0
26.0 225.0
193.0 223.0
48.0 176.0
246.0 5.0
79.0 137.0
81.0 176.0
132.0 223.0
229.0 45.0
240.0 177.0
65.0 41.0
37.0 59.0
168.0 141.0
12.0 103.0
73.0 72.0
49.0 189.0
196.0 206.0
252.0 247.0
96.0 38.0
39.0 164.0
163.0 76.0
173.0 120.0
138.0 115.0
30.0 78.0
82.0 129.0
174.0 198.0
103.0 129.0
169.0 50.0
119.0 62.0
70.0 10.0
25.0 22.0
150.0 82.0
228.0 185.0
149.0 174.0
254.0 135.0
30.0 173.0
41.0 117.0
128.0 237.0
226.0 237.0
18.0 34.0
172.0 38.0
188.0 190.0
188.0 117.0
137.0 75.0
25.0 49.0
171.0 60.0
10.0 167.0
111.0 243.0
9.0 103.0
73.0 169.0
204.0 27.0
141.0 124.0
18.0 60.0
237.0 217.0
24.0 228.0
147.0 152.0
61.0 39.0
73.0 44.0
23.0 154.0
128.0 79.0
153.0 158.0
209.0 198.0
198.0 222.0
32.0 51.0
118.0 70.0
213.0 194.0
92.0 160.0
212.0 207.0
142.0 130.0
220.0 74.0
223.0 251.0
139.0 110.0
239.0 115.0
121.0 160.0
223.0 157.0
217.0 222.0
228.0 78.0
177.0 121.0
74.0 217.0
110.0 216.0
110.0 236.0
179.0 199.0
23.0 93.0
147.0 40.0
211.0 21.0
51.0 31.0
118.0 115.0
7.0 125.0
227.0 136.0
236.0 128.0
162.0 229.0
232.0 67.0
28.0 50.0
12.0 175.0
28.0 155.0
252.0 188.0
122.0 228.0
129.0 12.0
170.0 140.0
25.0 93.0
136.0 56.0
91.0 175.0
229.0 182.0
144.0 115.0
177.0 17.0
28.0 125.0
80.0 70.0
85.0 218.0
237.0 22.0
198.0 38.0
219.0 173.0
176.0 77.0
222.0 39.0
88.0 18.0
115.0 53.0
192.0 97.0
28.0 106.0
161.0 122.0
133.0 35.0
176.0 107.0
227.0 128.0
166.0 97.0
182.0 142.0
147.0 254.0
49.0 72.0
115.0 126.0
173.0 219.0
8.0 62.0
16.0 213.0
83.0 65.0
205.0 170.0
120.0 201.0
65.0 247.0
163.0 188.0
73.0 147.0
72.0 159.0
96.0 216.0
233.0 151.0
237.0 84.0
80.0 131.0
24.0 69.0
142.0 254.0
129.0 203.0
137.0 58.0
243.0 243.0
218.0 139.0
159.0 94.0
10.0 149.0
84.0 176.0
171.0 44.0
57.0 32.0
230.0 24.0
195.0 72.0
74.0 242.0
183.0 126.0
207.0 103.0
179.0 81.0
15.0 52.0
145.0 164.0
70.0 131.0
128.0 245.0
39.0 12.0
162.0 94.0
132.0 184.0
180.0 127.0
32.0 133.0
225.0 177.0
92.0 54.0
216.0 182.0
148.0 74.0
228.0 247.0
92.0 131.0
89.0 48.0
163.0 134.0
202.0 195.0
21.0 154.0
237.0 125.0
133.0 171.0
222.0 35.0
195.0 215.0
68.0 40.0
233.0 92.0
169.0 187.0
246.0 129.0
248.0 151.0
136.0 16.0
202.0 97.0
162.0 55.0
6.0 194.0
80.0 255.0
48.0 85.0
30.0 235.0
76.0 227.0
232.0 222.0
13.0 18.0
175.0 235.0
179.0 210.0
231.0 152.0
70.0 212.0
15.0 60.0
118.0 111.0
29.0 17.0
157.0 163.0
45.0 250.0
190.0 186.0
155.0 230.0
58.0 9.0
47.0 119.0
197.0 18.0
55.0 57.0
239.0 70.0
187.0 233.0
6.0 217.0
67.0 63.0
24.0 107.0
68.0 254.0
245.0 147.0
239.0 19.0
219.0 171.0
175.0 37.0
23.0 56.0
46.0 98.0
78.0 172.0
51.0 105.0
37.0 236.0
172.0 23.0
226.0 42.0
83.0 100.0
219.0 83.0
218.0 253.0
155.0 98.0
24.0 134.0
243.0 196.0
205.0 123.0
188.0 10.0
153.0 116.0
105.0 105.0
8.0 32.0
35.0 234.0
136.0 216.0
38.0 58.0
97.0 81.0
26.0 28.0
37.0 56.0
249.0 186.0
191.0 243.0
211.0 192.0
45.0 47.0
24.0 218.0
231.0 248.0
147.0 145.0
79.0 206.0
106.0 75.0
15.0 6.0
30.0 215.0
121.0 105.0
227.0 16.0
143.0 219.0
21.0 25.0
173.0 55.0
157.0 172.0
136.0 68.0
175.0 95.0
196.0 182.0
143.0 111.0
104.0 61.0
52.0 28.0
173.0 222.0
125.0 63.0
103.0 206.0
193.0 171.0
150.0 222.0
95.0 169.0
27.0 117.0
24.0 107.0
140.0 205.0
228.0 125.0
183.0 172.0
105.0 125.0
38.0 231.0
159.0 124.0
178.0 112.0
95.0 15.0
118.0 191.0
30.0 181.0
215.0 201.0
42.0 98.0
44.0 233.0
168.0 247.0
207.0 66.0
124.0 77.0
239.0 178.0
64.0 229.0
56.0 94.0
241.0 120.0
237.0 58.0
230.0 20.0
238.0 30.0
43.0 26.0
155.0 158.0
63.0 220.0
65.0 103.0
63.0 100.0
152.0 176.0
128.0 86.0
7.0 126.0
47.0 140.0
251.0 122.0
203.0 174.0
170.0 123.0
106.0 118.0
162.0 105.0
215.0 244.0
97.0 162.0
102.0 213.0
200.0 108.0
203.0 71.0
234.0 225.0
93.0 54.0
199.0 128.0
168.0 27.0
198.0 41.0
254.0 61.0
57.0 82.0
208.0 87.0
232.0 208.0
114.0 252.0
239.0 67.0
30.0 79.0
202.0 253.0
13.0 123.0
182.0 121.0
249.0 126.0
15.0 7.0
145.0 19.0
148.0 124.0
74.0 90.0
108.0 159.0
41.0 86.0
224.0 161.0
17.0 177.0
94.0 128.0
156.0 175.0
49.0 41.0
239.0 68.0
228.0 105.0
153.0 111.0
153.0 50.0
186.0 211.0
28.0 170.0
17.0 160.0
36.0 62.0
98.0 133.0
224.0 86.0
139.0 94.0
123.0 179.0
57.0 164.0
100.0 149.0
218.0 224.0
178.0 208.0
170.0 172.0
185.0 234.0
136.0 8.0
134.0 164.0
25.0 226.0
63.0 136.0
153.0 152.0
93.0 125.0
39.0 15.0
41.0 107.0
72.0 30.0
13.0 93.0
84.0 185.0
196.0 202.0
221.0 77.0
82.0 233.0
10.0 194.0
16.0 49.0
167.0 27.0
217.0 87.0
169.0 84.0
182.0 187.0
234.0 97.0
77.0 192.0
115.0 13.0
166.0 101.0
252.0 48.0
165.0 166.0
43.0 209.0
26.0 30.0
134.0 182.0
165.0 183.0
151.0 180.0
207.0 250.0
145.0 183.0
175.0 193.0
255.0 106.0
68.0 139.0
31.0 189.0
140.0 249.0
50.0 239.0
172.0 199.0
87.0 191.0
183.0 113.0
160.0 202.0
29.0 113.0
57.0 150.0
154.0 196.0
50.0 89.0
125.0 252.0
6.0 211.0
47.0 25.0
249.0 199.0
137.0 241.0
13.0 133.0
166.0 62.0
181.0 45.0
190.0 207.0
72.0 44.0
138.0 39.0
47.0 49.0
54.0 80.0
94.0 182.0
191.0 142.0
75.0 213.0
131.0 101.0
86.0 220.0
13.0 216.0
64.0 252.0
127.0 99.0
188.0 49.0
133.0 80.0
61.0 196.0
16.0 5.0
158.0 159.0
145.0 79.0
65.0 197.0
195.0 122.0
195.0 239.0
175.0 27.0
109.0 82.0
173.0 128.0
216.0 114.0
219.0 146.0
150.0 71.0
208.0 95.0
215.0 142.0
213.0 105.0
57.0 27.0
221.0 232.0
81.0 206.0
229.0 79.0
156.0 93.0
159.0 158.0
251.0 190.0
133.0 180.0
158.0 129.0
151.0 121.0
74.0 253.0
149.0 104.0
99.0 35.0
81.0 36.0
250.0 115.0
120.0 206.0
200.0 115.0
237.0 180.0
231.0 157.0
164.0 12.0
208.0 84.0
107.0 238.0
205.0 237.0
55.0 140.0
183.0 109.0
248.0 237.0
36.0 119.0
214.0 211.0
249.0 249.0
81.0 76.0
49.0 87.0
209.0 134.0
45.0 186.0
222.0 224.0
250.0 170.0
93.0 119.0
160.0 85.0
256.0 230.0
150.0 79.0
253.0 90.0
223.0 11.0
53.0 167.0
32.0 232.0
117.0 76.0
23.0 227.0
22.0 139.0
69.0 250.0
86.0 233.0
13.0 29.0
149.0 225.0
131.0 33.0
109.0 106.0
81.0 242.0
230.0 211.0
181.0 67.0
217.0 19.0
240.0 222.0
145.0 46.0
141.0 56.0
188.0 215.0
55.0 41.0
56.0 70.0
70.0 35.0
207.0 104.0
249.0 170.0
172.0 194.0
66.0 63.0
123.0 26.0
52.0 98.0
177.0 143.0
251.0 130.0
200.0 123.0
211.0 190.0
208.0 122.0
199.0 173.0
248.0 209.0
14.0 242.0
24.0 49.0
214.0 32.0
224.0 22.0
221.0 22.0
216.0 220.0
60.0 16.0
202.0 218.0
245.0 252.0
92.0 39.0
12.0 181.0
91.0 229.0
244.0 87.0
123.0 170.0
146.0 190.0
207.0 125.0
229.0 24.0
54.0 15.0
174.0 146.0
91.0 101.0
74.0 57.0
82.0 117.0
10.0 20.0
184.0 211.0
35.0 33.0
194.0 111.0
175.0 37.0
252.0 215.0
165.0 231.0
74.0 148.0
130.0 159.0
162.0 178.0
21.0 135.0
161.0 73.0
225.0 15.0
164.0 201.0
225.0 224.0
48.0 94.0
90.0 216.0
18.0 130.0
98.0 152.0
18.0 212.0
108.0 77.0
120.0 157.0
139.0 233.0
149.0 125.0
103.0 230.0
254.0 144.0
66.0 46.0
110.0 163.0
104.0 177.0
56.0 101.0
221.0 97.0
229.0 176.0
68.0 184.0
121.0 130.0
11.0 129.0
10.0 221.0
193.0 157.0
71.0 9.0
247.0 183.0
195.0 182.0
187.0 83.0
15.0 23.0
250.0 109.0
252.0 214.0
107.0 226.0
235.0 154.0
89.0 65.0
162.0 109.0
176.0 110.0
229.0 35.0
111.0 190.0
142.0 222.0
168.0 26.0
251.0 9.0
111.0 46.0
162.0 80.0
6.0 78.0
226.0 204.0
9.0 224.0
134.0 71.0
196.0 233.0
129.0 212.0
186.0 218.0
174.0 29.0
218.0 197.0
252.0 25.0
89.0 198.0
4.0 172.0
238.0 244.0
204.0 95.0
226.0 88.0
209.0 185.0
53.0 166.0
9.0 132.0
185.0 7.0
103.0 149.0
94.0 159.0
218.0 29.0
54.0 29.0
218.0 121.0
149.0 68.0
122.0 41.0
90.0 62.0
161.0 50.0
171.0 89.0
198.0 72.0
75.0 30.0
54.0 109.0
35.0 69.0
188.0 215.0
134.0 196.0
153.0 103.0
138.0 16.0
149.0 183.0
15.0 14.0
243.0 40.0
198.0 199.0
135.0 191.0
79.0 143.0
243.0 40.0
150.0 224.0
87.0 14.0
225.0 222.0
81.0 149.0
223.0 182.0
133.0 250.0
71.0 70.0
20.0 239.0
131.0 34.0
84.0 233.0
34.0 146.0
29.0 71.0
211.0 76.0
72.0 178.0
171.0 177.0
63.0 176.0
128.0 112.0
170.0 196.0
182.0 49.0
182.0 183.0
57.0 239.0
114.0 71.0
171.0 113.0
55.0 183.0
202.0 75.0
37.0 144.0
56.0 19.0
46.0 41.0
249.0 95.0
39.0 204.0
250.0 191.0
214.0 23.0
175.0 176.0
34.0 247.0
237.0 101.0
119.0 93.0
251.0 226.0
163.0 225.0
172.0 179.0
48.0 33.0
140.0 41.0
248.0 187.0
118.0 252.0
56.0 239.0
195.0 252.0
71.0 143.0
64.0 153.0
159.0 75.0
82.0 220.0
150.0 65.0
75.0 81.0
118.0 176.0
135.0 53.0
154.0 137.0
231.0 149.0
106.0 42.0
15.0 52.0
24.0 114.0
201.0 176.0
211.0 75.0
104.0 34.0
226.0 191.0
74.0 151.0
96.0 184.0
217.0 89.0
242.0 232.0
115.0 227.0
220.0 59.0
11.0 208.0
174.0 13.0
20.0 110.0
229.0 8.0
11.0 94.0
85.0 68.0
71.0 226.0
160.0 247.0
57.0 95.0
201.0 45.0
62.0 53.0
53.0 216.0
113.0 81.0
121.0 181.0
126.0 216.0
140.0 112.0
10.0 177.0
115.0 16.0
75.0 247.0
184.0 215.0
41.0 194.0
171.0 247.0
138.0 115.0
143.0 152.0
7.0 170.0
175.0 62.0
223.0 167.0
243.0 212.0
88.0 116.0
48.0 103.0
65.0 89.0
113.0 116.0
187.0 104.0
25.0 172.0
158.0 32.0
94.0 76.0
98.0 77.0
150.0 70.0
67.0 250.0
102.0 53.0
134.0 230.0
158.0 170.0
32.0 158.0
161.0 63.0
78.0 143.0
81.0 118.0
194.0 157.0
245.0 170.0
122.0 213.0
218.0 36.0
99.0 117.0
42.0 56.0
96.0 87.0
108.0 85.0
112.0 136.0
24.0 244.0
193.0 160.0
99.0 28.0
81.0 211.0
190.0 161.0
8.0 61.0
172.0 188.0
161.0 166.0
118.0 111.0
29.0 208.0
116.0 113.0
151.0 11.0
171.0 82.0
235.0 95.0
206.0 141.0
223.0 56.0
45.0 209.0
130.0 162.0
234.0 208.0
184.0 199.0
203.0 76.0
121.0 136.0
30.0 31.0
125.0 218.0
136.0 177.0
94.0 204.0
107.0 9.0
92.0 238.0
42.0 213.0
87.0 169.0
36.0 49.0
154.0 218.0
54.0 39.0
160.0 169.0
186.0 91.0
230.0 90.0
158.0 207.0
103.0 147.0
210.0 24.0
85.0 172.0
139.0 169.0
96.0 127.0
139.0 106.0
80.0 252.0
228.0 50.0
216.0 228.0
209.0 245.0
62.0 179.0
46.0 100.0
136.0 20.0
73.0 32.0
39.0 113.0
204.0 212.0
164.0 74.0
231.0 137.0
251.0 74.0
234.0 118.0
240.0 132.0
84.0 223.0
241.0 107.0
174.0 151.0
16.0 221.0
225.0 206.0
101.0 7.0
217.0 188.0
146.0 109.0
102.0 38.0
209.0 184.0
39.0 150.0
156.0 246.0
153.0 84.0
129.0 59.0
170.0 192.0
16.0 30.0
74.0 26.0
43.0 110.0
33.0 192.0
65.0 24.0
60.0 110.0
37.0 197.0
70.0 205.0
114.0 64.0
177.0 168.0
211.0 50.0
250.0 170.0
164.0 13.0
205.0 238.0
137.0 20.0
168.0 120.0
59.0 175.0
118.0 195.0
121.0 243.0
37.0 140.0
230.0 123.0
24.0 253.0
88.0 81.0
13.0 56.0
150.0 147.0
244.0 204.0
8.0 217.0
167.0 156.0
110.0 150.0
121.0 48.0
196.0 18.0
40.0 100.0
232.0 156.0
195.0 95.0
151.0 76.0
88.0 154.0
16.0 11.0
108.0 215.0
30.0 244.0
220.0 87.0
151.0 181.0
146.0 66.0
139.0 107.0
227.0 149.0
111.0 36.0
239.0 203.0
87.0 206.0
30.0 217.0
244.0 196.0
99.0 177.0
194.0 181.0
110.0 7.0
173.0 105.0
95.0 23.0
46.0 192.0
220.0 223.0
162.0 204.0
228.0 221.0
78.0 231.0
52.0 12.0
68.0 55.0
115.0 42.0
52.0 227.0
168.0 102.0
244.0 65.0
59.0 152.0
41.0 43.0
147.0 5.0
32.0 175.0
150.0 61.0
85.0 6.0
10.0 154.0
211.0 139.0
186.0 94.0
89.0 94.0
75.0 89.0
27.0 14.0
115.0 226.0
140.0 147.0
124.0 97.0
174.0 251.0
74.0 148.0
71.0 226.0
229.0 139.0
130.0 239.0
179.0 237.0
203.0 16.0
144.0 232.0
181.0 205.0
162.0 252.0
69.0 110.0
132.0 127.0
30.0 63.0
23.0 140.0
65.0 100.0
57.0 175.0
118.0 122.0
22.0 129.0
107.0 41.0
202.0 9.0
42.0 239.0
175.0 152.0
174.0 210.0
98.0 150.0
140.0 82.0
103.0 36.0
160.0 23.0
53.0 179.0
214.0 102.0
136.0 73.0
64.0 220.0
219.0 95.0
164.0 85.0
11.0 61.0
252.0 201.0
102.0 229.0
237.0 196.0
80.0 253.0
87.0 151.0
112.0 91.0
206.0 75.0
118.0 8.0
88.0 63.0
29.0 28.0
162.0 194.0
120.0 115.0
229.0 41.0
50.0 77.0
240.0 14.0
227.0 70.0
11.0 246.0
243.0 103.0
189.0 136.0
126.0 256.0
197.0 141.0
43.0 156.0
151.0 31.0
61.0 92.0
28.0 117.0
209.0 98.0
11.0 237.0
110.0 86.0
123.0 168.0
42.0 201.0
226.0 140.0
41.0 111.0
128.0 199.0
63.0 30.0
220.0 243.0
183.0 58.0
27.0 128.0
222.0 20.0
236.0 247.0
153.0 246.0
194.0 133.0
47.0 118.0
37.0 120.0
60.0 188.0
131.0 190.0
76.0 90.0
50.0 240.0
107.0 124.0
193.0 230.0
245.0 167.0
98.0 29.0
131.0 151.0
218.0 131.0
53.0 99.0
86.0 139.0
70.0 127.0
201.0 51.0
158.0 28.0
34.0 140.0
104.0 180.0
58.0 92.0
35.0 55.0
51.0 38.0
211.0 209.0
236.0 78.0
52.0 100.0
149.0 246.0
191.0 32.0
142.0 145.0
105.0 208.0
21.0 152.0
49.0 7.0
152.0 195.0
168.0 161.0
134.0 174.0
136.0 30.0
233.0 171.0
148.0 24.0
61.0 122.0
130.0 36.0
92.0 208.0
187.0 255.0
104.0 47.0
29.0 127.0
233.0 62.0
234.0 237.0
168.0 181.0
244.0 179.0
9.0 207.0
67.0 140.0
186.0 76.0
191.0 90.0
103.0 206.0
101.0 197.0
25.0 103.0
229.0 5.0
248.0 224.0
138.0 56.0
197.0 163.0
122.0 191.0
105.0 78.0
162.0 53.0
61.0 227.0
69.0 132.0
181.0 200.0
56.0 49.0
92.0 103.0
20.0 6.0
100.0 106.0
121.0 217.0
91.0 39.0
65.0 167.0
181.0 37.0
34.0 106.0
16.0 49.0
94.0 237.0
153.0 116.0
98.0 171.0
242.0 66.0
57.0 204.0
125.0 176.0
160.0 101.0
154.0 80.0
208.0 129.0
222.0 90.0
103.0 73.0
218.0 91.0
229.0 129.0
232.0 28.0
251.0 75.0
121.0 58.0
76.0 186.0
140.0 231.0
69.0 169.0
111.0 163.0
203.0 251.0
204.0 186.0
60.0 45.0
197.0 58.0
21.0 186.0
158.0 93.0
186.0 30.0
27.0 190.0
211.0 226.0
188.0 217.0
250.0 142.0
116.0 105.0
51.0 42.0
66.0 27.0
48.0 94.0
31.0 82.0
77.0 65.0
37.0 253.0
215.0 79.0
152.0 232.0
251.0 185.0
117.0 184.0
122.0 25.0
147.0 201.0
248.0 185.0
148.0 163.0
193.0 140.0
30.0 82.0
216.0 50.0
9.0 78.0
28.0 135.0
173.0 152.0
164.0 33.0
100.0 23.0
202.0 22.0
157.0 102.0
80.0 87.0
196.0 225.0
120.0 102.0
69.0 89.0
166.0 29.0
113.0 145.0
37.0 222.0
149.0 16.0
73.0 111.0
234.0 79.0
143.0 31.0
132.0 137.0
226.0 53.0
71.0 189.0
71.0 228.0
176.0 141.0
169.0 212.0
223.0 42.0
197.0 51.0
6.0 78.0
245.0 7.0
97.0 63.0
134.0 38.0
126.0 240.0
32.0 205.0
35.0 21.0
11.0 241.0
7.0 140.0
147.0 195.0
198.0 154.0
193.0 238.0
80.0 206.0
25.0 166.0
112.0 79.0
35.0 99.0
232.0 66.0
62.0 245.0
221.0 112.0
91.0 135.0
85.0 50.0
25.0 33.0
90.0 104.0
90.0 103.0
20.0 24.0
37.0 120.0
131.0 194.0
115.0 209.0
13.0 202.0
78.0 243.0
213.0 75.0
78.0 52.0
189.0 49.0
94.0 166.0
72.0 183.0
112.0 124.0
210.0 129.0
86.0 208.0
76.0 139.0
20.0 246.0
112.0 75.0
78.0 242.0
35.0 113.0
166.0 62.0
230.0 252.0
65.0 91.0
166.0 221.0
136.0 216.0
91.0 17.0
74.0 153.0
47.0 47.0
106.0 99.0
111.0 199.0
222.0 151.0
244.0 230.0
243.0 14.0
46.0 165.0
134.0 141.0
196.0 178.0
48.0 164.0
222.0 100.0
98.0 134.0
249.0 69.0
233.0 72.0
22.0 136.0
84.0 208.0
209.0 250.0
33.0 51.0
171.0 197.0
4.0 8.0
46.0 179.0
83.0 120.0
251.0 162.0
103.0 226.0
106.0 13.0
195.0 232.0
35.0 31.0
45.0 224.0
230.0 203.0
209.0 173.0
36.0 152.0
164.0 129.0
141.0 32.0
13.0 21.0
139.0 177.0
177.0 67.0
222.0 148.0
110.0 64.0
186.0 105.0
254.0 151.0
81.0 18.0
120.0 245.0
151.0 42.0
108.0 64.0
220.0 156.0
82.0 66.0
19.0 55.0
163.0 156.0
35.0 249.0
172.0 32.0
244.0 236.0
243.0 178.0
158.0 74.0
245.0 47.0
180.0 105.0
100.0 234.0
101.0 43.0
27.0 113.0
72.0 243.0
192.0 118.0
28.0 67.0
133.0 210.0
24.0 248.0
89.0 156.0
65.0 33.0
244.0 236.0
44.0 168.0
93.0 154.0
231.0 84.0
96.0 137.0
45.0 21.0
230.0 110.0
174.0 38.0
143.0 93.0
179.0 31.0
247.0 33.0
7.0 96.0
18.0 136.0
137.0 207.0
209.0 16.0
217.0 200.0
173.0 91.0
17.0 136.0
76.0 190.0
169.0 166.0
81.0 178.0
164.0 114.0
175.0 152.0
170.0 227.0
92.0 189.0
81.0 248.0
123.0 35.0
156.0 92.0
118.0 108.0
72.0 148.0
147.0 76.0
155.0 169.0
217.0 16.0
177.0 79.0
127.0 34.0
146.0 75.0
8.0 205.0
101.0 218.0
251.0 137.0
195.0 21.0
231.0 87.0
219.0 97.0
166.0 118.0
226.0 252.0
139.0 39.0
20.0 187.0
249.0 25.0
66.0 128.0
48.0 61.0
163.0 134.0
100.0 145.0
136.0 243.0
191.0 120.0
206.0 148.0
162.0 155.0
170.0 174.0
7.0 59.0
211.0 63.0
81.0 182.0
65.0 39.0
216.0 160.0
13.0 8.0
170.0 83.0
10.0 197.0
101.0 63.0
102.0 43.0
127.0 100.0
14.0 201.0
47.0 87.0
211.0 125.0
104.0 25.0
197.0 205.0
53.0 117.0
213.0 63.0
20.0 220.0
226.0 100.0
12.0 176.0
252.0 28.0
236.0 149.0
34.0 84.0
177.0 74.0
204.0 65.0
230.0 28.0
162.0 247.0
199.0 207.0
76.0 177.0
122.0 209.0
157.0 66.0
58.0 195.0
11.0 118.0
195.0 212.0
66.0 169.0
66.0 193.0
239.0 53.0
35.0 225.0
250.0 15.0
48.0 14.0
114.0 154.0
144.0 250.0
62.0 97.0
72.0 181.0
106.0 57.0
190.0 229.0
57.0 38.0
88.0 52.0
136.0 25.0
225.0 59.0
94.0 236.0
156.0 111.0
103.0 204.0
31.0 80.0
213.0 134.0
58.0 82.0
10.0 109.0
205.0 213.0
153.0 59.0
251.0 226.0
37.0 163.0
91.0 76.0
141.0 172.0
220.0 192.0
197.0 251.0
233.0 227.0
81.0 215.0
139.0 59.0
214.0 73.0
157.0 154.0
6.0 174.0
217.0 184.0
215.0 242.0
169.0 144.0
184.0 197.0
84.0 232.0
146.0 200.0
251.0 127.0
233.0 173.0
119.0 21.0
247.0 119.0
207.0 182.0
151.0 108.0
60.0 50.0
33.0 137.0
167.0 242.0
94.0 116.0
59.0 87.0
41.0 43.0
85.0 211.0
58.0 234.0
23.0 183.0
98.0 84.0
89.0 58.0
92.0 92.0
149.0 16.0
134.0 209.0
93.0 30.0
145.0 162.0
250.0 141.0
210.0 173.0
244.0 132.0
178.0 113.0
245.0 80.0
139.0 98.0
139.0 201.0
194.0 230.0
237.0 68.0
61.0 122.0
135.0 10.0
13.0 217.0
232.0 136.0
90.0 23.0
150.0 209.0
207.0 36.0
174.0 104.0
190.0 178.0
91.0 41.0
50.0 136.0
164.0 149.0
105.0 243.0
5.0 171.0
126.0 243.0
210.0 48.0
33.0 161.0
111.0 248.0
182.0 8.0
181.0 246.0
100.0 149.0
55.0 122.0
149.0 221.0
45.0 89.0
62.0 24.0
42.0 18.0
187.0 163.0
24.0 131.0
81.0 239.0
195.0 109.0
93.0 234.0
86.0 112.0
216.0 14.0
48.0 86.0
14.0 237.0
73.0 16.0
237.0 183.0
248.0 81.0
50.0 197.0
159.0 37.0
162.0 127.0
159.0 111.0
104.0 68.0
226.0 138.0
104.0 181.0
167.0 117.0
155.0 240.0
34.0 254.0
105.0 121.0
128.0 37.0
30.0 178.0
82.0 91.0
29.0 136.0
39.0 201.0
103.0 98.0
11.0 92.0
171.0 110.0
89.0 30.0
214.0 54.0
190.0 207.0
209.0 156.0
169.0 58.0
39.0 38.0
84.0 123.0
94.0 205.0
42.0 234.0
184.0 252.0
93.0 11.0
43.0 96.0
206.0 69.0
215.0 131.0
139.0 13.0
225.0 221.0
150.0 64.0
168.0 55.0
220.0 232.0
35.0 172.0
96.0 226.0
238.0 54.0
242.0 196.0
84.0 197.0
89.0 98.0
224.0 197.0
48.0 123.0
10.0 145.0
95.0 163.0
116.0 234.0
226.0 101.0
253.0 236.0
208.0 243.0
211.0 156.0
109.0 110.0
163.0 58.0
88.0 6.0
121.0 28.0
85.0 195.0
62.0 144.0
25.0 245.0
46.0 239.0
48.0 233.0
150.0 29.0
230.0 12.0
211.0 242.0
199.0 96.0
92.0 139.0
256.0 248.0
40.0 4.0
235.0 167.0
237.0 134.0
137.0 46.0
20.0 186.0
106.0 240.0
237.0 124.0
171.0 155.0
43.0 240.0
206.0 38.0
42.0 65.0
155.0 105.0
167.0 56.0
93.0 107.0
85.0 20.0
23.0 82.0
147.0 232.0
158.0 68.0
50.0 127.0
181.0 165.0
101.0 138.0
87.0 20.0
108.0 160.0
8.0 84.0
206.0 131.0
249.0 25.0
222.0 49.0
44.0 71.0
37.0 48.0
136.0 9.0
171.0 251.0
79.0 231.0
172.0 105.0
231.0 234.0
152.0 80.0
210.0 18.0
195.0 60.0
175.0 210.0
90.0 136.0
31.0 223.0
228.0 62.0
117.0 150.0
33.0 185.0
42.0 71.0
94.0 234.0
112.0 119.0
9.0 142.0
184.0 77.0
5.0 194.0
195.0 250.0
199.0 19.0
119.0 12.0
165.0 100.0
245.0 123.0
97.0 210.0
104.0 126.0
101.0 71.0
66.0 234.0
219.0 242.0
127.0 236.0
183.0 176.0
210.0 114.0
52.0 114.0
143.0 69.0
146.0 47.0
33.0 35.0
59.0 118.0
54.0 217.0
250.0 33.0
13.0 145.0
161.0 228.0
55.0 105.0
218.0 249.0
21.0 144.0
45.0 213.0
206.0 55.0
88.0 166.0
122.0 177.0
177.0 103.0
148.0 119.0
41.0 95.0
74.0 254.0
157.0 111.0
21.0 36.0
168.0 195.0
114.0 123.0
20.0 131.0
29.0 167.0
239.0 153.0
171.0 200.0
127.0 237.0
218.0 63.0
117.0 118.0
145.0 185.0
15.0 233.0
138.0 42.0
193.0 57.0
89.0 230.0
86.0 206.0
232.0 108.0
220.0 130.0
221.0 48.0
226.0 138.0
97.0 152.0
165.0 219.0
85.0 81.0
49.0 8.0
234.0 244.0
210.0 247.0
39.0 98.0
64.0 220.0
147.0 196.0
17.0 127.0
147.0 112.0
194.0 249.0
205.0 234.0
141.0 9.0
139.0 219.0
244.0 138.0
103.0 169.0
217.0 181.0
47.0 6.0
210.0 194.0
64.0 192.0
45.0 226.0
121.0 145.0
33.0 46.0
161.0 164.0
182.0 118.0
215.0 35.0
203.0 143.0
124.0 36.0
195.0 51.0
166.0 140.0
58.0 118.0
253.0 250.0
170.0 226.0
166.0 134.0
174.0 98.0
98.0 30.0
129.0 106.0
124.0 222.0
200.0 121.0
211.0 156.0
224.0 132.0
255.0 37.0
47.0 6.0
180.0 118.0
36.0 177.0
177.0 207.0
16.0 71.0
245.0 14.0
208.0 163.0
228.0 233.0
21.0 64.0
169.0 76.0
162.0 220.0
40.0 66.0
11.0 189.0
234.0 177.0
130.0 235.0
89.0 225.0
228.0 83.0
183.0 236.0
56.0 177.0
246.0 101.0
186.0 165.0
88.0 85.0
35.0 93.0
43.0 99.0
205.0 161.0
153.0 253.0
125.0 108.0
227.0 167.0
180.0 251.0
160.0 198.0
210.0 99.0
232.0 180.0
174.0 171.0
157.0 207.0
233.0 131.0
226.0 221.0
206.0 151.0
228.0 250.0
211.0 65.0
52.0 209.0
145.0 74.0
56.0 248.0
143.0 175.0
6.0 177.0
46.0 230.0
36.0 55.0
185.0 183.0
15.0 129.0
75.0 22.0
188.0 75.0
239.0 60.0
124.0 81.0
135.0 33.0
142.0 131.0
22.0 239.0
180.0 145.0
87.0 38.0
135.0 194.0
83.0 107.0
25.0 79.0
167.0 125.0
105.0 129.0
46.0 147.0
160.0 115.0
254.0 11.0
39.0 30.0
31.0 102.0
188.0 233.0
58.0 227.0
185.0 88.0
61.0 57.0
175.0 253.0
196.0 241.0
243.0 63.0
152.0 34.0
94.0 103.0
178.0 184.0
169.0 247.0
151.0 7.0
161.0 144.0
247.0 52.0
236.0 61.0
218.0 174.0
253.0 184.0
183.0 230.0
194.0 152.0
95.0 153.0
222.0 58.0
169.0 233.0
169.0 93.0
255.0 196.0
42.0 131.0
136.0 68.0
191.0 107.0
71.0 54.0
111.0 108.0
182.0 11.0
178.0 132.0
150.0 127.0
110.0 53.0
196.0 26.0
92.0 163.0
164.0 18.0
44.0 183.0
74.0 110.0
14.0 199.0
88.0 102.0
81.0 123.0
128.0 7.0
142.0 184.0
208.0 17.0
68.0 212.0
99.0 116.0
243.0 87.0
25.0 173.0
95.0 239.0
110.0 13.0
239.0 209.0
175.0 163.0
246.0 248.0
210.0 155.0
15.0 134.0
249.0 202.0
136.0 20.0
121.0 223.0
109.0 149.0
132.0 232.0
149.0 108.0
78.0 129.0
126.0 67.0
238.0 39.0
194.0 83.0
120.0 151.0
31.0 23.0
12.0 32.0
171.0 59.0
207.0 19.0
166.0 156.0
85.0 43.0
216.0 166.0
61.0 93.0
138.0 28.0
192.0 47.0
139.0 91.0
76.0 252.0
203.0 178.0
236.0 137.0
145.0 35.0
200.0 146.0
6.0 157.0
135.0 172.0
254.0 243.0
125.0 125.0
61.0 195.0
42.0 192.0
252.0 218.0
226.0 51.0
91.0 125.0
104.0 243.0
84.0 240.0
33.0 47.0
124.0 149.0
115.0 223.0
39.0 60.0
205.0 88.0
190.0 135.0
175.0 139.0
119.0 187.0
60.0 86.0
247.0 12.0
14.0 139.0
205.0 66.0
79.0 25.0
248.0 171.0
71.0 195.0
149.0 95.0
221.0 94.0
176.0 249.0
225.0 66.0
172.0 71.0
229.0 142.0
202.0 132.0
50.0 168.0
186.0 189.0
241.0 120.0
80.0 111.0
209.0 221.0
170.0 232.0
114.0 75.0
155.0 8.0
119.0 38.0
219.0 64.0
99.0 163.0
116.0 203.0
22.0 110.0
146.0 67.0
202.0 197.0
105.0 130.0
52.0 86.0
13.0 124.0
130.0 213.0
71.0 160.0
231.0 30.0
219.0 55.0
220.0 80.0
232.0 234.0
210.0 78.0
242.0 97.0
167.0 121.0
44.0 101.0
163.0 139.0
219.0 67.0
234.0 27.0
9.0 75.0
205.0 223.0
159.0 109.0
33.0 29.0
234.0 156.0
196.0 80.0
10.0 88.0
18.0 138.0
116.0 127.0
84.0 212.0
99.0 80.0
60.0 101.0
238.0 64.0
122.0 185.0
160.0 17.0
236.0 216.0
168.0 60.0
118.0 77.0
30.0 164.0
193.0 85.0
203.0 78.0
76.0 221.0
139.0 21.0
218.0 227.0
15.0 63.0
116.0 86.0
182.0 22.0
151.0 165.0
15.0 166.0
24.0 206.0
100.0 204.0
251.0 67.0
88.0 215.0
83.0 232.0
225.0 138.0
145.0 151.0
67.0 60.0
55.0 48.0
231.0 91.0
226.0 141.0
68.0 168.0
167.0 10.0
15.0 210.0
159.0 210.0
77.0 83.0
6.0 233.0
132.0 170.0
68.0 15.0
122.0 142.0
181.0 19.0
151.0 105.0
60.0 174.0
227.0 58.0
127.0 77.0
56.0 248.0
238.0 125.0
189.0 241.0
184.0 126.0
94.0 115.0
245.0 149.0
113.0 19.0
71.0 46.0
162.0 125.0
64.0 41.0
78.0 69.0
127.0 179.0
109.0 39.0
118.0 192.0
254.0 250.0
198.0 142.0
121.0 70.0
97.0 58.0
160.0 166.0
54.0 64.0
249.0 67.0
117.0 58.0
161.0 114.0
184.0 87.0
10.0 118.0
71.0 89.0
66.0 13.0
128.0 31.0
163.0 231.0
77.0 241.0
230.0 218.0
195.0 78.0
27.0 175.0
141.0 117.0
253.0 78.0
204.0 119.0
230.0 166.0
123.0 98.0
189.0 115.0
125.0 113.0
16.0 190.0
210.0 224.0
99.0 200.0
231.0 127.0
224.0 190.0
155.0 21.0
106.0 99.0
152.0 116.0
63.0 136.0
52.0 176.0
68.0 20.0
202.0 150.0
76.0 193.0
120.0 180.0
217.0 30.0
93.0 129.0
142.0 49.0
253.0 59.0
197.0 225.0
176.0 179.0
165.0 76.0
116.0 70.0
56.0 253.0
80.0 65.0
71.0 144.0
215.0 243.0
133.0 114.0
107.0 10.0
206.0 28.0
54.0 130.0
160.0 52.0
51.0 33.0
59.0 224.0
224.0 152.0
240.0 214.0
245.0 217.0
164.0 95.0
121.0 165.0
72.0 180.0
51.0 214.0
27.0 173.0
71.0 99.0
15.0 221.0
78.0 192.0
18.0 62.0
76.0 92.0
174.0 210.0
87.0 45.0
23.0 237.0
249.0 180.0
66.0 246.0
120.0 247.0
57.0 172.0
87.0 239.0
64.0 178.0
62.0 247.0
167.0 146.0
