1
2048 1 3.0 0.0 1000.0 3 160 240 100

6.5 13.5 29.3 58.5
13.0 27.0 58.5 117.0
19.5 40.5 87.8 175.5
26.0 54.0 117.0 234.0
39.0 81.0 175.5 351.0
52.0 108.0 234.0 468.0
58.5 121.5 263.3 526.5
65.0 135.0 292.5 585.0
78.0 162.0 351.0 702.0
0.0 180.0 390.0 780.0

2.0 5.0 8.0 11.0
5.0 8.0 11.0 14.0
9.0 12.0 15.0 18.0
11.0 14.0 17.0 20.0
15.0 18.0 21.0 24.0
18.0 21.0 24.0 27.0
20.0 23.0 26.0 29.0
25.0 28.0 31.0 34.0
29.0 32.0 35.0 38.0
0.0 34.0 37.0 40.0

155.0 159.0
64.0 82.0
153.0 161.0
210.0 216.0
174.0 3.0
42.0 148.0
156.0 222.0
56.0 44.0
73.0 97.0
237.0 214.0
210.0 38.0
126.0 148.0
16.0 136.0
130.0 163.0
220.0 228.0
186.0 196.0
196.0 193.0
161.0 90.0
147.0 209.0
226.0 42.0
230.0 64.0
209.0 170.0
49.0 130.0
43.0 13.0
19.0 205.0
189.0 26.0
158.0 218.0
13.0 16.0
181.0 129.0
143.0 220.0
82.0 139.0
148.0 67.0
196.0 153.0
186.0 236.0
49.0 22.0
95.0 139.0
134.0 98.0
199.0 95.0
26.0 11.0
176.0 190.0
95.0 92.0
132.0 205.0
128.0 211.0
112.0 2.0
223.0 82.0
52.0 94.0
155.0 178.0
44.0 203.0
186.0 190.0
43.0 129.0
162.0 44.0
236.0 105.0
236.0 32.0
113.0 118.0
172.0 189.0
70.0 214.0
225.0 128.0
197.0 153.0
149.0 50.0
229.0 63.0
210.0 35.0
164.0 75.0
136.0 218.0
175.0 221.0
8.0 57.0
179.0 190.0
143.0 187.0
59.0 114.0
93.0 186.0
57.0 99.0
198.0 128.0
173.0 34.0
191.0 119.0
233.0 37.0
154.0 68.0
89.0 198.0
216.0 7.0
221.0 74.0
153.0 101.0
98.0 5.0
162.0 29.0
183.0 66.0
101.0 246.0
67.0 90.0
74.0 193.0
242.0 229.0
48.0 87.0
113.0 73.0
236.0 223.0
158.0 212.0
80.0 64.0
188.0 107.0
179.0 161.0
243.0 37.0
113.0 49.0
224.0 122.0
159.0 64.0
139.0 42.0
200.0 66.0
209.0 116.0
212.0 162.0
88.0 189.0
244.0 42.0
53.0 145.0
168.0 113.0
61.0 124.0
222.0 218.0
139.0 109.0
250.0 215.0
136.0 112.0
56.0 82.0
177.0 233.0
126.0 216.0
229.0 209.0
15.0 201.0
229.0 97.0
49.0 89.0
72.0 68.0
244.0 96.0
36.0 113.0
206.0 144.0
51.0 233.0
80.0 4.0
31.0 52.0
143.0 110.0
38.0 57.0
6.0 177.0
139.0 9.0
152.0 55.0
80.0 123.0
126.0 86.0
19.0 177.0
248.0 23.0
84.0 28.0
36.0 146.0
95.0 58.0
88.0 13.0
114.0 172.0
217.0 103.0
23.0 229.0
239.0 171.0
177.0 162.0
70.0 189.0
203.0 45.0
146.0 73.0
120.0 222.0
226.0 192.0
222.0 154.0
184.0 231.0
25.0 213.0
248.0 44.0
100.0 193.0
165.0 176.0
208.0 162.0
105.0 69.0
204.0 43.0
187.0 20.0
216.0 158.0
42.0 9.0
226.0 23.0
183.0 105.0
178.0 239.0
218.0 195.0
82.0 140.0
53.0 109.0
160.0 167.0
243.0 10.0
106.0 23.0
10.0 10.0
120.0 179.0
231.0 244.0
185.0 170.0
5.0 247.0
109.0 130.0
6.0 231.0
181.0 127.0
106.0 237.0
85.0 120.0
71.0 142.0
44.0 226.0
221.0 101.0
220.0 248.0
222.0 53.0
214.0 13.0
17.0 229.0
64.0 114.0
194.0 168.0
208.0 222.0
180.0 63.0
201.0 187.0
184.0 65.0
5.0 206.0
132.0 227.0
27.0 181.0
166.0 110.0
109.0 152.0
74.0 109.0
3.0 42.0
80.0 128.0
164.0 0.0
249.0 47.0
33.0 187.0
59.0 245.0
246.0 165.0
25.0 226.0
81.0 119.0
40.0 3.0
205.0 190.0
200.0 162.0
144.0 27.0
154.0 122.0
183.0 210.0
124.0 157.0
223.0 23.0
2.0 51.0
191.0 111.0
44.0 94.0
154.0 118.0
211.0 161.0
103.0 228.0
24.0 196.0
180.0 66.0
131.0 229.0
206.0 1.0
71.0 127.0
135.0 215.0
51.0 64.0
180.0 170.0
104.0 57.0
118.0 225.0
65.0 167.0
124.0 168.0
116.0 75.0
36.0 30.0
201.0 41.0
13.0 70.0
187.0 52.0
127.0 179.0
207.0 38.0
205.0 222.0
186.0 116.0
106.0 168.0
96.0 95.0
122.0 185.0
76.0 75.0
45.0 147.0
94.0 10.0
240.0 115.0
155.0 189.0
121.0 123.0
103.0 119.0
0.0 193.0
151.0 158.0
96.0 38.0
66.0 246.0
21.0 4.0
11.0 199.0
175.0 89.0
97.0 62.0
242.0 209.0
28.0 87.0
86.0 174.0
9.0 221.0
114.0 168.0
178.0 42.0
38.0 82.0
111.0 148.0
221.0 108.0
32.0 75.0
163.0 62.0
152.0 106.0
199.0 237.0
140.0 184.0
71.0 125.0
36.0 167.0
86.0 163.0
230.0 4.0
145.0 238.0
180.0 208.0
222.0 241.0
133.0 60.0
205.0 245.0
144.0 67.0
71.0 246.0
27.0 226.0
153.0 173.0
159.0 223.0
107.0 211.0
148.0 31.0
237.0 32.0
169.0 126.0
113.0 92.0
80.0 177.0
56.0 233.0
25.0 61.0
39.0 104.0
249.0 153.0
178.0 12.0
197.0 164.0
36.0 124.0
13.0 58.0
241.0 214.0
131.0 216.0
43.0 29.0
195.0 16.0
179.0 85.0
128.0 88.0
46.0 88.0
209.0 67.0
179.0 179.0
114.0 218.0
145.0 46.0
139.0 132.0
4.0 16.0
190.0 238.0
41.0 9.0
151.0 208.0
61.0 111.0
65.0 132.0
81.0 21.0
122.0 148.0
74.0 249.0
23.0 47.0
227.0 198.0
85.0 154.0
2.0 133.0
21.0 128.0
75.0 45.0
148.0 117.0
72.0 29.0
72.0 16.0
55.0 82.0
238.0 169.0
47.0 34.0
12.0 112.0
178.0 163.0
55.0 78.0
111.0 87.0
43.0 4.0
214.0 90.0
107.0 106.0
246.0 110.0
174.0 166.0
169.0 175.0
209.0 207.0
215.0 135.0
173.0 68.0
190.0 102.0
55.0 200.0
42.0 67.0
176.0 55.0
21.0 234.0
7.0 19.0
105.0 178.0
58.0 134.0
137.0 216.0
215.0 189.0
215.0 239.0
206.0 44.0
176.0 25.0
192.0 142.0
62.0 136.0
53.0 216.0
56.0 70.0
222.0 240.0
148.0 116.0
21.0 28.0
134.0 236.0
231.0 152.0
88.0 28.0
221.0 201.0
46.0 229.0
237.0 186.0
147.0 184.0
59.0 227.0
104.0 111.0
6.0 216.0
139.0 221.0
106.0 203.0
107.0 140.0
50.0 78.0
77.0 79.0
117.0 187.0
221.0 52.0
69.0 51.0
167.0 236.0
66.0 218.0
15.0 142.0
239.0 54.0
63.0 54.0
84.0 100.0
70.0 40.0
202.0 193.0
221.0 127.0
161.0 104.0
249.0 41.0
139.0 10.0
250.0 5.0
246.0 185.0
26.0 117.0
53.0 85.0
121.0 158.0
116.0 113.0
242.0 248.0
131.0 95.0
124.0 66.0
144.0 127.0
156.0 177.0
70.0 219.0
181.0 56.0
83.0 242.0
185.0 232.0
233.0 8.0
153.0 10.0
1.0 88.0
182.0 77.0
10.0 93.0
7.0 70.0
228.0 145.0
151.0 29.0
16.0 115.0
230.0 215.0
211.0 18.0
8.0 54.0
248.0 237.0
97.0 89.0
123.0 103.0
23.0 72.0
70.0 128.0
188.0 193.0
137.0 40.0
60.0 205.0
161.0 40.0
10.0 82.0
201.0 65.0
245.0 74.0
42.0 92.0
120.0 180.0
224.0 141.0
186.0 37.0
66.0 152.0
98.0 94.0
24.0 244.0
123.0 233.0
233.0 184.0
20.0 45.0
175.0 177.0
122.0 65.0
223.0 185.0
43.0 54.0
120.0 32.0
204.0 240.0
4.0 86.0
226.0 246.0
186.0 190.0
18.0 240.0
152.0 243.0
218.0 150.0
118.0 216.0
200.0 111.0
3.0 152.0
184.0 120.0
1.0 39.0
25.0 175.0
11.0 246.0
99.0 9.0
214.0 26.0
241.0 67.0
194.0 157.0
22.0 213.0
19.0 94.0
200.0 191.0
34.0 80.0
248.0 202.0
181.0 222.0
176.0 243.0
210.0 90.0
184.0 192.0
222.0 237.0
219.0 172.0
39.0 58.0
104.0 46.0
206.0 13.0
200.0 194.0
5.0 27.0
129.0 59.0
162.0 185.0
150.0 240.0
239.0 185.0
87.0 232.0
31.0 30.0
31.0 222.0
84.0 50.0
94.0 175.0
10.0 116.0
50.0 227.0
122.0 246.0
18.0 5.0
162.0 109.0
160.0 19.0
30.0 244.0
165.0 109.0
173.0 112.0
107.0 230.0
144.0 198.0
94.0 167.0
134.0 144.0
155.0 109.0
107.0 242.0
162.0 34.0
212.0 166.0
112.0 207.0
227.0 131.0
185.0 131.0
95.0 244.0
35.0 118.0
165.0 96.0
92.0 197.0
84.0 249.0
232.0 156.0
81.0 39.0
188.0 48.0
201.0 210.0
199.0 95.0
115.0 199.0
158.0 198.0
194.0 191.0
99.0 90.0
76.0 151.0
189.0 238.0
67.0 73.0
175.0 154.0
212.0 27.0
78.0 78.0
0.0 119.0
213.0 83.0
188.0 76.0
201.0 191.0
42.0 187.0
177.0 171.0
150.0 190.0
228.0 227.0
198.0 220.0
155.0 128.0
246.0 17.0
199.0 124.0
38.0 146.0
222.0 47.0
226.0 48.0
87.0 94.0
201.0 51.0
113.0 56.0
6.0 35.0
230.0 104.0
170.0 5.0
67.0 36.0
59.0 135.0
248.0 224.0
192.0 172.0
225.0 16.0
21.0 136.0
76.0 233.0
219.0 67.0
204.0 132.0
123.0 153.0
240.0 89.0
241.0 93.0
225.0 19.0
86.0 165.0
237.0 146.0
146.0 233.0
165.0 16.0
98.0 19.0
168.0 249.0
221.0 21.0
161.0 48.0
243.0 18.0
222.0 70.0
175.0 161.0
144.0 76.0
25.0 233.0
159.0 68.0
55.0 183.0
170.0 224.0
90.0 155.0
152.0 197.0
186.0 243.0
181.0 224.0
32.0 55.0
122.0 237.0
8.0 207.0
67.0 38.0
165.0 193.0
181.0 118.0
174.0 137.0
156.0 42.0
116.0 241.0
74.0 120.0
56.0 58.0
250.0 147.0
136.0 43.0
223.0 69.0
13.0 121.0
97.0 226.0
240.0 99.0
24.0 155.0
57.0 52.0
158.0 229.0
53.0 126.0
244.0 245.0
40.0 1.0
51.0 104.0
243.0 101.0
172.0 72.0
239.0 167.0
51.0 154.0
161.0 135.0
119.0 169.0
202.0 85.0
15.0 206.0
61.0 63.0
171.0 171.0
3.0 177.0
103.0 212.0
33.0 128.0
47.0 126.0
5.0 221.0
184.0 158.0
14.0 131.0
200.0 162.0
31.0 90.0
44.0 162.0
10.0 166.0
32.0 165.0
40.0 145.0
9.0 128.0
151.0 83.0
98.0 69.0
215.0 159.0
134.0 86.0
201.0 25.0
174.0 152.0
60.0 143.0
62.0 91.0
156.0 197.0
65.0 197.0
144.0 197.0
183.0 57.0
49.0 215.0
26.0 150.0
123.0 22.0
226.0 152.0
79.0 176.0
172.0 159.0
149.0 204.0
144.0 123.0
213.0 65.0
8.0 97.0
53.0 151.0
186.0 188.0
110.0 135.0
186.0 218.0
174.0 65.0
12.0 102.0
7.0 119.0
140.0 56.0
206.0 57.0
240.0 45.0
185.0 160.0
202.0 192.0
195.0 51.0
40.0 185.0
149.0 90.0
83.0 27.0
50.0 85.0
164.0 53.0
137.0 162.0
96.0 168.0
208.0 141.0
14.0 107.0
84.0 136.0
242.0 66.0
60.0 128.0
151.0 100.0
176.0 66.0
34.0 29.0
31.0 146.0
93.0 132.0
106.0 192.0
186.0 222.0
175.0 154.0
52.0 20.0
167.0 39.0
45.0 50.0
167.0 157.0
211.0 91.0
51.0 113.0
127.0 32.0
67.0 63.0
187.0 44.0
231.0 52.0
156.0 47.0
227.0 49.0
41.0 243.0
51.0 134.0
209.0 83.0
220.0 96.0
213.0 65.0
152.0 237.0
96.0 97.0
167.0 45.0
19.0 194.0
99.0 144.0
118.0 134.0
77.0 56.0
58.0 209.0
100.0 68.0
50.0 61.0
92.0 100.0
188.0 125.0
176.0 12.0
247.0 50.0
244.0 99.0
166.0 226.0
167.0 99.0
236.0 181.0
114.0 95.0
96.0 93.0
194.0 239.0
173.0 49.0
8.0 78.0
54.0 190.0
209.0 17.0
40.0 231.0
29.0 86.0
10.0 130.0
247.0 165.0
204.0 14.0
172.0 209.0
184.0 10.0
12.0 7.0
217.0 232.0
57.0 127.0
196.0 168.0
176.0 237.0
231.0 112.0
194.0 43.0
147.0 10.0
8.0 175.0
148.0 232.0
136.0 149.0
3.0 18.0
203.0 95.0
144.0 232.0
150.0 250.0
154.0 63.0
63.0 42.0
167.0 147.0
42.0 152.0
20.0 163.0
114.0 218.0
65.0 231.0
244.0 221.0
96.0 40.0
73.0 97.0
193.0 164.0
56.0 208.0
36.0 118.0
15.0 128.0
138.0 243.0
147.0 230.0
169.0 78.0
123.0 154.0
183.0 207.0
210.0 33.0
68.0 98.0
151.0 168.0
134.0 52.0
135.0 155.0
47.0 153.0
211.0 38.0
141.0 217.0
79.0 115.0
202.0 249.0
29.0 78.0
121.0 27.0
52.0 14.0
137.0 217.0
27.0 70.0
190.0 242.0
151.0 155.0
239.0 191.0
113.0 145.0
188.0 120.0
71.0 69.0
131.0 148.0
57.0 116.0
210.0 89.0
246.0 75.0
168.0 128.0
74.0 160.0
242.0 174.0
30.0 232.0
128.0 17.0
238.0 210.0
37.0 42.0
7.0 83.0
184.0 14.0
107.0 190.0
112.0 47.0
78.0 40.0
69.0 158.0
180.0 222.0
222.0 142.0
197.0 56.0
32.0 37.0
60.0 159.0
214.0 46.0
123.0 194.0
229.0 60.0
203.0 103.0
104.0 24.0
67.0 230.0
157.0 161.0
123.0 245.0
33.0 173.0
111.0 155.0
26.0 65.0
180.0 186.0
200.0 74.0
25.0 206.0
169.0 235.0
81.0 89.0
166.0 190.0
99.0 56.0
142.0 133.0
202.0 50.0
148.0 143.0
127.0 20.0
117.0 161.0
133.0 63.0
173.0 233.0
154.0 178.0
205.0 166.0
44.0 196.0
223.0 78.0
126.0 18.0
82.0 125.0
16.0 108.0
247.0 5.0
55.0 233.0
37.0 145.0
203.0 37.0
157.0 60.0
85.0 52.0
78.0 143.0
198.0 124.0
194.0 17.0
68.0 216.0
208.0 85.0
243.0 202.0
27.0 9.0
52.0 238.0
11.0 165.0
131.0 183.0
224.0 153.0
21.0 64.0
157.0 40.0
207.0 149.0
203.0 52.0
47.0 15.0
213.0 248.0
66.0 47.0
56.0 38.0
200.0 130.0
128.0 188.0
87.0 91.0
107.0 47.0
112.0 35.0
26.0 34.0
181.0 4.0
86.0 226.0
56.0 222.0
163.0 210.0
109.0 237.0
40.0 178.0
175.0 99.0
204.0 46.0
22.0 10.0
115.0 194.0
225.0 199.0
159.0 247.0
77.0 92.0
67.0 109.0
223.0 164.0
132.0 45.0
9.0 150.0
144.0 157.0
106.0 134.0
241.0 160.0
40.0 77.0
211.0 196.0
42.0 163.0
95.0 198.0
245.0 157.0
227.0 183.0
7.0 37.0
192.0 105.0
4.0 198.0
222.0 18.0
13.0 129.0
123.0 60.0
151.0 248.0
136.0 135.0
101.0 142.0
200.0 173.0
224.0 40.0
143.0 219.0
231.0 145.0
140.0 120.0
154.0 16.0
96.0 165.0
194.0 5.0
168.0 88.0
49.0 71.0
202.0 161.0
171.0 96.0
179.0 154.0
187.0 141.0
72.0 22.0
57.0 166.0
78.0 222.0
80.0 2.0
4.0 139.0
186.0 232.0
159.0 148.0
11.0 161.0
129.0 179.0
71.0 124.0
180.0 170.0
143.0 216.0
50.0 159.0
48.0 58.0
222.0 28.0
89.0 52.0
93.0 13.0
181.0 121.0
236.0 137.0
71.0 8.0
52.0 33.0
67.0 18.0
137.0 203.0
27.0 128.0
37.0 56.0
165.0 241.0
76.0 138.0
57.0 137.0
75.0 27.0
12.0 3.0
14.0 173.0
77.0 246.0
67.0 52.0
218.0 77.0
220.0 15.0
56.0 188.0
235.0 81.0
100.0 170.0
77.0 200.0
206.0 79.0
184.0 82.0
92.0 194.0
59.0 5.0
13.0 4.0
206.0 88.0
45.0 70.0
9.0 37.0
219.0 196.0
194.0 246.0
55.0 177.0
102.0 137.0
142.0 171.0
48.0 231.0
175.0 93.0
99.0 221.0
203.0 213.0
192.0 162.0
160.0 223.0
36.0 174.0
30.0 71.0
89.0 140.0
99.0 220.0
208.0 184.0
30.0 246.0
105.0 28.0
73.0 51.0
90.0 132.0
38.0 247.0
128.0 108.0
203.0 94.0
45.0 170.0
172.0 185.0
41.0 238.0
222.0 134.0
224.0 103.0
28.0 82.0
191.0 119.0
194.0 147.0
6.0 214.0
78.0 25.0
215.0 73.0
248.0 227.0
122.0 141.0
150.0 34.0
110.0 186.0
215.0 46.0
77.0 192.0
119.0 15.0
169.0 196.0
27.0 219.0
0.0 217.0
181.0 191.0
153.0 10.0
20.0 194.0
47.0 171.0
84.0 112.0
74.0 211.0
1.0 45.0
226.0 228.0
191.0 138.0
228.0 192.0
213.0 50.0
33.0 86.0
3.0 6.0
77.0 36.0
71.0 161.0
3.0 76.0
13.0 126.0
139.0 15.0
43.0 12.0
73.0 213.0
21.0 200.0
222.0 90.0
53.0 77.0
114.0 50.0
27.0 71.0
164.0 31.0
23.0 104.0
23.0 220.0
89.0 157.0
178.0 35.0
197.0 207.0
232.0 34.0
6.0 99.0
188.0 217.0
100.0 233.0
27.0 20.0
218.0 8.0
32.0 92.0
21.0 32.0
38.0 14.0
29.0 164.0
153.0 190.0
146.0 9.0
37.0 192.0
45.0 73.0
147.0 159.0
201.0 74.0
154.0 157.0
197.0 224.0
67.0 239.0
5.0 124.0
156.0 213.0
212.0 197.0
72.0 246.0
28.0 179.0
140.0 198.0
175.0 231.0
81.0 161.0
108.0 43.0
39.0 250.0
52.0 138.0
29.0 227.0
178.0 120.0
49.0 137.0
33.0 180.0
122.0 166.0
148.0 9.0
108.0 17.0
97.0 34.0
199.0 143.0
45.0 4.0
52.0 9.0
155.0 230.0
91.0 97.0
65.0 115.0
76.0 197.0
145.0 170.0
83.0 79.0
129.0 2.0
116.0 202.0
218.0 124.0
128.0 202.0
99.0 179.0
39.0 172.0
131.0 58.0
164.0 97.0
250.0 129.0
3.0 101.0
217.0 182.0
180.0 232.0
151.0 189.0
125.0 66.0
74.0 89.0
139.0 235.0
58.0 96.0
74.0 34.0
71.0 105.0
143.0 87.0
208.0 57.0
211.0 101.0
78.0 237.0
212.0 63.0
125.0 222.0
163.0 38.0
23.0 83.0
54.0 41.0
82.0 189.0
196.0 23.0
149.0 82.0
196.0 62.0
77.0 157.0
10.0 183.0
121.0 230.0
107.0 12.0
207.0 112.0
94.0 73.0
71.0 141.0
184.0 51.0
61.0 166.0
2.0 209.0
246.0 67.0
226.0 159.0
6.0 169.0
182.0 40.0
97.0 15.0
26.0 189.0
5.0 232.0
235.0 228.0
213.0 77.0
197.0 32.0
62.0 23.0
219.0 114.0
204.0 99.0
121.0 35.0
206.0 217.0
135.0 238.0
177.0 70.0
122.0 39.0
107.0 225.0
215.0 54.0
158.0 99.0
23.0 167.0
220.0 80.0
135.0 195.0
108.0 109.0
176.0 228.0
73.0 94.0
28.0 175.0
140.0 119.0
110.0 122.0
71.0 173.0
178.0 154.0
73.0 248.0
180.0 121.0
203.0 160.0
11.0 134.0
190.0 53.0
60.0 138.0
14.0 80.0
19.0 218.0
84.0 87.0
242.0 125.0
226.0 167.0
228.0 45.0
208.0 46.0
143.0 216.0
125.0 36.0
98.0 50.0
9.0 134.0
200.0 242.0
99.0 145.0
228.0 142.0
21.0 16.0
82.0 244.0
189.0 147.0
224.0 203.0
40.0 235.0
137.0 104.0
48.0 35.0
138.0 15.0
9.0 231.0
211.0 179.0
156.0 177.0
66.0 1.0
231.0 60.0
200.0 56.0
190.0 137.0
62.0 150.0
47.0 215.0
214.0 46.0
162.0 147.0
216.0 246.0
93.0 157.0
241.0 66.0
202.0 110.0
45.0 40.0
12.0 194.0
161.0 248.0
112.0 248.0
55.0 226.0
5.0 65.0
13.0 189.0
62.0 42.0
102.0 101.0
89.0 127.0
114.0 185.0
67.0 62.0
190.0 42.0
184.0 244.0
179.0 96.0
96.0 82.0
55.0 156.0
161.0 33.0
45.0 196.0
210.0 99.0
195.0 249.0
222.0 62.0
140.0 163.0
93.0 128.0
183.0 227.0
240.0 143.0
66.0 47.0
105.0 149.0
173.0 53.0
179.0 96.0
169.0 127.0
228.0 86.0
191.0 143.0
225.0 98.0
222.0 249.0
35.0 189.0
123.0 72.0
246.0 250.0
106.0 52.0
53.0 188.0
233.0 209.0
216.0 232.0
92.0 176.0
144.0 110.0
125.0 168.0
216.0 179.0
124.0 106.0
42.0 118.0
250.0 188.0
146.0 145.0
210.0 0.0
143.0 3.0
85.0 79.0
18.0 31.0
52.0 152.0
208.0 208.0
126.0 94.0
214.0 106.0
45.0 190.0
76.0 5.0
42.0 122.0
64.0 246.0
8.0 154.0
26.0 194.0
148.0 51.0
146.0 7.0
38.0 70.0
158.0 214.0
39.0 206.0
158.0 172.0
98.0 141.0
172.0 28.0
36.0 209.0
5.0 134.0
215.0 193.0
163.0 161.0
55.0 156.0
218.0 243.0
179.0 236.0
69.0 16.0
29.0 227.0
75.0 3.0
96.0 25.0
131.0 97.0
3.0 103.0
62.0 219.0
184.0 246.0
5.0 6.0
37.0 71.0
43.0 3.0
181.0 192.0
141.0 93.0
33.0 184.0
4.0 233.0
0.0 68.0
56.0 141.0
110.0 113.0
13.0 107.0
238.0 39.0
135.0 197.0
159.0 51.0
11.0 162.0
178.0 153.0
70.0 182.0
205.0 56.0
62.0 138.0
160.0 6.0
71.0 163.0
185.0 203.0
180.0 50.0
184.0 36.0
224.0 136.0
36.0 167.0
124.0 108.0
132.0 58.0
120.0 235.0
206.0 120.0
16.0 99.0
228.0 176.0
129.0 196.0
217.0 63.0
178.0 110.0
110.0 187.0
191.0 246.0
161.0 213.0
36.0 219.0
148.0 110.0
11.0 0.0
232.0 77.0
3.0 27.0
114.0 215.0
12.0 30.0
207.0 89.0
173.0 148.0
108.0 168.0
196.0 197.0
207.0 173.0
242.0 53.0
82.0 176.0
19.0 145.0
152.0 125.0
249.0 121.0
113.0 5.0
161.0 75.0
3.0 175.0
32.0 28.0
38.0 242.0
68.0 160.0
196.0 108.0
12.0 115.0
76.0 186.0
144.0 7.0
114.0 68.0
192.0 80.0
70.0 226.0
201.0 4.0
245.0 180.0
230.0 150.0
209.0 97.0
72.0 207.0
135.0 97.0
229.0 86.0
125.0 137.0
226.0 126.0
25.0 110.0
103.0 154.0
220.0 155.0
47.0 41.0
35.0 193.0
153.0 192.0
113.0 57.0
115.0 221.0
21.0 110.0
231.0 137.0
74.0 89.0
148.0 166.0
248.0 200.0
102.0 147.0
72.0 74.0
205.0 14.0
219.0 229.0
152.0 184.0
65.0 31.0
40.0 215.0
75.0 171.0
39.0 196.0
150.0 28.0
222.0 113.0
162.0 52.0
189.0 6.0
205.0 170.0
153.0 57.0
148.0 226.0
247.0 44.0
145.0 72.0
108.0 164.0
74.0 211.0
107.0 52.0
169.0 216.0
167.0 112.0
203.0 216.0
154.0 119.0
115.0 45.0
168.0 82.0
43.0 214.0
87.0 190.0
60.0 183.0
61.0 233.0
176.0 214.0
202.0 162.0
36.0 156.0
24.0 80.0
13.0 80.0
8.0 196.0
229.0 225.0
231.0 147.0
98.0 48.0
46.0 119.0
43.0 229.0
135.0 25.0
94.0 39.0
47.0 50.0
162.0 41.0
157.0 211.0
64.0 167.0
49.0 101.0
213.0 19.0
129.0 94.0
183.0 49.0
87.0 60.0
180.0 93.0
148.0 229.0
5.0 55.0
105.0 153.0
174.0 78.0
194.0 2.0
145.0 116.0
188.0 31.0
197.0 133.0
139.0 85.0
31.0 215.0
12.0 89.0
20.0 193.0
37.0 35.0
61.0 188.0
122.0 10.0
47.0 45.0
50.0 179.0
81.0 211.0
167.0 138.0
46.0 132.0
152.0 149.0
31.0 98.0
222.0 82.0
118.0 247.0
219.0 190.0
138.0 28.0
65.0 149.0
33.0 206.0
152.0 134.0
50.0 85.0
38.0 243.0
50.0 159.0
133.0 139.0
5.0 237.0
117.0 116.0
106.0 137.0
161.0 88.0
189.0 113.0
61.0 69.0
246.0 229.0
228.0 19.0
141.0 230.0
27.0 8.0
155.0 249.0
21.0 199.0
87.0 13.0
7.0 209.0
198.0 28.0
8.0 239.0
70.0 14.0
234.0 169.0
57.0 208.0
62.0 99.0
15.0 181.0
164.0 186.0
119.0 149.0
213.0 131.0
88.0 66.0
166.0 19.0
224.0 90.0
183.0 21.0
240.0 92.0
51.0 14.0
148.0 177.0
59.0 12.0
44.0 2.0
52.0 81.0
207.0 245.0
243.0 26.0
213.0 124.0
141.0 123.0
100.0 214.0
39.0 70.0
175.0 62.0
53.0 65.0
111.0 238.0
21.0 39.0
61.0 201.0
144.0 97.0
53.0 223.0
36.0 54.0
12.0 149.0
203.0 7.0
77.0 94.0
235.0 197.0
147.0 235.0
104.0 229.0
221.0 181.0
245.0 29.0
93.0 191.0
160.0 233.0
72.0 107.0
118.0 9.0
188.0 147.0
62.0 132.0
164.0 44.0
164.0 193.0
237.0 57.0
24.0 128.0
247.0 215.0
68.0 84.0
191.0 188.0
20.0 172.0
39.0 25.0
141.0 10.0
135.0 39.0
214.0 221.0
100.0 181.0
100.0 163.0
196.0 77.0
235.0 201.0
182.0 189.0
239.0 150.0
3.0 147.0
157.0 76.0
210.0 94.0
119.0 220.0
83.0 204.0
59.0 112.0
238.0 100.0
160.0 245.0
44.0 215.0
45.0 5.0
26.0 176.0
247.0 124.0
197.0 139.0
100.0 203.0
110.0 44.0
233.0 204.0
224.0 72.0
149.0 87.0
225.0 156.0
218.0 111.0
25.0 213.0
198.0 105.0
226.0 52.0
213.0 100.0
114.0 19.0
194.0 3.0
123.0 205.0
86.0 72.0
196.0 151.0
202.0 20.0
103.0 246.0
145.0 106.0
40.0 129.0
55.0 176.0
164.0 182.0
243.0 151.0
35.0 24.0
74.0 23.0
242.0 237.0
37.0 1.0
45.0 101.0
7.0 238.0
203.0 193.0
0.0 158.0
188.0 12.0
43.0 180.0
70.0 96.0
100.0 241.0
170.0 178.0
41.0 43.0
118.0 218.0
230.0 38.0
49.0 230.0
82.0 218.0
205.0 131.0
47.0 87.0
40.0 132.0
242.0 4.0
223.0 39.0
74.0 164.0
11.0 116.0
188.0 23.0
28.0 225.0
204.0 47.0
17.0 53.0
233.0 239.0
247.0 245.0
215.0 182.0
21.0 130.0
230.0 184.0
67.0 246.0
189.0 132.0
162.0 212.0
170.0 27.0
133.0 34.0
201.0 173.0
200.0 18.0
111.0 113.0
199.0 7.0
145.0 174.0
14.0 225.0
68.0 82.0
132.0 90.0
94.0 127.0
27.0 138.0
237.0 220.0
159.0 46.0
42.0 205.0
179.0 38.0
173.0 133.0
230.0 19.0
177.0 229.0
84.0 97.0
53.0 152.0
116.0 220.0
42.0 151.0
230.0 219.0
151.0 71.0
124.0 91.0
220.0 208.0
114.0 200.0
139.0 98.0
53.0 106.0
168.0 86.0
172.0 65.0
98.0 157.0
11.0 55.0
62.0 1.0
141.0 218.0
119.0 148.0
222.0 216.0
49.0 50.0
219.0 24.0
100.0 46.0
199.0 9.0
6.0 221.0
154.0 207.0
136.0 225.0
152.0 30.0
213.0 178.0
133.0 173.0
111.0 114.0
19.0 84.0
24.0 200.0
100.0 151.0
131.0 72.0
223.0 82.0
205.0 146.0
124.0 13.0
149.0 108.0
58.0 194.0
26.0 82.0
194.0 159.0
195.0 56.0
51.0 116.0
9.0 173.0
66.0 78.0
44.0 104.0
199.0 93.0
192.0 240.0
39.0 230.0
228.0 29.0
188.0 53.0
38.0 89.0
25.0 102.0
5.0 28.0
229.0 249.0
116.0 245.0
57.0 78.0
156.0 10.0
133.0 16.0
179.0 215.0
92.0 249.0
249.0 236.0
1.0 29.0
11.0 155.0
239.0 20.0
222.0 169.0
152.0 177.0
163.0 59.0
43.0 164.0
191.0 164.0
168.0 194.0
227.0 113.0
197.0 176.0
77.0 133.0
171.0 153.0
234.0 66.0
47.0 70.0
198.0 34.0
225.0 212.0
88.0 9.0
37.0 231.0
194.0 98.0
217.0 230.0
138.0 188.0
193.0 197.0
154.0 125.0
111.0 129.0
27.0 204.0
44.0 12.0
87.0 10.0
183.0 134.0
176.0 15.0
84.0 5.0
88.0 106.0
129.0 2.0
50.0 66.0
174.0 128.0
98.0 50.0
152.0 129.0
61.0 217.0
232.0 235.0
116.0 183.0
175.0 150.0
249.0 66.0
113.0 165.0
242.0 186.0
31.0 164.0
100.0 49.0
28.0 12.0
190.0 55.0
28.0 209.0
140.0 196.0
149.0 203.0
116.0 42.0
249.0 96.0
174.0 167.0
13.0 14.0
170.0 188.0
210.0 10.0
48.0 187.0
101.0 141.0
122.0 71.0
21.0 212.0
46.0 11.0
222.0 207.0
199.0 145.0
147.0 9.0
71.0 47.0
70.0 82.0
2.0 45.0
168.0 74.0
215.0 247.0
85.0 134.0
141.0 233.0
152.0 36.0
96.0 162.0
241.0 38.0
184.0 110.0
8.0 172.0
99.0 20.0
136.0 27.0
88.0 214.0
218.0 108.0
129.0 205.0
6.0 191.0
191.0 145.0
47.0 138.0
17.0 23.0
46.0 222.0
177.0 69.0
121.0 44.0
191.0 110.0
149.0 215.0
114.0 195.0
246.0 28.0
243.0 128.0
209.0 146.0
211.0 89.0
88.0 157.0
22.0 109.0
88.0 171.0
145.0 207.0
93.0 161.0
114.0 77.0
144.0 103.0
108.0 15.0
26.0 247.0
101.0 80.0
183.0 200.0
177.0 81.0
239.0 21.0
210.0 240.0
209.0 138.0
150.0 249.0
65.0 164.0
231.0 213.0
109.0 42.0
209.0 39.0
194.0 227.0
87.0 177.0
129.0 203.0
47.0 126.0
164.0 176.0
173.0 224.0
37.0 107.0
72.0 47.0
93.0 58.0
82.0 25.0
82.0 141.0
70.0 241.0
25.0 160.0
114.0 153.0
130.0 117.0
209.0 58.0
15.0 47.0
171.0 185.0
104.0 225.0
238.0 104.0
76.0 92.0
178.0 204.0
99.0 51.0
28.0 62.0
119.0 130.0
146.0 81.0
50.0 21.0
71.0 91.0
9.0 112.0
9.0 161.0
76.0 165.0
56.0 202.0
98.0 120.0
102.0 226.0
125.0 54.0
159.0 217.0
140.0 145.0
166.0 110.0
46.0 60.0
163.0 199.0
182.0 226.0
240.0 100.0
218.0 38.0
36.0 220.0
74.0 86.0
79.0 227.0
93.0 75.0
96.0 94.0
219.0 150.0
222.0 98.0
56.0 174.0
125.0 206.0
183.0 47.0
68.0 124.0
203.0 238.0
77.0 49.0
54.0 242.0
107.0 29.0
171.0 5.0
236.0 108.0
151.0 166.0
172.0 13.0
144.0 24.0
211.0 209.0
234.0 210.0
79.0 190.0
169.0 84.0
138.0 206.0
76.0 229.0
45.0 181.0
138.0 185.0
211.0 134.0
15.0 154.0
0.0 239.0
78.0 208.0
180.0 209.0
139.0 109.0
164.0 21.0
116.0 135.0
176.0 34.0
186.0 153.0
27.0 143.0
244.0 210.0
240.0 154.0
84.0 8.0
93.0 136.0
18.0 153.0
195.0 73.0
206.0 172.0
28.0 182.0
46.0 67.0
218.0 112.0
10.0 19.0
68.0 0.0
168.0 145.0
1.0 233.0
152.0 27.0
80.0 16.0
173.0 69.0
113.0 208.0
225.0 0.0
141.0 179.0
206.0 217.0
199.0 244.0
229.0 163.0
11.0 64.0
215.0 50.0
140.0 208.0
163.0 6.0
132.0 119.0
83.0 67.0
42.0 66.0
96.0 244.0
16.0 198.0
60.0 184.0
181.0 159.0
115.0 36.0
154.0 245.0
119.0 183.0
36.0 199.0
249.0 59.0
80.0 0.0
114.0 89.0
30.0 103.0
20.0 97.0
190.0 122.0
121.0 107.0
96.0 44.0
222.0 237.0
220.0 75.0
73.0 248.0
213.0 93.0
72.0 73.0
237.0 180.0
73.0 8.0
15.0 79.0
96.0 24.0
29.0 186.0
14.0 240.0
115.0 32.0
132.0 158.0
15.0 249.0
121.0 75.0
5.0 101.0
73.0 128.0
45.0 192.0
45.0 36.0
172.0 60.0
216.0 110.0
232.0 158.0
139.0 210.0
39.0 27.0
114.0 117.0
169.0 56.0
24.0 102.0
121.0 23.0
30.0 52.0
169.0 147.0
97.0 50.0
10.0 6.0
135.0 140.0
158.0 165.0
78.0 73.0
69.0 234.0
75.0 103.0
73.0 91.0
243.0 33.0
208.0 101.0
19.0 205.0
173.0 203.0
199.0 229.0
119.0 62.0
72.0 55.0
109.0 34.0
99.0 45.0
98.0 24.0
188.0 16.0
142.0 101.0
142.0 44.0
63.0 76.0
181.0 126.0
135.0 43.0
17.0 112.0
172.0 190.0
242.0 130.0
186.0 36.0
138.0 41.0
132.0 5.0
53.0 18.0
31.0 113.0
55.0 170.0
105.0 83.0
155.0 175.0
102.0 6.0
175.0 211.0
63.0 5.0
175.0 38.0
91.0 147.0
152.0 136.0
230.0 179.0
38.0 122.0
170.0 201.0
84.0 245.0
230.0 245.0
47.0 36.0
229.0 238.0
130.0 47.0
71.0 188.0
208.0 133.0
9.0 203.0
190.0 76.0
81.0 52.0
156.0 147.0
4.0 20.0
248.0 12.0
186.0 108.0
82.0 210.0
9.0 238.0
29.0 241.0

159.0 164.0
70.0 86.0
158.0 166.0
214.0 220.0
180.0 8.0
48.0 154.0
161.0 227.0
62.0 49.0
78.0 102.0
242.0 219.0
216.0 42.0
132.0 153.0
22.0 141.0
135.0 167.0
225.0 233.0
191.0 201.0
201.0 198.0
165.0 95.0
153.0 213.0
232.0 47.0
234.0 69.0
214.0 175.0
53.0 135.0
47.0 18.0
23.0 210.0
193.0 31.0
162.0 223.0
19.0 20.0
185.0 135.0
147.0 225.0
87.0 145.0
153.0 71.0
201.0 157.0
192.0 241.0
55.0 27.0
100.0 144.0
139.0 103.0
203.0 100.0
31.0 16.0
181.0 195.0
100.0 96.0
137.0 209.0
133.0 216.0
117.0 6.0
228.0 87.0
57.0 98.0
160.0 184.0
49.0 208.0
192.0 194.0
48.0 134.0
167.0 49.0
241.0 111.0
241.0 36.0
119.0 122.0
177.0 194.0
74.0 218.0
229.0 133.0
202.0 159.0
153.0 54.0
234.0 68.0
215.0 40.0
169.0 79.0
141.0 223.0
181.0 227.0
13.0 61.0
184.0 195.0
148.0 193.0
64.0 118.0
97.0 191.0
61.0 103.0
203.0 132.0
178.0 40.0
195.0 125.0
238.0 41.0
159.0 72.0
93.0 203.0
220.0 11.0
225.0 78.0
158.0 106.0
103.0 9.0
166.0 35.0
189.0 71.0
105.0 251.0
72.0 94.0
79.0 198.0
246.0 235.0
54.0 93.0
117.0 78.0
241.0 227.0
163.0 217.0
84.0 69.0
193.0 113.0
183.0 167.0
248.0 41.0
119.0 55.0
230.0 126.0
164.0 68.0
144.0 47.0
204.0 70.0
213.0 121.0
216.0 166.0
93.0 194.0
248.0 48.0
58.0 151.0
172.0 117.0
66.0 128.0
228.0 223.0
144.0 113.0
255.0 220.0
141.0 117.0
61.0 87.0
183.0 238.0
132.0 220.0
234.0 213.0
20.0 207.0
234.0 103.0
54.0 94.0
77.0 73.0
248.0 102.0
40.0 119.0
210.0 149.0
55.0 238.0
85.0 9.0
36.0 58.0
148.0 115.0
42.0 62.0
12.0 182.0
144.0 15.0
157.0 60.0
85.0 127.0
130.0 92.0
24.0 181.0
252.0 29.0
89.0 34.0
41.0 151.0
100.0 63.0
93.0 18.0
119.0 177.0
221.0 107.0
29.0 234.0
244.0 175.0
181.0 167.0
75.0 194.0
208.0 49.0
152.0 78.0
125.0 227.0
230.0 197.0
228.0 160.0
190.0 236.0
31.0 217.0
254.0 48.0
105.0 198.0
169.0 180.0
213.0 167.0
110.0 74.0
209.0 48.0
193.0 25.0
221.0 162.0
46.0 14.0
231.0 29.0
188.0 110.0
184.0 244.0
222.0 199.0
87.0 144.0
57.0 113.0
166.0 171.0
248.0 14.0
112.0 29.0
16.0 16.0
124.0 185.0
236.0 250.0
189.0 175.0
11.0 251.0
114.0 135.0
12.0 235.0
186.0 131.0
112.0 241.0
90.0 125.0
77.0 148.0
49.0 231.0
225.0 106.0
225.0 254.0
228.0 57.0
218.0 17.0
21.0 234.0
69.0 118.0
199.0 172.0
214.0 227.0
185.0 69.0
205.0 191.0
188.0 71.0
10.0 211.0
138.0 233.0
33.0 186.0
171.0 115.0
115.0 158.0
78.0 115.0
8.0 47.0
85.0 134.0
169.0 4.0
255.0 53.0
38.0 192.0
65.0 250.0
251.0 170.0
30.0 231.0
85.0 124.0
44.0 9.0
210.0 195.0
204.0 167.0
150.0 33.0
159.0 126.0
188.0 215.0
129.0 162.0
229.0 29.0
6.0 56.0
195.0 115.0
50.0 98.0
158.0 122.0
215.0 165.0
108.0 232.0
29.0 201.0
185.0 70.0
136.0 234.0
211.0 6.0
76.0 132.0
140.0 220.0
56.0 69.0
186.0 176.0
110.0 63.0
122.0 231.0
70.0 172.0
128.0 173.0
122.0 79.0
41.0 35.0
205.0 46.0
18.0 75.0
191.0 56.0
131.0 185.0
212.0 43.0
209.0 226.0
191.0 122.0
110.0 172.0
102.0 100.0
126.0 190.0
81.0 80.0
50.0 151.0
100.0 15.0
244.0 120.0
160.0 193.0
127.0 127.0
109.0 123.0
4.0 199.0
156.0 164.0
101.0 43.0
71.0 251.0
26.0 9.0
15.0 205.0
179.0 94.0
103.0 68.0
246.0 214.0
34.0 91.0
90.0 180.0
13.0 226.0
120.0 174.0
182.0 47.0
42.0 88.0
116.0 152.0
227.0 113.0
37.0 80.0
169.0 66.0
156.0 110.0
205.0 242.0
146.0 190.0
76.0 129.0
41.0 173.0
91.0 168.0
235.0 8.0
149.0 242.0
186.0 213.0
226.0 247.0
139.0 65.0
210.0 250.0
149.0 72.0
75.0 251.0
32.0 231.0
158.0 177.0
165.0 228.0
112.0 216.0
154.0 37.0
242.0 36.0
174.0 131.0
118.0 96.0
85.0 181.0
61.0 238.0
30.0 66.0
44.0 109.0
255.0 157.0
183.0 17.0
202.0 169.0
41.0 128.0
18.0 63.0
245.0 219.0
135.0 220.0
49.0 33.0
199.0 22.0
184.0 90.0
134.0 92.0
52.0 93.0
213.0 72.0
184.0 184.0
118.0 222.0
151.0 51.0
144.0 138.0
8.0 21.0
194.0 243.0
45.0 15.0
156.0 213.0
66.0 117.0
71.0 137.0
86.0 26.0
127.0 153.0
79.0 255.0
28.0 51.0
232.0 202.0
90.0 158.0
8.0 139.0
25.0 133.0
81.0 49.0
153.0 121.0
76.0 33.0
77.0 20.0
59.0 87.0
242.0 174.0
52.0 38.0
17.0 117.0
183.0 168.0
61.0 83.0
116.0 92.0
49.0 8.0
219.0 96.0
112.0 111.0
252.0 116.0
179.0 170.0
174.0 181.0
214.0 213.0
220.0 140.0
178.0 74.0
195.0 107.0
60.0 206.0
46.0 72.0
182.0 60.0
26.0 239.0
12.0 23.0
109.0 182.0
63.0 140.0
142.0 221.0
221.0 194.0
220.0 244.0
210.0 50.0
182.0 31.0
197.0 146.0
67.0 141.0
58.0 222.0
61.0 76.0
227.0 246.0
153.0 122.0
26.0 33.0
138.0 240.0
236.0 158.0
93.0 33.0
226.0 205.0
51.0 233.0
242.0 190.0
152.0 190.0
64.0 231.0
110.0 115.0
11.0 221.0
144.0 225.0
110.0 208.0
112.0 146.0
55.0 84.0
82.0 85.0
122.0 192.0
227.0 56.0
74.0 57.0
172.0 241.0
72.0 222.0
21.0 147.0
245.0 58.0
68.0 59.0
89.0 106.0
75.0 46.0
207.0 199.0
225.0 131.0
166.0 108.0
254.0 45.0
143.0 16.0
256.0 10.0
251.0 190.0
31.0 121.0
58.0 90.0
126.0 163.0
121.0 117.0
247.0 253.0
136.0 101.0
128.0 70.0
148.0 131.0
162.0 182.0
75.0 224.0
186.0 61.0
89.0 247.0
191.0 237.0
238.0 12.0
158.0 14.0
6.0 94.0
187.0 82.0
15.0 98.0
12.0 75.0
234.0 150.0
156.0 35.0
21.0 120.0
235.0 220.0
215.0 23.0
13.0 59.0
253.0 242.0
102.0 93.0
127.0 108.0
27.0 77.0
76.0 134.0
193.0 198.0
142.0 45.0
65.0 210.0
165.0 44.0
16.0 87.0
207.0 71.0
250.0 80.0
47.0 97.0
124.0 184.0
230.0 146.0
190.0 42.0
71.0 158.0
102.0 99.0
29.0 248.0
127.0 239.0
237.0 190.0
25.0 49.0
180.0 181.0
126.0 70.0
227.0 190.0
48.0 58.0
124.0 37.0
209.0 245.0
8.0 91.0
232.0 251.0
190.0 195.0
23.0 245.0
158.0 247.0
223.0 154.0
124.0 221.0
205.0 116.0
7.0 157.0
189.0 126.0
6.0 44.0
30.0 180.0
16.0 250.0
105.0 15.0
219.0 31.0
246.0 71.0
200.0 162.0
26.0 218.0
23.0 100.0
206.0 196.0
38.0 85.0
252.0 206.0
186.0 227.0
182.0 247.0
215.0 94.0
189.0 197.0
226.0 243.0
224.0 178.0
45.0 63.0
110.0 51.0
212.0 18.0
204.0 200.0
9.0 33.0
135.0 63.0
167.0 189.0
154.0 244.0
243.0 191.0
91.0 238.0
37.0 35.0
36.0 226.0
90.0 55.0
100.0 180.0
14.0 121.0
55.0 233.0
126.0 250.0
24.0 9.0
166.0 115.0
164.0 23.0
35.0 249.0
170.0 114.0
177.0 117.0
111.0 235.0
148.0 203.0
100.0 171.0
138.0 149.0
161.0 113.0
112.0 246.0
167.0 38.0
217.0 170.0
118.0 213.0
231.0 136.0
190.0 135.0
100.0 249.0
41.0 122.0
171.0 100.0
96.0 201.0
88.0 253.0
237.0 161.0
86.0 43.0
194.0 53.0
206.0 215.0
205.0 100.0
119.0 204.0
162.0 202.0
198.0 197.0
104.0 95.0
81.0 157.0
194.0 242.0
72.0 78.0
180.0 160.0
218.0 31.0
84.0 82.0
5.0 125.0
219.0 89.0
194.0 81.0
206.0 196.0
46.0 192.0
183.0 176.0
154.0 196.0
233.0 232.0
203.0 225.0
159.0 134.0
251.0 23.0
205.0 129.0
43.0 150.0
228.0 52.0
232.0 52.0
93.0 99.0
205.0 57.0
117.0 61.0
12.0 40.0
236.0 110.0
175.0 11.0
72.0 40.0
64.0 141.0
254.0 230.0
198.0 177.0
230.0 22.0
25.0 141.0
82.0 239.0
224.0 72.0
210.0 137.0
127.0 157.0
245.0 95.0
245.0 98.0
230.0 23.0
91.0 170.0
241.0 150.0
151.0 239.0
170.0 22.0
104.0 25.0
173.0 255.0
227.0 26.0
166.0 53.0
247.0 23.0
227.0 74.0
179.0 166.0
149.0 81.0
30.0 238.0
164.0 73.0
60.0 189.0
174.0 230.0
95.0 161.0
156.0 201.0
190.0 249.0
187.0 229.0
38.0 61.0
128.0 243.0
12.0 211.0
73.0 43.0
169.0 198.0
186.0 123.0
180.0 143.0
161.0 47.0
120.0 245.0
79.0 124.0
60.0 64.0
256.0 153.0
141.0 48.0
227.0 74.0
18.0 127.0
103.0 232.0
246.0 104.0
30.0 161.0
62.0 56.0
163.0 233.0
59.0 130.0
249.0 249.0
45.0 6.0
55.0 108.0
247.0 106.0
177.0 77.0
245.0 173.0
55.0 159.0
166.0 141.0
123.0 174.0
208.0 91.0
20.0 212.0
66.0 67.0
177.0 176.0
9.0 182.0
107.0 217.0
37.0 132.0
52.0 131.0
10.0 227.0
189.0 163.0
19.0 137.0
206.0 167.0
35.0 96.0
48.0 166.0
15.0 171.0
37.0 170.0
46.0 151.0
14.0 134.0
157.0 88.0
103.0 73.0
219.0 164.0
139.0 91.0
206.0 29.0
179.0 157.0
65.0 148.0
67.0 96.0
161.0 201.0
71.0 202.0
149.0 202.0
188.0 63.0
55.0 221.0
31.0 156.0
129.0 27.0
232.0 158.0
83.0 181.0
176.0 165.0
153.0 209.0
148.0 127.0
218.0 70.0
13.0 102.0
58.0 155.0
190.0 192.0
114.0 139.0
191.0 222.0
180.0 69.0
16.0 106.0
12.0 124.0
145.0 60.0
212.0 61.0
245.0 50.0
190.0 164.0
206.0 197.0
200.0 56.0
46.0 190.0
155.0 95.0
88.0 33.0
56.0 89.0
170.0 59.0
143.0 166.0
101.0 173.0
214.0 146.0
19.0 111.0
90.0 142.0
247.0 71.0
65.0 133.0
155.0 105.0
181.0 72.0
38.0 35.0
37.0 152.0
98.0 137.0
111.0 197.0
191.0 227.0
179.0 160.0
57.0 25.0
172.0 44.0
49.0 55.0
172.0 161.0
215.0 95.0
56.0 118.0
133.0 37.0
72.0 69.0
192.0 49.0
235.0 56.0
161.0 51.0
233.0 55.0
45.0 248.0
56.0 138.0
214.0 88.0
225.0 101.0
218.0 71.0
157.0 242.0
101.0 102.0
172.0 49.0
24.0 199.0
103.0 149.0
123.0 139.0
82.0 61.0
63.0 214.0
105.0 73.0
55.0 67.0
97.0 104.0
193.0 131.0
181.0 16.0
252.0 55.0
249.0 105.0
172.0 230.0
173.0 104.0
240.0 186.0
119.0 100.0
101.0 98.0
199.0 244.0
179.0 54.0
12.0 84.0
59.0 195.0
213.0 22.0
46.0 236.0
35.0 92.0
16.0 135.0
251.0 170.0
209.0 19.0
177.0 213.0
189.0 15.0
16.0 12.0
222.0 236.0
61.0 132.0
201.0 173.0
182.0 241.0
236.0 118.0
199.0 48.0
152.0 15.0
13.0 181.0
153.0 238.0
140.0 153.0
9.0 22.0
208.0 101.0
149.0 237.0
155.0 254.0
159.0 68.0
69.0 46.0
171.0 151.0
47.0 156.0
24.0 169.0
119.0 224.0
69.0 235.0
248.0 225.0
102.0 44.0
78.0 101.0
198.0 170.0
61.0 214.0
40.0 123.0
21.0 134.0
143.0 248.0
151.0 234.0
174.0 83.0
127.0 158.0
187.0 212.0
214.0 38.0
72.0 104.0
156.0 174.0
138.0 56.0
140.0 160.0
52.0 157.0
217.0 44.0
146.0 223.0
85.0 121.0
207.0 254.0
34.0 82.0
127.0 32.0
57.0 20.0
142.0 221.0
32.0 74.0
194.0 247.0
155.0 160.0
244.0 196.0
117.0 150.0
193.0 126.0
76.0 74.0
136.0 153.0
63.0 121.0
216.0 94.0
251.0 81.0
172.0 132.0
78.0 164.0
247.0 179.0
36.0 237.0
132.0 23.0
242.0 216.0
42.0 48.0
13.0 89.0
188.0 20.0
111.0 195.0
116.0 52.0
82.0 46.0
74.0 162.0
184.0 227.0
227.0 147.0
203.0 60.0
37.0 42.0
65.0 164.0
219.0 51.0
128.0 198.0
235.0 65.0
209.0 107.0
108.0 30.0
72.0 235.0
162.0 165.0
128.0 250.0
39.0 178.0
117.0 159.0
31.0 69.0
186.0 191.0
205.0 79.0
31.0 211.0
174.0 241.0
86.0 93.0
171.0 195.0
105.0 62.0
146.0 138.0
208.0 55.0
154.0 149.0
131.0 25.0
122.0 165.0
138.0 68.0
178.0 239.0
160.0 182.0
210.0 171.0
50.0 200.0
229.0 82.0
131.0 22.0
86.0 131.0
20.0 114.0
252.0 9.0
60.0 239.0
42.0 151.0
209.0 43.0
162.0 65.0
90.0 57.0
83.0 147.0
204.0 129.0
200.0 22.0
72.0 220.0
214.0 91.0
247.0 207.0
32.0 14.0
56.0 243.0
16.0 170.0
135.0 187.0
229.0 157.0
26.0 70.0
163.0 46.0
213.0 155.0
209.0 56.0
52.0 21.0
218.0 254.0
71.0 53.0
62.0 44.0
206.0 135.0
132.0 194.0
93.0 96.0
112.0 53.0
116.0 39.0
31.0 39.0
187.0 9.0
91.0 230.0
60.0 227.0
168.0 216.0
113.0 241.0
45.0 183.0
180.0 104.0
209.0 51.0
28.0 15.0
121.0 199.0
230.0 204.0
165.0 252.0
82.0 97.0
72.0 114.0
227.0 169.0
137.0 49.0
15.0 155.0
149.0 162.0
110.0 139.0
246.0 165.0
45.0 82.0
216.0 201.0
47.0 167.0
100.0 202.0
250.0 162.0
232.0 188.0
12.0 41.0
197.0 110.0
9.0 203.0
227.0 24.0
19.0 134.0
128.0 65.0
156.0 253.0
142.0 140.0
106.0 147.0
205.0 177.0
229.0 46.0
147.0 225.0
236.0 150.0
145.0 124.0
159.0 21.0
100.0 170.0
200.0 11.0
174.0 92.0
53.0 75.0
207.0 165.0
176.0 102.0
183.0 160.0
191.0 146.0
77.0 28.0
61.0 170.0
83.0 227.0
85.0 6.0
10.0 145.0
191.0 238.0
165.0 152.0
17.0 166.0
134.0 185.0
75.0 128.0
186.0 174.0
147.0 221.0
56.0 163.0
54.0 64.0
227.0 32.0
94.0 58.0
98.0 19.0
187.0 126.0
242.0 142.0
77.0 13.0
56.0 38.0
72.0 23.0
142.0 207.0
32.0 132.0
41.0 62.0
170.0 246.0
81.0 143.0
63.0 143.0
79.0 31.0
16.0 7.0
18.0 178.0
82.0 250.0
72.0 57.0
224.0 82.0
225.0 20.0
61.0 193.0
240.0 87.0
105.0 174.0
82.0 205.0
210.0 84.0
189.0 86.0
96.0 200.0
64.0 10.0
18.0 9.0
211.0 94.0
50.0 75.0
14.0 43.0
223.0 202.0
198.0 251.0
61.0 183.0
107.0 142.0
146.0 177.0
53.0 235.0
180.0 98.0
103.0 226.0
209.0 217.0
197.0 168.0
166.0 227.0
41.0 179.0
35.0 76.0
94.0 145.0
103.0 225.0
213.0 189.0
35.0 251.0
111.0 34.0
79.0 56.0
95.0 137.0
44.0 253.0
133.0 113.0
208.0 99.0
49.0 176.0
177.0 189.0
45.0 242.0
227.0 140.0
230.0 107.0
34.0 87.0
196.0 124.0
199.0 151.0
11.0 218.0
83.0 31.0
221.0 77.0
252.0 232.0
127.0 147.0
155.0 39.0
115.0 191.0
219.0 51.0
83.0 197.0
124.0 20.0
173.0 201.0
32.0 224.0
5.0 221.0
186.0 195.0
159.0 16.0
26.0 200.0
52.0 177.0
90.0 117.0
79.0 216.0
6.0 51.0
232.0 233.0
196.0 142.0
234.0 196.0
218.0 55.0
39.0 91.0
7.0 11.0
83.0 42.0
76.0 166.0
9.0 82.0
18.0 132.0
144.0 20.0
49.0 16.0
78.0 217.0
26.0 205.0
227.0 96.0
58.0 82.0
119.0 55.0
33.0 76.0
168.0 37.0
28.0 109.0
28.0 224.0
94.0 162.0
182.0 40.0
201.0 212.0
236.0 40.0
11.0 104.0
194.0 221.0
105.0 238.0
31.0 25.0
222.0 13.0
37.0 97.0
27.0 36.0
43.0 20.0
34.0 170.0
157.0 196.0
152.0 14.0
42.0 197.0
49.0 77.0
152.0 163.0
205.0 80.0
160.0 162.0
202.0 229.0
73.0 245.0
11.0 130.0
161.0 217.0
217.0 201.0
77.0 251.0
33.0 183.0
146.0 203.0
180.0 236.0
86.0 167.0
113.0 48.0
44.0 255.0
58.0 143.0
35.0 233.0
182.0 125.0
54.0 141.0
38.0 185.0
127.0 172.0
153.0 14.0
113.0 22.0
103.0 39.0
203.0 147.0
50.0 10.0
56.0 14.0
161.0 234.0
96.0 103.0
70.0 119.0
81.0 201.0
150.0 175.0
88.0 84.0
135.0 7.0
122.0 207.0
222.0 129.0
132.0 207.0
103.0 183.0
43.0 176.0
136.0 63.0
169.0 102.0
254.0 134.0
8.0 105.0
223.0 186.0
185.0 237.0
157.0 195.0
130.0 71.0
79.0 94.0
144.0 239.0
64.0 101.0
80.0 40.0
76.0 110.0
148.0 92.0
213.0 63.0
217.0 106.0
83.0 243.0
216.0 68.0
130.0 228.0
168.0 43.0
27.0 89.0
60.0 45.0
86.0 194.0
202.0 29.0
154.0 86.0
200.0 66.0
83.0 161.0
14.0 188.0
126.0 234.0
113.0 16.0
211.0 118.0
98.0 79.0
76.0 145.0
188.0 56.0
65.0 171.0
6.0 214.0
251.0 73.0
231.0 165.0
12.0 174.0
187.0 45.0
101.0 19.0
32.0 193.0
9.0 238.0
240.0 233.0
218.0 81.0
203.0 37.0
66.0 29.0
223.0 119.0
210.0 105.0
127.0 40.0
211.0 221.0
139.0 243.0
183.0 75.0
127.0 43.0
112.0 230.0
220.0 60.0
164.0 104.0
29.0 172.0
224.0 84.0
141.0 200.0
113.0 114.0
181.0 232.0
77.0 99.0
33.0 180.0
146.0 124.0
115.0 127.0
76.0 178.0
183.0 159.0
77.0 254.0
185.0 125.0
209.0 165.0
17.0 139.0
195.0 59.0
64.0 142.0
20.0 84.0
24.0 222.0
90.0 93.0
247.0 130.0
230.0 173.0
233.0 50.0
213.0 50.0
148.0 220.0
130.0 42.0
104.0 54.0
14.0 139.0
204.0 247.0
104.0 150.0
234.0 148.0
27.0 22.0
88.0 249.0
195.0 152.0
229.0 207.0
45.0 240.0
141.0 109.0
53.0 40.0
144.0 21.0
14.0 235.0
215.0 183.0
160.0 183.0
71.0 7.0
236.0 65.0
204.0 61.0
195.0 143.0
68.0 156.0
52.0 219.0
220.0 51.0
166.0 151.0
221.0 250.0
99.0 162.0
245.0 72.0
206.0 115.0
50.0 46.0
18.0 198.0
166.0 254.0
117.0 253.0
61.0 230.0
11.0 69.0
18.0 193.0
66.0 47.0
107.0 106.0
93.0 133.0
118.0 191.0
71.0 66.0
195.0 48.0
189.0 249.0
184.0 102.0
101.0 87.0
60.0 161.0
167.0 38.0
49.0 201.0
215.0 105.0
199.0 254.0
227.0 67.0
145.0 168.0
98.0 134.0
189.0 232.0
245.0 148.0
71.0 53.0
110.0 154.0
178.0 57.0
184.0 101.0
174.0 131.0
232.0 91.0
196.0 147.0
230.0 103.0
226.0 253.0
41.0 193.0
128.0 77.0
251.0 256.0
111.0 57.0
58.0 193.0
238.0 214.0
222.0 238.0
96.0 181.0
148.0 114.0
130.0 173.0
221.0 184.0
130.0 111.0
47.0 122.0
254.0 192.0
151.0 150.0
214.0 4.0
147.0 8.0
90.0 83.0
22.0 36.0
58.0 156.0
212.0 213.0
130.0 100.0
218.0 111.0
50.0 196.0
81.0 10.0
46.0 126.0
70.0 251.0
14.0 160.0
31.0 200.0
153.0 56.0
151.0 12.0
44.0 76.0
163.0 218.0
45.0 211.0
163.0 178.0
102.0 147.0
177.0 34.0
40.0 214.0
11.0 140.0
219.0 198.0
168.0 165.0
59.0 162.0
224.0 248.0
183.0 240.0
74.0 22.0
34.0 232.0
81.0 7.0
100.0 30.0
137.0 102.0
7.0 109.0
68.0 224.0
189.0 251.0
10.0 12.0
43.0 76.0
48.0 7.0
187.0 196.0
145.0 97.0
37.0 189.0
8.0 239.0
5.0 73.0
60.0 146.0
116.0 119.0
18.0 112.0
244.0 44.0
139.0 202.0
165.0 55.0
16.0 168.0
184.0 158.0
74.0 187.0
210.0 60.0
66.0 143.0
166.0 11.0
76.0 168.0
191.0 209.0
186.0 54.0
189.0 42.0
229.0 142.0
40.0 172.0
129.0 112.0
138.0 62.0
125.0 241.0
210.0 125.0
21.0 104.0
233.0 182.0
134.0 201.0
223.0 69.0
183.0 114.0
114.0 191.0
197.0 251.0
166.0 219.0
42.0 225.0
153.0 115.0
15.0 5.0
237.0 82.0
7.0 33.0
120.0 220.0
18.0 35.0
211.0 94.0
178.0 154.0
112.0 173.0
202.0 203.0
211.0 178.0
248.0 57.0
87.0 182.0
25.0 149.0
158.0 130.0
254.0 126.0
118.0 9.0
165.0 80.0
9.0 180.0
37.0 32.0
44.0 248.0
74.0 166.0
200.0 113.0
17.0 121.0
80.0 191.0
150.0 11.0
118.0 73.0
198.0 85.0
75.0 231.0
206.0 10.0
249.0 186.0
234.0 154.0
214.0 101.0
77.0 212.0
139.0 103.0
234.0 91.0
130.0 142.0
232.0 131.0
30.0 116.0
109.0 159.0
224.0 159.0
53.0 45.0
40.0 198.0
158.0 196.0
119.0 62.0
120.0 226.0
25.0 114.0
235.0 141.0
78.0 95.0
153.0 170.0
253.0 204.0
108.0 152.0
76.0 79.0
210.0 19.0
224.0 233.0
156.0 188.0
69.0 35.0
44.0 219.0
81.0 176.0
44.0 200.0
155.0 32.0
228.0 118.0
168.0 58.0
194.0 11.0
210.0 174.0
159.0 62.0
154.0 231.0
252.0 49.0
151.0 77.0
113.0 169.0
79.0 215.0
111.0 57.0
175.0 222.0
172.0 118.0
207.0 221.0
159.0 124.0
120.0 50.0
174.0 86.0
49.0 220.0
93.0 194.0
66.0 189.0
66.0 237.0
182.0 219.0
207.0 167.0
40.0 162.0
28.0 85.0
18.0 85.0
13.0 202.0
233.0 230.0
235.0 153.0
103.0 53.0
50.0 124.0
49.0 233.0
140.0 30.0
100.0 44.0
52.0 54.0
168.0 47.0
161.0 216.0
69.0 172.0
54.0 105.0
219.0 24.0
134.0 98.0
187.0 55.0
92.0 64.0
184.0 98.0
154.0 233.0
10.0 60.0
111.0 158.0
178.0 84.0
199.0 7.0
150.0 122.0
194.0 36.0
202.0 137.0
145.0 91.0
36.0 219.0
18.0 94.0
24.0 199.0
43.0 40.0
66.0 192.0
127.0 15.0
51.0 51.0
56.0 185.0
85.0 216.0
172.0 143.0
50.0 138.0
157.0 154.0
35.0 103.0
227.0 86.0
123.0 253.0
223.0 196.0
143.0 34.0
70.0 155.0
38.0 211.0
156.0 140.0
56.0 90.0
42.0 247.0
54.0 164.0
138.0 144.0
9.0 241.0
122.0 121.0
111.0 142.0
165.0 94.0
195.0 118.0
65.0 73.0
250.0 234.0
233.0 24.0
147.0 235.0
33.0 14.0
160.0 253.0
26.0 204.0
92.0 18.0
13.0 215.0
202.0 34.0
14.0 244.0
75.0 19.0
240.0 175.0
61.0 214.0
67.0 105.0
20.0 187.0
170.0 191.0
124.0 154.0
219.0 136.0
92.0 72.0
172.0 23.0
228.0 96.0
187.0 26.0
245.0 96.0
56.0 20.0
153.0 181.0
64.0 18.0
49.0 8.0
57.0 85.0
213.0 250.0
248.0 31.0
219.0 129.0
147.0 128.0
105.0 218.0
44.0 75.0
181.0 68.0
59.0 70.0
116.0 244.0
25.0 44.0
65.0 207.0
148.0 102.0
57.0 227.0
41.0 59.0
17.0 154.0
209.0 12.0
82.0 99.0
239.0 202.0
151.0 240.0
109.0 233.0
226.0 187.0
250.0 34.0
98.0 195.0
165.0 238.0
77.0 112.0
123.0 13.0
193.0 152.0
66.0 137.0
169.0 49.0
169.0 198.0
241.0 62.0
29.0 133.0
252.0 220.0
72.0 90.0
196.0 193.0
24.0 177.0
44.0 31.0
146.0 14.0
141.0 44.0
218.0 226.0
104.0 186.0
106.0 168.0
202.0 82.0
241.0 206.0
186.0 194.0
245.0 156.0
8.0 153.0
161.0 81.0
214.0 98.0
124.0 224.0
89.0 208.0
64.0 118.0
243.0 105.0
165.0 249.0
49.0 220.0
51.0 9.0
31.0 180.0
253.0 130.0
202.0 145.0
106.0 209.0
114.0 49.0
238.0 209.0
229.0 78.0
155.0 92.0
229.0 160.0
223.0 115.0
30.0 218.0
203.0 111.0
230.0 57.0
217.0 106.0
120.0 24.0
199.0 8.0
129.0 209.0
91.0 77.0
201.0 157.0
208.0 24.0
108.0 251.0
150.0 111.0
46.0 133.0
61.0 182.0
170.0 187.0
249.0 155.0
39.0 29.0
80.0 28.0
246.0 242.0
43.0 6.0
50.0 107.0
11.0 242.0
208.0 197.0
6.0 163.0
194.0 17.0
48.0 185.0
74.0 100.0
105.0 247.0
175.0 184.0
46.0 48.0
123.0 223.0
234.0 43.0
54.0 236.0
87.0 224.0
211.0 135.0
52.0 92.0
44.0 136.0
246.0 9.0
229.0 44.0
78.0 169.0
16.0 121.0
193.0 27.0
32.0 229.0
210.0 52.0
22.0 58.0
238.0 243.0
251.0 250.0
220.0 186.0
26.0 134.0
235.0 188.0
73.0 251.0
194.0 138.0
167.0 217.0
175.0 31.0
138.0 39.0
205.0 179.0
204.0 23.0
117.0 119.0
203.0 13.0
149.0 179.0
18.0 229.0
72.0 88.0
138.0 95.0
100.0 133.0
32.0 142.0
243.0 224.0
164.0 50.0
47.0 210.0
184.0 42.0
177.0 139.0
236.0 24.0
182.0 234.0
90.0 102.0
59.0 156.0
122.0 225.0
46.0 157.0
235.0 223.0
155.0 76.0
129.0 95.0
225.0 214.0
120.0 204.0
144.0 102.0
57.0 112.0
173.0 92.0
177.0 70.0
102.0 162.0
16.0 59.0
68.0 7.0
147.0 224.0
124.0 152.0
227.0 220.0
54.0 54.0
224.0 28.0
105.0 52.0
204.0 14.0
11.0 226.0
159.0 213.0
140.0 230.0
158.0 36.0
218.0 183.0
138.0 177.0
117.0 119.0
24.0 88.0
29.0 206.0
105.0 157.0
137.0 76.0
229.0 87.0
210.0 151.0
129.0 19.0
154.0 114.0
63.0 198.0
30.0 87.0
199.0 164.0
200.0 62.0
56.0 122.0
14.0 178.0
70.0 83.0
49.0 109.0
204.0 98.0
196.0 245.0
44.0 235.0
232.0 34.0
194.0 58.0
43.0 94.0
30.0 108.0
11.0 33.0
234.0 253.0
122.0 250.0
62.0 83.0
161.0 14.0
138.0 20.0
184.0 220.0
97.0 253.0
255.0 240.0
6.0 34.0
16.0 160.0
245.0 24.0
227.0 174.0
157.0 183.0
169.0 65.0
48.0 169.0
196.0 169.0
172.0 200.0
232.0 117.0
203.0 182.0
82.0 137.0
175.0 159.0
238.0 71.0
53.0 76.0
203.0 40.0
229.0 218.0
93.0 13.0
42.0 236.0
199.0 103.0
222.0 235.0
143.0 192.0
198.0 202.0
159.0 130.0
116.0 135.0
32.0 209.0
49.0 17.0
92.0 15.0
188.0 139.0
182.0 19.0
89.0 11.0
93.0 110.0
133.0 7.0
55.0 72.0
179.0 134.0
104.0 55.0
158.0 134.0
65.0 223.0
236.0 241.0
120.0 187.0
181.0 155.0
254.0 71.0
117.0 171.0
246.0 190.0
35.0 169.0
105.0 54.0
33.0 17.0
195.0 60.0
33.0 213.0
146.0 202.0
155.0 208.0
121.0 47.0
254.0 100.0
178.0 173.0
19.0 19.0
175.0 194.0
216.0 15.0
53.0 192.0
106.0 147.0
128.0 75.0
26.0 217.0
52.0 17.0
227.0 211.0
205.0 149.0
151.0 15.0
75.0 51.0
74.0 87.0
8.0 50.0
174.0 78.0
220.0 251.0
89.0 139.0
145.0 238.0
157.0 41.0
101.0 168.0
246.0 43.0
189.0 115.0
13.0 176.0
104.0 24.0
142.0 32.0
92.0 220.0
222.0 112.0
134.0 210.0
11.0 195.0
195.0 150.0
53.0 142.0
23.0 28.0
50.0 227.0
181.0 73.0
125.0 49.0
195.0 115.0
154.0 220.0
119.0 199.0
252.0 32.0
249.0 132.0
213.0 151.0
216.0 95.0
93.0 162.0
27.0 114.0
93.0 176.0
150.0 213.0
99.0 166.0
120.0 82.0
149.0 108.0
114.0 20.0
31.0 252.0
106.0 84.0
188.0 205.0
181.0 85.0
245.0 27.0
215.0 246.0
214.0 143.0
156.0 253.0
69.0 169.0
236.0 219.0
114.0 46.0
215.0 44.0
199.0 232.0
91.0 182.0
133.0 207.0
52.0 131.0
170.0 181.0
178.0 229.0
42.0 112.0
78.0 53.0
98.0 63.0
87.0 29.0
88.0 145.0
74.0 247.0
31.0 166.0
120.0 157.0
136.0 122.0
215.0 64.0
20.0 53.0
177.0 191.0
109.0 231.0
244.0 109.0
82.0 97.0
184.0 210.0
104.0 57.0
32.0 67.0
125.0 135.0
151.0 87.0
56.0 27.0
77.0 96.0
14.0 116.0
14.0 166.0
82.0 170.0
61.0 208.0
103.0 125.0
107.0 232.0
129.0 59.0
163.0 221.0
146.0 150.0
171.0 115.0
51.0 65.0
168.0 204.0
187.0 232.0
245.0 105.0
224.0 42.0
40.0 226.0
79.0 91.0
84.0 231.0
98.0 80.0
101.0 99.0
224.0 155.0
226.0 103.0
61.0 178.0
130.0 210.0
187.0 51.0
73.0 129.0
208.0 242.0
82.0 53.0
59.0 247.0
112.0 34.0
177.0 11.0
242.0 112.0
157.0 171.0
178.0 19.0
149.0 28.0
216.0 215.0
238.0 215.0
83.0 196.0
174.0 88.0
144.0 212.0
82.0 233.0
51.0 186.0
144.0 190.0
215.0 140.0
19.0 158.0
6.0 245.0
82.0 213.0
185.0 215.0
145.0 113.0
168.0 26.0
121.0 139.0
181.0 39.0
191.0 158.0
32.0 147.0
249.0 214.0
246.0 159.0
89.0 14.0
99.0 140.0
23.0 157.0
199.0 78.0
212.0 178.0
34.0 187.0
52.0 72.0
223.0 116.0
15.0 24.0
72.0 4.0
173.0 149.0
6.0 238.0
157.0 32.0
85.0 21.0
177.0 75.0
118.0 213.0
230.0 5.0
146.0 184.0
210.0 221.0
204.0 248.0
234.0 169.0
15.0 69.0
221.0 55.0
145.0 213.0
169.0 12.0
137.0 125.0
89.0 73.0
47.0 72.0
101.0 249.0
21.0 203.0
64.0 188.0
186.0 164.0
119.0 41.0
160.0 251.0
124.0 187.0
41.0 205.0
254.0 63.0
86.0 4.0
118.0 95.0
35.0 108.0
25.0 102.0
195.0 126.0
127.0 112.0
101.0 49.0
227.0 243.0
225.0 80.0
78.0 254.0
218.0 99.0
78.0 77.0
241.0 185.0
77.0 14.0
19.0 84.0
101.0 29.0
34.0 190.0
19.0 245.0
120.0 37.0
138.0 164.0
19.0 255.0
126.0 81.0
11.0 105.0
78.0 134.0
51.0 197.0
50.0 42.0
176.0 64.0
220.0 116.0
236.0 163.0
143.0 214.0
44.0 31.0
118.0 122.0
174.0 61.0
28.0 107.0
127.0 29.0
36.0 56.0
174.0 153.0
101.0 56.0
14.0 10.0
141.0 144.0
163.0 171.0
83.0 78.0
74.0 240.0
81.0 107.0
78.0 95.0
248.0 39.0
214.0 107.0
24.0 209.0
179.0 208.0
204.0 234.0
123.0 67.0
78.0 61.0
114.0 39.0
104.0 50.0
104.0 30.0
193.0 21.0
148.0 106.0
146.0 50.0
68.0 81.0
186.0 132.0
141.0 47.0
22.0 117.0
177.0 195.0
248.0 135.0
191.0 41.0
143.0 45.0
136.0 10.0
57.0 23.0
36.0 117.0
60.0 175.0
109.0 87.0
160.0 180.0
106.0 11.0
179.0 216.0
68.0 10.0
180.0 44.0
97.0 151.0
157.0 141.0
234.0 185.0
44.0 127.0
176.0 206.0
90.0 250.0
235.0 250.0
53.0 42.0
234.0 243.0
136.0 52.0
76.0 192.0
212.0 138.0
14.0 209.0
195.0 82.0
86.0 56.0
161.0 152.0
9.0 26.0
254.0 17.0
191.0 113.0
88.0 215.0
14.0 243.0
35.0 246.0
