1
2048 1 3.0 0.0 1000.0 3 160 240 100

6.5 13.5 29.3 58.5
13.0 27.0 58.5 117.0
19.5 40.5 87.8 175.5
26.0 54.0 117.0 234.0
39.0 81.0 175.5 351.0
52.0 108.0 234.0 468.0
58.5 121.5 263.3 526.5
65.0 135.0 292.5 585.0
78.0 162.0 351.0 702.0
0.0 180.0 390.0 780.0

2.0 5.0 8.0 11.0
5.0 8.0 11.0 14.0
9.0 12.0 15.0 18.0
11.0 14.0 17.0 20.0
15.0 18.0 21.0 24.0
18.0 21.0 24.0 27.0
20.0 23.0 26.0 29.0
25.0 28.0 31.0 34.0
29.0 32.0 35.0 38.0
0.0 34.0 37.0 40.0

198.0 228.0
157.0 110.0
213.0 8.0
249.0 109.0
138.0 204.0
11.0 48.0
4.0 107.0
198.0 9.0
146.0 101.0
72.0 3.0
217.0 171.0
192.0 114.0
26.0 50.0
221.0 10.0
132.0 156.0
63.0 87.0
200.0 239.0
8.0 124.0
169.0 3.0
82.0 83.0
108.0 19.0
141.0 40.0
194.0 66.0
46.0 41.0
60.0 79.0
77.0 209.0
77.0 212.0
40.0 37.0
174.0 101.0
113.0 78.0
161.0 179.0
4.0 66.0
19.0 4.0
87.0 79.0
244.0 104.0
226.0 138.0
96.0 145.0
67.0 234.0
207.0 69.0
136.0 55.0
24.0 122.0
154.0 15.0
166.0 55.0
24.0 3.0
56.0 35.0
29.0 68.0
14.0 173.0
70.0 75.0
59.0 91.0
111.0 192.0
236.0 48.0
35.0 102.0
74.0 178.0
200.0 183.0
127.0 234.0
20.0 171.0
84.0 21.0
244.0 178.0
13.0 25.0
137.0 203.0
111.0 61.0
87.0 125.0
137.0 55.0
246.0 213.0
35.0 175.0
84.0 242.0
52.0 43.0
104.0 135.0
224.0 109.0
206.0 104.0
164.0 68.0
81.0 72.0
145.0 0.0
8.0 227.0
48.0 2.0
40.0 117.0
39.0 119.0
89.0 18.0
157.0 212.0
23.0 98.0
69.0 200.0
159.0 233.0
47.0 179.0
122.0 142.0
37.0 241.0
108.0 46.0
8.0 128.0
134.0 165.0
74.0 139.0
175.0 120.0
207.0 78.0
161.0 179.0
150.0 40.0
115.0 51.0
228.0 161.0
2.0 28.0
46.0 44.0
230.0 59.0
135.0 94.0
222.0 186.0
168.0 102.0
135.0 47.0
181.0 183.0
25.0 242.0
52.0 30.0
142.0 163.0
31.0 230.0
53.0 188.0
216.0 215.0
131.0 227.0
138.0 217.0
240.0 146.0
217.0 181.0
37.0 165.0
138.0 140.0
85.0 158.0
34.0 108.0
75.0 54.0
137.0 132.0
235.0 152.0
170.0 197.0
81.0 172.0
20.0 225.0
238.0 225.0
76.0 3.0
87.0 165.0
159.0 152.0
104.0 107.0
43.0 101.0
20.0 217.0
135.0 45.0
39.0 183.0
169.0 228.0
130.0 86.0
114.0 166.0
231.0 208.0
39.0 9.0
37.0 138.0
235.0 41.0
61.0 67.0
234.0 148.0
21.0 10.0
146.0 116.0
124.0 237.0
56.0 216.0
167.0 10.0
66.0 75.0
162.0 42.0
73.0 149.0
9.0 143.0
237.0 182.0
68.0 103.0
134.0 90.0
30.0 141.0
145.0 26.0
46.0 99.0
212.0 194.0
156.0 101.0
142.0 44.0
91.0 201.0
203.0 30.0
118.0 135.0
83.0 202.0
133.0 77.0
64.0 188.0
39.0 130.0
117.0 196.0
239.0 77.0
152.0 238.0
155.0 12.0
235.0 65.0
241.0 229.0
150.0 149.0
8.0 132.0
227.0 76.0
164.0 165.0
203.0 51.0
13.0 143.0
152.0 16.0
83.0 115.0
131.0 207.0
12.0 9.0
204.0 10.0
29.0 77.0
107.0 87.0
189.0 250.0
103.0 245.0
74.0 52.0
160.0 147.0
232.0 66.0
123.0 217.0
217.0 212.0
143.0 204.0
100.0 210.0
153.0 140.0
199.0 125.0
34.0 28.0
34.0 224.0
140.0 125.0
113.0 173.0
187.0 21.0
186.0 184.0
62.0 16.0
201.0 15.0
175.0 112.0
227.0 53.0
42.0 3.0
191.0 2.0
87.0 249.0
79.0 47.0
235.0 143.0
72.0 135.0
157.0 97.0
134.0 109.0
108.0 153.0
162.0 221.0
104.0 88.0
82.0 138.0
244.0 106.0
112.0 81.0
55.0 176.0
234.0 90.0
37.0 164.0
197.0 192.0
169.0 188.0
209.0 69.0
162.0 205.0
51.0 144.0
106.0 145.0
107.0 51.0
184.0 232.0
192.0 30.0
194.0 165.0
46.0 96.0
200.0 187.0
229.0 140.0
181.0 88.0
193.0 185.0
109.0 39.0
117.0 94.0
202.0 188.0
158.0 57.0
169.0 29.0
94.0 40.0
67.0 107.0
121.0 161.0
190.0 193.0
163.0 23.0
18.0 121.0
81.0 114.0
249.0 37.0
9.0 177.0
65.0 131.0
90.0 26.0
51.0 239.0
207.0 95.0
24.0 237.0
104.0 70.0
65.0 8.0
121.0 8.0
151.0 30.0
69.0 178.0
46.0 220.0
88.0 150.0
220.0 231.0
129.0 235.0
86.0 204.0
45.0 186.0
195.0 37.0
60.0 138.0
58.0 63.0
196.0 67.0
104.0 62.0
86.0 113.0
78.0 138.0
111.0 201.0
249.0 244.0
167.0 144.0
117.0 16.0
126.0 58.0
118.0 92.0
165.0 152.0
127.0 173.0
169.0 80.0
140.0 148.0
238.0 53.0
70.0 159.0
139.0 29.0
142.0 45.0
107.0 49.0
214.0 182.0
210.0 148.0
134.0 21.0
58.0 59.0
71.0 217.0
190.0 247.0
66.0 33.0
57.0 126.0
114.0 25.0
51.0 108.0
152.0 82.0
112.0 219.0
130.0 192.0
17.0 69.0
166.0 132.0
236.0 13.0
101.0 82.0
77.0 173.0
61.0 240.0
161.0 49.0
226.0 56.0
44.0 241.0
48.0 33.0
163.0 145.0
216.0 105.0
52.0 20.0
14.0 146.0
123.0 170.0
233.0 5.0
93.0 1.0
143.0 250.0
207.0 74.0
99.0 127.0
238.0 54.0
118.0 53.0
27.0 32.0
154.0 27.0
160.0 249.0
34.0 136.0
182.0 90.0
131.0 186.0
77.0 230.0
146.0 1.0
19.0 185.0
176.0 32.0
7.0 30.0
72.0 221.0
23.0 155.0
143.0 113.0
188.0 193.0
80.0 47.0
188.0 127.0
30.0 48.0
62.0 78.0
79.0 108.0
8.0 151.0
185.0 131.0
174.0 228.0
202.0 76.0
202.0 203.0
164.0 218.0
133.0 170.0
90.0 177.0
57.0 190.0
103.0 12.0
242.0 24.0
8.0 160.0
7.0 73.0
236.0 127.0
185.0 49.0
176.0 110.0
81.0 237.0
188.0 57.0
137.0 247.0
176.0 234.0
85.0 239.0
158.0 175.0
178.0 153.0
70.0 222.0
153.0 44.0
128.0 130.0
136.0 182.0
103.0 91.0
31.0 140.0
212.0 25.0
222.0 161.0
108.0 106.0
236.0 146.0
31.0 4.0
106.0 177.0
1.0 179.0
189.0 48.0
226.0 104.0
35.0 97.0
229.0 96.0
227.0 173.0
2.0 26.0
128.0 163.0
56.0 219.0
96.0 44.0
58.0 171.0
227.0 4.0
47.0 30.0
59.0 222.0
41.0 90.0
173.0 225.0
150.0 129.0
247.0 36.0
148.0 202.0
133.0 169.0
223.0 90.0
121.0 41.0
245.0 173.0
103.0 242.0
149.0 16.0
170.0 111.0
132.0 74.0
217.0 173.0
159.0 196.0
235.0 25.0
80.0 184.0
227.0 85.0
241.0 225.0
57.0 178.0
14.0 80.0
38.0 246.0
1.0 213.0
201.0 30.0
213.0 125.0
171.0 134.0
107.0 208.0
214.0 191.0
157.0 238.0
23.0 184.0
202.0 220.0
150.0 241.0
150.0 65.0
61.0 98.0
134.0 196.0
78.0 177.0
79.0 178.0
58.0 84.0
156.0 99.0
212.0 109.0
200.0 178.0
19.0 159.0
203.0 192.0
29.0 74.0
69.0 79.0
141.0 136.0
132.0 175.0
245.0 99.0
240.0 88.0
220.0 168.0
36.0 22.0
38.0 136.0
111.0 176.0
92.0 229.0
30.0 177.0
128.0 246.0
43.0 36.0
13.0 158.0
104.0 199.0
106.0 150.0
120.0 82.0
84.0 125.0
198.0 10.0
115.0 32.0
180.0 97.0
105.0 173.0
100.0 101.0
32.0 213.0
245.0 160.0
230.0 183.0
59.0 85.0
4.0 69.0
218.0 224.0
52.0 153.0
225.0 209.0
231.0 75.0
228.0 223.0
235.0 160.0
51.0 216.0
112.0 95.0
244.0 89.0
73.0 134.0
30.0 161.0
124.0 41.0
84.0 35.0
109.0 64.0
132.0 79.0
74.0 36.0
195.0 2.0
166.0 14.0
81.0 114.0
85.0 188.0
81.0 130.0
196.0 75.0
92.0 234.0
194.0 125.0
249.0 130.0
41.0 125.0
179.0 173.0
200.0 141.0
49.0 190.0
10.0 26.0
186.0 203.0
111.0 93.0
38.0 33.0
119.0 124.0
140.0 130.0
94.0 170.0
236.0 243.0
141.0 195.0
71.0 123.0
31.0 159.0
158.0 16.0
84.0 190.0
151.0 17.0
66.0 85.0
235.0 162.0
214.0 167.0
61.0 199.0
19.0 94.0
9.0 38.0
9.0 40.0
171.0 217.0
36.0 211.0
223.0 236.0
168.0 248.0
193.0 225.0
103.0 94.0
181.0 189.0
38.0 2.0
157.0 146.0
55.0 160.0
7.0 49.0
98.0 200.0
102.0 172.0
191.0 211.0
167.0 221.0
125.0 158.0
97.0 238.0
134.0 175.0
143.0 174.0
151.0 31.0
217.0 77.0
52.0 104.0
127.0 152.0
102.0 35.0
109.0 250.0
123.0 33.0
105.0 175.0
243.0 108.0
10.0 7.0
108.0 97.0
221.0 175.0
41.0 129.0
99.0 124.0
166.0 11.0
25.0 179.0
87.0 72.0
61.0 75.0
36.0 53.0
4.0 132.0
191.0 221.0
230.0 168.0
206.0 165.0
244.0 4.0
31.0 68.0
190.0 27.0
191.0 55.0
130.0 50.0
223.0 21.0
213.0 40.0
62.0 169.0
173.0 99.0
206.0 45.0
147.0 138.0
78.0 159.0
123.0 242.0
36.0 116.0
147.0 54.0
65.0 224.0
217.0 53.0
246.0 107.0
110.0 165.0
152.0 198.0
206.0 215.0
128.0 234.0
185.0 45.0
5.0 15.0
17.0 163.0
63.0 186.0
8.0 124.0
167.0 159.0
198.0 147.0
32.0 68.0
1.0 43.0
143.0 249.0
246.0 60.0
181.0 22.0
144.0 119.0
97.0 115.0
216.0 173.0
57.0 164.0
74.0 13.0
36.0 242.0
221.0 154.0
147.0 205.0
139.0 242.0
113.0 222.0
199.0 231.0
97.0 124.0
40.0 159.0
167.0 69.0
82.0 141.0
234.0 37.0
181.0 25.0
127.0 32.0
233.0 226.0
5.0 116.0
97.0 39.0
152.0 36.0
26.0 66.0
228.0 198.0
96.0 217.0
145.0 112.0
201.0 5.0
19.0 201.0
229.0 236.0
244.0 207.0
109.0 210.0
11.0 227.0
222.0 114.0
187.0 232.0
235.0 138.0
14.0 220.0
238.0 108.0
161.0 242.0
108.0 24.0
214.0 67.0
100.0 205.0
15.0 107.0
237.0 25.0
56.0 246.0
95.0 78.0
218.0 54.0
194.0 142.0
180.0 172.0
232.0 130.0
174.0 212.0
211.0 49.0
25.0 93.0
95.0 8.0
29.0 24.0
175.0 193.0
244.0 177.0
139.0 204.0
98.0 154.0
152.0 55.0
43.0 149.0
82.0 123.0
18.0 28.0
40.0 185.0
69.0 127.0
245.0 244.0
29.0 104.0
9.0 137.0
226.0 5.0
232.0 246.0
238.0 31.0
75.0 194.0
48.0 26.0
66.0 221.0
245.0 45.0
200.0 233.0
238.0 162.0
152.0 108.0
12.0 239.0
36.0 125.0
19.0 186.0
211.0 215.0
99.0 83.0
191.0 39.0
160.0 42.0
34.0 207.0
130.0 63.0
139.0 21.0
43.0 156.0
202.0 185.0
132.0 69.0
147.0 231.0
176.0 60.0
135.0 235.0
109.0 153.0
108.0 202.0
239.0 193.0
100.0 57.0
231.0 34.0
131.0 5.0
68.0 18.0
54.0 72.0
15.0 232.0
39.0 200.0
188.0 67.0
193.0 112.0
115.0 185.0
127.0 173.0
22.0 52.0
83.0 81.0
106.0 6.0
73.0 20.0
150.0 158.0
4.0 202.0
126.0 217.0
118.0 73.0
249.0 145.0
117.0 231.0
19.0 126.0
137.0 205.0
84.0 133.0
102.0 16.0
80.0 183.0
236.0 46.0
170.0 202.0
121.0 17.0
44.0 219.0
240.0 216.0
244.0 171.0
236.0 166.0
191.0 179.0
209.0 222.0
157.0 190.0
170.0 200.0
187.0 226.0
88.0 126.0
75.0 13.0
19.0 78.0
44.0 94.0
139.0 117.0
96.0 87.0
45.0 115.0
61.0 61.0
9.0 121.0
181.0 66.0
185.0 208.0
141.0 168.0
77.0 46.0
3.0 145.0
138.0 29.0
83.0 69.0
189.0 74.0
100.0 70.0
156.0 55.0
5.0 113.0
170.0 95.0
209.0 215.0
179.0 70.0
237.0 63.0
225.0 172.0
143.0 84.0
166.0 250.0
98.0 50.0
117.0 161.0
106.0 136.0
18.0 219.0
144.0 159.0
235.0 107.0
47.0 29.0
204.0 197.0
48.0 5.0
185.0 46.0
203.0 186.0
223.0 109.0
202.0 183.0
31.0 82.0
185.0 40.0
19.0 37.0
195.0 219.0
44.0 122.0
247.0 91.0
238.0 140.0
30.0 136.0
113.0 132.0
99.0 144.0
182.0 162.0
194.0 22.0
160.0 55.0
157.0 108.0
107.0 157.0
233.0 220.0
214.0 249.0
84.0 233.0
217.0 54.0
179.0 14.0
248.0 88.0
18.0 153.0
4.0 189.0
224.0 185.0
163.0 79.0
93.0 114.0
38.0 177.0
0.0 68.0
45.0 144.0
140.0 11.0
88.0 250.0
109.0 227.0
62.0 173.0
196.0 113.0
209.0 186.0
8.0 133.0
140.0 234.0
177.0 92.0
154.0 206.0
138.0 206.0
23.0 58.0
113.0 244.0
1.0 202.0
165.0 111.0
116.0 182.0
59.0 11.0
109.0 199.0
212.0 175.0
215.0 116.0
51.0 193.0
29.0 138.0
206.0 43.0
10.0 165.0
243.0 222.0
6.0 140.0
210.0 221.0
232.0 27.0
101.0 110.0
184.0 100.0
125.0 100.0
76.0 53.0
13.0 222.0
142.0 6.0
125.0 118.0
13.0 23.0
209.0 217.0
144.0 93.0
213.0 151.0
124.0 82.0
106.0 62.0
216.0 211.0
9.0 44.0
83.0 206.0
200.0 225.0
184.0 43.0
162.0 127.0
156.0 66.0
142.0 174.0
48.0 27.0
238.0 108.0
100.0 178.0
113.0 69.0
57.0 129.0
237.0 212.0
78.0 195.0
122.0 5.0
121.0 76.0
84.0 192.0
222.0 237.0
110.0 198.0
183.0 180.0
250.0 88.0
216.0 123.0
232.0 223.0
171.0 133.0
98.0 106.0
27.0 125.0
185.0 189.0
156.0 134.0
106.0 246.0
149.0 137.0
217.0 226.0
99.0 240.0
66.0 51.0
3.0 104.0
190.0 155.0
53.0 54.0
158.0 105.0
100.0 127.0
63.0 218.0
194.0 130.0
10.0 150.0
100.0 79.0
180.0 239.0
68.0 218.0
121.0 201.0
146.0 127.0
240.0 99.0
165.0 223.0
21.0 38.0
88.0 43.0
58.0 147.0
202.0 9.0
54.0 183.0
233.0 156.0
13.0 163.0
240.0 169.0
139.0 15.0
235.0 87.0
42.0 14.0
12.0 128.0
153.0 120.0
10.0 137.0
61.0 113.0
75.0 222.0
52.0 15.0
45.0 208.0
191.0 67.0
181.0 110.0
103.0 126.0
224.0 117.0
159.0 134.0
224.0 159.0
110.0 131.0
57.0 198.0
247.0 110.0
145.0 162.0
249.0 48.0
172.0 53.0
175.0 32.0
176.0 27.0
146.0 206.0
207.0 82.0
31.0 65.0
33.0 55.0
71.0 204.0
221.0 165.0
128.0 188.0
201.0 187.0
113.0 242.0
3.0 125.0
163.0 82.0
170.0 84.0
231.0 204.0
144.0 91.0
56.0 63.0
9.0 184.0
32.0 109.0
15.0 146.0
84.0 208.0
144.0 88.0
175.0 62.0
8.0 117.0
200.0 32.0
222.0 173.0
3.0 77.0
173.0 155.0
146.0 115.0
183.0 35.0
50.0 141.0
132.0 210.0
1.0 17.0
160.0 158.0
29.0 158.0
129.0 39.0
18.0 148.0
96.0 166.0
186.0 139.0
108.0 116.0
156.0 187.0
185.0 44.0
150.0 8.0
182.0 70.0
144.0 182.0
26.0 202.0
136.0 160.0
128.0 25.0
239.0 223.0
112.0 250.0
145.0 142.0
20.0 223.0
23.0 37.0
17.0 118.0
30.0 77.0
135.0 43.0
135.0 146.0
182.0 140.0
41.0 215.0
12.0 55.0
48.0 213.0
140.0 226.0
247.0 225.0
19.0 226.0
31.0 197.0
94.0 7.0
186.0 114.0
78.0 149.0
155.0 185.0
186.0 66.0
138.0 141.0
147.0 183.0
230.0 46.0
106.0 132.0
134.0 105.0
110.0 117.0
42.0 6.0
165.0 122.0
75.0 128.0
183.0 235.0
17.0 48.0
189.0 141.0
99.0 59.0
212.0 168.0
190.0 230.0
128.0 83.0
51.0 127.0
244.0 139.0
95.0 76.0
1.0 187.0
207.0 220.0
246.0 242.0
208.0 142.0
41.0 188.0
98.0 151.0
94.0 125.0
75.0 150.0
176.0 188.0
80.0 55.0
201.0 198.0
228.0 51.0
224.0 111.0
18.0 31.0
173.0 246.0
41.0 145.0
163.0 128.0
211.0 153.0
109.0 70.0
125.0 148.0
110.0 174.0
176.0 230.0
171.0 34.0
164.0 50.0
141.0 175.0
173.0 191.0
44.0 136.0
40.0 177.0
56.0 120.0
100.0 211.0
177.0 232.0
141.0 45.0
239.0 103.0
121.0 214.0
161.0 47.0
221.0 163.0
221.0 192.0
156.0 122.0
132.0 75.0
185.0 137.0
72.0 34.0
121.0 226.0
67.0 22.0
174.0 209.0
10.0 31.0
20.0 49.0
100.0 140.0
83.0 112.0
84.0 243.0
35.0 92.0
238.0 98.0
125.0 102.0
74.0 132.0
226.0 67.0
95.0 6.0
73.0 50.0
213.0 16.0
219.0 6.0
16.0 205.0
52.0 229.0
129.0 119.0
16.0 119.0
232.0 231.0
17.0 146.0
109.0 83.0
33.0 19.0
152.0 38.0
19.0 66.0
80.0 74.0
12.0 199.0
178.0 137.0
156.0 100.0
168.0 104.0
165.0 129.0
169.0 6.0
77.0 215.0
215.0 186.0
191.0 99.0
170.0 158.0
160.0 68.0
132.0 221.0
19.0 186.0
41.0 233.0
236.0 14.0
207.0 207.0
182.0 217.0
101.0 1.0
3.0 176.0
247.0 176.0
161.0 106.0
177.0 131.0
231.0 205.0
179.0 222.0
116.0 184.0
160.0 123.0
146.0 92.0
233.0 234.0
81.0 154.0
223.0 21.0
118.0 168.0
84.0 236.0
47.0 44.0
41.0 15.0
27.0 166.0
72.0 175.0
16.0 29.0
173.0 86.0
175.0 212.0
142.0 66.0
180.0 4.0
206.0 48.0
128.0 130.0
102.0 93.0
86.0 23.0
46.0 118.0
113.0 183.0
99.0 52.0
163.0 242.0
227.0 141.0
86.0 114.0
177.0 14.0
244.0 231.0
121.0 92.0
105.0 135.0
38.0 75.0
194.0 32.0
167.0 231.0
131.0 216.0
142.0 72.0
35.0 89.0
240.0 40.0
126.0 60.0
8.0 143.0
183.0 177.0
48.0 58.0
82.0 143.0
111.0 248.0
171.0 203.0
168.0 248.0
101.0 180.0
216.0 35.0
239.0 4.0
111.0 16.0
151.0 161.0
70.0 171.0
166.0 14.0
19.0 9.0
124.0 58.0
29.0 10.0
207.0 181.0
151.0 66.0
68.0 109.0
35.0 234.0
33.0 6.0
245.0 194.0
229.0 16.0
40.0 78.0
23.0 80.0
163.0 205.0
9.0 222.0
21.0 22.0
50.0 239.0
182.0 126.0
234.0 112.0
196.0 80.0
134.0 220.0
44.0 8.0
95.0 23.0
80.0 47.0
78.0 187.0
167.0 27.0
141.0 192.0
241.0 90.0
225.0 8.0
113.0 223.0
199.0 17.0
146.0 55.0
199.0 145.0
212.0 25.0
98.0 242.0
213.0 118.0
14.0 54.0
196.0 182.0
66.0 211.0
194.0 140.0
167.0 192.0
239.0 216.0
180.0 55.0
18.0 132.0
103.0 38.0
12.0 29.0
245.0 185.0
216.0 167.0
164.0 221.0
133.0 47.0
222.0 220.0
52.0 144.0
150.0 152.0
139.0 3.0
86.0 230.0
247.0 15.0
127.0 30.0
104.0 11.0
228.0 158.0
144.0 102.0
94.0 89.0
25.0 36.0
47.0 53.0
222.0 128.0
136.0 224.0
109.0 147.0
79.0 236.0
58.0 98.0
200.0 109.0
73.0 168.0
64.0 31.0
127.0 131.0
104.0 186.0
95.0 112.0
61.0 178.0
59.0 144.0
163.0 158.0
34.0 18.0
236.0 48.0
228.0 2.0
49.0 98.0
44.0 60.0
208.0 56.0
45.0 0.0
25.0 56.0
212.0 71.0
67.0 123.0
98.0 70.0
159.0 39.0
88.0 83.0
198.0 78.0
231.0 72.0
157.0 239.0
236.0 29.0
26.0 116.0
222.0 57.0
183.0 133.0
184.0 218.0
70.0 195.0
157.0 118.0
47.0 76.0
138.0 218.0
167.0 237.0
148.0 202.0
126.0 21.0
101.0 13.0
1.0 22.0
0.0 23.0
157.0 234.0
0.0 66.0
61.0 128.0
217.0 181.0
13.0 133.0
221.0 159.0
145.0 70.0
208.0 128.0
93.0 119.0
156.0 138.0
45.0 242.0
90.0 99.0
209.0 35.0
150.0 182.0
33.0 39.0
184.0 129.0
78.0 118.0
214.0 233.0
23.0 50.0
103.0 43.0
60.0 77.0
143.0 196.0
37.0 175.0
44.0 33.0
2.0 163.0
138.0 48.0
94.0 54.0
168.0 197.0
85.0 116.0
94.0 223.0
151.0 188.0
179.0 179.0
21.0 103.0
139.0 152.0
228.0 108.0
249.0 14.0
245.0 36.0
84.0 75.0
75.0 237.0
137.0 73.0
226.0 133.0
133.0 20.0
18.0 59.0
150.0 213.0
8.0 98.0
244.0 42.0
117.0 220.0
61.0 31.0
124.0 51.0
9.0 133.0
232.0 196.0
105.0 74.0
241.0 85.0
179.0 148.0
160.0 134.0
191.0 141.0
178.0 60.0
211.0 140.0
186.0 16.0
191.0 56.0
156.0 26.0
209.0 223.0
189.0 243.0
186.0 29.0
164.0 142.0
133.0 83.0
178.0 45.0
50.0 226.0
71.0 217.0
163.0 27.0
125.0 59.0
242.0 196.0
88.0 246.0
71.0 178.0
231.0 230.0
174.0 244.0
235.0 70.0
249.0 199.0
233.0 137.0
44.0 163.0
162.0 33.0
248.0 172.0
151.0 137.0
250.0 168.0
212.0 10.0
222.0 6.0
79.0 182.0
10.0 179.0
101.0 183.0
138.0 247.0
152.0 213.0
69.0 66.0
82.0 192.0
128.0 166.0
66.0 217.0
110.0 240.0
227.0 24.0
117.0 249.0
30.0 115.0
1.0 197.0
199.0 34.0
98.0 221.0
13.0 66.0
248.0 174.0
133.0 210.0
166.0 219.0
168.0 95.0
29.0 247.0
15.0 55.0
214.0 241.0
63.0 147.0
194.0 39.0
165.0 223.0
137.0 0.0
86.0 202.0
91.0 132.0
219.0 26.0
186.0 65.0
147.0 80.0
98.0 76.0
216.0 181.0
90.0 140.0
67.0 44.0
246.0 111.0
182.0 191.0
83.0 132.0
8.0 104.0
45.0 233.0
76.0 211.0
183.0 121.0
87.0 114.0
142.0 219.0
221.0 43.0
139.0 102.0
39.0 63.0
190.0 0.0
105.0 130.0
129.0 142.0
60.0 176.0
51.0 248.0
169.0 165.0
115.0 52.0
191.0 194.0
198.0 50.0
208.0 201.0
214.0 222.0
147.0 219.0
216.0 54.0
14.0 134.0
219.0 231.0
180.0 239.0
244.0 201.0
129.0 182.0
133.0 108.0
128.0 218.0
13.0 172.0
95.0 237.0
102.0 128.0
16.0 112.0
82.0 185.0
56.0 208.0
125.0 1.0
80.0 208.0
168.0 241.0
115.0 249.0
148.0 100.0
95.0 131.0
172.0 232.0
39.0 219.0
189.0 88.0
129.0 176.0
46.0 244.0
216.0 26.0
96.0 69.0
98.0 62.0
118.0 216.0
218.0 211.0
95.0 149.0
1.0 6.0
244.0 59.0
109.0 156.0
209.0 22.0
203.0 225.0
176.0 113.0
114.0 43.0
221.0 211.0
147.0 247.0
5.0 77.0
29.0 177.0
13.0 82.0
116.0 164.0
68.0 21.0
240.0 64.0
192.0 23.0
174.0 185.0
185.0 124.0
242.0 105.0
98.0 136.0
158.0 131.0
107.0 243.0
10.0 42.0
91.0 96.0
92.0 234.0
41.0 205.0
120.0 23.0
230.0 30.0
165.0 125.0
142.0 186.0
225.0 165.0
224.0 50.0
120.0 131.0
77.0 55.0
27.0 239.0
26.0 71.0
207.0 2.0
58.0 64.0
111.0 101.0
202.0 24.0
56.0 206.0
202.0 249.0
17.0 248.0
191.0 100.0
108.0 147.0
96.0 173.0
178.0 117.0
88.0 151.0
213.0 203.0
204.0 136.0
95.0 12.0
70.0 115.0
41.0 197.0
224.0 224.0
132.0 19.0
98.0 95.0
160.0 169.0
33.0 75.0
42.0 53.0
8.0 218.0
175.0 94.0
85.0 235.0
112.0 144.0
125.0 148.0
34.0 154.0
149.0 234.0
48.0 102.0
26.0 122.0
143.0 190.0
246.0 244.0
222.0 172.0
67.0 145.0
157.0 224.0
179.0 211.0
162.0 69.0
60.0 212.0
67.0 160.0
14.0 76.0
147.0 1.0
220.0 182.0
222.0 39.0
144.0 207.0
55.0 72.0
8.0 181.0
145.0 241.0
66.0 179.0
62.0 177.0
240.0 159.0
35.0 235.0
238.0 15.0
90.0 23.0
97.0 223.0
57.0 23.0
139.0 19.0
114.0 144.0
154.0 125.0
76.0 132.0
176.0 74.0
211.0 38.0
52.0 31.0
175.0 55.0
31.0 35.0
218.0 54.0
196.0 188.0
117.0 240.0
107.0 82.0
138.0 149.0
90.0 123.0
92.0 18.0
170.0 166.0
154.0 139.0
202.0 243.0
156.0 90.0
82.0 175.0
133.0 82.0
216.0 218.0
211.0 201.0
240.0 180.0
244.0 145.0
62.0 7.0
164.0 118.0
91.0 163.0
68.0 103.0
86.0 178.0
143.0 49.0
121.0 69.0
71.0 80.0
242.0 116.0
137.0 117.0
158.0 86.0
65.0 165.0
182.0 17.0
179.0 20.0
146.0 10.0
32.0 23.0
113.0 37.0
224.0 1.0
0.0 76.0
192.0 129.0
52.0 213.0
59.0 1.0
163.0 135.0
183.0 249.0
99.0 43.0
154.0 127.0
3.0 36.0
227.0 41.0
108.0 93.0
62.0 44.0
164.0 113.0
164.0 159.0
128.0 1.0
236.0 187.0
1.0 125.0
227.0 222.0
237.0 22.0
164.0 155.0
225.0 47.0
174.0 33.0
152.0 215.0
163.0 158.0
126.0 66.0
168.0 172.0
229.0 163.0
243.0 156.0
12.0 181.0
15.0 85.0
234.0 94.0
133.0 60.0
219.0 7.0
142.0 39.0
14.0 38.0
114.0 102.0
94.0 175.0
195.0 88.0
183.0 122.0
34.0 37.0
47.0 198.0
118.0 143.0
209.0 163.0
112.0 10.0
72.0 179.0
100.0 58.0
16.0 146.0
187.0 244.0
92.0 232.0
14.0 70.0
236.0 241.0
247.0 158.0
20.0 241.0
217.0 1.0
227.0 222.0
156.0 45.0
145.0 95.0
87.0 74.0
242.0 162.0
167.0 188.0
237.0 4.0
181.0 225.0
115.0 32.0
118.0 28.0
218.0 33.0
127.0 44.0
90.0 77.0
183.0 27.0
64.0 233.0
129.0 208.0
178.0 101.0
43.0 80.0
14.0 227.0
220.0 34.0
155.0 24.0
112.0 119.0
12.0 148.0
116.0 36.0
75.0 91.0
192.0 23.0
211.0 34.0
73.0 100.0
192.0 120.0
175.0 216.0
202.0 69.0
96.0 152.0
137.0 142.0
175.0 69.0
61.0 37.0
147.0 207.0
6.0 72.0
213.0 240.0
119.0 121.0
211.0 159.0
204.0 39.0
72.0 77.0
48.0 161.0
107.0 195.0
194.0 237.0
213.0 198.0
176.0 10.0
152.0 202.0
15.0 183.0
112.0 135.0
111.0 100.0
83.0 55.0
191.0 6.0
147.0 165.0
94.0 103.0
71.0 143.0
167.0 130.0
172.0 192.0
175.0 56.0
244.0 23.0
135.0 248.0
125.0 77.0
94.0 76.0
61.0 66.0
134.0 187.0
84.0 12.0
3.0 41.0
183.0 232.0
41.0 62.0
106.0 91.0
144.0 118.0
201.0 83.0
93.0 75.0
5.0 184.0
104.0 243.0
115.0 178.0
40.0 97.0
177.0 0.0
34.0 208.0
160.0 206.0
77.0 152.0
101.0 203.0
201.0 200.0
139.0 248.0
176.0 180.0
144.0 219.0
244.0 193.0
111.0 33.0
174.0 201.0
40.0 101.0
19.0 42.0
64.0 64.0
22.0 10.0
177.0 76.0
144.0 185.0
215.0 246.0
46.0 26.0
51.0 152.0
133.0 42.0
38.0 133.0
103.0 164.0
32.0 167.0
240.0 22.0
162.0 171.0
15.0 118.0
47.0 134.0
125.0 231.0
4.0 66.0
136.0 163.0
73.0 33.0
243.0 34.0
23.0 147.0
203.0 123.0
53.0 153.0
55.0 74.0
207.0 102.0
75.0 102.0
112.0 131.0
200.0 132.0
173.0 214.0
241.0 133.0
204.0 34.0
250.0 211.0
16.0 207.0
229.0 94.0
59.0 138.0
176.0 198.0
13.0 109.0
33.0 33.0
54.0 16.0
145.0 7.0
67.0 219.0
184.0 23.0
141.0 51.0
18.0 48.0
19.0 78.0
93.0 164.0
195.0 21.0
196.0 170.0
201.0 68.0
41.0 116.0
173.0 109.0
161.0 198.0
94.0 245.0
186.0 42.0
189.0 227.0
104.0 174.0
236.0 57.0
217.0 67.0
150.0 25.0
13.0 202.0
235.0 49.0
33.0 152.0
64.0 206.0
94.0 0.0
31.0 198.0
58.0 235.0
150.0 28.0
143.0 46.0
13.0 239.0
84.0 39.0
124.0 121.0
14.0 189.0
129.0 119.0
9.0 146.0
43.0 223.0
33.0 104.0
115.0 189.0
94.0 228.0
65.0 246.0
248.0 206.0
202.0 29.0
111.0 61.0
23.0 7.0
145.0 162.0
200.0 13.0
21.0 187.0
163.0 36.0
183.0 115.0
62.0 247.0
41.0 107.0
195.0 52.0
51.0 249.0
65.0 6.0
231.0 125.0
15.0 16.0
246.0 72.0
235.0 43.0
232.0 221.0
227.0 100.0
120.0 35.0
125.0 139.0
16.0 82.0
98.0 233.0
0.0 125.0
98.0 39.0
43.0 152.0
61.0 68.0
25.0 37.0
206.0 117.0
176.0 94.0
142.0 18.0
55.0 78.0
76.0 180.0
0.0 28.0
195.0 219.0
53.0 141.0
147.0 5.0
162.0 168.0
60.0 60.0
37.0 168.0
154.0 9.0
96.0 242.0
20.0 141.0
242.0 185.0
222.0 160.0
34.0 66.0
193.0 47.0
124.0 59.0
200.0 9.0
149.0 139.0
218.0 46.0
62.0 103.0
114.0 228.0
228.0 154.0
120.0 113.0
145.0 135.0
101.0 7.0
233.0 23.0
231.0 121.0
174.0 137.0
214.0 208.0
139.0 66.0
28.0 104.0
237.0 124.0
212.0 138.0
162.0 224.0
36.0 200.0
247.0 106.0
219.0 68.0
12.0 175.0
144.0 152.0
66.0 18.0
115.0 126.0
41.0 229.0
234.0 247.0
80.0 237.0
53.0 186.0
154.0 130.0
229.0 62.0
113.0 66.0
197.0 126.0
129.0 126.0
200.0 147.0
47.0 63.0
96.0 92.0
195.0 206.0
140.0 15.0
22.0 77.0
29.0 124.0
12.0 105.0
50.0 67.0
101.0 133.0
227.0 33.0
174.0 215.0
195.0 79.0
9.0 29.0
72.0 155.0
95.0 29.0
166.0 120.0
87.0 28.0
177.0 90.0
184.0 229.0
112.0 33.0
79.0 4.0
184.0 81.0
147.0 63.0
34.0 100.0
121.0 198.0
197.0 117.0
74.0 117.0
248.0 10.0
69.0 171.0
191.0 183.0
165.0 118.0
150.0 25.0
32.0 108.0
39.0 236.0
223.0 144.0
162.0 192.0
238.0 89.0
30.0 66.0
52.0 104.0
228.0 246.0
112.0 193.0
247.0 148.0
116.0 132.0
232.0 75.0
180.0 76.0
190.0 119.0
100.0 248.0
230.0 113.0
186.0 132.0
10.0 4.0
240.0 184.0
91.0 47.0
43.0 129.0
230.0 52.0
45.0 226.0
206.0 208.0
237.0 179.0
84.0 91.0
43.0 221.0
117.0 21.0
68.0 171.0
95.0 230.0
174.0 103.0
195.0 139.0
98.0 59.0
16.0 80.0
198.0 80.0
248.0 139.0
181.0 97.0
9.0 81.0
5.0 91.0
186.0 148.0
204.0 180.0
192.0 84.0
189.0 175.0
98.0 34.0
155.0 141.0
169.0 57.0
22.0 113.0
149.0 28.0
158.0 147.0
186.0 31.0
200.0 223.0
138.0 156.0
82.0 53.0
9.0 171.0
226.0 188.0
121.0 107.0
113.0 102.0
182.0 99.0
75.0 29.0
197.0 158.0
157.0 89.0
18.0 80.0
245.0 118.0
110.0 39.0
204.0 115.0
201.0 213.0
85.0 82.0
16.0 98.0
23.0 60.0
134.0 241.0
14.0 247.0
58.0 164.0
61.0 144.0
145.0 105.0
11.0 223.0
118.0 204.0
185.0 202.0
187.0 129.0
7.0 29.0
117.0 177.0
119.0 56.0
149.0 188.0
36.0 113.0
243.0 193.0
227.0 96.0
160.0 14.0
42.0 156.0
237.0 106.0
245.0 210.0
2.0 237.0
202.0 22.0
93.0 167.0
100.0 166.0
16.0 53.0
141.0 249.0
73.0 111.0
185.0 102.0
123.0 140.0
177.0 177.0
138.0 57.0
217.0 221.0
80.0 191.0
203.0 119.0
191.0 88.0
59.0 77.0
105.0 204.0
92.0 174.0
238.0 140.0
113.0 79.0
240.0 131.0
247.0 78.0
103.0 86.0
184.0 92.0
73.0 33.0
177.0 201.0
76.0 112.0
166.0 238.0
208.0 108.0
207.0 75.0
101.0 45.0
197.0 57.0
93.0 207.0
223.0 76.0
152.0 228.0
135.0 117.0
91.0 234.0
47.0 134.0
157.0 85.0
250.0 227.0
160.0 33.0
98.0 95.0
93.0 248.0
250.0 108.0
30.0 152.0
186.0 112.0
143.0 113.0

202.0 232.0
162.0 116.0
217.0 13.0
254.0 115.0
143.0 210.0
17.0 52.0
9.0 111.0
204.0 14.0
151.0 106.0
77.0 8.0
223.0 177.0
197.0 120.0
32.0 54.0
225.0 14.0
136.0 162.0
69.0 93.0
205.0 244.0
14.0 129.0
174.0 9.0
88.0 88.0
113.0 25.0
147.0 46.0
200.0 70.0
50.0 47.0
66.0 85.0
82.0 213.0
83.0 217.0
46.0 42.0
179.0 106.0
119.0 83.0
166.0 184.0
9.0 71.0
24.0 8.0
92.0 85.0
250.0 108.0
232.0 143.0
101.0 150.0
72.0 239.0
212.0 75.0
141.0 60.0
29.0 127.0
158.0 20.0
171.0 60.0
28.0 7.0
61.0 40.0
33.0 73.0
19.0 179.0
76.0 81.0
64.0 95.0
117.0 197.0
242.0 53.0
40.0 108.0
80.0 184.0
204.0 187.0
132.0 239.0
26.0 175.0
89.0 26.0
249.0 183.0
17.0 29.0
142.0 209.0
116.0 66.0
92.0 129.0
141.0 60.0
250.0 219.0
40.0 180.0
90.0 248.0
57.0 47.0
110.0 139.0
229.0 113.0
211.0 109.0
168.0 74.0
85.0 77.0
150.0 5.0
14.0 231.0
54.0 6.0
46.0 122.0
43.0 125.0
94.0 22.0
163.0 218.0
28.0 103.0
74.0 204.0
163.0 238.0
52.0 184.0
126.0 147.0
42.0 246.0
114.0 51.0
14.0 133.0
139.0 171.0
79.0 145.0
180.0 125.0
211.0 83.0
165.0 184.0
156.0 45.0
120.0 56.0
233.0 166.0
7.0 32.0
51.0 49.0
235.0 64.0
139.0 99.0
228.0 190.0
172.0 107.0
139.0 51.0
185.0 188.0
30.0 247.0
56.0 36.0
146.0 169.0
35.0 235.0
58.0 193.0
221.0 221.0
137.0 231.0
142.0 223.0
244.0 150.0
221.0 185.0
43.0 170.0
144.0 145.0
89.0 164.0
39.0 114.0
79.0 60.0
142.0 138.0
240.0 156.0
176.0 203.0
85.0 176.0
24.0 230.0
244.0 231.0
81.0 9.0
92.0 169.0
163.0 156.0
109.0 111.0
49.0 106.0
24.0 221.0
141.0 50.0
44.0 189.0
175.0 233.0
134.0 90.0
118.0 172.0
236.0 212.0
44.0 14.0
42.0 142.0
240.0 46.0
67.0 72.0
239.0 153.0
27.0 16.0
150.0 120.0
128.0 241.0
62.0 222.0
171.0 15.0
70.0 80.0
167.0 48.0
79.0 154.0
14.0 149.0
241.0 187.0
73.0 108.0
138.0 94.0
34.0 146.0
151.0 31.0
51.0 104.0
217.0 199.0
160.0 106.0
147.0 48.0
97.0 207.0
208.0 35.0
122.0 139.0
88.0 207.0
139.0 82.0
70.0 192.0
44.0 135.0
122.0 201.0
244.0 81.0
156.0 242.0
159.0 17.0
240.0 71.0
246.0 233.0
154.0 154.0
13.0 136.0
233.0 81.0
169.0 170.0
208.0 57.0
17.0 148.0
158.0 20.0
87.0 120.0
137.0 212.0
17.0 14.0
209.0 16.0
34.0 83.0
113.0 92.0
195.0 254.0
108.0 251.0
79.0 57.0
166.0 152.0
236.0 72.0
128.0 223.0
222.0 217.0
147.0 209.0
104.0 216.0
157.0 144.0
204.0 129.0
40.0 33.0
39.0 230.0
146.0 130.0
119.0 178.0
192.0 25.0
191.0 188.0
66.0 21.0
207.0 20.0
179.0 117.0
232.0 57.0
47.0 8.0
196.0 7.0
92.0 253.0
85.0 52.0
241.0 149.0
77.0 141.0
163.0 101.0
138.0 113.0
114.0 158.0
167.0 226.0
109.0 93.0
88.0 142.0
248.0 111.0
118.0 86.0
60.0 182.0
239.0 95.0
41.0 169.0
203.0 197.0
175.0 194.0
214.0 75.0
168.0 209.0
56.0 149.0
110.0 150.0
111.0 56.0
190.0 237.0
198.0 35.0
198.0 169.0
52.0 100.0
206.0 192.0
234.0 146.0
187.0 93.0
197.0 190.0
114.0 44.0
123.0 99.0
206.0 192.0
162.0 63.0
173.0 33.0
99.0 44.0
73.0 111.0
126.0 166.0
196.0 199.0
169.0 28.0
22.0 127.0
87.0 118.0
255.0 42.0
15.0 182.0
71.0 136.0
96.0 30.0
55.0 245.0
213.0 99.0
28.0 241.0
110.0 76.0
71.0 13.0
126.0 13.0
157.0 35.0
75.0 182.0
51.0 224.0
94.0 156.0
226.0 236.0
135.0 239.0
91.0 209.0
51.0 190.0
200.0 42.0
65.0 143.0
63.0 68.0
202.0 72.0
110.0 67.0
91.0 118.0
82.0 143.0
116.0 206.0
255.0 250.0
171.0 150.0
122.0 21.0
132.0 62.0
122.0 96.0
170.0 156.0
132.0 178.0
174.0 84.0
145.0 154.0
244.0 58.0
74.0 165.0
143.0 34.0
147.0 50.0
111.0 53.0
218.0 188.0
216.0 153.0
138.0 26.0
64.0 63.0
77.0 222.0
196.0 252.0
70.0 37.0
62.0 130.0
118.0 30.0
56.0 112.0
157.0 86.0
118.0 225.0
136.0 196.0
21.0 74.0
170.0 137.0
242.0 17.0
106.0 87.0
82.0 178.0
67.0 245.0
166.0 54.0
231.0 60.0
49.0 247.0
53.0 38.0
168.0 151.0
221.0 110.0
57.0 25.0
19.0 150.0
128.0 174.0
238.0 10.0
99.0 7.0
149.0 256.0
212.0 79.0
104.0 132.0
243.0 58.0
122.0 58.0
32.0 38.0
160.0 33.0
165.0 253.0
39.0 140.0
187.0 95.0
137.0 190.0
83.0 235.0
152.0 7.0
24.0 190.0
181.0 37.0
12.0 35.0
77.0 227.0
27.0 160.0
148.0 118.0
193.0 199.0
84.0 52.0
192.0 133.0
35.0 53.0
67.0 84.0
83.0 113.0
12.0 156.0
191.0 136.0
179.0 232.0
207.0 82.0
206.0 209.0
169.0 222.0
138.0 174.0
94.0 182.0
61.0 195.0
107.0 16.0
246.0 29.0
13.0 165.0
13.0 78.0
241.0 132.0
190.0 54.0
181.0 115.0
86.0 242.0
193.0 62.0
143.0 252.0
181.0 239.0
90.0 245.0
163.0 179.0
184.0 157.0
75.0 227.0
158.0 48.0
134.0 135.0
141.0 186.0
108.0 96.0
35.0 145.0
216.0 30.0
227.0 166.0
112.0 111.0
242.0 152.0
36.0 9.0
111.0 182.0
5.0 183.0
194.0 52.0
230.0 109.0
39.0 102.0
234.0 102.0
231.0 179.0
8.0 32.0
132.0 169.0
62.0 223.0
102.0 49.0
64.0 177.0
231.0 9.0
52.0 36.0
63.0 228.0
46.0 94.0
178.0 231.0
155.0 135.0
251.0 40.0
152.0 207.0
139.0 173.0
228.0 96.0
125.0 45.0
251.0 178.0
109.0 247.0
154.0 21.0
176.0 115.0
138.0 78.0
221.0 178.0
163.0 201.0
241.0 30.0
86.0 189.0
231.0 89.0
247.0 231.0
61.0 183.0
19.0 85.0
44.0 251.0
6.0 218.0
205.0 35.0
219.0 131.0
176.0 139.0
113.0 213.0
218.0 197.0
161.0 243.0
28.0 189.0
207.0 225.0
155.0 246.0
156.0 70.0
65.0 102.0
138.0 201.0
83.0 182.0
84.0 184.0
64.0 89.0
160.0 105.0
217.0 113.0
204.0 184.0
24.0 164.0
208.0 197.0
33.0 78.0
75.0 84.0
147.0 141.0
137.0 180.0
250.0 104.0
244.0 93.0
225.0 173.0
40.0 28.0
43.0 141.0
116.0 181.0
97.0 235.0
35.0 183.0
133.0 252.0
49.0 42.0
17.0 163.0
108.0 204.0
110.0 155.0
124.0 86.0
88.0 131.0
203.0 16.0
121.0 37.0
185.0 101.0
110.0 178.0
105.0 106.0
37.0 219.0
250.0 165.0
234.0 189.0
64.0 90.0
9.0 74.0
223.0 230.0
56.0 157.0
229.0 213.0
236.0 79.0
234.0 229.0
240.0 164.0
56.0 220.0
118.0 101.0
249.0 94.0
79.0 138.0
35.0 166.0
130.0 46.0
89.0 41.0
114.0 69.0
138.0 85.0
79.0 40.0
200.0 6.0
171.0 20.0
85.0 119.0
89.0 194.0
86.0 136.0
202.0 79.0
98.0 239.0
198.0 130.0
254.0 135.0
46.0 131.0
183.0 179.0
206.0 147.0
55.0 195.0
14.0 32.0
191.0 208.0
115.0 99.0
42.0 38.0
123.0 129.0
145.0 135.0
99.0 176.0
242.0 248.0
146.0 199.0
75.0 128.0
36.0 165.0
164.0 21.0
89.0 194.0
157.0 22.0
72.0 91.0
240.0 166.0
219.0 171.0
67.0 205.0
23.0 100.0
14.0 43.0
14.0 45.0
177.0 222.0
41.0 217.0
229.0 242.0
173.0 254.0
199.0 231.0
108.0 99.0
186.0 194.0
44.0 7.0
162.0 151.0
60.0 165.0
12.0 53.0
102.0 205.0
107.0 178.0
196.0 216.0
173.0 225.0
129.0 163.0
102.0 243.0
139.0 180.0
148.0 178.0
157.0 37.0
222.0 82.0
58.0 108.0
131.0 157.0
106.0 39.0
115.0 254.0
128.0 38.0
110.0 180.0
248.0 114.0
16.0 13.0
114.0 103.0
225.0 180.0
46.0 134.0
104.0 129.0
170.0 17.0
29.0 183.0
92.0 78.0
65.0 80.0
41.0 58.0
8.0 137.0
197.0 227.0
235.0 173.0
210.0 170.0
250.0 8.0
35.0 74.0
195.0 32.0
196.0 61.0
135.0 56.0
228.0 26.0
218.0 44.0
67.0 174.0
178.0 103.0
212.0 49.0
153.0 144.0
83.0 164.0
128.0 246.0
40.0 122.0
153.0 59.0
69.0 229.0
221.0 58.0
250.0 112.0
115.0 169.0
157.0 203.0
211.0 219.0
133.0 238.0
191.0 50.0
11.0 20.0
22.0 167.0
68.0 191.0
12.0 128.0
172.0 164.0
204.0 153.0
36.0 74.0
6.0 47.0
149.0 254.0
251.0 64.0
186.0 27.0
148.0 124.0
102.0 120.0
222.0 178.0
62.0 168.0
79.0 18.0
42.0 247.0
226.0 159.0
152.0 210.0
143.0 247.0
117.0 227.0
205.0 236.0
103.0 129.0
44.0 164.0
172.0 74.0
87.0 146.0
239.0 43.0
185.0 31.0
132.0 37.0
239.0 232.0
9.0 121.0
103.0 43.0
157.0 40.0
31.0 71.0
232.0 203.0
101.0 223.0
151.0 117.0
207.0 9.0
25.0 206.0
233.0 241.0
248.0 212.0
114.0 214.0
16.0 232.0
228.0 120.0
193.0 237.0
240.0 142.0
19.0 225.0
243.0 114.0
165.0 247.0
112.0 29.0
220.0 71.0
104.0 209.0
20.0 113.0
241.0 29.0
62.0 251.0
100.0 83.0
224.0 59.0
200.0 146.0
185.0 178.0
237.0 135.0
180.0 217.0
216.0 53.0
31.0 98.0
100.0 13.0
34.0 29.0
179.0 199.0
248.0 182.0
145.0 209.0
104.0 159.0
158.0 60.0
49.0 154.0
88.0 127.0
22.0 32.0
44.0 190.0
74.0 132.0
251.0 250.0
33.0 110.0
15.0 143.0
232.0 10.0
236.0 251.0
242.0 36.0
79.0 199.0
53.0 32.0
72.0 225.0
250.0 50.0
204.0 238.0
244.0 168.0
157.0 113.0
18.0 243.0
41.0 130.0
25.0 191.0
216.0 220.0
105.0 89.0
197.0 45.0
165.0 48.0
40.0 212.0
136.0 68.0
145.0 27.0
48.0 162.0
207.0 190.0
138.0 74.0
152.0 236.0
182.0 65.0
141.0 239.0
113.0 157.0
112.0 207.0
244.0 198.0
106.0 62.0
235.0 39.0
136.0 10.0
73.0 22.0
60.0 76.0
19.0 237.0
44.0 205.0
193.0 71.0
199.0 117.0
120.0 190.0
131.0 179.0
27.0 57.0
88.0 87.0
110.0 12.0
78.0 25.0
155.0 163.0
9.0 208.0
131.0 223.0
124.0 79.0
254.0 151.0
123.0 237.0
23.0 131.0
142.0 211.0
89.0 137.0
106.0 21.0
84.0 188.0
242.0 51.0
176.0 207.0
127.0 23.0
49.0 225.0
244.0 221.0
249.0 176.0
240.0 171.0
196.0 184.0
213.0 227.0
161.0 195.0
175.0 205.0
191.0 230.0
92.0 132.0
79.0 17.0
23.0 83.0
49.0 99.0
144.0 123.0
102.0 92.0
50.0 120.0
66.0 66.0
13.0 127.0
187.0 71.0
190.0 214.0
147.0 173.0
81.0 50.0
9.0 151.0
143.0 33.0
89.0 74.0
193.0 80.0
105.0 75.0
161.0 60.0
11.0 119.0
175.0 100.0
214.0 221.0
184.0 74.0
242.0 68.0
230.0 178.0
149.0 89.0
171.0 254.0
104.0 55.0
122.0 166.0
111.0 142.0
23.0 223.0
149.0 165.0
239.0 112.0
51.0 34.0
208.0 201.0
53.0 10.0
189.0 51.0
209.0 191.0
229.0 115.0
207.0 187.0
37.0 88.0
191.0 44.0
23.0 43.0
200.0 224.0
50.0 126.0
251.0 95.0
243.0 145.0
35.0 142.0
118.0 136.0
104.0 148.0
187.0 167.0
200.0 27.0
166.0 61.0
163.0 113.0
113.0 161.0
238.0 225.0
219.0 255.0
89.0 239.0
223.0 60.0
184.0 19.0
253.0 92.0
23.0 159.0
10.0 194.0
229.0 190.0
168.0 83.0
99.0 120.0
44.0 182.0
5.0 73.0
50.0 148.0
146.0 16.0
93.0 255.0
115.0 233.0
67.0 177.0
201.0 118.0
215.0 191.0
14.0 137.0
144.0 238.0
183.0 97.0
159.0 210.0
142.0 212.0
28.0 62.0
119.0 250.0
6.0 206.0
170.0 116.0
122.0 187.0
65.0 15.0
113.0 204.0
217.0 179.0
219.0 121.0
57.0 198.0
34.0 143.0
211.0 48.0
15.0 170.0
248.0 228.0
11.0 145.0
216.0 226.0
238.0 32.0
107.0 116.0
188.0 106.0
129.0 104.0
80.0 58.0
17.0 226.0
146.0 12.0
129.0 124.0
18.0 28.0
213.0 222.0
149.0 99.0
219.0 156.0
128.0 87.0
111.0 68.0
221.0 216.0
14.0 49.0
88.0 211.0
206.0 231.0
189.0 48.0
167.0 132.0
161.0 70.0
147.0 178.0
52.0 32.0
243.0 114.0
106.0 183.0
118.0 74.0
61.0 133.0
243.0 217.0
83.0 200.0
126.0 11.0
125.0 82.0
90.0 197.0
227.0 242.0
114.0 204.0
188.0 186.0
256.0 93.0
221.0 129.0
237.0 229.0
176.0 138.0
102.0 111.0
31.0 130.0
191.0 194.0
161.0 139.0
112.0 250.0
154.0 142.0
222.0 231.0
104.0 245.0
72.0 56.0
8.0 108.0
195.0 160.0
57.0 58.0
163.0 110.0
104.0 131.0
68.0 222.0
199.0 135.0
16.0 155.0
105.0 83.0
185.0 245.0
74.0 224.0
126.0 205.0
150.0 131.0
246.0 104.0
171.0 228.0
26.0 43.0
94.0 48.0
64.0 151.0
206.0 15.0
60.0 189.0
239.0 160.0
17.0 169.0
246.0 174.0
144.0 21.0
240.0 92.0
48.0 20.0
16.0 133.0
157.0 126.0
15.0 141.0
65.0 119.0
79.0 227.0
56.0 21.0
49.0 213.0
196.0 71.0
186.0 115.0
107.0 132.0
229.0 122.0
164.0 139.0
229.0 163.0
114.0 136.0
61.0 203.0
252.0 115.0
150.0 167.0
255.0 53.0
177.0 58.0
180.0 37.0
182.0 32.0
151.0 211.0
213.0 87.0
36.0 70.0
39.0 59.0
76.0 209.0
227.0 170.0
133.0 193.0
207.0 192.0
118.0 247.0
9.0 130.0
169.0 87.0
176.0 89.0
235.0 209.0
150.0 96.0
61.0 69.0
13.0 189.0
36.0 114.0
21.0 151.0
88.0 213.0
149.0 92.0
180.0 68.0
13.0 123.0
206.0 38.0
228.0 178.0
8.0 83.0
178.0 159.0
151.0 120.0
188.0 40.0
56.0 147.0
137.0 216.0
5.0 22.0
166.0 163.0
34.0 162.0
135.0 44.0
24.0 153.0
102.0 171.0
190.0 143.0
112.0 120.0
161.0 193.0
190.0 49.0
156.0 13.0
186.0 75.0
149.0 188.0
32.0 208.0
141.0 165.0
133.0 31.0
244.0 228.0
118.0 255.0
150.0 147.0
25.0 228.0
29.0 43.0
22.0 123.0
36.0 81.0
141.0 48.0
140.0 151.0
187.0 145.0
45.0 219.0
16.0 59.0
53.0 218.0
146.0 230.0
253.0 231.0
24.0 230.0
37.0 201.0
99.0 13.0
190.0 120.0
82.0 154.0
159.0 189.0
190.0 71.0
143.0 146.0
151.0 187.0
235.0 51.0
111.0 137.0
138.0 110.0
116.0 122.0
48.0 11.0
171.0 127.0
81.0 134.0
189.0 241.0
22.0 53.0
194.0 146.0
105.0 63.0
217.0 173.0
196.0 235.0
133.0 89.0
56.0 131.0
249.0 143.0
100.0 81.0
6.0 191.0
211.0 224.0
251.0 247.0
213.0 147.0
45.0 192.0
103.0 156.0
99.0 131.0
79.0 155.0
181.0 193.0
85.0 59.0
206.0 203.0
233.0 56.0
230.0 116.0
24.0 35.0
178.0 251.0
46.0 150.0
168.0 134.0
216.0 159.0
114.0 74.0
129.0 152.0
116.0 180.0
181.0 235.0
176.0 39.0
168.0 54.0
146.0 180.0
179.0 197.0
49.0 141.0
44.0 183.0
62.0 125.0
104.0 217.0
182.0 236.0
146.0 51.0
244.0 108.0
126.0 218.0
167.0 52.0
225.0 168.0
226.0 197.0
161.0 127.0
136.0 80.0
189.0 142.0
76.0 39.0
126.0 231.0
73.0 28.0
179.0 213.0
15.0 35.0
24.0 54.0
106.0 146.0
88.0 116.0
90.0 247.0
40.0 97.0
242.0 102.0
130.0 107.0
80.0 136.0
231.0 72.0
100.0 11.0
79.0 56.0
217.0 22.0
223.0 12.0
21.0 211.0
58.0 233.0
133.0 123.0
22.0 125.0
236.0 236.0
23.0 150.0
114.0 87.0
39.0 23.0
157.0 44.0
25.0 71.0
85.0 78.0
16.0 203.0
183.0 142.0
160.0 105.0
173.0 108.0
171.0 135.0
173.0 11.0
82.0 220.0
221.0 191.0
196.0 104.0
175.0 163.0
166.0 74.0
138.0 226.0
24.0 190.0
47.0 238.0
242.0 18.0
211.0 212.0
187.0 222.0
106.0 6.0
7.0 180.0
253.0 180.0
167.0 110.0
182.0 137.0
236.0 210.0
184.0 227.0
121.0 189.0
165.0 127.0
152.0 97.0
239.0 238.0
87.0 160.0
227.0 26.0
123.0 173.0
89.0 241.0
53.0 49.0
45.0 20.0
31.0 171.0
77.0 180.0
22.0 34.0
178.0 92.0
180.0 217.0
148.0 71.0
185.0 9.0
210.0 53.0
132.0 135.0
107.0 97.0
91.0 28.0
51.0 123.0
119.0 189.0
103.0 56.0
169.0 247.0
232.0 146.0
92.0 118.0
182.0 18.0
249.0 236.0
126.0 97.0
110.0 140.0
43.0 80.0
198.0 37.0
173.0 237.0
136.0 221.0
147.0 77.0
41.0 94.0
244.0 45.0
131.0 66.0
13.0 148.0
188.0 183.0
54.0 63.0
88.0 148.0
117.0 252.0
176.0 208.0
174.0 252.0
107.0 184.0
220.0 39.0
244.0 9.0
117.0 20.0
157.0 166.0
75.0 177.0
171.0 20.0
23.0 13.0
129.0 64.0
34.0 15.0
212.0 187.0
157.0 71.0
73.0 114.0
40.0 239.0
39.0 10.0
250.0 199.0
235.0 21.0
45.0 84.0
28.0 85.0
168.0 209.0
14.0 228.0
26.0 27.0
55.0 243.0
187.0 131.0
238.0 117.0
200.0 85.0
140.0 225.0
49.0 13.0
100.0 27.0
84.0 52.0
82.0 191.0
173.0 32.0
147.0 197.0
246.0 95.0
230.0 12.0
118.0 228.0
203.0 22.0
150.0 59.0
203.0 151.0
216.0 30.0
102.0 247.0
218.0 123.0
19.0 59.0
200.0 187.0
70.0 215.0
198.0 146.0
172.0 198.0
243.0 221.0
185.0 61.0
24.0 138.0
109.0 43.0
18.0 33.0
250.0 190.0
220.0 172.0
170.0 227.0
137.0 53.0
226.0 226.0
57.0 149.0
155.0 158.0
145.0 8.0
91.0 235.0
252.0 21.0
131.0 35.0
109.0 17.0
233.0 162.0
149.0 108.0
99.0 94.0
31.0 42.0
52.0 59.0
227.0 132.0
140.0 228.0
115.0 152.0
85.0 241.0
63.0 104.0
205.0 114.0
77.0 172.0
68.0 37.0
132.0 136.0
109.0 192.0
101.0 117.0
67.0 183.0
65.0 148.0
168.0 163.0
40.0 23.0
240.0 52.0
233.0 8.0
55.0 102.0
50.0 66.0
213.0 61.0
50.0 4.0
30.0 60.0
217.0 76.0
72.0 127.0
102.0 74.0
165.0 44.0
93.0 87.0
204.0 82.0
236.0 77.0
163.0 244.0
240.0 35.0
31.0 122.0
226.0 62.0
188.0 138.0
190.0 222.0
74.0 200.0
161.0 123.0
52.0 80.0
142.0 223.0
172.0 242.0
152.0 207.0
132.0 25.0
106.0 18.0
5.0 27.0
5.0 27.0
161.0 239.0
5.0 72.0
65.0 134.0
222.0 185.0
17.0 138.0
226.0 163.0
151.0 75.0
212.0 133.0
98.0 124.0
162.0 143.0
50.0 248.0
95.0 103.0
215.0 39.0
155.0 187.0
37.0 44.0
189.0 133.0
83.0 122.0
219.0 237.0
28.0 55.0
107.0 49.0
66.0 82.0
149.0 202.0
41.0 180.0
49.0 39.0
8.0 168.0
144.0 54.0
99.0 58.0
172.0 202.0
90.0 121.0
99.0 228.0
156.0 194.0
184.0 184.0
26.0 107.0
145.0 158.0
232.0 113.0
254.0 19.0
249.0 40.0
90.0 80.0
80.0 242.0
143.0 78.0
231.0 139.0
138.0 26.0
24.0 65.0
155.0 219.0
12.0 103.0
248.0 48.0
121.0 224.0
66.0 36.0
129.0 55.0
14.0 139.0
237.0 200.0
109.0 78.0
247.0 89.0
184.0 153.0
166.0 140.0
196.0 146.0
182.0 66.0
215.0 145.0
192.0 21.0
197.0 62.0
161.0 31.0
214.0 228.0
194.0 247.0
192.0 34.0
169.0 146.0
137.0 88.0
184.0 50.0
55.0 231.0
76.0 222.0
168.0 33.0
130.0 65.0
247.0 201.0
93.0 251.0
76.0 182.0
235.0 235.0
178.0 248.0
241.0 75.0
253.0 204.0
238.0 142.0
50.0 169.0
166.0 39.0
253.0 176.0
156.0 142.0
254.0 172.0
218.0 15.0
226.0 10.0
85.0 188.0
15.0 184.0
106.0 188.0
144.0 251.0
156.0 218.0
74.0 71.0
86.0 197.0
133.0 172.0
71.0 222.0
115.0 245.0
232.0 29.0
122.0 255.0
36.0 120.0
6.0 202.0
203.0 40.0
102.0 227.0
18.0 70.0
252.0 180.0
138.0 216.0
171.0 225.0
173.0 100.0
34.0 252.0
19.0 59.0
218.0 246.0
68.0 152.0
200.0 43.0
169.0 228.0
142.0 4.0
92.0 207.0
96.0 137.0
224.0 31.0
190.0 71.0
152.0 85.0
103.0 82.0
221.0 186.0
95.0 145.0
71.0 50.0
252.0 116.0
188.0 197.0
88.0 137.0
13.0 109.0
51.0 237.0
82.0 215.0
188.0 126.0
91.0 118.0
147.0 223.0
227.0 49.0
144.0 108.0
43.0 69.0
195.0 6.0
110.0 134.0
134.0 147.0
66.0 182.0
56.0 252.0
174.0 169.0
120.0 56.0
196.0 198.0
204.0 54.0
213.0 205.0
219.0 226.0
152.0 224.0
222.0 60.0
20.0 139.0
224.0 237.0
184.0 243.0
248.0 205.0
134.0 186.0
137.0 113.0
133.0 222.0
18.0 177.0
100.0 242.0
107.0 134.0
20.0 117.0
87.0 191.0
61.0 213.0
131.0 6.0
85.0 213.0
173.0 246.0
119.0 255.0
153.0 105.0
100.0 135.0
177.0 236.0
44.0 224.0
195.0 93.0
134.0 180.0
50.0 249.0
221.0 32.0
100.0 74.0
102.0 68.0
122.0 221.0
222.0 217.0
101.0 155.0
5.0 12.0
249.0 65.0
114.0 162.0
213.0 28.0
209.0 231.0
181.0 118.0
120.0 49.0
225.0 215.0
153.0 253.0
10.0 81.0
35.0 182.0
19.0 86.0
121.0 169.0
72.0 25.0
246.0 69.0
198.0 29.0
179.0 190.0
190.0 129.0
247.0 109.0
102.0 141.0
162.0 137.0
112.0 248.0
15.0 47.0
96.0 101.0
98.0 240.0
46.0 210.0
125.0 27.0
235.0 34.0
169.0 129.0
147.0 191.0
230.0 170.0
228.0 55.0
124.0 136.0
81.0 61.0
31.0 243.0
31.0 75.0
212.0 7.0
62.0 70.0
115.0 107.0
206.0 28.0
62.0 212.0
206.0 254.0
23.0 253.0
196.0 105.0
113.0 153.0
101.0 177.0
182.0 121.0
93.0 155.0
219.0 209.0
208.0 141.0
100.0 16.0
76.0 121.0
46.0 203.0
230.0 230.0
136.0 23.0
104.0 100.0
166.0 173.0
38.0 81.0
48.0 58.0
14.0 223.0
181.0 99.0
90.0 241.0
116.0 149.0
130.0 152.0
38.0 158.0
154.0 239.0
52.0 107.0
31.0 128.0
147.0 194.0
251.0 249.0
227.0 177.0
73.0 151.0
161.0 229.0
184.0 216.0
168.0 73.0
66.0 217.0
73.0 166.0
19.0 82.0
152.0 6.0
225.0 187.0
227.0 44.0
150.0 211.0
60.0 77.0
13.0 186.0
151.0 245.0
72.0 183.0
67.0 183.0
246.0 164.0
40.0 241.0
243.0 19.0
96.0 28.0
102.0 228.0
62.0 28.0
144.0 23.0
120.0 150.0
158.0 130.0
81.0 137.0
180.0 80.0
217.0 44.0
57.0 37.0
180.0 60.0
36.0 40.0
223.0 59.0
201.0 194.0
123.0 244.0
112.0 86.0
143.0 154.0
94.0 128.0
97.0 23.0
174.0 171.0
158.0 144.0
207.0 247.0
161.0 95.0
87.0 180.0
139.0 86.0
221.0 222.0
216.0 207.0
245.0 185.0
250.0 149.0
66.0 11.0
168.0 123.0
96.0 169.0
72.0 108.0
90.0 183.0
147.0 54.0
126.0 75.0
76.0 85.0
246.0 121.0
141.0 121.0
163.0 91.0
70.0 171.0
188.0 22.0
183.0 25.0
151.0 15.0
37.0 27.0
118.0 43.0
229.0 7.0
4.0 82.0
198.0 134.0
57.0 219.0
65.0 6.0
167.0 139.0
189.0 254.0
104.0 47.0
160.0 132.0
8.0 40.0
233.0 47.0
113.0 97.0
68.0 48.0
170.0 119.0
168.0 164.0
133.0 6.0
241.0 193.0
7.0 130.0
232.0 228.0
242.0 26.0
169.0 160.0
229.0 53.0
180.0 38.0
158.0 220.0
169.0 162.0
131.0 71.0
173.0 176.0
234.0 168.0
249.0 162.0
18.0 186.0
20.0 91.0
238.0 98.0
138.0 65.0
224.0 12.0
147.0 44.0
19.0 43.0
120.0 108.0
99.0 179.0
200.0 93.0
189.0 127.0
40.0 42.0
53.0 203.0
122.0 148.0
214.0 168.0
117.0 14.0
76.0 184.0
104.0 62.0
21.0 150.0
192.0 249.0
98.0 237.0
20.0 75.0
240.0 246.0
252.0 163.0
25.0 247.0
223.0 7.0
232.0 227.0
161.0 51.0
150.0 100.0
93.0 80.0
247.0 167.0
172.0 194.0
243.0 9.0
185.0 229.0
119.0 37.0
124.0 32.0
224.0 38.0
132.0 50.0
95.0 83.0
188.0 31.0
69.0 237.0
134.0 214.0
182.0 105.0
48.0 85.0
19.0 233.0
225.0 39.0
160.0 30.0
117.0 123.0
17.0 153.0
122.0 41.0
80.0 96.0
197.0 28.0
217.0 39.0
78.0 104.0
196.0 125.0
181.0 221.0
208.0 74.0
101.0 157.0
142.0 147.0
181.0 74.0
65.0 43.0
153.0 212.0
10.0 77.0
218.0 245.0
125.0 126.0
216.0 164.0
210.0 44.0
76.0 81.0
53.0 165.0
112.0 199.0
199.0 242.0
218.0 203.0
182.0 15.0
158.0 207.0
19.0 187.0
116.0 140.0
117.0 105.0
88.0 59.0
196.0 12.0
153.0 169.0
98.0 107.0
76.0 149.0
172.0 134.0
177.0 196.0
180.0 60.0
249.0 28.0
140.0 253.0
129.0 81.0
100.0 81.0
66.0 71.0
139.0 191.0
89.0 17.0
7.0 47.0
188.0 237.0
46.0 68.0
110.0 96.0
150.0 123.0
205.0 87.0
97.0 80.0
10.0 189.0
109.0 249.0
120.0 183.0
45.0 103.0
181.0 6.0
40.0 213.0
166.0 212.0
82.0 157.0
107.0 208.0
206.0 205.0
143.0 253.0
180.0 185.0
149.0 223.0
250.0 197.0
115.0 37.0
179.0 207.0
45.0 106.0
23.0 47.0
68.0 69.0
27.0 16.0
183.0 81.0
150.0 189.0
220.0 251.0
51.0 31.0
55.0 157.0
137.0 48.0
43.0 138.0
108.0 169.0
37.0 171.0
244.0 26.0
167.0 177.0
20.0 123.0
52.0 140.0
130.0 236.0
9.0 70.0
141.0 168.0
78.0 39.0
248.0 38.0
27.0 152.0
209.0 128.0
59.0 158.0
60.0 79.0
212.0 106.0
79.0 108.0
118.0 135.0
206.0 137.0
179.0 220.0
246.0 137.0
209.0 38.0
255.0 216.0
22.0 213.0
234.0 100.0
64.0 143.0
180.0 202.0
18.0 113.0
38.0 38.0
60.0 22.0
149.0 13.0
71.0 223.0
188.0 29.0
146.0 56.0
22.0 54.0
24.0 84.0
97.0 169.0
199.0 26.0
202.0 175.0
205.0 74.0
47.0 121.0
179.0 115.0
166.0 202.0
99.0 251.0
191.0 48.0
194.0 232.0
110.0 180.0
241.0 62.0
222.0 72.0
154.0 30.0
18.0 207.0
241.0 54.0
38.0 157.0
70.0 211.0
100.0 4.0
35.0 204.0
62.0 239.0
156.0 33.0
148.0 51.0
19.0 244.0
88.0 44.0
129.0 126.0
20.0 194.0
135.0 125.0
14.0 152.0
48.0 227.0
38.0 109.0
119.0 193.0
99.0 233.0
69.0 251.0
252.0 210.0
207.0 34.0
116.0 67.0
27.0 12.0
150.0 166.0
205.0 18.0
26.0 193.0
169.0 41.0
187.0 121.0
66.0 252.0
46.0 113.0
201.0 57.0
56.0 253.0
69.0 12.0
237.0 131.0
21.0 22.0
252.0 76.0
240.0 47.0
238.0 226.0
231.0 106.0
124.0 39.0
129.0 143.0
22.0 87.0
104.0 238.0
5.0 131.0
102.0 43.0
48.0 158.0
66.0 72.0
29.0 42.0
211.0 122.0
181.0 99.0
147.0 22.0
60.0 82.0
81.0 184.0
5.0 34.0
200.0 224.0
58.0 146.0
152.0 10.0
167.0 172.0
66.0 66.0
42.0 173.0
160.0 15.0
101.0 248.0
26.0 147.0
248.0 191.0
227.0 164.0
39.0 71.0
198.0 53.0
129.0 64.0
206.0 15.0
154.0 144.0
223.0 51.0
66.0 107.0
119.0 233.0
233.0 160.0
126.0 119.0
150.0 141.0
107.0 12.0
237.0 28.0
235.0 125.0
179.0 142.0
219.0 214.0
144.0 72.0
33.0 109.0
243.0 130.0
217.0 143.0
167.0 230.0
42.0 206.0
252.0 110.0
225.0 74.0
17.0 180.0
150.0 157.0
71.0 24.0
119.0 131.0
46.0 235.0
238.0 252.0
85.0 243.0
58.0 190.0
159.0 135.0
233.0 68.0
118.0 70.0
202.0 132.0
135.0 130.0
206.0 151.0
52.0 67.0
100.0 98.0
199.0 211.0
144.0 21.0
27.0 82.0
35.0 129.0
17.0 111.0
56.0 72.0
107.0 138.0
231.0 38.0
178.0 221.0
201.0 85.0
15.0 34.0
77.0 159.0
99.0 34.0
170.0 125.0
92.0 32.0
181.0 94.0
189.0 235.0
117.0 38.0
84.0 9.0
188.0 86.0
153.0 68.0
39.0 105.0
127.0 203.0
202.0 123.0
79.0 123.0
253.0 15.0
73.0 176.0
196.0 188.0
169.0 124.0
155.0 30.0
38.0 113.0
45.0 240.0
228.0 148.0
168.0 197.0
244.0 95.0
35.0 71.0
57.0 109.0
232.0 252.0
117.0 197.0
253.0 152.0
122.0 137.0
237.0 80.0
185.0 81.0
196.0 124.0
106.0 253.0
236.0 118.0
192.0 138.0
14.0 10.0
244.0 188.0
96.0 52.0
48.0 134.0
235.0 56.0
51.0 231.0
211.0 213.0
242.0 183.0
88.0 96.0
48.0 227.0
122.0 26.0
73.0 177.0
100.0 236.0
179.0 108.0
200.0 144.0
104.0 65.0
20.0 84.0
203.0 85.0
252.0 144.0
186.0 102.0
14.0 86.0
11.0 96.0
192.0 153.0
209.0 184.0
196.0 90.0
194.0 180.0
103.0 40.0
159.0 146.0
175.0 62.0
27.0 117.0
153.0 33.0
163.0 152.0
191.0 36.0
204.0 227.0
144.0 160.0
86.0 59.0
15.0 175.0
230.0 193.0
126.0 112.0
118.0 107.0
186.0 104.0
80.0 34.0
202.0 163.0
162.0 94.0
23.0 84.0
250.0 123.0
115.0 44.0
209.0 120.0
207.0 218.0
91.0 88.0
22.0 102.0
29.0 66.0
139.0 246.0
19.0 251.0
63.0 168.0
66.0 149.0
149.0 109.0
16.0 228.0
122.0 208.0
189.0 206.0
192.0 134.0
11.0 34.0
122.0 182.0
123.0 60.0
154.0 192.0
42.0 119.0
247.0 198.0
232.0 101.0
164.0 19.0
46.0 160.0
243.0 111.0
251.0 215.0
7.0 242.0
208.0 27.0
99.0 172.0
105.0 171.0
20.0 58.0
146.0 255.0
78.0 116.0
190.0 106.0
128.0 146.0
183.0 182.0
143.0 62.0
222.0 226.0
85.0 197.0
208.0 123.0
197.0 93.0
63.0 81.0
110.0 208.0
97.0 179.0
242.0 145.0
118.0 84.0
245.0 137.0
251.0 83.0
109.0 91.0
188.0 97.0
77.0 38.0
182.0 206.0
80.0 117.0
171.0 244.0
212.0 113.0
213.0 80.0
106.0 50.0
201.0 62.0
98.0 211.0
227.0 80.0
156.0 232.0
140.0 123.0
96.0 239.0
53.0 139.0
163.0 90.0
255.0 231.0
166.0 38.0
102.0 101.0
98.0 253.0
255.0 113.0
35.0 157.0
191.0 116.0
148.0 117.0
