1
2048 1 3.0 0.0 1000.0 3 160 240 100

6.5 13.5 29.3 58.5
13.0 27.0 58.5 117.0
19.5 40.5 87.8 175.5
26.0 54.0 117.0 234.0
39.0 81.0 175.5 351.0
52.0 108.0 234.0 468.0
58.5 121.5 263.3 526.5
65.0 135.0 292.5 585.0
78.0 162.0 351.0 702.0
0.0 180.0 390.0 780.0

2.0 5.0 8.0 11.0
5.0 8.0 11.0 14.0
9.0 12.0 15.0 18.0
11.0 14.0 17.0 20.0
15.0 18.0 21.0 24.0
18.0 21.0 24.0 27.0
20.0 23.0 26.0 29.0
25.0 28.0 31.0 34.0
29.0 32.0 35.0 38.0
0.0 34.0 37.0 40.0

189.0 95.0
50.0 142.0
19.0 212.0
200.0 223.0
33.0 233.0
20.0 233.0
207.0 103.0
136.0 61.0
177.0 239.0
51.0 42.0
37.0 58.0
218.0 131.0
202.0 172.0
128.0 194.0
38.0 92.0
231.0 188.0
0.0 163.0
106.0 92.0
77.0 213.0
98.0 239.0
180.0 6.0
188.0 34.0
157.0 104.0
208.0 82.0
164.0 98.0
24.0 85.0
233.0 211.0
187.0 160.0
126.0 82.0
49.0 63.0
181.0 116.0
211.0 91.0
140.0 97.0
184.0 27.0
22.0 55.0
248.0 18.0
155.0 228.0
24.0 137.0
60.0 217.0
104.0 134.0
182.0 59.0
145.0 8.0
25.0 198.0
141.0 24.0
65.0 184.0
148.0 188.0
123.0 231.0
56.0 184.0
204.0 63.0
64.0 137.0
97.0 72.0
71.0 111.0
120.0 90.0
5.0 67.0
191.0 162.0
194.0 62.0
220.0 9.0
173.0 41.0
132.0 192.0
141.0 137.0
148.0 37.0
111.0 190.0
3.0 201.0
69.0 40.0
97.0 83.0
71.0 174.0
146.0 68.0
229.0 148.0
199.0 182.0
114.0 15.0
202.0 42.0
178.0 18.0
124.0 21.0
82.0 186.0
174.0 171.0
163.0 203.0
16.0 177.0
55.0 59.0
137.0 11.0
58.0 249.0
134.0 199.0
171.0 113.0
220.0 231.0
226.0 9.0
74.0 155.0
190.0 0.0
225.0 10.0
186.0 133.0
202.0 22.0
169.0 123.0
29.0 76.0
204.0 126.0
171.0 35.0
128.0 72.0
123.0 25.0
190.0 81.0
142.0 137.0
74.0 72.0
172.0 49.0
14.0 229.0
92.0 134.0
28.0 36.0
222.0 186.0
131.0 174.0
76.0 202.0
149.0 131.0
181.0 229.0
130.0 180.0
77.0 97.0
111.0 205.0
190.0 155.0
87.0 153.0
61.0 219.0
90.0 219.0
15.0 219.0
87.0 171.0
111.0 133.0
234.0 40.0
89.0 65.0
60.0 209.0
30.0 182.0
9.0 249.0
70.0 246.0
31.0 169.0
15.0 70.0
23.0 49.0
49.0 24.0
184.0 92.0
46.0 31.0
222.0 191.0
19.0 68.0
93.0 184.0
107.0 218.0
74.0 5.0
5.0 185.0
7.0 26.0
115.0 178.0
109.0 190.0
199.0 202.0
70.0 91.0
178.0 47.0
214.0 223.0
249.0 126.0
77.0 197.0
68.0 85.0
26.0 7.0
68.0 209.0
173.0 19.0
21.0 175.0
76.0 154.0
37.0 41.0
94.0 41.0
248.0 163.0
38.0 7.0
228.0 43.0
84.0 54.0
30.0 170.0
228.0 36.0
23.0 246.0
124.0 105.0
17.0 231.0
208.0 230.0
3.0 213.0
74.0 245.0
112.0 167.0
132.0 112.0
237.0 247.0
129.0 214.0
67.0 33.0
207.0 4.0
84.0 3.0
190.0 188.0
154.0 43.0
145.0 157.0
144.0 120.0
50.0 205.0
52.0 75.0
225.0 135.0
233.0 16.0
244.0 158.0
61.0 155.0
99.0 68.0
248.0 204.0
213.0 217.0
28.0 19.0
207.0 152.0
55.0 15.0
130.0 62.0
102.0 147.0
186.0 21.0
23.0 102.0
44.0 52.0
204.0 141.0
140.0 118.0
78.0 90.0
186.0 201.0
70.0 59.0
153.0 185.0
151.0 7.0
90.0 92.0
10.0 102.0
161.0 3.0
147.0 127.0
130.0 96.0
0.0 7.0
67.0 1.0
65.0 75.0
114.0 30.0
225.0 33.0
221.0 116.0
129.0 100.0
56.0 124.0
212.0 171.0
136.0 21.0
71.0 119.0
245.0 168.0
167.0 179.0
69.0 104.0
183.0 165.0
243.0 223.0
147.0 99.0
96.0 66.0
15.0 116.0
189.0 18.0
194.0 105.0
42.0 14.0
91.0 75.0
22.0 150.0
37.0 71.0
161.0 187.0
26.0 25.0
10.0 226.0
24.0 223.0
169.0 162.0
154.0 149.0
210.0 59.0
118.0 22.0
29.0 197.0
63.0 163.0
217.0 51.0
112.0 119.0
89.0 67.0
143.0 65.0
107.0 138.0
171.0 39.0
213.0 13.0
29.0 153.0
165.0 162.0
87.0 202.0
30.0 203.0
73.0 203.0
52.0 60.0
115.0 157.0
169.0 55.0
197.0 174.0
20.0 239.0
11.0 162.0
104.0 56.0
31.0 61.0
46.0 247.0
167.0 224.0
250.0 215.0
192.0 34.0
35.0 149.0
189.0 238.0
159.0 246.0
74.0 225.0
181.0 193.0
67.0 82.0
215.0 137.0
49.0 46.0
142.0 174.0
51.0 58.0
195.0 210.0
178.0 158.0
138.0 102.0
108.0 51.0
55.0 54.0
71.0 221.0
98.0 55.0
91.0 25.0
98.0 205.0
16.0 46.0
243.0 92.0
235.0 237.0
122.0 197.0
4.0 24.0
206.0 101.0
121.0 36.0
180.0 113.0
29.0 213.0
91.0 205.0
207.0 140.0
86.0 5.0
26.0 195.0
83.0 105.0
86.0 242.0
32.0 63.0
81.0 94.0
225.0 232.0
63.0 87.0
192.0 158.0
45.0 122.0
9.0 79.0
194.0 140.0
194.0 122.0
156.0 19.0
134.0 102.0
161.0 218.0
82.0 166.0
65.0 38.0
71.0 45.0
102.0 214.0
134.0 32.0
131.0 64.0
56.0 83.0
24.0 38.0
183.0 24.0
108.0 28.0
130.0 145.0
175.0 145.0
39.0 31.0
108.0 212.0
107.0 45.0
249.0 34.0
158.0 177.0
203.0 92.0
98.0 56.0
49.0 82.0
171.0 216.0
54.0 76.0
206.0 32.0
230.0 99.0
159.0 48.0
183.0 27.0
26.0 226.0
7.0 222.0
34.0 234.0
13.0 186.0
73.0 157.0
189.0 23.0
161.0 131.0
55.0 121.0
7.0 167.0
174.0 211.0
103.0 26.0
119.0 88.0
39.0 43.0
27.0 46.0
90.0 142.0
166.0 158.0
138.0 60.0
16.0 99.0
117.0 139.0
181.0 8.0
163.0 95.0
232.0 221.0
23.0 238.0
196.0 233.0
49.0 174.0
161.0 110.0
185.0 95.0
75.0 69.0
166.0 70.0
100.0 89.0
203.0 43.0
207.0 135.0
239.0 100.0
20.0 227.0
199.0 82.0
203.0 84.0
179.0 217.0
20.0 174.0
107.0 242.0
6.0 36.0
232.0 46.0
234.0 88.0
70.0 193.0
7.0 153.0
45.0 226.0
73.0 31.0
87.0 229.0
68.0 2.0
37.0 189.0
174.0 195.0
14.0 243.0
55.0 71.0
196.0 243.0
187.0 110.0
63.0 81.0
26.0 55.0
178.0 97.0
8.0 179.0
160.0 138.0
182.0 57.0
81.0 192.0
112.0 186.0
41.0 79.0
219.0 57.0
28.0 213.0
77.0 142.0
218.0 58.0
198.0 39.0
165.0 168.0
204.0 97.0
179.0 54.0
57.0 148.0
219.0 145.0
88.0 45.0
206.0 210.0
154.0 249.0
232.0 133.0
24.0 44.0
179.0 39.0
193.0 8.0
96.0 25.0
118.0 172.0
245.0 132.0
179.0 139.0
12.0 182.0
241.0 209.0
231.0 234.0
13.0 167.0
3.0 178.0
176.0 148.0
162.0 69.0
115.0 103.0
107.0 114.0
112.0 181.0
27.0 37.0
185.0 142.0
115.0 103.0
84.0 20.0
157.0 157.0
234.0 15.0
241.0 77.0
9.0 192.0
85.0 132.0
21.0 124.0
92.0 18.0
167.0 159.0
33.0 167.0
247.0 74.0
66.0 10.0
23.0 175.0
130.0 146.0
154.0 237.0
48.0 216.0
6.0 212.0
242.0 71.0
141.0 219.0
35.0 165.0
118.0 123.0
49.0 112.0
24.0 104.0
67.0 234.0
4.0 127.0
232.0 160.0
71.0 102.0
79.0 174.0
104.0 21.0
148.0 249.0
178.0 226.0
53.0 86.0
13.0 232.0
122.0 229.0
67.0 123.0
108.0 193.0
174.0 81.0
227.0 54.0
133.0 179.0
126.0 56.0
27.0 137.0
177.0 75.0
53.0 32.0
67.0 98.0
248.0 45.0
213.0 202.0
50.0 113.0
84.0 56.0
184.0 185.0
100.0 58.0
175.0 86.0
57.0 2.0
134.0 53.0
114.0 16.0
225.0 74.0
187.0 43.0
79.0 229.0
142.0 222.0
200.0 28.0
15.0 79.0
249.0 66.0
26.0 246.0
135.0 134.0
239.0 2.0
148.0 212.0
13.0 230.0
219.0 117.0
212.0 199.0
156.0 107.0
205.0 155.0
51.0 79.0
242.0 241.0
102.0 62.0
114.0 110.0
167.0 234.0
62.0 133.0
156.0 62.0
210.0 177.0
216.0 172.0
112.0 246.0
187.0 152.0
82.0 69.0
153.0 37.0
240.0 62.0
202.0 47.0
92.0 133.0
80.0 214.0
205.0 101.0
243.0 73.0
139.0 109.0
105.0 189.0
113.0 157.0
118.0 83.0
163.0 5.0
101.0 175.0
151.0 221.0
87.0 210.0
16.0 219.0
227.0 145.0
242.0 212.0
135.0 85.0
66.0 35.0
106.0 141.0
14.0 143.0
202.0 147.0
176.0 116.0
15.0 245.0
184.0 96.0
240.0 166.0
161.0 120.0
221.0 64.0
0.0 135.0
239.0 116.0
113.0 58.0
91.0 133.0
112.0 20.0
79.0 0.0
221.0 34.0
100.0 83.0
236.0 117.0
86.0 27.0
199.0 217.0
97.0 224.0
4.0 106.0
185.0 249.0
201.0 204.0
232.0 151.0
108.0 137.0
242.0 43.0
110.0 111.0
147.0 248.0
131.0 29.0
10.0 54.0
53.0 52.0
54.0 231.0
165.0 170.0
11.0 232.0
47.0 104.0
102.0 89.0
120.0 216.0
23.0 84.0
116.0 149.0
120.0 50.0
78.0 226.0
4.0 19.0
35.0 214.0
147.0 207.0
72.0 110.0
117.0 155.0
62.0 178.0
94.0 166.0
173.0 12.0
202.0 215.0
26.0 235.0
187.0 103.0
246.0 245.0
84.0 152.0
163.0 218.0
47.0 96.0
16.0 171.0
90.0 93.0
62.0 176.0
50.0 111.0
53.0 133.0
148.0 22.0
105.0 78.0
72.0 15.0
65.0 73.0
93.0 36.0
12.0 3.0
11.0 245.0
115.0 214.0
61.0 75.0
134.0 209.0
206.0 4.0
137.0 172.0
81.0 246.0
107.0 200.0
120.0 110.0
136.0 124.0
14.0 99.0
246.0 161.0
172.0 122.0
180.0 174.0
184.0 15.0
51.0 144.0
93.0 126.0
81.0 13.0
107.0 36.0
204.0 120.0
173.0 36.0
115.0 22.0
169.0 57.0
183.0 38.0
26.0 64.0
178.0 187.0
138.0 220.0
108.0 243.0
10.0 209.0
239.0 188.0
136.0 155.0
211.0 157.0
157.0 148.0
220.0 59.0
193.0 184.0
33.0 65.0
5.0 162.0
183.0 27.0
12.0 119.0
0.0 162.0
200.0 212.0
187.0 161.0
61.0 20.0
226.0 212.0
238.0 38.0
199.0 203.0
127.0 54.0
183.0 216.0
238.0 175.0
181.0 218.0
203.0 57.0
117.0 184.0
98.0 231.0
237.0 165.0
83.0 199.0
70.0 174.0
181.0 80.0
169.0 39.0
39.0 102.0
145.0 190.0
143.0 80.0
105.0 191.0
203.0 66.0
135.0 81.0
32.0 190.0
40.0 213.0
41.0 240.0
140.0 59.0
30.0 125.0
183.0 0.0
25.0 154.0
53.0 224.0
221.0 151.0
230.0 128.0
146.0 200.0
26.0 199.0
248.0 173.0
193.0 166.0
127.0 217.0
60.0 16.0
247.0 214.0
149.0 41.0
228.0 31.0
77.0 130.0
171.0 181.0
46.0 100.0
249.0 97.0
113.0 170.0
136.0 25.0
181.0 218.0
128.0 93.0
244.0 73.0
167.0 193.0
237.0 100.0
235.0 120.0
129.0 203.0
207.0 219.0
239.0 136.0
8.0 106.0
42.0 105.0
28.0 102.0
65.0 198.0
38.0 57.0
18.0 243.0
157.0 85.0
136.0 242.0
2.0 19.0
243.0 123.0
203.0 212.0
154.0 89.0
33.0 139.0
45.0 153.0
201.0 39.0
19.0 32.0
195.0 182.0
143.0 127.0
101.0 122.0
47.0 107.0
148.0 146.0
242.0 213.0
31.0 160.0
114.0 189.0
155.0 89.0
132.0 54.0
202.0 166.0
104.0 18.0
51.0 50.0
141.0 122.0
85.0 39.0
33.0 30.0
30.0 180.0
82.0 189.0
233.0 169.0
219.0 132.0
157.0 223.0
65.0 52.0
125.0 190.0
143.0 24.0
204.0 203.0
43.0 124.0
154.0 16.0
95.0 218.0
193.0 209.0
232.0 25.0
135.0 25.0
5.0 111.0
26.0 143.0
8.0 43.0
210.0 29.0
81.0 238.0
72.0 57.0
176.0 96.0
23.0 140.0
110.0 96.0
88.0 210.0
230.0 60.0
42.0 165.0
78.0 139.0
91.0 215.0
220.0 101.0
146.0 161.0
196.0 96.0
75.0 145.0
115.0 122.0
114.0 13.0
1.0 212.0
177.0 240.0
26.0 214.0
134.0 161.0
112.0 56.0
176.0 77.0
167.0 225.0
199.0 119.0
55.0 9.0
206.0 71.0
191.0 75.0
37.0 130.0
3.0 68.0
49.0 207.0
249.0 195.0
177.0 114.0
75.0 76.0
132.0 105.0
175.0 218.0
35.0 11.0
56.0 18.0
114.0 47.0
157.0 27.0
153.0 156.0
177.0 248.0
177.0 102.0
20.0 73.0
200.0 52.0
59.0 29.0
146.0 215.0
5.0 39.0
127.0 182.0
223.0 3.0
81.0 136.0
150.0 25.0
83.0 212.0
17.0 226.0
183.0 60.0
175.0 88.0
234.0 232.0
98.0 134.0
174.0 118.0
221.0 36.0
102.0 143.0
89.0 66.0
0.0 78.0
79.0 98.0
44.0 76.0
45.0 229.0
248.0 132.0
40.0 79.0
6.0 218.0
82.0 217.0
143.0 161.0
228.0 153.0
173.0 155.0
72.0 215.0
2.0 78.0
47.0 136.0
137.0 134.0
7.0 17.0
26.0 144.0
123.0 148.0
211.0 89.0
165.0 218.0
43.0 127.0
102.0 8.0
14.0 76.0
205.0 232.0
89.0 170.0
199.0 8.0
205.0 241.0
62.0 228.0
200.0 1.0
96.0 186.0
228.0 183.0
21.0 134.0
24.0 116.0
92.0 214.0
213.0 102.0
92.0 80.0
157.0 46.0
112.0 39.0
144.0 94.0
59.0 136.0
52.0 88.0
205.0 144.0
166.0 231.0
83.0 3.0
140.0 136.0
159.0 57.0
176.0 38.0
232.0 247.0
30.0 216.0
100.0 230.0
42.0 7.0
66.0 226.0
172.0 124.0
212.0 166.0
113.0 3.0
138.0 78.0
101.0 21.0
193.0 169.0
103.0 205.0
60.0 140.0
136.0 120.0
71.0 93.0
15.0 203.0
238.0 176.0
170.0 95.0
18.0 206.0
197.0 116.0
158.0 40.0
157.0 69.0
20.0 59.0
171.0 120.0
105.0 154.0
190.0 85.0
46.0 222.0
117.0 248.0
177.0 162.0
38.0 148.0
66.0 20.0
114.0 100.0
232.0 149.0
7.0 1.0
77.0 139.0
33.0 75.0
127.0 42.0
20.0 226.0
225.0 231.0
204.0 14.0
148.0 76.0
19.0 75.0
182.0 138.0
221.0 110.0
230.0 186.0
88.0 132.0
127.0 117.0
22.0 234.0
107.0 213.0
148.0 193.0
220.0 183.0
118.0 31.0
17.0 48.0
111.0 240.0
188.0 205.0
79.0 169.0
79.0 81.0
125.0 129.0
156.0 115.0
185.0 124.0
225.0 82.0
21.0 116.0
85.0 124.0
79.0 110.0
59.0 149.0
89.0 103.0
202.0 55.0
80.0 42.0
12.0 88.0
74.0 223.0
49.0 168.0
5.0 148.0
186.0 97.0
242.0 141.0
13.0 121.0
145.0 117.0
234.0 141.0
163.0 194.0
223.0 162.0
10.0 142.0
181.0 138.0
73.0 2.0
195.0 205.0
210.0 245.0
35.0 68.0
196.0 164.0
75.0 148.0
125.0 8.0
85.0 158.0
145.0 172.0
136.0 65.0
201.0 76.0
245.0 240.0
38.0 168.0
130.0 139.0
29.0 69.0
73.0 170.0
188.0 162.0
135.0 228.0
66.0 19.0
98.0 184.0
12.0 96.0
12.0 169.0
125.0 213.0
70.0 68.0
10.0 122.0
103.0 207.0
15.0 61.0
10.0 250.0
216.0 217.0
47.0 172.0
192.0 120.0
189.0 213.0
219.0 21.0
76.0 28.0
68.0 146.0
161.0 90.0
152.0 10.0
185.0 167.0
83.0 48.0
219.0 63.0
8.0 136.0
34.0 74.0
169.0 120.0
153.0 205.0
166.0 60.0
223.0 248.0
248.0 179.0
189.0 127.0
1.0 100.0
42.0 234.0
109.0 231.0
223.0 54.0
199.0 17.0
103.0 155.0
67.0 35.0
238.0 226.0
161.0 22.0
194.0 123.0
14.0 202.0
18.0 217.0
107.0 117.0
13.0 137.0
239.0 197.0
43.0 73.0
17.0 160.0
128.0 110.0
147.0 110.0
184.0 131.0
34.0 14.0
58.0 140.0
243.0 94.0
71.0 153.0
193.0 164.0
95.0 156.0
19.0 73.0
19.0 135.0
109.0 177.0
235.0 56.0
104.0 104.0
129.0 182.0
5.0 125.0
100.0 222.0
64.0 16.0
187.0 72.0
192.0 98.0
228.0 30.0
223.0 210.0
244.0 115.0
127.0 189.0
97.0 232.0
126.0 227.0
245.0 213.0
195.0 61.0
14.0 85.0
26.0 229.0
87.0 220.0
55.0 237.0
250.0 102.0
12.0 246.0
229.0 237.0
210.0 228.0
28.0 54.0
165.0 94.0
224.0 221.0
146.0 124.0
9.0 84.0
100.0 53.0
59.0 24.0
195.0 33.0
141.0 80.0
40.0 209.0
170.0 245.0
213.0 228.0
244.0 163.0
19.0 73.0
3.0 13.0
232.0 141.0
209.0 174.0
128.0 102.0
13.0 85.0
185.0 69.0
193.0 31.0
132.0 246.0
202.0 122.0
92.0 219.0
170.0 88.0
129.0 155.0
95.0 28.0
80.0 230.0
226.0 109.0
89.0 157.0
9.0 227.0
110.0 18.0
216.0 249.0
172.0 141.0
6.0 240.0
37.0 103.0
164.0 143.0
188.0 225.0
141.0 208.0
129.0 18.0
21.0 8.0
80.0 68.0
144.0 216.0
167.0 187.0
168.0 104.0
51.0 214.0
146.0 57.0
3.0 142.0
33.0 199.0
209.0 93.0
87.0 48.0
206.0 205.0
189.0 156.0
112.0 45.0
175.0 43.0
159.0 17.0
80.0 10.0
83.0 248.0
20.0 243.0
244.0 26.0
224.0 182.0
165.0 178.0
73.0 199.0
230.0 67.0
37.0 170.0
106.0 221.0
236.0 118.0
4.0 161.0
143.0 131.0
229.0 58.0
31.0 112.0
244.0 153.0
54.0 195.0
80.0 211.0
191.0 246.0
192.0 63.0
77.0 164.0
220.0 115.0
52.0 31.0
125.0 33.0
100.0 197.0
35.0 86.0
126.0 220.0
157.0 236.0
109.0 126.0
193.0 84.0
223.0 38.0
10.0 131.0
69.0 9.0
123.0 107.0
249.0 229.0
108.0 172.0
45.0 70.0
137.0 135.0
57.0 26.0
130.0 124.0
192.0 118.0
75.0 213.0
228.0 195.0
154.0 81.0
228.0 103.0
93.0 68.0
146.0 248.0
247.0 84.0
24.0 161.0
221.0 125.0
5.0 226.0
148.0 199.0
181.0 35.0
72.0 62.0
121.0 167.0
157.0 189.0
229.0 239.0
66.0 2.0
160.0 126.0
99.0 151.0
52.0 98.0
50.0 249.0
182.0 134.0
10.0 241.0
191.0 33.0
191.0 166.0
97.0 220.0
140.0 125.0
125.0 221.0
14.0 90.0
187.0 110.0
182.0 2.0
176.0 246.0
206.0 142.0
40.0 244.0
65.0 116.0
145.0 128.0
73.0 72.0
51.0 219.0
221.0 88.0
67.0 96.0
15.0 2.0
87.0 47.0
176.0 227.0
204.0 234.0
139.0 206.0
213.0 98.0
99.0 177.0
151.0 124.0
155.0 29.0
86.0 100.0
191.0 31.0
186.0 114.0
158.0 101.0
161.0 71.0
23.0 33.0
227.0 73.0
184.0 191.0
64.0 72.0
217.0 249.0
34.0 33.0
163.0 94.0
22.0 127.0
72.0 82.0
23.0 65.0
139.0 175.0
221.0 221.0
36.0 243.0
68.0 35.0
137.0 187.0
212.0 217.0
128.0 69.0
173.0 104.0
55.0 241.0
244.0 93.0
197.0 60.0
125.0 100.0
189.0 58.0
152.0 108.0
136.0 3.0
15.0 135.0
46.0 126.0
170.0 32.0
182.0 58.0
2.0 102.0
37.0 127.0
45.0 55.0
169.0 191.0
188.0 162.0
200.0 25.0
76.0 11.0
121.0 71.0
226.0 99.0
63.0 183.0
211.0 32.0
50.0 59.0
56.0 188.0
33.0 123.0
66.0 15.0
83.0 158.0
117.0 165.0
174.0 81.0
245.0 22.0
53.0 58.0
184.0 210.0
10.0 196.0
88.0 243.0
169.0 148.0
183.0 46.0
225.0 245.0
224.0 132.0
146.0 114.0
132.0 30.0
125.0 20.0
47.0 122.0
170.0 9.0
63.0 128.0
9.0 236.0
242.0 5.0
63.0 156.0
59.0 125.0
45.0 97.0
243.0 133.0
44.0 25.0
38.0 215.0
56.0 132.0
240.0 53.0
181.0 194.0
139.0 84.0
66.0 192.0
112.0 196.0
196.0 31.0
109.0 117.0
246.0 220.0
164.0 5.0
209.0 216.0
44.0 103.0
133.0 179.0
37.0 122.0
78.0 221.0
129.0 59.0
235.0 3.0
177.0 9.0
192.0 147.0
232.0 50.0
170.0 206.0
219.0 127.0
96.0 9.0
1.0 141.0
190.0 16.0
186.0 53.0
77.0 122.0
56.0 81.0
226.0 164.0
105.0 155.0
82.0 204.0
192.0 121.0
90.0 205.0
180.0 199.0
92.0 63.0
178.0 76.0
178.0 230.0
139.0 20.0
82.0 5.0
56.0 5.0
90.0 123.0
134.0 124.0
185.0 81.0
51.0 142.0
1.0 209.0
67.0 101.0
197.0 49.0
218.0 199.0
195.0 183.0
219.0 226.0
28.0 181.0
208.0 165.0
102.0 199.0
57.0 110.0
247.0 28.0
22.0 227.0
247.0 226.0
85.0 47.0
81.0 34.0
122.0 188.0
208.0 67.0
133.0 164.0
243.0 112.0
45.0 9.0
226.0 151.0
192.0 3.0
225.0 59.0
118.0 93.0
80.0 230.0
172.0 174.0
168.0 192.0
169.0 201.0
113.0 106.0
219.0 176.0
196.0 70.0
105.0 100.0
25.0 8.0
206.0 46.0
77.0 184.0
218.0 100.0
63.0 248.0
24.0 175.0
95.0 235.0
119.0 74.0
230.0 33.0
50.0 195.0
5.0 135.0
152.0 109.0
144.0 54.0
171.0 49.0
197.0 92.0
177.0 150.0
158.0 226.0
230.0 116.0
189.0 161.0
86.0 17.0
137.0 208.0
22.0 25.0
84.0 140.0
193.0 169.0
248.0 79.0
227.0 27.0
103.0 179.0
104.0 89.0
148.0 37.0
133.0 51.0
84.0 229.0
209.0 170.0
192.0 7.0
42.0 68.0
55.0 210.0
154.0 218.0
36.0 22.0
225.0 147.0
24.0 18.0
189.0 205.0
10.0 9.0
58.0 61.0
96.0 246.0
241.0 145.0
143.0 110.0
204.0 83.0
47.0 249.0
118.0 211.0
196.0 143.0
227.0 89.0
240.0 175.0
188.0 234.0
104.0 101.0
5.0 102.0
238.0 81.0
178.0 189.0
175.0 56.0
67.0 134.0
4.0 22.0
213.0 64.0
201.0 83.0
241.0 222.0
65.0 229.0
219.0 211.0
71.0 93.0
216.0 23.0
249.0 249.0
62.0 84.0
44.0 193.0
169.0 87.0
135.0 181.0
56.0 219.0
36.0 200.0
55.0 197.0
91.0 122.0
207.0 79.0
55.0 181.0
214.0 139.0
7.0 211.0
73.0 157.0
150.0 151.0
139.0 32.0
125.0 134.0
111.0 194.0
19.0 43.0
61.0 97.0
70.0 219.0
141.0 149.0
122.0 87.0
195.0 229.0
209.0 1.0
47.0 32.0
198.0 212.0
54.0 7.0
234.0 123.0
94.0 249.0
57.0 108.0
177.0 14.0
58.0 207.0
235.0 53.0
4.0 62.0
163.0 90.0
186.0 64.0
27.0 3.0
46.0 193.0
137.0 149.0
157.0 122.0
43.0 41.0
238.0 228.0
8.0 171.0
202.0 187.0
145.0 67.0
50.0 166.0
161.0 13.0
230.0 180.0
246.0 134.0
137.0 235.0
199.0 151.0
25.0 212.0
186.0 143.0
114.0 238.0
109.0 232.0
26.0 117.0
99.0 161.0
242.0 191.0
237.0 59.0
60.0 88.0
145.0 229.0
129.0 103.0
178.0 137.0
167.0 22.0
225.0 52.0
69.0 41.0
230.0 154.0
123.0 201.0
70.0 177.0
168.0 99.0
18.0 21.0
55.0 202.0
60.0 48.0
98.0 137.0
168.0 96.0
8.0 138.0
165.0 62.0
131.0 184.0
168.0 219.0
96.0 113.0
119.0 235.0
71.0 114.0
14.0 179.0
115.0 28.0
210.0 125.0
196.0 222.0
50.0 244.0
232.0 93.0
64.0 128.0
107.0 88.0
101.0 121.0
141.0 184.0
36.0 11.0
90.0 81.0
29.0 235.0
41.0 168.0
95.0 81.0
127.0 156.0
101.0 176.0
83.0 62.0
71.0 87.0
174.0 43.0
27.0 224.0
143.0 166.0
144.0 2.0
90.0 219.0
51.0 48.0
54.0 30.0
194.0 56.0
82.0 32.0
216.0 211.0
175.0 143.0
140.0 129.0
45.0 105.0
189.0 126.0
162.0 205.0
150.0 151.0
178.0 145.0
3.0 49.0
75.0 124.0
80.0 121.0
239.0 20.0
108.0 28.0
197.0 96.0
35.0 124.0
77.0 6.0
95.0 146.0
176.0 154.0
165.0 216.0
50.0 46.0
222.0 207.0
138.0 61.0
81.0 62.0
226.0 174.0
117.0 229.0
120.0 162.0
0.0 191.0
217.0 211.0
36.0 120.0
219.0 82.0
17.0 5.0
45.0 118.0
43.0 168.0
75.0 139.0
104.0 147.0
144.0 123.0
244.0 210.0
54.0 96.0
233.0 133.0
137.0 5.0
195.0 115.0
23.0 128.0
232.0 92.0
11.0 156.0
122.0 200.0
78.0 137.0
10.0 13.0
54.0 44.0
49.0 204.0
105.0 23.0
16.0 104.0
199.0 209.0
249.0 199.0
53.0 52.0
65.0 159.0
129.0 154.0
104.0 62.0
34.0 188.0
156.0 40.0
30.0 25.0
30.0 125.0
134.0 16.0
150.0 155.0
120.0 183.0
68.0 140.0
60.0 131.0
188.0 66.0
65.0 66.0
35.0 179.0
241.0 116.0
225.0 86.0
169.0 195.0
99.0 92.0
12.0 243.0
53.0 1.0
214.0 212.0
152.0 148.0
8.0 250.0
185.0 40.0
64.0 71.0
118.0 237.0
140.0 102.0
235.0 217.0
167.0 10.0
52.0 6.0
29.0 79.0
154.0 167.0
79.0 169.0
176.0 60.0
25.0 87.0
210.0 107.0
128.0 246.0
212.0 85.0
180.0 56.0
85.0 47.0
109.0 48.0
138.0 46.0
55.0 55.0
204.0 114.0
113.0 74.0
7.0 56.0
240.0 1.0
184.0 132.0
133.0 3.0
178.0 64.0
202.0 79.0
20.0 69.0
67.0 207.0
111.0 223.0
89.0 4.0
136.0 236.0
231.0 168.0
85.0 69.0
126.0 2.0
172.0 100.0
36.0 174.0
213.0 133.0
207.0 128.0
145.0 101.0
164.0 171.0
139.0 114.0
81.0 50.0
84.0 90.0
157.0 137.0
37.0 239.0
239.0 180.0
44.0 14.0
17.0 115.0
36.0 177.0
138.0 11.0
100.0 216.0
205.0 22.0
191.0 139.0
128.0 50.0
209.0 246.0
159.0 109.0
141.0 45.0
218.0 221.0
60.0 31.0
208.0 208.0
60.0 113.0
48.0 99.0
39.0 48.0
8.0 120.0
40.0 20.0
191.0 120.0
183.0 120.0
120.0 39.0
24.0 236.0
165.0 123.0
249.0 208.0
115.0 131.0
164.0 177.0
32.0 114.0
19.0 71.0
62.0 134.0
235.0 41.0
198.0 120.0
224.0 179.0
56.0 119.0
221.0 194.0
48.0 4.0
204.0 246.0
119.0 22.0
205.0 6.0
47.0 127.0
186.0 9.0
139.0 88.0
189.0 235.0
159.0 222.0
43.0 128.0
200.0 84.0
208.0 97.0
238.0 111.0
176.0 89.0
175.0 172.0
128.0 154.0
245.0 136.0
134.0 221.0
222.0 56.0
242.0 123.0
171.0 181.0
93.0 216.0
53.0 39.0
46.0 7.0
55.0 164.0
78.0 18.0
88.0 99.0
60.0 155.0
189.0 110.0
51.0 211.0
141.0 124.0
86.0 128.0
181.0 201.0
232.0 27.0
242.0 177.0
6.0 10.0
204.0 162.0
45.0 106.0
238.0 159.0
18.0 15.0
93.0 108.0
37.0 118.0
31.0 2.0
166.0 43.0
140.0 244.0
181.0 143.0
94.0 22.0
49.0 32.0
231.0 14.0
151.0 168.0
128.0 38.0
85.0 5.0
183.0 111.0
220.0 80.0
242.0 155.0
193.0 172.0
170.0 181.0
148.0 34.0
25.0 68.0
41.0 213.0
101.0 137.0
179.0 66.0
141.0 27.0
203.0 131.0
89.0 179.0
32.0 80.0
74.0 74.0
135.0 29.0
118.0 152.0
3.0 76.0
131.0 182.0
66.0 200.0
56.0 130.0
58.0 14.0
108.0 181.0
194.0 156.0
108.0 81.0
40.0 157.0
206.0 78.0
62.0 209.0
124.0 5.0
116.0 48.0
112.0 161.0
232.0 244.0
95.0 158.0
86.0 236.0
89.0 5.0
136.0 45.0
244.0 243.0
184.0 110.0
212.0 3.0
230.0 60.0
71.0 193.0
241.0 248.0
131.0 56.0
76.0 225.0
232.0 172.0
86.0 123.0
223.0 38.0
223.0 220.0
123.0 159.0
70.0 65.0
16.0 164.0
14.0 37.0
55.0 7.0
66.0 95.0
14.0 137.0
201.0 232.0
126.0 84.0
93.0 247.0
30.0 200.0
229.0 236.0
182.0 142.0
174.0 26.0
181.0 214.0
76.0 102.0
241.0 12.0
66.0 100.0
139.0 137.0
20.0 59.0
238.0 25.0
215.0 123.0
37.0 41.0
206.0 5.0
238.0 22.0
94.0 49.0
138.0 20.0
140.0 52.0
227.0 76.0
11.0 74.0
159.0 134.0
236.0 16.0
116.0 61.0
45.0 72.0
104.0 5.0
38.0 207.0
70.0 181.0
219.0 147.0
4.0 190.0
246.0 156.0
51.0 92.0
30.0 198.0
166.0 208.0
168.0 159.0
196.0 244.0
227.0 87.0
79.0 96.0
221.0 244.0
145.0 52.0
196.0 68.0
84.0 116.0
113.0 205.0
208.0 50.0
91.0 83.0
186.0 244.0
72.0 70.0
242.0 119.0
77.0 55.0
146.0 59.0
11.0 125.0
101.0 193.0
56.0 51.0
213.0 162.0
229.0 126.0
57.0 50.0
18.0 200.0
125.0 249.0
56.0 71.0
45.0 66.0
122.0 221.0
6.0 208.0
39.0 152.0
119.0 73.0
149.0 209.0
42.0 127.0
56.0 20.0
237.0 162.0
185.0 39.0
36.0 72.0
234.0 236.0
17.0 98.0
180.0 14.0
3.0 26.0
47.0 31.0
56.0 186.0
233.0 140.0
142.0 98.0
206.0 243.0
225.0 236.0
4.0 144.0
92.0 145.0
234.0 76.0
35.0 239.0
107.0 118.0
76.0 161.0
93.0 37.0
222.0 135.0
117.0 158.0
73.0 81.0
231.0 177.0
150.0 50.0
75.0 124.0
123.0 108.0
188.0 32.0
189.0 121.0
95.0 149.0
166.0 186.0
121.0 105.0
162.0 33.0
219.0 17.0
17.0 18.0
144.0 47.0
8.0 159.0
136.0 44.0
120.0 220.0
76.0 142.0
27.0 150.0
133.0 76.0
187.0 17.0
8.0 224.0
79.0 127.0
168.0 236.0
115.0 80.0
38.0 159.0
121.0 85.0
181.0 38.0
50.0 156.0
57.0 9.0
198.0 141.0
14.0 11.0
212.0 85.0
218.0 4.0
21.0 240.0
75.0 180.0
128.0 109.0
200.0 199.0
249.0 210.0
119.0 52.0
125.0 74.0
152.0 198.0
106.0 30.0
9.0 225.0
223.0 172.0
191.0 47.0
206.0 188.0
99.0 242.0
50.0 70.0
70.0 204.0
212.0 4.0
106.0 63.0
151.0 85.0
157.0 180.0
198.0 47.0
90.0 43.0
63.0 250.0
80.0 249.0
104.0 15.0
182.0 23.0
46.0 162.0
187.0 84.0
138.0 209.0
167.0 176.0
71.0 234.0
166.0 212.0
16.0 216.0
67.0 218.0
220.0 229.0
234.0 144.0
163.0 194.0
75.0 120.0
86.0 185.0
240.0 75.0
242.0 109.0
242.0 195.0
89.0 135.0
78.0 6.0
140.0 76.0
18.0 173.0
50.0 216.0
19.0 187.0
47.0 158.0
38.0 157.0
162.0 67.0
102.0 240.0
228.0 6.0
18.0 71.0
235.0 119.0
201.0 88.0
141.0 220.0
146.0 234.0
87.0 179.0
135.0 76.0
7.0 43.0
79.0 177.0
197.0 148.0
217.0 146.0
211.0 30.0
190.0 82.0
18.0 36.0
97.0 197.0
170.0 51.0
168.0 224.0
44.0 118.0
34.0 10.0
20.0 8.0
116.0 29.0
38.0 121.0
220.0 97.0
26.0 156.0
7.0 130.0
17.0 68.0
29.0 122.0
63.0 119.0
136.0 48.0
145.0 148.0
71.0 247.0
65.0 18.0
178.0 116.0
136.0 235.0
169.0 41.0
44.0 51.0
243.0 29.0
57.0 195.0
141.0 78.0
85.0 166.0
40.0 140.0
153.0 88.0
6.0 84.0
155.0 207.0
32.0 125.0
67.0 149.0
246.0 28.0
135.0 140.0
207.0 150.0
76.0 179.0
239.0 21.0
177.0 4.0
87.0 155.0
226.0 206.0
246.0 145.0
18.0 200.0
96.0 139.0
243.0 54.0
79.0 96.0
137.0 240.0
179.0 65.0
76.0 191.0
64.0 8.0
105.0 99.0
24.0 17.0
224.0 226.0
186.0 94.0
33.0 19.0
28.0 216.0
199.0 189.0
32.0 209.0
214.0 165.0
130.0 49.0
19.0 211.0
163.0 235.0
113.0 241.0
126.0 213.0
84.0 237.0
38.0 144.0
51.0 197.0
104.0 102.0
85.0 132.0
113.0 122.0
229.0 155.0
120.0 72.0
48.0 79.0
243.0 126.0

195.0 101.0
55.0 147.0
24.0 216.0
204.0 228.0
38.0 238.0
24.0 238.0
212.0 108.0
141.0 66.0
181.0 244.0
57.0 47.0
41.0 63.0
223.0 136.0
207.0 176.0
133.0 198.0
43.0 96.0
235.0 194.0
5.0 167.0
111.0 97.0
81.0 218.0
103.0 244.0
186.0 11.0
193.0 39.0
162.0 109.0
213.0 87.0
169.0 102.0
29.0 90.0
239.0 216.0
192.0 165.0
130.0 87.0
54.0 67.0
185.0 121.0
217.0 96.0
145.0 103.0
189.0 32.0
27.0 59.0
254.0 22.0
161.0 232.0
29.0 143.0
65.0 223.0
110.0 139.0
187.0 64.0
150.0 13.0
30.0 202.0
146.0 30.0
69.0 189.0
154.0 194.0
128.0 237.0
62.0 189.0
210.0 68.0
70.0 141.0
102.0 78.0
75.0 116.0
126.0 95.0
10.0 73.0
197.0 166.0
200.0 68.0
225.0 14.0
178.0 46.0
136.0 196.0
146.0 142.0
153.0 42.0
115.0 196.0
8.0 205.0
75.0 45.0
102.0 89.0
76.0 179.0
151.0 72.0
234.0 152.0
203.0 188.0
118.0 21.0
206.0 47.0
184.0 22.0
129.0 25.0
87.0 191.0
179.0 176.0
168.0 208.0
20.0 182.0
61.0 64.0
143.0 15.0
63.0 255.0
140.0 203.0
177.0 117.0
226.0 237.0
232.0 14.0
80.0 160.0
196.0 6.0
231.0 15.0
191.0 137.0
207.0 26.0
175.0 128.0
34.0 80.0
209.0 132.0
176.0 41.0
132.0 78.0
128.0 30.0
195.0 86.0
146.0 143.0
80.0 76.0
178.0 54.0
18.0 235.0
98.0 140.0
33.0 40.0
228.0 190.0
137.0 178.0
81.0 207.0
154.0 135.0
186.0 235.0
135.0 186.0
81.0 102.0
117.0 211.0
195.0 161.0
91.0 157.0
67.0 224.0
95.0 224.0
21.0 224.0
93.0 177.0
115.0 139.0
238.0 45.0
94.0 69.0
64.0 214.0
34.0 187.0
14.0 255.0
74.0 251.0
37.0 173.0
19.0 74.0
28.0 53.0
53.0 30.0
188.0 97.0
51.0 35.0
226.0 195.0
24.0 72.0
98.0 188.0
112.0 224.0
79.0 11.0
9.0 191.0
12.0 32.0
119.0 182.0
114.0 196.0
204.0 207.0
76.0 95.0
183.0 51.0
218.0 228.0
255.0 132.0
83.0 202.0
74.0 89.0
32.0 13.0
73.0 214.0
178.0 25.0
27.0 180.0
81.0 158.0
42.0 47.0
99.0 46.0
254.0 168.0
44.0 13.0
233.0 47.0
88.0 58.0
36.0 174.0
233.0 40.0
27.0 252.0
128.0 110.0
21.0 235.0
213.0 236.0
9.0 219.0
79.0 251.0
117.0 173.0
136.0 117.0
241.0 252.0
135.0 219.0
71.0 38.0
213.0 10.0
88.0 8.0
195.0 193.0
159.0 47.0
150.0 163.0
150.0 126.0
55.0 210.0
56.0 79.0
230.0 139.0
239.0 20.0
248.0 162.0
66.0 160.0
103.0 72.0
252.0 209.0
219.0 221.0
33.0 23.0
211.0 156.0
59.0 20.0
135.0 68.0
107.0 152.0
191.0 27.0
27.0 106.0
50.0 57.0
208.0 146.0
146.0 123.0
83.0 94.0
190.0 206.0
74.0 64.0
157.0 191.0
155.0 12.0
94.0 97.0
15.0 108.0
166.0 8.0
152.0 132.0
134.0 100.0
6.0 12.0
72.0 6.0
70.0 80.0
119.0 35.0
230.0 39.0
225.0 121.0
134.0 105.0
61.0 128.0
218.0 176.0
141.0 26.0
76.0 125.0
251.0 173.0
173.0 184.0
74.0 108.0
189.0 171.0
248.0 228.0
151.0 103.0
100.0 70.0
20.0 122.0
195.0 22.0
199.0 111.0
47.0 19.0
97.0 80.0
26.0 156.0
42.0 77.0
167.0 192.0
31.0 30.0
15.0 231.0
29.0 229.0
174.0 166.0
159.0 155.0
216.0 65.0
123.0 27.0
34.0 203.0
69.0 167.0
223.0 57.0
117.0 124.0
94.0 72.0
149.0 70.0
111.0 144.0
177.0 45.0
218.0 18.0
35.0 158.0
170.0 167.0
92.0 207.0
36.0 209.0
78.0 208.0
58.0 64.0
120.0 162.0
174.0 60.0
202.0 178.0
24.0 245.0
16.0 168.0
109.0 60.0
37.0 67.0
52.0 253.0
172.0 229.0
255.0 220.0
198.0 40.0
39.0 153.0
194.0 243.0
163.0 252.0
79.0 229.0
185.0 198.0
73.0 87.0
221.0 142.0
54.0 51.0
147.0 179.0
56.0 63.0
201.0 215.0
182.0 162.0
142.0 106.0
112.0 56.0
60.0 60.0
75.0 225.0
103.0 60.0
97.0 30.0
103.0 211.0
21.0 51.0
248.0 98.0
240.0 242.0
128.0 203.0
10.0 30.0
211.0 106.0
127.0 40.0
185.0 119.0
34.0 218.0
96.0 209.0
212.0 145.0
90.0 10.0
30.0 199.0
89.0 111.0
91.0 246.0
38.0 69.0
85.0 99.0
230.0 238.0
69.0 92.0
198.0 164.0
50.0 127.0
14.0 85.0
200.0 145.0
199.0 126.0
160.0 24.0
139.0 106.0
166.0 223.0
86.0 171.0
70.0 42.0
75.0 50.0
108.0 219.0
140.0 37.0
135.0 70.0
62.0 89.0
30.0 42.0
189.0 29.0
113.0 32.0
134.0 151.0
180.0 151.0
43.0 37.0
114.0 217.0
112.0 50.0
254.0 38.0
163.0 183.0
208.0 97.0
104.0 61.0
54.0 86.0
175.0 221.0
59.0 82.0
210.0 37.0
235.0 103.0
164.0 52.0
188.0 33.0
31.0 231.0
12.0 227.0
38.0 239.0
17.0 191.0
77.0 161.0
193.0 29.0
166.0 135.0
60.0 126.0
12.0 172.0
179.0 215.0
109.0 32.0
124.0 94.0
43.0 47.0
32.0 51.0
95.0 146.0
171.0 163.0
144.0 65.0
21.0 104.0
122.0 144.0
186.0 13.0
168.0 101.0
236.0 226.0
28.0 243.0
200.0 239.0
54.0 179.0
166.0 115.0
190.0 100.0
80.0 73.0
172.0 76.0
106.0 95.0
208.0 47.0
212.0 140.0
243.0 104.0
25.0 231.0
205.0 88.0
207.0 89.0
183.0 223.0
25.0 178.0
111.0 246.0
10.0 42.0
237.0 51.0
240.0 93.0
75.0 197.0
12.0 157.0
51.0 231.0
77.0 36.0
91.0 234.0
74.0 8.0
42.0 194.0
178.0 199.0
20.0 247.0
60.0 75.0
201.0 249.0
191.0 114.0
68.0 86.0
31.0 59.0
184.0 102.0
13.0 184.0
165.0 143.0
187.0 63.0
86.0 196.0
118.0 191.0
47.0 84.0
224.0 61.0
34.0 217.0
82.0 147.0
224.0 63.0
203.0 43.0
170.0 172.0
208.0 101.0
184.0 59.0
62.0 153.0
224.0 151.0
93.0 49.0
211.0 216.0
159.0 254.0
236.0 137.0
29.0 48.0
185.0 44.0
198.0 14.0
100.0 30.0
124.0 177.0
249.0 136.0
184.0 144.0
17.0 187.0
247.0 215.0
235.0 238.0
17.0 172.0
8.0 184.0
181.0 153.0
167.0 74.0
120.0 109.0
111.0 119.0
116.0 185.0
31.0 42.0
189.0 146.0
120.0 108.0
89.0 26.0
162.0 161.0
239.0 20.0
246.0 82.0
15.0 196.0
90.0 137.0
26.0 129.0
98.0 23.0
172.0 164.0
37.0 171.0
251.0 79.0
71.0 15.0
28.0 179.0
135.0 150.0
158.0 241.0
53.0 220.0
10.0 218.0
247.0 76.0
145.0 224.0
40.0 169.0
122.0 127.0
54.0 117.0
28.0 110.0
72.0 239.0
10.0 132.0
237.0 166.0
76.0 106.0
85.0 180.0
110.0 26.0
154.0 255.0
184.0 230.0
58.0 91.0
19.0 237.0
127.0 233.0
71.0 127.0
113.0 198.0
180.0 86.0
232.0 59.0
137.0 184.0
131.0 62.0
31.0 143.0
182.0 81.0
58.0 36.0
71.0 103.0
252.0 50.0
218.0 207.0
55.0 118.0
88.0 61.0
189.0 189.0
106.0 64.0
179.0 90.0
63.0 7.0
139.0 58.0
120.0 21.0
231.0 80.0
192.0 49.0
84.0 233.0
147.0 227.0
205.0 33.0
20.0 84.0
255.0 71.0
31.0 252.0
140.0 138.0
244.0 7.0
153.0 218.0
18.0 234.0
225.0 121.0
218.0 203.0
162.0 112.0
210.0 160.0
56.0 84.0
247.0 245.0
107.0 67.0
119.0 115.0
173.0 239.0
68.0 137.0
161.0 67.0
215.0 182.0
221.0 176.0
116.0 251.0
192.0 156.0
88.0 73.0
159.0 42.0
245.0 68.0
207.0 52.0
97.0 138.0
84.0 219.0
209.0 105.0
247.0 79.0
144.0 113.0
110.0 195.0
118.0 161.0
123.0 88.0
168.0 10.0
106.0 180.0
156.0 226.0
92.0 216.0
20.0 224.0
233.0 150.0
246.0 218.0
140.0 91.0
70.0 40.0
112.0 147.0
20.0 149.0
207.0 153.0
182.0 121.0
19.0 250.0
189.0 101.0
245.0 171.0
166.0 126.0
225.0 69.0
5.0 140.0
244.0 121.0
117.0 63.0
97.0 139.0
116.0 24.0
84.0 5.0
227.0 39.0
106.0 89.0
241.0 122.0
92.0 33.0
204.0 223.0
102.0 229.0
9.0 111.0
191.0 253.0
206.0 209.0
238.0 156.0
113.0 141.0
247.0 48.0
114.0 117.0
152.0 253.0
136.0 34.0
16.0 59.0
57.0 58.0
59.0 236.0
170.0 174.0
15.0 237.0
52.0 109.0
107.0 95.0
124.0 221.0
29.0 90.0
122.0 154.0
124.0 55.0
83.0 230.0
8.0 24.0
41.0 218.0
152.0 212.0
77.0 115.0
123.0 160.0
66.0 183.0
100.0 172.0
177.0 18.0
207.0 220.0
32.0 239.0
192.0 108.0
251.0 250.0
90.0 158.0
167.0 224.0
52.0 101.0
22.0 176.0
96.0 98.0
67.0 181.0
55.0 116.0
57.0 138.0
154.0 27.0
109.0 83.0
77.0 19.0
69.0 78.0
98.0 41.0
17.0 8.0
15.0 250.0
120.0 219.0
66.0 81.0
139.0 215.0
211.0 9.0
141.0 177.0
86.0 251.0
112.0 205.0
125.0 115.0
141.0 129.0
19.0 105.0
251.0 166.0
177.0 126.0
185.0 179.0
190.0 20.0
57.0 150.0
98.0 131.0
87.0 18.0
111.0 42.0
209.0 125.0
179.0 40.0
120.0 27.0
174.0 62.0
189.0 42.0
31.0 69.0
182.0 191.0
143.0 226.0
112.0 249.0
16.0 213.0
243.0 194.0
140.0 159.0
216.0 161.0
162.0 153.0
225.0 65.0
198.0 188.0
39.0 70.0
10.0 167.0
188.0 31.0
17.0 123.0
4.0 166.0
206.0 217.0
193.0 166.0
67.0 25.0
231.0 216.0
243.0 42.0
203.0 207.0
133.0 60.0
188.0 222.0
243.0 181.0
187.0 222.0
208.0 63.0
123.0 188.0
103.0 237.0
242.0 171.0
88.0 204.0
75.0 179.0
187.0 85.0
174.0 44.0
43.0 108.0
149.0 196.0
148.0 85.0
109.0 196.0
208.0 71.0
141.0 85.0
37.0 196.0
46.0 218.0
46.0 246.0
146.0 63.0
36.0 130.0
188.0 5.0
31.0 160.0
58.0 229.0
226.0 157.0
234.0 132.0
151.0 205.0
32.0 203.0
253.0 178.0
199.0 170.0
132.0 221.0
65.0 21.0
251.0 220.0
153.0 46.0
233.0 35.0
82.0 135.0
176.0 185.0
51.0 106.0
255.0 103.0
118.0 176.0
142.0 30.0
187.0 223.0
134.0 98.0
249.0 77.0
173.0 198.0
242.0 104.0
240.0 125.0
134.0 208.0
213.0 224.0
244.0 142.0
12.0 111.0
47.0 109.0
33.0 107.0
71.0 202.0
43.0 61.0
23.0 247.0
161.0 90.0
141.0 247.0
8.0 24.0
249.0 127.0
208.0 217.0
158.0 94.0
37.0 143.0
49.0 158.0
206.0 43.0
23.0 36.0
200.0 186.0
148.0 132.0
106.0 127.0
52.0 111.0
154.0 150.0
248.0 218.0
35.0 166.0
119.0 193.0
161.0 94.0
137.0 60.0
207.0 171.0
110.0 23.0
57.0 54.0
147.0 127.0
90.0 45.0
38.0 35.0
34.0 186.0
86.0 194.0
239.0 174.0
224.0 136.0
162.0 229.0
70.0 58.0
130.0 196.0
149.0 30.0
209.0 208.0
47.0 130.0
158.0 21.0
100.0 223.0
197.0 213.0
237.0 30.0
140.0 30.0
11.0 116.0
30.0 148.0
14.0 48.0
214.0 33.0
87.0 243.0
77.0 63.0
181.0 100.0
28.0 145.0
115.0 100.0
93.0 215.0
235.0 64.0
46.0 169.0
82.0 143.0
95.0 220.0
225.0 105.0
150.0 167.0
201.0 102.0
80.0 150.0
120.0 127.0
118.0 17.0
6.0 218.0
183.0 245.0
31.0 218.0
139.0 165.0
117.0 61.0
180.0 81.0
172.0 230.0
204.0 125.0
59.0 15.0
210.0 76.0
196.0 80.0
42.0 135.0
8.0 72.0
55.0 212.0
254.0 200.0
182.0 118.0
79.0 82.0
138.0 110.0
180.0 223.0
40.0 16.0
61.0 23.0
119.0 53.0
163.0 33.0
159.0 162.0
183.0 252.0
182.0 108.0
26.0 77.0
205.0 57.0
64.0 35.0
150.0 221.0
9.0 44.0
132.0 187.0
227.0 7.0
87.0 141.0
154.0 30.0
88.0 218.0
22.0 231.0
188.0 65.0
180.0 93.0
240.0 238.0
103.0 139.0
179.0 123.0
226.0 40.0
106.0 148.0
94.0 71.0
6.0 83.0
85.0 103.0
50.0 82.0
51.0 233.0
253.0 138.0
46.0 83.0
11.0 223.0
86.0 223.0
149.0 167.0
233.0 158.0
179.0 161.0
78.0 221.0
6.0 82.0
53.0 141.0
142.0 138.0
11.0 21.0
31.0 149.0
129.0 153.0
215.0 93.0
171.0 224.0
49.0 131.0
106.0 13.0
19.0 81.0
210.0 236.0
94.0 175.0
204.0 14.0
211.0 246.0
68.0 233.0
205.0 5.0
102.0 191.0
233.0 188.0
26.0 140.0
29.0 121.0
98.0 219.0
219.0 107.0
98.0 85.0
162.0 51.0
116.0 44.0
150.0 99.0
63.0 140.0
58.0 93.0
210.0 149.0
171.0 236.0
88.0 8.0
144.0 142.0
164.0 61.0
182.0 43.0
236.0 252.0
34.0 222.0
105.0 234.0
47.0 12.0
71.0 231.0
176.0 130.0
217.0 170.0
118.0 9.0
142.0 82.0
107.0 27.0
199.0 173.0
108.0 211.0
65.0 144.0
142.0 126.0
75.0 99.0
20.0 209.0
242.0 182.0
175.0 100.0
24.0 211.0
201.0 121.0
163.0 44.0
161.0 74.0
24.0 64.0
177.0 125.0
110.0 159.0
196.0 91.0
51.0 228.0
123.0 253.0
183.0 168.0
42.0 154.0
71.0 25.0
118.0 105.0
237.0 154.0
12.0 5.0
81.0 145.0
38.0 80.0
131.0 48.0
26.0 231.0
229.0 235.0
209.0 19.0
152.0 82.0
25.0 81.0
186.0 142.0
227.0 115.0
235.0 192.0
92.0 137.0
133.0 121.0
27.0 240.0
111.0 218.0
153.0 197.0
225.0 188.0
123.0 37.0
23.0 54.0
116.0 245.0
193.0 210.0
84.0 175.0
84.0 86.0
129.0 133.0
162.0 120.0
190.0 130.0
230.0 87.0
26.0 122.0
90.0 130.0
83.0 114.0
65.0 153.0
93.0 108.0
206.0 61.0
84.0 47.0
17.0 92.0
78.0 227.0
55.0 173.0
9.0 153.0
191.0 102.0
247.0 146.0
18.0 126.0
151.0 122.0
239.0 147.0
169.0 199.0
229.0 168.0
15.0 146.0
186.0 143.0
79.0 7.0
199.0 209.0
215.0 250.0
40.0 73.0
202.0 169.0
79.0 153.0
130.0 13.0
90.0 164.0
149.0 177.0
140.0 71.0
206.0 81.0
251.0 245.0
43.0 173.0
134.0 144.0
35.0 74.0
79.0 175.0
193.0 167.0
140.0 232.0
72.0 24.0
103.0 188.0
18.0 100.0
16.0 175.0
129.0 217.0
75.0 72.0
16.0 127.0
107.0 212.0
20.0 65.0
15.0 254.0
221.0 222.0
52.0 177.0
197.0 126.0
195.0 217.0
224.0 26.0
82.0 32.0
73.0 151.0
166.0 94.0
157.0 16.0
189.0 172.0
88.0 52.0
224.0 68.0
13.0 140.0
38.0 78.0
174.0 125.0
157.0 209.0
170.0 66.0
229.0 252.0
253.0 184.0
194.0 132.0
7.0 105.0
46.0 238.0
114.0 237.0
227.0 58.0
204.0 22.0
108.0 161.0
72.0 40.0
243.0 232.0
165.0 28.0
200.0 128.0
18.0 207.0
24.0 223.0
113.0 121.0
18.0 143.0
243.0 201.0
48.0 78.0
22.0 165.0
134.0 115.0
153.0 115.0
188.0 136.0
38.0 19.0
63.0 144.0
248.0 99.0
77.0 158.0
198.0 170.0
100.0 161.0
25.0 78.0
23.0 139.0
113.0 182.0
240.0 61.0
110.0 109.0
133.0 188.0
10.0 129.0
106.0 227.0
69.0 20.0
193.0 78.0
196.0 102.0
232.0 34.0
228.0 215.0
249.0 121.0
131.0 194.0
103.0 236.0
132.0 231.0
251.0 217.0
201.0 66.0
19.0 89.0
30.0 234.0
92.0 225.0
59.0 243.0
254.0 107.0
18.0 250.0
233.0 242.0
214.0 233.0
32.0 59.0
170.0 99.0
230.0 227.0
151.0 129.0
14.0 88.0
105.0 57.0
64.0 29.0
200.0 38.0
146.0 85.0
45.0 214.0
174.0 250.0
219.0 233.0
248.0 168.0
24.0 79.0
9.0 18.0
236.0 145.0
214.0 180.0
133.0 106.0
18.0 90.0
190.0 73.0
199.0 36.0
137.0 252.0
207.0 128.0
98.0 224.0
175.0 94.0
133.0 161.0
100.0 34.0
85.0 235.0
230.0 115.0
93.0 162.0
14.0 231.0
116.0 23.0
220.0 253.0
177.0 146.0
12.0 245.0
41.0 109.0
169.0 148.0
193.0 229.0
146.0 213.0
133.0 23.0
25.0 13.0
84.0 72.0
149.0 222.0
173.0 192.0
172.0 108.0
55.0 220.0
151.0 62.0
9.0 147.0
38.0 204.0
214.0 99.0
93.0 52.0
212.0 210.0
194.0 161.0
116.0 51.0
180.0 47.0
164.0 22.0
86.0 15.0
88.0 253.0
25.0 247.0
248.0 32.0
229.0 187.0
169.0 183.0
77.0 203.0
235.0 72.0
41.0 176.0
111.0 226.0
241.0 123.0
8.0 167.0
147.0 137.0
235.0 62.0
36.0 116.0
250.0 158.0
59.0 200.0
85.0 216.0
195.0 250.0
196.0 68.0
82.0 169.0
226.0 120.0
56.0 35.0
129.0 39.0
104.0 203.0
39.0 91.0
132.0 226.0
162.0 240.0
114.0 131.0
198.0 90.0
228.0 44.0
14.0 136.0
75.0 15.0
128.0 112.0
253.0 234.0
114.0 177.0
50.0 75.0
142.0 140.0
63.0 31.0
134.0 129.0
197.0 123.0
80.0 217.0
234.0 199.0
160.0 85.0
233.0 108.0
98.0 73.0
152.0 253.0
252.0 90.0
29.0 167.0
227.0 131.0
9.0 231.0
153.0 204.0
186.0 41.0
76.0 68.0
126.0 172.0
161.0 195.0
235.0 243.0
71.0 7.0
166.0 131.0
103.0 156.0
58.0 102.0
55.0 254.0
187.0 138.0
16.0 246.0
196.0 39.0
195.0 172.0
103.0 225.0
145.0 130.0
130.0 226.0
19.0 95.0
192.0 115.0
186.0 8.0
180.0 250.0
211.0 147.0
45.0 250.0
70.0 120.0
149.0 133.0
79.0 77.0
56.0 225.0
226.0 93.0
71.0 100.0
20.0 6.0
91.0 51.0
180.0 233.0
209.0 240.0
143.0 212.0
217.0 102.0
105.0 181.0
156.0 129.0
161.0 34.0
91.0 104.0
196.0 36.0
192.0 119.0
164.0 107.0
166.0 76.0
27.0 37.0
232.0 78.0
188.0 195.0
68.0 77.0
221.0 254.0
39.0 38.0
168.0 100.0
28.0 132.0
77.0 86.0
27.0 70.0
145.0 180.0
225.0 226.0
41.0 248.0
73.0 40.0
142.0 192.0
217.0 221.0
134.0 75.0
179.0 108.0
61.0 245.0
249.0 98.0
203.0 65.0
130.0 105.0
194.0 63.0
158.0 113.0
141.0 8.0
20.0 139.0
51.0 131.0
175.0 37.0
186.0 62.0
7.0 107.0
41.0 133.0
51.0 60.0
174.0 195.0
192.0 168.0
204.0 30.0
80.0 16.0
127.0 75.0
232.0 104.0
69.0 188.0
217.0 37.0
56.0 65.0
61.0 194.0
38.0 129.0
72.0 21.0
87.0 163.0
121.0 170.0
179.0 87.0
250.0 26.0
58.0 63.0
188.0 214.0
15.0 201.0
94.0 249.0
174.0 154.0
187.0 51.0
231.0 250.0
229.0 138.0
151.0 120.0
137.0 34.0
131.0 25.0
52.0 127.0
175.0 14.0
69.0 133.0
13.0 242.0
247.0 10.0
67.0 161.0
65.0 130.0
50.0 102.0
249.0 139.0
49.0 30.0
43.0 219.0
60.0 136.0
244.0 59.0
186.0 198.0
144.0 89.0
71.0 196.0
117.0 200.0
200.0 37.0
114.0 122.0
251.0 225.0
168.0 10.0
214.0 220.0
49.0 108.0
138.0 184.0
41.0 127.0
82.0 227.0
134.0 64.0
241.0 8.0
182.0 13.0
196.0 151.0
237.0 55.0
174.0 210.0
223.0 133.0
101.0 14.0
6.0 145.0
196.0 21.0
191.0 58.0
82.0 127.0
61.0 85.0
232.0 169.0
110.0 161.0
88.0 209.0
197.0 127.0
94.0 211.0
185.0 203.0
98.0 69.0
182.0 81.0
183.0 236.0
144.0 26.0
87.0 10.0
60.0 10.0
95.0 129.0
138.0 128.0
189.0 87.0
57.0 147.0
6.0 215.0
73.0 106.0
202.0 55.0
224.0 204.0
201.0 188.0
225.0 231.0
32.0 187.0
212.0 170.0
107.0 204.0
63.0 114.0
252.0 34.0
27.0 233.0
252.0 231.0
90.0 52.0
87.0 39.0
128.0 193.0
212.0 71.0
138.0 169.0
248.0 117.0
51.0 14.0
231.0 157.0
197.0 8.0
229.0 65.0
122.0 97.0
86.0 235.0
177.0 179.0
173.0 197.0
174.0 207.0
117.0 111.0
225.0 182.0
201.0 75.0
109.0 106.0
29.0 13.0
211.0 50.0
82.0 189.0
223.0 106.0
68.0 252.0
28.0 180.0
100.0 239.0
123.0 78.0
235.0 38.0
54.0 201.0
11.0 141.0
157.0 115.0
149.0 59.0
176.0 53.0
202.0 97.0
183.0 155.0
163.0 232.0
236.0 121.0
194.0 165.0
90.0 23.0
143.0 212.0
27.0 29.0
88.0 145.0
199.0 175.0
254.0 84.0
231.0 33.0
107.0 184.0
109.0 94.0
152.0 43.0
138.0 56.0
88.0 234.0
214.0 175.0
198.0 13.0
47.0 74.0
60.0 214.0
160.0 224.0
42.0 28.0
230.0 153.0
30.0 22.0
194.0 210.0
16.0 14.0
63.0 65.0
101.0 250.0
245.0 150.0
149.0 115.0
208.0 87.0
52.0 254.0
123.0 215.0
202.0 148.0
232.0 94.0
245.0 181.0
193.0 239.0
108.0 105.0
10.0 107.0
244.0 85.0
182.0 194.0
180.0 60.0
73.0 140.0
8.0 27.0
218.0 69.0
206.0 89.0
247.0 228.0
70.0 234.0
224.0 215.0
76.0 97.0
221.0 28.0
254.0 254.0
66.0 88.0
48.0 198.0
173.0 93.0
140.0 185.0
60.0 225.0
41.0 205.0
60.0 203.0
96.0 128.0
212.0 85.0
61.0 186.0
219.0 144.0
11.0 215.0
78.0 161.0
155.0 155.0
143.0 37.0
131.0 139.0
117.0 200.0
25.0 48.0
65.0 101.0
75.0 224.0
146.0 153.0
127.0 92.0
199.0 234.0
213.0 7.0
51.0 38.0
203.0 217.0
59.0 12.0
240.0 129.0
98.0 253.0
61.0 113.0
181.0 18.0
64.0 211.0
239.0 57.0
10.0 68.0
168.0 95.0
190.0 69.0
32.0 8.0
50.0 197.0
141.0 155.0
163.0 126.0
47.0 45.0
243.0 233.0
14.0 177.0
206.0 193.0
151.0 72.0
55.0 171.0
167.0 18.0
235.0 185.0
252.0 138.0
142.0 240.0
204.0 156.0
29.0 217.0
192.0 147.0
119.0 243.0
114.0 237.0
32.0 122.0
103.0 165.0
247.0 195.0
242.0 65.0
64.0 93.0
151.0 234.0
134.0 107.0
183.0 142.0
171.0 27.0
230.0 56.0
73.0 46.0
236.0 159.0
127.0 206.0
75.0 183.0
172.0 103.0
23.0 25.0
60.0 208.0
66.0 52.0
102.0 143.0
172.0 102.0
13.0 144.0
169.0 67.0
135.0 189.0
174.0 225.0
102.0 118.0
124.0 239.0
77.0 119.0
20.0 184.0
121.0 33.0
215.0 129.0
201.0 227.0
55.0 248.0
236.0 98.0
69.0 133.0
112.0 93.0
106.0 126.0
145.0 190.0
40.0 17.0
95.0 86.0
35.0 240.0
47.0 173.0
100.0 87.0
132.0 161.0
107.0 182.0
88.0 68.0
76.0 93.0
180.0 47.0
31.0 228.0
149.0 170.0
150.0 6.0
95.0 224.0
57.0 53.0
59.0 34.0
199.0 61.0
88.0 38.0
221.0 216.0
179.0 147.0
144.0 134.0
49.0 111.0
193.0 130.0
167.0 211.0
155.0 156.0
183.0 150.0
8.0 55.0
80.0 129.0
85.0 125.0
244.0 24.0
113.0 34.0
201.0 101.0
40.0 129.0
82.0 11.0
101.0 150.0
180.0 158.0
170.0 221.0
54.0 52.0
226.0 213.0
143.0 67.0
85.0 68.0
230.0 179.0
121.0 234.0
126.0 167.0
5.0 196.0
221.0 217.0
41.0 124.0
224.0 87.0
22.0 10.0
49.0 123.0
49.0 173.0
81.0 144.0
110.0 152.0
149.0 128.0
250.0 215.0
59.0 101.0
239.0 137.0
142.0 10.0
200.0 121.0
29.0 133.0
237.0 96.0
16.0 160.0
127.0 205.0
82.0 143.0
14.0 18.0
58.0 49.0
53.0 208.0
111.0 29.0
21.0 108.0
205.0 214.0
254.0 203.0
58.0 56.0
70.0 163.0
134.0 159.0
109.0 68.0
39.0 193.0
161.0 46.0
34.0 29.0
34.0 130.0
139.0 20.0
156.0 161.0
125.0 189.0
72.0 144.0
66.0 137.0
194.0 72.0
70.0 71.0
39.0 183.0
246.0 121.0
230.0 92.0
175.0 199.0
104.0 96.0
17.0 247.0
59.0 7.0
219.0 217.0
157.0 153.0
13.0 254.0
190.0 45.0
69.0 75.0
123.0 242.0
145.0 108.0
241.0 223.0
171.0 16.0
58.0 10.0
34.0 85.0
159.0 173.0
84.0 174.0
180.0 64.0
30.0 91.0
216.0 113.0
134.0 252.0
217.0 89.0
185.0 62.0
90.0 53.0
114.0 54.0
143.0 52.0
61.0 60.0
208.0 119.0
118.0 80.0
12.0 61.0
246.0 6.0
188.0 136.0
138.0 8.0
183.0 70.0
207.0 85.0
25.0 75.0
72.0 212.0
117.0 228.0
94.0 9.0
141.0 242.0
236.0 173.0
90.0 74.0
131.0 6.0
178.0 105.0
41.0 178.0
217.0 137.0
212.0 133.0
150.0 105.0
169.0 176.0
145.0 120.0
85.0 54.0
90.0 94.0
161.0 142.0
41.0 245.0
244.0 185.0
49.0 19.0
22.0 121.0
41.0 182.0
142.0 16.0
105.0 222.0
210.0 28.0
195.0 144.0
133.0 55.0
214.0 250.0
164.0 114.0
145.0 50.0
223.0 226.0
66.0 37.0
214.0 214.0
64.0 118.0
53.0 105.0
45.0 53.0
13.0 124.0
45.0 24.0
196.0 124.0
188.0 126.0
124.0 45.0
30.0 241.0
171.0 128.0
255.0 214.0
120.0 136.0
169.0 182.0
37.0 119.0
24.0 77.0
67.0 138.0
239.0 47.0
203.0 125.0
228.0 185.0
60.0 124.0
225.0 200.0
53.0 9.0
210.0 250.0
124.0 27.0
209.0 11.0
52.0 133.0
190.0 14.0
144.0 92.0
195.0 240.0
164.0 227.0
47.0 133.0
205.0 89.0
212.0 102.0
243.0 116.0
181.0 94.0
179.0 177.0
132.0 159.0
249.0 142.0
138.0 226.0
227.0 61.0
246.0 129.0
175.0 185.0
97.0 222.0
58.0 43.0
50.0 12.0
60.0 169.0
83.0 23.0
93.0 103.0
64.0 160.0
194.0 116.0
55.0 216.0
146.0 129.0
92.0 133.0
187.0 206.0
237.0 31.0
246.0 182.0
12.0 16.0
210.0 166.0
51.0 111.0
243.0 164.0
23.0 20.0
98.0 114.0
41.0 123.0
36.0 7.0
171.0 47.0
146.0 249.0
185.0 148.0
99.0 28.0
55.0 38.0
235.0 19.0
157.0 173.0
132.0 43.0
89.0 10.0
188.0 117.0
225.0 86.0
248.0 160.0
198.0 176.0
175.0 186.0
152.0 40.0
29.0 74.0
45.0 217.0
106.0 142.0
184.0 71.0
147.0 33.0
208.0 136.0
93.0 183.0
38.0 84.0
79.0 79.0
140.0 33.0
122.0 157.0
8.0 81.0
135.0 187.0
70.0 205.0
60.0 134.0
64.0 19.0
112.0 186.0
199.0 162.0
114.0 87.0
45.0 162.0
212.0 84.0
67.0 214.0
129.0 10.0
120.0 54.0
118.0 166.0
238.0 249.0
100.0 162.0
91.0 241.0
94.0 9.0
141.0 51.0
250.0 249.0
188.0 116.0
217.0 7.0
234.0 64.0
76.0 198.0
245.0 254.0
137.0 62.0
80.0 229.0
238.0 178.0
91.0 128.0
228.0 43.0
229.0 225.0
128.0 164.0
76.0 70.0
20.0 170.0
19.0 41.0
60.0 13.0
71.0 99.0
19.0 142.0
207.0 237.0
131.0 88.0
98.0 251.0
35.0 204.0
234.0 241.0
187.0 147.0
179.0 30.0
187.0 219.0
80.0 107.0
247.0 17.0
71.0 105.0
145.0 141.0
26.0 63.0
243.0 29.0
219.0 129.0
42.0 47.0
211.0 11.0
242.0 27.0
99.0 55.0
144.0 25.0
145.0 57.0
233.0 80.0
16.0 79.0
163.0 139.0
241.0 22.0
121.0 66.0
50.0 78.0
110.0 10.0
42.0 211.0
75.0 187.0
223.0 152.0
9.0 196.0
252.0 162.0
55.0 97.0
35.0 203.0
172.0 212.0
173.0 165.0
202.0 250.0
231.0 93.0
83.0 102.0
226.0 248.0
150.0 58.0
201.0 73.0
90.0 122.0
117.0 210.0
212.0 55.0
95.0 89.0
192.0 250.0
77.0 75.0
247.0 125.0
81.0 59.0
150.0 65.0
15.0 130.0
105.0 198.0
61.0 57.0
218.0 167.0
233.0 131.0
61.0 56.0
23.0 205.0
129.0 255.0
61.0 75.0
49.0 72.0
128.0 226.0
10.0 214.0
44.0 157.0
125.0 77.0
155.0 214.0
46.0 132.0
61.0 25.0
242.0 168.0
189.0 44.0
42.0 78.0
239.0 242.0
22.0 103.0
185.0 18.0
8.0 31.0
51.0 37.0
61.0 191.0
237.0 144.0
148.0 103.0
212.0 248.0
229.0 240.0
10.0 148.0
97.0 150.0
239.0 80.0
40.0 244.0
111.0 123.0
81.0 166.0
99.0 43.0
227.0 140.0
122.0 163.0
79.0 86.0
236.0 181.0
154.0 55.0
80.0 130.0
128.0 112.0
194.0 37.0
193.0 127.0
100.0 155.0
171.0 191.0
127.0 111.0
168.0 38.0
224.0 22.0
23.0 24.0
149.0 52.0
13.0 163.0
140.0 49.0
124.0 224.0
81.0 147.0
32.0 155.0
138.0 81.0
191.0 23.0
12.0 230.0
83.0 132.0
173.0 241.0
121.0 86.0
44.0 164.0
126.0 89.0
186.0 42.0
56.0 161.0
61.0 14.0
202.0 147.0
19.0 16.0
216.0 90.0
223.0 8.0
27.0 245.0
81.0 184.0
134.0 114.0
205.0 204.0
254.0 216.0
124.0 56.0
129.0 79.0
158.0 203.0
111.0 34.0
15.0 231.0
228.0 177.0
195.0 52.0
211.0 194.0
104.0 246.0
56.0 75.0
75.0 209.0
217.0 9.0
111.0 67.0
156.0 90.0
163.0 185.0
204.0 51.0
94.0 47.0
68.0 255.0
86.0 255.0
109.0 21.0
187.0 27.0
52.0 166.0
193.0 88.0
142.0 213.0
172.0 181.0
77.0 239.0
171.0 216.0
21.0 221.0
72.0 223.0
224.0 234.0
239.0 149.0
168.0 199.0
80.0 125.0
91.0 189.0
245.0 80.0
246.0 113.0
246.0 199.0
95.0 140.0
83.0 12.0
145.0 82.0
22.0 177.0
56.0 220.0
25.0 192.0
52.0 162.0
44.0 163.0
168.0 72.0
108.0 245.0
232.0 12.0
23.0 77.0
240.0 125.0
206.0 93.0
146.0 225.0
151.0 238.0
92.0 184.0
139.0 81.0
12.0 47.0
83.0 182.0
203.0 152.0
221.0 151.0
215.0 35.0
194.0 87.0
22.0 41.0
102.0 203.0
175.0 55.0
172.0 229.0
49.0 124.0
39.0 16.0
25.0 13.0
121.0 34.0
43.0 127.0
226.0 102.0
31.0 161.0
12.0 134.0
22.0 73.0
34.0 126.0
67.0 123.0
140.0 52.0
150.0 153.0
76.0 252.0
69.0 23.0
184.0 121.0
141.0 240.0
174.0 47.0
48.0 56.0
248.0 34.0
61.0 200.0
146.0 82.0
91.0 171.0
45.0 144.0
159.0 93.0
11.0 89.0
159.0 211.0
37.0 130.0
71.0 153.0
251.0 33.0
139.0 145.0
213.0 156.0
81.0 184.0
244.0 26.0
183.0 9.0
93.0 160.0
232.0 211.0
251.0 150.0
24.0 205.0
100.0 144.0
248.0 58.0
83.0 100.0
142.0 245.0
184.0 71.0
81.0 196.0
70.0 12.0
110.0 104.0
30.0 23.0
229.0 231.0
192.0 99.0
37.0 24.0
33.0 221.0
204.0 194.0
37.0 214.0
219.0 169.0
136.0 53.0
25.0 216.0
168.0 240.0
118.0 245.0
132.0 218.0
88.0 241.0
43.0 150.0
56.0 202.0
110.0 106.0
90.0 138.0
118.0 127.0
234.0 159.0
124.0 78.0
53.0 84.0
249.0 132.0
