1
2048 1 3.0 0.0 1000.0 3 160 240 100

6.5 13.5 29.3 58.5
13.0 27.0 58.5 117.0
19.5 40.5 87.8 175.5
26.0 54.0 117.0 234.0
39.0 81.0 175.5 351.0
52.0 108.0 234.0 468.0
58.5 121.5 263.3 526.5
65.0 135.0 292.5 585.0
78.0 162.0 351.0 702.0
0.0 180.0 390.0 780.0

2.0 5.0 8.0 11.0
5.0 8.0 11.0 14.0
9.0 12.0 15.0 18.0
11.0 14.0 17.0 20.0
15.0 18.0 21.0 24.0
18.0 21.0 24.0 27.0
20.0 23.0 26.0 29.0
25.0 28.0 31.0 34.0
29.0 32.0 35.0 38.0
0.0 34.0 37.0 40.0

49.0 188.0
161.0 3.0
75.0 3.0
142.0 77.0
36.0 67.0
21.0 172.0
218.0 246.0
104.0 107.0
121.0 208.0
249.0 105.0
249.0 208.0
193.0 216.0
231.0 22.0
133.0 106.0
198.0 161.0
151.0 242.0
168.0 50.0
136.0 68.0
246.0 182.0
167.0 91.0
10.0 63.0
137.0 94.0
24.0 84.0
213.0 19.0
214.0 244.0
23.0 112.0
179.0 9.0
56.0 241.0
50.0 88.0
28.0 120.0
86.0 44.0
79.0 211.0
1.0 145.0
185.0 168.0
85.0 244.0
17.0 218.0
237.0 227.0
13.0 218.0
103.0 179.0
7.0 164.0
53.0 203.0
75.0 1.0
64.0 140.0
55.0 156.0
138.0 19.0
21.0 245.0
173.0 115.0
61.0 25.0
52.0 47.0
245.0 148.0
240.0 180.0
18.0 164.0
36.0 156.0
32.0 227.0
137.0 157.0
13.0 41.0
32.0 128.0
71.0 160.0
29.0 182.0
156.0 28.0
30.0 29.0
205.0 7.0
2.0 47.0
57.0 162.0
131.0 182.0
47.0 166.0
215.0 202.0
238.0 218.0
187.0 97.0
83.0 217.0
183.0 28.0
87.0 212.0
155.0 248.0
142.0 244.0
101.0 16.0
241.0 219.0
23.0 61.0
101.0 52.0
47.0 228.0
32.0 119.0
209.0 250.0
213.0 106.0
212.0 153.0
89.0 164.0
29.0 107.0
161.0 114.0
29.0 101.0
14.0 212.0
135.0 145.0
239.0 92.0
64.0 242.0
215.0 39.0
25.0 202.0
16.0 63.0
59.0 180.0
56.0 73.0
19.0 131.0
111.0 238.0
245.0 177.0
177.0 194.0
64.0 216.0
218.0 86.0
45.0 150.0
114.0 213.0
1.0 167.0
235.0 139.0
58.0 87.0
99.0 168.0
158.0 93.0
135.0 173.0
176.0 222.0
161.0 47.0
158.0 56.0
204.0 139.0
231.0 128.0
155.0 77.0
58.0 95.0
16.0 210.0
33.0 79.0
91.0 193.0
193.0 92.0
23.0 79.0
180.0 74.0
139.0 66.0
106.0 100.0
133.0 130.0
15.0 131.0
186.0 74.0
187.0 16.0
154.0 102.0
97.0 237.0
74.0 69.0
141.0 218.0
227.0 131.0
77.0 82.0
135.0 92.0
168.0 41.0
121.0 32.0
88.0 184.0
154.0 137.0
222.0 220.0
19.0 207.0
30.0 59.0
133.0 108.0
234.0 179.0
173.0 52.0
132.0 27.0
234.0 77.0
161.0 25.0
35.0 232.0
151.0 59.0
23.0 235.0
249.0 143.0
20.0 206.0
100.0 20.0
139.0 147.0
124.0 2.0
241.0 121.0
112.0 197.0
17.0 194.0
94.0 52.0
121.0 208.0
84.0 222.0
37.0 74.0
35.0 87.0
239.0 43.0
213.0 31.0
221.0 238.0
231.0 200.0
40.0 62.0
47.0 221.0
116.0 131.0
52.0 206.0
34.0 197.0
188.0 187.0
220.0 127.0
84.0 146.0
114.0 1.0
19.0 167.0
86.0 16.0
98.0 19.0
103.0 158.0
62.0 54.0
235.0 178.0
226.0 101.0
179.0 229.0
125.0 126.0
234.0 64.0
213.0 220.0
29.0 26.0
78.0 39.0
86.0 117.0
138.0 142.0
119.0 234.0
162.0 237.0
42.0 250.0
209.0 149.0
206.0 148.0
186.0 132.0
215.0 4.0
20.0 231.0
214.0 163.0
245.0 190.0
124.0 22.0
141.0 224.0
95.0 138.0
91.0 42.0
31.0 206.0
168.0 51.0
62.0 250.0
11.0 7.0
218.0 183.0
97.0 175.0
49.0 225.0
116.0 132.0
54.0 201.0
170.0 145.0
54.0 68.0
138.0 145.0
246.0 95.0
41.0 102.0
199.0 156.0
128.0 180.0
138.0 178.0
156.0 132.0
173.0 90.0
177.0 158.0
185.0 193.0
220.0 83.0
151.0 158.0
26.0 196.0
239.0 207.0
112.0 222.0
91.0 57.0
199.0 167.0
247.0 55.0
142.0 107.0
1.0 221.0
38.0 47.0
12.0 224.0
12.0 53.0
92.0 165.0
245.0 150.0
126.0 46.0
108.0 60.0
153.0 184.0
86.0 157.0
206.0 73.0
5.0 85.0
50.0 63.0
99.0 38.0
56.0 15.0
55.0 28.0
210.0 146.0
212.0 7.0
131.0 111.0
173.0 58.0
221.0 163.0
119.0 129.0
181.0 58.0
221.0 160.0
169.0 174.0
62.0 205.0
187.0 130.0
89.0 14.0
95.0 10.0
129.0 60.0
238.0 96.0
114.0 98.0
184.0 87.0
191.0 114.0
197.0 87.0
204.0 128.0
71.0 218.0
126.0 95.0
53.0 10.0
48.0 214.0
138.0 45.0
170.0 46.0
66.0 151.0
31.0 108.0
176.0 220.0
51.0 221.0
97.0 92.0
237.0 164.0
31.0 204.0
14.0 18.0
238.0 54.0
153.0 147.0
118.0 72.0
118.0 63.0
110.0 59.0
209.0 250.0
176.0 179.0
172.0 70.0
227.0 17.0
32.0 202.0
132.0 81.0
207.0 107.0
28.0 130.0
23.0 98.0
211.0 75.0
72.0 140.0
207.0 227.0
147.0 67.0
153.0 237.0
72.0 232.0
233.0 159.0
57.0 150.0
175.0 80.0
236.0 14.0
159.0 131.0
174.0 28.0
43.0 211.0
112.0 66.0
113.0 90.0
103.0 211.0
139.0 113.0
207.0 75.0
89.0 47.0
249.0 67.0
134.0 164.0
196.0 142.0
173.0 217.0
27.0 70.0
159.0 44.0
31.0 125.0
54.0 80.0
25.0 133.0
82.0 121.0
62.0 125.0
229.0 12.0
243.0 169.0
33.0 223.0
64.0 13.0
249.0 101.0
56.0 226.0
36.0 153.0
23.0 96.0
146.0 12.0
243.0 100.0
131.0 70.0
79.0 76.0
161.0 49.0
236.0 40.0
115.0 128.0
232.0 152.0
148.0 18.0
197.0 154.0
21.0 227.0
195.0 150.0
32.0 30.0
52.0 176.0
204.0 18.0
18.0 67.0
190.0 110.0
113.0 183.0
177.0 26.0
111.0 130.0
136.0 240.0
150.0 160.0
55.0 22.0
28.0 17.0
136.0 219.0
56.0 31.0
236.0 17.0
158.0 105.0
118.0 196.0
211.0 27.0
205.0 2.0
180.0 116.0
13.0 22.0
185.0 22.0
69.0 60.0
163.0 50.0
146.0 30.0
146.0 214.0
209.0 228.0
189.0 13.0
58.0 133.0
100.0 11.0
172.0 226.0
121.0 80.0
123.0 96.0
94.0 22.0
178.0 190.0
141.0 56.0
97.0 124.0
248.0 0.0
112.0 17.0
184.0 19.0
216.0 138.0
244.0 137.0
136.0 219.0
140.0 14.0
224.0 97.0
150.0 65.0
37.0 141.0
210.0 28.0
197.0 23.0
206.0 208.0
187.0 174.0
17.0 115.0
48.0 71.0
182.0 92.0
0.0 103.0
129.0 50.0
87.0 37.0
207.0 250.0
244.0 185.0
92.0 142.0
249.0 184.0
172.0 86.0
98.0 113.0
113.0 64.0
130.0 237.0
93.0 95.0
72.0 217.0
12.0 99.0
200.0 205.0
61.0 29.0
166.0 47.0
69.0 153.0
62.0 123.0
143.0 170.0
142.0 191.0
142.0 180.0
148.0 113.0
123.0 59.0
40.0 227.0
183.0 131.0
204.0 121.0
197.0 73.0
50.0 166.0
20.0 58.0
212.0 227.0
2.0 211.0
131.0 15.0
37.0 244.0
110.0 124.0
102.0 225.0
243.0 93.0
127.0 236.0
188.0 166.0
58.0 218.0
62.0 213.0
34.0 164.0
37.0 100.0
207.0 75.0
66.0 117.0
222.0 202.0
173.0 105.0
23.0 124.0
112.0 29.0
134.0 65.0
217.0 14.0
184.0 120.0
114.0 205.0
227.0 158.0
244.0 103.0
228.0 213.0
231.0 108.0
151.0 1.0
195.0 55.0
156.0 241.0
149.0 78.0
193.0 57.0
205.0 241.0
135.0 250.0
115.0 123.0
124.0 96.0
237.0 182.0
137.0 97.0
81.0 210.0
62.0 198.0
145.0 72.0
183.0 27.0
86.0 176.0
234.0 52.0
37.0 233.0
32.0 83.0
8.0 136.0
2.0 140.0
60.0 134.0
201.0 235.0
45.0 15.0
44.0 216.0
247.0 90.0
207.0 102.0
74.0 75.0
47.0 175.0
30.0 25.0
126.0 135.0
233.0 64.0
51.0 210.0
66.0 166.0
118.0 147.0
134.0 115.0
59.0 115.0
224.0 44.0
37.0 52.0
52.0 14.0
48.0 122.0
142.0 192.0
245.0 199.0
235.0 213.0
242.0 139.0
197.0 136.0
8.0 172.0
203.0 224.0
45.0 15.0
35.0 82.0
103.0 180.0
157.0 249.0
225.0 209.0
20.0 159.0
9.0 162.0
133.0 190.0
13.0 240.0
244.0 96.0
53.0 232.0
18.0 153.0
206.0 38.0
205.0 208.0
136.0 94.0
49.0 73.0
178.0 70.0
45.0 72.0
180.0 42.0
191.0 88.0
156.0 129.0
207.0 4.0
139.0 183.0
238.0 36.0
139.0 140.0
147.0 225.0
237.0 243.0
37.0 197.0
93.0 126.0
226.0 92.0
22.0 93.0
203.0 155.0
39.0 203.0
149.0 250.0
145.0 119.0
191.0 164.0
159.0 222.0
83.0 108.0
204.0 49.0
115.0 129.0
53.0 198.0
74.0 239.0
61.0 130.0
173.0 87.0
12.0 135.0
147.0 99.0
235.0 15.0
70.0 61.0
189.0 131.0
202.0 169.0
4.0 241.0
50.0 160.0
39.0 142.0
86.0 168.0
88.0 180.0
166.0 49.0
154.0 15.0
225.0 191.0
47.0 69.0
170.0 171.0
120.0 181.0
171.0 166.0
1.0 16.0
136.0 88.0
21.0 126.0
211.0 237.0
70.0 92.0
202.0 66.0
208.0 11.0
147.0 213.0
137.0 139.0
49.0 39.0
223.0 74.0
129.0 194.0
75.0 170.0
242.0 65.0
229.0 186.0
167.0 17.0
57.0 236.0
68.0 155.0
102.0 179.0
191.0 128.0
67.0 127.0
227.0 100.0
30.0 88.0
38.0 17.0
4.0 53.0
26.0 172.0
19.0 163.0
248.0 87.0
238.0 147.0
170.0 65.0
156.0 34.0
26.0 81.0
0.0 202.0
62.0 216.0
32.0 160.0
12.0 198.0
229.0 234.0
198.0 120.0
174.0 178.0
228.0 16.0
6.0 21.0
67.0 14.0
132.0 29.0
75.0 96.0
190.0 229.0
157.0 67.0
74.0 241.0
6.0 151.0
142.0 2.0
199.0 177.0
43.0 237.0
4.0 148.0
157.0 147.0
33.0 34.0
218.0 47.0
231.0 217.0
224.0 32.0
203.0 38.0
85.0 51.0
238.0 1.0
248.0 74.0
177.0 224.0
115.0 119.0
91.0 54.0
108.0 194.0
47.0 57.0
99.0 39.0
56.0 188.0
163.0 117.0
100.0 221.0
247.0 91.0
210.0 117.0
103.0 129.0
123.0 37.0
185.0 147.0
101.0 46.0
249.0 185.0
77.0 116.0
219.0 184.0
86.0 60.0
190.0 220.0
7.0 151.0
1.0 68.0
220.0 202.0
128.0 65.0
65.0 190.0
208.0 242.0
78.0 115.0
57.0 72.0
30.0 38.0
125.0 194.0
116.0 109.0
142.0 73.0
182.0 161.0
239.0 78.0
222.0 49.0
196.0 71.0
169.0 200.0
234.0 115.0
61.0 162.0
100.0 7.0
247.0 245.0
10.0 140.0
97.0 174.0
65.0 249.0
241.0 222.0
87.0 188.0
173.0 111.0
99.0 171.0
139.0 29.0
40.0 228.0
9.0 173.0
56.0 203.0
165.0 48.0
75.0 171.0
7.0 42.0
148.0 210.0
214.0 151.0
124.0 40.0
234.0 240.0
31.0 96.0
37.0 77.0
88.0 160.0
204.0 179.0
110.0 249.0
29.0 56.0
101.0 11.0
82.0 24.0
169.0 198.0
15.0 60.0
187.0 97.0
205.0 231.0
209.0 110.0
141.0 46.0
187.0 231.0
10.0 151.0
125.0 8.0
17.0 72.0
90.0 88.0
31.0 67.0
88.0 75.0
208.0 161.0
118.0 168.0
59.0 42.0
5.0 177.0
233.0 36.0
225.0 32.0
118.0 197.0
195.0 225.0
158.0 106.0
104.0 200.0
100.0 55.0
145.0 2.0
198.0 67.0
93.0 65.0
221.0 64.0
219.0 83.0
167.0 6.0
102.0 220.0
139.0 184.0
211.0 221.0
178.0 124.0
189.0 61.0
129.0 153.0
94.0 71.0
202.0 209.0
146.0 42.0
189.0 71.0
110.0 133.0
118.0 227.0
243.0 207.0
188.0 160.0
64.0 34.0
127.0 163.0
237.0 129.0
202.0 85.0
207.0 25.0
154.0 234.0
21.0 126.0
143.0 220.0
66.0 72.0
118.0 98.0
55.0 128.0
68.0 206.0
117.0 159.0
186.0 185.0
182.0 74.0
40.0 209.0
162.0 184.0
145.0 26.0
224.0 216.0
166.0 227.0
42.0 73.0
13.0 203.0
210.0 193.0
187.0 91.0
51.0 228.0
12.0 47.0
144.0 17.0
241.0 16.0
190.0 199.0
34.0 210.0
147.0 80.0
184.0 95.0
128.0 192.0
215.0 227.0
137.0 70.0
83.0 95.0
242.0 41.0
6.0 208.0
144.0 164.0
11.0 194.0
117.0 26.0
103.0 25.0
149.0 121.0
23.0 23.0
135.0 157.0
119.0 117.0
73.0 156.0
179.0 146.0
9.0 40.0
117.0 47.0
25.0 217.0
243.0 98.0
163.0 220.0
133.0 181.0
206.0 43.0
193.0 107.0
64.0 108.0
72.0 106.0
82.0 120.0
144.0 125.0
135.0 126.0
75.0 182.0
197.0 167.0
83.0 45.0
131.0 193.0
20.0 86.0
11.0 30.0
27.0 231.0
95.0 176.0
250.0 222.0
134.0 97.0
237.0 224.0
22.0 180.0
165.0 138.0
78.0 122.0
96.0 15.0
108.0 60.0
63.0 59.0
155.0 75.0
58.0 248.0
204.0 17.0
87.0 170.0
145.0 145.0
7.0 238.0
108.0 164.0
161.0 15.0
116.0 22.0
175.0 167.0
55.0 179.0
44.0 157.0
2.0 83.0
242.0 93.0
55.0 182.0
124.0 190.0
87.0 103.0
222.0 146.0
174.0 187.0
70.0 18.0
7.0 127.0
44.0 26.0
159.0 43.0
231.0 240.0
145.0 109.0
173.0 197.0
14.0 189.0
143.0 46.0
47.0 216.0
160.0 128.0
163.0 151.0
30.0 221.0
239.0 149.0
247.0 227.0
71.0 109.0
166.0 158.0
54.0 130.0
147.0 82.0
192.0 189.0
227.0 238.0
117.0 155.0
124.0 136.0
136.0 101.0
10.0 205.0
88.0 158.0
249.0 176.0
158.0 229.0
134.0 166.0
61.0 200.0
215.0 246.0
112.0 76.0
117.0 90.0
228.0 65.0
70.0 132.0
237.0 163.0
178.0 175.0
188.0 128.0
8.0 24.0
144.0 29.0
168.0 210.0
30.0 133.0
80.0 239.0
150.0 189.0
226.0 71.0
62.0 245.0
215.0 132.0
56.0 188.0
63.0 198.0
50.0 9.0
164.0 60.0
14.0 117.0
222.0 204.0
120.0 79.0
240.0 34.0
105.0 223.0
212.0 232.0
165.0 115.0
247.0 186.0
245.0 231.0
131.0 178.0
159.0 192.0
200.0 159.0
50.0 14.0
142.0 164.0
229.0 125.0
226.0 69.0
35.0 217.0
206.0 135.0
136.0 63.0
20.0 140.0
25.0 236.0
162.0 198.0
19.0 245.0
217.0 158.0
136.0 150.0
59.0 90.0
31.0 29.0
81.0 104.0
234.0 5.0
93.0 138.0
9.0 72.0
108.0 98.0
205.0 51.0
44.0 91.0
22.0 44.0
187.0 29.0
202.0 85.0
63.0 203.0
203.0 243.0
185.0 243.0
214.0 245.0
211.0 182.0
220.0 240.0
88.0 164.0
93.0 159.0
106.0 143.0
22.0 171.0
61.0 232.0
171.0 45.0
62.0 180.0
224.0 65.0
71.0 12.0
82.0 165.0
87.0 179.0
19.0 72.0
174.0 128.0
160.0 236.0
128.0 18.0
230.0 218.0
113.0 121.0
55.0 187.0
174.0 247.0
139.0 68.0
91.0 118.0
179.0 129.0
102.0 151.0
206.0 160.0
92.0 193.0
105.0 167.0
136.0 58.0
59.0 100.0
134.0 25.0
56.0 177.0
42.0 16.0
131.0 180.0
67.0 3.0
98.0 174.0
195.0 222.0
73.0 149.0
57.0 132.0
168.0 148.0
127.0 67.0
46.0 21.0
113.0 130.0
57.0 237.0
193.0 182.0
55.0 22.0
47.0 75.0
229.0 119.0
231.0 109.0
162.0 79.0
229.0 1.0
97.0 243.0
74.0 211.0
226.0 203.0
27.0 38.0
131.0 26.0
64.0 209.0
41.0 154.0
43.0 249.0
178.0 143.0
173.0 221.0
235.0 13.0
28.0 19.0
108.0 28.0
115.0 159.0
78.0 21.0
98.0 131.0
175.0 222.0
74.0 139.0
50.0 85.0
125.0 154.0
207.0 184.0
166.0 1.0
56.0 55.0
185.0 10.0
4.0 187.0
24.0 86.0
169.0 151.0
176.0 107.0
72.0 193.0
113.0 124.0
6.0 178.0
246.0 150.0
61.0 57.0
167.0 130.0
136.0 136.0
137.0 18.0
40.0 198.0
106.0 165.0
130.0 113.0
90.0 71.0
227.0 123.0
80.0 93.0
124.0 76.0
175.0 17.0
53.0 147.0
241.0 222.0
43.0 200.0
168.0 219.0
183.0 222.0
135.0 172.0
77.0 88.0
108.0 50.0
126.0 221.0
80.0 138.0
71.0 30.0
160.0 198.0
40.0 67.0
162.0 127.0
167.0 157.0
146.0 16.0
136.0 75.0
216.0 89.0
111.0 132.0
133.0 65.0
27.0 141.0
176.0 27.0
63.0 236.0
199.0 217.0
167.0 138.0
162.0 239.0
63.0 235.0
247.0 185.0
245.0 161.0
178.0 57.0
12.0 154.0
248.0 123.0
166.0 231.0
53.0 203.0
57.0 77.0
37.0 151.0
233.0 94.0
250.0 146.0
234.0 96.0
31.0 195.0
171.0 238.0
152.0 79.0
15.0 45.0
3.0 14.0
98.0 242.0
228.0 147.0
126.0 134.0
32.0 26.0
91.0 102.0
175.0 38.0
4.0 110.0
5.0 82.0
201.0 138.0
181.0 86.0
32.0 76.0
45.0 37.0
55.0 122.0
178.0 228.0
165.0 83.0
236.0 20.0
165.0 1.0
203.0 223.0
76.0 131.0
39.0 245.0
70.0 72.0
5.0 237.0
201.0 189.0
242.0 25.0
188.0 13.0
15.0 173.0
52.0 131.0
97.0 84.0
245.0 122.0
49.0 126.0
177.0 188.0
11.0 55.0
172.0 147.0
137.0 89.0
136.0 66.0
155.0 45.0
73.0 85.0
75.0 18.0
130.0 76.0
131.0 123.0
163.0 66.0
113.0 163.0
146.0 185.0
64.0 128.0
29.0 211.0
107.0 1.0
247.0 83.0
247.0 154.0
106.0 76.0
57.0 184.0
133.0 157.0
209.0 101.0
231.0 60.0
124.0 95.0
101.0 245.0
91.0 155.0
159.0 156.0
7.0 160.0
19.0 42.0
193.0 80.0
159.0 170.0
74.0 29.0
203.0 34.0
72.0 195.0
71.0 30.0
90.0 3.0
55.0 84.0
78.0 162.0
191.0 55.0
198.0 86.0
110.0 49.0
175.0 203.0
122.0 73.0
4.0 28.0
88.0 51.0
202.0 131.0
199.0 1.0
161.0 1.0
105.0 21.0
177.0 68.0
130.0 13.0
58.0 9.0
145.0 153.0
37.0 216.0
212.0 181.0
6.0 182.0
184.0 132.0
171.0 66.0
13.0 202.0
31.0 56.0
76.0 15.0
134.0 169.0
132.0 88.0
162.0 235.0
101.0 145.0
161.0 85.0
168.0 204.0
83.0 45.0
10.0 211.0
109.0 152.0
23.0 17.0
19.0 59.0
237.0 95.0
205.0 174.0
161.0 186.0
241.0 120.0
121.0 115.0
208.0 187.0
205.0 120.0
62.0 243.0
22.0 47.0
138.0 146.0
234.0 125.0
188.0 0.0
215.0 59.0
171.0 174.0
169.0 20.0
71.0 41.0
172.0 160.0
91.0 0.0
115.0 87.0
116.0 102.0
119.0 63.0
169.0 206.0
39.0 242.0
133.0 142.0
239.0 71.0
87.0 152.0
149.0 50.0
148.0 224.0
141.0 116.0
49.0 218.0
116.0 196.0
212.0 17.0
228.0 82.0
185.0 228.0
241.0 57.0
64.0 46.0
85.0 26.0
140.0 180.0
221.0 233.0
40.0 68.0
14.0 174.0
203.0 171.0
105.0 171.0
94.0 188.0
85.0 83.0
125.0 114.0
103.0 7.0
59.0 101.0
87.0 66.0
235.0 162.0
82.0 246.0
23.0 81.0
248.0 32.0
225.0 168.0
163.0 157.0
190.0 94.0
98.0 99.0
249.0 99.0
16.0 12.0
110.0 153.0
109.0 109.0
189.0 1.0
239.0 40.0
148.0 49.0
222.0 178.0
232.0 145.0
199.0 219.0
64.0 78.0
153.0 140.0
110.0 240.0
201.0 38.0
85.0 139.0
85.0 28.0
157.0 78.0
120.0 96.0
89.0 82.0
143.0 202.0
36.0 237.0
111.0 169.0
33.0 175.0
250.0 10.0
12.0 219.0
32.0 120.0
239.0 69.0
16.0 99.0
162.0 149.0
195.0 17.0
172.0 135.0
16.0 4.0
132.0 157.0
81.0 103.0
83.0 52.0
88.0 145.0
69.0 71.0
129.0 219.0
143.0 8.0
32.0 98.0
109.0 45.0
246.0 83.0
186.0 156.0
74.0 17.0
36.0 241.0
134.0 19.0
195.0 192.0
224.0 94.0
249.0 206.0
91.0 38.0
152.0 172.0
166.0 161.0
155.0 49.0
135.0 131.0
127.0 214.0
28.0 79.0
105.0 57.0
84.0 152.0
228.0 182.0
183.0 22.0
20.0 118.0
234.0 167.0
49.0 8.0
193.0 50.0
60.0 83.0
222.0 147.0
221.0 244.0
22.0 74.0
219.0 184.0
245.0 125.0
210.0 5.0
144.0 110.0
232.0 137.0
221.0 187.0
227.0 139.0
177.0 176.0
143.0 54.0
41.0 193.0
129.0 37.0
155.0 224.0
189.0 44.0
24.0 77.0
176.0 179.0
75.0 226.0
103.0 115.0
211.0 114.0
45.0 54.0
88.0 33.0
223.0 21.0
111.0 37.0
184.0 82.0
213.0 141.0
20.0 160.0
34.0 109.0
179.0 152.0
192.0 235.0
191.0 160.0
131.0 39.0
220.0 158.0
120.0 139.0
163.0 26.0
14.0 120.0
59.0 162.0
217.0 33.0
165.0 219.0
90.0 197.0
89.0 50.0
123.0 90.0
211.0 45.0
225.0 112.0
152.0 58.0
88.0 130.0
147.0 231.0
109.0 229.0
220.0 51.0
180.0 179.0
121.0 56.0
221.0 186.0
63.0 168.0
143.0 58.0
98.0 173.0
232.0 226.0
26.0 221.0
21.0 126.0
64.0 233.0
9.0 6.0
51.0 207.0
182.0 49.0
22.0 198.0
62.0 236.0
65.0 76.0
108.0 224.0
168.0 217.0
83.0 41.0
97.0 115.0
82.0 232.0
121.0 178.0
195.0 159.0
23.0 82.0
149.0 190.0
76.0 75.0
21.0 112.0
40.0 212.0
218.0 138.0
9.0 60.0
228.0 207.0
9.0 217.0
185.0 73.0
66.0 54.0
141.0 13.0
32.0 164.0
206.0 16.0
239.0 39.0
73.0 172.0
153.0 92.0
231.0 230.0
235.0 164.0
230.0 182.0
39.0 10.0
197.0 216.0
138.0 35.0
84.0 12.0
30.0 136.0
229.0 112.0
246.0 61.0
72.0 194.0
175.0 8.0
244.0 126.0
215.0 241.0
1.0 245.0
136.0 94.0
73.0 113.0
130.0 0.0
47.0 63.0
79.0 29.0
227.0 185.0
121.0 226.0
199.0 159.0
180.0 87.0
187.0 229.0
164.0 97.0
43.0 106.0
119.0 35.0
86.0 194.0
176.0 108.0
6.0 79.0
191.0 232.0
167.0 37.0
47.0 152.0
174.0 116.0
151.0 98.0
128.0 198.0
209.0 34.0
81.0 206.0
183.0 81.0
243.0 226.0
150.0 44.0
66.0 109.0
94.0 246.0
132.0 182.0
210.0 222.0
104.0 7.0
136.0 113.0
42.0 200.0
72.0 173.0
205.0 122.0
62.0 114.0
31.0 71.0
41.0 73.0
31.0 177.0
39.0 49.0
171.0 236.0
10.0 229.0
94.0 74.0
67.0 163.0
144.0 51.0
218.0 84.0
158.0 158.0
243.0 221.0
112.0 210.0
194.0 15.0
228.0 201.0
29.0 205.0
229.0 197.0
245.0 84.0
247.0 224.0
128.0 8.0
178.0 134.0
128.0 84.0
125.0 38.0
98.0 248.0
97.0 168.0
18.0 27.0
223.0 124.0
85.0 82.0
32.0 2.0
154.0 191.0
177.0 226.0
41.0 144.0
32.0 210.0
40.0 98.0
171.0 42.0
57.0 222.0
16.0 203.0
68.0 57.0
54.0 124.0
189.0 63.0
34.0 225.0
195.0 134.0
155.0 120.0
142.0 179.0
49.0 247.0
51.0 191.0
183.0 236.0
200.0 14.0
115.0 150.0
90.0 102.0
94.0 36.0
13.0 119.0
77.0 48.0
172.0 32.0
25.0 203.0
132.0 190.0
163.0 151.0
203.0 149.0
205.0 153.0
148.0 113.0
100.0 24.0
188.0 146.0
178.0 101.0
79.0 121.0
120.0 126.0
101.0 201.0
4.0 228.0
117.0 203.0
245.0 8.0
168.0 240.0
31.0 58.0
118.0 138.0
212.0 27.0
214.0 141.0
125.0 181.0
196.0 20.0
167.0 225.0
176.0 240.0
241.0 183.0
72.0 157.0
9.0 232.0
176.0 33.0
194.0 178.0
24.0 220.0
0.0 73.0
16.0 174.0
15.0 50.0
83.0 12.0
28.0 249.0
225.0 170.0
21.0 30.0
90.0 233.0
129.0 227.0
38.0 126.0
206.0 4.0
246.0 117.0
166.0 209.0
168.0 181.0
105.0 146.0
22.0 71.0
19.0 46.0
11.0 250.0
225.0 27.0
61.0 176.0
181.0 193.0
155.0 200.0
198.0 59.0
193.0 199.0
111.0 51.0
56.0 91.0
10.0 159.0
190.0 213.0
246.0 107.0
25.0 94.0
185.0 4.0
137.0 224.0
26.0 209.0
138.0 226.0
62.0 245.0
36.0 164.0
62.0 129.0
198.0 13.0
20.0 69.0
32.0 138.0
85.0 30.0
126.0 215.0
43.0 229.0
122.0 33.0
30.0 207.0
148.0 241.0
236.0 151.0
235.0 132.0
143.0 233.0
166.0 113.0
183.0 26.0
45.0 101.0
240.0 134.0
175.0 122.0
5.0 225.0
147.0 214.0
227.0 217.0
109.0 43.0
4.0 194.0
233.0 211.0
23.0 175.0
242.0 33.0
18.0 180.0
121.0 145.0
247.0 98.0
9.0 89.0
103.0 177.0
25.0 107.0
59.0 9.0
133.0 187.0
178.0 213.0
196.0 191.0
12.0 57.0
180.0 241.0
250.0 102.0
46.0 88.0
57.0 235.0
162.0 234.0
99.0 37.0
140.0 175.0
64.0 2.0
69.0 164.0
46.0 150.0
169.0 222.0
240.0 188.0
202.0 180.0
176.0 156.0
52.0 105.0
69.0 44.0
184.0 17.0
147.0 227.0
13.0 128.0
144.0 75.0
22.0 124.0
208.0 190.0
32.0 106.0
25.0 28.0
94.0 95.0
46.0 207.0
26.0 63.0
235.0 157.0
191.0 45.0
95.0 30.0
158.0 171.0
32.0 139.0
233.0 29.0
173.0 235.0
117.0 79.0
77.0 17.0
40.0 165.0
85.0 40.0
31.0 216.0
119.0 56.0
25.0 48.0
50.0 88.0
104.0 237.0
76.0 116.0
192.0 114.0
94.0 78.0
127.0 204.0
142.0 183.0
62.0 54.0
19.0 103.0
226.0 139.0
28.0 180.0
146.0 164.0
84.0 84.0
218.0 82.0
239.0 179.0
101.0 11.0
19.0 169.0
217.0 13.0
230.0 142.0
182.0 23.0
248.0 221.0
95.0 26.0
98.0 62.0
125.0 148.0
190.0 25.0
191.0 123.0
156.0 143.0
76.0 190.0
22.0 84.0
120.0 2.0
39.0 117.0
208.0 214.0
28.0 129.0
91.0 228.0
195.0 104.0
124.0 125.0
145.0 224.0
72.0 136.0
158.0 120.0
203.0 63.0
108.0 82.0
201.0 119.0
202.0 106.0
232.0 232.0
37.0 226.0
67.0 153.0
32.0 127.0
232.0 36.0
119.0 116.0
217.0 204.0
108.0 80.0
68.0 152.0
242.0 110.0
40.0 121.0
241.0 71.0
250.0 162.0
211.0 152.0
133.0 162.0
96.0 62.0
26.0 119.0
180.0 37.0
35.0 10.0
195.0 173.0
160.0 172.0
154.0 157.0
195.0 162.0
90.0 14.0
3.0 130.0
213.0 77.0
61.0 68.0
31.0 168.0
249.0 77.0
59.0 78.0
154.0 140.0
53.0 203.0
237.0 179.0
24.0 47.0
7.0 5.0
67.0 88.0
182.0 50.0
163.0 75.0
95.0 138.0
103.0 139.0
209.0 47.0
55.0 154.0
125.0 236.0
74.0 114.0
60.0 131.0
179.0 80.0
70.0 212.0
183.0 88.0
108.0 160.0
13.0 205.0
68.0 195.0
103.0 235.0
41.0 239.0
200.0 153.0
50.0 144.0
50.0 133.0
107.0 11.0
185.0 125.0
250.0 209.0
132.0 225.0
24.0 247.0
174.0 168.0
183.0 222.0
81.0 58.0
202.0 136.0
64.0 42.0
8.0 176.0
22.0 176.0
139.0 119.0
190.0 46.0
116.0 83.0
126.0 38.0
114.0 166.0
44.0 185.0
86.0 70.0
36.0 97.0
62.0 112.0
70.0 59.0
136.0 112.0
190.0 147.0
1.0 177.0
168.0 86.0
175.0 245.0
166.0 80.0
131.0 40.0
33.0 196.0
114.0 163.0
167.0 173.0
239.0 110.0
198.0 109.0
18.0 59.0
34.0 19.0
30.0 95.0
165.0 87.0
19.0 86.0
144.0 248.0
8.0 8.0
241.0 25.0
77.0 63.0
93.0 145.0
35.0 240.0
206.0 247.0
240.0 64.0
8.0 45.0
192.0 54.0
190.0 163.0
14.0 240.0
146.0 133.0
69.0 156.0
140.0 123.0
222.0 24.0
126.0 27.0
98.0 181.0
228.0 119.0
231.0 74.0
183.0 5.0
76.0 6.0
113.0 210.0
164.0 96.0
78.0 19.0
228.0 238.0
142.0 22.0
227.0 163.0
15.0 107.0
204.0 13.0
149.0 231.0
30.0 148.0
213.0 86.0
122.0 229.0
202.0 121.0
15.0 164.0
240.0 147.0
45.0 92.0
188.0 122.0
127.0 120.0
5.0 227.0
4.0 96.0
103.0 179.0
100.0 30.0
6.0 41.0
199.0 57.0
180.0 89.0
232.0 184.0
234.0 129.0
4.0 87.0
217.0 183.0
22.0 78.0
93.0 75.0
143.0 129.0
246.0 218.0
49.0 206.0
218.0 235.0
177.0 168.0
157.0 113.0
213.0 106.0
59.0 132.0
159.0 14.0
151.0 152.0
216.0 26.0
117.0 124.0
97.0 6.0
158.0 25.0
160.0 82.0
194.0 224.0
88.0 40.0
85.0 86.0
129.0 50.0
45.0 204.0
8.0 16.0
17.0 200.0
139.0 139.0
42.0 94.0
128.0 108.0
13.0 62.0
77.0 151.0
243.0 217.0
34.0 213.0
95.0 97.0
3.0 132.0
227.0 124.0
214.0 206.0
84.0 88.0
192.0 139.0
70.0 57.0
212.0 136.0
134.0 130.0
41.0 16.0
101.0 64.0
194.0 230.0
103.0 65.0
212.0 34.0
48.0 148.0
76.0 78.0
133.0 245.0
143.0 28.0
201.0 64.0
75.0 128.0
62.0 23.0
48.0 163.0
229.0 142.0
61.0 126.0
43.0 71.0
28.0 185.0
13.0 23.0
87.0 97.0
244.0 176.0
176.0 59.0
120.0 166.0
218.0 26.0
14.0 123.0
41.0 91.0
58.0 5.0
44.0 94.0
123.0 37.0
85.0 180.0
167.0 146.0
236.0 94.0
216.0 79.0
4.0 63.0
34.0 207.0
34.0 166.0
96.0 92.0
35.0 186.0
57.0 187.0
37.0 205.0
216.0 107.0
132.0 65.0
22.0 247.0
163.0 87.0
9.0 43.0
130.0 30.0
83.0 10.0
174.0 79.0
167.0 16.0
19.0 204.0
6.0 18.0
111.0 54.0
10.0 105.0
210.0 113.0
64.0 215.0
46.0 145.0
61.0 211.0
172.0 40.0
201.0 90.0
2.0 206.0
204.0 128.0
43.0 249.0
88.0 91.0
175.0 208.0
47.0 214.0
122.0 210.0
203.0 194.0
89.0 195.0
127.0 17.0
88.0 193.0
57.0 2.0
45.0 177.0
59.0 249.0
90.0 110.0
188.0 249.0
0.0 77.0
32.0 225.0
71.0 233.0
53.0 77.0
2.0 115.0
3.0 137.0
213.0 147.0
187.0 220.0
43.0 8.0
231.0 54.0
117.0 93.0
12.0 215.0
221.0 92.0
15.0 2.0
93.0 43.0
163.0 20.0
77.0 15.0
12.0 20.0
201.0 152.0
212.0 153.0
231.0 106.0
23.0 46.0
144.0 210.0
158.0 241.0
198.0 61.0
101.0 30.0
158.0 215.0
70.0 96.0
3.0 60.0
127.0 129.0
15.0 188.0
245.0 189.0
229.0 192.0
207.0 121.0
9.0 114.0
11.0 161.0
104.0 66.0
40.0 164.0
68.0 135.0
53.0 229.0
32.0 233.0
111.0 13.0
93.0 104.0
136.0 130.0
159.0 40.0
91.0 81.0
169.0 144.0
93.0 203.0
129.0 50.0
78.0 220.0
16.0 81.0
214.0 18.0
130.0 132.0
38.0 89.0
45.0 112.0
153.0 146.0
130.0 129.0
82.0 234.0
166.0 113.0
230.0 206.0
152.0 197.0
200.0 17.0
199.0 175.0
6.0 78.0
234.0 211.0
83.0 6.0
33.0 28.0
0.0 129.0
187.0 100.0
145.0 206.0
141.0 204.0
179.0 104.0
32.0 245.0
133.0 6.0
95.0 70.0
93.0 35.0
237.0 64.0
196.0 218.0
181.0 118.0
30.0 68.0
132.0 148.0
30.0 82.0
18.0 114.0
69.0 50.0
123.0 93.0
242.0 107.0
30.0 4.0
147.0 35.0
87.0 132.0
38.0 138.0
166.0 192.0
31.0 60.0
68.0 206.0
121.0 1.0
224.0 54.0
52.0 74.0
145.0 93.0
177.0 125.0
175.0 89.0
238.0 152.0
107.0 225.0
59.0 249.0
95.0 58.0
219.0 104.0
54.0 60.0
67.0 94.0
89.0 244.0
25.0 121.0
45.0 138.0

54.0 193.0
167.0 8.0
81.0 8.0
148.0 82.0
41.0 72.0
25.0 177.0
223.0 251.0
108.0 112.0
125.0 213.0
254.0 109.0
255.0 213.0
198.0 220.0
237.0 27.0
138.0 111.0
204.0 165.0
156.0 247.0
173.0 54.0
141.0 73.0
251.0 188.0
173.0 96.0
16.0 68.0
141.0 99.0
30.0 88.0
219.0 24.0
218.0 249.0
28.0 116.0
183.0 14.0
60.0 246.0
55.0 93.0
32.0 124.0
90.0 49.0
84.0 215.0
5.0 149.0
191.0 173.0
91.0 249.0
23.0 224.0
243.0 233.0
17.0 223.0
108.0 183.0
11.0 169.0
58.0 207.0
80.0 6.0
69.0 145.0
60.0 162.0
143.0 23.0
27.0 250.0
178.0 120.0
65.0 30.0
56.0 53.0
250.0 153.0
245.0 186.0
23.0 168.0
42.0 162.0
36.0 232.0
142.0 162.0
18.0 46.0
37.0 133.0
75.0 165.0
34.0 188.0
161.0 33.0
34.0 35.0
211.0 12.0
7.0 53.0
62.0 168.0
136.0 186.0
53.0 172.0
219.0 208.0
243.0 222.0
192.0 101.0
89.0 222.0
188.0 33.0
92.0 217.0
159.0 253.0
147.0 249.0
106.0 22.0
246.0 223.0
29.0 66.0
105.0 57.0
51.0 233.0
37.0 123.0
214.0 254.0
218.0 111.0
217.0 159.0
94.0 169.0
34.0 112.0
166.0 118.0
33.0 105.0
20.0 217.0
141.0 150.0
244.0 98.0
69.0 247.0
220.0 44.0
30.0 207.0
21.0 68.0
63.0 185.0
61.0 79.0
24.0 135.0
116.0 243.0
249.0 183.0
181.0 199.0
69.0 221.0
222.0 91.0
49.0 156.0
120.0 218.0
6.0 173.0
240.0 144.0
64.0 92.0
104.0 172.0
162.0 97.0
141.0 177.0
181.0 227.0
167.0 51.0
163.0 61.0
210.0 144.0
235.0 133.0
160.0 82.0
62.0 100.0
20.0 215.0
37.0 84.0
96.0 198.0
198.0 97.0
29.0 83.0
185.0 80.0
144.0 71.0
110.0 105.0
138.0 134.0
21.0 136.0
192.0 79.0
193.0 22.0
159.0 107.0
101.0 242.0
79.0 75.0
146.0 224.0
232.0 136.0
82.0 87.0
140.0 96.0
174.0 45.0
126.0 37.0
93.0 190.0
159.0 142.0
227.0 226.0
25.0 212.0
35.0 65.0
139.0 114.0
239.0 183.0
178.0 57.0
138.0 31.0
238.0 83.0
166.0 29.0
40.0 238.0
155.0 65.0
29.0 240.0
253.0 147.0
25.0 211.0
105.0 25.0
145.0 152.0
129.0 8.0
245.0 126.0
118.0 203.0
22.0 199.0
99.0 56.0
126.0 213.0
89.0 228.0
41.0 80.0
41.0 91.0
244.0 47.0
219.0 36.0
226.0 242.0
236.0 205.0
44.0 66.0
52.0 226.0
121.0 137.0
57.0 211.0
38.0 201.0
193.0 191.0
225.0 132.0
90.0 151.0
118.0 5.0
24.0 172.0
90.0 20.0
103.0 25.0
107.0 163.0
67.0 58.0
240.0 183.0
231.0 106.0
185.0 233.0
131.0 132.0
239.0 69.0
219.0 225.0
34.0 31.0
84.0 44.0
90.0 123.0
143.0 146.0
124.0 238.0
167.0 243.0
46.0 255.0
215.0 154.0
212.0 153.0
191.0 138.0
219.0 9.0
24.0 236.0
218.0 168.0
251.0 195.0
129.0 26.0
146.0 230.0
100.0 143.0
96.0 48.0
36.0 212.0
174.0 56.0
68.0 255.0
16.0 11.0
223.0 187.0
102.0 181.0
53.0 230.0
121.0 136.0
59.0 207.0
176.0 151.0
60.0 72.0
142.0 150.0
251.0 100.0
47.0 107.0
203.0 162.0
134.0 185.0
144.0 184.0
162.0 137.0
178.0 96.0
182.0 164.0
190.0 197.0
225.0 88.0
156.0 163.0
31.0 201.0
243.0 212.0
118.0 227.0
95.0 62.0
204.0 171.0
253.0 61.0
147.0 112.0
7.0 227.0
44.0 52.0
18.0 229.0
18.0 59.0
97.0 171.0
250.0 155.0
130.0 52.0
113.0 66.0
158.0 189.0
91.0 162.0
212.0 79.0
10.0 90.0
54.0 67.0
104.0 44.0
60.0 21.0
60.0 32.0
216.0 151.0
216.0 13.0
136.0 116.0
178.0 63.0
225.0 168.0
124.0 133.0
186.0 64.0
227.0 166.0
175.0 180.0
67.0 210.0
193.0 135.0
94.0 20.0
100.0 14.0
134.0 65.0
244.0 100.0
119.0 102.0
188.0 92.0
196.0 120.0
203.0 92.0
209.0 134.0
76.0 222.0
132.0 100.0
58.0 16.0
53.0 219.0
142.0 50.0
175.0 52.0
70.0 157.0
37.0 114.0
182.0 226.0
56.0 227.0
102.0 97.0
242.0 170.0
36.0 208.0
19.0 23.0
243.0 58.0
159.0 152.0
123.0 76.0
123.0 68.0
116.0 64.0
213.0 255.0
181.0 185.0
177.0 75.0
233.0 22.0
37.0 207.0
136.0 86.0
211.0 113.0
34.0 135.0
29.0 102.0
216.0 80.0
77.0 146.0
211.0 232.0
152.0 71.0
158.0 242.0
78.0 238.0
239.0 164.0
61.0 156.0
180.0 86.0
241.0 18.0
164.0 136.0
178.0 33.0
48.0 216.0
116.0 70.0
117.0 95.0
108.0 217.0
144.0 117.0
212.0 81.0
94.0 51.0
253.0 73.0
138.0 169.0
200.0 147.0
179.0 221.0
32.0 74.0
164.0 50.0
37.0 129.0
60.0 86.0
29.0 139.0
88.0 127.0
66.0 129.0
234.0 17.0
247.0 174.0
38.0 228.0
69.0 19.0
254.0 107.0
60.0 232.0
41.0 157.0
28.0 102.0
151.0 17.0
248.0 105.0
135.0 75.0
84.0 81.0
166.0 55.0
241.0 45.0
120.0 133.0
237.0 157.0
154.0 23.0
201.0 160.0
26.0 231.0
199.0 156.0
37.0 35.0
57.0 180.0
209.0 22.0
22.0 72.0
196.0 115.0
118.0 189.0
182.0 31.0
117.0 136.0
140.0 245.0
155.0 164.0
60.0 26.0
32.0 22.0
141.0 224.0
62.0 36.0
241.0 22.0
164.0 111.0
123.0 200.0
216.0 32.0
211.0 7.0
186.0 121.0
18.0 28.0
189.0 27.0
74.0 64.0
167.0 55.0
151.0 35.0
150.0 219.0
215.0 233.0
195.0 18.0
63.0 139.0
104.0 16.0
176.0 231.0
125.0 85.0
127.0 102.0
99.0 28.0
182.0 194.0
145.0 60.0
101.0 128.0
253.0 4.0
116.0 22.0
190.0 24.0
221.0 144.0
249.0 142.0
141.0 225.0
145.0 19.0
230.0 102.0
156.0 70.0
42.0 146.0
214.0 32.0
202.0 28.0
211.0 213.0
192.0 180.0
22.0 120.0
54.0 76.0
187.0 98.0
4.0 108.0
133.0 56.0
92.0 42.0
212.0 255.0
249.0 189.0
97.0 146.0
254.0 190.0
177.0 91.0
104.0 118.0
118.0 69.0
134.0 242.0
98.0 100.0
77.0 222.0
18.0 103.0
204.0 211.0
67.0 34.0
171.0 51.0
74.0 159.0
67.0 129.0
147.0 174.0
147.0 197.0
146.0 185.0
154.0 119.0
128.0 63.0
45.0 232.0
187.0 136.0
210.0 125.0
201.0 79.0
55.0 170.0
25.0 63.0
218.0 232.0
7.0 216.0
137.0 20.0
42.0 249.0
116.0 129.0
107.0 229.0
248.0 99.0
131.0 242.0
194.0 171.0
62.0 222.0
67.0 218.0
40.0 169.0
41.0 105.0
212.0 79.0
71.0 122.0
227.0 206.0
178.0 110.0
28.0 129.0
116.0 35.0
139.0 70.0
222.0 19.0
189.0 124.0
118.0 210.0
232.0 164.0
248.0 107.0
233.0 219.0
236.0 113.0
157.0 7.0
200.0 59.0
160.0 245.0
154.0 83.0
198.0 63.0
210.0 247.0
140.0 255.0
120.0 128.0
130.0 100.0
243.0 187.0
142.0 101.0
87.0 215.0
67.0 203.0
150.0 77.0
187.0 33.0
91.0 182.0
238.0 56.0
42.0 238.0
37.0 89.0
12.0 141.0
7.0 146.0
66.0 140.0
206.0 240.0
50.0 20.0
48.0 220.0
253.0 94.0
211.0 107.0
79.0 80.0
51.0 180.0
34.0 31.0
131.0 140.0
239.0 69.0
55.0 214.0
71.0 171.0
123.0 152.0
138.0 120.0
64.0 120.0
228.0 49.0
42.0 58.0
56.0 20.0
53.0 126.0
147.0 197.0
249.0 203.0
240.0 218.0
246.0 144.0
201.0 142.0
14.0 177.0
208.0 229.0
49.0 19.0
40.0 86.0
107.0 186.0
161.0 255.0
230.0 213.0
25.0 163.0
14.0 167.0
137.0 196.0
17.0 245.0
248.0 100.0
58.0 237.0
22.0 157.0
211.0 43.0
211.0 213.0
142.0 98.0
54.0 79.0
183.0 75.0
51.0 77.0
184.0 47.0
196.0 93.0
162.0 134.0
212.0 9.0
143.0 189.0
244.0 41.0
145.0 145.0
152.0 231.0
241.0 248.0
42.0 201.0
97.0 131.0
231.0 96.0
27.0 99.0
208.0 161.0
44.0 208.0
153.0 254.0
149.0 125.0
195.0 170.0
164.0 227.0
87.0 112.0
209.0 54.0
121.0 134.0
58.0 203.0
79.0 244.0
66.0 134.0
179.0 92.0
16.0 139.0
151.0 105.0
240.0 19.0
74.0 66.0
195.0 137.0
207.0 173.0
10.0 246.0
54.0 166.0
44.0 147.0
91.0 173.0
94.0 185.0
171.0 55.0
160.0 20.0
230.0 196.0
52.0 74.0
176.0 175.0
125.0 187.0
175.0 171.0
6.0 21.0
141.0 93.0
26.0 131.0
216.0 241.0
74.0 97.0
206.0 72.0
213.0 15.0
152.0 218.0
141.0 145.0
55.0 43.0
229.0 79.0
134.0 199.0
80.0 176.0
247.0 70.0
234.0 190.0
171.0 22.0
63.0 241.0
74.0 161.0
108.0 184.0
196.0 134.0
73.0 133.0
232.0 104.0
36.0 94.0
43.0 22.0
9.0 58.0
30.0 176.0
25.0 168.0
253.0 92.0
243.0 152.0
176.0 70.0
160.0 38.0
31.0 87.0
6.0 206.0
67.0 220.0
38.0 164.0
16.0 202.0
234.0 238.0
202.0 124.0
178.0 183.0
234.0 21.0
11.0 27.0
73.0 20.0
137.0 35.0
80.0 100.0
195.0 233.0
162.0 72.0
80.0 247.0
11.0 157.0
146.0 6.0
204.0 182.0
48.0 243.0
9.0 153.0
163.0 152.0
38.0 39.0
222.0 52.0
237.0 221.0
229.0 37.0
208.0 43.0
90.0 57.0
242.0 6.0
253.0 79.0
182.0 229.0
121.0 125.0
96.0 59.0
112.0 199.0
52.0 61.0
104.0 44.0
61.0 194.0
168.0 121.0
104.0 226.0
251.0 96.0
215.0 122.0
107.0 135.0
129.0 42.0
191.0 152.0
107.0 51.0
254.0 191.0
83.0 122.0
225.0 189.0
91.0 65.0
194.0 224.0
12.0 156.0
6.0 73.0
225.0 208.0
132.0 71.0
70.0 195.0
214.0 246.0
82.0 121.0
61.0 77.0
35.0 43.0
130.0 198.0
121.0 114.0
147.0 78.0
187.0 166.0
244.0 84.0
227.0 55.0
200.0 77.0
175.0 205.0
240.0 119.0
66.0 167.0
105.0 13.0
251.0 249.0
14.0 146.0
102.0 179.0
69.0 254.0
246.0 227.0
91.0 194.0
179.0 116.0
104.0 176.0
145.0 34.0
46.0 233.0
15.0 178.0
62.0 208.0
170.0 53.0
80.0 175.0
12.0 47.0
153.0 216.0
220.0 156.0
129.0 46.0
239.0 245.0
35.0 100.0
42.0 82.0
94.0 165.0
209.0 185.0
115.0 253.0
35.0 61.0
107.0 16.0
86.0 29.0
174.0 204.0
21.0 66.0
193.0 103.0
210.0 236.0
213.0 114.0
147.0 51.0
193.0 236.0
14.0 156.0
129.0 13.0
22.0 76.0
96.0 93.0
37.0 71.0
94.0 80.0
214.0 166.0
122.0 173.0
65.0 47.0
9.0 181.0
239.0 41.0
230.0 38.0
123.0 201.0
200.0 230.0
163.0 110.0
108.0 204.0
106.0 61.0
151.0 8.0
203.0 72.0
98.0 71.0
225.0 68.0
223.0 88.0
172.0 11.0
108.0 225.0
145.0 190.0
215.0 225.0
183.0 129.0
194.0 66.0
135.0 158.0
99.0 76.0
207.0 214.0
151.0 48.0
194.0 76.0
115.0 137.0
123.0 232.0
247.0 213.0
193.0 165.0
68.0 40.0
131.0 167.0
242.0 134.0
206.0 90.0
212.0 31.0
159.0 239.0
26.0 132.0
147.0 224.0
71.0 77.0
124.0 104.0
60.0 133.0
73.0 211.0
121.0 165.0
191.0 191.0
188.0 79.0
46.0 214.0
167.0 190.0
149.0 30.0
229.0 221.0
171.0 232.0
47.0 77.0
17.0 208.0
215.0 198.0
192.0 96.0
56.0 232.0
18.0 53.0
150.0 22.0
245.0 21.0
195.0 204.0
39.0 216.0
153.0 85.0
190.0 100.0
133.0 198.0
220.0 232.0
142.0 74.0
87.0 99.0
247.0 46.0
11.0 214.0
150.0 168.0
15.0 200.0
122.0 30.0
108.0 30.0
154.0 127.0
28.0 29.0
141.0 161.0
124.0 122.0
77.0 161.0
185.0 151.0
13.0 44.0
121.0 52.0
29.0 222.0
248.0 102.0
168.0 226.0
138.0 186.0
211.0 47.0
198.0 112.0
70.0 112.0
77.0 111.0
86.0 124.0
150.0 130.0
139.0 132.0
80.0 186.0
201.0 171.0
88.0 50.0
135.0 197.0
26.0 90.0
15.0 34.0
33.0 235.0
101.0 182.0
255.0 226.0
139.0 101.0
242.0 229.0
28.0 184.0
170.0 143.0
83.0 128.0
100.0 20.0
114.0 65.0
67.0 65.0
160.0 79.0
63.0 254.0
209.0 22.0
91.0 175.0
149.0 149.0
13.0 244.0
113.0 170.0
166.0 20.0
121.0 26.0
181.0 172.0
60.0 184.0
48.0 161.0
6.0 88.0
247.0 98.0
61.0 186.0
129.0 195.0
92.0 107.0
227.0 152.0
180.0 192.0
75.0 23.0
12.0 133.0
48.0 31.0
165.0 48.0
237.0 244.0
151.0 115.0
179.0 202.0
19.0 194.0
147.0 51.0
52.0 222.0
164.0 133.0
169.0 155.0
34.0 227.0
244.0 155.0
252.0 232.0
77.0 115.0
171.0 163.0
60.0 135.0
151.0 86.0
198.0 194.0
232.0 243.0
123.0 160.0
130.0 141.0
141.0 106.0
16.0 210.0
92.0 163.0
254.0 181.0
164.0 235.0
139.0 172.0
66.0 205.0
220.0 251.0
116.0 81.0
123.0 95.0
233.0 70.0
75.0 136.0
243.0 169.0
183.0 180.0
193.0 133.0
14.0 29.0
149.0 34.0
173.0 215.0
35.0 138.0
85.0 244.0
154.0 193.0
231.0 76.0
68.0 251.0
221.0 137.0
61.0 193.0
69.0 203.0
56.0 14.0
169.0 65.0
19.0 122.0
227.0 208.0
125.0 84.0
245.0 38.0
110.0 227.0
218.0 236.0
170.0 120.0
252.0 191.0
250.0 235.0
135.0 183.0
164.0 198.0
206.0 165.0
55.0 20.0
147.0 168.0
233.0 129.0
231.0 73.0
40.0 223.0
211.0 141.0
141.0 69.0
26.0 146.0
30.0 240.0
168.0 203.0
24.0 251.0
222.0 163.0
141.0 156.0
64.0 94.0
36.0 33.0
87.0 109.0
239.0 10.0
99.0 144.0
13.0 77.0
114.0 104.0
210.0 56.0
50.0 95.0
26.0 48.0
193.0 34.0
207.0 90.0
69.0 208.0
207.0 249.0
190.0 249.0
219.0 249.0
217.0 188.0
226.0 246.0
92.0 169.0
97.0 163.0
112.0 148.0
26.0 175.0
66.0 237.0
177.0 49.0
67.0 184.0
230.0 70.0
77.0 18.0
88.0 170.0
93.0 183.0
23.0 77.0
178.0 132.0
166.0 241.0
133.0 24.0
235.0 223.0
118.0 125.0
61.0 191.0
178.0 253.0
144.0 72.0
95.0 123.0
184.0 134.0
107.0 155.0
211.0 165.0
96.0 197.0
110.0 171.0
142.0 63.0
64.0 105.0
139.0 30.0
61.0 183.0
47.0 20.0
137.0 185.0
73.0 7.0
102.0 179.0
200.0 227.0
78.0 155.0
61.0 137.0
173.0 153.0
132.0 72.0
50.0 25.0
118.0 135.0
63.0 242.0
197.0 186.0
60.0 28.0
52.0 79.0
234.0 125.0
235.0 114.0
168.0 85.0
235.0 5.0
103.0 249.0
79.0 215.0
230.0 208.0
33.0 42.0
137.0 31.0
68.0 214.0
46.0 158.0
48.0 254.0
183.0 148.0
178.0 227.0
240.0 18.0
32.0 24.0
113.0 34.0
121.0 164.0
83.0 26.0
103.0 136.0
180.0 226.0
78.0 144.0
54.0 90.0
131.0 159.0
212.0 189.0
171.0 6.0
61.0 60.0
189.0 15.0
9.0 192.0
28.0 91.0
175.0 155.0
182.0 111.0
77.0 197.0
118.0 129.0
11.0 182.0
250.0 154.0
67.0 63.0
171.0 135.0
140.0 140.0
141.0 24.0
46.0 204.0
110.0 171.0
135.0 117.0
96.0 76.0
231.0 128.0
86.0 99.0
130.0 82.0
179.0 23.0
57.0 151.0
246.0 227.0
48.0 205.0
172.0 223.0
188.0 226.0
141.0 177.0
83.0 93.0
113.0 55.0
131.0 226.0
85.0 142.0
75.0 35.0
166.0 203.0
45.0 72.0
166.0 132.0
171.0 161.0
152.0 21.0
142.0 80.0
221.0 94.0
116.0 136.0
137.0 71.0
32.0 146.0
181.0 32.0
69.0 241.0
204.0 222.0
172.0 143.0
168.0 245.0
68.0 239.0
252.0 190.0
249.0 166.0
183.0 61.0
17.0 159.0
253.0 129.0
170.0 235.0
59.0 208.0
61.0 81.0
43.0 156.0
238.0 98.0
255.0 151.0
239.0 102.0
36.0 201.0
176.0 242.0
158.0 84.0
20.0 49.0
9.0 19.0
104.0 248.0
233.0 151.0
130.0 139.0
36.0 31.0
97.0 106.0
179.0 42.0
9.0 115.0
11.0 86.0
205.0 143.0
186.0 92.0
38.0 81.0
50.0 43.0
60.0 127.0
182.0 233.0
170.0 89.0
242.0 25.0
170.0 6.0
208.0 229.0
82.0 137.0
44.0 249.0
74.0 78.0
10.0 241.0
207.0 194.0
247.0 30.0
193.0 18.0
20.0 178.0
57.0 136.0
103.0 89.0
250.0 127.0
55.0 131.0
181.0 192.0
16.0 61.0
176.0 153.0
143.0 93.0
141.0 70.0
160.0 49.0
77.0 91.0
79.0 24.0
135.0 81.0
136.0 128.0
168.0 71.0
119.0 168.0
150.0 189.0
69.0 132.0
33.0 216.0
112.0 7.0
252.0 88.0
253.0 159.0
112.0 81.0
62.0 188.0
139.0 162.0
215.0 105.0
236.0 65.0
128.0 100.0
105.0 250.0
96.0 161.0
164.0 161.0
11.0 166.0
23.0 48.0
198.0 86.0
164.0 176.0
79.0 34.0
208.0 40.0
76.0 200.0
76.0 36.0
96.0 7.0
60.0 88.0
82.0 167.0
195.0 61.0
203.0 91.0
115.0 55.0
180.0 209.0
126.0 78.0
8.0 33.0
94.0 56.0
207.0 135.0
205.0 6.0
166.0 5.0
110.0 26.0
182.0 73.0
135.0 19.0
62.0 15.0
151.0 158.0
41.0 221.0
218.0 187.0
10.0 187.0
190.0 136.0
175.0 72.0
18.0 207.0
36.0 62.0
82.0 21.0
139.0 175.0
137.0 92.0
167.0 240.0
106.0 150.0
166.0 91.0
172.0 209.0
87.0 50.0
16.0 215.0
114.0 157.0
29.0 21.0
25.0 64.0
242.0 101.0
210.0 180.0
167.0 192.0
246.0 126.0
126.0 120.0
212.0 191.0
211.0 124.0
68.0 247.0
27.0 51.0
143.0 151.0
240.0 129.0
193.0 4.0
221.0 64.0
177.0 179.0
175.0 25.0
77.0 47.0
176.0 164.0
95.0 4.0
121.0 93.0
122.0 107.0
124.0 68.0
174.0 210.0
44.0 247.0
139.0 147.0
245.0 76.0
91.0 157.0
154.0 56.0
154.0 229.0
145.0 121.0
55.0 223.0
121.0 202.0
216.0 22.0
233.0 88.0
190.0 233.0
246.0 62.0
68.0 50.0
91.0 32.0
145.0 186.0
227.0 238.0
46.0 73.0
19.0 180.0
208.0 175.0
110.0 176.0
98.0 193.0
90.0 87.0
131.0 119.0
107.0 13.0
64.0 106.0
92.0 70.0
240.0 166.0
88.0 252.0
29.0 87.0
254.0 36.0
230.0 173.0
169.0 162.0
196.0 100.0
103.0 104.0
254.0 103.0
21.0 17.0
116.0 158.0
115.0 114.0
195.0 6.0
243.0 46.0
154.0 55.0
227.0 183.0
237.0 149.0
203.0 224.0
69.0 83.0
158.0 145.0
116.0 245.0
205.0 42.0
90.0 144.0
90.0 33.0
163.0 83.0
125.0 102.0
95.0 87.0
149.0 207.0
41.0 241.0
116.0 174.0
37.0 181.0
256.0 16.0
16.0 225.0
37.0 124.0
243.0 75.0
21.0 103.0
167.0 155.0
200.0 21.0
176.0 139.0
20.0 9.0
137.0 161.0
86.0 108.0
89.0 57.0
94.0 149.0
73.0 76.0
134.0 224.0
147.0 14.0
37.0 103.0
114.0 50.0
252.0 88.0
190.0 160.0
79.0 22.0
41.0 246.0
139.0 23.0
200.0 197.0
229.0 99.0
255.0 211.0
97.0 44.0
156.0 176.0
171.0 166.0
161.0 55.0
141.0 136.0
132.0 218.0
33.0 84.0
111.0 63.0
90.0 157.0
232.0 186.0
188.0 26.0
26.0 123.0
238.0 171.0
54.0 13.0
197.0 56.0
65.0 88.0
227.0 152.0
225.0 250.0
28.0 79.0
224.0 189.0
250.0 130.0
216.0 10.0
149.0 115.0
237.0 142.0
227.0 192.0
231.0 144.0
182.0 181.0
148.0 59.0
47.0 198.0
134.0 41.0
159.0 228.0
193.0 49.0
28.0 83.0
181.0 183.0
80.0 231.0
109.0 119.0
216.0 119.0
50.0 59.0
93.0 37.0
229.0 25.0
116.0 43.0
189.0 86.0
218.0 146.0
25.0 164.0
38.0 113.0
183.0 158.0
196.0 240.0
195.0 164.0
136.0 44.0
226.0 164.0
126.0 144.0
168.0 31.0
20.0 125.0
65.0 167.0
222.0 38.0
170.0 224.0
95.0 203.0
94.0 55.0
129.0 95.0
217.0 50.0
229.0 117.0
158.0 63.0
93.0 135.0
152.0 236.0
113.0 234.0
225.0 57.0
185.0 185.0
126.0 62.0
227.0 190.0
68.0 174.0
147.0 63.0
102.0 178.0
237.0 230.0
31.0 226.0
26.0 132.0
70.0 238.0
15.0 11.0
56.0 212.0
188.0 53.0
28.0 203.0
67.0 241.0
70.0 82.0
113.0 230.0
173.0 222.0
88.0 47.0
102.0 119.0
86.0 236.0
127.0 183.0
200.0 163.0
29.0 87.0
153.0 195.0
80.0 81.0
26.0 116.0
46.0 217.0
224.0 143.0
15.0 65.0
234.0 212.0
15.0 223.0
190.0 79.0
72.0 58.0
146.0 17.0
37.0 168.0
211.0 20.0
244.0 45.0
79.0 177.0
159.0 98.0
236.0 236.0
241.0 169.0
234.0 186.0
44.0 16.0
201.0 221.0
144.0 41.0
90.0 17.0
35.0 140.0
235.0 117.0
250.0 66.0
77.0 199.0
181.0 14.0
249.0 130.0
220.0 245.0
7.0 250.0
141.0 98.0
78.0 119.0
135.0 4.0
52.0 68.0
84.0 34.0
231.0 190.0
125.0 231.0
203.0 163.0
185.0 92.0
192.0 233.0
168.0 103.0
47.0 111.0
123.0 39.0
91.0 200.0
181.0 113.0
10.0 83.0
196.0 238.0
172.0 42.0
52.0 158.0
180.0 121.0
156.0 103.0
132.0 202.0
215.0 40.0
85.0 211.0
187.0 85.0
247.0 230.0
155.0 49.0
71.0 114.0
99.0 250.0
138.0 186.0
214.0 228.0
108.0 13.0
141.0 117.0
48.0 205.0
78.0 179.0
211.0 126.0
68.0 119.0
35.0 75.0
46.0 79.0
36.0 182.0
45.0 53.0
177.0 240.0
16.0 234.0
98.0 79.0
73.0 167.0
149.0 57.0
223.0 88.0
163.0 162.0
247.0 225.0
117.0 214.0
200.0 21.0
232.0 206.0
34.0 210.0
235.0 203.0
250.0 89.0
251.0 228.0
133.0 13.0
182.0 139.0
133.0 89.0
131.0 42.0
102.0 253.0
103.0 174.0
22.0 33.0
228.0 130.0
90.0 87.0
38.0 7.0
159.0 195.0
182.0 232.0
46.0 149.0
37.0 216.0
46.0 103.0
177.0 47.0
61.0 226.0
22.0 209.0
73.0 62.0
59.0 128.0
195.0 68.0
40.0 229.0
200.0 139.0
159.0 124.0
147.0 183.0
55.0 252.0
56.0 196.0
188.0 241.0
204.0 19.0
120.0 155.0
94.0 107.0
98.0 42.0
17.0 123.0
81.0 53.0
176.0 37.0
30.0 209.0
138.0 194.0
168.0 157.0
209.0 154.0
211.0 159.0
154.0 118.0
104.0 28.0
193.0 152.0
184.0 106.0
83.0 127.0
124.0 132.0
107.0 205.0
10.0 233.0
121.0 208.0
251.0 13.0
172.0 246.0
37.0 63.0
123.0 144.0
218.0 32.0
220.0 146.0
131.0 186.0
201.0 25.0
172.0 230.0
182.0 245.0
246.0 187.0
77.0 162.0
13.0 236.0
180.0 37.0
199.0 182.0
28.0 224.0
5.0 77.0
20.0 178.0
20.0 55.0
89.0 17.0
32.0 253.0
231.0 176.0
26.0 35.0
96.0 237.0
133.0 231.0
44.0 132.0
211.0 9.0
252.0 122.0
172.0 214.0
174.0 185.0
111.0 151.0
27.0 75.0
24.0 52.0
16.0 255.0
230.0 31.0
67.0 181.0
186.0 198.0
160.0 205.0
203.0 63.0
198.0 205.0
117.0 57.0
61.0 96.0
16.0 165.0
196.0 219.0
250.0 112.0
29.0 98.0
190.0 9.0
143.0 230.0
31.0 214.0
143.0 230.0
66.0 249.0
41.0 169.0
66.0 134.0
203.0 18.0
24.0 75.0
37.0 143.0
90.0 35.0
132.0 220.0
49.0 234.0
126.0 39.0
36.0 213.0
153.0 246.0
241.0 156.0
240.0 137.0
149.0 238.0
170.0 118.0
187.0 31.0
50.0 107.0
246.0 138.0
179.0 126.0
9.0 231.0
151.0 219.0
233.0 222.0
114.0 49.0
9.0 199.0
238.0 216.0
28.0 181.0
247.0 38.0
22.0 185.0
126.0 150.0
253.0 103.0
14.0 95.0
108.0 181.0
31.0 112.0
64.0 15.0
138.0 192.0
183.0 219.0
200.0 197.0
17.0 62.0
185.0 246.0
255.0 107.0
51.0 93.0
62.0 241.0
166.0 239.0
105.0 41.0
145.0 180.0
70.0 6.0
73.0 169.0
52.0 156.0
175.0 228.0
245.0 194.0
207.0 185.0
181.0 161.0
58.0 110.0
75.0 48.0
188.0 23.0
152.0 232.0
18.0 133.0
149.0 79.0
26.0 129.0
213.0 196.0
37.0 110.0
31.0 33.0
99.0 100.0
52.0 213.0
32.0 68.0
240.0 161.0
197.0 50.0
100.0 34.0
163.0 175.0
38.0 144.0
238.0 34.0
178.0 241.0
122.0 85.0
82.0 22.0
45.0 171.0
90.0 46.0
36.0 220.0
123.0 61.0
31.0 53.0
55.0 92.0
110.0 242.0
80.0 122.0
196.0 119.0
98.0 84.0
133.0 208.0
147.0 188.0
67.0 59.0
25.0 109.0
231.0 145.0
33.0 185.0
150.0 168.0
88.0 90.0
222.0 87.0
244.0 184.0
105.0 16.0
24.0 174.0
222.0 17.0
236.0 147.0
188.0 29.0
253.0 226.0
101.0 32.0
103.0 67.0
130.0 153.0
195.0 30.0
197.0 127.0
162.0 147.0
81.0 195.0
27.0 89.0
125.0 6.0
44.0 122.0
212.0 220.0
33.0 135.0
95.0 232.0
199.0 109.0
129.0 130.0
150.0 229.0
77.0 141.0
163.0 124.0
208.0 68.0
114.0 87.0
207.0 123.0
208.0 111.0
237.0 236.0
43.0 230.0
71.0 158.0
38.0 133.0
236.0 41.0
124.0 121.0
221.0 209.0
113.0 85.0
74.0 157.0
247.0 115.0
45.0 126.0
245.0 75.0
255.0 166.0
216.0 157.0
137.0 167.0
101.0 67.0
31.0 124.0
185.0 42.0
41.0 14.0
200.0 178.0
166.0 177.0
160.0 161.0
200.0 167.0
94.0 19.0
8.0 135.0
219.0 82.0
65.0 72.0
36.0 173.0
254.0 82.0
64.0 82.0
158.0 146.0
59.0 209.0
242.0 183.0
29.0 53.0
11.0 10.0
73.0 92.0
186.0 54.0
168.0 80.0
99.0 143.0
108.0 143.0
213.0 51.0
59.0 159.0
130.0 241.0
80.0 120.0
64.0 135.0
184.0 85.0
75.0 216.0
188.0 93.0
113.0 166.0
18.0 211.0
73.0 200.0
108.0 239.0
46.0 244.0
206.0 159.0
56.0 149.0
56.0 138.0
112.0 17.0
190.0 130.0
256.0 214.0
137.0 230.0
30.0 252.0
180.0 172.0
188.0 228.0
86.0 64.0
208.0 142.0
69.0 47.0
13.0 181.0
28.0 182.0
145.0 124.0
195.0 50.0
121.0 88.0
131.0 44.0
118.0 171.0
49.0 190.0
91.0 75.0
41.0 102.0
67.0 117.0
76.0 65.0
141.0 117.0
196.0 152.0
5.0 182.0
173.0 91.0
180.0 250.0
171.0 84.0
136.0 44.0
37.0 200.0
119.0 167.0
171.0 179.0
243.0 115.0
202.0 114.0
23.0 64.0
38.0 24.0
34.0 101.0
171.0 92.0
24.0 92.0
148.0 252.0
14.0 14.0
245.0 30.0
83.0 67.0
99.0 149.0
40.0 245.0
211.0 251.0
245.0 69.0
12.0 50.0
196.0 58.0
195.0 168.0
20.0 245.0
151.0 137.0
74.0 161.0
145.0 127.0
226.0 29.0
132.0 32.0
103.0 186.0
233.0 125.0
236.0 79.0
188.0 9.0
82.0 12.0
118.0 216.0
170.0 101.0
82.0 24.0
233.0 242.0
147.0 26.0
233.0 169.0
20.0 111.0
209.0 18.0
154.0 237.0
35.0 152.0
217.0 91.0
127.0 235.0
207.0 125.0
21.0 169.0
244.0 153.0
50.0 97.0
194.0 126.0
131.0 124.0
10.0 233.0
10.0 101.0
107.0 183.0
106.0 36.0
11.0 45.0
203.0 63.0
185.0 93.0
237.0 190.0
238.0 135.0
9.0 91.0
223.0 188.0
27.0 82.0
97.0 81.0
148.0 134.0
250.0 223.0
55.0 211.0
223.0 241.0
182.0 174.0
162.0 118.0
218.0 111.0
63.0 138.0
163.0 19.0
156.0 158.0
222.0 30.0
122.0 130.0
102.0 11.0
162.0 30.0
165.0 88.0
198.0 228.0
92.0 46.0
90.0 90.0
134.0 54.0
50.0 210.0
13.0 21.0
23.0 205.0
145.0 144.0
46.0 99.0
133.0 113.0
17.0 67.0
82.0 155.0
249.0 223.0
39.0 219.0
100.0 103.0
8.0 137.0
233.0 130.0
219.0 210.0
89.0 93.0
196.0 144.0
75.0 62.0
218.0 142.0
139.0 136.0
47.0 21.0
105.0 70.0
199.0 234.0
108.0 71.0
216.0 40.0
52.0 153.0
82.0 83.0
138.0 249.0
147.0 34.0
206.0 68.0
79.0 132.0
68.0 28.0
53.0 168.0
234.0 146.0
66.0 130.0
47.0 76.0
33.0 191.0
17.0 27.0
93.0 102.0
249.0 180.0
180.0 63.0
126.0 171.0
223.0 31.0
20.0 127.0
46.0 96.0
63.0 10.0
50.0 99.0
128.0 41.0
90.0 184.0
172.0 151.0
241.0 98.0
221.0 84.0
8.0 68.0
39.0 212.0
40.0 171.0
101.0 97.0
40.0 192.0
62.0 191.0
42.0 209.0
222.0 112.0
138.0 70.0
26.0 253.0
167.0 91.0
14.0 47.0
136.0 36.0
88.0 16.0
179.0 84.0
172.0 20.0
24.0 209.0
10.0 23.0
116.0 59.0
15.0 109.0
216.0 117.0
69.0 219.0
51.0 150.0
66.0 216.0
178.0 44.0
206.0 96.0
7.0 211.0
208.0 132.0
49.0 254.0
92.0 96.0
180.0 213.0
51.0 220.0
127.0 216.0
208.0 200.0
93.0 199.0
132.0 22.0
92.0 197.0
61.0 6.0
50.0 182.0
64.0 253.0
95.0 115.0
192.0 253.0
6.0 82.0
37.0 230.0
77.0 239.0
59.0 82.0
7.0 120.0
8.0 143.0
218.0 152.0
191.0 225.0
48.0 13.0
235.0 59.0
121.0 97.0
17.0 220.0
226.0 97.0
21.0 8.0
97.0 49.0
169.0 25.0
82.0 20.0
17.0 25.0
205.0 158.0
216.0 157.0
237.0 111.0
28.0 51.0
148.0 215.0
162.0 245.0
203.0 66.0
105.0 35.0
162.0 220.0
76.0 101.0
9.0 65.0
133.0 134.0
20.0 193.0
250.0 194.0
233.0 197.0
213.0 125.0
15.0 119.0
15.0 166.0
108.0 71.0
44.0 168.0
73.0 139.0
57.0 235.0
36.0 239.0
115.0 17.0
98.0 110.0
141.0 135.0
164.0 45.0
96.0 87.0
174.0 149.0
98.0 208.0
134.0 54.0
82.0 226.0
20.0 85.0
219.0 24.0
136.0 136.0
42.0 94.0
49.0 117.0
157.0 151.0
135.0 134.0
88.0 240.0
170.0 117.0
234.0 210.0
157.0 202.0
205.0 22.0
203.0 181.0
11.0 82.0
239.0 216.0
87.0 11.0
37.0 34.0
4.0 134.0
192.0 106.0
150.0 212.0
145.0 208.0
184.0 108.0
37.0 250.0
138.0 11.0
101.0 75.0
97.0 41.0
241.0 69.0
201.0 223.0
185.0 124.0
36.0 73.0
137.0 152.0
35.0 87.0
24.0 118.0
74.0 54.0
128.0 98.0
247.0 111.0
36.0 9.0
151.0 40.0
92.0 136.0
43.0 142.0
170.0 198.0
35.0 65.0
73.0 210.0
127.0 7.0
228.0 59.0
56.0 79.0
150.0 98.0
182.0 131.0
180.0 94.0
244.0 157.0
111.0 231.0
64.0 255.0
100.0 64.0
224.0 109.0
59.0 66.0
72.0 100.0
93.0 250.0
30.0 126.0
50.0 144.0
