1
2048 1 3.0 0.0 1000.0 3 160 240 100

6.5 13.5 29.3 58.5
13.0 27.0 58.5 117.0
19.5 40.5 87.8 175.5
26.0 54.0 117.0 234.0
39.0 81.0 175.5 351.0
52.0 108.0 234.0 468.0
58.5 121.5 263.3 526.5
65.0 135.0 292.5 585.0
78.0 162.0 351.0 702.0
0.0 180.0 390.0 780.0

2.0 5.0 8.0 11.0
5.0 8.0 11.0 14.0
9.0 12.0 15.0 18.0
11.0 14.0 17.0 20.0
15.0 18.0 21.0 24.0
18.0 21.0 24.0 27.0
20.0 23.0 26.0 29.0
25.0 28.0 31.0 34.0
29.0 32.0 35.0 38.0
0.0 34.0 37.0 40.0

229.0 139.0
195.0 196.0
182.0 54.0
199.0 9.0
109.0 245.0
49.0 120.0
195.0 213.0
93.0 202.0
207.0 220.0
16.0 84.0
128.0 165.0
22.0 24.0
123.0 118.0
249.0 88.0
10.0 120.0
46.0 179.0
236.0 211.0
231.0 57.0
172.0 176.0
72.0 20.0
94.0 85.0
5.0 212.0
39.0 6.0
186.0 94.0
26.0 75.0
23.0 187.0
205.0 195.0
169.0 235.0
70.0 162.0
231.0 18.0
139.0 112.0
64.0 105.0
128.0 221.0
23.0 133.0
169.0 177.0
168.0 39.0
185.0 222.0
178.0 206.0
117.0 163.0
76.0 68.0
1.0 31.0
167.0 15.0
193.0 149.0
151.0 15.0
128.0 174.0
196.0 172.0
40.0 248.0
49.0 14.0
138.0 190.0
113.0 95.0
54.0 245.0
167.0 94.0
182.0 202.0
56.0 108.0
90.0 9.0
144.0 198.0
8.0 81.0
218.0 30.0
196.0 57.0
41.0 8.0
65.0 68.0
91.0 148.0
240.0 150.0
68.0 207.0
58.0 245.0
85.0 176.0
58.0 42.0
244.0 50.0
94.0 222.0
135.0 90.0
246.0 3.0
102.0 121.0
30.0 153.0
164.0 213.0
223.0 0.0
77.0 149.0
157.0 235.0
45.0 168.0
191.0 157.0
190.0 5.0
89.0 35.0
170.0 81.0
117.0 110.0
165.0 13.0
242.0 36.0
15.0 151.0
104.0 153.0
91.0 195.0
12.0 29.0
62.0 225.0
37.0 27.0
17.0 73.0
42.0 213.0
218.0 239.0
127.0 239.0
92.0 159.0
195.0 139.0
89.0 157.0
223.0 43.0
142.0 1.0
108.0 126.0
3.0 35.0
13.0 185.0
36.0 167.0
212.0 6.0
139.0 76.0
8.0 64.0
239.0 34.0
73.0 91.0
154.0 68.0
164.0 164.0
160.0 17.0
202.0 237.0
162.0 55.0
24.0 143.0
184.0 108.0
188.0 112.0
216.0 141.0
5.0 198.0
247.0 88.0
51.0 60.0
144.0 36.0
216.0 83.0
94.0 65.0
166.0 185.0
130.0 226.0
151.0 159.0
89.0 186.0
152.0 20.0
155.0 141.0
178.0 92.0
196.0 162.0
93.0 165.0
182.0 189.0
148.0 87.0
18.0 224.0
216.0 11.0
200.0 47.0
46.0 14.0
8.0 146.0
152.0 190.0
12.0 62.0
23.0 74.0
238.0 195.0
154.0 103.0
136.0 165.0
204.0 111.0
86.0 145.0
152.0 174.0
191.0 137.0
144.0 202.0
232.0 222.0
13.0 190.0
155.0 142.0
49.0 160.0
80.0 115.0
131.0 105.0
103.0 118.0
149.0 51.0
226.0 162.0
233.0 195.0
72.0 170.0
81.0 123.0
109.0 106.0
11.0 162.0
147.0 88.0
181.0 14.0
211.0 25.0
213.0 96.0
183.0 107.0
37.0 109.0
187.0 84.0
72.0 140.0
246.0 40.0
189.0 180.0
39.0 207.0
186.0 5.0
182.0 162.0
104.0 172.0
225.0 72.0
237.0 193.0
169.0 212.0
39.0 26.0
68.0 33.0
162.0 66.0
138.0 143.0
184.0 150.0
85.0 100.0
165.0 131.0
173.0 246.0
192.0 170.0
129.0 114.0
180.0 163.0
40.0 17.0
231.0 83.0
199.0 217.0
167.0 41.0
193.0 152.0
187.0 192.0
55.0 18.0
124.0 188.0
152.0 32.0
135.0 186.0
9.0 65.0
172.0 208.0
111.0 88.0
197.0 10.0
16.0 248.0
104.0 129.0
177.0 152.0
187.0 130.0
201.0 20.0
14.0 106.0
74.0 197.0
136.0 77.0
173.0 41.0
140.0 213.0
239.0 53.0
96.0 148.0
26.0 142.0
29.0 203.0
133.0 15.0
88.0 133.0
140.0 219.0
172.0 112.0
178.0 184.0
68.0 194.0
158.0 186.0
214.0 72.0
187.0 187.0
41.0 24.0
14.0 113.0
123.0 220.0
148.0 141.0
199.0 163.0
136.0 177.0
198.0 71.0
3.0 242.0
192.0 82.0
210.0 42.0
25.0 230.0
40.0 97.0
185.0 183.0
106.0 53.0
28.0 77.0
28.0 185.0
53.0 66.0
118.0 110.0
214.0 32.0
210.0 55.0
90.0 210.0
126.0 108.0
16.0 46.0
36.0 155.0
131.0 171.0
60.0 57.0
80.0 174.0
19.0 154.0
175.0 192.0
42.0 12.0
147.0 122.0
68.0 136.0
166.0 90.0
74.0 186.0
133.0 128.0
192.0 42.0
43.0 42.0
166.0 130.0
51.0 64.0
196.0 236.0
178.0 151.0
248.0 88.0
133.0 126.0
232.0 62.0
95.0 171.0
24.0 167.0
40.0 239.0
99.0 32.0
78.0 3.0
122.0 190.0
29.0 56.0
151.0 249.0
51.0 94.0
165.0 111.0
201.0 170.0
196.0 218.0
100.0 125.0
155.0 110.0
211.0 168.0
11.0 138.0
27.0 85.0
26.0 2.0
58.0 153.0
94.0 77.0
33.0 143.0
0.0 77.0
81.0 99.0
31.0 138.0
184.0 154.0
122.0 3.0
43.0 184.0
101.0 4.0
20.0 209.0
93.0 161.0
173.0 202.0
2.0 218.0
180.0 81.0
35.0 42.0
33.0 197.0
51.0 101.0
177.0 196.0
54.0 72.0
102.0 191.0
17.0 152.0
191.0 18.0
227.0 8.0
191.0 118.0
183.0 79.0
10.0 200.0
151.0 9.0
62.0 106.0
17.0 78.0
240.0 148.0
156.0 20.0
132.0 226.0
98.0 224.0
160.0 110.0
79.0 88.0
141.0 76.0
139.0 124.0
95.0 162.0
212.0 244.0
142.0 85.0
14.0 176.0
196.0 236.0
48.0 64.0
205.0 157.0
138.0 90.0
222.0 39.0
211.0 39.0
209.0 30.0
94.0 20.0
235.0 5.0
182.0 135.0
81.0 226.0
117.0 197.0
54.0 152.0
203.0 154.0
128.0 219.0
77.0 188.0
110.0 214.0
236.0 41.0
67.0 190.0
67.0 145.0
72.0 176.0
93.0 239.0
152.0 249.0
232.0 179.0
113.0 94.0
123.0 237.0
244.0 4.0
220.0 235.0
203.0 61.0
73.0 174.0
221.0 83.0
113.0 83.0
42.0 200.0
1.0 125.0
102.0 9.0
223.0 58.0
19.0 70.0
117.0 205.0
241.0 37.0
137.0 175.0
63.0 91.0
175.0 97.0
238.0 76.0
111.0 237.0
12.0 127.0
41.0 146.0
183.0 86.0
219.0 68.0
137.0 96.0
63.0 139.0
102.0 61.0
103.0 240.0
174.0 231.0
120.0 139.0
244.0 226.0
221.0 177.0
9.0 126.0
219.0 7.0
66.0 80.0
205.0 1.0
137.0 176.0
24.0 233.0
65.0 150.0
209.0 2.0
4.0 54.0
178.0 201.0
52.0 89.0
126.0 106.0
135.0 88.0
63.0 18.0
21.0 239.0
33.0 215.0
142.0 162.0
101.0 16.0
221.0 34.0
13.0 40.0
18.0 27.0
242.0 79.0
62.0 117.0
207.0 64.0
62.0 139.0
243.0 143.0
229.0 54.0
236.0 244.0
86.0 146.0
134.0 9.0
127.0 8.0
111.0 91.0
11.0 157.0
229.0 93.0
40.0 5.0
1.0 243.0
233.0 164.0
64.0 231.0
113.0 169.0
1.0 161.0
142.0 243.0
142.0 173.0
55.0 44.0
8.0 75.0
151.0 155.0
100.0 137.0
162.0 131.0
83.0 48.0
130.0 228.0
177.0 39.0
55.0 21.0
187.0 42.0
101.0 144.0
115.0 43.0
3.0 242.0
147.0 96.0
92.0 249.0
103.0 41.0
199.0 192.0
241.0 18.0
244.0 21.0
155.0 195.0
120.0 42.0
19.0 180.0
79.0 66.0
38.0 154.0
96.0 235.0
245.0 73.0
31.0 14.0
123.0 99.0
214.0 185.0
69.0 234.0
124.0 196.0
44.0 201.0
177.0 87.0
69.0 157.0
167.0 224.0
25.0 158.0
245.0 176.0
34.0 96.0
105.0 100.0
21.0 151.0
140.0 88.0
104.0 95.0
124.0 225.0
25.0 121.0
26.0 178.0
158.0 159.0
169.0 192.0
179.0 225.0
203.0 189.0
57.0 152.0
221.0 226.0
68.0 100.0
132.0 125.0
135.0 87.0
223.0 158.0
58.0 66.0
166.0 226.0
52.0 149.0
24.0 45.0
63.0 138.0
121.0 148.0
127.0 95.0
228.0 80.0
119.0 219.0
44.0 246.0
52.0 153.0
48.0 143.0
127.0 106.0
74.0 63.0
79.0 38.0
68.0 136.0
150.0 177.0
4.0 161.0
85.0 222.0
24.0 224.0
142.0 145.0
183.0 176.0
113.0 67.0
222.0 99.0
222.0 236.0
119.0 202.0
38.0 215.0
236.0 150.0
128.0 186.0
169.0 149.0
220.0 93.0
250.0 159.0
223.0 166.0
186.0 189.0
12.0 166.0
161.0 158.0
176.0 21.0
249.0 170.0
25.0 66.0
95.0 51.0
194.0 190.0
101.0 116.0
237.0 215.0
175.0 153.0
188.0 191.0
170.0 200.0
110.0 68.0
197.0 247.0
229.0 32.0
50.0 48.0
54.0 108.0
72.0 52.0
192.0 190.0
60.0 21.0
148.0 212.0
164.0 213.0
193.0 20.0
16.0 76.0
207.0 9.0
149.0 199.0
209.0 224.0
84.0 101.0
104.0 115.0
15.0 225.0
245.0 7.0
90.0 88.0
196.0 116.0
94.0 85.0
184.0 38.0
166.0 22.0
245.0 169.0
225.0 2.0
179.0 103.0
101.0 108.0
197.0 102.0
197.0 140.0
234.0 56.0
26.0 219.0
211.0 138.0
88.0 143.0
76.0 218.0
58.0 182.0
39.0 110.0
116.0 75.0
208.0 76.0
24.0 31.0
156.0 58.0
146.0 138.0
16.0 170.0
150.0 97.0
248.0 61.0
209.0 49.0
51.0 40.0
71.0 68.0
193.0 204.0
173.0 184.0
108.0 104.0
64.0 141.0
151.0 30.0
180.0 140.0
241.0 103.0
101.0 135.0
154.0 122.0
228.0 62.0
74.0 221.0
115.0 196.0
44.0 178.0
30.0 132.0
36.0 25.0
104.0 223.0
167.0 212.0
13.0 83.0
156.0 77.0
182.0 127.0
170.0 249.0
83.0 115.0
28.0 120.0
225.0 61.0
40.0 140.0
51.0 93.0
78.0 186.0
215.0 243.0
13.0 132.0
61.0 145.0
14.0 20.0
172.0 233.0
210.0 50.0
176.0 39.0
71.0 189.0
47.0 67.0
152.0 234.0
230.0 217.0
183.0 247.0
188.0 97.0
3.0 92.0
77.0 100.0
214.0 89.0
27.0 172.0
180.0 159.0
108.0 54.0
105.0 107.0
86.0 36.0
207.0 16.0
166.0 128.0
85.0 42.0
207.0 71.0
179.0 214.0
231.0 203.0
45.0 134.0
96.0 250.0
212.0 71.0
1.0 158.0
226.0 215.0
96.0 181.0
17.0 210.0
238.0 201.0
78.0 107.0
23.0 125.0
204.0 226.0
22.0 220.0
168.0 206.0
226.0 90.0
203.0 93.0
10.0 42.0
25.0 125.0
221.0 160.0
177.0 197.0
103.0 221.0
22.0 23.0
32.0 143.0
48.0 119.0
128.0 220.0
199.0 243.0
125.0 206.0
8.0 35.0
166.0 138.0
128.0 132.0
38.0 85.0
152.0 112.0
147.0 74.0
210.0 174.0
101.0 19.0
93.0 33.0
101.0 26.0
21.0 59.0
115.0 21.0
194.0 15.0
168.0 199.0
87.0 53.0
104.0 120.0
42.0 193.0
9.0 79.0
209.0 64.0
43.0 187.0
33.0 16.0
239.0 174.0
213.0 9.0
148.0 230.0
195.0 250.0
249.0 17.0
9.0 120.0
142.0 32.0
130.0 235.0
59.0 93.0
66.0 56.0
92.0 2.0
192.0 16.0
52.0 23.0
199.0 207.0
211.0 115.0
28.0 217.0
245.0 168.0
28.0 43.0
239.0 75.0
111.0 36.0
194.0 2.0
236.0 169.0
33.0 62.0
138.0 243.0
169.0 140.0
9.0 166.0
242.0 193.0
164.0 47.0
234.0 147.0
27.0 136.0
187.0 87.0
101.0 206.0
92.0 249.0
126.0 43.0
77.0 127.0
210.0 15.0
69.0 70.0
22.0 250.0
181.0 77.0
201.0 39.0
132.0 25.0
200.0 104.0
80.0 163.0
79.0 219.0
39.0 243.0
114.0 215.0
137.0 236.0
97.0 220.0
22.0 135.0
62.0 39.0
39.0 161.0
206.0 159.0
106.0 4.0
105.0 149.0
51.0 43.0
113.0 75.0
200.0 44.0
176.0 64.0
107.0 164.0
81.0 20.0
92.0 127.0
229.0 8.0
103.0 23.0
94.0 154.0
198.0 239.0
72.0 242.0
24.0 77.0
9.0 203.0
227.0 197.0
245.0 62.0
36.0 83.0
74.0 168.0
97.0 16.0
87.0 125.0
150.0 153.0
184.0 161.0
13.0 58.0
87.0 194.0
102.0 152.0
4.0 229.0
52.0 79.0
178.0 204.0
63.0 53.0
76.0 57.0
151.0 63.0
75.0 5.0
57.0 145.0
46.0 166.0
116.0 200.0
40.0 170.0
215.0 201.0
126.0 231.0
22.0 148.0
199.0 232.0
232.0 232.0
176.0 148.0
139.0 195.0
39.0 239.0
161.0 217.0
13.0 224.0
246.0 204.0
201.0 231.0
161.0 168.0
102.0 113.0
223.0 207.0
207.0 43.0
86.0 157.0
220.0 122.0
35.0 28.0
230.0 22.0
20.0 193.0
245.0 19.0
238.0 60.0
51.0 78.0
156.0 60.0
177.0 209.0
127.0 72.0
56.0 144.0
129.0 240.0
29.0 157.0
159.0 166.0
172.0 218.0
177.0 66.0
205.0 184.0
18.0 13.0
94.0 73.0
21.0 202.0
238.0 14.0
203.0 249.0
199.0 39.0
67.0 95.0
27.0 187.0
12.0 134.0
249.0 209.0
71.0 18.0
180.0 220.0
41.0 134.0
34.0 211.0
138.0 80.0
96.0 144.0
87.0 14.0
59.0 164.0
179.0 71.0
170.0 35.0
64.0 96.0
159.0 193.0
196.0 27.0
226.0 166.0
69.0 36.0
168.0 123.0
32.0 139.0
72.0 162.0
215.0 17.0
10.0 247.0
199.0 122.0
41.0 19.0
115.0 203.0
97.0 11.0
166.0 176.0
150.0 124.0
131.0 114.0
152.0 19.0
230.0 165.0
241.0 150.0
21.0 18.0
83.0 224.0
94.0 135.0
242.0 191.0
104.0 226.0
34.0 169.0
29.0 52.0
167.0 29.0
76.0 177.0
236.0 176.0
245.0 121.0
231.0 134.0
93.0 159.0
39.0 78.0
92.0 84.0
197.0 53.0
246.0 74.0
245.0 154.0
222.0 96.0
96.0 30.0
62.0 99.0
111.0 107.0
81.0 77.0
184.0 12.0
152.0 121.0
163.0 238.0
114.0 150.0
10.0 138.0
120.0 88.0
181.0 173.0
44.0 42.0
227.0 116.0
129.0 123.0
238.0 29.0
123.0 85.0
12.0 81.0
227.0 57.0
167.0 138.0
201.0 172.0
236.0 89.0
81.0 226.0
73.0 201.0
10.0 61.0
233.0 95.0
216.0 179.0
32.0 10.0
37.0 144.0
74.0 68.0
163.0 167.0
83.0 98.0
92.0 53.0
191.0 88.0
120.0 26.0
151.0 203.0
220.0 236.0
2.0 76.0
12.0 96.0
24.0 162.0
63.0 122.0
143.0 13.0
69.0 44.0
248.0 117.0
63.0 2.0
192.0 41.0
52.0 206.0
84.0 158.0
116.0 1.0
7.0 51.0
247.0 94.0
137.0 21.0
65.0 13.0
50.0 148.0
104.0 171.0
34.0 223.0
142.0 235.0
84.0 113.0
155.0 42.0
34.0 6.0
6.0 155.0
100.0 234.0
62.0 157.0
188.0 219.0
225.0 144.0
110.0 142.0
200.0 180.0
175.0 250.0
105.0 1.0
186.0 8.0
129.0 133.0
186.0 155.0
213.0 95.0
102.0 244.0
84.0 192.0
248.0 88.0
245.0 229.0
229.0 78.0
119.0 10.0
79.0 167.0
94.0 80.0
30.0 116.0
12.0 197.0
141.0 155.0
4.0 119.0
55.0 42.0
71.0 75.0
230.0 64.0
185.0 114.0
45.0 48.0
210.0 90.0
249.0 83.0
5.0 101.0
28.0 146.0
168.0 0.0
32.0 181.0
142.0 195.0
23.0 229.0
5.0 213.0
93.0 19.0
73.0 120.0
247.0 243.0
232.0 161.0
181.0 53.0
16.0 74.0
168.0 121.0
223.0 71.0
5.0 192.0
208.0 65.0
62.0 76.0
18.0 16.0
17.0 142.0
139.0 86.0
178.0 146.0
142.0 121.0
119.0 59.0
120.0 6.0
143.0 117.0
80.0 46.0
174.0 136.0
60.0 49.0
229.0 180.0
11.0 122.0
186.0 2.0
74.0 247.0
117.0 223.0
195.0 16.0
46.0 51.0
52.0 220.0
14.0 114.0
130.0 46.0
188.0 89.0
53.0 190.0
19.0 101.0
101.0 34.0
63.0 155.0
173.0 67.0
98.0 225.0
0.0 50.0
24.0 156.0
226.0 14.0
50.0 85.0
46.0 192.0
29.0 193.0
150.0 100.0
86.0 116.0
21.0 15.0
5.0 186.0
234.0 162.0
151.0 229.0
153.0 246.0
26.0 190.0
63.0 20.0
103.0 205.0
17.0 143.0
160.0 17.0
36.0 145.0
139.0 208.0
90.0 134.0
124.0 48.0
103.0 176.0
83.0 43.0
63.0 118.0
109.0 100.0
73.0 153.0
159.0 39.0
63.0 32.0
162.0 225.0
138.0 85.0
131.0 180.0
133.0 82.0
244.0 78.0
232.0 238.0
187.0 104.0
114.0 243.0
86.0 209.0
88.0 15.0
181.0 104.0
51.0 171.0
226.0 172.0
138.0 48.0
114.0 245.0
234.0 136.0
97.0 64.0
116.0 133.0
234.0 236.0
17.0 112.0
41.0 130.0
246.0 131.0
123.0 166.0
35.0 148.0
122.0 42.0
134.0 209.0
145.0 242.0
182.0 135.0
122.0 245.0
2.0 49.0
141.0 148.0
242.0 109.0
83.0 242.0
117.0 143.0
229.0 151.0
42.0 199.0
30.0 175.0
65.0 59.0
101.0 79.0
242.0 115.0
242.0 103.0
229.0 43.0
179.0 46.0
151.0 25.0
203.0 83.0
94.0 94.0
14.0 46.0
192.0 225.0
100.0 190.0
19.0 122.0
46.0 55.0
130.0 198.0
7.0 89.0
89.0 74.0
106.0 237.0
201.0 215.0
110.0 53.0
170.0 157.0
30.0 166.0
7.0 77.0
115.0 29.0
55.0 15.0
14.0 156.0
63.0 144.0
206.0 148.0
63.0 10.0
84.0 97.0
106.0 16.0
183.0 36.0
223.0 207.0
52.0 155.0
59.0 237.0
143.0 67.0
162.0 210.0
86.0 229.0
4.0 158.0
99.0 172.0
84.0 206.0
28.0 21.0
67.0 75.0
143.0 83.0
198.0 101.0
62.0 108.0
52.0 25.0
39.0 134.0
236.0 131.0
135.0 134.0
241.0 102.0
117.0 5.0
175.0 47.0
233.0 0.0
202.0 186.0
90.0 12.0
44.0 34.0
149.0 178.0
245.0 192.0
184.0 99.0
186.0 205.0
118.0 17.0
155.0 228.0
180.0 119.0
110.0 74.0
186.0 175.0
56.0 28.0
17.0 69.0
40.0 109.0
200.0 48.0
65.0 42.0
72.0 123.0
60.0 7.0
30.0 71.0
73.0 47.0
237.0 102.0
204.0 62.0
161.0 11.0
60.0 172.0
177.0 4.0
139.0 239.0
18.0 143.0
46.0 192.0
136.0 222.0
53.0 99.0
166.0 159.0
70.0 229.0
173.0 64.0
123.0 186.0
236.0 214.0
59.0 233.0
196.0 215.0
193.0 4.0
225.0 204.0
223.0 112.0
182.0 2.0
37.0 210.0
33.0 181.0
86.0 145.0
182.0 102.0
79.0 147.0
108.0 1.0
51.0 45.0
23.0 51.0
192.0 98.0
92.0 107.0
98.0 51.0
42.0 192.0
213.0 124.0
71.0 47.0
10.0 176.0
16.0 181.0
33.0 122.0
69.0 124.0
241.0 227.0
123.0 182.0
147.0 221.0
154.0 38.0
57.0 238.0
102.0 112.0
44.0 150.0
38.0 149.0
72.0 171.0
196.0 81.0
43.0 184.0
33.0 244.0
50.0 26.0
30.0 135.0
225.0 73.0
5.0 164.0
111.0 231.0
44.0 188.0
59.0 47.0
187.0 192.0
199.0 178.0
95.0 7.0
124.0 46.0
230.0 53.0
202.0 48.0
118.0 139.0
31.0 34.0
126.0 165.0
87.0 28.0
204.0 144.0
183.0 38.0
112.0 11.0
188.0 64.0
245.0 11.0
236.0 15.0
190.0 10.0
3.0 15.0
239.0 139.0
151.0 198.0
140.0 7.0
149.0 86.0
161.0 245.0
198.0 25.0
144.0 12.0
81.0 160.0
247.0 88.0
50.0 32.0
152.0 62.0
203.0 167.0
94.0 124.0
74.0 99.0
105.0 77.0
11.0 97.0
178.0 222.0
216.0 143.0
158.0 92.0
117.0 50.0
172.0 67.0
88.0 169.0
12.0 231.0
57.0 179.0
199.0 115.0
141.0 29.0
231.0 60.0
233.0 172.0
130.0 240.0
41.0 20.0
179.0 179.0
135.0 132.0
62.0 190.0
135.0 203.0
197.0 194.0
204.0 232.0
93.0 221.0
120.0 60.0
139.0 178.0
212.0 34.0
35.0 50.0
47.0 117.0
153.0 13.0
47.0 72.0
162.0 234.0
32.0 158.0
70.0 220.0
7.0 101.0
151.0 113.0
50.0 153.0
38.0 169.0
1.0 116.0
64.0 190.0
190.0 33.0
18.0 31.0
13.0 32.0
13.0 63.0
237.0 172.0
18.0 102.0
209.0 132.0
121.0 50.0
219.0 218.0
194.0 130.0
78.0 176.0
166.0 114.0
31.0 132.0
187.0 5.0
199.0 40.0
22.0 235.0
22.0 78.0
77.0 204.0
47.0 0.0
28.0 82.0
158.0 14.0
75.0 102.0
185.0 52.0
163.0 119.0
154.0 143.0
80.0 37.0
223.0 131.0
139.0 28.0
178.0 61.0
225.0 240.0
183.0 109.0
53.0 61.0
19.0 7.0
33.0 14.0
128.0 200.0
214.0 204.0
86.0 78.0
74.0 41.0
185.0 137.0
20.0 22.0
118.0 31.0
222.0 176.0
92.0 7.0
16.0 69.0
220.0 51.0
158.0 120.0
143.0 114.0
247.0 229.0
117.0 117.0
243.0 93.0
143.0 243.0
42.0 114.0
232.0 71.0
118.0 115.0
23.0 202.0
102.0 156.0
225.0 42.0
175.0 52.0
212.0 25.0
10.0 247.0
121.0 74.0
23.0 21.0
166.0 190.0
46.0 71.0
134.0 103.0
54.0 50.0
156.0 1.0
175.0 246.0
86.0 143.0
11.0 103.0
213.0 245.0
95.0 143.0
23.0 72.0
165.0 109.0
85.0 2.0
197.0 23.0
177.0 122.0
232.0 106.0
94.0 234.0
96.0 106.0
123.0 222.0
153.0 141.0
10.0 25.0
71.0 197.0
26.0 45.0
114.0 33.0
75.0 103.0
68.0 249.0
95.0 156.0
183.0 140.0
45.0 13.0
125.0 234.0
121.0 122.0
182.0 241.0
124.0 69.0
101.0 201.0
221.0 208.0
175.0 175.0
178.0 207.0
78.0 144.0
164.0 46.0
196.0 91.0
83.0 124.0
71.0 47.0
159.0 144.0
92.0 202.0
104.0 57.0
159.0 249.0
223.0 103.0
100.0 163.0
159.0 105.0
170.0 237.0
6.0 188.0
48.0 186.0
114.0 194.0
42.0 3.0
204.0 100.0
33.0 39.0
219.0 73.0
239.0 79.0
175.0 103.0
224.0 33.0
58.0 219.0
89.0 136.0
140.0 106.0
149.0 138.0
158.0 7.0
175.0 22.0
91.0 90.0
97.0 91.0
106.0 50.0
157.0 99.0
34.0 3.0
10.0 127.0
71.0 55.0
141.0 22.0
189.0 241.0
235.0 210.0
86.0 86.0
223.0 78.0
21.0 101.0
26.0 130.0
241.0 107.0
95.0 205.0
233.0 65.0
148.0 109.0
125.0 176.0
64.0 73.0
88.0 63.0
225.0 11.0
189.0 170.0
131.0 102.0
192.0 66.0
206.0 67.0
105.0 160.0
249.0 33.0
108.0 149.0
67.0 212.0
38.0 66.0
125.0 192.0
181.0 144.0
123.0 169.0
181.0 217.0
204.0 55.0
189.0 12.0
88.0 161.0
185.0 183.0
205.0 7.0
215.0 49.0
243.0 112.0
115.0 23.0
78.0 151.0
84.0 67.0
95.0 232.0
42.0 44.0
22.0 57.0
25.0 156.0
150.0 82.0
168.0 230.0
173.0 70.0
157.0 168.0
176.0 29.0
83.0 187.0
95.0 53.0
185.0 43.0
80.0 184.0
57.0 249.0
198.0 187.0
177.0 95.0
25.0 224.0
210.0 108.0
209.0 209.0
54.0 142.0
157.0 196.0
222.0 99.0
68.0 205.0
157.0 105.0
79.0 212.0
173.0 15.0
128.0 94.0
27.0 193.0
180.0 123.0
161.0 70.0
29.0 166.0
15.0 53.0
213.0 77.0
63.0 148.0
126.0 54.0
102.0 17.0
230.0 70.0
70.0 196.0
91.0 25.0
49.0 60.0
6.0 118.0
110.0 156.0
71.0 192.0
9.0 100.0
86.0 180.0
51.0 41.0
20.0 44.0
220.0 12.0
59.0 195.0
42.0 43.0
82.0 161.0
151.0 236.0
208.0 128.0
130.0 47.0
151.0 235.0
245.0 102.0
136.0 127.0
16.0 169.0
237.0 25.0
104.0 238.0
24.0 183.0
90.0 199.0
3.0 127.0
15.0 204.0
109.0 162.0
103.0 73.0
106.0 173.0
185.0 207.0
40.0 80.0
115.0 245.0
216.0 92.0
57.0 43.0
219.0 5.0
86.0 96.0
85.0 56.0
81.0 116.0
4.0 203.0
241.0 235.0
44.0 232.0
76.0 188.0
153.0 158.0
75.0 83.0
50.0 225.0
38.0 205.0
135.0 85.0
133.0 116.0
163.0 76.0
47.0 103.0
176.0 72.0
182.0 128.0
71.0 193.0
115.0 192.0
170.0 214.0
159.0 149.0
43.0 99.0
129.0 13.0
82.0 119.0
7.0 149.0
187.0 103.0
248.0 38.0
213.0 162.0
39.0 130.0
130.0 44.0
133.0 78.0
203.0 113.0
191.0 15.0
250.0 208.0
132.0 37.0
154.0 11.0
49.0 174.0
90.0 61.0
57.0 134.0
235.0 156.0
23.0 239.0
69.0 165.0
158.0 208.0
154.0 107.0
39.0 68.0
119.0 155.0
186.0 246.0
122.0 41.0
123.0 235.0
129.0 145.0
166.0 2.0
177.0 118.0
15.0 180.0
62.0 202.0
248.0 73.0
3.0 216.0
171.0 131.0
120.0 248.0
15.0 76.0
105.0 156.0
35.0 184.0
95.0 24.0
136.0 39.0
230.0 64.0
214.0 155.0
17.0 239.0
207.0 126.0
149.0 212.0
162.0 95.0
225.0 26.0
195.0 83.0
181.0 245.0
24.0 73.0
244.0 87.0
78.0 29.0
79.0 151.0
235.0 120.0
91.0 145.0
69.0 202.0
155.0 98.0
27.0 197.0
127.0 77.0
53.0 56.0
21.0 26.0
199.0 67.0
89.0 116.0
105.0 68.0
66.0 106.0
36.0 200.0
176.0 226.0
212.0 140.0
55.0 198.0
249.0 71.0
55.0 47.0
82.0 208.0
205.0 179.0
55.0 249.0
175.0 15.0
164.0 209.0
138.0 21.0
36.0 129.0
7.0 53.0
242.0 240.0
63.0 240.0
138.0 196.0
80.0 184.0
244.0 83.0
81.0 90.0
190.0 198.0
205.0 213.0
135.0 175.0
219.0 131.0
69.0 84.0
237.0 89.0
10.0 183.0
90.0 48.0
143.0 109.0
24.0 78.0
32.0 35.0
34.0 80.0
94.0 211.0
155.0 119.0
64.0 50.0
125.0 213.0
30.0 40.0
132.0 245.0
147.0 27.0
169.0 227.0
225.0 17.0
97.0 181.0
176.0 178.0
63.0 8.0
143.0 50.0
237.0 3.0
167.0 31.0
151.0 217.0
99.0 21.0
233.0 240.0
227.0 162.0
180.0 215.0
198.0 182.0
146.0 24.0
105.0 157.0
13.0 104.0
159.0 77.0
99.0 181.0
210.0 153.0
191.0 24.0
170.0 120.0
135.0 131.0
203.0 105.0
244.0 64.0
134.0 194.0
131.0 223.0
51.0 133.0
109.0 168.0
183.0 166.0
132.0 125.0
161.0 95.0
45.0 176.0
94.0 165.0
247.0 155.0
229.0 244.0
157.0 98.0
219.0 26.0
211.0 167.0
163.0 104.0
158.0 15.0
63.0 7.0
5.0 126.0
223.0 186.0
2.0 234.0
135.0 158.0
151.0 234.0
234.0 170.0
248.0 51.0
191.0 221.0
61.0 5.0
15.0 176.0
45.0 26.0
247.0 183.0
57.0 130.0
139.0 5.0
102.0 118.0
242.0 106.0
200.0 49.0
150.0 216.0
25.0 75.0
218.0 110.0
41.0 61.0
113.0 173.0
142.0 192.0
146.0 138.0
173.0 135.0
121.0 179.0
191.0 68.0
22.0 121.0
218.0 21.0
141.0 79.0
248.0 232.0
111.0 168.0
101.0 53.0
57.0 204.0
24.0 23.0
207.0 172.0
16.0 249.0
58.0 23.0
142.0 83.0
46.0 174.0
185.0 114.0
224.0 152.0
36.0 103.0
230.0 152.0
44.0 235.0
203.0 60.0
88.0 192.0
53.0 75.0
236.0 70.0
93.0 130.0
122.0 237.0
97.0 110.0
24.0 48.0
150.0 181.0
152.0 140.0
221.0 118.0
13.0 93.0
218.0 74.0
227.0 52.0
73.0 38.0
40.0 224.0
232.0 50.0
29.0 227.0
244.0 65.0
125.0 71.0
178.0 142.0
76.0 124.0
198.0 221.0
92.0 218.0
146.0 60.0
173.0 131.0
92.0 204.0
244.0 215.0
77.0 173.0
217.0 35.0
120.0 148.0
219.0 164.0
107.0 193.0
1.0 119.0
1.0 158.0
135.0 226.0
110.0 211.0
125.0 248.0
238.0 240.0
180.0 202.0
76.0 197.0
151.0 83.0
24.0 24.0
239.0 31.0
196.0 85.0
119.0 39.0
161.0 128.0
202.0 116.0
37.0 80.0
55.0 121.0
139.0 60.0
79.0 71.0
162.0 55.0
92.0 247.0
220.0 12.0
35.0 34.0
99.0 159.0
78.0 201.0
179.0 193.0
226.0 164.0
1.0 22.0
54.0 81.0
57.0 62.0
72.0 193.0
155.0 172.0
215.0 119.0
67.0 85.0
70.0 170.0
186.0 46.0
237.0 246.0
14.0 151.0
37.0 9.0
102.0 211.0
98.0 32.0
117.0 13.0
162.0 223.0
46.0 183.0
8.0 122.0
92.0 135.0
224.0 221.0
127.0 206.0
78.0 46.0
144.0 64.0
117.0 30.0
212.0 127.0
107.0 19.0
217.0 207.0
57.0 89.0
52.0 230.0
104.0 124.0
145.0 137.0
77.0 219.0
114.0 170.0
179.0 231.0
75.0 52.0
214.0 156.0
247.0 114.0
171.0 47.0
30.0 12.0
236.0 17.0
53.0 225.0
138.0 159.0
1.0 78.0
54.0 75.0
97.0 119.0
89.0 197.0
174.0 231.0
181.0 224.0
72.0 154.0
79.0 249.0
189.0 196.0
117.0 246.0
43.0 185.0
47.0 144.0
33.0 40.0
42.0 16.0
154.0 167.0
9.0 235.0
212.0 175.0
178.0 17.0
171.0 221.0
4.0 52.0
65.0 142.0
209.0 41.0
220.0 33.0
139.0 203.0
98.0 47.0
122.0 196.0
127.0 230.0
137.0 146.0
217.0 19.0
106.0 98.0
197.0 93.0
238.0 211.0
228.0 86.0
122.0 128.0
88.0 231.0
101.0 238.0
231.0 59.0
30.0 113.0
143.0 101.0
55.0 222.0
42.0 92.0
138.0 81.0
46.0 247.0
104.0 69.0
0.0 248.0
55.0 185.0
195.0 117.0
40.0 106.0
56.0 240.0
222.0 199.0
154.0 112.0
42.0 213.0
245.0 179.0
243.0 191.0
64.0 213.0
145.0 197.0
193.0 242.0
142.0 12.0
136.0 82.0
196.0 44.0
5.0 113.0
174.0 210.0
104.0 247.0
174.0 164.0
182.0 71.0
61.0 14.0
9.0 11.0
247.0 11.0
184.0 118.0
32.0 247.0
192.0 194.0
199.0 198.0
7.0 247.0
35.0 48.0
118.0 95.0
93.0 235.0
164.0 3.0
8.0 34.0
165.0 43.0
45.0 11.0
179.0 184.0
69.0 11.0
234.0 168.0
243.0 156.0
232.0 79.0
15.0 134.0
77.0 6.0
77.0 140.0
70.0 104.0
240.0 112.0
208.0 74.0
9.0 3.0
67.0 224.0
212.0 110.0
12.0 37.0
58.0 75.0
52.0 13.0
125.0 200.0
200.0 86.0
22.0 72.0
36.0 13.0
96.0 7.0
212.0 165.0
66.0 190.0
207.0 230.0
52.0 153.0
210.0 151.0
49.0 67.0
65.0 164.0
153.0 147.0
21.0 141.0
219.0 245.0
93.0 243.0
156.0 75.0
173.0 190.0
137.0 4.0
55.0 37.0
70.0 233.0
132.0 148.0
226.0 190.0
78.0 118.0
247.0 62.0
123.0 212.0
55.0 174.0
123.0 207.0
14.0 22.0
160.0 67.0
234.0 42.0
231.0 220.0
244.0 26.0
161.0 243.0
57.0 175.0
157.0 92.0
220.0 54.0
15.0 64.0
249.0 65.0
32.0 4.0
174.0 84.0
241.0 63.0
208.0 3.0
169.0 145.0
142.0 198.0
95.0 235.0
114.0 23.0
136.0 113.0
224.0 7.0
18.0 11.0
17.0 205.0
229.0 111.0
169.0 5.0
38.0 64.0
52.0 237.0
209.0 35.0
115.0 234.0
5.0 95.0
134.0 92.0
195.0 94.0
150.0 134.0
38.0 193.0
22.0 206.0
68.0 82.0
35.0 198.0
47.0 175.0
117.0 22.0
22.0 184.0
235.0 75.0
224.0 7.0
134.0 43.0
140.0 175.0
131.0 212.0
104.0 197.0
0.0 240.0
113.0 157.0
24.0 200.0
99.0 27.0
130.0 224.0
229.0 192.0
72.0 170.0
99.0 249.0
181.0 29.0
5.0 221.0
31.0 120.0
45.0 122.0
176.0 146.0
98.0 128.0
165.0 62.0
76.0 171.0
120.0 180.0
101.0 90.0
215.0 96.0
137.0 26.0
218.0 249.0
115.0 73.0
40.0 46.0
173.0 238.0
100.0 15.0
218.0 112.0
64.0 31.0
24.0 175.0
145.0 201.0
204.0 244.0
145.0 91.0
159.0 144.0
52.0 236.0
208.0 213.0
0.0 7.0
116.0 97.0
24.0 147.0
118.0 87.0
54.0 171.0
25.0 57.0
189.0 71.0
121.0 149.0
91.0 145.0

235.0 145.0
200.0 202.0
186.0 59.0
204.0 13.0
114.0 251.0
53.0 124.0
200.0 218.0
98.0 207.0
213.0 224.0
22.0 90.0
133.0 170.0
27.0 29.0
128.0 123.0
254.0 93.0
15.0 124.0
51.0 183.0
242.0 215.0
237.0 61.0
177.0 180.0
76.0 25.0
99.0 90.0
10.0 217.0
43.0 11.0
191.0 99.0
31.0 80.0
29.0 191.0
210.0 200.0
174.0 240.0
76.0 168.0
235.0 23.0
144.0 116.0
70.0 110.0
134.0 227.0
29.0 139.0
173.0 183.0
173.0 45.0
190.0 227.0
184.0 210.0
123.0 169.0
82.0 74.0
6.0 36.0
172.0 20.0
198.0 154.0
156.0 20.0
133.0 179.0
202.0 177.0
45.0 254.0
54.0 19.0
143.0 195.0
118.0 101.0
59.0 250.0
172.0 99.0
187.0 206.0
61.0 113.0
96.0 14.0
149.0 204.0
12.0 86.0
224.0 35.0
201.0 62.0
45.0 14.0
69.0 73.0
96.0 152.0
245.0 154.0
74.0 212.0
64.0 249.0
89.0 182.0
63.0 48.0
249.0 54.0
100.0 228.0
139.0 94.0
252.0 8.0
107.0 127.0
34.0 157.0
169.0 218.0
229.0 6.0
82.0 155.0
162.0 240.0
50.0 172.0
196.0 162.0
195.0 9.0
94.0 41.0
174.0 85.0
122.0 116.0
171.0 17.0
246.0 40.0
20.0 157.0
110.0 159.0
96.0 199.0
16.0 34.0
66.0 230.0
42.0 33.0
21.0 79.0
48.0 218.0
223.0 244.0
131.0 243.0
96.0 163.0
200.0 144.0
95.0 162.0
228.0 48.0
146.0 7.0
112.0 132.0
8.0 41.0
18.0 191.0
42.0 173.0
218.0 11.0
143.0 82.0
12.0 68.0
245.0 39.0
79.0 96.0
159.0 73.0
168.0 169.0
165.0 21.0
208.0 242.0
167.0 60.0
29.0 148.0
189.0 112.0
193.0 118.0
222.0 146.0
11.0 204.0
251.0 92.0
56.0 64.0
150.0 42.0
221.0 89.0
98.0 70.0
171.0 190.0
135.0 231.0
156.0 164.0
94.0 192.0
157.0 25.0
161.0 145.0
183.0 96.0
200.0 166.0
98.0 171.0
187.0 194.0
152.0 93.0
22.0 228.0
222.0 16.0
205.0 53.0
52.0 19.0
13.0 151.0
158.0 196.0
16.0 67.0
29.0 79.0
244.0 199.0
160.0 107.0
142.0 171.0
209.0 116.0
92.0 150.0
158.0 179.0
196.0 142.0
148.0 207.0
236.0 228.0
18.0 195.0
160.0 147.0
54.0 166.0
86.0 119.0
136.0 109.0
107.0 122.0
154.0 55.0
230.0 166.0
237.0 201.0
76.0 174.0
86.0 129.0
114.0 112.0
16.0 166.0
152.0 93.0
187.0 19.0
215.0 29.0
218.0 102.0
188.0 113.0
41.0 113.0
192.0 89.0
77.0 146.0
250.0 44.0
193.0 185.0
44.0 212.0
192.0 9.0
187.0 168.0
110.0 177.0
230.0 77.0
242.0 198.0
175.0 217.0
44.0 32.0
72.0 38.0
167.0 72.0
143.0 148.0
188.0 156.0
90.0 105.0
169.0 135.0
178.0 251.0
197.0 175.0
134.0 118.0
184.0 167.0
45.0 21.0
236.0 88.0
204.0 222.0
171.0 46.0
198.0 157.0
191.0 197.0
59.0 22.0
130.0 192.0
158.0 37.0
140.0 192.0
14.0 70.0
177.0 213.0
116.0 93.0
203.0 16.0
22.0 254.0
109.0 134.0
182.0 156.0
192.0 134.0
207.0 25.0
19.0 111.0
78.0 202.0
140.0 83.0
177.0 45.0
144.0 218.0
245.0 57.0
102.0 152.0
30.0 146.0
35.0 208.0
138.0 19.0
94.0 139.0
146.0 224.0
177.0 117.0
182.0 189.0
72.0 200.0
162.0 190.0
220.0 77.0
193.0 192.0
46.0 28.0
19.0 118.0
128.0 226.0
152.0 147.0
205.0 168.0
140.0 182.0
204.0 76.0
8.0 248.0
196.0 87.0
214.0 48.0
31.0 235.0
46.0 103.0
190.0 188.0
110.0 58.0
34.0 82.0
34.0 191.0
57.0 70.0
122.0 115.0
220.0 38.0
215.0 60.0
96.0 215.0
131.0 114.0
21.0 50.0
42.0 160.0
136.0 177.0
65.0 63.0
84.0 180.0
24.0 159.0
179.0 198.0
46.0 16.0
152.0 127.0
74.0 140.0
171.0 94.0
79.0 192.0
138.0 133.0
197.0 46.0
47.0 46.0
171.0 134.0
56.0 69.0
201.0 242.0
183.0 156.0
254.0 93.0
139.0 132.0
236.0 67.0
99.0 176.0
29.0 171.0
46.0 243.0
103.0 37.0
83.0 7.0
127.0 195.0
34.0 60.0
157.0 254.0
56.0 99.0
170.0 116.0
205.0 175.0
200.0 222.0
104.0 130.0
161.0 115.0
215.0 173.0
16.0 142.0
32.0 89.0
30.0 6.0
64.0 157.0
99.0 81.0
37.0 148.0
5.0 82.0
85.0 104.0
36.0 144.0
190.0 160.0
126.0 8.0
48.0 188.0
107.0 8.0
25.0 214.0
99.0 167.0
177.0 207.0
8.0 223.0
185.0 86.0
40.0 47.0
38.0 202.0
56.0 107.0
182.0 200.0
59.0 77.0
107.0 196.0
22.0 157.0
196.0 24.0
232.0 14.0
196.0 124.0
189.0 85.0
15.0 205.0
156.0 14.0
68.0 111.0
21.0 84.0
246.0 154.0
160.0 26.0
137.0 230.0
103.0 230.0
165.0 114.0
84.0 94.0
146.0 81.0
144.0 129.0
100.0 166.0
216.0 249.0
147.0 90.0
20.0 181.0
200.0 241.0
53.0 69.0
211.0 162.0
144.0 94.0
226.0 45.0
216.0 44.0
215.0 34.0
99.0 25.0
240.0 10.0
187.0 141.0
86.0 230.0
121.0 202.0
60.0 156.0
207.0 158.0
134.0 225.0
81.0 193.0
115.0 220.0
242.0 45.0
71.0 195.0
71.0 150.0
78.0 182.0
99.0 243.0
158.0 253.0
236.0 183.0
119.0 100.0
128.0 241.0
250.0 10.0
225.0 239.0
208.0 66.0
78.0 179.0
226.0 88.0
119.0 88.0
47.0 204.0
7.0 130.0
107.0 14.0
228.0 63.0
23.0 76.0
122.0 210.0
246.0 43.0
142.0 181.0
69.0 96.0
179.0 103.0
243.0 81.0
116.0 241.0
17.0 131.0
46.0 150.0
189.0 90.0
224.0 72.0
142.0 101.0
68.0 144.0
108.0 66.0
108.0 245.0
178.0 236.0
125.0 144.0
249.0 232.0
226.0 182.0
14.0 131.0
224.0 12.0
71.0 84.0
210.0 5.0
142.0 181.0
29.0 237.0
70.0 154.0
214.0 8.0
9.0 60.0
182.0 206.0
56.0 94.0
132.0 112.0
141.0 92.0
69.0 23.0
27.0 244.0
37.0 219.0
147.0 167.0
106.0 21.0
227.0 40.0
18.0 44.0
23.0 33.0
248.0 85.0
67.0 122.0
213.0 68.0
67.0 145.0
248.0 148.0
235.0 59.0
242.0 249.0
92.0 150.0
139.0 14.0
132.0 13.0
116.0 95.0
16.0 162.0
234.0 98.0
44.0 10.0
6.0 248.0
237.0 168.0
68.0 236.0
119.0 175.0
6.0 166.0
147.0 248.0
147.0 177.0
61.0 49.0
12.0 79.0
156.0 160.0
105.0 141.0
166.0 136.0
88.0 53.0
136.0 233.0
182.0 44.0
59.0 26.0
193.0 47.0
107.0 148.0
119.0 47.0
7.0 247.0
151.0 102.0
98.0 254.0
107.0 45.0
205.0 197.0
247.0 23.0
248.0 26.0
159.0 201.0
125.0 48.0
24.0 184.0
84.0 72.0
44.0 158.0
101.0 240.0
250.0 78.0
36.0 18.0
127.0 104.0
219.0 189.0
73.0 240.0
128.0 200.0
49.0 206.0
182.0 93.0
74.0 162.0
171.0 229.0
30.0 164.0
249.0 181.0
39.0 102.0
109.0 104.0
25.0 157.0
146.0 94.0
108.0 101.0
128.0 230.0
30.0 125.0
31.0 183.0
162.0 164.0
173.0 198.0
183.0 230.0
208.0 195.0
62.0 156.0
226.0 232.0
73.0 106.0
138.0 131.0
140.0 93.0
228.0 162.0
64.0 70.0
171.0 230.0
57.0 153.0
28.0 51.0
67.0 142.0
126.0 154.0
132.0 100.0
234.0 85.0
124.0 224.0
50.0 252.0
57.0 158.0
53.0 148.0
132.0 112.0
80.0 68.0
84.0 44.0
73.0 140.0
156.0 182.0
10.0 166.0
91.0 227.0
29.0 229.0
147.0 151.0
189.0 181.0
118.0 72.0
227.0 104.0
227.0 241.0
124.0 207.0
42.0 221.0
240.0 154.0
133.0 191.0
174.0 155.0
225.0 99.0
255.0 165.0
228.0 171.0
190.0 194.0
17.0 172.0
165.0 164.0
182.0 27.0
255.0 174.0
29.0 72.0
99.0 56.0
199.0 196.0
105.0 121.0
243.0 220.0
180.0 157.0
192.0 196.0
175.0 205.0
115.0 73.0
201.0 252.0
234.0 37.0
55.0 54.0
59.0 112.0
77.0 57.0
197.0 195.0
64.0 27.0
154.0 217.0
169.0 217.0
198.0 25.0
21.0 81.0
212.0 14.0
155.0 203.0
213.0 228.0
88.0 106.0
110.0 121.0
20.0 230.0
249.0 12.0
95.0 93.0
201.0 122.0
99.0 91.0
188.0 43.0
171.0 26.0
251.0 174.0
229.0 6.0
183.0 107.0
107.0 112.0
202.0 107.0
203.0 146.0
238.0 61.0
32.0 224.0
217.0 142.0
93.0 148.0
82.0 223.0
64.0 188.0
43.0 115.0
121.0 80.0
212.0 81.0
29.0 36.0
161.0 63.0
151.0 144.0
20.0 176.0
154.0 103.0
253.0 65.0
214.0 55.0
57.0 45.0
75.0 73.0
197.0 209.0
178.0 189.0
112.0 109.0
68.0 145.0
156.0 34.0
186.0 146.0
246.0 108.0
105.0 141.0
159.0 127.0
233.0 68.0
80.0 225.0
120.0 201.0
49.0 183.0
36.0 137.0
41.0 30.0
110.0 228.0
172.0 218.0
17.0 88.0
161.0 82.0
186.0 131.0
176.0 253.0
89.0 120.0
32.0 126.0
229.0 65.0
46.0 144.0
56.0 99.0
83.0 190.0
220.0 248.0
17.0 138.0
67.0 151.0
18.0 25.0
178.0 238.0
216.0 56.0
181.0 44.0
76.0 194.0
52.0 72.0
157.0 240.0
234.0 222.0
187.0 252.0
193.0 103.0
8.0 98.0
81.0 105.0
220.0 95.0
32.0 177.0
186.0 163.0
114.0 59.0
109.0 111.0
91.0 41.0
212.0 22.0
171.0 134.0
89.0 47.0
213.0 75.0
184.0 218.0
237.0 209.0
49.0 138.0
100.0 255.0
218.0 77.0
6.0 163.0
230.0 219.0
101.0 185.0
23.0 214.0
243.0 205.0
84.0 112.0
27.0 130.0
209.0 230.0
27.0 224.0
173.0 210.0
231.0 96.0
208.0 97.0
15.0 47.0
30.0 131.0
227.0 165.0
181.0 202.0
108.0 227.0
26.0 27.0
38.0 148.0
53.0 124.0
133.0 224.0
204.0 249.0
129.0 211.0
12.0 40.0
170.0 142.0
133.0 136.0
43.0 91.0
157.0 117.0
152.0 79.0
215.0 179.0
107.0 23.0
98.0 38.0
106.0 30.0
27.0 64.0
120.0 26.0
200.0 20.0
173.0 204.0
92.0 57.0
110.0 126.0
47.0 198.0
14.0 85.0
214.0 70.0
48.0 192.0
38.0 22.0
245.0 179.0
217.0 14.0
154.0 235.0
199.0 256.0
254.0 22.0
14.0 126.0
146.0 36.0
135.0 241.0
63.0 97.0
71.0 61.0
97.0 6.0
198.0 21.0
57.0 28.0
204.0 213.0
216.0 120.0
33.0 223.0
250.0 173.0
34.0 49.0
244.0 79.0
117.0 41.0
199.0 7.0
241.0 174.0
37.0 67.0
143.0 248.0
174.0 144.0
15.0 171.0
247.0 198.0
169.0 52.0
239.0 151.0
31.0 141.0
191.0 92.0
105.0 212.0
97.0 254.0
131.0 47.0
83.0 132.0
215.0 20.0
75.0 76.0
28.0 254.0
186.0 82.0
205.0 45.0
136.0 30.0
204.0 108.0
85.0 169.0
85.0 224.0
44.0 248.0
118.0 220.0
141.0 241.0
101.0 226.0
26.0 140.0
68.0 45.0
45.0 166.0
210.0 164.0
111.0 8.0
110.0 155.0
57.0 48.0
117.0 79.0
206.0 49.0
181.0 70.0
112.0 169.0
85.0 24.0
96.0 131.0
233.0 14.0
109.0 29.0
98.0 159.0
203.0 244.0
78.0 247.0
30.0 82.0
15.0 208.0
231.0 201.0
250.0 68.0
41.0 87.0
79.0 172.0
102.0 22.0
93.0 130.0
154.0 158.0
190.0 166.0
17.0 64.0
92.0 199.0
106.0 157.0
9.0 234.0
57.0 85.0
182.0 208.0
69.0 58.0
81.0 62.0
156.0 68.0
81.0 10.0
61.0 149.0
51.0 171.0
122.0 205.0
45.0 175.0
220.0 206.0
131.0 236.0
27.0 154.0
205.0 236.0
238.0 236.0
181.0 152.0
145.0 201.0
44.0 244.0
166.0 222.0
18.0 229.0
251.0 209.0
205.0 236.0
165.0 173.0
106.0 118.0
228.0 212.0
213.0 48.0
91.0 161.0
224.0 127.0
39.0 32.0
236.0 28.0
26.0 198.0
250.0 25.0
243.0 65.0
56.0 83.0
160.0 65.0
183.0 215.0
132.0 78.0
61.0 148.0
133.0 245.0
34.0 161.0
163.0 171.0
178.0 223.0
182.0 70.0
211.0 189.0
23.0 19.0
99.0 77.0
26.0 207.0
244.0 20.0
208.0 253.0
203.0 44.0
72.0 100.0
32.0 192.0
17.0 139.0
255.0 213.0
75.0 23.0
186.0 224.0
46.0 138.0
39.0 217.0
143.0 84.0
100.0 149.0
92.0 18.0
65.0 169.0
184.0 76.0
175.0 40.0
68.0 102.0
165.0 198.0
202.0 33.0
230.0 171.0
75.0 41.0
172.0 128.0
37.0 145.0
78.0 168.0
220.0 22.0
16.0 252.0
204.0 126.0
46.0 23.0
119.0 209.0
103.0 17.0
171.0 181.0
155.0 129.0
137.0 119.0
157.0 23.0
235.0 171.0
246.0 155.0
26.0 23.0
88.0 229.0
98.0 139.0
247.0 197.0
108.0 232.0
38.0 173.0
35.0 57.0
172.0 34.0
82.0 181.0
242.0 180.0
251.0 127.0
235.0 138.0
98.0 164.0
43.0 83.0
97.0 88.0
203.0 57.0
251.0 79.0
250.0 158.0
228.0 100.0
102.0 36.0
67.0 105.0
117.0 111.0
85.0 82.0
190.0 17.0
157.0 126.0
168.0 242.0
120.0 155.0
14.0 143.0
125.0 92.0
186.0 177.0
49.0 48.0
232.0 121.0
133.0 129.0
243.0 35.0
128.0 90.0
17.0 85.0
233.0 61.0
171.0 143.0
207.0 177.0
240.0 94.0
86.0 231.0
78.0 206.0
15.0 65.0
238.0 99.0
220.0 185.0
38.0 15.0
42.0 148.0
79.0 74.0
167.0 171.0
87.0 104.0
97.0 59.0
196.0 92.0
126.0 31.0
157.0 207.0
226.0 241.0
6.0 82.0
16.0 100.0
28.0 168.0
68.0 127.0
147.0 18.0
74.0 48.0
253.0 123.0
68.0 7.0
196.0 46.0
57.0 210.0
89.0 162.0
120.0 7.0
11.0 56.0
252.0 99.0
141.0 25.0
69.0 19.0
55.0 153.0
109.0 175.0
39.0 228.0
147.0 239.0
89.0 119.0
160.0 47.0
39.0 12.0
11.0 159.0
106.0 239.0
67.0 162.0
193.0 225.0
230.0 148.0
115.0 146.0
205.0 185.0
181.0 254.0
111.0 6.0
192.0 14.0
133.0 137.0
191.0 161.0
218.0 100.0
107.0 250.0
89.0 197.0
254.0 93.0
249.0 234.0
234.0 84.0
123.0 16.0
85.0 172.0
98.0 85.0
34.0 122.0
17.0 202.0
146.0 160.0
10.0 125.0
59.0 47.0
77.0 81.0
235.0 69.0
189.0 118.0
51.0 53.0
214.0 96.0
254.0 88.0
9.0 107.0
33.0 152.0
173.0 5.0
37.0 185.0
148.0 199.0
28.0 235.0
9.0 217.0
98.0 24.0
77.0 125.0
252.0 247.0
237.0 165.0
185.0 59.0
20.0 79.0
173.0 126.0
229.0 76.0
10.0 196.0
212.0 70.0
66.0 80.0
24.0 20.0
21.0 148.0
144.0 91.0
182.0 152.0
146.0 126.0
125.0 63.0
125.0 10.0
148.0 122.0
84.0 51.0
178.0 142.0
65.0 53.0
234.0 184.0
16.0 127.0
191.0 8.0
80.0 253.0
121.0 228.0
199.0 21.0
50.0 55.0
56.0 225.0
18.0 119.0
134.0 51.0
193.0 94.0
58.0 196.0
23.0 107.0
106.0 39.0
69.0 160.0
179.0 71.0
103.0 229.0
5.0 55.0
29.0 162.0
232.0 18.0
55.0 90.0
51.0 196.0
34.0 199.0
155.0 105.0
90.0 120.0
27.0 21.0
10.0 191.0
238.0 166.0
157.0 233.0
159.0 251.0
31.0 196.0
68.0 25.0
109.0 210.0
22.0 149.0
164.0 23.0
40.0 150.0
144.0 213.0
95.0 138.0
129.0 53.0
107.0 181.0
87.0 49.0
67.0 123.0
113.0 105.0
78.0 157.0
164.0 43.0
67.0 38.0
168.0 229.0
144.0 90.0
135.0 185.0
137.0 86.0
248.0 83.0
238.0 244.0
191.0 109.0
118.0 248.0
91.0 214.0
93.0 19.0
187.0 109.0
55.0 177.0
231.0 176.0
143.0 54.0
120.0 250.0
239.0 140.0
101.0 69.0
122.0 138.0
238.0 242.0
22.0 116.0
47.0 135.0
252.0 137.0
128.0 172.0
39.0 154.0
127.0 46.0
139.0 213.0
149.0 247.0
188.0 140.0
128.0 249.0
7.0 53.0
146.0 154.0
248.0 114.0
88.0 248.0
121.0 147.0
234.0 156.0
47.0 204.0
36.0 180.0
69.0 63.0
105.0 84.0
248.0 121.0
248.0 107.0
234.0 49.0
184.0 51.0
156.0 29.0
209.0 87.0
99.0 99.0
19.0 50.0
196.0 230.0
104.0 196.0
23.0 127.0
51.0 60.0
135.0 204.0
13.0 94.0
93.0 79.0
110.0 242.0
207.0 220.0
114.0 59.0
175.0 162.0
34.0 171.0
11.0 83.0
121.0 34.0
60.0 20.0
19.0 162.0
68.0 150.0
211.0 153.0
67.0 15.0
88.0 103.0
112.0 22.0
188.0 41.0
227.0 213.0
56.0 160.0
65.0 242.0
149.0 71.0
167.0 215.0
91.0 235.0
10.0 163.0
103.0 178.0
89.0 211.0
34.0 27.0
72.0 81.0
149.0 87.0
203.0 106.0
67.0 112.0
57.0 30.0
44.0 140.0
240.0 137.0
140.0 139.0
246.0 107.0
122.0 11.0
180.0 51.0
238.0 4.0
208.0 191.0
96.0 17.0
48.0 39.0
154.0 184.0
250.0 197.0
189.0 103.0
191.0 210.0
123.0 22.0
160.0 232.0
186.0 123.0
116.0 79.0
191.0 181.0
61.0 34.0
22.0 74.0
46.0 114.0
205.0 53.0
70.0 48.0
78.0 128.0
65.0 12.0
34.0 76.0
77.0 52.0
243.0 107.0
209.0 66.0
165.0 15.0
65.0 176.0
183.0 8.0
145.0 245.0
23.0 148.0
51.0 196.0
142.0 227.0
59.0 104.0
172.0 164.0
74.0 233.0
178.0 68.0
128.0 192.0
241.0 218.0
64.0 238.0
201.0 220.0
198.0 8.0
230.0 210.0
228.0 116.0
188.0 7.0
42.0 216.0
39.0 187.0
91.0 151.0
186.0 107.0
84.0 152.0
113.0 6.0
56.0 49.0
29.0 56.0
196.0 103.0
98.0 112.0
102.0 56.0
46.0 196.0
218.0 128.0
77.0 52.0
15.0 181.0
21.0 185.0
38.0 127.0
75.0 129.0
245.0 231.0
128.0 188.0
152.0 225.0
160.0 43.0
62.0 243.0
106.0 117.0
50.0 155.0
43.0 153.0
77.0 176.0
201.0 86.0
47.0 189.0
37.0 249.0
55.0 31.0
35.0 139.0
229.0 77.0
11.0 170.0
117.0 235.0
48.0 194.0
64.0 52.0
192.0 197.0
203.0 183.0
99.0 13.0
128.0 51.0
235.0 58.0
207.0 52.0
123.0 144.0
35.0 40.0
131.0 170.0
91.0 32.0
209.0 149.0
188.0 43.0
117.0 17.0
194.0 70.0
251.0 16.0
241.0 20.0
195.0 14.0
7.0 20.0
244.0 143.0
157.0 203.0
145.0 12.0
153.0 91.0
167.0 251.0
202.0 29.0
149.0 17.0
86.0 164.0
252.0 93.0
56.0 36.0
158.0 66.0
209.0 173.0
100.0 129.0
79.0 105.0
110.0 81.0
17.0 102.0
184.0 226.0
222.0 148.0
164.0 96.0
123.0 55.0
178.0 73.0
93.0 174.0
16.0 235.0
62.0 183.0
205.0 121.0
146.0 34.0
236.0 65.0
237.0 177.0
136.0 245.0
46.0 25.0
185.0 184.0
140.0 137.0
68.0 196.0
139.0 208.0
203.0 200.0
209.0 238.0
98.0 227.0
125.0 65.0
144.0 183.0
218.0 39.0
40.0 55.0
52.0 123.0
157.0 18.0
51.0 77.0
167.0 239.0
36.0 164.0
74.0 224.0
11.0 105.0
155.0 118.0
56.0 158.0
44.0 174.0
6.0 121.0
69.0 195.0
195.0 37.0
24.0 36.0
18.0 36.0
19.0 67.0
242.0 178.0
24.0 107.0
214.0 136.0
125.0 55.0
225.0 222.0
198.0 134.0
83.0 182.0
171.0 119.0
36.0 136.0
192.0 10.0
205.0 45.0
27.0 240.0
27.0 84.0
81.0 208.0
53.0 6.0
33.0 87.0
163.0 18.0
79.0 107.0
191.0 58.0
168.0 123.0
158.0 148.0
85.0 43.0
228.0 137.0
144.0 33.0
183.0 65.0
230.0 244.0
189.0 114.0
59.0 67.0
24.0 11.0
37.0 18.0
133.0 206.0
218.0 210.0
92.0 84.0
79.0 45.0
189.0 142.0
25.0 28.0
123.0 37.0
227.0 181.0
98.0 12.0
21.0 74.0
225.0 56.0
163.0 125.0
148.0 118.0
252.0 235.0
121.0 122.0
249.0 98.0
148.0 248.0
47.0 120.0
236.0 76.0
123.0 120.0
27.0 207.0
106.0 160.0
231.0 48.0
181.0 57.0
217.0 30.0
15.0 252.0
126.0 79.0
29.0 27.0
171.0 194.0
50.0 76.0
139.0 108.0
60.0 54.0
160.0 6.0
180.0 251.0
91.0 149.0
16.0 108.0
219.0 249.0
100.0 148.0
27.0 78.0
170.0 114.0
89.0 7.0
202.0 28.0
182.0 127.0
237.0 111.0
99.0 238.0
101.0 112.0
128.0 227.0
157.0 145.0
14.0 30.0
75.0 203.0
31.0 50.0
120.0 39.0
79.0 108.0
74.0 254.0
100.0 160.0
188.0 144.0
50.0 18.0
130.0 240.0
126.0 127.0
187.0 246.0
129.0 74.0
107.0 207.0
226.0 214.0
179.0 181.0
182.0 213.0
82.0 149.0
169.0 50.0
201.0 95.0
87.0 129.0
77.0 52.0
164.0 149.0
96.0 207.0
109.0 62.0
164.0 254.0
229.0 108.0
105.0 167.0
165.0 109.0
176.0 242.0
11.0 192.0
53.0 190.0
120.0 200.0
46.0 8.0
208.0 105.0
38.0 44.0
223.0 77.0
244.0 84.0
180.0 107.0
229.0 37.0
63.0 224.0
94.0 141.0
144.0 111.0
154.0 142.0
163.0 12.0
179.0 27.0
96.0 95.0
102.0 97.0
111.0 55.0
161.0 104.0
39.0 9.0
15.0 131.0
76.0 60.0
147.0 26.0
194.0 246.0
241.0 216.0
91.0 91.0
228.0 83.0
27.0 107.0
30.0 135.0
246.0 111.0
101.0 210.0
238.0 70.0
154.0 113.0
130.0 181.0
69.0 79.0
94.0 68.0
230.0 16.0
195.0 176.0
135.0 107.0
197.0 70.0
212.0 72.0
110.0 164.0
254.0 38.0
112.0 154.0
72.0 218.0
43.0 71.0
129.0 197.0
185.0 149.0
129.0 174.0
186.0 223.0
208.0 59.0
193.0 17.0
93.0 167.0
191.0 188.0
211.0 12.0
219.0 54.0
248.0 118.0
119.0 28.0
84.0 157.0
90.0 71.0
100.0 237.0
48.0 48.0
27.0 62.0
31.0 161.0
155.0 86.0
173.0 234.0
177.0 74.0
163.0 173.0
182.0 34.0
88.0 192.0
100.0 58.0
190.0 48.0
86.0 189.0
62.0 255.0
204.0 192.0
183.0 100.0
31.0 228.0
215.0 112.0
215.0 215.0
58.0 148.0
163.0 201.0
226.0 103.0
73.0 210.0
162.0 109.0
83.0 218.0
178.0 19.0
133.0 100.0
31.0 197.0
186.0 128.0
167.0 74.0
34.0 172.0
19.0 58.0
218.0 81.0
68.0 153.0
131.0 58.0
108.0 22.0
235.0 75.0
74.0 202.0
96.0 31.0
54.0 64.0
11.0 123.0
115.0 161.0
76.0 196.0
14.0 105.0
90.0 186.0
56.0 47.0
24.0 50.0
225.0 17.0
65.0 201.0
47.0 47.0
87.0 167.0
156.0 240.0
212.0 133.0
135.0 52.0
155.0 240.0
250.0 107.0
140.0 133.0
20.0 173.0
242.0 31.0
110.0 243.0
29.0 188.0
96.0 204.0
8.0 131.0
19.0 209.0
113.0 167.0
108.0 78.0
111.0 178.0
190.0 212.0
45.0 85.0
119.0 250.0
220.0 96.0
61.0 48.0
223.0 9.0
90.0 100.0
91.0 61.0
87.0 122.0
8.0 208.0
246.0 240.0
48.0 238.0
82.0 193.0
159.0 162.0
80.0 89.0
55.0 229.0
44.0 209.0
140.0 90.0
138.0 121.0
169.0 80.0
53.0 108.0
181.0 77.0
186.0 133.0
76.0 198.0
120.0 197.0
175.0 219.0
164.0 154.0
47.0 103.0
134.0 18.0
87.0 124.0
13.0 153.0
192.0 109.0
253.0 42.0
218.0 167.0
44.0 135.0
135.0 49.0
139.0 84.0
208.0 118.0
197.0 20.0
256.0 213.0
136.0 42.0
159.0 17.0
53.0 179.0
94.0 65.0
62.0 140.0
239.0 162.0
28.0 245.0
74.0 170.0
163.0 212.0
159.0 113.0
44.0 73.0
124.0 160.0
191.0 252.0
127.0 47.0
128.0 241.0
133.0 151.0
170.0 7.0
183.0 123.0
20.0 186.0
66.0 207.0
253.0 78.0
9.0 222.0
176.0 136.0
126.0 254.0
20.0 82.0
110.0 161.0
40.0 189.0
101.0 30.0
141.0 45.0
234.0 69.0
219.0 160.0
23.0 244.0
212.0 131.0
154.0 217.0
167.0 100.0
231.0 31.0
200.0 89.0
186.0 250.0
30.0 79.0
248.0 92.0
83.0 34.0
85.0 156.0
239.0 125.0
96.0 151.0
73.0 207.0
160.0 104.0
32.0 201.0
132.0 83.0
59.0 60.0
27.0 32.0
203.0 73.0
94.0 121.0
110.0 73.0
72.0 112.0
41.0 205.0
180.0 230.0
216.0 144.0
60.0 203.0
254.0 75.0
60.0 51.0
87.0 212.0
211.0 183.0
60.0 253.0
179.0 21.0
168.0 215.0
143.0 25.0
41.0 134.0
13.0 58.0
246.0 244.0
67.0 246.0
143.0 200.0
84.0 188.0
249.0 87.0
85.0 96.0
195.0 204.0
211.0 218.0
141.0 180.0
223.0 136.0
73.0 89.0
243.0 94.0
16.0 187.0
94.0 54.0
148.0 114.0
28.0 83.0
37.0 39.0
40.0 85.0
98.0 217.0
160.0 123.0
68.0 54.0
131.0 217.0
35.0 44.0
137.0 250.0
152.0 32.0
175.0 231.0
230.0 23.0
102.0 186.0
182.0 183.0
68.0 13.0
149.0 55.0
242.0 8.0
172.0 36.0
156.0 222.0
104.0 27.0
238.0 245.0
232.0 167.0
184.0 221.0
203.0 187.0
151.0 29.0
109.0 162.0
18.0 108.0
164.0 83.0
103.0 185.0
216.0 158.0
196.0 28.0
175.0 126.0
139.0 135.0
208.0 110.0
250.0 69.0
140.0 200.0
135.0 229.0
56.0 139.0
113.0 172.0
188.0 172.0
138.0 130.0
166.0 99.0
49.0 182.0
99.0 170.0
251.0 160.0
235.0 250.0
163.0 102.0
225.0 30.0
217.0 173.0
168.0 109.0
163.0 21.0
68.0 12.0
10.0 131.0
227.0 191.0
7.0 239.0
140.0 164.0
157.0 239.0
238.0 175.0
252.0 55.0
196.0 227.0
66.0 11.0
20.0 180.0
50.0 31.0
252.0 187.0
61.0 135.0
145.0 9.0
106.0 122.0
246.0 111.0
205.0 54.0
156.0 221.0
30.0 79.0
222.0 116.0
46.0 66.0
118.0 178.0
147.0 196.0
150.0 144.0
178.0 141.0
126.0 185.0
195.0 72.0
27.0 126.0
223.0 27.0
145.0 85.0
253.0 237.0
116.0 173.0
106.0 58.0
62.0 209.0
28.0 28.0
212.0 178.0
20.0 255.0
62.0 27.0
148.0 87.0
52.0 179.0
189.0 118.0
230.0 158.0
40.0 108.0
235.0 158.0
49.0 240.0
208.0 66.0
94.0 196.0
58.0 80.0
242.0 76.0
98.0 134.0
128.0 242.0
103.0 115.0
28.0 53.0
155.0 186.0
157.0 146.0
225.0 122.0
17.0 98.0
223.0 79.0
232.0 56.0
77.0 42.0
44.0 229.0
238.0 54.0
35.0 232.0
249.0 70.0
129.0 77.0
183.0 146.0
82.0 128.0
202.0 225.0
96.0 224.0
151.0 65.0
179.0 135.0
97.0 208.0
248.0 220.0
82.0 179.0
222.0 39.0
126.0 153.0
223.0 169.0
112.0 198.0
7.0 124.0
5.0 162.0
139.0 231.0
114.0 215.0
129.0 254.0
243.0 246.0
184.0 208.0
82.0 203.0
156.0 87.0
30.0 30.0
244.0 36.0
200.0 90.0
124.0 45.0
166.0 132.0
206.0 121.0
42.0 85.0
60.0 127.0
145.0 64.0
84.0 76.0
167.0 61.0
97.0 252.0
224.0 16.0
40.0 39.0
104.0 163.0
84.0 206.0
183.0 197.0
231.0 170.0
6.0 27.0
59.0 86.0
63.0 67.0
77.0 199.0
159.0 177.0
220.0 124.0
71.0 89.0
76.0 176.0
191.0 50.0
242.0 251.0
18.0 156.0
41.0 14.0
106.0 217.0
103.0 38.0
122.0 18.0
168.0 229.0
51.0 188.0
13.0 128.0
97.0 139.0
230.0 226.0
132.0 211.0
83.0 51.0
150.0 70.0
121.0 35.0
217.0 132.0
112.0 24.0
222.0 212.0
61.0 93.0
57.0 235.0
108.0 130.0
149.0 142.0
81.0 224.0
118.0 175.0
184.0 237.0
81.0 56.0
218.0 161.0
253.0 120.0
176.0 53.0
34.0 17.0
241.0 22.0
59.0 230.0
143.0 165.0
5.0 83.0
59.0 81.0
102.0 123.0
94.0 202.0
180.0 236.0
185.0 228.0
76.0 159.0
85.0 253.0
195.0 200.0
121.0 252.0
49.0 190.0
52.0 150.0
39.0 46.0
46.0 21.0
159.0 173.0
14.0 239.0
216.0 181.0
182.0 22.0
177.0 226.0
9.0 58.0
71.0 147.0
213.0 45.0
225.0 37.0
144.0 207.0
102.0 51.0
128.0 201.0
131.0 235.0
142.0 150.0
221.0 24.0
111.0 103.0
203.0 99.0
244.0 216.0
234.0 90.0
128.0 132.0
94.0 236.0
105.0 243.0
236.0 63.0
34.0 118.0
148.0 107.0
59.0 227.0
47.0 98.0
143.0 87.0
51.0 252.0
110.0 74.0
6.0 254.0
60.0 191.0
201.0 122.0
44.0 112.0
61.0 245.0
227.0 204.0
160.0 117.0
48.0 218.0
251.0 183.0
248.0 195.0
68.0 219.0
151.0 203.0
198.0 247.0
146.0 18.0
142.0 86.0
200.0 48.0
10.0 118.0
179.0 214.0
109.0 252.0
179.0 169.0
186.0 75.0
65.0 19.0
14.0 16.0
252.0 15.0
189.0 124.0
36.0 252.0
197.0 199.0
204.0 203.0
11.0 252.0
39.0 53.0
123.0 99.0
97.0 239.0
169.0 7.0
13.0 40.0
170.0 48.0
50.0 17.0
184.0 189.0
74.0 17.0
239.0 174.0
248.0 161.0
237.0 84.0
21.0 140.0
82.0 11.0
83.0 144.0
75.0 109.0
244.0 116.0
213.0 79.0
15.0 9.0
71.0 229.0
217.0 114.0
17.0 41.0
63.0 79.0
57.0 18.0
129.0 206.0
206.0 92.0
26.0 77.0
41.0 19.0
102.0 12.0
217.0 170.0
71.0 196.0
212.0 235.0
58.0 159.0
216.0 157.0
53.0 72.0
69.0 169.0
157.0 152.0
27.0 146.0
224.0 251.0
97.0 248.0
160.0 80.0
178.0 196.0
143.0 9.0
60.0 42.0
75.0 238.0
138.0 152.0
231.0 194.0
83.0 124.0
253.0 67.0
128.0 217.0
59.0 178.0
128.0 213.0
19.0 27.0
166.0 73.0
239.0 47.0
236.0 226.0
248.0 32.0
167.0 247.0
62.0 180.0
161.0 97.0
225.0 59.0
20.0 70.0
255.0 69.0
37.0 10.0
179.0 89.0
246.0 67.0
214.0 8.0
175.0 149.0
148.0 202.0
100.0 240.0
119.0 29.0
141.0 119.0
228.0 12.0
23.0 16.0
22.0 210.0
234.0 117.0
174.0 11.0
43.0 69.0
56.0 242.0
215.0 41.0
119.0 239.0
10.0 101.0
138.0 96.0
200.0 99.0
156.0 139.0
43.0 197.0
27.0 211.0
74.0 86.0
41.0 203.0
52.0 181.0
123.0 26.0
27.0 189.0
240.0 79.0
229.0 12.0
140.0 49.0
144.0 179.0
136.0 217.0
110.0 202.0
4.0 245.0
117.0 161.0
29.0 206.0
104.0 32.0
134.0 229.0
233.0 197.0
76.0 174.0
104.0 254.0
186.0 34.0
11.0 226.0
36.0 125.0
50.0 126.0
180.0 150.0
103.0 133.0
170.0 68.0
81.0 176.0
125.0 185.0
106.0 95.0
219.0 102.0
142.0 30.0
223.0 253.0
119.0 77.0
44.0 51.0
178.0 243.0
104.0 19.0
223.0 116.0
68.0 36.0
29.0 180.0
151.0 207.0
208.0 249.0
150.0 95.0
164.0 150.0
57.0 241.0
213.0 218.0
6.0 13.0
120.0 103.0
29.0 153.0
122.0 93.0
59.0 177.0
29.0 62.0
194.0 76.0
125.0 154.0
95.0 149.0
