1
16 1 3.0 0.0 1000.0 3 160 240 100

6.5 13.5 29.3 58.5
13.0 27.0 58.5 117.0
19.5 40.5 87.8 175.5
26.0 54.0 117.0 234.0
39.0 81.0 175.5 351.0
52.0 108.0 234.0 468.0
58.5 121.5 263.3 526.5
65.0 135.0 292.5 585.0
78.0 162.0 351.0 702.0
0.0 180.0 390.0 780.0

2.0 5.0 8.0 11.0
5.0 8.0 11.0 14.0
9.0 12.0 15.0 18.0
11.0 14.0 17.0 20.0
15.0 18.0 21.0 24.0
18.0 21.0 24.0 27.0
20.0 23.0 26.0 29.0
25.0 28.0 31.0 34.0
29.0 32.0 35.0 38.0
0.0 34.0 37.0 40.0

193.0 206.0
143.0 2.0
122.0 134.0
184.0 118.0
55.0 167.0
69.0 209.0
45.0 64.0
63.0 88.0
67.0 52.0
199.0 81.0
54.0 158.0
88.0 224.0
50.0 10.0
175.0 218.0
73.0 12.0
210.0 174.0

198.0 211.0
147.0 8.0
127.0 139.0
189.0 124.0
60.0 172.0
74.0 213.0
50.0 69.0
68.0 93.0
73.0 56.0
205.0 85.0
59.0 162.0
92.0 229.0
54.0 16.0
181.0 223.0
78.0 17.0
215.0 179.0
