1
16 1 3.0 0.0 1000.0 3 160 240 100

6.5 13.5 29.3 58.5
13.0 27.0 58.5 117.0
19.5 40.5 87.8 175.5
26.0 54.0 117.0 234.0
39.0 81.0 175.5 351.0
52.0 108.0 234.0 468.0
58.5 121.5 263.3 526.5
65.0 135.0 292.5 585.0
78.0 162.0 351.0 702.0
0.0 180.0 390.0 780.0

2.0 5.0 8.0 11.0
5.0 8.0 11.0 14.0
9.0 12.0 15.0 18.0
11.0 14.0 17.0 20.0
15.0 18.0 21.0 24.0
18.0 21.0 24.0 27.0
20.0 23.0 26.0 29.0
25.0 28.0 31.0 34.0
29.0 32.0 35.0 38.0
0.0 34.0 37.0 40.0

199.0 88.0
224.0 117.0
103.0 206.0
245.0 233.0
129.0 41.0
174.0 81.0
33.0 206.0
121.0 67.0
96.0 230.0
38.0 8.0
56.0 124.0
173.0 121.0
134.0 50.0
221.0 169.0
70.0 11.0
213.0 46.0

205.0 93.0
228.0 123.0
108.0 210.0
250.0 239.0
133.0 46.0
179.0 86.0
38.0 211.0
127.0 73.0
101.0 235.0
43.0 13.0
61.0 130.0
178.0 126.0
139.0 56.0
225.0 174.0
76.0 17.0
218.0 52.0
