1
16 1 3.0 0.0 1000.0 3 160 240 100

6.5 13.5 29.3 58.5
13.0 27.0 58.5 117.0
19.5 40.5 87.8 175.5
26.0 54.0 117.0 234.0
39.0 81.0 175.5 351.0
52.0 108.0 234.0 468.0
58.5 121.5 263.3 526.5
65.0 135.0 292.5 585.0
78.0 162.0 351.0 702.0
0.0 180.0 390.0 780.0

2.0 5.0 8.0 11.0
5.0 8.0 11.0 14.0
9.0 12.0 15.0 18.0
11.0 14.0 17.0 20.0
15.0 18.0 21.0 24.0
18.0 21.0 24.0 27.0
20.0 23.0 26.0 29.0
25.0 28.0 31.0 34.0
29.0 32.0 35.0 38.0
0.0 34.0 37.0 40.0

243.0 141.0
169.0 132.0
75.0 54.0
229.0 34.0
127.0 35.0
121.0 215.0
57.0 126.0
27.0 37.0
137.0 227.0
84.0 44.0
208.0 79.0
144.0 183.0
172.0 82.0
141.0 144.0
129.0 111.0
121.0 118.0

249.0 146.0
175.0 137.0
81.0 59.0
234.0 40.0
132.0 41.0
126.0 220.0
62.0 132.0
32.0 43.0
142.0 231.0
90.0 49.0
214.0 85.0
150.0 188.0
177.0 86.0
146.0 148.0
135.0 117.0
125.0 123.0
