1
16 1 3.0 0.0 1000.0 3 160 240 100

6.5 13.5 29.3 58.5
13.0 27.0 58.5 117.0
19.5 40.5 87.8 175.5
26.0 54.0 117.0 234.0
39.0 81.0 175.5 351.0
52.0 108.0 234.0 468.0
58.5 121.5 263.3 526.5
65.0 135.0 292.5 585.0
78.0 162.0 351.0 702.0
0.0 180.0 390.0 780.0

2.0 5.0 8.0 11.0
5.0 8.0 11.0 14.0
9.0 12.0 15.0 18.0
11.0 14.0 17.0 20.0
15.0 18.0 21.0 24.0
18.0 21.0 24.0 27.0
20.0 23.0 26.0 29.0
25.0 28.0 31.0 34.0
29.0 32.0 35.0 38.0
0.0 34.0 37.0 40.0

81.0 238.0
241.0 161.0
10.0 50.0
172.0 44.0
237.0 7.0
96.0 144.0
217.0 246.0
11.0 128.0
107.0 202.0
130.0 21.0
216.0 218.0
194.0 125.0
113.0 132.0
23.0 178.0
15.0 217.0
100.0 65.0

87.0 243.0
246.0 166.0
14.0 56.0
178.0 48.0
243.0 13.0
102.0 150.0
222.0 250.0
17.0 133.0
113.0 206.0
135.0 27.0
221.0 223.0
198.0 130.0
118.0 137.0
29.0 184.0
19.0 223.0
105.0 71.0
