1
16 1 3.0 0.0 1000.0 3 160 240 100

6.5 13.5 29.3 58.5
13.0 27.0 58.5 117.0
19.5 40.5 87.8 175.5
26.0 54.0 117.0 234.0
39.0 81.0 175.5 351.0
52.0 108.0 234.0 468.0
58.5 121.5 263.3 526.5
65.0 135.0 292.5 585.0
78.0 162.0 351.0 702.0
0.0 180.0 390.0 780.0

2.0 5.0 8.0 11.0
5.0 8.0 11.0 14.0
9.0 12.0 15.0 18.0
11.0 14.0 17.0 20.0
15.0 18.0 21.0 24.0
18.0 21.0 24.0 27.0
20.0 23.0 26.0 29.0
25.0 28.0 31.0 34.0
29.0 32.0 35.0 38.0
0.0 34.0 37.0 40.0

216.0 99.0
118.0 99.0
179.0 55.0
226.0 205.0
130.0 164.0
24.0 17.0
155.0 145.0
195.0 79.0
163.0 32.0
196.0 201.0
88.0 203.0
185.0 199.0
212.0 201.0
134.0 211.0
203.0 247.0
172.0 141.0

220.0 105.0
123.0 103.0
184.0 60.0
230.0 209.0
136.0 169.0
29.0 23.0
161.0 149.0
200.0 85.0
167.0 38.0
200.0 206.0
94.0 208.0
189.0 205.0
217.0 205.0
138.0 216.0
207.0 252.0
177.0 147.0
