1
16 1 3.0 0.0 1000.0 3 160 240 100

6.5 13.5 29.3 58.5
13.0 27.0 58.5 117.0
19.5 40.5 87.8 175.5
26.0 54.0 117.0 234.0
39.0 81.0 175.5 351.0
52.0 108.0 234.0 468.0
58.5 121.5 263.3 526.5
65.0 135.0 292.5 585.0
78.0 162.0 351.0 702.0
0.0 180.0 390.0 780.0

2.0 5.0 8.0 11.0
5.0 8.0 11.0 14.0
9.0 12.0 15.0 18.0
11.0 14.0 17.0 20.0
15.0 18.0 21.0 24.0
18.0 21.0 24.0 27.0
20.0 23.0 26.0 29.0
25.0 28.0 31.0 34.0
29.0 32.0 35.0 38.0
0.0 34.0 37.0 40.0

6.0 211.0
61.0 66.0
115.0 187.0
234.0 24.0
30.0 67.0
110.0 187.0
168.0 202.0
82.0 135.0
207.0 243.0
161.0 69.0
56.0 69.0
76.0 13.0
9.0 114.0
149.0 168.0
234.0 215.0
3.0 249.0

12.0 216.0
66.0 71.0
120.0 192.0
240.0 29.0
35.0 72.0
115.0 192.0
174.0 207.0
86.0 140.0
213.0 248.0
166.0 74.0
61.0 74.0
81.0 17.0
13.0 119.0
154.0 174.0
240.0 220.0
8.0 255.0
