1
16 1 3.0 0.0 1000.0 3 160 240 100

6.5 13.5 29.3 58.5
13.0 27.0 58.5 117.0
19.5 40.5 87.8 175.5
26.0 54.0 117.0 234.0
39.0 81.0 175.5 351.0
52.0 108.0 234.0 468.0
58.5 121.5 263.3 526.5
65.0 135.0 292.5 585.0
78.0 162.0 351.0 702.0
0.0 180.0 390.0 780.0

2.0 5.0 8.0 11.0
5.0 8.0 11.0 14.0
9.0 12.0 15.0 18.0
11.0 14.0 17.0 20.0
15.0 18.0 21.0 24.0
18.0 21.0 24.0 27.0
20.0 23.0 26.0 29.0
25.0 28.0 31.0 34.0
29.0 32.0 35.0 38.0
0.0 34.0 37.0 40.0

2.0 122.0
167.0 215.0
85.0 216.0
99.0 65.0
50.0 119.0
238.0 203.0
157.0 32.0
34.0 78.0
59.0 68.0
25.0 0.0
9.0 80.0
175.0 159.0
248.0 236.0
227.0 168.0
217.0 235.0
116.0 186.0

6.0 127.0
172.0 221.0
91.0 221.0
104.0 69.0
56.0 125.0
242.0 209.0
162.0 37.0
39.0 83.0
65.0 72.0
30.0 5.0
14.0 85.0
180.0 165.0
253.0 241.0
232.0 174.0
221.0 240.0
122.0 191.0
