1
16 1 3.0 0.0 1000.0 3 160 240 100

6.5 13.5 29.3 58.5
13.0 27.0 58.5 117.0
19.5 40.5 87.8 175.5
26.0 54.0 117.0 234.0
39.0 81.0 175.5 351.0
52.0 108.0 234.0 468.0
58.5 121.5 263.3 526.5
65.0 135.0 292.5 585.0
78.0 162.0 351.0 702.0
0.0 180.0 390.0 780.0

2.0 5.0 8.0 11.0
5.0 8.0 11.0 14.0
9.0 12.0 15.0 18.0
11.0 14.0 17.0 20.0
15.0 18.0 21.0 24.0
18.0 21.0 24.0 27.0
20.0 23.0 26.0 29.0
25.0 28.0 31.0 34.0
29.0 32.0 35.0 38.0
0.0 34.0 37.0 40.0

145.0 179.0
22.0 174.0
69.0 235.0
238.0 74.0
79.0 72.0
50.0 243.0
6.0 100.0
149.0 145.0
137.0 191.0
59.0 246.0
22.0 154.0
120.0 168.0
208.0 44.0
10.0 178.0
47.0 169.0
77.0 85.0

150.0 184.0
26.0 180.0
74.0 240.0
244.0 79.0
84.0 77.0
55.0 248.0
11.0 105.0
154.0 150.0
142.0 196.0
63.0 251.0
28.0 159.0
124.0 172.0
214.0 49.0
15.0 183.0
51.0 174.0
82.0 89.0
