1
16 1 3.0 0.0 1000.0 3 160 240 100

6.5 13.5 29.3 58.5
13.0 27.0 58.5 117.0
19.5 40.5 87.8 175.5
26.0 54.0 117.0 234.0
39.0 81.0 175.5 351.0
52.0 108.0 234.0 468.0
58.5 121.5 263.3 526.5
65.0 135.0 292.5 585.0
78.0 162.0 351.0 702.0
0.0 180.0 390.0 780.0

2.0 5.0 8.0 11.0
5.0 8.0 11.0 14.0
9.0 12.0 15.0 18.0
11.0 14.0 17.0 20.0
15.0 18.0 21.0 24.0
18.0 21.0 24.0 27.0
20.0 23.0 26.0 29.0
25.0 28.0 31.0 34.0
29.0 32.0 35.0 38.0
0.0 34.0 37.0 40.0

23.0 245.0
162.0 87.0
97.0 32.0
250.0 122.0
73.0 206.0
38.0 99.0
55.0 122.0
196.0 70.0
75.0 91.0
178.0 35.0
21.0 2.0
21.0 94.0
114.0 238.0
32.0 177.0
64.0 50.0
149.0 159.0

28.0 251.0
166.0 92.0
101.0 36.0
254.0 127.0
78.0 211.0
42.0 103.0
59.0 127.0
201.0 75.0
79.0 96.0
182.0 39.0
27.0 7.0
26.0 98.0
119.0 242.0
38.0 182.0
70.0 54.0
154.0 164.0
