1
16 1 3.0 0.0 1000.0 3 160 240 100

6.5 13.5 29.3 58.5
13.0 27.0 58.5 117.0
19.5 40.5 87.8 175.5
26.0 54.0 117.0 234.0
39.0 81.0 175.5 351.0
52.0 108.0 234.0 468.0
58.5 121.5 263.3 526.5
65.0 135.0 292.5 585.0
78.0 162.0 351.0 702.0
0.0 180.0 390.0 780.0

2.0 5.0 8.0 11.0
5.0 8.0 11.0 14.0
9.0 12.0 15.0 18.0
11.0 14.0 17.0 20.0
15.0 18.0 21.0 24.0
18.0 21.0 24.0 27.0
20.0 23.0 26.0 29.0
25.0 28.0 31.0 34.0
29.0 32.0 35.0 38.0
0.0 34.0 37.0 40.0

124.0 186.0
148.0 45.0
75.0 150.0
65.0 236.0
194.0 136.0
9.0 177.0
225.0 82.0
137.0 172.0
66.0 219.0
98.0 4.0
219.0 185.0
165.0 224.0
39.0 105.0
247.0 201.0
141.0 61.0
65.0 238.0

129.0 191.0
153.0 50.0
81.0 154.0
70.0 241.0
198.0 141.0
14.0 182.0
231.0 87.0
141.0 177.0
71.0 224.0
103.0 9.0
225.0 191.0
170.0 228.0
44.0 111.0
252.0 205.0
146.0 65.0
70.0 244.0
