1
16 1 3.0 0.0 1000.0 3 160 240 100

6.5 13.5 29.3 58.5
13.0 27.0 58.5 117.0
19.5 40.5 87.8 175.5
26.0 54.0 117.0 234.0
39.0 81.0 175.5 351.0
52.0 108.0 234.0 468.0
58.5 121.5 263.3 526.5
65.0 135.0 292.5 585.0
78.0 162.0 351.0 702.0
0.0 180.0 390.0 780.0

2.0 5.0 8.0 11.0
5.0 8.0 11.0 14.0
9.0 12.0 15.0 18.0
11.0 14.0 17.0 20.0
15.0 18.0 21.0 24.0
18.0 21.0 24.0 27.0
20.0 23.0 26.0 29.0
25.0 28.0 31.0 34.0
29.0 32.0 35.0 38.0
0.0 34.0 37.0 40.0

204.0 181.0
81.0 162.0
219.0 198.0
213.0 245.0
187.0 54.0
70.0 232.0
52.0 200.0
72.0 109.0
168.0 7.0
206.0 86.0
98.0 55.0
113.0 144.0
47.0 183.0
140.0 118.0
42.0 182.0
146.0 115.0

210.0 185.0
85.0 167.0
223.0 202.0
218.0 250.0
193.0 58.0
76.0 238.0
56.0 205.0
77.0 114.0
173.0 12.0
211.0 91.0
103.0 60.0
119.0 149.0
52.0 187.0
144.0 123.0
47.0 186.0
150.0 121.0
