1
16 1 3.0 0.0 1000.0 3 160 240 100

6.5 13.5 29.3 58.5
13.0 27.0 58.5 117.0
19.5 40.5 87.8 175.5
26.0 54.0 117.0 234.0
39.0 81.0 175.5 351.0
52.0 108.0 234.0 468.0
58.5 121.5 263.3 526.5
65.0 135.0 292.5 585.0
78.0 162.0 351.0 702.0
0.0 180.0 390.0 780.0

2.0 5.0 8.0 11.0
5.0 8.0 11.0 14.0
9.0 12.0 15.0 18.0
11.0 14.0 17.0 20.0
15.0 18.0 21.0 24.0
18.0 21.0 24.0 27.0
20.0 23.0 26.0 29.0
25.0 28.0 31.0 34.0
29.0 32.0 35.0 38.0
0.0 34.0 37.0 40.0

6.0 115.0
38.0 223.0
76.0 155.0
81.0 44.0
52.0 214.0
147.0 155.0
221.0 130.0
208.0 167.0
185.0 132.0
226.0 142.0
159.0 36.0
162.0 84.0
248.0 39.0
52.0 77.0
72.0 9.0
166.0 85.0

10.0 119.0
42.0 228.0
81.0 160.0
87.0 48.0
57.0 219.0
152.0 160.0
225.0 135.0
212.0 173.0
191.0 136.0
232.0 146.0
164.0 40.0
166.0 89.0
252.0 43.0
58.0 82.0
77.0 14.0
171.0 90.0
