1
16 1 3.0 0.0 1000.0 3 160 240 100

6.5 13.5 29.3 58.5
13.0 27.0 58.5 117.0
19.5 40.5 87.8 175.5
26.0 54.0 117.0 234.0
39.0 81.0 175.5 351.0
52.0 108.0 234.0 468.0
58.5 121.5 263.3 526.5
65.0 135.0 292.5 585.0
78.0 162.0 351.0 702.0
0.0 180.0 390.0 780.0

2.0 5.0 8.0 11.0
5.0 8.0 11.0 14.0
9.0 12.0 15.0 18.0
11.0 14.0 17.0 20.0
15.0 18.0 21.0 24.0
18.0 21.0 24.0 27.0
20.0 23.0 26.0 29.0
25.0 28.0 31.0 34.0
29.0 32.0 35.0 38.0
0.0 34.0 37.0 40.0

164.0 118.0
222.0 143.0
161.0 192.0
82.0 204.0
113.0 68.0
127.0 97.0
156.0 179.0
155.0 225.0
6.0 15.0
118.0 92.0
248.0 51.0
15.0 51.0
137.0 54.0
125.0 206.0
27.0 161.0
119.0 30.0

169.0 122.0
227.0 147.0
166.0 196.0
86.0 209.0
117.0 74.0
132.0 101.0
161.0 185.0
160.0 230.0
12.0 20.0
123.0 97.0
253.0 57.0
21.0 56.0
142.0 59.0
130.0 212.0
33.0 166.0
125.0 34.0
