1
16 1 3.0 0.0 1000.0 3 160 240 100

6.5 13.5 29.3 58.5
13.0 27.0 58.5 117.0
19.5 40.5 87.8 175.5
26.0 54.0 117.0 234.0
39.0 81.0 175.5 351.0
52.0 108.0 234.0 468.0
58.5 121.5 263.3 526.5
65.0 135.0 292.5 585.0
78.0 162.0 351.0 702.0
0.0 180.0 390.0 780.0

2.0 5.0 8.0 11.0
5.0 8.0 11.0 14.0
9.0 12.0 15.0 18.0
11.0 14.0 17.0 20.0
15.0 18.0 21.0 24.0
18.0 21.0 24.0 27.0
20.0 23.0 26.0 29.0
25.0 28.0 31.0 34.0
29.0 32.0 35.0 38.0
0.0 34.0 37.0 40.0

73.0 146.0
216.0 111.0
105.0 133.0
123.0 104.0
169.0 53.0
151.0 81.0
9.0 181.0
84.0 185.0
208.0 151.0
16.0 224.0
135.0 10.0
69.0 189.0
118.0 59.0
162.0 73.0
196.0 110.0
121.0 54.0

79.0 151.0
222.0 116.0
110.0 137.0
128.0 110.0
174.0 57.0
156.0 87.0
14.0 187.0
89.0 191.0
213.0 155.0
21.0 228.0
139.0 14.0
75.0 194.0
122.0 63.0
167.0 78.0
200.0 115.0
126.0 58.0
