1
1024 1 3.0 0.0 1000.0 3 160 240 100

6.5 13.5 29.3 58.5
13.0 27.0 58.5 117.0
19.5 40.5 87.8 175.5
26.0 54.0 117.0 234.0
39.0 81.0 175.5 351.0
52.0 108.0 234.0 468.0
58.5 121.5 263.3 526.5
65.0 135.0 292.5 585.0
78.0 162.0 351.0 702.0
0.0 180.0 390.0 780.0

2.0 5.0 8.0 11.0
5.0 8.0 11.0 14.0
9.0 12.0 15.0 18.0
11.0 14.0 17.0 20.0
15.0 18.0 21.0 24.0
18.0 21.0 24.0 27.0
20.0 23.0 26.0 29.0
25.0 28.0 31.0 34.0
29.0 32.0 35.0 38.0
0.0 34.0 37.0 40.0

7285.0 496.0
5189.0 3941.0
2199.0 5259.0
1854.0 252.0
5981.0 2118.0
8873.0 1687.0
4400.0 2370.0
4393.0 3809.0
3647.0 2473.0
6795.0 7114.0
4911.0 1888.0
5237.0 216.0
5670.0 8012.0
6783.0 5758.0
8055.0 5118.0
1713.0 7237.0
7138.0 6724.0
1126.0 7392.0
4489.0 3295.0
3417.0 1325.0
4863.0 9698.0
8761.0 20.0
6364.0 9323.0
3167.0 2421.0
6936.0 4286.0
6243.0 6729.0
2533.0 3618.0
9245.0 4100.0
4825.0 3871.0
2516.0 379.0
8786.0 9043.0
3937.0 4068.0
3013.0 9234.0
2458.0 1158.0
8138.0 9959.0
3347.0 15.0
1173.0 6522.0
4226.0 1977.0
6145.0 365.0
3515.0 5813.0
3879.0 6818.0
5386.0 6730.0
6264.0 6144.0
7812.0 3071.0
2868.0 2316.0
2835.0 6389.0
252.0 6415.0
633.0 3038.0
6824.0 4092.0
1506.0 7966.0
8602.0 8979.0
2371.0 3861.0
3716.0 6482.0
6869.0 1319.0
6022.0 4870.0
690.0 8194.0
664.0 3056.0
6216.0 8805.0
6946.0 7011.0
3078.0 6151.0
6354.0 9198.0
3738.0 2799.0
6093.0 7964.0
5692.0 8625.0
983.0 6285.0
4390.0 6048.0
9060.0 1789.0
3493.0 5944.0
8750.0 2470.0
1544.0 9888.0
7950.0 5001.0
6673.0 6890.0
7880.0 5066.0
3434.0 5306.0
7050.0 1625.0
8364.0 3060.0
3195.0 9525.0
3386.0 1862.0
3536.0 7363.0
8639.0 3585.0
6212.0 33.0
8843.0 9450.0
8229.0 7850.0
9806.0 5200.0
7796.0 6689.0
4169.0 7921.0
1378.0 6022.0
7987.0 2664.0
8337.0 4301.0
2257.0 9554.0
8492.0 3577.0
5986.0 4528.0
474.0 7774.0
9909.0 9378.0
1203.0 1545.0
2448.0 9263.0
9358.0 9103.0
2020.0 8346.0
8178.0 4957.0
2303.0 6733.0
5453.0 966.0
9541.0 4362.0
1057.0 6611.0
3509.0 21.0
4871.0 1921.0
6234.0 6154.0
445.0 4945.0
5069.0 2610.0
2258.0 8203.0
9222.0 5011.0
6927.0 1012.0
1352.0 5906.0
1204.0 7122.0
8317.0 9354.0
2136.0 9553.0
7691.0 2126.0
7208.0 7066.0
9144.0 7173.0
4854.0 9172.0
2281.0 7529.0
8165.0 9097.0
5057.0 1312.0
7150.0 6614.0
9355.0 997.0
7409.0 5161.0
2835.0 2601.0
5560.0 148.0
8658.0 2975.0
4282.0 7888.0
7175.0 5842.0
2309.0 7041.0
6204.0 9756.0
7250.0 7003.0
8969.0 3650.0
1563.0 147.0
1328.0 8121.0
4552.0 7331.0
2374.0 3141.0
5730.0 8586.0
5021.0 5329.0
7396.0 3405.0
5669.0 475.0
6794.0 7532.0
4557.0 9459.0
683.0 5683.0
900.0 8246.0
7690.0 2099.0
9412.0 5105.0
6283.0 3355.0
7318.0 730.0
8720.0 331.0
3462.0 9418.0
3837.0 8763.0
3599.0 1976.0
4001.0 290.0
8486.0 3508.0
4110.0 8410.0
3863.0 1761.0
2963.0 6250.0
3941.0 4187.0
9875.0 5584.0
2472.0 4382.0
1874.0 8989.0
8038.0 1072.0
9337.0 9573.0
2623.0 5309.0
415.0 5181.0
5103.0 4035.0
7101.0 6488.0
3731.0 689.0
8288.0 900.0
4228.0 6009.0
7675.0 6682.0
2594.0 4700.0
6863.0 4211.0
4208.0 6138.0
6509.0 3780.0
3357.0 9753.0
865.0 1870.0
9768.0 8286.0
3582.0 295.0
1256.0 4551.0
5103.0 5131.0
4086.0 9895.0
4521.0 4864.0
5157.0 4998.0
1233.0 9642.0
2596.0 6193.0
4259.0 6071.0
3881.0 2958.0
9563.0 4451.0
3081.0 4756.0
8237.0 7878.0
1320.0 7869.0
897.0 5115.0
7064.0 5418.0
6140.0 1659.0
5339.0 6202.0
3418.0 5904.0
7475.0 541.0
3175.0 9828.0
5473.0 3779.0
9609.0 6109.0
7618.0 620.0
3889.0 6080.0
4405.0 5940.0
8213.0 5456.0
6420.0 263.0
3520.0 7223.0
8240.0 555.0
6237.0 3617.0
4977.0 9497.0
1895.0 1615.0
563.0 8903.0
5983.0 8822.0
9375.0 5450.0
4863.0 9208.0
5294.0 9385.0
2133.0 574.0
4818.0 9363.0
8264.0 8184.0
3317.0 9098.0
3865.0 1468.0
6031.0 3969.0
9446.0 3202.0
7918.0 8264.0
7005.0 3107.0
8957.0 6217.0
1312.0 238.0
3994.0 2500.0
1226.0 1124.0
8747.0 346.0
3910.0 3032.0
6062.0 7948.0
7281.0 4302.0
9029.0 6317.0
8563.0 6137.0
53.0 4252.0
9277.0 2796.0
7480.0 8589.0
9535.0 9566.0
3895.0 391.0
6984.0 461.0
2671.0 252.0
8240.0 41.0
1888.0 8360.0
3191.0 6273.0
7217.0 7510.0
4987.0 3847.0
7865.0 9702.0
1095.0 9861.0
2202.0 9514.0
3263.0 6287.0
2142.0 9894.0
6729.0 6136.0
7906.0 8548.0
1559.0 2733.0
7258.0 5584.0
1430.0 4018.0
5809.0 5569.0
7735.0 6284.0
7505.0 9680.0
9350.0 4271.0
6890.0 6093.0
918.0 7025.0
7247.0 9288.0
5001.0 1439.0
1221.0 1434.0
5947.0 7887.0
3026.0 1504.0
5838.0 4876.0
3836.0 302.0
5349.0 2107.0
4458.0 2056.0
4889.0 3889.0
1900.0 5742.0
3864.0 7291.0
8918.0 1802.0
8416.0 1972.0
8165.0 2430.0
497.0 1079.0
5018.0 6071.0
3616.0 5148.0
5714.0 9320.0
3121.0 3410.0
9866.0 1864.0
1367.0 9412.0
8990.0 2644.0
611.0 390.0
5120.0 7901.0
9007.0 2272.0
6125.0 4260.0
7521.0 4762.0
6831.0 2525.0
8154.0 3393.0
7542.0 352.0
6294.0 7975.0
4071.0 4450.0
2565.0 9348.0
5866.0 5488.0
2022.0 8857.0
1357.0 1368.0
1037.0 7461.0
2104.0 7020.0
4737.0 3889.0
9856.0 1402.0
340.0 3761.0
3128.0 4843.0
4240.0 4080.0
2383.0 2416.0
3196.0 27.0
5440.0 1498.0
2474.0 3444.0
7190.0 4171.0
6294.0 4948.0
234.0 7640.0
8434.0 4076.0
5541.0 8335.0
3344.0 4371.0
4732.0 7841.0
617.0 2837.0
8077.0 1346.0
8173.0 5661.0
4828.0 1753.0
2007.0 4632.0
4970.0 5125.0
2853.0 1156.0
4006.0 5628.0
2606.0 7294.0
4867.0 640.0
5876.0 5727.0
3554.0 9178.0
4498.0 3068.0
7619.0 9323.0
5367.0 3436.0
9067.0 2793.0
4452.0 1698.0
5808.0 7336.0
2326.0 8303.0
8236.0 110.0
9073.0 115.0
52.0 7695.0
8925.0 4164.0
4929.0 935.0
7478.0 3726.0
3109.0 5236.0
6833.0 8642.0
4560.0 9514.0
6525.0 4304.0
7761.0 9439.0
581.0 6207.0
5747.0 3153.0
3568.0 9484.0
3494.0 105.0
970.0 5349.0
3259.0 6197.0
1763.0 8850.0
6965.0 877.0
3518.0 4848.0
7250.0 4357.0
2906.0 1640.0
1257.0 5622.0
6939.0 4142.0
3790.0 4383.0
2810.0 1036.0
8924.0 2655.0
6672.0 2804.0
1672.0 4100.0
4225.0 64.0
3822.0 1824.0
8440.0 4112.0
521.0 7782.0
2294.0 4097.0
6737.0 9440.0
6851.0 7730.0
5181.0 1891.0
7548.0 4955.0
9794.0 6058.0
4040.0 6482.0
1405.0 6160.0
1444.0 1608.0
4658.0 2116.0
3349.0 2232.0
7815.0 5027.0
9434.0 2482.0
9524.0 6421.0
3044.0 5866.0
9170.0 4421.0
6584.0 4364.0
9897.0 2484.0
5073.0 6373.0
5910.0 8905.0
720.0 2915.0
8159.0 7715.0
3862.0 4031.0
4996.0 4166.0
8125.0 9771.0
6926.0 457.0
154.0 2688.0
7034.0 9854.0
6767.0 1262.0
1198.0 9887.0
4880.0 6155.0
4695.0 7778.0
2064.0 3723.0
4290.0 3756.0
8073.0 3690.0
7417.0 450.0
202.0 404.0
2557.0 8985.0
7826.0 9588.0
7399.0 4984.0
3973.0 4993.0
3909.0 112.0
4276.0 1879.0
1885.0 7341.0
6166.0 6728.0
5114.0 594.0
3644.0 5112.0
6734.0 1933.0
5495.0 2117.0
2888.0 1957.0
7295.0 2256.0
6287.0 1571.0
56.0 8262.0
3776.0 5795.0
858.0 697.0
4508.0 2769.0
3338.0 2776.0
7823.0 3628.0
8365.0 7330.0
2433.0 1400.0
7765.0 5311.0
1029.0 9604.0
6445.0 7765.0
6889.0 3699.0
773.0 5681.0
1604.0 1058.0
3547.0 4626.0
5520.0 7625.0
8434.0 3591.0
4998.0 1921.0
9204.0 9951.0
3087.0 9567.0
1619.0 4962.0
2729.0 3978.0
8342.0 6699.0
4068.0 1406.0
9692.0 9864.0
0.0 981.0
5620.0 4356.0
6538.0 2928.0
6748.0 7046.0
7103.0 612.0
4815.0 3641.0
2347.0 4586.0
5397.0 72.0
9607.0 9297.0
8241.0 5314.0
8582.0 5618.0
3072.0 50.0
2349.0 4874.0
1212.0 8090.0
5314.0 2513.0
5887.0 9973.0
2196.0 2108.0
6541.0 647.0
4647.0 2829.0
5036.0 5657.0
4614.0 6066.0
4079.0 2743.0
6040.0 9363.0
720.0 8276.0
9009.0 8329.0
292.0 428.0
2931.0 9677.0
8621.0 3508.0
7874.0 1075.0
2879.0 363.0
5644.0 5963.0
3917.0 2273.0
4710.0 3995.0
5431.0 8238.0
5584.0 278.0
7827.0 8082.0
5745.0 9072.0
7118.0 6290.0
5724.0 111.0
1708.0 5978.0
439.0 8210.0
2432.0 4927.0
2385.0 9319.0
3677.0 8084.0
5782.0 8707.0
5956.0 3449.0
3290.0 9401.0
2780.0 756.0
9372.0 1592.0
7174.0 4874.0
6929.0 6132.0
5702.0 8328.0
6294.0 7805.0
330.0 9863.0
8193.0 6543.0
1011.0 8466.0
4776.0 7227.0
4310.0 4748.0
5308.0 1260.0
5943.0 4121.0
5644.0 5568.0
7576.0 8661.0
3058.0 7186.0
726.0 7086.0
563.0 4105.0
3133.0 4764.0
7291.0 5539.0
5442.0 8150.0
4061.0 7268.0
8541.0 585.0
5717.0 241.0
4431.0 8857.0
4352.0 3079.0
5953.0 2447.0
3.0 1661.0
3233.0 9866.0
7941.0 1446.0
7209.0 9006.0
4139.0 703.0
3065.0 911.0
3022.0 5304.0
8956.0 8888.0
4113.0 8253.0
7843.0 7367.0
6661.0 9610.0
2816.0 7428.0
3861.0 4973.0
8739.0 8409.0
771.0 3188.0
5583.0 7508.0
2512.0 6446.0
1280.0 1785.0
1877.0 8429.0
4471.0 9500.0
7922.0 8679.0
9983.0 176.0
9668.0 3838.0
2392.0 5312.0
1494.0 8947.0
5530.0 4170.0
9337.0 4436.0
8275.0 1528.0
9292.0 7000.0
9486.0 6832.0
2715.0 5009.0
7429.0 6656.0
4438.0 1613.0
1550.0 4875.0
3186.0 1218.0
6939.0 7479.0
5805.0 7490.0
4348.0 1434.0
9401.0 3548.0
1101.0 9501.0
7992.0 7522.0
764.0 5440.0
2772.0 9120.0
1904.0 6498.0
7593.0 5394.0
8814.0 2601.0
3760.0 6345.0
9539.0 4173.0
752.0 3545.0
9055.0 2977.0
1952.0 7438.0
7960.0 2910.0
7011.0 1478.0
9529.0 159.0
4926.0 3778.0
472.0 4628.0
4444.0 9422.0
3260.0 7055.0
901.0 9119.0
366.0 8738.0
1078.0 2346.0
3272.0 3269.0
189.0 5659.0
1592.0 2205.0
7608.0 9327.0
164.0 9086.0
417.0 7954.0
4467.0 8706.0
6398.0 3263.0
7207.0 1062.0
555.0 9686.0
1428.0 1892.0
1775.0 5946.0
7995.0 4208.0
8726.0 8282.0
7816.0 7752.0
6602.0 3480.0
1625.0 5779.0
8801.0 2386.0
2710.0 1080.0
153.0 7051.0
418.0 5668.0
792.0 7180.0
4790.0 1037.0
2271.0 4053.0
5186.0 8398.0
29.0 2562.0
8243.0 826.0
8809.0 4563.0
3026.0 1713.0
123.0 9167.0
3712.0 6456.0
3373.0 8167.0
2667.0 6777.0
4727.0 7245.0
9273.0 9614.0
345.0 6135.0
2340.0 4969.0
3075.0 3394.0
6468.0 9644.0
4195.0 3957.0
5204.0 6282.0
4322.0 136.0
6357.0 9612.0
86.0 9219.0
7298.0 4325.0
5661.0 3349.0
627.0 1491.0
768.0 9834.0
3037.0 2925.0
9240.0 2555.0
2730.0 5432.0
4758.0 7635.0
3250.0 9326.0
2858.0 9048.0
4062.0 8148.0
809.0 2302.0
751.0 8999.0
9460.0 6889.0
180.0 5391.0
3671.0 653.0
8455.0 7046.0
411.0 1737.0
2064.0 3538.0
6141.0 6283.0
5026.0 1211.0
7571.0 2541.0
7410.0 5272.0
2400.0 4554.0
3073.0 1484.0
9143.0 1084.0
6968.0 4367.0
7636.0 7938.0
4876.0 1319.0
4329.0 4372.0
914.0 4579.0
8967.0 6711.0
659.0 5441.0
1759.0 4881.0
266.0 7631.0
2639.0 9994.0
4396.0 9265.0
6716.0 3653.0
8338.0 5303.0
2523.0 2156.0
2158.0 4908.0
2153.0 1241.0
7230.0 627.0
4900.0 9558.0
8003.0 8810.0
8492.0 1511.0
4358.0 3177.0
4529.0 2655.0
2398.0 5950.0
7217.0 3291.0
4029.0 3464.0
7011.0 8446.0
8185.0 5669.0
3255.0 4875.0
9043.0 1436.0
2438.0 8279.0
9085.0 4091.0
1145.0 6375.0
7350.0 4072.0
5332.0 6003.0
5741.0 8147.0
9997.0 4925.0
8727.0 7082.0
5875.0 1477.0
4298.0 6199.0
2240.0 7745.0
6515.0 5710.0
7425.0 4426.0
2526.0 270.0
1159.0 8039.0
9376.0 9637.0
5323.0 3648.0
8480.0 4870.0
2222.0 8764.0
8102.0 6980.0
1987.0 6583.0
6697.0 7426.0
3191.0 9237.0
2459.0 2405.0
3299.0 4214.0
6937.0 5315.0
8033.0 9601.0
3065.0 4330.0
1277.0 6340.0
456.0 4494.0
9606.0 8135.0
3316.0 6235.0
8040.0 2188.0
8827.0 4739.0
6145.0 6426.0
6347.0 7072.0
6055.0 1381.0
292.0 6480.0
6535.0 7385.0
2029.0 5777.0
9683.0 254.0
8658.0 4235.0
9367.0 1113.0
9009.0 4885.0
3006.0 8529.0
9729.0 1655.0
790.0 3627.0
6789.0 8244.0
8946.0 1333.0
280.0 3160.0
6149.0 3430.0
2841.0 7829.0
4675.0 1572.0
4568.0 7186.0
413.0 934.0
9765.0 4668.0
8311.0 7657.0
3381.0 6024.0
2391.0 5741.0
7484.0 8852.0
1902.0 1580.0
631.0 7272.0
7738.0 6763.0
5476.0 3665.0
5705.0 2341.0
2478.0 1875.0
5749.0 204.0
50.0 8801.0
8746.0 9732.0
4004.0 3780.0
4945.0 394.0
1656.0 7691.0
680.0 3459.0
8415.0 6182.0
2443.0 8465.0
7239.0 3931.0
9925.0 2636.0
3787.0 9378.0
2119.0 3888.0
2627.0 1805.0
3099.0 609.0
2353.0 5220.0
6560.0 3857.0
9961.0 5918.0
740.0 151.0
7329.0 3170.0
7803.0 5525.0
5165.0 4925.0
4313.0 3992.0
2270.0 2957.0
1865.0 6096.0
453.0 4364.0
9512.0 5712.0
7979.0 8834.0
2059.0 5758.0
6873.0 3590.0
845.0 5980.0
1947.0 437.0
6104.0 8481.0
1898.0 1810.0
2512.0 9148.0
5330.0 5250.0
2020.0 5655.0
7046.0 8219.0
571.0 5191.0
2471.0 7664.0
7813.0 7588.0
546.0 1243.0
1392.0 2007.0
7958.0 9642.0
9950.0 7850.0
41.0 1872.0
1403.0 3060.0
6221.0 7987.0
5623.0 5471.0
331.0 6109.0
3118.0 5379.0
8671.0 3207.0
3801.0 9990.0
1150.0 1508.0
2467.0 2910.0
3370.0 4987.0
70.0 4355.0
9991.0 2822.0
2400.0 216.0
2251.0 9255.0
267.0 677.0
4963.0 1747.0
7790.0 1528.0
870.0 1860.0
7896.0 3835.0
2689.0 5771.0
6624.0 154.0
5699.0 3839.0
342.0 7925.0
6242.0 1126.0
2477.0 3232.0
3957.0 3301.0
8861.0 576.0
8127.0 4834.0
3285.0 6839.0
980.0 8894.0
7376.0 99.0
3289.0 863.0
1395.0 6449.0
135.0 9890.0
5046.0 505.0
7173.0 5383.0
9917.0 7745.0
264.0 7866.0
7635.0 9363.0
3813.0 6116.0
353.0 2783.0
5676.0 4979.0
2662.0 3514.0
8971.0 798.0
6526.0 6500.0
3672.0 3854.0
3351.0 7633.0
3303.0 9738.0
9787.0 8588.0
4613.0 4070.0
6356.0 652.0
569.0 7476.0
521.0 5705.0
9522.0 240.0
8286.0 5019.0
5891.0 8545.0
936.0 9043.0
233.0 6707.0
6015.0 3826.0
9032.0 2337.0
4144.0 2256.0
7070.0 3825.0
5782.0 774.0
7730.0 2067.0
4530.0 4721.0
9073.0 856.0
6078.0 7997.0
6062.0 2839.0
4407.0 5171.0
1757.0 462.0
9324.0 6739.0
2854.0 3815.0
1967.0 663.0
7413.0 9794.0
7339.0 5876.0
5120.0 9485.0
5515.0 5908.0
2949.0 3195.0
5592.0 3296.0
1553.0 5037.0
8996.0 7948.0
268.0 1490.0
1252.0 5124.0
1043.0 833.0
3807.0 1187.0
4186.0 2890.0
17.0 7808.0
1242.0 978.0
1900.0 7770.0
2887.0 489.0
6742.0 8047.0
2164.0 1004.0
5179.0 8316.0
5923.0 1370.0
4844.0 5573.0
9826.0 9641.0
6177.0 8005.0
4744.0 2303.0
9510.0 3793.0
4928.0 9698.0
5025.0 3009.0
776.0 7054.0
9681.0 3267.0
1572.0 3045.0
7718.0 2286.0
6032.0 288.0
3837.0 3052.0
1018.0 4695.0
658.0 9712.0
1265.0 3084.0
4560.0 4890.0
5480.0 986.0
6495.0 1576.0
6658.0 5035.0
6895.0 5250.0
6966.0 6871.0
6252.0 4421.0
57.0 7968.0
5493.0 220.0
6148.0 7299.0
2739.0 8237.0
7737.0 6251.0
5550.0 8250.0
6279.0 7707.0
264.0 9.0
2712.0 8710.0
2528.0 5752.0
7144.0 8612.0
5621.0 2607.0
5585.0 7144.0
5671.0 544.0
4054.0 9297.0
5375.0 4044.0
2928.0 6444.0
306.0 8152.0
6874.0 5611.0
4435.0 2068.0
8216.0 1310.0
3936.0 5956.0
4098.0 6857.0
913.0 9117.0
283.0 4573.0
1118.0 200.0
6952.0 6797.0
2279.0 2620.0
4334.0 2117.0
2137.0 836.0
8547.0 3739.0
7792.0 5655.0
480.0 9401.0
460.0 9238.0
3067.0 4748.0
2238.0 2953.0
4826.0 4587.0
3989.0 3756.0
9989.0 8936.0
5939.0 7254.0
8089.0 3267.0
5092.0 8121.0
8355.0 4875.0
6064.0 1020.0
6759.0 9786.0
4435.0 7711.0
6075.0 7095.0
4226.0 8493.0
1797.0 180.0
3594.0 8658.0
9268.0 6688.0
5360.0 3108.0
9873.0 1703.0
1456.0 4814.0
6647.0 1024.0
2903.0 5260.0
2145.0 3958.0
9419.0 7563.0
3939.0 7549.0
5256.0 5412.0
5574.0 6639.0
370.0 3493.0
3350.0 6704.0
8531.0 7573.0
1778.0 8857.0
6457.0 4905.0
3058.0 8934.0
598.0 8106.0
8429.0 5089.0
649.0 8190.0
1756.0 800.0
1410.0 4905.0
8185.0 2709.0
7085.0 5048.0
3232.0 5197.0
4625.0 1914.0
161.0 6131.0
5216.0 1557.0
5982.0 667.0
5513.0 4002.0
8944.0 2554.0
2726.0 103.0
2865.0 4823.0
152.0 7186.0
6142.0 4304.0
2257.0 9152.0
5806.0 6862.0
917.0 9209.0
9470.0 2779.0
6907.0 5878.0
519.0 4192.0
3252.0 5466.0
4387.0 8999.0
9529.0 6640.0
6290.0 8152.0
8736.0 5288.0
3254.0 5750.0
814.0 317.0
5785.0 3839.0
9436.0 3568.0
7049.0 6341.0
1161.0 9486.0
9899.0 9029.0
8550.0 2746.0
4608.0 4948.0
1346.0 4457.0
2653.0 7210.0
2336.0 144.0
4412.0 3573.0
6966.0 5156.0
1117.0 9711.0
8338.0 5652.0

7290.0 501.0
5193.0 3946.0
2204.0 5265.0
1859.0 257.0
5985.0 2124.0
8878.0 1691.0
4405.0 2375.0
4399.0 3813.0
3652.0 2478.0
6800.0 7119.0
4916.0 1894.0
5243.0 221.0
5675.0 8018.0
6788.0 5762.0
8059.0 5124.0
1718.0 7241.0
7142.0 6729.0
1131.0 7397.0
4494.0 3301.0
3422.0 1329.0
4867.0 9702.0
8766.0 25.0
6370.0 9328.0
3173.0 2426.0
6942.0 4291.0
6249.0 6735.0
2538.0 3623.0
9249.0 4105.0
4830.0 3876.0
2521.0 383.0
8790.0 9047.0
3941.0 4072.0
3018.0 9239.0
2464.0 1163.0
8144.0 9964.0
3352.0 20.0
1179.0 6526.0
4231.0 1982.0
6149.0 370.0
3519.0 5817.0
3885.0 6823.0
5391.0 6735.0
6269.0 6149.0
7817.0 3076.0
2873.0 2320.0
2839.0 6394.0
257.0 6421.0
638.0 3043.0
6829.0 4097.0
1510.0 7972.0
8608.0 8984.0
2376.0 3865.0
3721.0 6487.0
6875.0 1324.0
6027.0 4875.0
694.0 8199.0
669.0 3061.0
6222.0 8811.0
6951.0 7015.0
3083.0 6157.0
6360.0 9202.0
3744.0 2805.0
6097.0 7969.0
5698.0 8629.0
988.0 6290.0
4394.0 6053.0
9065.0 1793.0
3497.0 5948.0
8754.0 2475.0
1550.0 9894.0
7956.0 5006.0
6678.0 6896.0
7885.0 5071.0
3438.0 5311.0
7054.0 1630.0
8369.0 3065.0
3199.0 9530.0
3391.0 1866.0
3540.0 7368.0
8644.0 3590.0
6218.0 39.0
8847.0 9456.0
8233.0 7854.0
9810.0 5205.0
7802.0 6693.0
4174.0 7927.0
1382.0 6026.0
7992.0 2668.0
8342.0 4305.0
2262.0 9559.0
8498.0 3582.0
5991.0 4532.0
480.0 7779.0
9913.0 9384.0
1209.0 1550.0
2452.0 9268.0
9364.0 9108.0
2026.0 8350.0
8183.0 4962.0
2308.0 6738.0
5459.0 970.0
9545.0 4368.0
1062.0 6617.0
3513.0 26.0
4876.0 1927.0
6239.0 6159.0
451.0 4951.0
5074.0 2615.0
2263.0 8208.0
9227.0 5016.0
6932.0 1016.0
1356.0 5910.0
1209.0 7128.0
8322.0 9359.0
2141.0 9557.0
7696.0 2131.0
7213.0 7071.0
9149.0 7177.0
4859.0 9177.0
2285.0 7533.0
8171.0 9103.0
5062.0 1317.0
7154.0 6619.0
9361.0 1002.0
7413.0 5167.0
2840.0 2607.0
5565.0 154.0
8663.0 2980.0
4287.0 7892.0
7181.0 5847.0
2313.0 7046.0
6209.0 9761.0
7256.0 7008.0
8974.0 3655.0
1568.0 151.0
1332.0 8125.0
4558.0 7335.0
2380.0 3146.0
5734.0 8590.0
5027.0 5334.0
7400.0 3410.0
5674.0 480.0
6800.0 7536.0
4561.0 9465.0
689.0 5688.0
904.0 8251.0
7695.0 2105.0
9417.0 5110.0
6288.0 3360.0
7324.0 736.0
8725.0 337.0
3467.0 9423.0
3841.0 8768.0
3604.0 1982.0
4006.0 295.0
8491.0 3512.0
4114.0 8416.0
3869.0 1766.0
2969.0 6256.0
3947.0 4192.0
9879.0 5589.0
2477.0 4387.0
1879.0 8993.0
8043.0 1078.0
9341.0 9579.0
2629.0 5314.0
420.0 5187.0
5109.0 4040.0
7106.0 6493.0
3736.0 693.0
8294.0 905.0
4233.0 6014.0
7679.0 6687.0
2599.0 4705.0
6868.0 4215.0
4213.0 6143.0
6513.0 3785.0
3362.0 9758.0
871.0 1875.0
9773.0 8292.0
3587.0 300.0
1261.0 4555.0
5107.0 5136.0
4092.0 9900.0
4527.0 4869.0
5162.0 5003.0
1238.0 9648.0
2600.0 6198.0
4263.0 6076.0
3886.0 2963.0
9569.0 4457.0
3086.0 4761.0
8241.0 7884.0
1324.0 7875.0
902.0 5120.0
7069.0 5422.0
6145.0 1665.0
5343.0 6207.0
3422.0 5909.0
7481.0 546.0
3180.0 9833.0
5477.0 3785.0
9615.0 6113.0
7622.0 626.0
3894.0 6085.0
4410.0 5945.0
8218.0 5461.0
6425.0 268.0
3524.0 7229.0
8244.0 561.0
6242.0 3622.0
4981.0 9503.0
1899.0 1620.0
569.0 8907.0
5988.0 8828.0
9379.0 5455.0
4867.0 9214.0
5300.0 9390.0
2138.0 580.0
4823.0 9368.0
8269.0 8188.0
3321.0 9103.0
3869.0 1473.0
6037.0 3973.0
9452.0 3207.0
7924.0 8270.0
7011.0 3113.0
8961.0 6222.0
1317.0 244.0
4000.0 2504.0
1231.0 1129.0
8752.0 350.0
3916.0 3037.0
6067.0 7953.0
7285.0 4308.0
9033.0 6321.0
8567.0 6141.0
58.0 4257.0
9282.0 2801.0
7485.0 8594.0
9539.0 9571.0
3901.0 395.0
6988.0 466.0
2675.0 256.0
8244.0 45.0
1894.0 8364.0
3197.0 6278.0
7221.0 7515.0
4992.0 3852.0
7871.0 9707.0
1100.0 9867.0
2207.0 9519.0
3269.0 6293.0
2148.0 9900.0
6734.0 6141.0
7910.0 8554.0
1564.0 2738.0
7263.0 5590.0
1436.0 4024.0
5814.0 5573.0
7740.0 6288.0
7510.0 9684.0
9354.0 4277.0
6894.0 6098.0
922.0 7030.0
7252.0 9292.0
5005.0 1445.0
1227.0 1440.0
5953.0 7892.0
3031.0 1508.0
5843.0 4880.0
3841.0 307.0
5353.0 2113.0
4462.0 2061.0
4895.0 3895.0
1904.0 5747.0
3870.0 7295.0
8924.0 1807.0
8422.0 1976.0
8171.0 2435.0
502.0 1085.0
5023.0 6077.0
3622.0 5153.0
5720.0 9325.0
3126.0 3416.0
9870.0 1868.0
1372.0 9416.0
8995.0 2649.0
615.0 394.0
5126.0 7905.0
9011.0 2277.0
6130.0 4265.0
7525.0 4767.0
6835.0 2531.0
8158.0 3398.0
7548.0 357.0
6300.0 7980.0
4075.0 4455.0
2571.0 9353.0
5871.0 5494.0
2027.0 8862.0
1361.0 1373.0
1043.0 7467.0
2109.0 7025.0
4743.0 3895.0
9862.0 1407.0
344.0 3766.0
3134.0 4847.0
4245.0 4085.0
2387.0 2421.0
3202.0 31.0
5445.0 1503.0
2480.0 3450.0
7196.0 4175.0
6298.0 4952.0
238.0 7644.0
8438.0 4081.0
5546.0 8340.0
3349.0 4375.0
4736.0 7845.0
622.0 2842.0
8082.0 1350.0
8178.0 5666.0
4834.0 1758.0
2012.0 4637.0
4975.0 5129.0
2858.0 1162.0
4012.0 5633.0
2612.0 7300.0
4873.0 644.0
5881.0 5732.0
3559.0 9183.0
4504.0 3074.0
7624.0 9329.0
5372.0 3441.0
9072.0 2798.0
4458.0 1703.0
5813.0 7342.0
2332.0 8308.0
8242.0 115.0
9079.0 120.0
57.0 7700.0
8929.0 4170.0
4935.0 940.0
7482.0 3732.0
3114.0 5241.0
6838.0 8647.0
4565.0 9519.0
6529.0 4308.0
7765.0 9445.0
587.0 6211.0
5752.0 3159.0
3572.0 9490.0
3498.0 110.0
976.0 5355.0
3265.0 6202.0
1768.0 8856.0
6971.0 882.0
3523.0 4853.0
7255.0 4363.0
2910.0 1644.0
1262.0 5627.0
6944.0 4146.0
3795.0 4388.0
2814.0 1041.0
8929.0 2660.0
6676.0 2809.0
1676.0 4106.0
4230.0 69.0
3826.0 1829.0
8445.0 4117.0
525.0 7787.0
2298.0 4101.0
6742.0 9446.0
6855.0 7736.0
5186.0 1896.0
7552.0 4960.0
9798.0 6064.0
4045.0 6488.0
1410.0 6165.0
1449.0 1613.0
4663.0 2122.0
3354.0 2237.0
7820.0 5032.0
9439.0 2487.0
9529.0 6427.0
3050.0 5871.0
9176.0 4426.0
6589.0 4368.0
9903.0 2488.0
5078.0 6378.0
5915.0 8910.0
725.0 2920.0
8165.0 7721.0
3867.0 4035.0
5000.0 4170.0
8129.0 9775.0
6930.0 462.0
160.0 2692.0
7038.0 9858.0
6773.0 1266.0
1204.0 9893.0
4884.0 6160.0
4700.0 7784.0
2068.0 3729.0
4295.0 3760.0
8078.0 3695.0
7422.0 455.0
207.0 409.0
2562.0 8991.0
7832.0 9593.0
7404.0 4989.0
3978.0 4998.0
3915.0 117.0
4281.0 1883.0
1891.0 7347.0
6171.0 6733.0
5120.0 598.0
3649.0 5117.0
6738.0 1937.0
5500.0 2121.0
2894.0 1961.0
7300.0 2261.0
6291.0 1575.0
61.0 8266.0
3780.0 5799.0
864.0 703.0
4514.0 2774.0
3343.0 2781.0
7828.0 3633.0
8369.0 7335.0
2438.0 1404.0
7770.0 5317.0
1034.0 9609.0
6451.0 7770.0
6895.0 3704.0
779.0 5686.0
1609.0 1064.0
3551.0 4630.0
5525.0 7629.0
8439.0 3596.0
5003.0 1927.0
9208.0 9956.0
3092.0 9573.0
1624.0 4967.0
2734.0 3984.0
8347.0 6704.0
4073.0 1411.0
9698.0 9870.0
5.0 985.0
5624.0 4362.0
6544.0 2934.0
6753.0 7050.0
7107.0 617.0
4820.0 3646.0
2351.0 4592.0
5403.0 77.0
9612.0 9303.0
8245.0 5320.0
8587.0 5624.0
3077.0 55.0
2355.0 4878.0
1218.0 8094.0
5318.0 2518.0
5891.0 9978.0
2201.0 2112.0
6547.0 653.0
4653.0 2834.0
5042.0 5662.0
4619.0 6071.0
4085.0 2749.0
6044.0 9367.0
725.0 8282.0
9015.0 8334.0
298.0 432.0
2937.0 9682.0
8627.0 3514.0
7879.0 1080.0
2884.0 368.0
5649.0 5968.0
3923.0 2279.0
4715.0 3999.0
5435.0 8242.0
5588.0 283.0
7832.0 8088.0
5750.0 9078.0
7124.0 6294.0
5730.0 115.0
1712.0 5983.0
445.0 8215.0
2438.0 4932.0
2391.0 9325.0
3681.0 8089.0
5787.0 8712.0
5960.0 3453.0
3296.0 9405.0
2785.0 760.0
9377.0 1598.0
7180.0 4878.0
6934.0 6136.0
5706.0 8333.0
6298.0 7809.0
334.0 9868.0
8199.0 6549.0
1017.0 8471.0
4782.0 7231.0
4315.0 4752.0
5312.0 1266.0
5948.0 4126.0
5650.0 5574.0
7581.0 8666.0
3063.0 7191.0
731.0 7092.0
567.0 4109.0
3138.0 4770.0
7295.0 5543.0
5446.0 8155.0
4066.0 7273.0
8546.0 591.0
5723.0 245.0
4436.0 8862.0
4357.0 3083.0
5959.0 2453.0
8.0 1665.0
3238.0 9871.0
7946.0 1452.0
7214.0 9011.0
4145.0 709.0
3070.0 916.0
3028.0 5309.0
8961.0 8892.0
4117.0 8258.0
7848.0 7372.0
6665.0 9615.0
2820.0 7432.0
3866.0 4978.0
8744.0 8414.0
775.0 3193.0
5588.0 7513.0
2517.0 6452.0
1284.0 1790.0
1881.0 8434.0
4475.0 9505.0
7928.0 8684.0
9988.0 180.0
9673.0 3842.0
2398.0 5318.0
1499.0 8953.0
5535.0 4174.0
9342.0 4440.0
8280.0 1534.0
9296.0 7005.0
9491.0 6837.0
2720.0 5014.0
7434.0 6660.0
4443.0 1618.0
1555.0 4880.0
3192.0 1224.0
6943.0 7485.0
5810.0 7495.0
4353.0 1439.0
9405.0 3553.0
1106.0 9507.0
7996.0 7527.0
768.0 5445.0
2777.0 9126.0
1909.0 6503.0
7597.0 5398.0
8820.0 2606.0
3766.0 6351.0
9544.0 4178.0
758.0 3551.0
9060.0 2982.0
1957.0 7443.0
7965.0 2915.0
7015.0 1483.0
9533.0 164.0
4932.0 3782.0
477.0 4633.0
4449.0 9428.0
3264.0 7059.0
905.0 9125.0
370.0 8743.0
1082.0 2352.0
3276.0 3273.0
194.0 5663.0
1596.0 2209.0
7614.0 9333.0
170.0 9091.0
423.0 7960.0
4471.0 8711.0
6402.0 3268.0
7211.0 1067.0
560.0 9692.0
1433.0 1898.0
1781.0 5951.0
8000.0 4212.0
8731.0 8286.0
7821.0 7756.0
6608.0 3486.0
1630.0 5783.0
8807.0 2391.0
2716.0 1085.0
158.0 7056.0
422.0 5673.0
797.0 7185.0
4795.0 1042.0
2276.0 4058.0
5190.0 8404.0
33.0 2568.0
8249.0 830.0
8814.0 4568.0
3030.0 1717.0
129.0 9171.0
3716.0 6461.0
3377.0 8173.0
2671.0 6783.0
4732.0 7250.0
9278.0 9618.0
350.0 6139.0
2344.0 4974.0
3081.0 3399.0
6474.0 9650.0
4201.0 3962.0
5208.0 6286.0
4327.0 141.0
6362.0 9618.0
90.0 9225.0
7304.0 4331.0
5665.0 3353.0
632.0 1497.0
773.0 9839.0
3042.0 2930.0
9246.0 2560.0
2734.0 5437.0
4763.0 7640.0
3255.0 9332.0
2863.0 9054.0
4067.0 8153.0
815.0 2308.0
756.0 9004.0
9465.0 6894.0
185.0 5396.0
3676.0 658.0
8459.0 7050.0
416.0 1741.0
2069.0 3543.0
6146.0 6288.0
5030.0 1216.0
7577.0 2545.0
7416.0 5277.0
2404.0 4558.0
3078.0 1489.0
9147.0 1089.0
6973.0 4372.0
7641.0 7943.0
4881.0 1324.0
4334.0 4377.0
919.0 4585.0
8973.0 6715.0
663.0 5446.0
1764.0 4885.0
272.0 7635.0
2644.0 9999.0
4400.0 9270.0
6721.0 3658.0
8343.0 5308.0
2527.0 2160.0
2162.0 4913.0
2159.0 1246.0
7236.0 633.0
4905.0 9562.0
8008.0 8816.0
8496.0 1517.0
4364.0 3181.0
4534.0 2660.0
2403.0 5956.0
7221.0 3296.0
4034.0 3469.0
7016.0 8451.0
8190.0 5673.0
3261.0 4880.0
9048.0 1440.0
2442.0 8284.0
9090.0 4097.0
1150.0 6381.0
7354.0 4077.0
5337.0 6008.0
5746.0 8152.0
10002.0 4930.0
8733.0 7086.0
5880.0 1483.0
4303.0 6203.0
2244.0 7750.0
6519.0 5715.0
7431.0 4431.0
2532.0 274.0
1165.0 8044.0
9382.0 9643.0
5327.0 3654.0
8485.0 4876.0
2226.0 8769.0
8107.0 6986.0
1992.0 6588.0
6702.0 7431.0
3195.0 9241.0
2463.0 2410.0
3303.0 4219.0
6942.0 5320.0
8038.0 9606.0
3070.0 4334.0
1282.0 6345.0
462.0 4498.0
9611.0 8139.0
3321.0 6241.0
8045.0 2194.0
8831.0 4744.0
6150.0 6431.0
6352.0 7076.0
6060.0 1387.0
297.0 6485.0
6539.0 7390.0
2033.0 5782.0
9689.0 260.0
8664.0 4240.0
9373.0 1118.0
9014.0 4891.0
3010.0 8534.0
9733.0 1661.0
795.0 3632.0
6793.0 8250.0
8951.0 1338.0
284.0 3165.0
6154.0 3434.0
2847.0 7834.0
4681.0 1577.0
4574.0 7191.0
418.0 939.0
9770.0 4673.0
8316.0 7663.0
3386.0 6028.0
2395.0 5747.0
7489.0 8858.0
1906.0 1585.0
636.0 7276.0
7742.0 6769.0
5482.0 3670.0
5709.0 2345.0
2484.0 1881.0
5755.0 209.0
54.0 8807.0
8751.0 9738.0
4009.0 3784.0
4950.0 399.0
1661.0 7696.0
684.0 3465.0
8419.0 6187.0
2449.0 8469.0
7243.0 3936.0
9930.0 2642.0
3791.0 9382.0
2124.0 3893.0
2633.0 1810.0
3103.0 613.0
2357.0 5225.0
6564.0 3862.0
9966.0 5922.0
744.0 156.0
7334.0 3176.0
7809.0 5530.0
5170.0 4930.0
4318.0 3996.0
2275.0 2962.0
1871.0 6100.0
458.0 4368.0
9517.0 5718.0
7985.0 8839.0
2065.0 5763.0
6879.0 3596.0
851.0 5984.0
1951.0 442.0
6109.0 8485.0
1903.0 1814.0
2517.0 9152.0
5336.0 5254.0
2026.0 5660.0
7051.0 8223.0
576.0 5196.0
2475.0 7668.0
7818.0 7593.0
551.0 1249.0
1397.0 2012.0
7964.0 9647.0
9954.0 7856.0
45.0 1877.0
1407.0 3066.0
6227.0 7991.0
5628.0 5476.0
335.0 6114.0
3122.0 5384.0
8675.0 3211.0
3806.0 9994.0
1154.0 1514.0
2472.0 2916.0
3374.0 4991.0
74.0 4359.0
9995.0 2826.0
2406.0 221.0
2256.0 9261.0
273.0 682.0
4968.0 1751.0
7795.0 1533.0
874.0 1865.0
7900.0 3840.0
2694.0 5777.0
6630.0 158.0
5704.0 3845.0
347.0 7931.0
6247.0 1131.0
2482.0 3236.0
3962.0 3307.0
8865.0 582.0
8133.0 4839.0
3291.0 6845.0
985.0 8900.0
7380.0 103.0
3295.0 868.0
1399.0 6455.0
139.0 9896.0
5051.0 511.0
7177.0 5389.0
9922.0 7751.0
269.0 7872.0
7640.0 9367.0
3819.0 6120.0
358.0 2787.0
5682.0 4984.0
2666.0 3519.0
8976.0 803.0
6531.0 6505.0
3677.0 3859.0
3356.0 7637.0
3309.0 9743.0
9791.0 8593.0
4617.0 4075.0
6360.0 657.0
575.0 7481.0
526.0 5710.0
9526.0 245.0
8290.0 5024.0
5896.0 8550.0
941.0 9047.0
237.0 6713.0
6021.0 3832.0
9038.0 2343.0
4149.0 2261.0
7075.0 3830.0
5787.0 779.0
7734.0 2072.0
4536.0 4725.0
9078.0 860.0
6083.0 8002.0
6067.0 2843.0
4413.0 5175.0
1762.0 466.0
9330.0 6744.0
2858.0 3820.0
1973.0 668.0
7419.0 9799.0
7343.0 5881.0
5124.0 9491.0
5521.0 5913.0
2954.0 3201.0
5597.0 3300.0
1559.0 5042.0
9000.0 7952.0
272.0 1495.0
1257.0 5130.0
1048.0 839.0
3813.0 1192.0
4190.0 2895.0
23.0 7814.0
1247.0 983.0
1905.0 7775.0
2891.0 495.0
6747.0 8052.0
2169.0 1009.0
5184.0 8320.0
5929.0 1375.0
4848.0 5578.0
9830.0 9646.0
6181.0 8011.0
4749.0 2307.0
9516.0 3798.0
4932.0 9703.0
5029.0 3015.0
781.0 7058.0
9685.0 3272.0
1578.0 3049.0
7724.0 2290.0
6036.0 292.0
3843.0 3057.0
1024.0 4701.0
663.0 9716.0
1270.0 3088.0
4566.0 4894.0
5486.0 990.0
6500.0 1581.0
6662.0 5041.0
6900.0 5256.0
6970.0 6877.0
6258.0 4427.0
62.0 7972.0
5497.0 224.0
6153.0 7303.0
2744.0 8242.0
7742.0 6255.0
5554.0 8254.0
6284.0 7711.0
269.0 15.0
2718.0 8715.0
2532.0 5757.0
7149.0 8617.0
5625.0 2612.0
5590.0 7150.0
5676.0 549.0
4060.0 9301.0
5380.0 4049.0
2933.0 6448.0
310.0 8157.0
6878.0 5617.0
4440.0 2073.0
8221.0 1314.0
3941.0 5962.0
4102.0 6862.0
919.0 9121.0
288.0 4577.0
1122.0 204.0
6956.0 6802.0
2284.0 2624.0
4339.0 2123.0
2141.0 842.0
8552.0 3743.0
7798.0 5659.0
485.0 9405.0
465.0 9243.0
3071.0 4754.0
2242.0 2958.0
4831.0 4591.0
3993.0 3760.0
9993.0 8940.0
5943.0 7259.0
8095.0 3272.0
5097.0 8126.0
8361.0 4881.0
6070.0 1024.0
6765.0 9790.0
4440.0 7715.0
6080.0 7100.0
4231.0 8498.0
1802.0 184.0
3599.0 8664.0
9272.0 6693.0
5365.0 3114.0
9878.0 1708.0
1460.0 4819.0
6652.0 1030.0
2908.0 5264.0
2150.0 3963.0
9425.0 7567.0
3944.0 7553.0
5261.0 5416.0
5579.0 6643.0
375.0 3499.0
3356.0 6710.0
8535.0 7579.0
1784.0 8862.0
6461.0 4911.0
3064.0 8939.0
603.0 8110.0
8435.0 5094.0
654.0 8196.0
1761.0 804.0
1416.0 4910.0
8190.0 2714.0
7089.0 5054.0
3236.0 5203.0
4629.0 1919.0
166.0 6137.0
5222.0 1562.0
5987.0 672.0
5519.0 4006.0
8949.0 2559.0
2731.0 109.0
2870.0 4827.0
157.0 7191.0
6148.0 4308.0
2261.0 9157.0
5811.0 6868.0
922.0 9214.0
9475.0 2784.0
6912.0 5883.0
524.0 4196.0
3256.0 5472.0
4392.0 9004.0
9534.0 6644.0
6295.0 8158.0
8740.0 5293.0
3259.0 5755.0
818.0 322.0
5789.0 3844.0
9440.0 3573.0
7054.0 6347.0
1167.0 9491.0
9905.0 9034.0
8556.0 2751.0
4614.0 4953.0
1350.0 4462.0
2657.0 7215.0
2341.0 149.0
4418.0 3577.0
6972.0 5162.0
1122.0 9717.0
8343.0 5656.0
