1
1024 1 3.0 0.0 1000.0 3 160 240 100

6.5 13.5 29.3 58.5
13.0 27.0 58.5 117.0
19.5 40.5 87.8 175.5
26.0 54.0 117.0 234.0
39.0 81.0 175.5 351.0
52.0 108.0 234.0 468.0
58.5 121.5 263.3 526.5
65.0 135.0 292.5 585.0
78.0 162.0 351.0 702.0
0.0 180.0 390.0 780.0

2.0 5.0 8.0 11.0
5.0 8.0 11.0 14.0
9.0 12.0 15.0 18.0
11.0 14.0 17.0 20.0
15.0 18.0 21.0 24.0
18.0 21.0 24.0 27.0
20.0 23.0 26.0 29.0
25.0 28.0 31.0 34.0
29.0 32.0 35.0 38.0
0.0 34.0 37.0 40.0

1059.0 3659.0
4825.0 6852.0
9342.0 1636.0
7740.0 1335.0
4122.0 2833.0
3744.0 2430.0
831.0 8598.0
2328.0 5613.0
2981.0 6338.0
6960.0 2034.0
3915.0 2041.0
2821.0 6380.0
5294.0 9902.0
1114.0 7485.0
2647.0 5946.0
1570.0 9834.0
842.0 5088.0
7229.0 6642.0
4837.0 3519.0
8116.0 7663.0
3551.0 855.0
2899.0 7394.0
7213.0 8936.0
144.0 1840.0
1045.0 6723.0
3258.0 4504.0
620.0 3174.0
5727.0 4765.0
6752.0 2539.0
5749.0 4309.0
270.0 8964.0
1861.0 9771.0
9532.0 9845.0
3672.0 2269.0
6017.0 9823.0
4285.0 6968.0
5860.0 9845.0
3530.0 8367.0
7679.0 8206.0
3592.0 9446.0
9535.0 2979.0
1154.0 5360.0
397.0 7752.0
2632.0 4829.0
3937.0 5091.0
1629.0 4887.0
5033.0 4628.0
196.0 7178.0
1816.0 5207.0
7998.0 6420.0
8610.0 2983.0
6000.0 4249.0
7630.0 9907.0
3762.0 4071.0
9782.0 9495.0
1950.0 5101.0
7411.0 9304.0
4167.0 6255.0
4359.0 2027.0
4698.0 3052.0
1177.0 9621.0
1279.0 3195.0
5850.0 7380.0
4487.0 8992.0
2878.0 7372.0
7851.0 7286.0
6068.0 3148.0
5288.0 48.0
2890.0 143.0
4973.0 1310.0
753.0 8676.0
1222.0 8593.0
8037.0 8974.0
8520.0 9497.0
5251.0 120.0
4271.0 6615.0
4159.0 7348.0
9382.0 6442.0
5220.0 4604.0
8284.0 432.0
6216.0 1772.0
2486.0 8876.0
7383.0 8488.0
4265.0 762.0
936.0 8966.0
9603.0 5282.0
5312.0 4724.0
1953.0 3145.0
6994.0 4655.0
954.0 8369.0
5264.0 4329.0
2690.0 3710.0
7739.0 8959.0
592.0 5391.0
7040.0 6944.0
8584.0 5302.0
1449.0 3384.0
583.0 1324.0
4895.0 5509.0
2948.0 8956.0
4138.0 4415.0
8973.0 9892.0
3484.0 29.0
7044.0 5725.0
9895.0 8716.0
6541.0 7440.0
3843.0 5445.0
8103.0 3853.0
3757.0 4923.0
7347.0 4668.0
4414.0 8612.0
3643.0 6311.0
2133.0 7046.0
8061.0 1209.0
2110.0 9365.0
7067.0 3675.0
5759.0 4466.0
1092.0 8062.0
8409.0 704.0
9563.0 7358.0
192.0 3540.0
6497.0 2873.0
5503.0 3065.0
3277.0 8196.0
8848.0 5801.0
7680.0 3072.0
7472.0 7703.0
791.0 5382.0
3574.0 7767.0
5885.0 1861.0
1504.0 4171.0
5879.0 756.0
7760.0 7345.0
8473.0 2049.0
4155.0 6903.0
554.0 3442.0
6996.0 1839.0
5993.0 2744.0
7640.0 5899.0
3410.0 9839.0
2257.0 2560.0
3036.0 3893.0
1174.0 6507.0
4245.0 3963.0
637.0 1040.0
7883.0 3677.0
2346.0 3314.0
9978.0 3141.0
8619.0 1839.0
5941.0 3752.0
3531.0 3132.0
6857.0 4057.0
2882.0 6965.0
1966.0 7349.0
8344.0 2090.0
3946.0 4145.0
3645.0 6887.0
6078.0 5219.0
3131.0 1823.0
2916.0 3344.0
5563.0 3153.0
8559.0 4431.0
8503.0 9768.0
9111.0 1192.0
1140.0 7610.0
8453.0 5027.0
5901.0 8559.0
8912.0 4278.0
1706.0 3222.0
939.0 9520.0
4213.0 9520.0
8387.0 9051.0
912.0 1497.0
8504.0 251.0
1412.0 5267.0
8229.0 4966.0
5776.0 1505.0
903.0 9590.0
6253.0 6405.0
9987.0 2997.0
266.0 5508.0
8902.0 7999.0
4994.0 7329.0
8579.0 4491.0
6417.0 6182.0
6823.0 4936.0
8161.0 6128.0
6103.0 5378.0
7998.0 452.0
8860.0 7616.0
2358.0 3590.0
1931.0 734.0
1702.0 4917.0
4203.0 2624.0
2102.0 6305.0
4091.0 4690.0
890.0 7881.0
5937.0 5376.0
6715.0 8874.0
6945.0 699.0
6869.0 2991.0
8737.0 2436.0
7237.0 218.0
148.0 7148.0
2704.0 9467.0
348.0 1681.0
8394.0 8987.0
3902.0 3330.0
4576.0 3940.0
1861.0 5319.0
593.0 3075.0
5497.0 759.0
5674.0 8891.0
1769.0 759.0
6963.0 8230.0
2139.0 4840.0
7633.0 2688.0
8818.0 4331.0
432.0 773.0
5069.0 1894.0
4502.0 6227.0
8644.0 2860.0
5844.0 9410.0
9974.0 6527.0
4257.0 1177.0
9204.0 8089.0
2118.0 1154.0
8681.0 4359.0
2852.0 4824.0
9989.0 8954.0
9439.0 6345.0
7144.0 5099.0
5809.0 6512.0
33.0 6716.0
6492.0 7769.0
4721.0 971.0
2345.0 696.0
9705.0 7931.0
2740.0 8881.0
9735.0 5497.0
7042.0 1587.0
1292.0 289.0
733.0 6132.0
6329.0 7626.0
4051.0 4402.0
3377.0 6291.0
3459.0 394.0
7611.0 6217.0
8841.0 8221.0
3994.0 9785.0
1735.0 2486.0
79.0 9874.0
2483.0 5434.0
7586.0 348.0
6637.0 7805.0
4349.0 7130.0
3473.0 2799.0
739.0 528.0
1969.0 5058.0
7158.0 1988.0
2096.0 9099.0
1715.0 926.0
1770.0 4089.0
9669.0 9807.0
2327.0 4398.0
8767.0 8140.0
7859.0 7821.0
7051.0 8543.0
6274.0 5905.0
2251.0 554.0
2424.0 3283.0
4365.0 341.0
6157.0 5429.0
5518.0 6982.0
644.0 6753.0
3720.0 8479.0
8829.0 3447.0
9600.0 3164.0
8357.0 7996.0
7738.0 4666.0
7832.0 4767.0
6686.0 1107.0
9755.0 8599.0
4288.0 1682.0
7995.0 792.0
7386.0 6289.0
136.0 9420.0
7528.0 6384.0
7572.0 3389.0
6778.0 7704.0
8677.0 2127.0
219.0 8050.0
2919.0 5358.0
4259.0 5763.0
6259.0 9841.0
2343.0 7084.0
701.0 2505.0
2168.0 3046.0
3323.0 1889.0
1000.0 9068.0
2657.0 2308.0
8207.0 2910.0
2770.0 7645.0
6595.0 9166.0
7884.0 4198.0
6654.0 938.0
2900.0 4484.0
322.0 1880.0
7672.0 6428.0
3356.0 4251.0
5383.0 4831.0
7927.0 1161.0
7874.0 4554.0
9519.0 3664.0
3280.0 7313.0
4764.0 5863.0
3819.0 6512.0
9281.0 3696.0
4095.0 7017.0
7146.0 5558.0
2756.0 9298.0
6081.0 5433.0
2868.0 9842.0
4973.0 1696.0
8848.0 2251.0
2810.0 7241.0
311.0 5956.0
658.0 9119.0
5692.0 1933.0
755.0 8328.0
974.0 7360.0
9343.0 2931.0
1393.0 3615.0
2332.0 166.0
6461.0 4540.0
5396.0 5709.0
1163.0 4367.0
2606.0 753.0
8677.0 7239.0
203.0 74.0
2470.0 2738.0
4603.0 6735.0
8119.0 4313.0
6251.0 1611.0
7716.0 53.0
3408.0 8378.0
2199.0 7697.0
2492.0 7145.0
9466.0 8300.0
4054.0 2389.0
8620.0 5477.0
6007.0 3356.0
3204.0 9624.0
8200.0 7590.0
8771.0 9052.0
4946.0 761.0
2638.0 2420.0
4596.0 8446.0
6183.0 9407.0
7770.0 8037.0
2536.0 9027.0
8341.0 1438.0
5005.0 7486.0
3775.0 1701.0
4105.0 29.0
3927.0 9296.0
3529.0 3659.0
9902.0 6139.0
7914.0 153.0
7070.0 8078.0
7758.0 1303.0
8847.0 8984.0
9342.0 767.0
339.0 2102.0
9999.0 9475.0
3450.0 6854.0
1583.0 3982.0
7560.0 1728.0
7508.0 9690.0
2373.0 6435.0
1175.0 3358.0
2025.0 8994.0
6171.0 1800.0
2078.0 5911.0
1075.0 6206.0
3476.0 6105.0
4219.0 3976.0
81.0 1762.0
6274.0 2499.0
8885.0 1767.0
987.0 1788.0
4501.0 5892.0
6947.0 5374.0
2028.0 381.0
5710.0 1391.0
4903.0 8127.0
4147.0 8247.0
6833.0 9079.0
1362.0 1811.0
9416.0 9055.0
3033.0 3520.0
9535.0 7624.0
8526.0 1328.0
3156.0 8219.0
8638.0 7898.0
4603.0 6147.0
4311.0 2970.0
2929.0 2661.0
9181.0 9301.0
9474.0 5749.0
1305.0 4100.0
3224.0 823.0
1914.0 378.0
3057.0 6946.0
1564.0 5107.0
8494.0 6790.0
6505.0 3629.0
3042.0 966.0
648.0 2202.0
6736.0 9896.0
967.0 3121.0
6989.0 8904.0
6687.0 9310.0
9341.0 4669.0
5121.0 7809.0
2209.0 3722.0
9491.0 4069.0
2253.0 6139.0
6601.0 1460.0
9435.0 103.0
4700.0 2926.0
3404.0 5490.0
4396.0 4174.0
5278.0 7155.0
7969.0 337.0
1445.0 1067.0
4932.0 510.0
8478.0 8971.0
4197.0 7070.0
761.0 9733.0
5693.0 9214.0
4938.0 8035.0
6789.0 2604.0
7777.0 3581.0
1379.0 9549.0
6553.0 6483.0
1965.0 6636.0
3557.0 6990.0
7610.0 9220.0
8823.0 216.0
3098.0 4686.0
7685.0 9044.0
7158.0 8909.0
2258.0 860.0
102.0 2804.0
8442.0 6288.0
3729.0 8408.0
2569.0 582.0
8850.0 6380.0
4265.0 850.0
8277.0 9354.0
4655.0 4760.0
5638.0 8052.0
1501.0 8906.0
2859.0 9564.0
5370.0 7493.0
1680.0 9722.0
3447.0 4498.0
7031.0 3973.0
83.0 4980.0
2652.0 3665.0
5682.0 3704.0
1779.0 7172.0
8032.0 1733.0
8268.0 7749.0
2682.0 4162.0
5995.0 2554.0
1458.0 4654.0
6895.0 9746.0
732.0 4941.0
483.0 3052.0
3534.0 9957.0
212.0 5755.0
2120.0 1766.0
4517.0 8481.0
84.0 7946.0
2903.0 7721.0
5627.0 2597.0
9923.0 4492.0
84.0 639.0
2394.0 5055.0
8297.0 8554.0
7714.0 8109.0
9960.0 7250.0
3622.0 5358.0
3505.0 5199.0
2255.0 4886.0
6671.0 2519.0
3852.0 9243.0
310.0 9165.0
7968.0 2652.0
4582.0 2890.0
2525.0 4266.0
9096.0 5140.0
3582.0 6867.0
1127.0 5550.0
1148.0 2949.0
8503.0 8201.0
8914.0 2571.0
6257.0 5310.0
8228.0 9912.0
8651.0 6502.0
9197.0 7942.0
682.0 4345.0
4236.0 3104.0
5647.0 9305.0
1940.0 4452.0
7901.0 9778.0
1616.0 4131.0
2382.0 5378.0
1332.0 8625.0
5019.0 4125.0
4833.0 2695.0
622.0 6727.0
5180.0 398.0
7354.0 3581.0
5456.0 129.0
9384.0 2695.0
9394.0 3078.0
1833.0 9167.0
7286.0 7029.0
4599.0 9401.0
5004.0 9909.0
4179.0 5721.0
6517.0 10000.0
5073.0 9537.0
2718.0 2236.0
4885.0 3747.0
1943.0 2489.0
9722.0 7516.0
19.0 4268.0
8976.0 9112.0
194.0 4733.0
1115.0 4966.0
5803.0 9450.0
4563.0 5594.0
1022.0 7796.0
288.0 1586.0
7556.0 3427.0
5183.0 5283.0
7620.0 6721.0
7859.0 6343.0
6064.0 8619.0
932.0 1832.0
6980.0 7768.0
6428.0 4026.0
2670.0 5389.0
3384.0 1566.0
5292.0 4771.0
9267.0 2152.0
4068.0 4823.0
9299.0 7429.0
3381.0 9580.0
295.0 3222.0
9631.0 8097.0
8119.0 800.0
7185.0 1616.0
348.0 7325.0
6286.0 7460.0
8260.0 6144.0
8266.0 1524.0
4736.0 103.0
5919.0 3812.0
7184.0 3527.0
9372.0 3923.0
7086.0 1057.0
330.0 5882.0
266.0 3976.0
23.0 4267.0
4481.0 7214.0
8718.0 6008.0
3445.0 2689.0
7147.0 4799.0
8877.0 7136.0
2705.0 7525.0
4673.0 5107.0
5754.0 4613.0
9821.0 290.0
3909.0 8745.0
9140.0 823.0
4640.0 8810.0
3453.0 6761.0
9044.0 8547.0
3302.0 355.0
2145.0 1764.0
2793.0 2324.0
7567.0 8563.0
2687.0 9762.0
6937.0 9483.0
4323.0 3863.0
6861.0 6966.0
8495.0 8116.0
8838.0 6075.0
5857.0 143.0
9954.0 8862.0
7989.0 2828.0
4699.0 9316.0
697.0 2932.0
787.0 8286.0
3670.0 7816.0
4296.0 317.0
3081.0 3478.0
2009.0 6789.0
6244.0 9535.0
1284.0 2293.0
9920.0 9335.0
321.0 3641.0
6380.0 5853.0
4174.0 3437.0
3822.0 6540.0
4350.0 2621.0
250.0 2781.0
2361.0 8890.0
2406.0 2142.0
71.0 423.0
3868.0 4050.0
2187.0 6818.0
8907.0 2086.0
8761.0 1651.0
1210.0 8547.0
8036.0 3585.0
9066.0 9443.0
2497.0 5422.0
1125.0 596.0
3481.0 3034.0
9315.0 7997.0
2190.0 8571.0
8040.0 8095.0
7462.0 4867.0
1243.0 6177.0
3158.0 456.0
1445.0 3500.0
503.0 7119.0
7359.0 6347.0
3242.0 4361.0
9177.0 2665.0
5968.0 7749.0
3140.0 4447.0
8455.0 509.0
9484.0 6532.0
1364.0 317.0
367.0 4978.0
1174.0 5669.0
6884.0 672.0
4671.0 8774.0
6755.0 6349.0
5873.0 4365.0
6812.0 7676.0
718.0 6347.0
6865.0 1568.0
7387.0 6696.0
4056.0 7402.0
2598.0 3528.0
9311.0 9289.0
6728.0 7743.0
9977.0 72.0
3121.0 164.0
5255.0 208.0
9423.0 3587.0
3528.0 7214.0
1304.0 6648.0
3187.0 3811.0
1410.0 8929.0
1054.0 5467.0
8906.0 9214.0
5001.0 472.0
7457.0 1307.0
9882.0 8229.0
1994.0 4331.0
8353.0 3910.0
7129.0 6916.0
706.0 160.0
2554.0 7198.0
310.0 8988.0
3292.0 3032.0
3753.0 9535.0
5138.0 9344.0
7295.0 9866.0
8154.0 2033.0
3741.0 3452.0
3555.0 329.0
6311.0 3513.0
1852.0 2030.0
8633.0 883.0
2593.0 8538.0
2456.0 3557.0
8564.0 9086.0
7167.0 8589.0
9786.0 6093.0
7737.0 9502.0
5178.0 6051.0
184.0 4878.0
2221.0 2851.0
6158.0 6284.0
7486.0 2987.0
747.0 6214.0
3376.0 4512.0
110.0 9186.0
8923.0 4204.0
8039.0 1684.0
5008.0 9823.0
3041.0 9097.0
6844.0 6890.0
60.0 311.0
9073.0 1894.0
3420.0 3136.0
1341.0 6349.0
109.0 6219.0
4685.0 8603.0
4990.0 5611.0
1599.0 2831.0
2054.0 6653.0
5118.0 7106.0
8306.0 4343.0
4787.0 4977.0
9393.0 7848.0
9844.0 7458.0
8568.0 7332.0
2496.0 4854.0
3104.0 3750.0
6612.0 322.0
4739.0 4785.0
9708.0 9598.0
3282.0 2587.0
8561.0 3788.0
4951.0 1480.0
1308.0 4654.0
9569.0 6296.0
1382.0 4291.0
3204.0 4502.0
1137.0 3624.0
5367.0 7795.0
5510.0 6630.0
2354.0 1309.0
8578.0 9707.0
848.0 1115.0
8357.0 8091.0
8382.0 3169.0
7689.0 3752.0
9745.0 9375.0
1587.0 1669.0
965.0 8930.0
3867.0 3905.0
4937.0 5611.0
8430.0 3393.0
5327.0 4163.0
3055.0 1855.0
7824.0 1466.0
6029.0 8751.0
379.0 634.0
8491.0 693.0
6486.0 8713.0
7832.0 3219.0
8154.0 1144.0
9992.0 9359.0
7634.0 8648.0
1027.0 1889.0
9526.0 4712.0
776.0 8702.0
7354.0 4322.0
4000.0 3201.0
1219.0 7118.0
6825.0 4132.0
5629.0 632.0
8853.0 1774.0
9105.0 1782.0
3790.0 9884.0
9666.0 7260.0
3944.0 5341.0
2796.0 6015.0
6432.0 9870.0
996.0 9463.0
1475.0 785.0
6515.0 7605.0
5598.0 148.0
1373.0 1716.0
5117.0 4273.0
1266.0 6762.0
7745.0 7978.0
2461.0 9210.0
2676.0 500.0
3286.0 8412.0
1998.0 2493.0
4304.0 2194.0
8789.0 6021.0
3791.0 9849.0
9743.0 1958.0
7596.0 8174.0
2675.0 1703.0
5010.0 8726.0
1769.0 2643.0
4727.0 6960.0
5908.0 9258.0
7503.0 6409.0
7941.0 4290.0
4627.0 3573.0
5244.0 6896.0
3777.0 1680.0
4416.0 7184.0
6399.0 3989.0
5475.0 9066.0
3181.0 9786.0
3393.0 5823.0
6736.0 8749.0
7330.0 5308.0
3100.0 1845.0
411.0 4196.0
6131.0 9412.0
5411.0 3198.0
1431.0 9606.0
4177.0 7653.0
8874.0 2862.0
1170.0 404.0
5352.0 549.0
3940.0 6388.0
1840.0 8465.0
5925.0 836.0
1375.0 8352.0
9397.0 5512.0
7063.0 3084.0
8915.0 9898.0
1696.0 3698.0
8145.0 6736.0
3104.0 8934.0
5388.0 3849.0
1825.0 437.0
5670.0 6651.0
203.0 9301.0
9744.0 8257.0
4515.0 2102.0
2870.0 6613.0
4224.0 7103.0
8696.0 558.0
4968.0 3773.0
6125.0 9226.0
4382.0 1308.0
9489.0 1716.0
2345.0 4295.0
4903.0 6428.0
9774.0 6202.0
8143.0 1989.0
2549.0 3846.0
1898.0 4181.0
9679.0 8507.0
2748.0 5786.0
7309.0 1857.0
722.0 8758.0
2664.0 7355.0
6788.0 639.0
4548.0 286.0
6121.0 9635.0
9471.0 2105.0
7509.0 5263.0
5042.0 7238.0
1740.0 3983.0
4694.0 3023.0
4326.0 1731.0
367.0 5942.0
421.0 7764.0
2244.0 9806.0
2267.0 6738.0
7132.0 4077.0
2045.0 8423.0
9608.0 2958.0
5457.0 6977.0
2509.0 8451.0
3910.0 4189.0
5891.0 3018.0
5642.0 3608.0
6043.0 29.0
8648.0 4970.0
8654.0 2644.0
752.0 836.0
2758.0 4314.0
4683.0 9858.0
4530.0 6541.0
8501.0 3584.0
2550.0 2082.0
4227.0 6225.0
8641.0 4248.0
28.0 9275.0
866.0 5465.0
3812.0 5432.0
7799.0 769.0
8576.0 8704.0
5674.0 4385.0
2368.0 130.0
2494.0 65.0
8211.0 1027.0
5727.0 8345.0
1835.0 8170.0
2673.0 6387.0
7580.0 7837.0
5107.0 8565.0
5313.0 8107.0
2310.0 8468.0
3708.0 1352.0
9066.0 5474.0
7756.0 1314.0
7762.0 1566.0
833.0 1699.0
6150.0 6552.0
4201.0 5689.0
4915.0 2353.0
9279.0 8298.0
1617.0 9523.0
537.0 5972.0
123.0 1663.0
9374.0 358.0
7139.0 5901.0
1815.0 5656.0
9925.0 86.0
5399.0 1458.0
1802.0 9886.0
3092.0 5504.0
4565.0 1417.0
4584.0 3247.0
9382.0 7613.0
7822.0 3668.0
294.0 8953.0
6134.0 3232.0
6920.0 1752.0
8780.0 2407.0
5458.0 9646.0
5305.0 1673.0
9586.0 6459.0
6524.0 6406.0
5380.0 1104.0
7507.0 2583.0
6823.0 7680.0
402.0 7700.0
1032.0 6444.0
7458.0 3824.0
4791.0 3803.0
7094.0 2198.0
6493.0 2002.0
8367.0 1305.0
96.0 1668.0
1692.0 2808.0
195.0 2881.0
6163.0 2284.0
9803.0 2921.0
6325.0 4161.0
4960.0 1369.0
3759.0 2773.0
2747.0 5725.0
1314.0 3946.0
1829.0 3195.0
357.0 4038.0
7123.0 6824.0
3875.0 5832.0
2675.0 6638.0
793.0 3208.0
9378.0 8948.0
9354.0 9005.0
6605.0 9494.0
9915.0 2983.0
9378.0 8584.0
7.0 9302.0
5158.0 8892.0
7012.0 5438.0
6875.0 9088.0
6315.0 6939.0
1283.0 8953.0
5268.0 4940.0
4256.0 4152.0
5837.0 5854.0
7113.0 1318.0
1265.0 5154.0
586.0 6626.0
4610.0 9643.0
5524.0 3508.0
9521.0 5161.0
1936.0 7682.0
6076.0 9098.0
483.0 152.0
7069.0 9671.0
3004.0 1344.0
2560.0 6346.0
1192.0 2055.0
3073.0 8340.0
5019.0 9354.0
4275.0 599.0
5007.0 8126.0
8486.0 9189.0
4945.0 1401.0
882.0 490.0
4164.0 5149.0
740.0 1123.0
960.0 5695.0
569.0 8022.0
1277.0 415.0
8487.0 553.0
9236.0 4897.0
1689.0 9116.0
8636.0 2199.0
1367.0 7118.0
7001.0 2400.0
1921.0 5758.0
6293.0 3087.0
9823.0 3511.0
6891.0 3954.0
9980.0 4750.0
3929.0 1165.0
9951.0 4403.0
7598.0 9657.0
4865.0 8063.0
1522.0 4046.0
8393.0 9473.0
5795.0 1284.0
7637.0 9788.0
3794.0 758.0
2263.0 5537.0
4361.0 9971.0

1063.0 3663.0
4831.0 6858.0
9346.0 1641.0
7745.0 1340.0
4127.0 2837.0
3748.0 2436.0
836.0 8602.0
2332.0 5619.0
2986.0 6343.0
6966.0 2039.0
3921.0 2047.0
2825.0 6385.0
5299.0 9908.0
1120.0 7491.0
2652.0 5950.0
1575.0 9839.0
848.0 5093.0
7234.0 6648.0
4842.0 3524.0
8121.0 7668.0
3557.0 859.0
2905.0 7399.0
7219.0 8940.0
150.0 1845.0
1051.0 6728.0
3263.0 4509.0
625.0 3179.0
5732.0 4770.0
6757.0 2545.0
5753.0 4314.0
276.0 8968.0
1865.0 9775.0
9537.0 9850.0
3676.0 2275.0
6022.0 9829.0
4290.0 6973.0
5864.0 9850.0
3534.0 8371.0
7684.0 8210.0
3597.0 9452.0
9541.0 2985.0
1158.0 5364.0
402.0 7756.0
2637.0 4833.0
3942.0 5096.0
1635.0 4892.0
5038.0 4633.0
201.0 7184.0
1821.0 5211.0
8003.0 6424.0
8614.0 2988.0
6005.0 4254.0
7635.0 9912.0
3766.0 4076.0
9787.0 9500.0
1955.0 5107.0
7415.0 9309.0
4172.0 6260.0
4364.0 2032.0
4703.0 3057.0
1182.0 9626.0
1284.0 3200.0
5855.0 7385.0
4492.0 8996.0
2883.0 7377.0
7857.0 7291.0
6073.0 3152.0
5294.0 53.0
2895.0 148.0
4978.0 1315.0
759.0 8682.0
1227.0 8598.0
8043.0 8978.0
8526.0 9503.0
5256.0 126.0
4275.0 6621.0
4164.0 7352.0
9388.0 6448.0
5224.0 4609.0
8289.0 437.0
6221.0 1776.0
2491.0 8881.0
7388.0 8493.0
4271.0 767.0
941.0 8971.0
9607.0 5287.0
5317.0 4728.0
1957.0 3150.0
7000.0 4659.0
959.0 8375.0
5268.0 4335.0
2695.0 3715.0
7744.0 8963.0
597.0 5395.0
7045.0 6948.0
8588.0 5307.0
1454.0 3388.0
587.0 1328.0
4899.0 5515.0
2954.0 8960.0
4143.0 4420.0
8977.0 9897.0
3489.0 34.0
7050.0 5731.0
9901.0 8722.0
6547.0 7445.0
3848.0 5449.0
8107.0 3858.0
3762.0 4928.0
7352.0 4674.0
4418.0 8618.0
3647.0 6316.0
2138.0 7050.0
8066.0 1214.0
2115.0 9369.0
7072.0 3681.0
5764.0 4470.0
1096.0 8067.0
8414.0 709.0
9567.0 7364.0
196.0 3545.0
6502.0 2879.0
5509.0 3071.0
3282.0 8201.0
8852.0 5806.0
7684.0 3078.0
7477.0 7707.0
796.0 5387.0
3578.0 7772.0
5890.0 1867.0
1509.0 4176.0
5884.0 761.0
7766.0 7349.0
8477.0 2054.0
4160.0 6907.0
559.0 3446.0
7001.0 1844.0
5998.0 2748.0
7644.0 5904.0
3415.0 9844.0
2263.0 2565.0
3041.0 3898.0
1179.0 6513.0
4249.0 3969.0
642.0 1044.0
7887.0 3682.0
2352.0 3320.0
9984.0 3146.0
8625.0 1845.0
5946.0 3757.0
3536.0 3137.0
6863.0 4061.0
2888.0 6969.0
1970.0 7355.0
8349.0 2096.0
3951.0 4151.0
3650.0 6893.0
6084.0 5224.0
3135.0 1828.0
2921.0 3349.0
5569.0 3158.0
8565.0 4436.0
8508.0 9774.0
9117.0 1197.0
1146.0 7614.0
8458.0 5032.0
5906.0 8564.0
8916.0 4282.0
1711.0 3227.0
944.0 9525.0
4219.0 9524.0
8393.0 9057.0
918.0 1501.0
8509.0 257.0
1417.0 5273.0
8233.0 4971.0
5782.0 1510.0
908.0 9594.0
6259.0 6411.0
9991.0 3002.0
271.0 5514.0
8908.0 8005.0
4998.0 7335.0
8584.0 4496.0
6423.0 6187.0
6828.0 4942.0
8166.0 6132.0
6107.0 5382.0
8004.0 458.0
8865.0 7622.0
2363.0 3596.0
1936.0 739.0
1707.0 4922.0
4208.0 2630.0
2107.0 6311.0
4096.0 4694.0
895.0 7887.0
5942.0 5381.0
6720.0 8879.0
6949.0 704.0
6874.0 2996.0
8741.0 2440.0
7242.0 222.0
152.0 7153.0
2709.0 9471.0
353.0 1687.0
8400.0 8992.0
3908.0 3334.0
4581.0 3945.0
1865.0 5325.0
598.0 3080.0
5503.0 763.0
5679.0 8896.0
1774.0 764.0
6969.0 8235.0
2143.0 4845.0
7639.0 2694.0
8823.0 4335.0
437.0 778.0
5074.0 1898.0
4507.0 6232.0
8649.0 2865.0
5849.0 9414.0
9979.0 6532.0
4262.0 1183.0
9210.0 8094.0
2123.0 1159.0
8685.0 4363.0
2856.0 4830.0
9994.0 8959.0
9445.0 6349.0
7149.0 5104.0
5814.0 6516.0
38.0 6722.0
6497.0 7775.0
4727.0 976.0
2349.0 702.0
9711.0 7937.0
2745.0 8885.0
9741.0 5502.0
7047.0 1592.0
1298.0 294.0
738.0 6137.0
6335.0 7631.0
4056.0 4407.0
3381.0 6296.0
3463.0 398.0
7615.0 6222.0
8846.0 8226.0
3999.0 9789.0
1740.0 2492.0
85.0 9879.0
2487.0 5439.0
7590.0 354.0
6641.0 7809.0
4355.0 7135.0
3478.0 2803.0
744.0 534.0
1974.0 5064.0
7164.0 1994.0
2100.0 9104.0
1719.0 931.0
1774.0 4095.0
9673.0 9812.0
2333.0 4403.0
8771.0 8146.0
7863.0 7825.0
7056.0 8548.0
6279.0 5911.0
2257.0 560.0
2428.0 3289.0
4369.0 346.0
6163.0 5434.0
5522.0 6987.0
648.0 6758.0
3726.0 8485.0
8834.0 3451.0
9605.0 3168.0
8361.0 8001.0
7742.0 4671.0
7837.0 4772.0
6692.0 1113.0
9760.0 8604.0
4293.0 1686.0
8000.0 797.0
7391.0 6295.0
140.0 9425.0
7533.0 6390.0
7577.0 3394.0
6784.0 7709.0
8683.0 2132.0
224.0 8054.0
2924.0 5364.0
4263.0 5768.0
6265.0 9846.0
2348.0 7089.0
707.0 2510.0
2174.0 3051.0
3327.0 1893.0
1005.0 9073.0
2661.0 2313.0
8212.0 2916.0
2774.0 7650.0
6600.0 9170.0
7889.0 4204.0
6658.0 944.0
2906.0 4489.0
327.0 1884.0
7677.0 6433.0
3361.0 4257.0
5388.0 4837.0
7931.0 1166.0
7879.0 4559.0
9525.0 3670.0
3284.0 7319.0
4770.0 5869.0
3824.0 6517.0
9285.0 3701.0
4099.0 7021.0
7150.0 5563.0
2760.0 9304.0
6087.0 5438.0
2874.0 9847.0
4979.0 1701.0
8852.0 2257.0
2815.0 7247.0
316.0 5960.0
664.0 9125.0
5697.0 1938.0
760.0 8334.0
980.0 7365.0
9348.0 2936.0
1398.0 3619.0
2337.0 171.0
6466.0 4546.0
5401.0 5715.0
1167.0 4372.0
2612.0 759.0
8683.0 7245.0
207.0 80.0
2474.0 2743.0
4607.0 6740.0
8125.0 4318.0
6255.0 1616.0
7722.0 59.0
3414.0 8383.0
2205.0 7702.0
2497.0 7150.0
9471.0 8305.0
4060.0 2394.0
8625.0 5482.0
6013.0 3361.0
3208.0 9629.0
8204.0 7594.0
8777.0 9058.0
4951.0 766.0
2643.0 2426.0
4601.0 8451.0
6188.0 9412.0
7775.0 8043.0
2542.0 9032.0
8346.0 1443.0
5009.0 7492.0
3779.0 1707.0
4110.0 35.0
3932.0 9302.0
3534.0 3663.0
9906.0 6143.0
7918.0 159.0
7075.0 8083.0
7763.0 1307.0
8852.0 8989.0
9348.0 772.0
345.0 2107.0
10004.0 9480.0
3454.0 6859.0
1588.0 3986.0
7566.0 1734.0
7513.0 9694.0
2378.0 6441.0
1180.0 3363.0
2031.0 9000.0
6176.0 1806.0
2083.0 5917.0
1080.0 6212.0
3480.0 6109.0
4225.0 3980.0
86.0 1767.0
6279.0 2503.0
8890.0 1772.0
992.0 1794.0
4506.0 5898.0
6953.0 5379.0
2033.0 385.0
5715.0 1396.0
4907.0 8133.0
4152.0 8252.0
6839.0 9084.0
1367.0 1817.0
9421.0 9061.0
3038.0 3526.0
9541.0 7629.0
8532.0 1333.0
3161.0 8223.0
8642.0 7903.0
4608.0 6152.0
4317.0 2974.0
2934.0 2666.0
9187.0 9306.0
9480.0 5754.0
1309.0 4106.0
3229.0 828.0
1918.0 383.0
3062.0 6952.0
1569.0 5112.0
8500.0 6796.0
6511.0 3635.0
3047.0 970.0
653.0 2206.0
6740.0 9901.0
972.0 3126.0
6994.0 8908.0
6692.0 9316.0
9347.0 4673.0
5127.0 7814.0
2214.0 3726.0
9497.0 4073.0
2257.0 6144.0
6607.0 1465.0
9440.0 107.0
4706.0 2931.0
3409.0 5496.0
4402.0 4180.0
5284.0 7159.0
7974.0 341.0
1450.0 1072.0
4937.0 515.0
8483.0 8976.0
4202.0 7075.0
767.0 9739.0
5698.0 9219.0
4944.0 8040.0
6795.0 2609.0
7783.0 3586.0
1384.0 9554.0
6557.0 6489.0
1970.0 6640.0
3562.0 6995.0
7614.0 9225.0
8827.0 221.0
3103.0 4691.0
7690.0 9049.0
7164.0 8914.0
2263.0 865.0
108.0 2809.0
8447.0 6292.0
3733.0 8412.0
2575.0 586.0
8855.0 6386.0
4270.0 854.0
8282.0 9359.0
4661.0 4765.0
5644.0 8058.0
1507.0 8911.0
2864.0 9570.0
5375.0 7499.0
1684.0 9726.0
3453.0 4504.0
7036.0 3979.0
89.0 4986.0
2657.0 3670.0
5686.0 3708.0
1784.0 7176.0
8036.0 1737.0
8273.0 7754.0
2687.0 4168.0
5999.0 2560.0
1464.0 4659.0
6899.0 9750.0
737.0 4945.0
489.0 3057.0
3539.0 9962.0
217.0 5760.0
2124.0 1770.0
4521.0 8486.0
88.0 7951.0
2908.0 7727.0
5633.0 2603.0
9928.0 4497.0
90.0 644.0
2398.0 5060.0
8302.0 8559.0
7719.0 8114.0
9965.0 7255.0
3627.0 5364.0
3511.0 5205.0
2259.0 4891.0
6675.0 2524.0
3858.0 9248.0
316.0 9169.0
7972.0 2658.0
4587.0 2894.0
2531.0 4271.0
9100.0 5146.0
3588.0 6872.0
1133.0 5555.0
1153.0 2953.0
8507.0 8205.0
8919.0 2576.0
6262.0 5314.0
8233.0 9917.0
8656.0 6506.0
9202.0 7948.0
686.0 4349.0
4242.0 3109.0
5652.0 9311.0
1945.0 4458.0
7905.0 9783.0
1620.0 4136.0
2386.0 5384.0
1336.0 8630.0
5024.0 4130.0
4839.0 2699.0
626.0 6732.0
5186.0 403.0
7359.0 3585.0
5461.0 134.0
9389.0 2699.0
9399.0 3083.0
1838.0 9172.0
7291.0 7033.0
4605.0 9407.0
5008.0 9914.0
4185.0 5727.0
6523.0 10006.0
5078.0 9543.0
2724.0 2240.0
4891.0 3752.0
1948.0 2493.0
9727.0 7520.0
23.0 4272.0
8981.0 9118.0
199.0 4739.0
1120.0 4970.0
5808.0 9455.0
4568.0 5598.0
1028.0 7800.0
293.0 1591.0
7562.0 3431.0
5188.0 5288.0
7624.0 6727.0
7863.0 6348.0
6069.0 8624.0
936.0 1837.0
6985.0 7774.0
6433.0 4031.0
2675.0 5394.0
3388.0 1572.0
5298.0 4776.0
9272.0 2157.0
4072.0 4829.0
9305.0 7434.0
3387.0 9584.0
300.0 3228.0
9635.0 8102.0
8124.0 806.0
7191.0 1621.0
353.0 7331.0
6291.0 7464.0
8266.0 6148.0
8271.0 1529.0
4740.0 109.0
5923.0 3817.0
7189.0 3532.0
9376.0 3929.0
7092.0 1063.0
335.0 5888.0
271.0 3981.0
27.0 4271.0
4487.0 7220.0
8723.0 6012.0
3449.0 2694.0
7153.0 4805.0
8883.0 7141.0
2709.0 7530.0
4677.0 5113.0
5759.0 4618.0
9826.0 296.0
3913.0 8751.0
9146.0 829.0
4645.0 8816.0
3458.0 6765.0
9049.0 8552.0
3306.0 361.0
2150.0 1770.0
2799.0 2329.0
7572.0 8568.0
2692.0 9767.0
6942.0 9488.0
4328.0 3868.0
6865.0 6971.0
8500.0 8121.0
8844.0 6081.0
5862.0 148.0
9958.0 8866.0
7994.0 2834.0
4704.0 9320.0
702.0 2937.0
791.0 8292.0
3676.0 7821.0
4302.0 322.0
3086.0 3483.0
2014.0 6794.0
6249.0 9540.0
1289.0 2299.0
9925.0 9339.0
327.0 3646.0
6385.0 5858.0
4179.0 3442.0
3826.0 6545.0
4355.0 2625.0
256.0 2787.0
2365.0 8895.0
2410.0 2146.0
76.0 429.0
3873.0 4055.0
2193.0 6823.0
8912.0 2092.0
8767.0 1656.0
1216.0 8552.0
8041.0 3590.0
9071.0 9449.0
2501.0 5427.0
1129.0 601.0
3487.0 3040.0
9319.0 8002.0
2196.0 8575.0
8045.0 8100.0
7467.0 4873.0
1249.0 6182.0
3163.0 461.0
1451.0 3505.0
508.0 7124.0
7364.0 6353.0
3247.0 4365.0
9181.0 2670.0
5973.0 7754.0
3145.0 4453.0
8460.0 514.0
9488.0 6537.0
1369.0 323.0
373.0 4982.0
1179.0 5674.0
6889.0 677.0
4676.0 8778.0
6761.0 6355.0
5879.0 4370.0
6818.0 7681.0
723.0 6351.0
6870.0 1574.0
7391.0 6701.0
4062.0 7408.0
2602.0 3534.0
9315.0 9294.0
6733.0 7749.0
9981.0 77.0
3126.0 170.0
5260.0 213.0
9428.0 3592.0
3532.0 7218.0
1310.0 6654.0
3191.0 3815.0
1416.0 8934.0
1059.0 5472.0
8912.0 9220.0
5005.0 476.0
7463.0 1313.0
9887.0 8235.0
1999.0 4337.0
8358.0 3914.0
7135.0 6921.0
711.0 165.0
2560.0 7203.0
316.0 8993.0
3298.0 3037.0
3759.0 9540.0
5144.0 9349.0
7301.0 9871.0
8159.0 2038.0
3746.0 3456.0
3560.0 334.0
6317.0 3518.0
1856.0 2035.0
8638.0 889.0
2597.0 8542.0
2461.0 3563.0
8570.0 9090.0
7172.0 8595.0
9792.0 6097.0
7741.0 9506.0
5184.0 6055.0
188.0 4883.0
2226.0 2857.0
6162.0 6289.0
7491.0 2993.0
752.0 6220.0
3381.0 4516.0
115.0 9191.0
8927.0 4210.0
8044.0 1689.0
5014.0 9829.0
3046.0 9102.0
6849.0 6894.0
65.0 315.0
9077.0 1898.0
3425.0 3140.0
1346.0 6354.0
115.0 6223.0
4689.0 8609.0
4994.0 5615.0
1605.0 2835.0
2059.0 6659.0
5123.0 7111.0
8310.0 4348.0
4792.0 4982.0
9397.0 7854.0
9849.0 7464.0
8574.0 7336.0
2500.0 4860.0
3110.0 3755.0
6616.0 328.0
4743.0 4791.0
9714.0 9603.0
3287.0 2591.0
8565.0 3792.0
4956.0 1486.0
1313.0 4658.0
9574.0 6302.0
1386.0 4295.0
3210.0 4507.0
1142.0 3630.0
5371.0 7800.0
5514.0 6634.0
2359.0 1314.0
8583.0 9712.0
852.0 1121.0
8361.0 8097.0
8388.0 3175.0
7694.0 3757.0
9750.0 9380.0
1593.0 1673.0
970.0 8936.0
3872.0 3910.0
4943.0 5615.0
8435.0 3397.0
5331.0 4168.0
3059.0 1861.0
7829.0 1471.0
6035.0 8756.0
384.0 639.0
8497.0 697.0
6491.0 8718.0
7837.0 3225.0
8159.0 1150.0
9998.0 9364.0
7638.0 8653.0
1032.0 1895.0
9531.0 4718.0
781.0 8707.0
7360.0 4327.0
4004.0 3205.0
1224.0 7123.0
6831.0 4138.0
5633.0 637.0
8858.0 1779.0
9111.0 1787.0
3795.0 9888.0
9672.0 7265.0
3950.0 5346.0
2800.0 6019.0
6436.0 9876.0
1001.0 9467.0
1480.0 791.0
6520.0 7610.0
5603.0 153.0
1377.0 1720.0
5122.0 4278.0
1270.0 6768.0
7751.0 7983.0
2466.0 9216.0
2681.0 506.0
3291.0 8417.0
2004.0 2497.0
4308.0 2199.0
8794.0 6027.0
3797.0 9855.0
9748.0 1962.0
7601.0 8179.0
2680.0 1708.0
5015.0 8730.0
1774.0 2648.0
4732.0 6966.0
5914.0 9262.0
7508.0 6413.0
7946.0 4295.0
4633.0 3578.0
5250.0 6902.0
3781.0 1686.0
4421.0 7190.0
6403.0 3995.0
5479.0 9072.0
3187.0 9791.0
3397.0 5829.0
6740.0 8754.0
7334.0 5313.0
3105.0 1849.0
417.0 4202.0
6137.0 9417.0
5416.0 3203.0
1435.0 9611.0
4181.0 7658.0
8880.0 2866.0
1174.0 409.0
5357.0 554.0
3944.0 6392.0
1846.0 8470.0
5929.0 840.0
1380.0 8357.0
9402.0 5517.0
7068.0 3089.0
8921.0 9902.0
1700.0 3703.0
8149.0 6740.0
3109.0 8938.0
5392.0 3855.0
1830.0 442.0
5675.0 6657.0
208.0 9307.0
9749.0 8261.0
4519.0 2106.0
2874.0 6617.0
4230.0 7107.0
8700.0 564.0
4973.0 3778.0
6129.0 9231.0
4386.0 1314.0
9495.0 1722.0
2350.0 4301.0
4908.0 6433.0
9778.0 6208.0
8149.0 1995.0
2553.0 3851.0
1903.0 4185.0
9685.0 8512.0
2753.0 5791.0
7314.0 1863.0
726.0 8763.0
2669.0 7361.0
6794.0 644.0
4554.0 291.0
6125.0 9641.0
9477.0 2110.0
7514.0 5268.0
5047.0 7244.0
1745.0 3988.0
4699.0 3028.0
4331.0 1736.0
371.0 5946.0
426.0 7768.0
2248.0 9811.0
2273.0 6743.0
7137.0 4083.0
2049.0 8429.0
9613.0 2963.0
5462.0 6981.0
2514.0 8456.0
3914.0 4193.0
5896.0 3024.0
5647.0 3613.0
6048.0 34.0
8653.0 4975.0
8658.0 2648.0
758.0 841.0
2762.0 4319.0
4687.0 9863.0
4534.0 6545.0
8505.0 3589.0
2556.0 2087.0
4231.0 6229.0
8646.0 4253.0
33.0 9280.0
870.0 5470.0
3817.0 5437.0
7804.0 775.0
8580.0 8709.0
5680.0 4389.0
2373.0 135.0
2500.0 70.0
8217.0 1031.0
5732.0 8351.0
1839.0 8175.0
2677.0 6392.0
7584.0 7841.0
5113.0 8570.0
5318.0 8113.0
2315.0 8473.0
3712.0 1357.0
9071.0 5480.0
7761.0 1319.0
7767.0 1571.0
837.0 1703.0
6154.0 6558.0
4207.0 5694.0
4919.0 2358.0
9284.0 8303.0
1622.0 9528.0
541.0 5978.0
129.0 1667.0
9378.0 363.0
7144.0 5906.0
1820.0 5660.0
9930.0 90.0
5405.0 1463.0
1807.0 9892.0
3097.0 5509.0
4570.0 1423.0
4589.0 3251.0
9386.0 7618.0
7828.0 3674.0
299.0 8959.0
6139.0 3237.0
6925.0 1757.0
8785.0 2411.0
5464.0 9650.0
5311.0 1678.0
9591.0 6463.0
6529.0 6410.0
5384.0 1109.0
7512.0 2588.0
6827.0 7684.0
407.0 7705.0
1037.0 6449.0
7463.0 3829.0
4796.0 3808.0
7099.0 2202.0
6497.0 2007.0
8373.0 1311.0
100.0 1673.0
1696.0 2813.0
201.0 2885.0
6168.0 2288.0
9808.0 2927.0
6330.0 4165.0
4965.0 1374.0
3764.0 2779.0
2752.0 5729.0
1318.0 3951.0
1835.0 3199.0
362.0 4043.0
7127.0 6828.0
3880.0 5836.0
2680.0 6642.0
797.0 3213.0
9383.0 8954.0
9358.0 9011.0
6611.0 9498.0
9921.0 2987.0
9382.0 8588.0
13.0 9307.0
5163.0 8897.0
7018.0 5443.0
6879.0 9094.0
6320.0 6945.0
1287.0 8958.0
5273.0 4946.0
4261.0 4158.0
5841.0 5860.0
7117.0 1324.0
1269.0 5158.0
592.0 6632.0
4614.0 9648.0
5529.0 3513.0
9525.0 5166.0
1941.0 7687.0
6080.0 9102.0
488.0 157.0
7075.0 9677.0
3009.0 1349.0
2565.0 6351.0
1197.0 2061.0
3079.0 8344.0
5024.0 9358.0
4280.0 604.0
5012.0 8132.0
8491.0 9193.0
4950.0 1405.0
887.0 496.0
4168.0 5153.0
745.0 1127.0
966.0 5701.0
575.0 8028.0
1282.0 421.0
8492.0 558.0
9240.0 4902.0
1694.0 9120.0
8642.0 2205.0
1373.0 7123.0
7005.0 2405.0
1926.0 5764.0
6297.0 3093.0
9828.0 3517.0
6895.0 3959.0
9984.0 4755.0
3934.0 1169.0
9956.0 4407.0
7604.0 9662.0
4869.0 8069.0
1527.0 4051.0
8398.0 9477.0
5799.0 1289.0
7642.0 9793.0
3799.0 763.0
2268.0 5542.0
4367.0 9977.0
