1
1024 1 3.0 0.0 1000.0 3 160 240 100

6.5 13.5 29.3 58.5
13.0 27.0 58.5 117.0
19.5 40.5 87.8 175.5
26.0 54.0 117.0 234.0
39.0 81.0 175.5 351.0
52.0 108.0 234.0 468.0
58.5 121.5 263.3 526.5
65.0 135.0 292.5 585.0
78.0 162.0 351.0 702.0
0.0 180.0 390.0 780.0

2.0 5.0 8.0 11.0
5.0 8.0 11.0 14.0
9.0 12.0 15.0 18.0
11.0 14.0 17.0 20.0
15.0 18.0 21.0 24.0
18.0 21.0 24.0 27.0
20.0 23.0 26.0 29.0
25.0 28.0 31.0 34.0
29.0 32.0 35.0 38.0
0.0 34.0 37.0 40.0

3946.0 5082.0
9097.0 5963.0
4572.0 5535.0
9687.0 5195.0
5975.0 7331.0
6033.0 5686.0
9681.0 9833.0
5751.0 7700.0
4897.0 4434.0
8627.0 5490.0
2457.0 6766.0
6548.0 4853.0
5492.0 6016.0
9998.0 3418.0
7165.0 8234.0
2745.0 1847.0
8337.0 3083.0
8820.0 6595.0
496.0 5910.0
8369.0 7411.0
1823.0 9583.0
1510.0 5224.0
6728.0 2981.0
1764.0 8603.0
1717.0 5574.0
3196.0 9429.0
2936.0 9987.0
7834.0 961.0
3254.0 6984.0
2489.0 3954.0
9225.0 9762.0
6575.0 8996.0
780.0 6987.0
5025.0 5715.0
9018.0 6480.0
2902.0 2046.0
9922.0 3964.0
819.0 9194.0
4375.0 3795.0
2755.0 476.0
7307.0 1078.0
383.0 4698.0
1349.0 7093.0
498.0 7233.0
2813.0 2445.0
4655.0 4461.0
386.0 4837.0
2616.0 9745.0
9361.0 907.0
3706.0 1595.0
6765.0 4015.0
2686.0 7185.0
5250.0 2411.0
9233.0 6903.0
6071.0 4695.0
2645.0 8073.0
4027.0 1980.0
5852.0 8535.0
9709.0 8674.0
5353.0 3236.0
6895.0 6296.0
6171.0 9496.0
5463.0 7235.0
3430.0 9121.0
2663.0 7877.0
4654.0 8013.0
8089.0 3001.0
9395.0 6457.0
235.0 5863.0
5279.0 5741.0
4944.0 892.0
2090.0 9268.0
8638.0 8392.0
7976.0 8834.0
1659.0 3186.0
4392.0 9236.0
9584.0 1593.0
8866.0 6859.0
2853.0 3678.0
7213.0 426.0
7580.0 165.0
9273.0 4563.0
2879.0 5942.0
4794.0 9345.0
2571.0 4569.0
8545.0 1492.0
1615.0 695.0
6282.0 5369.0
120.0 9816.0
5645.0 4466.0
289.0 7263.0
8602.0 6513.0
4136.0 859.0
4543.0 7897.0
2351.0 4144.0
5611.0 5552.0
7133.0 9583.0
8393.0 6966.0
4375.0 3681.0
8549.0 1499.0
3027.0 8403.0
7501.0 8646.0
2005.0 5831.0
2772.0 1431.0
7484.0 5456.0
6079.0 5583.0
5941.0 6032.0
5781.0 7666.0
790.0 6398.0
2788.0 7821.0
2960.0 2182.0
1530.0 5292.0
8274.0 7807.0
78.0 7386.0
6978.0 5709.0
6039.0 5050.0
3264.0 7179.0
7304.0 713.0
5154.0 1749.0
9274.0 6566.0
7582.0 4532.0
2641.0 3937.0
4030.0 3425.0
8342.0 6935.0
4578.0 608.0
8785.0 6018.0
706.0 5223.0
6949.0 9656.0
9708.0 6680.0
7444.0 4739.0
4066.0 475.0
6167.0 8922.0
3642.0 956.0
7615.0 535.0
1029.0 7940.0
1484.0 4256.0
2921.0 6591.0
2651.0 3187.0
2850.0 2490.0
1133.0 505.0
3143.0 6292.0
1125.0 6362.0
6452.0 4894.0
730.0 8178.0
9699.0 8531.0
6468.0 5008.0
5805.0 5703.0
9179.0 9142.0
1037.0 360.0
408.0 596.0
8337.0 8244.0
886.0 2668.0
9476.0 1822.0
5198.0 9216.0
1389.0 5704.0
9248.0 6826.0
4547.0 6971.0
9621.0 7527.0
3704.0 7327.0
6435.0 233.0
3885.0 6485.0
3800.0 1554.0
6959.0 8703.0
4468.0 9157.0
6652.0 6887.0
7789.0 3339.0
2340.0 1165.0
2572.0 4963.0
4502.0 1366.0
8948.0 443.0
7144.0 5287.0
5834.0 6919.0
5085.0 7199.0
3118.0 3302.0
6429.0 3477.0
138.0 5349.0
3090.0 4776.0
4580.0 5429.0
4708.0 6682.0
8391.0 144.0
3826.0 3223.0
9799.0 1475.0
2665.0 185.0
3049.0 9611.0
4345.0 7627.0
9963.0 8132.0
3927.0 3511.0
9913.0 4692.0
7098.0 2872.0
7311.0 2899.0
6869.0 9429.0
8231.0 3517.0
1137.0 9061.0
245.0 5689.0
6453.0 7057.0
2084.0 1320.0
5855.0 3553.0
2234.0 8296.0
1116.0 4073.0
8052.0 704.0
2258.0 4591.0
9511.0 6707.0
9686.0 3018.0
4184.0 7254.0
6785.0 1541.0
2551.0 1269.0
3347.0 6715.0
5247.0 5504.0
2661.0 6729.0
6344.0 9706.0
7637.0 7771.0
9267.0 260.0
3796.0 3874.0
4456.0 7991.0
9490.0 7198.0
359.0 8265.0
6210.0 8130.0
1877.0 4066.0
4308.0 7127.0
2845.0 5222.0
2015.0 2728.0
1661.0 9413.0
8083.0 2622.0
1663.0 3169.0
919.0 7216.0
352.0 3479.0
9551.0 7598.0
4065.0 3206.0
4282.0 2308.0
7202.0 5953.0
7387.0 9846.0
7602.0 8563.0
6701.0 6321.0
2176.0 1891.0
7442.0 150.0
9398.0 3038.0
141.0 8232.0
7747.0 4697.0
5010.0 508.0
1717.0 9772.0
5606.0 2318.0
9480.0 1951.0
7148.0 6465.0
8814.0 5378.0
7338.0 9413.0
402.0 9095.0
23.0 8527.0
80.0 4427.0
4571.0 9757.0
4169.0 5960.0
6301.0 7701.0
4468.0 9283.0
5811.0 2448.0
2014.0 1159.0
7580.0 116.0
1222.0 286.0
662.0 6501.0
8488.0 9316.0
6858.0 5755.0
1878.0 1291.0
4189.0 8499.0
986.0 6161.0
6040.0 6290.0
8569.0 5556.0
8818.0 1857.0
8070.0 6463.0
3481.0 7015.0
3610.0 6983.0
8781.0 2678.0
1573.0 9827.0
6581.0 7880.0
5373.0 1713.0
2094.0 7216.0
7498.0 9336.0
4398.0 8628.0
5457.0 5064.0
5075.0 5935.0
700.0 8040.0
5323.0 3036.0
2140.0 8830.0
4406.0 9181.0
8361.0 8310.0
4775.0 7253.0
5123.0 3928.0
1728.0 9440.0
7258.0 9030.0
7947.0 7243.0
6566.0 3394.0
5777.0 5210.0
9809.0 5648.0
2585.0 327.0
3404.0 735.0
7062.0 1468.0
3918.0 8078.0
6811.0 5828.0
5965.0 8629.0
78.0 1742.0
1608.0 1447.0
6978.0 9819.0
7867.0 2980.0
8060.0 6784.0
1435.0 4708.0
572.0 8969.0
2205.0 7321.0
5275.0 4840.0
9702.0 2085.0
9149.0 8493.0
9035.0 2569.0
1856.0 8528.0
5454.0 2389.0
6306.0 9206.0
9135.0 7137.0
6171.0 3318.0
4266.0 1169.0
5706.0 8670.0
9067.0 2389.0
9733.0 2602.0
5818.0 727.0
4124.0 1452.0
2519.0 8451.0
9651.0 4383.0
262.0 2980.0
4544.0 3481.0
2941.0 5378.0
3615.0 4549.0
8375.0 169.0
4292.0 5500.0
2468.0 4662.0
2426.0 1764.0
499.0 8426.0
3208.0 632.0
2134.0 6102.0
5061.0 8944.0
9280.0 9193.0
6853.0 1034.0
8371.0 5019.0
1278.0 6351.0
1184.0 3484.0
9765.0 8664.0
803.0 4825.0
6760.0 1275.0
1810.0 4009.0
3741.0 5140.0
6326.0 9943.0
5802.0 9327.0
9987.0 146.0
6173.0 5709.0
4471.0 4079.0
6527.0 2328.0
5664.0 759.0
3407.0 2313.0
9072.0 8848.0
3653.0 7803.0
6588.0 9874.0
4153.0 754.0
1203.0 7742.0
3791.0 5073.0
8770.0 207.0
7930.0 6969.0
8422.0 465.0
8287.0 2954.0
5741.0 9538.0
3551.0 7398.0
5291.0 2604.0
8597.0 4051.0
1597.0 4943.0
2643.0 8456.0
193.0 5663.0
9208.0 655.0
2829.0 9871.0
3214.0 111.0
3435.0 2443.0
3095.0 7251.0
3954.0 9077.0
8250.0 8558.0
1639.0 2773.0
4712.0 4612.0
1918.0 6409.0
4357.0 2998.0
3424.0 4596.0
5534.0 505.0
4303.0 438.0
5443.0 1513.0
1380.0 5406.0
7127.0 1998.0
6314.0 2947.0
6431.0 1054.0
5320.0 9032.0
6761.0 4364.0
1562.0 5269.0
2022.0 6516.0
1837.0 2780.0
563.0 1590.0
1626.0 7477.0
5491.0 3926.0
5135.0 9923.0
9209.0 3487.0
9414.0 5426.0
2519.0 2730.0
4161.0 2542.0
1152.0 4402.0
1312.0 643.0
5070.0 2175.0
1017.0 9719.0
8394.0 8528.0
3112.0 8074.0
308.0 6801.0
5668.0 6085.0
9793.0 6821.0
4744.0 6681.0
9544.0 6030.0
1931.0 5716.0
6911.0 515.0
8785.0 7887.0
2233.0 2860.0
9765.0 6378.0
7399.0 6239.0
7763.0 6875.0
2.0 6654.0
8838.0 9132.0
925.0 7738.0
5248.0 1741.0
5722.0 5038.0
8388.0 8281.0
2636.0 9190.0
5732.0 5496.0
2615.0 9898.0
8378.0 6677.0
9165.0 5134.0
8303.0 5916.0
8407.0 2475.0
6930.0 1373.0
2172.0 1986.0
9098.0 8253.0
9507.0 2566.0
9055.0 4628.0
4423.0 6171.0
7553.0 5788.0
244.0 6827.0
1671.0 5270.0
3417.0 3847.0
1443.0 3242.0
2122.0 1172.0
9912.0 5398.0
7541.0 7234.0
5702.0 8032.0
8133.0 2280.0
9716.0 7450.0
9771.0 2543.0
45.0 4389.0
7094.0 3199.0
1718.0 6609.0
3911.0 4508.0
366.0 5315.0
3034.0 8056.0
1419.0 3574.0
8366.0 2520.0
8934.0 7401.0
4614.0 862.0
649.0 2667.0
2465.0 3362.0
8375.0 3494.0
9589.0 3425.0
5320.0 308.0
310.0 5544.0
4445.0 8211.0
9305.0 7363.0
4467.0 8830.0
7174.0 239.0
2587.0 1315.0
8241.0 5215.0
5575.0 648.0
3432.0 3827.0
3281.0 3927.0
3584.0 5656.0
1202.0 7784.0
1036.0 7033.0
1186.0 2608.0
9850.0 7818.0
1886.0 1738.0
7525.0 5669.0
3064.0 6277.0
3537.0 9703.0
339.0 8713.0
2575.0 7980.0
9496.0 988.0
2818.0 5707.0
1937.0 5194.0
2092.0 3588.0
5393.0 7558.0
7282.0 8236.0
6492.0 8873.0
4834.0 9041.0
4283.0 7047.0
2701.0 8436.0
6319.0 9930.0
6588.0 4958.0
1402.0 9084.0
5846.0 1014.0
5589.0 7662.0
6868.0 9785.0
563.0 8055.0
4335.0 8161.0
5969.0 7472.0
3166.0 5140.0
9818.0 2131.0
6526.0 7586.0
3556.0 3195.0
7737.0 7775.0
910.0 156.0
6448.0 9640.0
2096.0 9790.0
1920.0 3122.0
7512.0 1384.0
8765.0 8549.0
7495.0 1374.0
3004.0 5455.0
7260.0 3066.0
8787.0 2747.0
8616.0 9612.0
8630.0 9647.0
2563.0 889.0
2517.0 9308.0
9367.0 7460.0
3728.0 9530.0
5219.0 7269.0
1732.0 7483.0
7080.0 3251.0
5004.0 7855.0
9808.0 2495.0
9115.0 6336.0
2174.0 147.0
7954.0 2855.0
873.0 3717.0
8415.0 1483.0
4112.0 5927.0
1425.0 6412.0
8902.0 6802.0
4647.0 5933.0
8641.0 8137.0
4713.0 8819.0
87.0 6023.0
9341.0 28.0
1332.0 9586.0
2195.0 5149.0
4876.0 6612.0
5817.0 5488.0
2395.0 9203.0
511.0 8226.0
318.0 5160.0
9508.0 8553.0
7796.0 3227.0
3275.0 3193.0
1190.0 2871.0
8319.0 7235.0
1652.0 1771.0
8329.0 8686.0
4920.0 6662.0
8023.0 7658.0
4922.0 5719.0
2535.0 9605.0
5292.0 3122.0
7704.0 4516.0
5390.0 8988.0
9111.0 6493.0
9949.0 317.0
225.0 617.0
3925.0 1129.0
2495.0 6512.0
6674.0 2447.0
2750.0 540.0
2042.0 5293.0
5761.0 1017.0
3472.0 2362.0
2299.0 3387.0
5746.0 6539.0
5566.0 4744.0
7430.0 6917.0
1334.0 9641.0
667.0 5494.0
9638.0 1583.0
7374.0 189.0
8400.0 7121.0
3484.0 2371.0
1803.0 1968.0
5309.0 9540.0
8793.0 1042.0
4637.0 6334.0
9550.0 6857.0
1659.0 9533.0
271.0 3174.0
7331.0 5211.0
9139.0 3322.0
9277.0 8704.0
8804.0 5109.0
7821.0 567.0
3245.0 6734.0
1264.0 4175.0
9361.0 616.0
1999.0 3125.0
6137.0 4552.0
7567.0 9130.0
6742.0 2115.0
3259.0 3533.0
1408.0 6717.0
5363.0 8136.0
1443.0 6237.0
6655.0 3490.0
7230.0 7642.0
8242.0 5316.0
5560.0 3499.0
4350.0 2223.0
4157.0 4808.0
9171.0 377.0
3737.0 7064.0
7351.0 3308.0
465.0 8956.0
2249.0 7485.0
4149.0 5624.0
8533.0 6856.0
31.0 888.0
8253.0 1995.0
4525.0 5363.0
1956.0 2034.0
7750.0 9865.0
8974.0 32.0
8212.0 6039.0
3466.0 4953.0
7491.0 8606.0
5333.0 5920.0
5273.0 6155.0
7588.0 6896.0
7595.0 9889.0
4301.0 2470.0
3633.0 2238.0
5709.0 7904.0
8909.0 9758.0
9595.0 9111.0
5250.0 7221.0
545.0 715.0
359.0 2325.0
1169.0 2880.0
2344.0 2920.0
1905.0 46.0
7065.0 1178.0
8494.0 7257.0
8645.0 1616.0
8736.0 2233.0
5992.0 2387.0
2625.0 3857.0
696.0 1745.0
2464.0 228.0
4141.0 4117.0
2061.0 1970.0
4187.0 2676.0
6616.0 8931.0
4280.0 7838.0
7387.0 956.0
328.0 3601.0
7742.0 5892.0
3213.0 6134.0
9711.0 487.0
7266.0 1527.0
2614.0 2351.0
7588.0 2125.0
7891.0 3643.0
1535.0 3359.0
6724.0 9638.0
2246.0 5476.0
9547.0 7861.0
4550.0 7099.0
9065.0 5921.0
6107.0 17.0
860.0 8736.0
9138.0 7132.0
8204.0 8301.0
592.0 7963.0
169.0 1665.0
1105.0 8630.0
4643.0 5274.0
5594.0 5734.0
349.0 6358.0
852.0 6039.0
4470.0 4521.0
7978.0 6376.0
4981.0 9185.0
14.0 682.0
9294.0 1073.0
7622.0 3586.0
3310.0 8383.0
8157.0 2458.0
7481.0 814.0
6003.0 2337.0
8994.0 7117.0
4496.0 644.0
1663.0 4334.0
2315.0 1106.0
7642.0 9382.0
9667.0 8795.0
7553.0 6147.0
2133.0 700.0
8138.0 3767.0
2526.0 8749.0
9031.0 4244.0
3604.0 4687.0
2755.0 68.0
6997.0 8735.0
4538.0 5011.0
6194.0 6430.0
1063.0 3748.0
3952.0 577.0
9742.0 8487.0
6960.0 7714.0
2620.0 3251.0
3133.0 1007.0
1507.0 8988.0
9367.0 3990.0
3452.0 5173.0
116.0 2070.0
8139.0 6065.0
9645.0 1200.0
1328.0 2276.0
3305.0 5642.0
930.0 829.0
5681.0 9226.0
4820.0 9358.0
5974.0 7038.0
1990.0 2620.0
3454.0 6921.0
1149.0 1976.0
8348.0 2732.0
3360.0 1024.0
6008.0 3753.0
7828.0 3017.0
4713.0 7171.0
2426.0 8256.0
9960.0 3049.0
3085.0 2119.0
580.0 3693.0
8613.0 6874.0
4555.0 1836.0
84.0 2956.0
4871.0 4549.0
6370.0 7864.0
8255.0 2290.0
9928.0 3353.0
2164.0 5021.0
9449.0 4063.0
7864.0 9780.0
8455.0 3276.0
9956.0 6649.0
1465.0 3941.0
5199.0 2517.0
1819.0 5654.0
5982.0 4553.0
7755.0 731.0
6297.0 7808.0
5867.0 5066.0
565.0 3859.0
3513.0 1913.0
8161.0 9903.0
4299.0 9273.0
9003.0 227.0
3227.0 4046.0
8040.0 4452.0
618.0 8603.0
9003.0 9483.0
6399.0 7957.0
262.0 4559.0
8871.0 8187.0
8149.0 1343.0
4551.0 9277.0
5590.0 3437.0
8181.0 8047.0
6405.0 2255.0
4528.0 9327.0
8125.0 8667.0
6057.0 6039.0
8669.0 2322.0
3083.0 1364.0
4751.0 3060.0
5511.0 8640.0
2351.0 1346.0
7755.0 7169.0
2111.0 7115.0
948.0 4593.0
5004.0 8962.0
9034.0 8994.0
6129.0 8083.0
7854.0 6401.0
6985.0 3876.0
8817.0 1852.0
9069.0 631.0
1268.0 4675.0
4159.0 7205.0
149.0 1169.0
9128.0 4110.0
8050.0 327.0
5639.0 4921.0
3262.0 781.0
7578.0 1419.0
7928.0 9625.0
1571.0 4391.0
2890.0 6282.0
8439.0 4478.0
8342.0 7087.0
5948.0 24.0
1885.0 8728.0
5693.0 1295.0
8079.0 1240.0
9477.0 3019.0
6115.0 3688.0
3039.0 9640.0
4684.0 8220.0
7471.0 208.0
5656.0 649.0
1186.0 2318.0
676.0 8226.0
7787.0 7009.0
7265.0 7773.0
7683.0 9045.0
3542.0 9832.0
3807.0 9479.0
3154.0 7006.0
4291.0 9926.0
4527.0 7141.0
7447.0 460.0
1040.0 4532.0
6896.0 5531.0
1208.0 4796.0
7218.0 4841.0
497.0 1592.0
2952.0 8575.0
8857.0 5844.0
6314.0 8909.0
584.0 638.0
1474.0 2203.0
5601.0 7446.0
5748.0 8806.0
3775.0 1854.0
562.0 9868.0
6358.0 9444.0
7523.0 3091.0
1165.0 5014.0
7470.0 1821.0
576.0 775.0
2840.0 4399.0
3980.0 1709.0
6208.0 3193.0
8750.0 8743.0
353.0 5203.0
6359.0 2907.0
7692.0 8684.0
2732.0 6133.0
9454.0 2675.0
4440.0 6875.0
7420.0 8855.0
4835.0 1188.0
3602.0 7655.0
6728.0 2456.0
5700.0 3015.0
715.0 5424.0
8691.0 2719.0
749.0 2687.0
5408.0 3716.0
1055.0 4314.0
1453.0 4341.0
1004.0 3773.0
2293.0 7846.0
7027.0 5804.0
2907.0 4167.0
3198.0 4419.0
2812.0 9324.0
4550.0 1695.0
1841.0 4387.0
9770.0 505.0
4510.0 8401.0
2334.0 6874.0
3336.0 2206.0
1707.0 113.0
3942.0 2552.0
8712.0 1390.0
7327.0 8420.0
1644.0 3913.0
7121.0 3982.0
2267.0 386.0
2206.0 5091.0
3260.0 5893.0
7525.0 8728.0
1242.0 6888.0
8462.0 7324.0
1957.0 9443.0
6621.0 2357.0
6737.0 2432.0
7361.0 4149.0
1831.0 3793.0
1948.0 7276.0
4708.0 558.0
9662.0 3499.0
3935.0 5796.0
7724.0 6638.0
1735.0 8143.0
9379.0 6294.0
820.0 2074.0
3002.0 9846.0
9601.0 9595.0
7572.0 4623.0
2383.0 6503.0
2359.0 4670.0
3641.0 8891.0
1189.0 9032.0
7983.0 8055.0
4127.0 951.0
9893.0 4469.0
1936.0 9909.0
9866.0 3995.0
1162.0 917.0
6030.0 1979.0
194.0 7974.0
2863.0 3424.0
9154.0 1099.0
1089.0 9870.0
8969.0 8868.0
5388.0 6177.0
7472.0 844.0
8981.0 2845.0
2887.0 6845.0
6722.0 2069.0
7552.0 2433.0
791.0 8156.0
7223.0 2566.0
5579.0 5500.0
3823.0 7802.0
878.0 9756.0
1973.0 9993.0
4975.0 398.0
2170.0 6860.0
1748.0 5301.0
5959.0 7385.0
8371.0 532.0
941.0 2414.0
2726.0 1004.0
5984.0 7399.0
2118.0 159.0
9483.0 6690.0
7415.0 9341.0
6013.0 1285.0
9182.0 32.0
9234.0 4460.0
4946.0 4606.0
1403.0 2189.0
9163.0 3763.0
2334.0 7767.0
11.0 1322.0
3167.0 2557.0
9599.0 9522.0
2792.0 7259.0
6692.0 499.0
7280.0 638.0
3565.0 2109.0
5179.0 5109.0
1074.0 8748.0
4019.0 1091.0
8556.0 357.0
5874.0 4557.0
7652.0 5241.0
2351.0 4688.0
1660.0 4903.0
1833.0 1037.0
4519.0 1528.0
4349.0 2130.0
6021.0 1299.0
1909.0 9912.0
2355.0 9202.0
4659.0 6951.0
3591.0 3482.0
5710.0 5813.0
2192.0 420.0
9993.0 2533.0
9171.0 2591.0
4986.0 8575.0
6980.0 6268.0
3673.0 8220.0
742.0 6137.0
2571.0 775.0
1930.0 7985.0
206.0 9532.0
1081.0 2527.0
3849.0 1877.0
8660.0 6034.0
4904.0 7482.0
5671.0 5933.0
5768.0 3971.0
8116.0 2027.0
3536.0 1994.0
1899.0 6522.0
8391.0 4116.0
7291.0 8502.0
7029.0 4425.0
4539.0 1031.0
3984.0 8291.0
4734.0 1546.0
6193.0 4181.0
2531.0 8692.0
8648.0 1938.0
9837.0 1279.0
1505.0 4448.0
2043.0 7514.0
1483.0 2109.0
929.0 5181.0
2914.0 2008.0
824.0 5917.0
6296.0 6222.0
7138.0 9274.0
4695.0 6171.0
8848.0 4707.0
849.0 2410.0
9061.0 2159.0
337.0 1802.0
243.0 4419.0
8641.0 6470.0
3213.0 6896.0
2477.0 1446.0
1516.0 2997.0

3950.0 5087.0
9102.0 5967.0
4578.0 5540.0
9692.0 5199.0
5980.0 7336.0
6038.0 5692.0
9686.0 9838.0
5755.0 7705.0
4901.0 4439.0
8632.0 5496.0
2462.0 6770.0
6553.0 4859.0
5498.0 6020.0
10003.0 3424.0
7171.0 8239.0
2751.0 1852.0
8341.0 3087.0
8825.0 6601.0
501.0 5914.0
8374.0 7415.0
1828.0 9587.0
1514.0 5229.0
6732.0 2986.0
1769.0 8608.0
1722.0 5579.0
3201.0 9433.0
2941.0 9992.0
7838.0 966.0
3260.0 6990.0
2493.0 3958.0
9229.0 9767.0
6579.0 9002.0
785.0 6993.0
5031.0 5719.0
9022.0 6485.0
2908.0 2050.0
9926.0 3969.0
825.0 9200.0
4379.0 3799.0
2761.0 480.0
7312.0 1083.0
387.0 4704.0
1353.0 7099.0
502.0 7239.0
2819.0 2450.0
4660.0 4466.0
391.0 4842.0
2621.0 9749.0
9365.0 912.0
3712.0 1600.0
6771.0 4020.0
2690.0 7190.0
5256.0 2416.0
9238.0 6908.0
6077.0 4700.0
2649.0 8077.0
4031.0 1986.0
5857.0 8540.0
9715.0 8678.0
5358.0 3242.0
6901.0 6300.0
6175.0 9502.0
5467.0 7241.0
3435.0 9126.0
2668.0 7881.0
4660.0 8017.0
8095.0 3006.0
9401.0 6462.0
240.0 5868.0
5284.0 5745.0
4948.0 897.0
2096.0 9274.0
8643.0 8397.0
7981.0 8839.0
1664.0 3192.0
4398.0 9240.0
9590.0 1598.0
8870.0 6863.0
2858.0 3682.0
7218.0 430.0
7585.0 171.0
9277.0 4568.0
2883.0 5948.0
4798.0 9349.0
2576.0 4574.0
8549.0 1498.0
1620.0 700.0
6287.0 5375.0
126.0 9821.0
5650.0 4471.0
295.0 7267.0
8607.0 6518.0
4140.0 865.0
4548.0 7901.0
2355.0 4149.0
5615.0 5557.0
7137.0 9589.0
8398.0 6971.0
4380.0 3686.0
8554.0 1504.0
3032.0 8408.0
7506.0 8650.0
2010.0 5836.0
2776.0 1436.0
7489.0 5461.0
6084.0 5588.0
5946.0 6036.0
5785.0 7670.0
796.0 6404.0
2794.0 7825.0
2965.0 2188.0
1536.0 5297.0
8278.0 7811.0
83.0 7390.0
6983.0 5715.0
6044.0 5056.0
3268.0 7185.0
7309.0 719.0
5159.0 1754.0
9279.0 6572.0
7588.0 4537.0
2647.0 3943.0
4035.0 3431.0
8347.0 6940.0
4583.0 614.0
8789.0 6023.0
711.0 5229.0
6955.0 9660.0
9713.0 6685.0
7449.0 4744.0
4071.0 479.0
6172.0 8928.0
3646.0 961.0
7620.0 541.0
1033.0 7946.0
1490.0 4262.0
2926.0 6596.0
2656.0 3192.0
2854.0 2495.0
1138.0 510.0
3148.0 6297.0
1130.0 6368.0
6457.0 4899.0
735.0 8184.0
9705.0 8535.0
6473.0 5012.0
5810.0 5707.0
9185.0 9146.0
1042.0 366.0
413.0 601.0
8342.0 8250.0
892.0 2672.0
9481.0 1826.0
5203.0 9222.0
1394.0 5709.0
9252.0 6831.0
4551.0 6976.0
9627.0 7532.0
3710.0 7331.0
6440.0 238.0
3890.0 6491.0
3804.0 1559.0
6965.0 8708.0
4473.0 9161.0
6657.0 6892.0
7794.0 3344.0
2345.0 1170.0
2577.0 4967.0
4508.0 1370.0
8952.0 447.0
7148.0 5293.0
5838.0 6924.0
5090.0 7203.0
3123.0 3307.0
6433.0 3481.0
143.0 5354.0
3095.0 4781.0
4585.0 5435.0
4713.0 6686.0
8395.0 150.0
3831.0 3228.0
9804.0 1481.0
2670.0 190.0
3054.0 9616.0
4349.0 7633.0
9969.0 8137.0
3932.0 3516.0
9918.0 4696.0
7103.0 2877.0
7316.0 2904.0
6874.0 9434.0
8236.0 3522.0
1142.0 9066.0
251.0 5694.0
6459.0 7063.0
2089.0 1326.0
5860.0 3558.0
2239.0 8301.0
1122.0 4078.0
8057.0 708.0
2264.0 4596.0
9517.0 6713.0
9690.0 3022.0
4189.0 7259.0
6789.0 1546.0
2555.0 1274.0
3353.0 6720.0
5253.0 5509.0
2667.0 6734.0
6349.0 9712.0
7642.0 7777.0
9272.0 264.0
3801.0 3879.0
4461.0 7996.0
9496.0 7204.0
364.0 8270.0
6214.0 8135.0
1882.0 4071.0
4312.0 7131.0
2851.0 5227.0
2020.0 2733.0
1666.0 9418.0
8087.0 2627.0
1668.0 3175.0
923.0 7221.0
358.0 3484.0
9556.0 7604.0
4071.0 3211.0
4287.0 2313.0
7208.0 5957.0
7392.0 9850.0
7607.0 8567.0
6705.0 6326.0
2182.0 1896.0
7446.0 155.0
9404.0 3042.0
147.0 8236.0
7751.0 4702.0
5015.0 513.0
1722.0 9778.0
5611.0 2323.0
9484.0 1956.0
7154.0 6470.0
8820.0 5383.0
7342.0 9417.0
407.0 9101.0
28.0 8532.0
85.0 4432.0
4576.0 9761.0
4174.0 5965.0
6306.0 7707.0
4473.0 9287.0
5815.0 2453.0
2018.0 1164.0
7584.0 120.0
1227.0 291.0
666.0 6505.0
8494.0 9320.0
6864.0 5761.0
1884.0 1295.0
4194.0 8505.0
990.0 6167.0
6045.0 6295.0
8574.0 5562.0
8823.0 1861.0
8075.0 6469.0
3486.0 7020.0
3616.0 6987.0
8785.0 2682.0
1578.0 9831.0
6586.0 7884.0
5378.0 1718.0
2098.0 7221.0
7502.0 9341.0
4402.0 8634.0
5462.0 5068.0
5079.0 5940.0
706.0 8044.0
5328.0 3041.0
2145.0 8836.0
4411.0 9186.0
8366.0 8315.0
4780.0 7259.0
5127.0 3934.0
1733.0 9444.0
7264.0 9035.0
7953.0 7248.0
6570.0 3398.0
5782.0 5216.0
9815.0 5652.0
2590.0 331.0
3409.0 740.0
7067.0 1474.0
3924.0 8083.0
6816.0 5834.0
5970.0 8634.0
82.0 1746.0
1613.0 1452.0
6982.0 9824.0
7873.0 2985.0
8066.0 6790.0
1440.0 4714.0
577.0 8974.0
2211.0 7326.0
5280.0 4845.0
9707.0 2089.0
9154.0 8498.0
9041.0 2573.0
1860.0 8533.0
5458.0 2394.0
6310.0 9211.0
9141.0 7141.0
6176.0 3323.0
4271.0 1175.0
5710.0 8674.0
9072.0 2393.0
9738.0 2608.0
5823.0 732.0
4130.0 1458.0
2524.0 8455.0
9657.0 4387.0
268.0 2985.0
4549.0 3487.0
2947.0 5383.0
3619.0 4555.0
8380.0 175.0
4297.0 5505.0
2472.0 4668.0
2432.0 1769.0
504.0 8431.0
3213.0 637.0
2140.0 6106.0
5066.0 8949.0
9285.0 9198.0
6859.0 1039.0
8376.0 5024.0
1283.0 6355.0
1188.0 3489.0
9770.0 8668.0
808.0 4830.0
6766.0 1279.0
1815.0 4013.0
3746.0 5145.0
6331.0 9947.0
5807.0 9332.0
9992.0 151.0
6178.0 5714.0
4477.0 4084.0
6532.0 2332.0
5668.0 764.0
3411.0 2319.0
9077.0 8853.0
3658.0 7807.0
6593.0 9878.0
4158.0 759.0
1208.0 7747.0
3795.0 5078.0
8775.0 212.0
7936.0 6974.0
8427.0 469.0
8292.0 2960.0
5745.0 9543.0
3557.0 7404.0
5297.0 2609.0
8603.0 4057.0
1602.0 4948.0
2648.0 8462.0
198.0 5668.0
9213.0 661.0
2834.0 9876.0
3219.0 116.0
3440.0 2447.0
3099.0 7256.0
3959.0 9083.0
8254.0 8563.0
1643.0 2778.0
4716.0 4617.0
1924.0 6413.0
4361.0 3003.0
3429.0 4602.0
5540.0 510.0
4307.0 443.0
5448.0 1518.0
1385.0 5410.0
7131.0 2003.0
6320.0 2952.0
6437.0 1060.0
5326.0 9037.0
6766.0 4369.0
1568.0 5273.0
2026.0 6520.0
1843.0 2785.0
567.0 1595.0
1630.0 7483.0
5496.0 3932.0
5141.0 9928.0
9214.0 3491.0
9419.0 5431.0
2525.0 2735.0
4166.0 2548.0
1158.0 4407.0
1317.0 648.0
5074.0 2180.0
1022.0 9724.0
8400.0 8532.0
3117.0 8079.0
313.0 6806.0
5674.0 6090.0
9799.0 6826.0
4749.0 6687.0
9549.0 6036.0
1936.0 5721.0
6916.0 520.0
8790.0 7892.0
2237.0 2865.0
9770.0 6384.0
7404.0 6244.0
7768.0 6879.0
7.0 6659.0
8843.0 9137.0
930.0 7744.0
5254.0 1746.0
5726.0 5043.0
8394.0 8286.0
2641.0 9194.0
5736.0 5500.0
2620.0 9903.0
8383.0 6682.0
9170.0 5140.0
8308.0 5921.0
8412.0 2479.0
6936.0 1377.0
2178.0 1991.0
9103.0 8258.0
9512.0 2570.0
9061.0 4633.0
4427.0 6176.0
7558.0 5793.0
249.0 6833.0
1677.0 5275.0
3422.0 3852.0
1448.0 3247.0
2126.0 1176.0
9916.0 5404.0
7545.0 7240.0
5708.0 8037.0
8138.0 2285.0
9721.0 7455.0
9777.0 2548.0
49.0 4393.0
7099.0 3204.0
1723.0 6615.0
3917.0 4513.0
371.0 5319.0
3038.0 8061.0
1424.0 3578.0
8371.0 2526.0
8940.0 7406.0
4619.0 867.0
654.0 2672.0
2470.0 3366.0
8380.0 3499.0
9595.0 3430.0
5326.0 313.0
314.0 5549.0
4450.0 8216.0
9310.0 7368.0
4471.0 8834.0
7179.0 243.0
2593.0 1320.0
8246.0 5220.0
5581.0 652.0
3436.0 3833.0
3287.0 3931.0
3589.0 5661.0
1207.0 7789.0
1041.0 7039.0
1191.0 2613.0
9855.0 7823.0
1890.0 1743.0
7530.0 5675.0
3070.0 6282.0
3541.0 9709.0
344.0 8719.0
2579.0 7984.0
9501.0 994.0
2824.0 5713.0
1941.0 5199.0
2096.0 3593.0
5398.0 7564.0
7287.0 8242.0
6497.0 8877.0
4840.0 9045.0
4287.0 7052.0
2707.0 8442.0
6324.0 9935.0
6592.0 4962.0
1407.0 9088.0
5852.0 1018.0
5593.0 7666.0
6873.0 9789.0
569.0 8060.0
4340.0 8167.0
5974.0 7477.0
3172.0 5145.0
9823.0 2137.0
6532.0 7592.0
3561.0 3200.0
7741.0 7779.0
916.0 160.0
6453.0 9645.0
2102.0 9794.0
1926.0 3127.0
7517.0 1389.0
8769.0 8554.0
7499.0 1378.0
3010.0 5459.0
7266.0 3072.0
8792.0 2753.0
8621.0 9617.0
8635.0 9652.0
2569.0 893.0
2522.0 9313.0
9372.0 7465.0
3733.0 9534.0
5225.0 7275.0
1736.0 7487.0
7085.0 3255.0
5009.0 7861.0
9812.0 2500.0
9121.0 6341.0
2178.0 152.0
7959.0 2859.0
878.0 3723.0
8420.0 1489.0
4117.0 5933.0
1429.0 6417.0
8907.0 6807.0
4652.0 5939.0
8646.0 8143.0
4718.0 8823.0
92.0 6029.0
9346.0 33.0
1337.0 9590.0
2201.0 5153.0
4882.0 6618.0
5822.0 5492.0
2401.0 9208.0
515.0 8231.0
323.0 5164.0
9513.0 8557.0
7801.0 3231.0
3281.0 3197.0
1195.0 2877.0
8324.0 7241.0
1658.0 1776.0
8335.0 8691.0
4926.0 6668.0
8028.0 7663.0
4928.0 5724.0
2539.0 9609.0
5297.0 3126.0
7710.0 4521.0
5395.0 8993.0
9115.0 6497.0
9955.0 323.0
230.0 622.0
3931.0 1134.0
2500.0 6517.0
6678.0 2453.0
2755.0 545.0
2047.0 5298.0
5767.0 1023.0
3476.0 2368.0
2304.0 3392.0
5751.0 6544.0
5571.0 4750.0
7436.0 6921.0
1340.0 9646.0
672.0 5498.0
9643.0 1589.0
7378.0 194.0
8405.0 7126.0
3489.0 2377.0
1807.0 1973.0
5314.0 9545.0
8798.0 1047.0
4642.0 6338.0
9555.0 6862.0
1664.0 9539.0
276.0 3180.0
7337.0 5217.0
9143.0 3327.0
9281.0 8709.0
8809.0 5114.0
7827.0 573.0
3250.0 6739.0
1270.0 4179.0
9365.0 621.0
2004.0 3131.0
6142.0 4558.0
7573.0 9134.0
6747.0 2119.0
3265.0 3538.0
1413.0 6722.0
5367.0 8141.0
1447.0 6242.0
6660.0 3494.0
7235.0 7648.0
8248.0 5322.0
5564.0 3504.0
4355.0 2227.0
4161.0 4812.0
9177.0 383.0
3742.0 7069.0
7356.0 3313.0
471.0 8962.0
2253.0 7489.0
4153.0 5628.0
8538.0 6861.0
35.0 893.0
8258.0 1999.0
4530.0 5368.0
1962.0 2039.0
7755.0 9871.0
8979.0 36.0
8217.0 6044.0
3471.0 4958.0
7496.0 8611.0
5339.0 5924.0
5278.0 6160.0
7594.0 6900.0
7601.0 9894.0
4306.0 2476.0
3638.0 2243.0
5714.0 7908.0
8914.0 9763.0
9599.0 9117.0
5256.0 7226.0
550.0 721.0
364.0 2331.0
1174.0 2885.0
2349.0 2924.0
1911.0 52.0
7071.0 1182.0
8499.0 7261.0
8650.0 1620.0
8740.0 2237.0
5997.0 2392.0
2631.0 3862.0
701.0 1750.0
2470.0 233.0
4145.0 4121.0
2066.0 1976.0
4192.0 2681.0
6621.0 8935.0
4286.0 7843.0
7393.0 962.0
333.0 3606.0
7746.0 5897.0
3217.0 6140.0
9716.0 493.0
7272.0 1532.0
2618.0 2355.0
7593.0 2129.0
7896.0 3648.0
1540.0 3364.0
6728.0 9643.0
2251.0 5481.0
9552.0 7867.0
4555.0 7104.0
9070.0 5926.0
6112.0 21.0
865.0 8742.0
9142.0 7138.0
8209.0 8306.0
597.0 7968.0
173.0 1670.0
1110.0 8634.0
4648.0 5279.0
5598.0 5740.0
353.0 6363.0
857.0 6045.0
4476.0 4526.0
7982.0 6381.0
4985.0 9190.0
20.0 687.0
9299.0 1077.0
7627.0 3591.0
3315.0 8387.0
8163.0 2463.0
7485.0 820.0
6008.0 2342.0
8999.0 7121.0
4501.0 648.0
1668.0 4338.0
2320.0 1111.0
7646.0 9387.0
9671.0 8800.0
7558.0 6152.0
2139.0 706.0
8143.0 3773.0
2531.0 8754.0
9036.0 4249.0
3609.0 4693.0
2759.0 72.0
7003.0 8740.0
4542.0 5016.0
6199.0 6434.0
1069.0 3754.0
3958.0 583.0
9747.0 8492.0
6965.0 7719.0
2625.0 3255.0
3139.0 1012.0
1512.0 8992.0
9372.0 3996.0
3457.0 5179.0
121.0 2075.0
8143.0 6071.0
9651.0 1205.0
1333.0 2282.0
3311.0 5648.0
934.0 834.0
5686.0 9230.0
4826.0 9363.0
5979.0 7044.0
1995.0 2625.0
3460.0 6927.0
1154.0 1980.0
8353.0 2738.0
3365.0 1029.0
6014.0 3757.0
7832.0 3022.0
4719.0 7177.0
2432.0 8260.0
9966.0 3054.0
3090.0 2123.0
585.0 3699.0
8618.0 6879.0
4560.0 1841.0
89.0 2961.0
4876.0 4554.0
6376.0 7869.0
8261.0 2295.0
9934.0 3357.0
2168.0 5027.0
9454.0 4068.0
7869.0 9786.0
8459.0 3281.0
9961.0 6653.0
1469.0 3946.0
5205.0 2523.0
1824.0 5660.0
5988.0 4559.0
7760.0 736.0
6302.0 7813.0
5871.0 5072.0
570.0 3864.0
3519.0 1918.0
8165.0 9908.0
4303.0 9278.0
9007.0 231.0
3233.0 4052.0
8046.0 4457.0
623.0 8608.0
9008.0 9487.0
6405.0 7962.0
268.0 4564.0
8877.0 8193.0
8154.0 1348.0
4556.0 9282.0
5595.0 3441.0
8186.0 8052.0
6409.0 2259.0
4532.0 9331.0
8131.0 8672.0
6062.0 6043.0
8673.0 2327.0
3088.0 1368.0
4756.0 3064.0
5516.0 8645.0
2356.0 1351.0
7760.0 7175.0
2116.0 7119.0
954.0 4597.0
5009.0 8968.0
9040.0 9000.0
6134.0 8087.0
7860.0 6406.0
6990.0 3881.0
8822.0 1856.0
9074.0 636.0
1273.0 4680.0
4165.0 7211.0
154.0 1174.0
9133.0 4114.0
8055.0 332.0
5643.0 4927.0
3267.0 787.0
7583.0 1424.0
7933.0 9630.0
1577.0 4397.0
2895.0 6288.0
8444.0 4482.0
8346.0 7092.0
5952.0 30.0
1890.0 8733.0
5698.0 1301.0
8084.0 1245.0
9481.0 3024.0
6120.0 3693.0
3044.0 9645.0
4690.0 8225.0
7477.0 213.0
5662.0 654.0
1190.0 2323.0
681.0 8232.0
7791.0 7013.0
7270.0 7778.0
7688.0 9051.0
3547.0 9837.0
3812.0 9484.0
3159.0 7012.0
4296.0 9932.0
4533.0 7145.0
7452.0 466.0
1045.0 4538.0
6901.0 5535.0
1214.0 4801.0
7224.0 4845.0
501.0 1596.0
2956.0 8580.0
8863.0 5850.0
6319.0 8914.0
590.0 643.0
1479.0 2208.0
5607.0 7450.0
5752.0 8812.0
3781.0 1860.0
568.0 9874.0
6363.0 9449.0
7529.0 3095.0
1169.0 5019.0
7475.0 1826.0
582.0 781.0
2845.0 4403.0
3985.0 1713.0
6214.0 3197.0
8756.0 8748.0
358.0 5208.0
6363.0 2912.0
7696.0 8689.0
2738.0 6138.0
9459.0 2680.0
4445.0 6881.0
7424.0 8860.0
4840.0 1192.0
3606.0 7660.0
6734.0 2460.0
5706.0 3019.0
719.0 5428.0
8695.0 2724.0
755.0 2691.0
5414.0 3721.0
1059.0 4320.0
1457.0 4346.0
1009.0 3778.0
2298.0 7851.0
7031.0 5808.0
2912.0 4172.0
3203.0 4423.0
2817.0 9329.0
4556.0 1699.0
1846.0 4391.0
9775.0 510.0
4515.0 8407.0
2339.0 6879.0
3341.0 2210.0
1711.0 119.0
3947.0 2556.0
8717.0 1394.0
7333.0 8425.0
1650.0 3918.0
7126.0 3988.0
2272.0 391.0
2211.0 5097.0
3265.0 5899.0
7530.0 8733.0
1247.0 6894.0
8466.0 7328.0
1962.0 9448.0
6626.0 2362.0
6741.0 2438.0
7367.0 4155.0
1836.0 3798.0
1953.0 7281.0
4713.0 564.0
9667.0 3505.0
3940.0 5800.0
7730.0 6643.0
1740.0 8149.0
9384.0 6298.0
826.0 2080.0
3007.0 9852.0
9605.0 9600.0
7578.0 4627.0
2389.0 6508.0
2364.0 4675.0
3647.0 8896.0
1194.0 9038.0
7988.0 8060.0
4132.0 956.0
9898.0 4475.0
1940.0 9915.0
9871.0 4000.0
1166.0 923.0
6034.0 1985.0
199.0 7978.0
2869.0 3430.0
9160.0 1104.0
1094.0 9874.0
8974.0 8873.0
5393.0 6182.0
7478.0 849.0
8985.0 2849.0
2892.0 6849.0
6727.0 2074.0
7558.0 2437.0
796.0 8162.0
7228.0 2572.0
5583.0 5505.0
3827.0 7806.0
883.0 9761.0
1979.0 9998.0
4981.0 404.0
2175.0 6866.0
1754.0 5306.0
5964.0 7390.0
8375.0 537.0
946.0 2419.0
2731.0 1010.0
5989.0 7404.0
2124.0 165.0
9489.0 6696.0
7419.0 9347.0
6019.0 1291.0
9186.0 36.0
9239.0 4465.0
4951.0 4611.0
1408.0 2194.0
9168.0 3768.0
2338.0 7771.0
17.0 1327.0
3172.0 2563.0
9603.0 9526.0
2797.0 7264.0
6697.0 504.0
7285.0 643.0
3571.0 2114.0
5183.0 5113.0
1078.0 8753.0
4023.0 1096.0
8562.0 361.0
5879.0 4563.0
7657.0 5247.0
2357.0 4692.0
1665.0 4908.0
1839.0 1043.0
4523.0 1533.0
4353.0 2135.0
6025.0 1303.0
1915.0 9917.0
2360.0 9206.0
4664.0 6956.0
3595.0 3486.0
5714.0 5818.0
2198.0 425.0
9999.0 2539.0
9176.0 2597.0
4990.0 8580.0
6984.0 6274.0
3679.0 8224.0
748.0 6141.0
2576.0 780.0
1934.0 7990.0
211.0 9538.0
1085.0 2532.0
3854.0 1883.0
8665.0 6039.0
4910.0 7487.0
5677.0 5939.0
5774.0 3976.0
8121.0 2031.0
3542.0 2000.0
1905.0 6526.0
8396.0 4121.0
7296.0 8507.0
7034.0 4430.0
4544.0 1036.0
3988.0 8296.0
4739.0 1550.0
6197.0 4186.0
2535.0 8696.0
8653.0 1944.0
9842.0 1285.0
1511.0 4454.0
2048.0 7519.0
1489.0 2113.0
934.0 5187.0
2920.0 2013.0
829.0 5922.0
6300.0 6227.0
7143.0 9278.0
4699.0 6177.0
8853.0 4712.0
854.0 2416.0
9066.0 2164.0
342.0 1806.0
247.0 4423.0
8647.0 6474.0
3217.0 6901.0
2483.0 1450.0
1520.0 3001.0
