1
1024 1 3.0 0.0 1000.0 3 160 240 100

6.5 13.5 29.3 58.5
13.0 27.0 58.5 117.0
19.5 40.5 87.8 175.5
26.0 54.0 117.0 234.0
39.0 81.0 175.5 351.0
52.0 108.0 234.0 468.0
58.5 121.5 263.3 526.5
65.0 135.0 292.5 585.0
78.0 162.0 351.0 702.0
0.0 180.0 390.0 780.0

2.0 5.0 8.0 11.0
5.0 8.0 11.0 14.0
9.0 12.0 15.0 18.0
11.0 14.0 17.0 20.0
15.0 18.0 21.0 24.0
18.0 21.0 24.0 27.0
20.0 23.0 26.0 29.0
25.0 28.0 31.0 34.0
29.0 32.0 35.0 38.0
0.0 34.0 37.0 40.0

5651.0 2947.0
8520.0 26.0
2596.0 9535.0
7412.0 6016.0
7400.0 1167.0
6749.0 9830.0
6253.0 2260.0
488.0 6646.0
681.0 153.0
8506.0 6371.0
8675.0 2008.0
3710.0 5876.0
2546.0 8806.0
5724.0 3980.0
3857.0 3352.0
2768.0 7333.0
8263.0 1704.0
5813.0 7867.0
5641.0 9939.0
1635.0 4981.0
3336.0 669.0
3845.0 8117.0
2884.0 6225.0
3522.0 7908.0
3068.0 7922.0
3527.0 6534.0
4653.0 3314.0
3122.0 480.0
4652.0 5859.0
1970.0 1338.0
474.0 3904.0
5145.0 2832.0
6812.0 8412.0
3233.0 4716.0
610.0 1329.0
4136.0 6724.0
1977.0 9022.0
5673.0 8222.0
1382.0 7699.0
591.0 1739.0
5996.0 207.0
8071.0 1029.0
527.0 6153.0
8352.0 6838.0
393.0 9733.0
9552.0 6033.0
7599.0 2203.0
8303.0 2262.0
2156.0 8393.0
8295.0 8808.0
4402.0 9187.0
3339.0 6792.0
6072.0 4378.0
4031.0 4413.0
471.0 2814.0
9643.0 5354.0
4598.0 9253.0
9327.0 7053.0
8583.0 9824.0
9236.0 1978.0
270.0 539.0
4668.0 7584.0
5317.0 5736.0
8827.0 3110.0
5652.0 5892.0
2315.0 3880.0
1642.0 6708.0
9942.0 6275.0
5824.0 3883.0
3965.0 9041.0
8552.0 493.0
5354.0 9089.0
8410.0 6382.0
7190.0 2463.0
2739.0 1495.0
6791.0 3627.0
6142.0 7542.0
5671.0 8751.0
7301.0 4935.0
8939.0 1138.0
6970.0 4388.0
8221.0 9486.0
2494.0 5110.0
4734.0 2115.0
6700.0 4000.0
1591.0 2850.0
1520.0 2755.0
6943.0 6713.0
9184.0 2308.0
2073.0 6089.0
6355.0 6511.0
1027.0 525.0
9036.0 9477.0
889.0 5841.0
8617.0 3490.0
4306.0 701.0
1900.0 6905.0
8364.0 1311.0
469.0 3945.0
6404.0 7425.0
7244.0 814.0
1899.0 5292.0
569.0 5038.0
5981.0 5741.0
8705.0 7445.0
2720.0 8045.0
49.0 8710.0
8764.0 2733.0
6965.0 4858.0
6429.0 9029.0
3543.0 8661.0
1859.0 5052.0
170.0 6328.0
2334.0 1478.0
245.0 1415.0
9353.0 1796.0
6887.0 347.0
6571.0 4837.0
12.0 6502.0
4207.0 7746.0
6598.0 2226.0
4019.0 43.0
9509.0 735.0
1441.0 1952.0
2735.0 2294.0
4000.0 2659.0
3379.0 1589.0
7598.0 6661.0
3259.0 5713.0
4769.0 8864.0
5471.0 4680.0
1509.0 1612.0
3766.0 8873.0
1790.0 9288.0
5090.0 348.0
1340.0 8672.0
8144.0 7407.0
4812.0 5704.0
3301.0 4345.0
2928.0 1827.0
1762.0 800.0
8715.0 5568.0
4259.0 7612.0
4411.0 7524.0
2202.0 8599.0
3169.0 9413.0
6586.0 175.0
2141.0 363.0
2528.0 3224.0
6057.0 6091.0
9784.0 4129.0
2889.0 9146.0
2091.0 4388.0
5710.0 873.0
690.0 727.0
7342.0 8270.0
9881.0 108.0
6912.0 1392.0
4965.0 6574.0
9884.0 9477.0
5413.0 9321.0
5709.0 6447.0
8629.0 3921.0
9665.0 8956.0
2149.0 1111.0
7997.0 2649.0
4628.0 59.0
7968.0 4790.0
8467.0 5521.0
6904.0 3927.0
9442.0 812.0
6856.0 9761.0
1162.0 981.0
3959.0 8879.0
4738.0 3140.0
4111.0 4508.0
6489.0 3327.0
9051.0 979.0
9053.0 1837.0
9463.0 6028.0
3745.0 1430.0
4178.0 6634.0
4522.0 5330.0
7107.0 6535.0
6394.0 4423.0
5981.0 6092.0
3646.0 5584.0
9511.0 7672.0
5718.0 5527.0
2074.0 2202.0
1090.0 7106.0
7511.0 5070.0
2025.0 7481.0
6156.0 2026.0
5532.0 49.0
1691.0 8259.0
8383.0 4576.0
6917.0 6301.0
6546.0 2422.0
66.0 934.0
1895.0 6288.0
5730.0 1755.0
1520.0 6395.0
7034.0 6570.0
7522.0 7508.0
8132.0 1275.0
7619.0 3715.0
8637.0 4391.0
9430.0 385.0
4098.0 6920.0
3783.0 5212.0
9097.0 683.0
4892.0 2758.0
2101.0 796.0
7770.0 9417.0
3645.0 470.0
5715.0 8200.0
1960.0 8773.0
3229.0 5276.0
2644.0 4535.0
2217.0 2656.0
1478.0 2059.0
1820.0 3965.0
1992.0 6790.0
4735.0 2686.0
1873.0 1624.0
5370.0 4811.0
4826.0 7003.0
7681.0 308.0
6990.0 476.0
3065.0 310.0
9500.0 3876.0
1125.0 9449.0
1310.0 8788.0
8691.0 5248.0
8867.0 3470.0
4928.0 8983.0
1744.0 6879.0
2897.0 4926.0
5838.0 7987.0
408.0 7390.0
8216.0 1038.0
5519.0 7483.0
239.0 9901.0
4548.0 3996.0
8037.0 7213.0
2922.0 5322.0
1954.0 6439.0
1741.0 1835.0
9064.0 7542.0
5394.0 639.0
5351.0 9415.0
8077.0 7095.0
6657.0 4736.0
9578.0 50.0
8.0 5419.0
3163.0 174.0
9412.0 9319.0
935.0 3324.0
2723.0 1353.0
4490.0 3342.0
8695.0 4714.0
1256.0 1214.0
5806.0 319.0
9333.0 9991.0
6959.0 5183.0
6210.0 7392.0
6674.0 2858.0
9194.0 502.0
9850.0 1619.0
7922.0 9483.0
3724.0 8547.0
1779.0 9702.0
7105.0 189.0
7606.0 4202.0
3501.0 2939.0
5522.0 926.0
7235.0 8827.0
3227.0 1597.0
4149.0 4859.0
1639.0 1687.0
1002.0 6583.0
7201.0 3380.0
160.0 9050.0
8728.0 5935.0
8683.0 816.0
9138.0 379.0
3404.0 9173.0
4906.0 7930.0
6117.0 7248.0
8625.0 4074.0
5450.0 6156.0
2483.0 2706.0
4554.0 7860.0
3046.0 7245.0
6181.0 6897.0
175.0 8147.0
9281.0 1650.0
5438.0 8718.0
3691.0 8313.0
7863.0 3655.0
2044.0 3230.0
7393.0 7212.0
476.0 1750.0
8882.0 425.0
2254.0 4287.0
1994.0 9291.0
910.0 2733.0
4852.0 8324.0
1988.0 2888.0
1789.0 6410.0
5015.0 1081.0
8052.0 4359.0
9775.0 5637.0
6811.0 6075.0
3517.0 6360.0
6327.0 7764.0
8171.0 7688.0
7628.0 2089.0
9191.0 3696.0
5541.0 6678.0
123.0 5602.0
8441.0 8916.0
9494.0 4940.0
4560.0 1423.0
9128.0 8068.0
5212.0 5132.0
5492.0 178.0
7783.0 9390.0
8171.0 9459.0
3840.0 986.0
2071.0 4597.0
207.0 6524.0
2459.0 1254.0
3367.0 5061.0
4436.0 5707.0
31.0 410.0
943.0 6304.0
9233.0 5037.0
5908.0 5903.0
3803.0 9959.0
1629.0 952.0
1562.0 7552.0
1998.0 5388.0
9102.0 6698.0
5673.0 2.0
3490.0 2167.0
5780.0 447.0
9759.0 2663.0
5276.0 9546.0
4531.0 4437.0
9546.0 2067.0
8622.0 9891.0
357.0 2632.0
3987.0 3076.0
7756.0 9914.0
2853.0 6510.0
9022.0 2797.0
9389.0 6224.0
6271.0 6658.0
6770.0 4441.0
6816.0 437.0
4982.0 1825.0
2880.0 7652.0
7225.0 3690.0
9773.0 7040.0
5252.0 7096.0
4117.0 963.0
6521.0 8249.0
6245.0 2267.0
8482.0 2102.0
3356.0 2748.0
7871.0 8595.0
2530.0 8881.0
5357.0 2430.0
5215.0 2993.0
8391.0 5796.0
7278.0 532.0
7608.0 5972.0
1226.0 6595.0
4639.0 2207.0
9696.0 7392.0
1682.0 8799.0
1814.0 4795.0
5683.0 3783.0
6536.0 4643.0
2471.0 5146.0
9553.0 1970.0
8720.0 8979.0
2878.0 8812.0
2062.0 6489.0
8714.0 2768.0
2225.0 9264.0
1693.0 6965.0
8537.0 4735.0
6104.0 4603.0
1645.0 6223.0
7201.0 3743.0
9810.0 4502.0
8193.0 491.0
2624.0 278.0
7022.0 1260.0
7498.0 9512.0
9529.0 7251.0
6777.0 5992.0
8107.0 6844.0
5837.0 8072.0
7444.0 4042.0
4999.0 8988.0
1463.0 3636.0
637.0 2671.0
8046.0 6268.0
3308.0 9465.0
666.0 9035.0
3270.0 8669.0
8504.0 9820.0
6235.0 7314.0
9169.0 5996.0
4704.0 7089.0
619.0 679.0
2748.0 3835.0
1383.0 2187.0
4571.0 6514.0
685.0 4869.0
9719.0 5065.0
2570.0 1982.0
279.0 9081.0
641.0 3754.0
7925.0 1691.0
2503.0 6323.0
1157.0 5583.0
5509.0 9700.0
5591.0 579.0
7928.0 5423.0
2645.0 4665.0
2119.0 7075.0
4475.0 2901.0
8815.0 9318.0
5518.0 1124.0
4134.0 3612.0
3484.0 3855.0
3391.0 1284.0
5154.0 8318.0
8349.0 7113.0
4838.0 9001.0
6967.0 9089.0
5837.0 9661.0
7291.0 2515.0
7768.0 2186.0
9553.0 9112.0
5100.0 4237.0
3103.0 4298.0
4753.0 78.0
7263.0 8299.0
3110.0 1504.0
7714.0 9253.0
5298.0 8297.0
2508.0 8984.0
2085.0 102.0
4309.0 4594.0
2249.0 4153.0
7976.0 1551.0
762.0 5763.0
5071.0 6426.0
5652.0 978.0
9407.0 9953.0
8889.0 3328.0
232.0 3566.0
9143.0 9069.0
2152.0 5085.0
6770.0 7853.0
3395.0 1711.0
3882.0 8220.0
6519.0 998.0
4839.0 9832.0
8157.0 2958.0
5029.0 6872.0
6917.0 8977.0
8280.0 9508.0
1017.0 5684.0
5752.0 2848.0
9780.0 4465.0
1679.0 5292.0
5570.0 9763.0
3780.0 700.0
5285.0 1836.0
8725.0 1286.0
2997.0 2146.0
5488.0 656.0
7856.0 2024.0
1938.0 8902.0
3838.0 7791.0
2533.0 4165.0
461.0 8000.0
7448.0 7584.0
6056.0 941.0
6015.0 1045.0
7696.0 3106.0
9801.0 9636.0
4393.0 1751.0
3190.0 3236.0
2654.0 7234.0
1817.0 4143.0
6008.0 3280.0
1709.0 152.0
2592.0 5859.0
4475.0 5006.0
7413.0 3814.0
6409.0 630.0
8377.0 6926.0
1847.0 8062.0
7690.0 9563.0
3635.0 6491.0
2731.0 588.0
6061.0 2323.0
3002.0 2690.0
8100.0 2690.0
2256.0 6789.0
7317.0 304.0
7395.0 9703.0
7294.0 9082.0
8256.0 5709.0
3923.0 2457.0
4877.0 5197.0
8417.0 8774.0
1340.0 6052.0
7391.0 708.0
7804.0 5945.0
2867.0 8092.0
4821.0 6191.0
7554.0 6094.0
6540.0 339.0
3253.0 3138.0
1901.0 3160.0
2736.0 5499.0
5416.0 8190.0
7958.0 7962.0
1646.0 4504.0
9949.0 2497.0
9970.0 5872.0
8235.0 9321.0
8748.0 7972.0
141.0 7295.0
482.0 1819.0
2841.0 3050.0
2077.0 4070.0
3473.0 770.0
6797.0 7379.0
5216.0 7030.0
7027.0 6459.0
9639.0 7621.0
9435.0 8012.0
8198.0 5760.0
6641.0 5207.0
8228.0 3611.0
1989.0 9844.0
1273.0 1526.0
6533.0 7896.0
4120.0 1916.0
9820.0 6572.0
5372.0 7178.0
8599.0 3575.0
2925.0 3575.0
30.0 1720.0
198.0 5504.0
8512.0 4567.0
1457.0 7042.0
7730.0 1247.0
9102.0 208.0
2011.0 1128.0
8252.0 1836.0
3602.0 1505.0
6491.0 3485.0
4973.0 3957.0
9120.0 1297.0
7735.0 7552.0
2775.0 5206.0
2283.0 9557.0
2742.0 9441.0
4768.0 6813.0
1857.0 8696.0
488.0 3449.0
1299.0 6920.0
5311.0 3093.0
6163.0 8117.0
9233.0 6238.0
1146.0 1077.0
8656.0 5945.0
4202.0 2455.0
6504.0 7526.0
8520.0 5107.0
1779.0 386.0
5674.0 1104.0
2640.0 2683.0
5295.0 1324.0
9633.0 1965.0
9119.0 6056.0
8149.0 7463.0
9765.0 3516.0
1728.0 2183.0
7092.0 5689.0
304.0 5481.0
7477.0 3419.0
9995.0 9267.0
3891.0 5156.0
3535.0 3527.0
7094.0 6277.0
2953.0 9291.0
820.0 8383.0
8603.0 9750.0
6302.0 514.0
1145.0 2652.0
3982.0 6658.0
5569.0 9674.0
2758.0 6503.0
8884.0 896.0
9628.0 8827.0
5549.0 5083.0
5072.0 9437.0
7272.0 8897.0
2029.0 8093.0
6257.0 745.0
8827.0 1302.0
3518.0 7385.0
8896.0 417.0
6343.0 3994.0
2647.0 6951.0
1538.0 829.0
9338.0 9512.0
3512.0 2165.0
9298.0 9282.0
8850.0 5668.0
9356.0 3450.0
1437.0 2869.0
6822.0 8513.0
4756.0 3897.0
9879.0 7863.0
459.0 2139.0
4725.0 564.0
4807.0 7000.0
2337.0 749.0
7082.0 5408.0
188.0 9535.0
6572.0 5243.0
6778.0 3880.0
7244.0 6351.0
9331.0 9291.0
1677.0 7305.0
7512.0 5805.0
8392.0 8575.0
8505.0 9144.0
9150.0 5277.0
1313.0 1467.0
5338.0 5159.0
630.0 8638.0
5042.0 9996.0
3138.0 3408.0
4900.0 1047.0
1570.0 6439.0
3347.0 1746.0
4407.0 9583.0
4345.0 3293.0
1546.0 8321.0
3207.0 1299.0
8803.0 2780.0
8609.0 4158.0
6588.0 9255.0
7402.0 6310.0
623.0 6627.0
1311.0 2054.0
5031.0 4607.0
7137.0 8072.0
667.0 3216.0
4555.0 5347.0
4040.0 5421.0
8112.0 3610.0
4659.0 7321.0
2525.0 4007.0
1185.0 2824.0
2885.0 8134.0
9212.0 2214.0
3861.0 4108.0
6049.0 6517.0
4518.0 2843.0
337.0 2095.0
7831.0 185.0
6875.0 2373.0
6522.0 3080.0
9480.0 6109.0
9292.0 435.0
7255.0 4138.0
4081.0 1834.0
2105.0 8976.0
7432.0 9778.0
7854.0 4232.0
1573.0 3606.0
3818.0 3212.0
3314.0 5766.0
8180.0 8651.0
1371.0 3608.0
9025.0 7966.0
1197.0 2339.0
3382.0 971.0
8945.0 7333.0
7128.0 9441.0
8652.0 6439.0
1099.0 456.0
9243.0 5462.0
1269.0 7933.0
467.0 2474.0
3341.0 9261.0
9363.0 9129.0
4604.0 6458.0
1342.0 9631.0
8409.0 3746.0
2519.0 537.0
9116.0 5991.0
2365.0 7043.0
7858.0 4882.0
8294.0 3926.0
1978.0 2301.0
6291.0 1807.0
3495.0 2766.0
4175.0 1891.0
4440.0 9388.0
6597.0 4856.0
9421.0 234.0
3388.0 2051.0
8268.0 4523.0
5334.0 9673.0
4105.0 573.0
4014.0 9072.0
4711.0 9890.0
4765.0 8871.0
7503.0 4344.0
4401.0 7040.0
1017.0 5824.0
7789.0 3613.0
8214.0 294.0
9857.0 7188.0
9482.0 663.0
2166.0 891.0
5675.0 5381.0
5635.0 5967.0
4040.0 2185.0
3514.0 3648.0
2395.0 8891.0
1215.0 8480.0
9391.0 5663.0
2107.0 8761.0
1230.0 5663.0
862.0 2260.0
7669.0 3505.0
8463.0 7873.0
2690.0 3414.0
5480.0 6397.0
7650.0 1515.0
2707.0 6067.0
7298.0 9165.0
759.0 1028.0
1494.0 6735.0
2744.0 3410.0
7975.0 9766.0
6600.0 2164.0
4037.0 1904.0
6203.0 4329.0
7471.0 1530.0
2842.0 6882.0
9609.0 1510.0
1177.0 9854.0
5833.0 3960.0
6264.0 3858.0
1398.0 4452.0
757.0 7703.0
2915.0 2582.0
3892.0 4258.0
8356.0 8291.0
6346.0 5222.0
921.0 5879.0
7581.0 7977.0
4634.0 112.0
4767.0 176.0
1995.0 1330.0
4893.0 234.0
6569.0 8989.0
4160.0 4394.0
5841.0 5539.0
1265.0 3514.0
2198.0 5044.0
3668.0 5262.0
2391.0 3482.0
8459.0 9862.0
8319.0 112.0
1908.0 68.0
4505.0 1843.0
4313.0 8530.0
89.0 5006.0
9240.0 8203.0
5717.0 1454.0
8767.0 3980.0
8158.0 8389.0
8815.0 6205.0
8011.0 3845.0
1190.0 9226.0
8346.0 2236.0
1418.0 663.0
4643.0 6879.0
3989.0 9542.0
8860.0 8911.0
9100.0 3971.0
3004.0 4508.0
7509.0 1512.0
43.0 4835.0
2595.0 7926.0
2512.0 5616.0
1224.0 2436.0
1670.0 5764.0
7531.0 191.0
2553.0 6968.0
6212.0 5085.0
2779.0 8658.0
4428.0 8595.0
5457.0 5262.0
3927.0 2809.0
9044.0 5164.0
7483.0 8296.0
9514.0 3284.0
6252.0 9996.0
2680.0 1691.0
7149.0 6787.0
7026.0 5160.0
1846.0 2885.0
9897.0 1092.0
1496.0 1763.0
2403.0 5710.0
3777.0 5725.0
885.0 942.0
1368.0 6829.0
5295.0 8909.0
3448.0 7293.0
7343.0 3427.0
4327.0 70.0
3763.0 444.0
5808.0 2754.0
2545.0 1823.0
2381.0 462.0
2491.0 9375.0
853.0 5884.0
8943.0 8584.0
8511.0 7142.0
1035.0 3896.0
6422.0 6636.0
8316.0 32.0
6976.0 6530.0
7110.0 6200.0
7268.0 9058.0
9447.0 2645.0
2416.0 2295.0
9923.0 1442.0
5435.0 4570.0
8352.0 5946.0
2740.0 3182.0
8536.0 5810.0
6912.0 5582.0
6037.0 6997.0
801.0 3684.0
271.0 8687.0
9582.0 4472.0
8801.0 1496.0
9866.0 2568.0
4159.0 3927.0
7457.0 2914.0
6074.0 6466.0
7869.0 4253.0
4423.0 5223.0
6201.0 6551.0
797.0 9558.0
5459.0 8037.0
8998.0 580.0
4950.0 27.0
7340.0 9949.0
2828.0 180.0
8099.0 890.0
9409.0 7372.0
1958.0 5838.0
342.0 3834.0
7815.0 7610.0
1251.0 2729.0
785.0 3552.0
7945.0 1826.0
3759.0 4536.0
8792.0 6441.0
374.0 3251.0
8366.0 7296.0
9739.0 8686.0
3965.0 1485.0
5767.0 6226.0
9104.0 7180.0
6479.0 5275.0
579.0 5265.0
1108.0 8813.0
8212.0 3551.0
5379.0 1807.0
8868.0 1742.0
7798.0 7896.0
8861.0 7807.0
2311.0 6249.0
1328.0 8932.0
5184.0 3021.0
7700.0 2713.0
6451.0 4321.0
4845.0 6747.0
8789.0 102.0
2002.0 7296.0
9160.0 884.0
4107.0 183.0
1085.0 1738.0
597.0 9584.0
7892.0 427.0
1315.0 2874.0
9795.0 9128.0
3600.0 2207.0
150.0 1656.0
7173.0 5980.0
8747.0 583.0
5921.0 5845.0
2479.0 1188.0
8171.0 7443.0
6255.0 1644.0
9570.0 5520.0
9493.0 1344.0
5158.0 6581.0
6051.0 1806.0
9748.0 4757.0
7950.0 7042.0
8203.0 9043.0
5741.0 2833.0
9727.0 2577.0
857.0 6795.0
2747.0 7112.0
7818.0 3683.0
9520.0 8358.0
6623.0 2809.0
2037.0 356.0
8198.0 7030.0
3342.0 9535.0
8239.0 5181.0
862.0 1639.0
7305.0 2394.0
853.0 7161.0
7513.0 5203.0
5562.0 3476.0
8691.0 859.0
7200.0 4311.0
9330.0 2759.0
5341.0 9741.0
197.0 6410.0
6839.0 2348.0
956.0 2838.0
9861.0 7733.0
2649.0 8860.0
6153.0 29.0
1386.0 6132.0
8124.0 5582.0
1100.0 3380.0
9856.0 471.0
5722.0 8745.0
3647.0 18.0
3607.0 1633.0
6182.0 966.0
9597.0 6006.0
929.0 9482.0
2541.0 9511.0
5874.0 646.0
8637.0 5374.0
8193.0 7599.0
3451.0 6467.0
9949.0 1003.0
7958.0 3455.0
1438.0 1990.0
6454.0 1456.0
1263.0 4254.0
6705.0 2109.0
4760.0 3449.0
5166.0 474.0
4856.0 4569.0
2633.0 8674.0
1977.0 459.0
8180.0 698.0
2096.0 7135.0
1722.0 5274.0
4533.0 4067.0
8072.0 6229.0
3601.0 89.0
7831.0 2245.0
698.0 8111.0
2958.0 436.0
5959.0 4286.0
7397.0 647.0
1052.0 9796.0
5577.0 9900.0
7234.0 5932.0
4168.0 8893.0
5261.0 5619.0
4924.0 4966.0
6258.0 7059.0
8974.0 8465.0
5142.0 7652.0
5415.0 1886.0
716.0 8858.0
9542.0 3746.0
9014.0 5171.0
8597.0 1572.0
9020.0 2859.0
5347.0 938.0
2345.0 6641.0
2391.0 9948.0
972.0 4966.0
2501.0 1096.0
9677.0 7048.0
2880.0 4904.0
2209.0 7339.0
3682.0 2256.0
2852.0 5585.0

5656.0 2951.0
8525.0 32.0
2600.0 9540.0
7418.0 6021.0
7406.0 1172.0
6754.0 9835.0
6258.0 2264.0
494.0 6651.0
686.0 158.0
8511.0 6375.0
8679.0 2014.0
3715.0 5881.0
2550.0 8812.0
5728.0 3984.0
3862.0 3357.0
2773.0 7338.0
8269.0 1709.0
5819.0 7873.0
5647.0 9943.0
1641.0 4987.0
3342.0 674.0
3850.0 8122.0
2890.0 6230.0
3526.0 7912.0
3072.0 7927.0
3531.0 6539.0
4657.0 3319.0
3128.0 485.0
4658.0 5864.0
1975.0 1343.0
478.0 3908.0
5150.0 2836.0
6817.0 8416.0
3238.0 4722.0
615.0 1333.0
4142.0 6730.0
1983.0 9027.0
5678.0 8227.0
1386.0 7704.0
596.0 1744.0
6000.0 211.0
8076.0 1034.0
531.0 6158.0
8357.0 6843.0
398.0 9737.0
9556.0 6038.0
7603.0 2209.0
8308.0 2268.0
2162.0 8398.0
8300.0 8812.0
4407.0 9191.0
3343.0 6797.0
6076.0 4383.0
4037.0 4418.0
477.0 2818.0
9648.0 5359.0
4603.0 9259.0
9332.0 7058.0
8588.0 9830.0
9240.0 1983.0
275.0 544.0
4673.0 7589.0
5322.0 5742.0
8832.0 3115.0
5657.0 5897.0
2319.0 3885.0
1647.0 6713.0
9947.0 6281.0
5829.0 3887.0
3969.0 9046.0
8557.0 498.0
5359.0 9094.0
8416.0 6387.0
7195.0 2468.0
2743.0 1499.0
6795.0 3633.0
6147.0 7547.0
5677.0 8755.0
7307.0 4940.0
8944.0 1143.0
6976.0 4394.0
8226.0 9491.0
2499.0 5115.0
4739.0 2121.0
6704.0 4005.0
1597.0 2856.0
1524.0 2760.0
6949.0 6718.0
9189.0 2314.0
2077.0 6094.0
6360.0 6516.0
1031.0 530.0
9041.0 9481.0
895.0 5845.0
8622.0 3496.0
4310.0 706.0
1905.0 6909.0
8369.0 1317.0
474.0 3950.0
6409.0 7430.0
7248.0 818.0
1904.0 5298.0
574.0 5042.0
5986.0 5745.0
8710.0 7450.0
2724.0 8051.0
54.0 8715.0
8769.0 2739.0
6970.0 4864.0
6435.0 9033.0
3548.0 8667.0
1863.0 5058.0
175.0 6332.0
2340.0 1483.0
251.0 1420.0
9358.0 1802.0
6891.0 353.0
6576.0 4842.0
16.0 6506.0
4211.0 7750.0
6603.0 2231.0
4024.0 48.0
9514.0 739.0
1447.0 1957.0
2740.0 2299.0
4005.0 2664.0
3384.0 1595.0
7602.0 6665.0
3264.0 5718.0
4773.0 8870.0
5476.0 4685.0
1515.0 1618.0
3772.0 8878.0
1794.0 9294.0
5094.0 353.0
1345.0 8676.0
8149.0 7411.0
4816.0 5710.0
3306.0 4351.0
2934.0 1832.0
1767.0 805.0
8720.0 5573.0
4265.0 7616.0
4415.0 7528.0
2206.0 8604.0
3174.0 9418.0
6590.0 180.0
2145.0 368.0
2533.0 3229.0
6062.0 6097.0
9788.0 4133.0
2894.0 9151.0
2096.0 4392.0
5716.0 878.0
694.0 733.0
7346.0 8275.0
9885.0 113.0
6917.0 1396.0
4970.0 6579.0
9889.0 9482.0
5417.0 9326.0
5713.0 6452.0
8634.0 3926.0
9669.0 8960.0
2154.0 1116.0
8002.0 2653.0
4633.0 64.0
7972.0 4796.0
8472.0 5527.0
6910.0 3931.0
9447.0 818.0
6861.0 9766.0
1168.0 986.0
3964.0 8885.0
4742.0 3145.0
4117.0 4512.0
6493.0 3331.0
9057.0 985.0
9057.0 1842.0
9467.0 6033.0
3750.0 1436.0
4184.0 6639.0
4526.0 5335.0
7112.0 6539.0
6400.0 4427.0
5985.0 6097.0
3652.0 5588.0
9517.0 7677.0
5722.0 5531.0
2079.0 2207.0
1095.0 7111.0
7516.0 5076.0
2030.0 7486.0
6161.0 2031.0
5537.0 54.0
1695.0 8264.0
8389.0 4581.0
6921.0 6306.0
6552.0 2427.0
70.0 940.0
1900.0 6293.0
5735.0 1760.0
1526.0 6400.0
7038.0 6575.0
7527.0 7513.0
8137.0 1280.0
7625.0 3721.0
8643.0 4397.0
9436.0 391.0
4104.0 6924.0
3787.0 5217.0
9102.0 687.0
4897.0 2763.0
2105.0 800.0
7775.0 9422.0
3649.0 474.0
5720.0 8205.0
1965.0 8778.0
3235.0 5280.0
2650.0 4541.0
2222.0 2662.0
1484.0 2064.0
1826.0 3971.0
1996.0 6795.0
4739.0 2690.0
1877.0 1628.0
5375.0 4817.0
4832.0 7009.0
7686.0 313.0
6995.0 481.0
3071.0 315.0
9504.0 3882.0
1130.0 9454.0
1314.0 8793.0
8696.0 5254.0
8871.0 3474.0
4933.0 8987.0
1749.0 6883.0
2901.0 4930.0
5843.0 7992.0
414.0 7395.0
8222.0 1042.0
5524.0 7489.0
245.0 9906.0
4553.0 4001.0
8041.0 7218.0
2927.0 5327.0
1959.0 6444.0
1746.0 1839.0
9069.0 7548.0
5399.0 645.0
5356.0 9420.0
8083.0 7100.0
6662.0 4741.0
9582.0 55.0
12.0 5424.0
3167.0 180.0
9416.0 9323.0
940.0 3328.0
2728.0 1358.0
4495.0 3346.0
8700.0 4719.0
1260.0 1220.0
5812.0 323.0
9339.0 9996.0
6965.0 5188.0
6214.0 7398.0
6679.0 2862.0
9199.0 507.0
9854.0 1623.0
7927.0 9488.0
3729.0 8553.0
1783.0 9707.0
7110.0 195.0
7611.0 4207.0
3506.0 2944.0
5526.0 931.0
7240.0 8831.0
3231.0 1602.0
4154.0 4865.0
1644.0 1693.0
1007.0 6588.0
7207.0 3384.0
165.0 9055.0
8734.0 5940.0
8688.0 820.0
9142.0 384.0
3410.0 9179.0
4911.0 7934.0
6122.0 7253.0
8630.0 4079.0
5455.0 6162.0
2488.0 2711.0
4558.0 7865.0
3051.0 7250.0
6187.0 6902.0
180.0 8152.0
9285.0 1655.0
5444.0 8723.0
3695.0 8319.0
7869.0 3660.0
2050.0 3234.0
7398.0 7217.0
480.0 1755.0
8887.0 430.0
2259.0 4292.0
1999.0 9295.0
915.0 2738.0
4856.0 8329.0
1993.0 2893.0
1794.0 6414.0
5021.0 1086.0
8056.0 4363.0
9780.0 5642.0
6815.0 6080.0
3521.0 6364.0
6333.0 7768.0
8175.0 7692.0
7634.0 2093.0
9196.0 3700.0
5546.0 6683.0
127.0 5607.0
8446.0 8921.0
9499.0 4946.0
4566.0 1428.0
9133.0 8072.0
5216.0 5137.0
5497.0 183.0
7788.0 9396.0
8175.0 9465.0
3845.0 990.0
2076.0 4602.0
212.0 6528.0
2463.0 1260.0
3373.0 5065.0
4441.0 5711.0
36.0 414.0
948.0 6309.0
9238.0 5041.0
5914.0 5907.0
3808.0 9963.0
1634.0 957.0
1568.0 7556.0
2003.0 5392.0
9108.0 6703.0
5677.0 7.0
3496.0 2173.0
5784.0 452.0
9763.0 2667.0
5280.0 9551.0
4536.0 4442.0
9551.0 2073.0
8627.0 9896.0
362.0 2637.0
3991.0 3080.0
7761.0 9920.0
2859.0 6516.0
9027.0 2803.0
9393.0 6230.0
6276.0 6664.0
6774.0 4446.0
6822.0 442.0
4987.0 1831.0
2886.0 7656.0
7230.0 3695.0
9778.0 7045.0
5257.0 7101.0
4121.0 968.0
6525.0 8254.0
6250.0 2273.0
8487.0 2107.0
3361.0 2752.0
7876.0 8599.0
2536.0 8886.0
5361.0 2434.0
5220.0 2999.0
8396.0 5801.0
7282.0 538.0
7614.0 5977.0
1231.0 6601.0
4644.0 2212.0
9701.0 7397.0
1687.0 8805.0
1819.0 4799.0
5688.0 3789.0
6541.0 4647.0
2475.0 5151.0
9557.0 1975.0
8724.0 8984.0
2883.0 8817.0
2068.0 6494.0
8720.0 2774.0
2230.0 9268.0
1698.0 6971.0
8542.0 4740.0
6109.0 4609.0
1651.0 6227.0
7206.0 3748.0
9815.0 4508.0
8198.0 495.0
2629.0 282.0
7027.0 1265.0
7503.0 9518.0
9534.0 7257.0
6781.0 5997.0
8112.0 6848.0
5841.0 8077.0
7450.0 4046.0
5004.0 8993.0
1468.0 3642.0
642.0 2677.0
8050.0 6273.0
3313.0 9470.0
671.0 9039.0
3276.0 8674.0
8509.0 9824.0
6239.0 7318.0
9173.0 6001.0
4708.0 7094.0
625.0 684.0
2752.0 3841.0
1389.0 2193.0
4576.0 6519.0
690.0 4874.0
9725.0 5070.0
2575.0 1986.0
285.0 9085.0
646.0 3758.0
7931.0 1697.0
2509.0 6329.0
1162.0 5588.0
5513.0 9705.0
5596.0 583.0
7933.0 5427.0
2649.0 4670.0
2123.0 7079.0
4480.0 2905.0
8819.0 9323.0
5523.0 1129.0
4139.0 3616.0
3490.0 3861.0
3395.0 1290.0
5158.0 8322.0
8354.0 7117.0
4843.0 9007.0
6972.0 9095.0
5842.0 9666.0
7297.0 2521.0
7773.0 2191.0
9558.0 9116.0
5105.0 4242.0
3108.0 4303.0
4758.0 83.0
7269.0 8304.0
3115.0 1509.0
7718.0 9259.0
5303.0 8303.0
2513.0 8989.0
2089.0 107.0
4315.0 4599.0
2254.0 4159.0
7980.0 1556.0
768.0 5768.0
5076.0 6432.0
5657.0 983.0
9413.0 9957.0
8893.0 3332.0
237.0 3570.0
9147.0 9075.0
2157.0 5091.0
6775.0 7857.0
3400.0 1715.0
3886.0 8224.0
6524.0 1004.0
4845.0 9837.0
8163.0 2962.0
5034.0 6877.0
6922.0 8982.0
8284.0 9512.0
1021.0 5688.0
5757.0 2853.0
9785.0 4470.0
1684.0 5297.0
5575.0 9769.0
3784.0 705.0
5290.0 1842.0
8729.0 1292.0
3002.0 2151.0
5492.0 662.0
7860.0 2028.0
1944.0 8907.0
3844.0 7797.0
2537.0 4170.0
466.0 8006.0
7453.0 7590.0
6060.0 946.0
6020.0 1049.0
7700.0 3111.0
9805.0 9641.0
4398.0 1756.0
3196.0 3242.0
2659.0 7239.0
1821.0 4148.0
6013.0 3286.0
1714.0 156.0
2598.0 5863.0
4480.0 5012.0
7418.0 3819.0
6414.0 635.0
8382.0 6930.0
1852.0 8067.0
7696.0 9568.0
3640.0 6496.0
2737.0 594.0
6065.0 2327.0
3006.0 2695.0
8104.0 2695.0
2262.0 6794.0
7322.0 308.0
7400.0 9708.0
7298.0 9086.0
8262.0 5713.0
3928.0 2462.0
4882.0 5202.0
8422.0 8779.0
1345.0 6058.0
7395.0 713.0
7808.0 5950.0
2872.0 8097.0
4827.0 6195.0
7559.0 6098.0
6544.0 344.0
3258.0 3142.0
1905.0 3165.0
2742.0 5504.0
5421.0 8195.0
7964.0 7966.0
1652.0 4509.0
9953.0 2503.0
9975.0 5877.0
8240.0 9326.0
8753.0 7977.0
145.0 7299.0
488.0 1824.0
2847.0 3056.0
2082.0 4074.0
3477.0 775.0
6801.0 7385.0
5220.0 7035.0
7031.0 6464.0
9645.0 7627.0
9439.0 8017.0
8204.0 5766.0
6645.0 5212.0
8233.0 3615.0
1995.0 9850.0
1277.0 1531.0
6538.0 7901.0
4126.0 1921.0
9825.0 6577.0
5378.0 7184.0
8604.0 3579.0
2930.0 3579.0
35.0 1725.0
203.0 5509.0
8517.0 4571.0
1463.0 7047.0
7736.0 1252.0
9108.0 213.0
2015.0 1133.0
8258.0 1841.0
3608.0 1510.0
6496.0 3490.0
4977.0 3961.0
9125.0 1302.0
7739.0 7557.0
2781.0 5210.0
2289.0 9561.0
2747.0 9446.0
4772.0 6818.0
1862.0 8700.0
493.0 3454.0
1304.0 6925.0
5317.0 3098.0
6168.0 8123.0
9239.0 6243.0
1150.0 1083.0
8660.0 5950.0
4207.0 2459.0
6508.0 7531.0
8526.0 5113.0
1784.0 390.0
5679.0 1109.0
2646.0 2687.0
5301.0 1329.0
9638.0 1970.0
9123.0 6061.0
8153.0 7467.0
9769.0 3520.0
1734.0 2188.0
7098.0 5694.0
309.0 5487.0
7482.0 3423.0
10000.0 9273.0
3896.0 5162.0
3541.0 3531.0
7099.0 6282.0
2958.0 9296.0
824.0 8388.0
8609.0 9756.0
6306.0 519.0
1151.0 2657.0
3987.0 6664.0
5574.0 9680.0
2762.0 6508.0
8890.0 900.0
9632.0 8833.0
5554.0 5089.0
5077.0 9441.0
7277.0 8902.0
2034.0 8099.0
6262.0 749.0
8831.0 1307.0
3522.0 7389.0
8900.0 423.0
6349.0 3999.0
2652.0 6955.0
1543.0 834.0
9343.0 9516.0
3517.0 2170.0
9304.0 9288.0
8854.0 5673.0
9360.0 3455.0
1441.0 2874.0
6827.0 8517.0
4761.0 3903.0
9884.0 7868.0
465.0 2143.0
4730.0 569.0
4811.0 7005.0
2342.0 754.0
7087.0 5413.0
194.0 9540.0
6577.0 5247.0
6782.0 3885.0
7249.0 6356.0
9335.0 9296.0
1682.0 7310.0
7518.0 5810.0
8396.0 8580.0
8510.0 9149.0
9154.0 5282.0
1318.0 1472.0
5343.0 5165.0
634.0 8643.0
5046.0 10002.0
3143.0 3412.0
4904.0 1052.0
1575.0 6443.0
3352.0 1751.0
4412.0 9588.0
4349.0 3298.0
1550.0 8326.0
3213.0 1304.0
8807.0 2786.0
8615.0 4162.0
6592.0 9260.0
7407.0 6316.0
629.0 6633.0
1316.0 2059.0
5037.0 4612.0
7142.0 8077.0
673.0 3220.0
4560.0 5352.0
4044.0 5427.0
8117.0 3614.0
4665.0 7325.0
2529.0 4011.0
1189.0 2829.0
2890.0 8138.0
9217.0 2219.0
3865.0 4113.0
6054.0 6523.0
4523.0 2849.0
343.0 2100.0
7836.0 191.0
6879.0 2378.0
6528.0 3084.0
9484.0 6114.0
9298.0 440.0
7259.0 4143.0
4087.0 1839.0
2111.0 8981.0
7436.0 9783.0
7860.0 4237.0
1577.0 3612.0
3823.0 3218.0
3319.0 5770.0
8186.0 8656.0
1377.0 3614.0
9030.0 7970.0
1202.0 2344.0
3388.0 975.0
8950.0 7338.0
7133.0 9446.0
8656.0 6444.0
1104.0 461.0
9248.0 5466.0
1275.0 7937.0
471.0 2479.0
3345.0 9266.0
9369.0 9133.0
4609.0 6463.0
1348.0 9636.0
8414.0 3751.0
2524.0 542.0
9121.0 5996.0
2371.0 7048.0
7863.0 4887.0
8299.0 3930.0
1982.0 2305.0
6295.0 1812.0
3499.0 2771.0
4181.0 1895.0
4445.0 9393.0
6603.0 4860.0
9426.0 238.0
3394.0 2055.0
8273.0 4529.0
5339.0 9678.0
4110.0 578.0
4020.0 9076.0
4715.0 9896.0
4770.0 8876.0
7508.0 4348.0
4407.0 7044.0
1023.0 5829.0
7794.0 3618.0
8219.0 300.0
9863.0 7192.0
9486.0 667.0
2172.0 896.0
5681.0 5387.0
5640.0 5971.0
4046.0 2190.0
3519.0 3653.0
2401.0 8897.0
1220.0 8485.0
9396.0 5667.0
2113.0 8766.0
1236.0 5668.0
867.0 2265.0
7675.0 3511.0
8469.0 7878.0
2695.0 3418.0
5484.0 6402.0
7655.0 1520.0
2712.0 6073.0
7303.0 9171.0
764.0 1032.0
1498.0 6739.0
2750.0 3415.0
7979.0 9771.0
6604.0 2168.0
4041.0 1909.0
6208.0 4334.0
7477.0 1536.0
2846.0 6888.0
9614.0 1515.0
1183.0 9858.0
5838.0 3965.0
6269.0 3863.0
1403.0 4457.0
763.0 7707.0
2921.0 2588.0
3896.0 4264.0
8360.0 8296.0
6351.0 5227.0
926.0 5884.0
7587.0 7982.0
4638.0 117.0
4771.0 180.0
1999.0 1335.0
4898.0 238.0
6574.0 8995.0
4166.0 4399.0
5846.0 5543.0
1271.0 3519.0
2203.0 5049.0
3674.0 5268.0
2396.0 3487.0
8464.0 9867.0
8323.0 116.0
1914.0 73.0
4510.0 1847.0
4318.0 8535.0
95.0 5011.0
9245.0 8209.0
5723.0 1459.0
8772.0 3986.0
8163.0 8394.0
8820.0 6209.0
8016.0 3850.0
1195.0 9231.0
8350.0 2241.0
1423.0 667.0
4647.0 6884.0
3994.0 9547.0
8865.0 8916.0
9106.0 3977.0
3009.0 4514.0
7514.0 1517.0
47.0 4840.0
2601.0 7931.0
2516.0 5621.0
1229.0 2440.0
1676.0 5769.0
7535.0 195.0
2559.0 6973.0
6216.0 5091.0
2783.0 8663.0
4433.0 8600.0
5462.0 5266.0
3932.0 2813.0
9048.0 5169.0
7488.0 8301.0
9519.0 3289.0
6257.0 10001.0
2685.0 1696.0
7155.0 6792.0
7030.0 5164.0
1852.0 2889.0
9902.0 1098.0
1501.0 1767.0
2408.0 5715.0
3781.0 5729.0
890.0 946.0
1373.0 6834.0
5301.0 8914.0
3452.0 7299.0
7348.0 3433.0
4333.0 75.0
3768.0 449.0
5813.0 2758.0
2551.0 1828.0
2386.0 468.0
2496.0 9381.0
859.0 5890.0
8948.0 8589.0
8515.0 7148.0
1041.0 3901.0
6428.0 6641.0
8322.0 37.0
6982.0 6535.0
7115.0 6204.0
7273.0 9062.0
9453.0 2650.0
2421.0 2299.0
9928.0 1446.0
5439.0 4576.0
8356.0 5952.0
2746.0 3188.0
8542.0 5816.0
6917.0 5587.0
6043.0 7002.0
806.0 3688.0
276.0 8691.0
9587.0 4477.0
8805.0 1501.0
9871.0 2572.0
4165.0 3932.0
7463.0 2919.0
6080.0 6470.0
7874.0 4258.0
4427.0 5228.0
6207.0 6556.0
802.0 9564.0
5464.0 8043.0
9003.0 585.0
4956.0 31.0
7345.0 9954.0
2833.0 185.0
8104.0 895.0
9414.0 7376.0
1962.0 5842.0
347.0 3838.0
7820.0 7615.0
1257.0 2735.0
790.0 3557.0
7950.0 1830.0
3763.0 4541.0
8797.0 6446.0
380.0 3256.0
8371.0 7300.0
9744.0 8692.0
3971.0 1490.0
5771.0 6231.0
9109.0 7185.0
6484.0 5280.0
583.0 5269.0
1113.0 8818.0
8216.0 3557.0
5384.0 1811.0
8873.0 1747.0
7804.0 7901.0
8867.0 7812.0
2316.0 6254.0
1334.0 8937.0
5189.0 3027.0
7705.0 2718.0
6456.0 4326.0
4849.0 6753.0
8795.0 107.0
2008.0 7301.0
9165.0 890.0
4112.0 188.0
1091.0 1743.0
603.0 9589.0
7897.0 432.0
1319.0 2878.0
9799.0 9133.0
3605.0 2211.0
155.0 1660.0
7178.0 5985.0
8751.0 587.0
5926.0 5850.0
2485.0 1192.0
8176.0 7448.0
6260.0 1649.0
9575.0 5524.0
9499.0 1348.0
5162.0 6585.0
6056.0 1810.0
9753.0 4761.0
7954.0 7047.0
8209.0 9048.0
5747.0 2837.0
9733.0 2582.0
862.0 6801.0
2753.0 7118.0
7823.0 3688.0
9526.0 8363.0
6628.0 2815.0
2042.0 360.0
8202.0 7034.0
3346.0 9539.0
8244.0 5186.0
867.0 1643.0
7310.0 2399.0
858.0 7166.0
7518.0 5208.0
5567.0 3480.0
8695.0 864.0
7206.0 4316.0
9335.0 2763.0
5345.0 9745.0
203.0 6415.0
6843.0 2352.0
961.0 2842.0
9866.0 7738.0
2654.0 8866.0
6159.0 34.0
1390.0 6137.0
8128.0 5588.0
1106.0 3384.0
9860.0 475.0
5727.0 8750.0
3652.0 23.0
3612.0 1639.0
6186.0 971.0
9602.0 6012.0
935.0 9488.0
2547.0 9516.0
5879.0 651.0
8642.0 5378.0
8198.0 7604.0
3456.0 6472.0
9953.0 1008.0
7963.0 3460.0
1443.0 1995.0
6459.0 1460.0
1269.0 4259.0
6709.0 2115.0
4765.0 3454.0
5171.0 479.0
4861.0 4574.0
2638.0 8679.0
1982.0 463.0
8185.0 703.0
2102.0 7141.0
1726.0 5279.0
4537.0 4071.0
8077.0 6234.0
3607.0 95.0
7835.0 2250.0
704.0 8116.0
2964.0 440.0
5965.0 4291.0
7403.0 651.0
1057.0 9801.0
5582.0 9906.0
7240.0 5936.0
4173.0 8899.0
5267.0 5624.0
4929.0 4970.0
6262.0 7063.0
8979.0 8470.0
5148.0 7657.0
5420.0 1890.0
721.0 8863.0
9548.0 3752.0
9018.0 5176.0
8601.0 1576.0
9025.0 2863.0
5353.0 943.0
2350.0 6647.0
2396.0 9952.0
977.0 4971.0
2505.0 1101.0
9683.0 7053.0
2885.0 4909.0
2214.0 7343.0
3688.0 2260.0
2857.0 5589.0
