1
1024 1 3.0 0.0 1000.0 3 160 240 100

6.5 13.5 29.3 58.5
13.0 27.0 58.5 117.0
19.5 40.5 87.8 175.5
26.0 54.0 117.0 234.0
39.0 81.0 175.5 351.0
52.0 108.0 234.0 468.0
58.5 121.5 263.3 526.5
65.0 135.0 292.5 585.0
78.0 162.0 351.0 702.0
0.0 180.0 390.0 780.0

2.0 5.0 8.0 11.0
5.0 8.0 11.0 14.0
9.0 12.0 15.0 18.0
11.0 14.0 17.0 20.0
15.0 18.0 21.0 24.0
18.0 21.0 24.0 27.0
20.0 23.0 26.0 29.0
25.0 28.0 31.0 34.0
29.0 32.0 35.0 38.0
0.0 34.0 37.0 40.0

928.0 6051.0
7552.0 6828.0
5230.0 6885.0
2972.0 7680.0
4148.0 4475.0
5997.0 6430.0
7693.0 2049.0
5310.0 3935.0
9040.0 1133.0
7885.0 6939.0
9732.0 5016.0
151.0 6868.0
1596.0 9305.0
5753.0 1382.0
5730.0 6497.0
1482.0 6811.0
1419.0 3964.0
5505.0 2179.0
311.0 7288.0
4467.0 7943.0
3739.0 3338.0
8597.0 5140.0
3499.0 13.0
6395.0 3088.0
8973.0 2075.0
3014.0 6311.0
5922.0 4961.0
8933.0 3859.0
4820.0 1012.0
8030.0 6669.0
9059.0 5026.0
6649.0 1157.0
5902.0 8537.0
7764.0 9674.0
5514.0 4755.0
6844.0 1021.0
5935.0 8562.0
8519.0 6666.0
4340.0 8490.0
5653.0 832.0
7445.0 92.0
4913.0 5125.0
6398.0 2615.0
5454.0 861.0
4024.0 3398.0
9801.0 4764.0
4755.0 6903.0
8552.0 6178.0
119.0 7790.0
2980.0 6493.0
5120.0 9966.0
2159.0 3906.0
3369.0 5993.0
3692.0 9222.0
1323.0 3807.0
9663.0 829.0
4470.0 124.0
1905.0 9522.0
827.0 2474.0
3181.0 6351.0
9589.0 4268.0
3393.0 9131.0
5287.0 9809.0
2407.0 5809.0
311.0 8662.0
3601.0 5320.0
1138.0 1308.0
4745.0 9132.0
6128.0 475.0
5297.0 9104.0
5233.0 5080.0
1736.0 9858.0
4468.0 6188.0
5017.0 6306.0
510.0 6899.0
6765.0 9499.0
3257.0 583.0
3295.0 6476.0
6708.0 4372.0
9069.0 2256.0
1027.0 7328.0
3688.0 4656.0
1112.0 5196.0
9022.0 5088.0
9561.0 6163.0
5582.0 1001.0
4344.0 4525.0
9721.0 8136.0
4074.0 1692.0
5795.0 3251.0
6191.0 6432.0
9850.0 491.0
5939.0 8772.0
3965.0 7051.0
6471.0 4477.0
2839.0 6318.0
2943.0 9507.0
6724.0 9127.0
5940.0 6378.0
7312.0 6331.0
2094.0 6839.0
5669.0 8311.0
2238.0 7774.0
3825.0 9621.0
9955.0 9748.0
4117.0 9418.0
5870.0 106.0
2888.0 833.0
5529.0 5047.0
7646.0 4975.0
1234.0 7580.0
9279.0 7695.0
669.0 779.0
3432.0 9804.0
7678.0 8249.0
7650.0 3898.0
3042.0 6220.0
3375.0 3449.0
5607.0 4185.0
4419.0 2333.0
6620.0 3482.0
6001.0 5462.0
2617.0 5758.0
950.0 3671.0
4718.0 5710.0
2176.0 8540.0
4681.0 5017.0
3023.0 5302.0
566.0 6895.0
9584.0 4509.0
7362.0 3166.0
1596.0 5619.0
424.0 8275.0
1014.0 8162.0
2076.0 7152.0
9853.0 8660.0
4232.0 6347.0
1425.0 3952.0
2383.0 344.0
1540.0 4098.0
8803.0 7471.0
8804.0 527.0
5328.0 2321.0
5592.0 7581.0
8554.0 4090.0
3812.0 8131.0
2812.0 2761.0
2052.0 6428.0
8770.0 7533.0
3219.0 3844.0
8008.0 4423.0
4271.0 5675.0
6422.0 2437.0
2131.0 9675.0
1813.0 246.0
2407.0 9467.0
3504.0 7759.0
9998.0 8516.0
4340.0 9532.0
3204.0 2812.0
7927.0 9395.0
5424.0 2938.0
6450.0 8247.0
1066.0 8679.0
6941.0 9399.0
4750.0 1841.0
6321.0 8409.0
5418.0 5445.0
8101.0 6800.0
9444.0 9956.0
6058.0 1590.0
9356.0 9708.0
2771.0 5033.0
7262.0 5202.0
3341.0 1509.0
4586.0 9430.0
7165.0 952.0
2214.0 8888.0
3111.0 738.0
7653.0 2452.0
5932.0 463.0
8306.0 3771.0
4299.0 6496.0
2458.0 5348.0
3272.0 5748.0
2082.0 4966.0
6589.0 555.0
4063.0 7634.0
6602.0 9094.0
8945.0 8703.0
2226.0 8246.0
8791.0 6330.0
7749.0 8321.0
8277.0 3942.0
7853.0 1560.0
5604.0 5873.0
6694.0 8818.0
2339.0 1834.0
1402.0 1360.0
3783.0 8379.0
2844.0 7171.0
3968.0 8036.0
9008.0 3689.0
1886.0 9259.0
8852.0 1401.0
8054.0 2878.0
6976.0 5177.0
3004.0 3189.0
1969.0 2799.0
1818.0 4380.0
3775.0 2558.0
1297.0 5423.0
7941.0 4366.0
8866.0 9123.0
7083.0 1279.0
4827.0 3470.0
2442.0 848.0
2043.0 5969.0
860.0 8218.0
9678.0 4109.0
5046.0 5380.0
69.0 7632.0
7468.0 3500.0
360.0 769.0
737.0 7729.0
2968.0 5107.0
9824.0 6416.0
1511.0 6249.0
3963.0 9136.0
1282.0 9938.0
8599.0 441.0
5878.0 5795.0
222.0 8763.0
4081.0 9353.0
9449.0 2358.0
3597.0 5532.0
194.0 6739.0
754.0 9239.0
5290.0 477.0
7754.0 1238.0
1405.0 8811.0
1594.0 9971.0
8610.0 6964.0
1239.0 2479.0
2440.0 7592.0
2171.0 98.0
8820.0 9265.0
9891.0 7091.0
4681.0 5413.0
6496.0 2874.0
9644.0 5633.0
6924.0 1013.0
6599.0 3779.0
3967.0 642.0
1550.0 9757.0
3653.0 8475.0
5572.0 4419.0
5112.0 2073.0
4218.0 9495.0
1502.0 7533.0
2254.0 6950.0
1122.0 7254.0
4046.0 4706.0
299.0 5960.0
2473.0 8126.0
2160.0 5626.0
1699.0 9180.0
7871.0 2485.0
1674.0 7706.0
9476.0 1776.0
4694.0 1680.0
5912.0 8387.0
6897.0 5910.0
6303.0 4081.0
23.0 1072.0
7156.0 4437.0
1301.0 7485.0
2535.0 1201.0
1820.0 569.0
8829.0 8192.0
6218.0 7367.0
8211.0 1427.0
9062.0 6069.0
7393.0 6645.0
5751.0 2946.0
773.0 9875.0
8311.0 3596.0
9579.0 9223.0
8914.0 7938.0
1117.0 8540.0
6496.0 845.0
4710.0 6133.0
4304.0 2851.0
3442.0 4191.0
8734.0 7826.0
3309.0 7070.0
2315.0 7054.0
3871.0 9129.0
6184.0 1609.0
7005.0 5261.0
9897.0 7454.0
2879.0 9787.0
8952.0 175.0
4718.0 1880.0
2843.0 8765.0
6497.0 8186.0
9025.0 363.0
135.0 5796.0
624.0 384.0
1311.0 1244.0
8248.0 4923.0
5486.0 3686.0
8758.0 4873.0
8252.0 2932.0
6338.0 3665.0
6591.0 5489.0
3723.0 3030.0
164.0 4284.0
3940.0 3719.0
4211.0 223.0
5402.0 574.0
8180.0 6261.0
5721.0 3885.0
6682.0 7142.0
2076.0 1425.0
1867.0 464.0
8502.0 8095.0
8835.0 7253.0
2944.0 2585.0
8172.0 2694.0
9428.0 2968.0
2216.0 183.0
3198.0 5630.0
4158.0 4376.0
9182.0 4473.0
1579.0 1390.0
6621.0 9785.0
8519.0 6821.0
5232.0 8692.0
2684.0 4740.0
737.0 1622.0
6895.0 3346.0
123.0 1678.0
6373.0 5418.0
9488.0 6343.0
5970.0 4248.0
9801.0 3428.0
3940.0 8209.0
8462.0 5676.0
1360.0 9625.0
6982.0 943.0
8789.0 6114.0
7654.0 7361.0
4290.0 5049.0
4559.0 5401.0
9382.0 4329.0
6762.0 1251.0
2062.0 5094.0
4046.0 8423.0
8472.0 4572.0
8034.0 7002.0
7313.0 9710.0
4062.0 2448.0
3632.0 4756.0
1638.0 8373.0
1053.0 8455.0
3854.0 202.0
4069.0 9024.0
8589.0 9127.0
4504.0 7574.0
6863.0 8278.0
8724.0 3129.0
6197.0 5524.0
4723.0 4931.0
9318.0 9806.0
668.0 164.0
1070.0 431.0
9012.0 7793.0
8883.0 1234.0
2779.0 1650.0
4645.0 4020.0
3117.0 8464.0
8335.0 8207.0
9720.0 8968.0
6264.0 6076.0
8225.0 2773.0
9281.0 5549.0
1190.0 150.0
8786.0 4903.0
1736.0 6410.0
915.0 6341.0
1478.0 7017.0
1738.0 7829.0
6833.0 4120.0
8819.0 5110.0
301.0 7666.0
7009.0 8320.0
5842.0 6740.0
8795.0 110.0
9927.0 9319.0
2080.0 4690.0
2377.0 1092.0
738.0 9713.0
3593.0 6509.0
5789.0 5411.0
7272.0 7731.0
7556.0 7895.0
212.0 9633.0
1647.0 6034.0
3311.0 1539.0
4119.0 3828.0
362.0 8840.0
3677.0 2695.0
3738.0 170.0
1251.0 569.0
8575.0 8289.0
9808.0 7242.0
9558.0 5355.0
9760.0 7855.0
6902.0 5740.0
7795.0 8949.0
634.0 2048.0
9512.0 3999.0
4781.0 2512.0
8687.0 7837.0
5563.0 428.0
8538.0 1884.0
185.0 8783.0
2830.0 4598.0
5347.0 5756.0
7180.0 4063.0
7057.0 9243.0
3408.0 2118.0
5854.0 1078.0
2284.0 1957.0
4045.0 4107.0
2529.0 3600.0
4061.0 7785.0
6419.0 4156.0
9516.0 463.0
4840.0 2294.0
3096.0 9016.0
7149.0 8825.0
7860.0 8989.0
3692.0 7826.0
1061.0 922.0
1333.0 5203.0
2092.0 1011.0
4838.0 4123.0
8649.0 6779.0
9473.0 9212.0
7730.0 916.0
2669.0 3950.0
546.0 8948.0
5092.0 8164.0
2973.0 8913.0
3992.0 5041.0
5625.0 3690.0
4157.0 9569.0
162.0 9155.0
4348.0 2831.0
929.0 3833.0
9543.0 9047.0
3531.0 8199.0
1866.0 4799.0
4441.0 4293.0
5529.0 2338.0
8250.0 8829.0
3657.0 1398.0
1648.0 5437.0
7337.0 6417.0
5753.0 4226.0
9747.0 8599.0
882.0 9310.0
713.0 4710.0
359.0 7487.0
9552.0 7034.0
2470.0 3704.0
6542.0 1407.0
2175.0 1502.0
5885.0 2730.0
6652.0 9083.0
5502.0 9885.0
1302.0 4176.0
1513.0 4464.0
5302.0 3359.0
7764.0 226.0
8311.0 4007.0
3240.0 2698.0
2432.0 9521.0
2723.0 834.0
6026.0 1015.0
8541.0 5136.0
8490.0 1110.0
3769.0 9168.0
7585.0 8018.0
9724.0 3865.0
3439.0 553.0
3107.0 6555.0
5794.0 7266.0
646.0 9108.0
3633.0 5340.0
1598.0 2125.0
8766.0 7424.0
947.0 4579.0
7480.0 7065.0
8660.0 834.0
6861.0 5906.0
2847.0 9432.0
4888.0 8306.0
7188.0 595.0
5895.0 1558.0
5460.0 1818.0
5510.0 2360.0
8531.0 3507.0
1661.0 2701.0
1664.0 9040.0
771.0 837.0
2492.0 6190.0
720.0 5513.0
2500.0 9313.0
4688.0 4094.0
7381.0 4217.0
2489.0 7776.0
4112.0 124.0
8473.0 9531.0
5096.0 5649.0
7624.0 2964.0
2232.0 8192.0
3935.0 2730.0
6252.0 8675.0
7678.0 9688.0
9194.0 6029.0
659.0 6451.0
341.0 8346.0
1062.0 1493.0
8496.0 109.0
1987.0 2481.0
5937.0 7420.0
285.0 2001.0
1897.0 5630.0
4778.0 1326.0
5938.0 6299.0
5488.0 412.0
4051.0 2884.0
7958.0 4763.0
2847.0 7078.0
9269.0 2353.0
9686.0 222.0
4867.0 6242.0
9092.0 6683.0
7789.0 1080.0
8316.0 8631.0
4388.0 4136.0
7384.0 4123.0
3177.0 4032.0
1496.0 2901.0
5864.0 2845.0
6117.0 6834.0
2215.0 9733.0
7616.0 4400.0
2810.0 6754.0
4805.0 1134.0
6321.0 49.0
9230.0 451.0
407.0 2036.0
4559.0 1766.0
7813.0 2798.0
7929.0 5307.0
1796.0 1314.0
8598.0 5559.0
7465.0 9707.0
1749.0 7730.0
8145.0 6168.0
7810.0 4175.0
8356.0 4722.0
124.0 170.0
7521.0 2500.0
6342.0 970.0
1000.0 7675.0
1369.0 4550.0
7542.0 3743.0
2233.0 6950.0
4775.0 8291.0
7712.0 9644.0
6819.0 6931.0
8086.0 828.0
631.0 5561.0
2854.0 5066.0
188.0 6611.0
6777.0 8186.0
95.0 7452.0
7083.0 6855.0
2735.0 1613.0
7209.0 4738.0
5558.0 5983.0
4910.0 9661.0
7601.0 9666.0
5098.0 8690.0
6859.0 2637.0
258.0 537.0
2586.0 4876.0
3799.0 7211.0
9152.0 9141.0
4180.0 9328.0
536.0 3043.0
177.0 1992.0
7066.0 8584.0
125.0 664.0
8517.0 9834.0
511.0 8923.0
147.0 1893.0
1736.0 2555.0
790.0 6815.0
1439.0 6856.0
4601.0 4660.0
8191.0 6586.0
557.0 322.0
945.0 478.0
6312.0 9320.0
2078.0 4713.0
5512.0 8193.0
4376.0 2286.0
163.0 7681.0
4818.0 7664.0
2173.0 9348.0
511.0 8661.0
637.0 8805.0
4620.0 9938.0
4005.0 1219.0
2659.0 5042.0
8704.0 7240.0
1976.0 6405.0
8332.0 39.0
9800.0 5205.0
13.0 6604.0
7694.0 5515.0
7037.0 8968.0
2764.0 9644.0
9354.0 3522.0
8478.0 4096.0
6054.0 9089.0
451.0 8047.0
6418.0 6913.0
5036.0 8765.0
8645.0 8240.0
1087.0 883.0
7853.0 7631.0
7734.0 8937.0
7469.0 2706.0
3523.0 5086.0
593.0 3449.0
4785.0 6430.0
442.0 6761.0
3566.0 8835.0
1489.0 4410.0
7984.0 6681.0
5376.0 5059.0
360.0 448.0
8224.0 3515.0
973.0 6555.0
8424.0 2881.0
7796.0 6365.0
6521.0 7767.0
5052.0 3763.0
1296.0 9226.0
5965.0 3241.0
8630.0 4574.0
7525.0 2876.0
2277.0 7767.0
7652.0 9139.0
8118.0 8492.0
7586.0 2940.0
6029.0 640.0
4866.0 8819.0
5937.0 3325.0
4747.0 1701.0
7183.0 104.0
408.0 8135.0
2787.0 4581.0
4800.0 1420.0
2717.0 3037.0
9485.0 2535.0
2764.0 7270.0
8323.0 1299.0
8127.0 3293.0
6354.0 4653.0
3303.0 4062.0
6722.0 1502.0
2390.0 6904.0
1010.0 6011.0
6403.0 8790.0
811.0 3782.0
6704.0 5142.0
915.0 7821.0
6146.0 312.0
6937.0 3707.0
2032.0 423.0
2761.0 5886.0
7502.0 1715.0
5634.0 9490.0
425.0 71.0
9273.0 4608.0
1427.0 9882.0
7829.0 2416.0
5134.0 2924.0
6059.0 5087.0
1244.0 398.0
3574.0 3877.0
4522.0 3805.0
3485.0 2334.0
5322.0 2820.0
8328.0 4003.0
4748.0 828.0
8600.0 6579.0
1033.0 1286.0
1769.0 6896.0
6258.0 572.0
2099.0 3679.0
5007.0 5490.0
4153.0 7468.0
9049.0 6094.0
5318.0 9632.0
4671.0 6993.0
5205.0 4880.0
1734.0 2800.0
2278.0 4191.0
6082.0 5898.0
556.0 7576.0
9388.0 7168.0
1757.0 8577.0
3043.0 2871.0
712.0 4931.0
5190.0 3317.0
4415.0 2299.0
2510.0 1512.0
7566.0 488.0
849.0 2432.0
9941.0 4068.0
1295.0 6084.0
3453.0 1804.0
818.0 42.0
9256.0 1820.0
9045.0 9586.0
7734.0 1897.0
5306.0 6145.0
6741.0 6837.0
2522.0 7181.0
5927.0 7291.0
7065.0 3189.0
7515.0 6971.0
6164.0 9979.0
6375.0 7665.0
6981.0 6899.0
4745.0 3963.0
3942.0 4165.0
9454.0 2105.0
3441.0 4962.0
1998.0 9876.0
7499.0 482.0
4316.0 6953.0
499.0 8558.0
5629.0 7620.0
5583.0 9066.0
8177.0 265.0
9825.0 1749.0
2216.0 580.0
9768.0 4634.0
3137.0 7861.0
1445.0 3710.0
6024.0 6347.0
1462.0 7017.0
5548.0 5984.0
8271.0 8824.0
1511.0 9553.0
5208.0 2052.0
2913.0 5559.0
9421.0 9614.0
5883.0 8802.0
3269.0 7822.0
3330.0 3049.0
7319.0 7542.0
6669.0 2706.0
6507.0 1248.0
2466.0 2922.0
3601.0 6646.0
9356.0 23.0
6546.0 31.0
3086.0 6708.0
8794.0 5037.0
44.0 8896.0
4232.0 4950.0
2102.0 3667.0
792.0 9245.0
8154.0 190.0
9370.0 7509.0
176.0 8055.0
7120.0 6417.0
4172.0 9937.0
6764.0 7931.0
8856.0 7988.0
5986.0 9365.0
7422.0 5880.0
3534.0 8512.0
249.0 915.0
1122.0 9466.0
8896.0 3113.0
2730.0 7322.0
4240.0 687.0
5416.0 2416.0
4105.0 3832.0
8230.0 7257.0
8239.0 1228.0
8333.0 1835.0
981.0 6181.0
5932.0 5444.0
4482.0 1812.0
2120.0 5717.0
7817.0 7203.0
6230.0 7997.0
9857.0 8933.0
1805.0 744.0
6236.0 4889.0
2781.0 5124.0
3276.0 9790.0
3987.0 9440.0
4213.0 4331.0
2566.0 1587.0
5586.0 2356.0
9410.0 5180.0
4128.0 2978.0
2228.0 7516.0
7020.0 7064.0
4325.0 56.0
857.0 9990.0
5714.0 4565.0
7179.0 5089.0
5649.0 588.0
4908.0 4698.0
8193.0 2430.0
2565.0 8226.0
4907.0 6288.0
5590.0 9156.0
1274.0 716.0
6645.0 5381.0
5961.0 6077.0
9226.0 9812.0
4503.0 1149.0
7456.0 652.0
1535.0 7552.0
7400.0 3261.0
8155.0 5150.0
7751.0 8020.0
3524.0 4108.0
249.0 1113.0
2315.0 1752.0
2679.0 7637.0
2094.0 4907.0
9790.0 8957.0
7249.0 872.0
11.0 8717.0
8568.0 2700.0
8286.0 4427.0
57.0 6937.0
7901.0 4029.0
7108.0 4502.0
6651.0 9372.0
2622.0 7855.0
5185.0 991.0
177.0 120.0
7899.0 1125.0
5850.0 4344.0
9220.0 4365.0
2798.0 3525.0
625.0 7873.0
5189.0 4609.0
6266.0 5556.0
597.0 2086.0
7529.0 3134.0
2449.0 9375.0
9402.0 3506.0
6638.0 8647.0
3980.0 4325.0
8899.0 2260.0
8982.0 2202.0
2044.0 1460.0
1613.0 446.0
4667.0 518.0
631.0 9769.0
5412.0 6970.0
1974.0 3850.0
9415.0 1116.0
5784.0 4183.0
6010.0 448.0
5199.0 1128.0
9312.0 7171.0
9753.0 567.0
5770.0 9478.0
8730.0 8086.0
5295.0 9741.0
2345.0 5102.0
5067.0 5296.0
1074.0 3831.0
7615.0 9960.0
6013.0 536.0
7285.0 6979.0
5599.0 8949.0
1677.0 6530.0
6549.0 8292.0
7177.0 3486.0
9373.0 2799.0
165.0 3564.0
1310.0 2178.0
8010.0 8555.0
2034.0 4892.0
6458.0 3778.0
9991.0 8704.0
2499.0 3438.0
9707.0 5383.0
4336.0 2037.0
2932.0 8991.0
2534.0 2509.0
8956.0 9662.0
8973.0 4252.0
1966.0 7292.0
2692.0 6702.0
5776.0 2045.0
4223.0 6629.0
8804.0 1105.0
2539.0 9814.0
4625.0 3565.0
1185.0 267.0
5965.0 7895.0
2723.0 2656.0
2491.0 8871.0
3072.0 6111.0
5234.0 3415.0
9856.0 56.0
3006.0 7222.0
1357.0 5254.0
8670.0 6625.0
5178.0 5708.0
5592.0 2582.0
8212.0 9594.0
7151.0 6219.0
2023.0 9884.0
4646.0 7827.0
240.0 7835.0
1449.0 3749.0
7062.0 4987.0
3769.0 8040.0
8486.0 1853.0
857.0 8351.0
342.0 3959.0
31.0 7915.0
9752.0 8396.0
4346.0 8075.0
9110.0 6544.0
3278.0 8261.0
4183.0 1151.0
9265.0 2815.0
432.0 8398.0
5468.0 6610.0
4160.0 8154.0
2579.0 3839.0
7591.0 8050.0
5063.0 6922.0
9469.0 9556.0
9646.0 4922.0
5288.0 6721.0
1443.0 3395.0
3763.0 736.0
5534.0 84.0
8618.0 5988.0
4374.0 3375.0
7319.0 5770.0
3873.0 2922.0
842.0 8302.0
3499.0 4367.0
1072.0 6247.0
8255.0 2551.0
4950.0 5358.0
2886.0 151.0
6951.0 445.0
1163.0 1141.0
4010.0 9314.0
5599.0 997.0
9492.0 7844.0
5444.0 8060.0
5304.0 1867.0
3318.0 2977.0
3753.0 4009.0
3323.0 5615.0
3258.0 6174.0
5997.0 1389.0
4504.0 808.0
7952.0 1396.0
6157.0 6631.0
6554.0 3276.0
1719.0 6990.0
2497.0 2223.0
1652.0 1496.0
5610.0 4044.0
7347.0 4114.0
1772.0 4693.0
6055.0 3371.0
1259.0 3188.0
8378.0 2831.0
1403.0 7327.0
2420.0 2531.0
8883.0 4115.0
1197.0 4509.0
9535.0 9321.0
2419.0 8108.0
6001.0 3071.0
2226.0 3220.0
6082.0 899.0
7003.0 2122.0
7160.0 2168.0
9854.0 3076.0
4506.0 267.0
852.0 1366.0
3866.0 1514.0
2659.0 5910.0

934.0 6056.0
7557.0 6833.0
5236.0 6890.0
2976.0 7686.0
4154.0 4479.0
6003.0 6434.0
7699.0 2054.0
5314.0 3940.0
9046.0 1138.0
7890.0 6943.0
9737.0 5020.0
156.0 6873.0
1601.0 9309.0
5758.0 1388.0
5734.0 6503.0
1487.0 6817.0
1425.0 3970.0
5509.0 2184.0
315.0 7293.0
4471.0 7947.0
3744.0 3343.0
8602.0 5145.0
3504.0 19.0
6399.0 3094.0
8977.0 2081.0
3019.0 6317.0
5928.0 4966.0
8938.0 3865.0
4825.0 1016.0
8036.0 6673.0
9065.0 5030.0
6654.0 1162.0
5908.0 8543.0
7770.0 9678.0
5519.0 4761.0
6848.0 1026.0
5940.0 8568.0
8524.0 6670.0
4346.0 8495.0
5658.0 837.0
7450.0 96.0
4918.0 5131.0
6402.0 2620.0
5458.0 866.0
4030.0 3403.0
9807.0 4769.0
4760.0 6909.0
8557.0 6183.0
125.0 7794.0
2985.0 6498.0
5126.0 9972.0
2164.0 3910.0
3373.0 5998.0
3698.0 9227.0
1327.0 3813.0
9669.0 834.0
4475.0 129.0
1911.0 9526.0
831.0 2480.0
3187.0 6356.0
9594.0 4272.0
3399.0 9136.0
5292.0 9813.0
2413.0 5813.0
316.0 8668.0
3605.0 5325.0
1142.0 1313.0
4750.0 9137.0
6133.0 480.0
5302.0 9109.0
5238.0 5086.0
1742.0 9862.0
4474.0 6193.0
5022.0 6311.0
514.0 6904.0
6770.0 9504.0
3262.0 588.0
3300.0 6480.0
6713.0 4376.0
9074.0 2261.0
1031.0 7333.0
3692.0 4661.0
1117.0 5201.0
9028.0 5092.0
9567.0 6167.0
5587.0 1006.0
4349.0 4530.0
9726.0 8141.0
4078.0 1696.0
5800.0 3256.0
6195.0 6437.0
9855.0 496.0
5945.0 8777.0
3971.0 7056.0
6476.0 4482.0
2843.0 6322.0
2948.0 9512.0
6728.0 9133.0
5944.0 6383.0
7317.0 6336.0
2098.0 6844.0
5674.0 8317.0
2243.0 7780.0
3829.0 9625.0
9959.0 9753.0
4122.0 9423.0
5874.0 110.0
2893.0 839.0
5533.0 5052.0
7651.0 4980.0
1240.0 7584.0
9284.0 7700.0
674.0 785.0
3438.0 9809.0
7684.0 8253.0
7655.0 3904.0
3047.0 6226.0
3380.0 3455.0
5611.0 4190.0
4425.0 2338.0
6626.0 3487.0
6005.0 5466.0
2622.0 5763.0
955.0 3676.0
4724.0 5715.0
2181.0 8545.0
4687.0 5021.0
3027.0 5307.0
570.0 6899.0
9589.0 4514.0
7368.0 3172.0
1601.0 5623.0
430.0 8279.0
1019.0 8166.0
2082.0 7157.0
9858.0 8666.0
4237.0 6351.0
1430.0 3957.0
2389.0 350.0
1544.0 4103.0
8809.0 7476.0
8809.0 532.0
5333.0 2325.0
5597.0 7587.0
8559.0 4094.0
3818.0 8137.0
2818.0 2766.0
2057.0 6434.0
8776.0 7539.0
3224.0 3850.0
8012.0 4429.0
4277.0 5680.0
6426.0 2442.0
2135.0 9680.0
1818.0 250.0
2412.0 9471.0
3509.0 7764.0
10003.0 8521.0
4345.0 9536.0
3208.0 2817.0
7932.0 9399.0
5430.0 2942.0
6456.0 8251.0
1072.0 8684.0
6946.0 9404.0
4754.0 1847.0
6325.0 8415.0
5422.0 5450.0
8105.0 6805.0
9448.0 9961.0
6062.0 1595.0
9360.0 9712.0
2777.0 5038.0
7267.0 5208.0
3345.0 1515.0
4591.0 9435.0
7171.0 957.0
2219.0 8893.0
3117.0 743.0
7658.0 2457.0
5938.0 468.0
8312.0 3775.0
4304.0 6502.0
2463.0 5353.0
3277.0 5753.0
2087.0 4971.0
6593.0 559.0
4068.0 7639.0
6608.0 9100.0
8950.0 8708.0
2231.0 8251.0
8795.0 6335.0
7754.0 8326.0
8281.0 3948.0
7858.0 1566.0
5610.0 5879.0
6699.0 8823.0
2345.0 1839.0
1407.0 1365.0
3788.0 8384.0
2848.0 7176.0
3973.0 8040.0
9012.0 3695.0
1892.0 9264.0
8856.0 1407.0
8059.0 2883.0
6980.0 5183.0
3009.0 3194.0
1975.0 2804.0
1823.0 4385.0
3780.0 2563.0
1302.0 5429.0
7947.0 4372.0
8870.0 9127.0
7089.0 1283.0
4833.0 3475.0
2447.0 853.0
2048.0 5973.0
865.0 8223.0
9683.0 4115.0
5051.0 5384.0
75.0 7636.0
7473.0 3505.0
365.0 775.0
742.0 7733.0
2972.0 5113.0
9829.0 6420.0
1516.0 6254.0
3969.0 9142.0
1287.0 9943.0
8604.0 447.0
5882.0 5799.0
227.0 8769.0
4086.0 9358.0
9454.0 2364.0
3602.0 5536.0
199.0 6744.0
759.0 9243.0
5296.0 483.0
7759.0 1242.0
1409.0 8817.0
1599.0 9976.0
8615.0 6968.0
1243.0 2483.0
2445.0 7597.0
2177.0 102.0
8825.0 9269.0
9896.0 7097.0
4687.0 5417.0
6501.0 2878.0
9649.0 5638.0
6928.0 1019.0
6604.0 3785.0
3973.0 648.0
1555.0 9761.0
3657.0 8481.0
5578.0 4423.0
5118.0 2079.0
4223.0 9500.0
1507.0 7538.0
2260.0 6954.0
1127.0 7259.0
4052.0 4711.0
304.0 5965.0
2477.0 8130.0
2165.0 5631.0
1703.0 9185.0
7875.0 2490.0
1678.0 7711.0
9481.0 1781.0
4699.0 1685.0
5917.0 8391.0
6901.0 5915.0
6308.0 4087.0
28.0 1076.0
7160.0 4441.0
1307.0 7490.0
2541.0 1206.0
1825.0 574.0
8834.0 8198.0
6223.0 7373.0
8216.0 1431.0
9068.0 6073.0
7398.0 6651.0
5755.0 2951.0
778.0 9881.0
8317.0 3601.0
9585.0 9227.0
8918.0 7943.0
1122.0 8545.0
6501.0 849.0
4715.0 6139.0
4310.0 2857.0
3446.0 4196.0
8740.0 7832.0
3315.0 7074.0
2320.0 7059.0
3876.0 9135.0
6189.0 1613.0
7010.0 5266.0
9902.0 7460.0
2884.0 9791.0
8957.0 181.0
4723.0 1885.0
2847.0 8770.0
6501.0 8192.0
9031.0 369.0
140.0 5800.0
628.0 388.0
1316.0 1250.0
8253.0 4928.0
5490.0 3692.0
8763.0 4879.0
8257.0 2937.0
6342.0 3670.0
6597.0 5495.0
3727.0 3034.0
169.0 4289.0
3945.0 3725.0
4216.0 228.0
5406.0 579.0
8184.0 6265.0
5727.0 3890.0
6687.0 7147.0
2080.0 1430.0
1872.0 469.0
8508.0 8100.0
8840.0 7258.0
2949.0 2589.0
8176.0 2699.0
9434.0 2973.0
2222.0 188.0
3204.0 5635.0
4163.0 4380.0
9187.0 4478.0
1585.0 1395.0
6625.0 9791.0
8524.0 6826.0
5238.0 8697.0
2688.0 4744.0
742.0 1627.0
6900.0 3351.0
128.0 1683.0
6378.0 5423.0
9493.0 6349.0
5975.0 4252.0
9807.0 3434.0
3945.0 8214.0
8467.0 5681.0
1365.0 9630.0
6987.0 947.0
8794.0 6118.0
7659.0 7366.0
4294.0 5055.0
4565.0 5406.0
9387.0 4334.0
6766.0 1257.0
2067.0 5100.0
4051.0 8429.0
8477.0 4577.0
8039.0 7008.0
7317.0 9714.0
4067.0 2452.0
3637.0 4761.0
1642.0 8377.0
1058.0 8461.0
3859.0 208.0
4073.0 9028.0
8594.0 9131.0
4509.0 7579.0
6868.0 8284.0
8728.0 3134.0
6202.0 5529.0
4727.0 4937.0
9324.0 9811.0
673.0 169.0
1076.0 435.0
9017.0 7798.0
8887.0 1239.0
2783.0 1655.0
4650.0 4025.0
3122.0 8469.0
8340.0 8212.0
9724.0 8973.0
6270.0 6081.0
8231.0 2778.0
9287.0 5555.0
1195.0 155.0
8791.0 4907.0
1740.0 6415.0
920.0 6346.0
1482.0 7023.0
1742.0 7834.0
6838.0 4124.0
8824.0 5116.0
306.0 7671.0
7014.0 8325.0
5847.0 6746.0
8801.0 115.0
9932.0 9325.0
2085.0 4695.0
2381.0 1096.0
743.0 9718.0
3599.0 6515.0
5793.0 5415.0
7277.0 7735.0
7560.0 7901.0
217.0 9637.0
1652.0 6040.0
3316.0 1545.0
4124.0 3832.0
367.0 8846.0
3682.0 2699.0
3742.0 175.0
1255.0 574.0
8579.0 8293.0
9812.0 7246.0
9563.0 5359.0
9764.0 7861.0
6907.0 5745.0
7800.0 8954.0
639.0 2053.0
9517.0 4004.0
4786.0 2518.0
8693.0 7843.0
5568.0 433.0
8544.0 1890.0
189.0 8789.0
2835.0 4602.0
5352.0 5762.0
7184.0 4068.0
7063.0 9249.0
3413.0 2124.0
5858.0 1082.0
2289.0 1962.0
4049.0 4111.0
2534.0 3605.0
4065.0 7790.0
6424.0 4161.0
9522.0 467.0
4844.0 2299.0
3101.0 9022.0
7154.0 8831.0
7864.0 8993.0
3698.0 7832.0
1067.0 926.0
1338.0 5209.0
2097.0 1017.0
4842.0 4127.0
8653.0 6783.0
9478.0 9218.0
7736.0 922.0
2673.0 3955.0
551.0 8953.0
5096.0 8168.0
2977.0 8918.0
3998.0 5045.0
5630.0 3694.0
4162.0 9575.0
168.0 9160.0
4353.0 2837.0
934.0 3838.0
9549.0 9052.0
3535.0 8205.0
1872.0 4803.0
4446.0 4298.0
5534.0 2343.0
8256.0 8834.0
3662.0 1403.0
1654.0 5442.0
7343.0 6421.0
5758.0 4230.0
9751.0 8603.0
887.0 9315.0
718.0 4715.0
363.0 7492.0
9558.0 7038.0
2475.0 3710.0
6547.0 1411.0
2181.0 1508.0
5889.0 2736.0
6656.0 9088.0
5508.0 9889.0
1307.0 4180.0
1518.0 4469.0
5306.0 3364.0
7769.0 230.0
8316.0 4011.0
3245.0 2703.0
2436.0 9525.0
2728.0 839.0
6031.0 1020.0
8546.0 5141.0
8494.0 1115.0
3774.0 9173.0
7589.0 8022.0
9730.0 3869.0
3445.0 557.0
3111.0 6561.0
5799.0 7271.0
650.0 9114.0
3637.0 5345.0
1602.0 2131.0
8771.0 7430.0
951.0 4583.0
7485.0 7070.0
8665.0 840.0
6866.0 5912.0
2852.0 9438.0
4893.0 8311.0
7192.0 601.0
5901.0 1564.0
5466.0 1824.0
5514.0 2365.0
8535.0 3511.0
1665.0 2705.0
1669.0 9045.0
775.0 842.0
2498.0 6196.0
725.0 5519.0
2505.0 9318.0
4692.0 4100.0
7386.0 4221.0
2495.0 7782.0
4117.0 129.0
8478.0 9536.0
5101.0 5655.0
7630.0 2969.0
2236.0 8197.0
3940.0 2735.0
6257.0 8681.0
7683.0 9693.0
9198.0 6033.0
665.0 6457.0
346.0 8351.0
1067.0 1499.0
8502.0 115.0
1992.0 2486.0
5943.0 7426.0
290.0 2006.0
1901.0 5635.0
4782.0 1331.0
5943.0 6305.0
5493.0 416.0
4056.0 2888.0
7963.0 4767.0
2853.0 7082.0
9274.0 2358.0
9690.0 226.0
4872.0 6247.0
9097.0 6688.0
7794.0 1086.0
8322.0 8636.0
4393.0 4141.0
7389.0 4129.0
3182.0 4036.0
1500.0 2905.0
5869.0 2850.0
6122.0 6839.0
2219.0 9739.0
7621.0 4405.0
2816.0 6760.0
4810.0 1139.0
6327.0 54.0
9235.0 457.0
412.0 2041.0
4564.0 1770.0
7819.0 2803.0
7934.0 5313.0
1800.0 1319.0
8603.0 5563.0
7469.0 9711.0
1755.0 7734.0
8150.0 6173.0
7814.0 4180.0
8360.0 4728.0
129.0 175.0
7526.0 2505.0
6347.0 975.0
1005.0 7679.0
1374.0 4554.0
7548.0 3749.0
2237.0 6954.0
4781.0 8297.0
7717.0 9649.0
6823.0 6937.0
8091.0 833.0
637.0 5567.0
2859.0 5072.0
192.0 6617.0
6781.0 8191.0
100.0 7457.0
7087.0 6860.0
2740.0 1618.0
7214.0 4742.0
5562.0 5987.0
4914.0 9665.0
7606.0 9670.0
5103.0 8696.0
6864.0 2642.0
263.0 543.0
2590.0 4880.0
3805.0 7217.0
9157.0 9146.0
4185.0 9334.0
541.0 3047.0
181.0 1996.0
7072.0 8590.0
130.0 669.0
8522.0 9838.0
517.0 8927.0
152.0 1899.0
1741.0 2561.0
796.0 6819.0
1445.0 6862.0
4605.0 4666.0
8197.0 6590.0
562.0 327.0
950.0 483.0
6316.0 9324.0
2083.0 4718.0
5517.0 8199.0
4380.0 2290.0
169.0 7687.0
4822.0 7669.0
2178.0 9352.0
517.0 8667.0
641.0 8810.0
4624.0 9943.0
4011.0 1224.0
2664.0 5047.0
8709.0 7246.0
1981.0 6411.0
8336.0 43.0
9805.0 5209.0
18.0 6609.0
7698.0 5520.0
7042.0 8972.0
2769.0 9650.0
9358.0 3527.0
8484.0 4102.0
6059.0 9095.0
456.0 8052.0
6423.0 6918.0
5041.0 8770.0
8651.0 8245.0
1091.0 887.0
7858.0 7635.0
7738.0 8941.0
7474.0 2712.0
3528.0 5091.0
597.0 3454.0
4790.0 6436.0
446.0 6765.0
3571.0 8840.0
1494.0 4415.0
7989.0 6686.0
5380.0 5064.0
365.0 453.0
8229.0 3520.0
979.0 6559.0
8429.0 2887.0
7801.0 6370.0
6525.0 7771.0
5058.0 3769.0
1302.0 9232.0
5971.0 3246.0
8636.0 4580.0
7529.0 2881.0
2282.0 7771.0
7657.0 9144.0
8124.0 8496.0
7592.0 2944.0
6033.0 645.0
4871.0 8823.0
5941.0 3331.0
4752.0 1707.0
7188.0 110.0
412.0 8140.0
2793.0 4587.0
4805.0 1424.0
2723.0 3043.0
9489.0 2541.0
2769.0 7276.0
8329.0 1304.0
8132.0 3298.0
6359.0 4658.0
3308.0 4067.0
6728.0 1508.0
2395.0 6909.0
1016.0 6016.0
6408.0 8795.0
817.0 3787.0
6709.0 5148.0
921.0 7827.0
6151.0 317.0
6943.0 3712.0
2038.0 428.0
2767.0 5892.0
7507.0 1720.0
5639.0 9496.0
430.0 76.0
9278.0 4613.0
1433.0 9886.0
7833.0 2421.0
5138.0 2930.0
6063.0 5093.0
1249.0 404.0
3579.0 3883.0
4528.0 3810.0
3490.0 2339.0
5328.0 2824.0
8334.0 4009.0
4753.0 833.0
8606.0 6585.0
1038.0 1291.0
1774.0 6901.0
6264.0 577.0
2104.0 3684.0
5011.0 5495.0
4158.0 7473.0
9053.0 6099.0
5322.0 9638.0
4677.0 6998.0
5209.0 4884.0
1739.0 2805.0
2283.0 4197.0
6087.0 5902.0
561.0 7581.0
9392.0 7173.0
1763.0 8582.0
3048.0 2876.0
717.0 4935.0
5196.0 3323.0
4421.0 2304.0
2515.0 1517.0
7570.0 493.0
854.0 2436.0
9946.0 4074.0
1300.0 6089.0
3458.0 1809.0
823.0 48.0
9260.0 1825.0
9049.0 9591.0
7739.0 1903.0
5311.0 6149.0
6745.0 6842.0
2527.0 7187.0
5932.0 7296.0
7070.0 3194.0
7521.0 6977.0
6169.0 9983.0
6381.0 7670.0
6986.0 6903.0
4749.0 3968.0
3947.0 4170.0
9459.0 2110.0
3445.0 4966.0
2003.0 9882.0
7503.0 486.0
4322.0 6959.0
503.0 8564.0
5634.0 7625.0
5588.0 9070.0
8182.0 271.0
9829.0 1755.0
2222.0 585.0
9773.0 4638.0
3142.0 7867.0
1450.0 3714.0
6028.0 6352.0
1468.0 7021.0
5553.0 5989.0
8276.0 8830.0
1517.0 9558.0
5213.0 2057.0
2918.0 5565.0
9426.0 9619.0
5888.0 8807.0
3274.0 7826.0
3335.0 3055.0
7325.0 7547.0
6673.0 2710.0
6512.0 1252.0
2472.0 2926.0
3606.0 6651.0
9361.0 28.0
6552.0 36.0
3092.0 6713.0
8800.0 5041.0
49.0 8901.0
4238.0 4955.0
2106.0 3672.0
797.0 9250.0
8159.0 195.0
9375.0 7513.0
181.0 8059.0
7126.0 6423.0
4178.0 9942.0
6768.0 7937.0
8861.0 7993.0
5991.0 9370.0
7427.0 5885.0
3540.0 8516.0
253.0 920.0
1126.0 9471.0
8902.0 3119.0
2736.0 7328.0
4245.0 692.0
5421.0 2422.0
4110.0 3836.0
8235.0 7261.0
8244.0 1233.0
8339.0 1841.0
985.0 6186.0
5937.0 5449.0
4486.0 1816.0
2125.0 5721.0
7823.0 7208.0
6235.0 8002.0
9862.0 8939.0
1811.0 748.0
6241.0 4895.0
2786.0 5130.0
3281.0 9795.0
3992.0 9445.0
4219.0 4335.0
2571.0 1592.0
5591.0 2361.0
9414.0 5185.0
4134.0 2983.0
2233.0 7522.0
7025.0 7068.0
4330.0 61.0
861.0 9995.0
5718.0 4569.0
7184.0 5094.0
5655.0 592.0
4913.0 4702.0
8198.0 2436.0
2569.0 8231.0
4913.0 6293.0
5595.0 9161.0
1280.0 722.0
6649.0 5387.0
5967.0 6083.0
9230.0 9817.0
4508.0 1153.0
7461.0 657.0
1541.0 7556.0
7406.0 3267.0
8160.0 5155.0
7756.0 8024.0
3528.0 4114.0
253.0 1118.0
2320.0 1757.0
2684.0 7642.0
2099.0 4911.0
9795.0 8961.0
7254.0 877.0
16.0 8722.0
8574.0 2705.0
8291.0 4433.0
62.0 6941.0
7905.0 4035.0
7112.0 4507.0
6655.0 9376.0
2628.0 7859.0
5190.0 996.0
183.0 126.0
7903.0 1131.0
5856.0 4350.0
9225.0 4370.0
2804.0 3530.0
630.0 7879.0
5194.0 4614.0
6271.0 5561.0
602.0 2091.0
7534.0 3139.0
2454.0 9379.0
9406.0 3510.0
6643.0 8653.0
3984.0 4330.0
8903.0 2264.0
8988.0 2207.0
2049.0 1464.0
1617.0 451.0
4672.0 523.0
636.0 9774.0
5417.0 6976.0
1979.0 3856.0
9419.0 1121.0
5788.0 4188.0
6016.0 454.0
5204.0 1134.0
9317.0 7177.0
9759.0 572.0
5774.0 9482.0
8736.0 8092.0
5300.0 9746.0
2351.0 5108.0
5073.0 5302.0
1078.0 3837.0
7620.0 9965.0
6018.0 541.0
7291.0 6984.0
5604.0 8953.0
1682.0 6534.0
6555.0 8298.0
7182.0 3490.0
9377.0 2804.0
170.0 3569.0
1315.0 2183.0
8016.0 8560.0
2039.0 4897.0
6463.0 3782.0
9997.0 8708.0
2504.0 3444.0
9711.0 5387.0
4342.0 2042.0
2937.0 8996.0
2538.0 2514.0
8961.0 9667.0
8978.0 4257.0
1971.0 7296.0
2696.0 6707.0
5780.0 2051.0
4229.0 6633.0
8808.0 1110.0
2543.0 9819.0
4631.0 3569.0
1190.0 272.0
5969.0 7900.0
2728.0 2660.0
2496.0 8876.0
3076.0 6116.0
5238.0 3420.0
9862.0 61.0
3010.0 7226.0
1362.0 5259.0
8675.0 6630.0
5184.0 5713.0
5596.0 2587.0
8217.0 9599.0
7157.0 6225.0
2028.0 9889.0
4651.0 7831.0
244.0 7840.0
1454.0 3754.0
7067.0 4993.0
3775.0 8045.0
8492.0 1858.0
863.0 8356.0
348.0 3963.0
36.0 7920.0
9756.0 8401.0
4350.0 8079.0
9115.0 6550.0
3283.0 8266.0
4188.0 1155.0
9271.0 2820.0
437.0 8403.0
5473.0 6615.0
4165.0 8159.0
2585.0 3844.0
7596.0 8055.0
5068.0 6928.0
9473.0 9561.0
9652.0 4927.0
5293.0 6726.0
1448.0 3400.0
3768.0 740.0
5539.0 90.0
8623.0 5993.0
4379.0 3381.0
7323.0 5775.0
3879.0 2926.0
847.0 8308.0
3504.0 4373.0
1078.0 6252.0
8261.0 2556.0
4955.0 5363.0
2891.0 155.0
6956.0 450.0
1167.0 1145.0
4014.0 9320.0
5604.0 1002.0
9497.0 7849.0
5448.0 8065.0
5310.0 1871.0
3323.0 2982.0
3757.0 4013.0
3329.0 5619.0
3262.0 6179.0
6003.0 1395.0
4509.0 812.0
7956.0 1401.0
6162.0 6636.0
6559.0 3280.0
1724.0 6995.0
2502.0 2227.0
1657.0 1502.0
5615.0 4049.0
7352.0 4119.0
1778.0 4699.0
6059.0 3376.0
1265.0 3194.0
8383.0 2836.0
1408.0 7331.0
2425.0 2535.0
8887.0 4120.0
1202.0 4514.0
9541.0 9326.0
2424.0 8113.0
6005.0 3076.0
2231.0 3225.0
6088.0 905.0
7008.0 2127.0
7165.0 2174.0
9860.0 3082.0
4511.0 272.0
857.0 1370.0
3870.0 1519.0
2663.0 5914.0
