1
1024 1 3.0 0.0 1000.0 3 160 240 100

6.5 13.5 29.3 58.5
13.0 27.0 58.5 117.0
19.5 40.5 87.8 175.5
26.0 54.0 117.0 234.0
39.0 81.0 175.5 351.0
52.0 108.0 234.0 468.0
58.5 121.5 263.3 526.5
65.0 135.0 292.5 585.0
78.0 162.0 351.0 702.0
0.0 180.0 390.0 780.0

2.0 5.0 8.0 11.0
5.0 8.0 11.0 14.0
9.0 12.0 15.0 18.0
11.0 14.0 17.0 20.0
15.0 18.0 21.0 24.0
18.0 21.0 24.0 27.0
20.0 23.0 26.0 29.0
25.0 28.0 31.0 34.0
29.0 32.0 35.0 38.0
0.0 34.0 37.0 40.0

295.0 5582.0
4260.0 1178.0
2298.0 7136.0
4638.0 4673.0
7305.0 7547.0
8977.0 3258.0
1398.0 4581.0
1681.0 5417.0
1873.0 9226.0
992.0 7939.0
7440.0 4155.0
5154.0 9722.0
5140.0 9281.0
5175.0 8315.0
4332.0 1327.0
5754.0 7363.0
605.0 6815.0
8514.0 5625.0
4966.0 399.0
4103.0 714.0
6145.0 2938.0
2300.0 3247.0
6389.0 6249.0
1700.0 9542.0
3573.0 3928.0
3100.0 3546.0
5001.0 172.0
3170.0 1152.0
734.0 1003.0
7525.0 2566.0
6801.0 4819.0
4792.0 890.0
1147.0 1681.0
5775.0 7586.0
7666.0 3243.0
4322.0 7988.0
6174.0 7756.0
8988.0 2516.0
8670.0 7041.0
7108.0 1770.0
4738.0 4863.0
5367.0 6152.0
1445.0 8603.0
3485.0 3200.0
5578.0 8655.0
99.0 8276.0
8580.0 2458.0
2467.0 6791.0
7037.0 2572.0
4068.0 8617.0
4056.0 724.0
6726.0 7860.0
9399.0 2221.0
6346.0 3654.0
8722.0 7661.0
3859.0 135.0
4759.0 1347.0
5488.0 6274.0
5816.0 8320.0
8940.0 8713.0
9428.0 4419.0
4602.0 3285.0
1512.0 6301.0
3374.0 3374.0
3889.0 804.0
5215.0 5776.0
5517.0 5606.0
5023.0 7240.0
5282.0 5551.0
4931.0 7330.0
6706.0 1598.0
4637.0 5794.0
7428.0 1772.0
3868.0 5090.0
8789.0 6059.0
3561.0 1239.0
3401.0 9631.0
4895.0 8672.0
1026.0 1350.0
7740.0 7221.0
5631.0 6926.0
2653.0 1938.0
8972.0 8676.0
3008.0 8892.0
8545.0 6278.0
6363.0 2611.0
272.0 5445.0
6670.0 3337.0
8757.0 3922.0
1426.0 4750.0
484.0 6736.0
368.0 5338.0
7784.0 5096.0
4813.0 9066.0
3947.0 5866.0
9243.0 3506.0
2311.0 1033.0
9241.0 6106.0
4690.0 9058.0
2377.0 1748.0
6992.0 2558.0
1142.0 7268.0
2373.0 9208.0
9536.0 1097.0
4788.0 5282.0
7414.0 8688.0
8275.0 3760.0
9187.0 6893.0
9845.0 1397.0
5972.0 2960.0
6312.0 1679.0
2818.0 6305.0
7916.0 3079.0
5076.0 3724.0
4106.0 4523.0
541.0 1219.0
9312.0 2484.0
6457.0 8092.0
9081.0 6619.0
2982.0 1470.0
9403.0 3354.0
7229.0 1936.0
4607.0 9344.0
4464.0 3421.0
1650.0 9216.0
5587.0 3021.0
1177.0 4502.0
2476.0 8906.0
8180.0 3191.0
5304.0 6990.0
7627.0 1803.0
8436.0 9511.0
2898.0 4399.0
4000.0 1205.0
7392.0 5449.0
4735.0 1218.0
2143.0 5966.0
219.0 1437.0
4807.0 4816.0
3079.0 4393.0
7872.0 9635.0
4282.0 6405.0
6435.0 4240.0
9112.0 4127.0
8399.0 1978.0
7933.0 5168.0
2450.0 6902.0
8336.0 5934.0
1657.0 7206.0
7778.0 2375.0
3047.0 7820.0
8311.0 1790.0
6012.0 1587.0
7504.0 6355.0
4894.0 936.0
2154.0 1537.0
3604.0 4459.0
3898.0 5067.0
2625.0 5310.0
8318.0 4624.0
1242.0 847.0
1646.0 4900.0
373.0 5412.0
1667.0 7213.0
3822.0 687.0
1925.0 7324.0
8337.0 518.0
833.0 9628.0
5296.0 9640.0
9784.0 8387.0
9394.0 8204.0
6872.0 9156.0
2174.0 6520.0
5316.0 6077.0
745.0 6946.0
8199.0 3205.0
4566.0 2313.0
3613.0 521.0
5604.0 2821.0
6818.0 7808.0
9767.0 5806.0
8516.0 2044.0
9921.0 5304.0
838.0 6483.0
3375.0 812.0
5151.0 2081.0
9154.0 7174.0
8282.0 4440.0
2952.0 9997.0
6258.0 1929.0
68.0 3515.0
7179.0 3141.0
9223.0 314.0
7302.0 4366.0
2578.0 4828.0
6954.0 218.0
9814.0 5031.0
5377.0 3112.0
6636.0 9230.0
6093.0 9728.0
530.0 7367.0
6904.0 5142.0
9150.0 8768.0
1117.0 7777.0
9169.0 722.0
9109.0 854.0
5947.0 4830.0
1822.0 8484.0
6880.0 520.0
294.0 7089.0
3767.0 7655.0
7829.0 5297.0
2054.0 2640.0
3901.0 7993.0
7308.0 4946.0
1409.0 2667.0
1763.0 3461.0
1359.0 8748.0
6304.0 4587.0
1604.0 3069.0
5726.0 6498.0
8721.0 7137.0
7635.0 6460.0
4635.0 4372.0
7825.0 649.0
2095.0 7971.0
7493.0 8360.0
5597.0 2570.0
152.0 5036.0
6858.0 5364.0
8569.0 1019.0
6447.0 4852.0
4604.0 5451.0
5663.0 7863.0
7291.0 7225.0
5279.0 8037.0
7007.0 7406.0
234.0 1422.0
6096.0 44.0
1889.0 7346.0
8783.0 777.0
1947.0 5235.0
5743.0 5149.0
4626.0 538.0
1163.0 1058.0
6207.0 5419.0
2665.0 2240.0
3537.0 2392.0
6927.0 2211.0
5607.0 1547.0
6359.0 577.0
4796.0 4542.0
4690.0 6122.0
6881.0 1030.0
1812.0 3605.0
1427.0 5661.0
729.0 3652.0
6642.0 6357.0
1976.0 7688.0
5311.0 6997.0
3344.0 2296.0
911.0 184.0
5272.0 9940.0
5489.0 8267.0
4758.0 5442.0
3438.0 3269.0
3135.0 158.0
7742.0 8894.0
5564.0 8229.0
7807.0 270.0
2603.0 1859.0
476.0 9600.0
6698.0 5007.0
8333.0 8380.0
8941.0 7417.0
1885.0 9348.0
3965.0 3403.0
4746.0 3828.0
3305.0 2300.0
3402.0 2640.0
94.0 9986.0
5668.0 1223.0
441.0 3411.0
4448.0 2162.0
9335.0 2526.0
5875.0 751.0
1435.0 6531.0
3464.0 1784.0
9598.0 3869.0
2348.0 8223.0
6487.0 7861.0
230.0 4908.0
7125.0 2405.0
4118.0 2979.0
2733.0 4665.0
4481.0 3169.0
8709.0 4135.0
894.0 8636.0
2106.0 21.0
5803.0 491.0
6445.0 1344.0
5484.0 1696.0
4233.0 6665.0
9825.0 7489.0
23.0 2877.0
5004.0 3000.0
9373.0 4942.0
5694.0 1226.0
1560.0 1016.0
5873.0 7031.0
6391.0 9857.0
9848.0 5322.0
7971.0 9949.0
7604.0 4081.0
776.0 2228.0
1066.0 5411.0
5880.0 857.0
379.0 252.0
7695.0 8938.0
1819.0 4952.0
4068.0 8590.0
1413.0 324.0
5087.0 7296.0
900.0 6393.0
8459.0 4948.0
5106.0 8464.0
1793.0 8487.0
2352.0 2687.0
4653.0 3565.0
1991.0 1794.0
5730.0 5137.0
5677.0 4151.0
2985.0 1396.0
1464.0 1805.0
7104.0 7972.0
2340.0 5688.0
1136.0 1800.0
3303.0 8628.0
1653.0 6578.0
3560.0 9355.0
9276.0 4227.0
2981.0 3148.0
8943.0 9265.0
4386.0 7285.0
2743.0 5511.0
5768.0 1980.0
691.0 7035.0
9072.0 9952.0
7274.0 7760.0
4612.0 291.0
4137.0 6646.0
2732.0 4802.0
1757.0 7847.0
6824.0 7471.0
5444.0 7780.0
4285.0 226.0
3540.0 3503.0
4539.0 661.0
8148.0 9316.0
5696.0 9882.0
1263.0 1017.0
3977.0 1132.0
1638.0 9698.0
2495.0 2378.0
245.0 9528.0
8483.0 8508.0
4685.0 6408.0
597.0 1302.0
5395.0 6929.0
364.0 7854.0
8999.0 9544.0
4404.0 598.0
6670.0 2363.0
6509.0 4602.0
7832.0 4493.0
1194.0 303.0
2075.0 327.0
2805.0 2337.0
4619.0 8708.0
6806.0 7631.0
3193.0 1373.0
2332.0 8431.0
6659.0 7591.0
7610.0 8408.0
8262.0 4418.0
2361.0 2532.0
8829.0 4471.0
3766.0 3858.0
7787.0 5645.0
5124.0 2899.0
2346.0 9684.0
8772.0 7745.0
7694.0 9015.0
7392.0 5594.0
3564.0 3764.0
302.0 8861.0
5017.0 3374.0
3822.0 1522.0
7803.0 9721.0
7334.0 3869.0
1133.0 1166.0
9113.0 6325.0
3234.0 9433.0
8564.0 5498.0
7528.0 3746.0
3933.0 8126.0
9784.0 9131.0
7114.0 1086.0
9107.0 8294.0
9649.0 8124.0
8095.0 8993.0
6521.0 6477.0
41.0 1327.0
6839.0 9044.0
3511.0 1832.0
3025.0 272.0
7156.0 3825.0
2594.0 6432.0
114.0 5891.0
9138.0 3426.0
5852.0 2941.0
1610.0 7812.0
9791.0 6739.0
3507.0 9200.0
3576.0 5330.0
6067.0 4682.0
1343.0 3265.0
2061.0 8466.0
5820.0 7062.0
9302.0 2371.0
4635.0 2778.0
5455.0 5358.0
9665.0 5154.0
8265.0 2744.0
4783.0 204.0
7795.0 8282.0
9863.0 5691.0
9771.0 4758.0
1379.0 6390.0
1655.0 1272.0
2460.0 3554.0
5528.0 7872.0
7757.0 505.0
4388.0 698.0
954.0 8748.0
975.0 3306.0
5299.0 1545.0
715.0 2330.0
9992.0 4333.0
2886.0 8153.0
7778.0 3938.0
6614.0 3747.0
1613.0 955.0
783.0 7343.0
737.0 2251.0
9493.0 7104.0
9020.0 2976.0
7123.0 8455.0
917.0 2.0
9651.0 7244.0
2901.0 1215.0
1283.0 4387.0
713.0 7564.0
8032.0 170.0
5282.0 7280.0
2329.0 8870.0
2675.0 4185.0
5265.0 6858.0
5919.0 4505.0
5582.0 9843.0
9048.0 9095.0
6993.0 7433.0
6235.0 494.0
7959.0 5667.0
1348.0 6726.0
493.0 685.0
5792.0 6257.0
7120.0 9203.0
4982.0 1024.0
7583.0 3948.0
6302.0 6954.0
9390.0 4733.0
3900.0 3873.0
8820.0 8320.0
8175.0 9240.0
1476.0 2739.0
295.0 2607.0
3987.0 4242.0
4614.0 212.0
975.0 7527.0
4331.0 1640.0
3866.0 2427.0
8238.0 2951.0
668.0 2706.0
8922.0 3185.0
8303.0 5137.0
5255.0 3677.0
1602.0 9521.0
4543.0 2075.0
5562.0 2816.0
2165.0 5494.0
9966.0 3033.0
9078.0 9697.0
7969.0 1072.0
8.0 3745.0
2751.0 1152.0
7714.0 2011.0
8839.0 3011.0
1147.0 7967.0
7199.0 1524.0
7871.0 6686.0
5700.0 1924.0
3595.0 5440.0
9048.0 1267.0
4166.0 4329.0
4802.0 9324.0
7875.0 1349.0
4557.0 4556.0
8426.0 8814.0
1915.0 3334.0
1424.0 540.0
1325.0 3069.0
9731.0 1720.0
4416.0 2428.0
5535.0 5881.0
2900.0 4273.0
9501.0 5865.0
9669.0 9523.0
9834.0 8220.0
2173.0 2569.0
6622.0 2942.0
4687.0 1426.0
9303.0 2953.0
8566.0 8286.0
7608.0 259.0
2090.0 8623.0
8836.0 8182.0
4003.0 9527.0
6805.0 1580.0
7344.0 429.0
338.0 9487.0
2675.0 1868.0
1632.0 7064.0
2302.0 489.0
7360.0 6290.0
9596.0 905.0
7863.0 7308.0
19.0 7622.0
2276.0 4825.0
2939.0 2655.0
9947.0 6498.0
5865.0 7029.0
997.0 2708.0
5169.0 6810.0
1369.0 9646.0
9928.0 6841.0
225.0 110.0
7965.0 7839.0
42.0 8947.0
5701.0 5025.0
2246.0 2531.0
5923.0 8944.0
3753.0 4221.0
59.0 1642.0
2259.0 174.0
4063.0 3867.0
632.0 2469.0
9528.0 1452.0
3254.0 8923.0
4105.0 1549.0
9673.0 1526.0
7843.0 1875.0
3412.0 7920.0
4554.0 8639.0
6283.0 2810.0
9791.0 1303.0
1064.0 8747.0
9560.0 4857.0
7882.0 8182.0
6346.0 2758.0
2171.0 1207.0
1575.0 6205.0
4529.0 5904.0
6095.0 7910.0
5357.0 706.0
2794.0 1034.0
9599.0 695.0
7945.0 6443.0
9471.0 2239.0
387.0 3961.0
5491.0 2893.0
133.0 5769.0
8696.0 5974.0
524.0 2632.0
9378.0 1718.0
510.0 6097.0
191.0 9444.0
6180.0 2347.0
3996.0 7632.0
3123.0 5857.0
9274.0 1330.0
3739.0 3530.0
8474.0 8808.0
6086.0 2467.0
7146.0 1861.0
3380.0 7047.0
4198.0 6696.0
5735.0 3460.0
6151.0 4797.0
8256.0 2386.0
718.0 5690.0
2078.0 2956.0
7580.0 6028.0
7458.0 3680.0
6695.0 1897.0
526.0 8491.0
7005.0 3770.0
7775.0 8583.0
881.0 6012.0
4925.0 3193.0
2163.0 5360.0
9233.0 5003.0
8147.0 5286.0
6867.0 8314.0
8371.0 5657.0
9436.0 676.0
5544.0 9607.0
6291.0 1109.0
6484.0 2041.0
1682.0 606.0
3401.0 6670.0
8381.0 3068.0
8389.0 1013.0
1878.0 7340.0
6470.0 1256.0
1740.0 3504.0
5044.0 1403.0
9242.0 9109.0
103.0 3615.0
2869.0 3485.0
2047.0 9170.0
5792.0 814.0
6470.0 1941.0
1920.0 5124.0
7753.0 8814.0
9624.0 2861.0
5821.0 3960.0
4746.0 1216.0
8923.0 6378.0
6981.0 2855.0
7775.0 2610.0
6243.0 231.0
8919.0 9062.0
8112.0 5135.0
7663.0 827.0
9969.0 1652.0
3432.0 6433.0
1914.0 3177.0
2901.0 434.0
9069.0 6674.0
8750.0 8240.0
4374.0 9827.0
4400.0 127.0
3472.0 9246.0
7569.0 3821.0
5785.0 405.0
8023.0 7569.0
8388.0 2466.0
7340.0 8129.0
1768.0 3650.0
1076.0 576.0
9092.0 5334.0
6153.0 9342.0
3067.0 5520.0
8840.0 2414.0
6997.0 4850.0
1167.0 3086.0
9148.0 838.0
6137.0 6196.0
2010.0 8463.0
4571.0 8253.0
572.0 7803.0
8947.0 3372.0
6188.0 1876.0
2089.0 9426.0
5170.0 336.0
1046.0 1334.0
3674.0 7204.0
9022.0 900.0
3003.0 3289.0
703.0 5109.0
1925.0 6472.0
8833.0 7308.0
5102.0 5502.0
2399.0 8166.0
9233.0 5482.0
9263.0 5850.0
1015.0 5709.0
8599.0 7314.0
3527.0 3015.0
995.0 5119.0
126.0 6301.0
6551.0 6708.0
7471.0 396.0
3851.0 5532.0
1771.0 9936.0
5132.0 5957.0
4850.0 6404.0
5530.0 6360.0
9146.0 4005.0
6729.0 7327.0
3238.0 2539.0
7886.0 4365.0
1996.0 7940.0
9165.0 7052.0
7968.0 3634.0
5746.0 9029.0
3099.0 8389.0
2654.0 5748.0
2379.0 8824.0
3261.0 9397.0
3536.0 7227.0
6806.0 2917.0
9357.0 7865.0
2803.0 7508.0
1754.0 7429.0
2661.0 567.0
9168.0 7802.0
1398.0 3440.0
1414.0 1790.0
4771.0 928.0
8573.0 4996.0
9700.0 6947.0
3026.0 9498.0
8315.0 3261.0
6238.0 7490.0
8499.0 702.0
4385.0 5556.0
6255.0 4785.0
9434.0 2739.0
7775.0 145.0
4778.0 8063.0
1533.0 693.0
7016.0 5686.0
3286.0 4923.0
7996.0 8334.0
9302.0 8271.0
3706.0 2188.0
5697.0 6942.0
9128.0 8885.0
4202.0 126.0
651.0 2798.0
7247.0 11.0
141.0 4260.0
7672.0 1507.0
7280.0 1893.0
958.0 6097.0
9259.0 9713.0
299.0 6732.0
9446.0 7162.0
7380.0 3175.0
9117.0 2746.0
4212.0 9717.0
8855.0 4434.0
3873.0 9678.0
8721.0 2485.0
508.0 3602.0
8791.0 2867.0
1436.0 560.0
4180.0 1927.0
6723.0 4486.0
1122.0 5487.0
4067.0 9944.0
3241.0 8020.0
9341.0 4254.0
9597.0 74.0
5665.0 5384.0
8604.0 4609.0
6334.0 7518.0
4439.0 5405.0
9473.0 8727.0
5029.0 3221.0
4757.0 7645.0
3220.0 7843.0
5058.0 8570.0
5236.0 6713.0
8365.0 6900.0
3023.0 3283.0
7828.0 9324.0
9584.0 766.0
281.0 5679.0
8902.0 9449.0
6093.0 1881.0
4553.0 8228.0
5699.0 5856.0
3622.0 3535.0
662.0 876.0
5001.0 1314.0
9623.0 3218.0
3695.0 211.0
1978.0 3558.0
5219.0 6653.0
4651.0 4013.0
6701.0 4964.0
9797.0 5254.0
3776.0 8192.0
3796.0 591.0
4898.0 7808.0
397.0 6448.0
7142.0 2945.0
3340.0 1154.0
123.0 2333.0
6337.0 6445.0
7116.0 4600.0
738.0 8603.0
4984.0 5108.0
3749.0 8648.0
7028.0 9971.0
2552.0 3486.0
5333.0 440.0
2167.0 2435.0
1742.0 3306.0
7428.0 6048.0
9037.0 5482.0
1900.0 6632.0
6441.0 3447.0
9113.0 2390.0
6035.0 690.0
3942.0 9596.0
9200.0 8841.0
4507.0 9716.0
4679.0 635.0
7421.0 890.0
2357.0 5395.0
1759.0 5691.0
9375.0 166.0
9585.0 9568.0
7663.0 2199.0
3397.0 6901.0
4503.0 922.0
3333.0 4059.0
225.0 82.0
9503.0 1408.0
9628.0 3201.0
7279.0 8648.0
6240.0 8034.0
5919.0 415.0
1006.0 8173.0
3355.0 1563.0
9517.0 2471.0
2504.0 4023.0
4372.0 5451.0
6961.0 9668.0
1783.0 4356.0
6415.0 6097.0
4019.0 1013.0
4643.0 4744.0
1789.0 9169.0
5439.0 3232.0
3172.0 469.0
4319.0 6387.0
8193.0 4730.0
6361.0 2819.0
640.0 2688.0
3037.0 6497.0
1239.0 1872.0
3369.0 5213.0
8766.0 8772.0
7282.0 372.0
8225.0 2969.0
1495.0 5001.0
7664.0 1384.0
806.0 9405.0
7758.0 3313.0
108.0 6378.0
741.0 9421.0
5017.0 382.0
7798.0 340.0
1429.0 7615.0
6515.0 3051.0
6889.0 6377.0
2493.0 5711.0
9097.0 9639.0
1717.0 4086.0
9423.0 4255.0
2800.0 5249.0
1770.0 3702.0
681.0 6723.0
9641.0 3776.0
5899.0 1716.0
6765.0 3165.0
6029.0 3623.0
9124.0 3293.0
8394.0 5451.0
8740.0 4374.0
5640.0 2346.0
2080.0 7062.0
8299.0 7857.0
8408.0 1641.0
909.0 7142.0
5963.0 9144.0
824.0 2738.0
6296.0 1328.0
1296.0 1091.0
9623.0 8919.0
2937.0 490.0
6547.0 30.0
164.0 3586.0
3998.0 3189.0
1725.0 140.0
5748.0 1858.0
6907.0 8184.0
341.0 9894.0
1538.0 4244.0
1808.0 9831.0
364.0 5795.0
994.0 8425.0
4926.0 1623.0
7875.0 6360.0
8522.0 8228.0
7694.0 1534.0
2363.0 2968.0
6284.0 7840.0
9517.0 7086.0
2419.0 3853.0
5759.0 4283.0
7551.0 8342.0
8908.0 3018.0
5778.0 2013.0
765.0 3183.0
9405.0 7407.0
8256.0 318.0
7936.0 1360.0
2864.0 3047.0
858.0 6939.0
9981.0 1873.0
7073.0 4276.0
2249.0 20.0
6312.0 2201.0
3516.0 9470.0
398.0 5103.0
2497.0 7867.0
4709.0 1917.0
7743.0 4450.0
2682.0 6666.0
8024.0 5678.0
8719.0 2465.0
4722.0 3712.0
7345.0 3398.0
5336.0 3422.0
8965.0 1185.0
9708.0 6072.0
5077.0 6065.0
3062.0 361.0
8289.0 3778.0
2461.0 3974.0
4994.0 3098.0
5786.0 1308.0
1055.0 807.0
4837.0 5547.0
3343.0 3523.0
6656.0 5735.0
2495.0 8312.0
9675.0 2022.0
4734.0 6487.0
3791.0 4742.0
3093.0 7507.0
5969.0 5492.0
922.0 2398.0
5473.0 868.0
3000.0 8597.0
5332.0 2030.0
2122.0 655.0
9133.0 5757.0
1502.0 3683.0
4750.0 5154.0
5860.0 8987.0
9115.0 679.0
6516.0 3777.0
617.0 4649.0
8375.0 9389.0
8245.0 4897.0
9130.0 4914.0
9070.0 5734.0
3546.0 5662.0
8172.0 6888.0
8179.0 8369.0
7605.0 3584.0
4367.0 7556.0
3514.0 3417.0
9866.0 9971.0
2989.0 8205.0
1960.0 6507.0
4780.0 1460.0
7415.0 3525.0
451.0 4660.0
7121.0 7988.0
5090.0 7980.0
5767.0 3328.0
9172.0 3642.0
9415.0 5449.0
5678.0 2555.0
6312.0 792.0
9063.0 7403.0
8801.0 867.0
5190.0 7854.0
6668.0 168.0
3822.0 6036.0
4802.0 6894.0
7765.0 2971.0
488.0 8370.0
5292.0 9104.0
8211.0 5608.0
4909.0 4607.0
2311.0 3898.0
4105.0 7622.0
336.0 8863.0
6156.0 1098.0
2457.0 9872.0
1608.0 1394.0
4786.0 5246.0
3520.0 4307.0
6954.0 6154.0
8089.0 6697.0

300.0 5586.0
4265.0 1183.0
2304.0 7141.0
4643.0 4678.0
7311.0 7552.0
8982.0 3264.0
1403.0 4587.0
1686.0 5423.0
1879.0 9232.0
998.0 7945.0
7445.0 4159.0
5158.0 9727.0
5144.0 9286.0
5181.0 8319.0
4337.0 1331.0
5759.0 7368.0
610.0 6820.0
8519.0 5630.0
4972.0 403.0
4107.0 719.0
6149.0 2943.0
2305.0 3252.0
6394.0 6255.0
1704.0 9548.0
3578.0 3933.0
3105.0 3551.0
5006.0 178.0
3174.0 1158.0
739.0 1008.0
7530.0 2570.0
6806.0 4825.0
4797.0 895.0
1152.0 1685.0
5779.0 7591.0
7671.0 3247.0
4327.0 7993.0
6178.0 7761.0
8993.0 2521.0
8675.0 7046.0
7114.0 1775.0
4742.0 4867.0
5373.0 6157.0
1450.0 8607.0
3490.0 3205.0
5583.0 8660.0
104.0 8281.0
8586.0 2464.0
2472.0 6797.0
7042.0 2577.0
4074.0 8623.0
4061.0 728.0
6732.0 7866.0
9404.0 2226.0
6351.0 3658.0
8727.0 7666.0
3865.0 140.0
4764.0 1352.0
5493.0 6280.0
5820.0 8325.0
8946.0 8717.0
9433.0 4424.0
4608.0 3290.0
1516.0 6306.0
3378.0 3379.0
3894.0 810.0
5219.0 5780.0
5522.0 5610.0
5027.0 7246.0
5288.0 5557.0
4937.0 7334.0
6711.0 1603.0
4642.0 5800.0
7433.0 1776.0
3874.0 5095.0
8794.0 6064.0
3565.0 1245.0
3406.0 9636.0
4899.0 8678.0
1031.0 1355.0
7745.0 7226.0
5636.0 6932.0
2657.0 1944.0
8977.0 8682.0
3014.0 8897.0
8550.0 6284.0
6368.0 2617.0
278.0 5450.0
6675.0 3342.0
8763.0 3927.0
1430.0 4755.0
488.0 6742.0
374.0 5343.0
7789.0 5101.0
4819.0 9071.0
3951.0 5871.0
9247.0 3511.0
2317.0 1038.0
9246.0 6110.0
4695.0 9062.0
2381.0 1752.0
6997.0 2563.0
1147.0 7272.0
2378.0 9213.0
9542.0 1103.0
4792.0 5287.0
7419.0 8693.0
8280.0 3764.0
9192.0 6898.0
9850.0 1402.0
5978.0 2965.0
6317.0 1684.0
2823.0 6311.0
7921.0 3085.0
5081.0 3728.0
4111.0 4529.0
547.0 1223.0
9318.0 2488.0
6462.0 8097.0
9085.0 6625.0
2988.0 1475.0
9408.0 3359.0
7235.0 1941.0
4611.0 9349.0
4469.0 3426.0
1655.0 9221.0
5592.0 3027.0
1183.0 4507.0
2481.0 8910.0
8186.0 3197.0
5308.0 6996.0
7632.0 1808.0
8441.0 9516.0
2903.0 4404.0
4005.0 1211.0
7398.0 5455.0
4741.0 1223.0
2148.0 5971.0
223.0 1442.0
4812.0 4821.0
3085.0 4397.0
7876.0 9641.0
4286.0 6411.0
6441.0 4245.0
9117.0 4133.0
8405.0 1983.0
7937.0 5173.0
2454.0 6907.0
8342.0 5940.0
1662.0 7211.0
7783.0 2381.0
3053.0 7826.0
8316.0 1796.0
6017.0 1592.0
7509.0 6361.0
4899.0 942.0
2159.0 1542.0
3608.0 4465.0
3903.0 5073.0
2630.0 5316.0
8322.0 4629.0
1246.0 853.0
1651.0 4905.0
378.0 5416.0
1671.0 7218.0
3826.0 693.0
1930.0 7329.0
8341.0 522.0
837.0 9632.0
5300.0 9645.0
9789.0 8393.0
9399.0 8209.0
6876.0 9162.0
2180.0 6525.0
5322.0 6082.0
749.0 6951.0
8205.0 3210.0
4570.0 2317.0
3618.0 525.0
5609.0 2827.0
6823.0 7813.0
9773.0 5812.0
8521.0 2049.0
9925.0 5309.0
844.0 6488.0
3381.0 817.0
5156.0 2085.0
9160.0 7179.0
8286.0 4446.0
2958.0 10001.0
6262.0 1934.0
73.0 3519.0
7184.0 3145.0
9227.0 319.0
7307.0 4371.0
2583.0 4832.0
6959.0 222.0
9820.0 5037.0
5382.0 3118.0
6641.0 9235.0
6098.0 9733.0
535.0 7373.0
6908.0 5148.0
9156.0 8773.0
1123.0 7781.0
9173.0 727.0
9114.0 859.0
5952.0 4835.0
1826.0 8488.0
6886.0 526.0
299.0 7093.0
3772.0 7660.0
7833.0 5303.0
2058.0 2645.0
3906.0 7998.0
7313.0 4950.0
1415.0 2671.0
1768.0 3466.0
1364.0 8754.0
6309.0 4592.0
1609.0 3074.0
5731.0 6504.0
8726.0 7143.0
7641.0 6464.0
4640.0 4377.0
7830.0 655.0
2099.0 7977.0
7499.0 8365.0
5603.0 2575.0
157.0 5041.0
6863.0 5370.0
8573.0 1023.0
6451.0 4857.0
4610.0 5455.0
5668.0 7869.0
7297.0 7231.0
5284.0 8042.0
7013.0 7411.0
240.0 1426.0
6101.0 49.0
1895.0 7352.0
8788.0 783.0
1951.0 5240.0
5748.0 5154.0
4630.0 543.0
1167.0 1063.0
6212.0 5424.0
2670.0 2245.0
3541.0 2396.0
6931.0 2216.0
5611.0 1553.0
6365.0 581.0
4801.0 4546.0
4694.0 6128.0
6885.0 1036.0
1817.0 3610.0
1432.0 5666.0
734.0 3656.0
6646.0 6363.0
1980.0 7693.0
5316.0 7001.0
3349.0 2301.0
916.0 189.0
5277.0 9945.0
5494.0 8272.0
4762.0 5447.0
3442.0 3274.0
3141.0 163.0
7746.0 8899.0
5568.0 8233.0
7812.0 276.0
2608.0 1864.0
481.0 9605.0
6704.0 5013.0
8338.0 8385.0
8946.0 7422.0
1889.0 9353.0
3969.0 3408.0
4751.0 3832.0
3309.0 2305.0
3406.0 2646.0
100.0 9991.0
5673.0 1228.0
446.0 3417.0
4453.0 2167.0
9340.0 2530.0
5880.0 755.0
1440.0 6535.0
3469.0 1790.0
9603.0 3874.0
2354.0 8229.0
6491.0 7867.0
236.0 4914.0
7130.0 2409.0
4122.0 2985.0
2737.0 4669.0
4487.0 3175.0
8714.0 4140.0
900.0 8640.0
2112.0 27.0
5808.0 496.0
6450.0 1349.0
5490.0 1702.0
4237.0 6670.0
9831.0 7493.0
28.0 2883.0
5010.0 3004.0
9379.0 4948.0
5700.0 1230.0
1565.0 1021.0
5878.0 7035.0
6397.0 9862.0
9853.0 5327.0
7977.0 9954.0
7609.0 4086.0
780.0 2233.0
1071.0 5416.0
5884.0 861.0
385.0 256.0
7699.0 8943.0
1825.0 4957.0
4072.0 8595.0
1418.0 329.0
5091.0 7301.0
904.0 6398.0
8464.0 4953.0
5112.0 8469.0
1798.0 8492.0
2358.0 2692.0
4658.0 3571.0
1995.0 1798.0
5735.0 5142.0
5682.0 4156.0
2990.0 1402.0
1469.0 1809.0
7110.0 7976.0
2346.0 5693.0
1141.0 1805.0
3308.0 8633.0
1657.0 6584.0
3565.0 9360.0
9281.0 4233.0
2986.0 3153.0
8949.0 9271.0
4390.0 7291.0
2748.0 5515.0
5773.0 1984.0
695.0 7040.0
9077.0 9957.0
7279.0 7765.0
4618.0 295.0
4142.0 6650.0
2736.0 4806.0
1762.0 7852.0
6828.0 7475.0
5448.0 7785.0
4290.0 230.0
3546.0 3508.0
4544.0 666.0
8152.0 9321.0
5702.0 9888.0
1269.0 1021.0
3983.0 1138.0
1643.0 9702.0
2499.0 2383.0
250.0 9532.0
8488.0 8512.0
4690.0 6414.0
603.0 1308.0
5399.0 6935.0
368.0 7858.0
9004.0 9549.0
4410.0 603.0
6675.0 2368.0
6513.0 4608.0
7837.0 4499.0
1199.0 308.0
2081.0 333.0
2810.0 2342.0
4623.0 8712.0
6812.0 7636.0
3198.0 1378.0
2337.0 8435.0
6663.0 7596.0
7614.0 8414.0
8267.0 4424.0
2365.0 2536.0
8834.0 4477.0
3771.0 3862.0
7792.0 5650.0
5129.0 2905.0
2351.0 9689.0
8777.0 7749.0
7699.0 9020.0
7396.0 5599.0
3568.0 3769.0
308.0 8866.0
5021.0 3378.0
3827.0 1527.0
7808.0 9727.0
7339.0 3874.0
1138.0 1172.0
9119.0 6329.0
3239.0 9438.0
8569.0 5503.0
7533.0 3751.0
3938.0 8132.0
9790.0 9136.0
7120.0 1090.0
9112.0 8298.0
9654.0 8129.0
8099.0 8997.0
6525.0 6482.0
46.0 1332.0
6845.0 9049.0
3516.0 1836.0
3031.0 278.0
7161.0 3830.0
2599.0 6438.0
118.0 5895.0
9143.0 3430.0
5856.0 2946.0
1616.0 7817.0
9797.0 6744.0
3511.0 9204.0
3581.0 5336.0
6071.0 4688.0
1348.0 3271.0
2067.0 8470.0
5825.0 7066.0
9306.0 2376.0
4641.0 2784.0
5459.0 5364.0
9669.0 5159.0
8271.0 2748.0
4789.0 210.0
7800.0 8287.0
9868.0 5697.0
9775.0 4763.0
1385.0 6395.0
1660.0 1276.0
2465.0 3559.0
5534.0 7878.0
7763.0 510.0
4393.0 703.0
960.0 8754.0
979.0 3310.0
5305.0 1549.0
719.0 2334.0
9998.0 4339.0
2892.0 8158.0
7784.0 3943.0
6619.0 3752.0
1618.0 961.0
789.0 7349.0
741.0 2257.0
9498.0 7108.0
9025.0 2981.0
7127.0 8460.0
923.0 7.0
9657.0 7249.0
2906.0 1221.0
1288.0 4392.0
719.0 7569.0
8036.0 174.0
5287.0 7284.0
2334.0 8875.0
2679.0 4189.0
5269.0 6864.0
5924.0 4509.0
5587.0 9848.0
9054.0 9099.0
6999.0 7437.0
6241.0 498.0
7964.0 5671.0
1354.0 6730.0
497.0 689.0
5796.0 6261.0
7125.0 9208.0
4988.0 1030.0
7587.0 3953.0
6307.0 6959.0
9395.0 4737.0
3905.0 3878.0
8826.0 8324.0
8179.0 9246.0
1480.0 2744.0
301.0 2612.0
3992.0 4247.0
4620.0 216.0
980.0 7531.0
4337.0 1645.0
3872.0 2431.0
8244.0 2956.0
674.0 2711.0
8926.0 3190.0
8308.0 5142.0
5259.0 3683.0
1606.0 9527.0
4549.0 2079.0
5567.0 2821.0
2171.0 5499.0
9970.0 3037.0
9083.0 9702.0
7974.0 1077.0
13.0 3750.0
2756.0 1156.0
7718.0 2017.0
8844.0 3017.0
1152.0 7973.0
7205.0 1529.0
7875.0 6691.0
5705.0 1929.0
3599.0 5446.0
9053.0 1273.0
4171.0 4334.0
4808.0 9329.0
7880.0 1354.0
4562.0 4561.0
8432.0 8819.0
1919.0 3338.0
1430.0 544.0
1330.0 3074.0
9736.0 1725.0
4422.0 2432.0
5540.0 5885.0
2905.0 4278.0
9505.0 5871.0
9674.0 9527.0
9838.0 8224.0
2179.0 2575.0
6626.0 2946.0
4693.0 1432.0
9308.0 2958.0
8571.0 8292.0
7613.0 263.0
2095.0 8629.0
8842.0 8187.0
4008.0 9532.0
6810.0 1586.0
7348.0 435.0
343.0 9491.0
2680.0 1874.0
1638.0 7069.0
2307.0 493.0
7364.0 6295.0
9602.0 909.0
7868.0 7312.0
24.0 7627.0
2281.0 4830.0
2945.0 2660.0
9953.0 6503.0
5870.0 7033.0
1002.0 2712.0
5175.0 6816.0
1375.0 9652.0
9934.0 6845.0
229.0 115.0
7970.0 7845.0
47.0 8953.0
5706.0 5031.0
2250.0 2535.0
5928.0 8950.0
3759.0 4226.0
64.0 1646.0
2264.0 180.0
4067.0 3872.0
637.0 2474.0
9532.0 1457.0
3260.0 8928.0
4109.0 1553.0
9679.0 1532.0
7848.0 1881.0
3418.0 7925.0
4559.0 8645.0
6289.0 2815.0
9795.0 1309.0
1068.0 8751.0
9564.0 4862.0
7887.0 8188.0
6350.0 2763.0
2176.0 1211.0
1579.0 6210.0
4533.0 5909.0
6101.0 7914.0
5362.0 711.0
2799.0 1040.0
9604.0 701.0
7950.0 6449.0
9477.0 2245.0
391.0 3967.0
5496.0 2898.0
139.0 5775.0
8702.0 5980.0
529.0 2636.0
9383.0 1723.0
514.0 6101.0
195.0 9448.0
6185.0 2351.0
4002.0 7636.0
3128.0 5863.0
9280.0 1335.0
3744.0 3535.0
8479.0 8813.0
6091.0 2472.0
7152.0 1865.0
3385.0 7051.0
4203.0 6700.0
5740.0 3466.0
6155.0 4802.0
8260.0 2391.0
723.0 5695.0
2083.0 2960.0
7585.0 6033.0
7463.0 3686.0
6699.0 1903.0
531.0 8497.0
7010.0 3776.0
7781.0 8587.0
886.0 6018.0
4930.0 3198.0
2169.0 5366.0
9238.0 5009.0
8152.0 5292.0
6872.0 8318.0
8376.0 5662.0
9441.0 680.0
5550.0 9612.0
6296.0 1113.0
6489.0 2046.0
1686.0 610.0
3406.0 6675.0
8386.0 3072.0
8395.0 1017.0
1883.0 7344.0
6476.0 1261.0
1746.0 3510.0
5049.0 1407.0
9246.0 9114.0
108.0 3620.0
2874.0 3490.0
2051.0 9175.0
5798.0 819.0
6475.0 1947.0
1925.0 5130.0
7758.0 8819.0
9630.0 2865.0
5827.0 3966.0
4751.0 1220.0
8928.0 6383.0
6986.0 2861.0
7779.0 2615.0
6248.0 236.0
8924.0 9067.0
8116.0 5141.0
7667.0 831.0
9975.0 1656.0
3436.0 6439.0
1919.0 3183.0
2906.0 439.0
9074.0 6679.0
8756.0 8246.0
4378.0 9832.0
4405.0 132.0
3476.0 9252.0
7575.0 3827.0
5790.0 411.0
8027.0 7574.0
8393.0 2471.0
7345.0 8135.0
1773.0 3655.0
1081.0 581.0
9098.0 5338.0
6159.0 9348.0
3073.0 5525.0
8845.0 2420.0
7002.0 4856.0
1171.0 3091.0
9154.0 843.0
6143.0 6202.0
2016.0 8468.0
4576.0 8257.0
578.0 7807.0
8952.0 3378.0
6194.0 1881.0
2094.0 9430.0
5174.0 341.0
1050.0 1340.0
3679.0 7210.0
9028.0 905.0
3008.0 3294.0
708.0 5115.0
1931.0 6477.0
8838.0 7314.0
5106.0 5508.0
2404.0 8172.0
9238.0 5486.0
9268.0 5856.0
1020.0 5715.0
8603.0 7319.0
3532.0 3021.0
1001.0 5124.0
131.0 6306.0
6557.0 6714.0
7477.0 401.0
3856.0 5537.0
1776.0 9941.0
5136.0 5963.0
4854.0 6409.0
5535.0 6365.0
9151.0 4011.0
6735.0 7333.0
3243.0 2544.0
7891.0 4370.0
2001.0 7944.0
9170.0 7058.0
7972.0 3638.0
5752.0 9033.0
3104.0 8393.0
2659.0 5754.0
2384.0 8829.0
3265.0 9403.0
3540.0 7233.0
6811.0 2922.0
9362.0 7869.0
2809.0 7512.0
1759.0 7434.0
2665.0 572.0
9174.0 7807.0
1404.0 3445.0
1418.0 1796.0
4775.0 932.0
8577.0 5002.0
9704.0 6952.0
3030.0 9503.0
8321.0 3265.0
6243.0 7496.0
8503.0 706.0
4391.0 5561.0
6261.0 4791.0
9439.0 2744.0
7780.0 149.0
4783.0 8068.0
1538.0 698.0
7020.0 5692.0
3292.0 4929.0
8001.0 8338.0
9307.0 8277.0
3712.0 2193.0
5703.0 6947.0
9133.0 8890.0
4207.0 132.0
656.0 2804.0
7252.0 17.0
147.0 4265.0
7677.0 1512.0
7285.0 1899.0
963.0 6102.0
9263.0 9718.0
303.0 6738.0
9451.0 7167.0
7385.0 3180.0
9122.0 2750.0
4217.0 9722.0
8860.0 4440.0
3878.0 9682.0
8725.0 2490.0
514.0 3607.0
8797.0 2873.0
1441.0 564.0
4185.0 1932.0
6727.0 4491.0
1128.0 5493.0
4072.0 9950.0
3246.0 8025.0
9346.0 4258.0
9603.0 78.0
5669.0 5389.0
8608.0 4614.0
6340.0 7524.0
4444.0 5410.0
9478.0 8732.0
5034.0 3225.0
4762.0 7650.0
3225.0 7849.0
5063.0 8575.0
5241.0 6718.0
8371.0 6905.0
3027.0 3288.0
7832.0 9328.0
9589.0 771.0
287.0 5685.0
8908.0 9454.0
6099.0 1886.0
4559.0 8234.0
5704.0 5861.0
3626.0 3541.0
667.0 881.0
5006.0 1319.0
9629.0 3223.0
3701.0 216.0
1983.0 3563.0
5223.0 6658.0
4655.0 4019.0
6705.0 4970.0
9801.0 5259.0
3782.0 8197.0
3801.0 595.0
4904.0 7812.0
403.0 6453.0
7147.0 2951.0
3344.0 1159.0
128.0 2338.0
6342.0 6450.0
7120.0 4605.0
743.0 8609.0
4989.0 5112.0
3754.0 8652.0
7034.0 9977.0
2558.0 3490.0
5337.0 444.0
2172.0 2440.0
1746.0 3310.0
7434.0 6053.0
9043.0 5486.0
1905.0 6637.0
6447.0 3451.0
9118.0 2395.0
6039.0 696.0
3947.0 9601.0
9205.0 8847.0
4511.0 9721.0
4683.0 640.0
7427.0 895.0
2362.0 5401.0
1764.0 5696.0
9381.0 170.0
9591.0 9573.0
7668.0 2203.0
3402.0 6905.0
4509.0 928.0
3338.0 4064.0
231.0 86.0
9509.0 1412.0
9633.0 3207.0
7284.0 8653.0
6246.0 8040.0
5925.0 419.0
1010.0 8178.0
3360.0 1567.0
9523.0 2477.0
2509.0 4029.0
4378.0 5455.0
6966.0 9673.0
1789.0 4361.0
6420.0 6102.0
4024.0 1019.0
4648.0 4749.0
1795.0 9174.0
5445.0 3238.0
3177.0 474.0
4324.0 6393.0
8198.0 4736.0
6367.0 2825.0
644.0 2693.0
3042.0 6502.0
1244.0 1877.0
3375.0 5219.0
8771.0 8778.0
7288.0 378.0
8230.0 2974.0
1501.0 5007.0
7669.0 1388.0
811.0 9410.0
7762.0 3318.0
113.0 6382.0
747.0 9426.0
5022.0 388.0
7803.0 344.0
1435.0 7619.0
6520.0 3056.0
6894.0 6383.0
2497.0 5717.0
9103.0 9645.0
1721.0 4090.0
9428.0 4261.0
2806.0 5255.0
1774.0 3707.0
686.0 6727.0
9645.0 3780.0
5904.0 1720.0
6770.0 3170.0
6034.0 3628.0
9128.0 3299.0
8398.0 5456.0
8745.0 4379.0
5645.0 2351.0
2086.0 7068.0
8305.0 7861.0
8413.0 1646.0
914.0 7147.0
5968.0 9149.0
829.0 2744.0
6300.0 1332.0
1301.0 1096.0
9628.0 8924.0
2942.0 494.0
6553.0 34.0
170.0 3591.0
4003.0 3194.0
1729.0 145.0
5753.0 1862.0
6912.0 8190.0
346.0 9899.0
1544.0 4248.0
1813.0 9837.0
369.0 5800.0
999.0 8431.0
4931.0 1629.0
7881.0 6365.0
8527.0 8234.0
7700.0 1539.0
2368.0 2972.0
6289.0 7845.0
9522.0 7091.0
2424.0 3857.0
5764.0 4288.0
7557.0 8347.0
8914.0 3024.0
5782.0 2019.0
770.0 3188.0
9411.0 7411.0
8260.0 323.0
7942.0 1365.0
2869.0 3053.0
863.0 6944.0
9986.0 1877.0
7079.0 4281.0
2253.0 25.0
6317.0 2205.0
3520.0 9476.0
403.0 5109.0
2502.0 7871.0
4714.0 1923.0
7748.0 4456.0
2687.0 6671.0
8029.0 5682.0
8723.0 2469.0
4727.0 3717.0
7351.0 3403.0
5340.0 3428.0
8970.0 1190.0
9712.0 6077.0
5082.0 6070.0
3067.0 366.0
8294.0 3782.0
2465.0 3979.0
4998.0 3103.0
5792.0 1313.0
1060.0 812.0
4842.0 5551.0
3347.0 3528.0
6661.0 5740.0
2499.0 8318.0
9680.0 2027.0
4738.0 6492.0
3796.0 4748.0
3098.0 7513.0
5974.0 5497.0
927.0 2403.0
5478.0 872.0
3004.0 8602.0
5337.0 2034.0
2126.0 660.0
9137.0 5762.0
1508.0 3688.0
4756.0 5160.0
5865.0 8992.0
9119.0 685.0
6522.0 3781.0
622.0 4653.0
8379.0 9393.0
8250.0 4902.0
9136.0 4919.0
9075.0 5740.0
3551.0 5667.0
8178.0 6893.0
8183.0 8374.0
7610.0 3590.0
4373.0 7560.0
3520.0 3422.0
9871.0 9976.0
2994.0 8209.0
1965.0 6513.0
4785.0 1464.0
7420.0 3529.0
455.0 4665.0
7126.0 7992.0
5094.0 7986.0
5771.0 3333.0
9178.0 3647.0
9419.0 5454.0
5683.0 2559.0
6316.0 798.0
9067.0 7409.0
8805.0 872.0
5194.0 7859.0
6673.0 173.0
3826.0 6042.0
4807.0 6898.0
7771.0 2977.0
494.0 8374.0
5296.0 9110.0
8215.0 5612.0
4913.0 4611.0
2315.0 3904.0
4109.0 7627.0
342.0 8867.0
6162.0 1103.0
2462.0 9876.0
1612.0 1398.0
4791.0 5250.0
3525.0 4312.0
6959.0 6158.0
8093.0 6701.0
