1
1024 1 3.0 0.0 1000.0 3 160 240 100

6.5 13.5 29.3 58.5
13.0 27.0 58.5 117.0
19.5 40.5 87.8 175.5
26.0 54.0 117.0 234.0
39.0 81.0 175.5 351.0
52.0 108.0 234.0 468.0
58.5 121.5 263.3 526.5
65.0 135.0 292.5 585.0
78.0 162.0 351.0 702.0
0.0 180.0 390.0 780.0

2.0 5.0 8.0 11.0
5.0 8.0 11.0 14.0
9.0 12.0 15.0 18.0
11.0 14.0 17.0 20.0
15.0 18.0 21.0 24.0
18.0 21.0 24.0 27.0
20.0 23.0 26.0 29.0
25.0 28.0 31.0 34.0
29.0 32.0 35.0 38.0
0.0 34.0 37.0 40.0

7275.0 8755.0
3142.0 6163.0
5530.0 2915.0
276.0 5101.0
4734.0 5732.0
3300.0 6475.0
4003.0 7242.0
4477.0 7581.0
2695.0 8164.0
7683.0 234.0
8102.0 5862.0
2071.0 2065.0
9872.0 7403.0
2328.0 569.0
1495.0 6622.0
7110.0 8048.0
1713.0 4617.0
9765.0 8128.0
1210.0 5575.0
7945.0 7001.0
2418.0 2355.0
1203.0 5073.0
2805.0 8730.0
8182.0 7162.0
4497.0 7714.0
7500.0 1927.0
5567.0 7883.0
8923.0 3684.0
870.0 2100.0
3933.0 2271.0
2754.0 5564.0
7301.0 9134.0
4503.0 2597.0
3746.0 291.0
1878.0 4077.0
6304.0 9341.0
582.0 9939.0
5493.0 6182.0
25.0 3649.0
883.0 9600.0
6228.0 8077.0
9169.0 4398.0
9214.0 4672.0
5353.0 6223.0
2752.0 354.0
6129.0 9757.0
6792.0 9052.0
7082.0 8444.0
5448.0 7276.0
7796.0 6397.0
5878.0 5662.0
1472.0 5676.0
5921.0 889.0
8163.0 4579.0
831.0 4888.0
3223.0 5119.0
1964.0 756.0
5074.0 351.0
2774.0 7286.0
8891.0 4717.0
9964.0 6535.0
5305.0 3056.0
143.0 1332.0
5733.0 6471.0
4850.0 2157.0
8426.0 5690.0
9280.0 5282.0
1843.0 5102.0
2584.0 6613.0
4455.0 3122.0
71.0 8127.0
2573.0 7061.0
188.0 6331.0
306.0 3152.0
1611.0 4651.0
8249.0 4901.0
8308.0 4164.0
13.0 5433.0
2921.0 9594.0
8170.0 1987.0
1322.0 9976.0
3758.0 3234.0
3694.0 5912.0
5900.0 2570.0
9982.0 7828.0
680.0 3063.0
82.0 2143.0
848.0 2205.0
1597.0 4772.0
472.0 7138.0
531.0 3869.0
1136.0 3522.0
2760.0 6234.0
8773.0 3705.0
6641.0 4284.0
2758.0 2353.0
9604.0 3015.0
1340.0 218.0
4076.0 8863.0
28.0 9201.0
604.0 4879.0
2023.0 4363.0
8507.0 9132.0
2314.0 1072.0
6922.0 5753.0
9513.0 7931.0
1597.0 537.0
2063.0 8651.0
5276.0 5518.0
7890.0 8552.0
2025.0 9421.0
9120.0 3831.0
8366.0 3417.0
5957.0 4276.0
6549.0 4094.0
6324.0 2593.0
7829.0 8046.0
362.0 5998.0
6102.0 5012.0
1405.0 8244.0
4731.0 8962.0
7511.0 2750.0
1941.0 9055.0
167.0 9994.0
2608.0 4883.0
9267.0 4830.0
6819.0 2904.0
5954.0 1898.0
8033.0 3496.0
7442.0 9791.0
6207.0 524.0
411.0 7140.0
3736.0 7859.0
2076.0 6280.0
4554.0 9743.0
536.0 2672.0
9253.0 4416.0
8504.0 726.0
1576.0 2940.0
7013.0 9207.0
4117.0 7600.0
8213.0 1881.0
3601.0 6829.0
8842.0 1559.0
8586.0 6047.0
8491.0 8216.0
4936.0 6345.0
9252.0 4337.0
6920.0 5411.0
5859.0 3162.0
4288.0 7632.0
7911.0 7991.0
8181.0 2772.0
8297.0 3209.0
1210.0 5137.0
4412.0 207.0
9583.0 7660.0
1260.0 3849.0
7598.0 7797.0
8064.0 7657.0
7384.0 4667.0
2473.0 8380.0
9220.0 9335.0
8960.0 3100.0
301.0 2667.0
533.0 4556.0
2286.0 7655.0
5338.0 2831.0
487.0 5639.0
2279.0 4085.0
58.0 8335.0
2232.0 9484.0
7022.0 84.0
3973.0 9989.0
4498.0 7231.0
6412.0 5188.0
6968.0 4057.0
1247.0 6804.0
7955.0 7171.0
2612.0 74.0
8941.0 2783.0
2859.0 8641.0
9892.0 3759.0
6044.0 1131.0
4237.0 5891.0
3230.0 90.0
3651.0 5276.0
6212.0 6415.0
493.0 1238.0
8764.0 4985.0
8257.0 1686.0
7000.0 9612.0
2880.0 342.0
2967.0 8013.0
263.0 7740.0
8059.0 9947.0
7850.0 412.0
5354.0 4178.0
631.0 5184.0
2484.0 2452.0
4403.0 7981.0
9135.0 1115.0
1654.0 9069.0
5772.0 3578.0
7912.0 9141.0
2703.0 9255.0
8919.0 3161.0
1075.0 7165.0
1475.0 1381.0
9904.0 4848.0
3304.0 9450.0
5744.0 5760.0
9805.0 2020.0
4096.0 825.0
8017.0 6768.0
4154.0 2284.0
673.0 8252.0
998.0 527.0
5676.0 3503.0
1826.0 7058.0
8870.0 3784.0
5333.0 9270.0
425.0 9413.0
5836.0 5176.0
7727.0 7078.0
6249.0 8776.0
89.0 1547.0
6508.0 9225.0
3160.0 6197.0
6542.0 9443.0
3370.0 9265.0
5404.0 2368.0
5263.0 5249.0
655.0 5476.0
7082.0 3357.0
4598.0 6768.0
2436.0 7435.0
6479.0 7863.0
8423.0 4269.0
2239.0 2371.0
3049.0 9698.0
5933.0 209.0
7289.0 4425.0
9407.0 1031.0
9657.0 3971.0
9339.0 2414.0
3622.0 9654.0
3252.0 999.0
736.0 33.0
8582.0 7210.0
4805.0 4717.0
1428.0 6755.0
4977.0 4958.0
4062.0 4542.0
8086.0 7940.0
2815.0 9194.0
3104.0 4175.0
434.0 8810.0
3054.0 9937.0
9522.0 1161.0
2239.0 9119.0
6138.0 3952.0
9138.0 1452.0
5193.0 3345.0
7806.0 6492.0
1714.0 1387.0
3160.0 5284.0
4592.0 5515.0
7969.0 4123.0
1914.0 5804.0
1920.0 7328.0
9479.0 8114.0
5613.0 8430.0
6595.0 3809.0
4818.0 1711.0
5774.0 9204.0
2867.0 8480.0
5403.0 414.0
1519.0 5029.0
7017.0 1757.0
3156.0 1655.0
1253.0 8386.0
9657.0 4688.0
9109.0 6306.0
5806.0 5917.0
7587.0 5445.0
7578.0 6347.0
1344.0 3943.0
8173.0 3679.0
4430.0 4314.0
7117.0 5459.0
8733.0 4665.0
323.0 2269.0
8227.0 613.0
1423.0 7917.0
615.0 6080.0
7249.0 6003.0
481.0 3622.0
2812.0 4802.0
554.0 7460.0
3617.0 4859.0
167.0 4876.0
5674.0 6227.0
2535.0 4139.0
6065.0 4747.0
4942.0 9623.0
9401.0 9291.0
8435.0 7280.0
8035.0 4386.0
6142.0 6134.0
6371.0 5126.0
1795.0 3971.0
2139.0 3784.0
2574.0 7858.0
9959.0 53.0
2875.0 2694.0
5075.0 9310.0
8086.0 3430.0
7592.0 5834.0
9998.0 9131.0
71.0 379.0
7932.0 9541.0
3843.0 4029.0
2190.0 7326.0
1876.0 2733.0
8934.0 1642.0
8566.0 9453.0
8096.0 1203.0
9287.0 3321.0
8413.0 7514.0
5064.0 7734.0
6198.0 1426.0
213.0 1788.0
6934.0 8682.0
3302.0 1976.0
1316.0 2620.0
4283.0 3558.0
9816.0 4686.0
3155.0 3517.0
2397.0 5939.0
7990.0 9522.0
2451.0 5196.0
2699.0 1797.0
6596.0 1986.0
7370.0 7330.0
4398.0 4985.0
6538.0 8319.0
4647.0 9083.0
3233.0 9280.0
7274.0 6755.0
9171.0 9720.0
2517.0 1899.0
3917.0 1809.0
1431.0 6805.0
8398.0 4935.0
4356.0 5418.0
591.0 1590.0
6423.0 8560.0
3764.0 1471.0
1730.0 9273.0
96.0 3228.0
259.0 8950.0
5047.0 5773.0
4153.0 7418.0
321.0 3552.0
2453.0 2635.0
5776.0 2703.0
5893.0 8162.0
3125.0 7519.0
5853.0 9086.0
6797.0 9112.0
4080.0 9545.0
9788.0 713.0
2266.0 7522.0
4873.0 6513.0
3098.0 5078.0
4013.0 3447.0
6870.0 4685.0
1326.0 7864.0
266.0 4820.0
7457.0 1464.0
6413.0 483.0
5714.0 3444.0
7807.0 6818.0
2806.0 8245.0
6207.0 6473.0
9551.0 834.0
6110.0 3894.0
9389.0 3915.0
902.0 2196.0
5065.0 4001.0
3279.0 783.0
6328.0 5749.0
4059.0 4376.0
3993.0 6478.0
5967.0 6624.0
8231.0 5284.0
1505.0 3951.0
1420.0 3656.0
6507.0 7803.0
8424.0 7030.0
3478.0 5971.0
9649.0 9165.0
1324.0 6143.0
4716.0 3782.0
565.0 7345.0
7120.0 363.0
5644.0 7455.0
2710.0 3533.0
8424.0 7431.0
7359.0 7932.0
9484.0 5431.0
1652.0 2995.0
6301.0 6486.0
2972.0 4562.0
9939.0 5891.0
7813.0 2711.0
4328.0 6969.0
9677.0 7750.0
4750.0 6389.0
419.0 8774.0
4618.0 2685.0
5371.0 1692.0
2167.0 6156.0
5114.0 6155.0
1144.0 793.0
9241.0 3281.0
2102.0 1411.0
9962.0 8614.0
3409.0 1654.0
5912.0 7202.0
3561.0 1011.0
8995.0 235.0
8906.0 1544.0
9637.0 5136.0
3381.0 7458.0
8287.0 3541.0
9365.0 3204.0
3518.0 4057.0
1242.0 8257.0
9582.0 9231.0
5788.0 9252.0
8775.0 8638.0
5973.0 2625.0
6451.0 2499.0
7280.0 3442.0
9051.0 2751.0
8152.0 8554.0
7990.0 970.0
8658.0 4776.0
4753.0 5078.0
3986.0 5220.0
5060.0 9231.0
1860.0 9469.0
2438.0 3815.0
5488.0 5748.0
4064.0 4959.0
6135.0 5758.0
4230.0 5480.0
1935.0 5330.0
3263.0 1665.0
2027.0 6576.0
2285.0 2827.0
7628.0 9689.0
6629.0 3021.0
4145.0 5064.0
3290.0 6855.0
922.0 8899.0
244.0 3802.0
7725.0 7943.0
8000.0 7923.0
9567.0 1555.0
6228.0 2427.0
3979.0 1734.0
817.0 965.0
7319.0 4295.0
9216.0 95.0
9232.0 6833.0
4408.0 9806.0
6850.0 1673.0
368.0 1535.0
2850.0 4432.0
4360.0 5581.0
3948.0 1386.0
3919.0 2340.0
8958.0 1295.0
8875.0 4255.0
7998.0 9846.0
1268.0 7922.0
6946.0 7388.0
8505.0 8243.0
3763.0 3112.0
7609.0 9054.0
5761.0 1354.0
923.0 7135.0
9443.0 8168.0
6098.0 9020.0
6993.0 8848.0
5740.0 2519.0
6034.0 9554.0
4557.0 7366.0
1747.0 8714.0
4352.0 1909.0
2962.0 6351.0
9725.0 5251.0
6305.0 2022.0
9830.0 6767.0
5024.0 4511.0
4038.0 7399.0
1579.0 8952.0
1856.0 9643.0
5603.0 9547.0
9958.0 5658.0
1346.0 8531.0
1682.0 5393.0
1178.0 4568.0
6831.0 9153.0
4283.0 6219.0
2146.0 1521.0
2122.0 8668.0
5292.0 6045.0
4781.0 4352.0
7713.0 2609.0
4794.0 670.0
4206.0 1893.0
7556.0 432.0
9566.0 3852.0
9911.0 3212.0
5150.0 9610.0
1040.0 8268.0
724.0 8697.0
2216.0 2196.0
9427.0 6032.0
4571.0 6975.0
6214.0 5580.0
6432.0 6580.0
2630.0 78.0
4367.0 2814.0
3265.0 8766.0
4508.0 3528.0
1737.0 7517.0
3285.0 8896.0
6560.0 8294.0
9147.0 3904.0
9748.0 7338.0
9382.0 7725.0
3506.0 4014.0
8637.0 3126.0
2859.0 4713.0
8246.0 1603.0
4566.0 8738.0
7951.0 2365.0
5181.0 5575.0
4135.0 5880.0
3606.0 5482.0
1157.0 5099.0
5987.0 7786.0
4895.0 61.0
3304.0 3819.0
101.0 4017.0
4513.0 3910.0
5665.0 1756.0
581.0 323.0
4389.0 3277.0
7281.0 591.0
6380.0 8492.0
7078.0 8122.0
7652.0 1109.0
2978.0 9528.0
8053.0 2368.0
9674.0 553.0
5103.0 7782.0
9860.0 5054.0
2857.0 2568.0
6039.0 3913.0
7385.0 3908.0
704.0 3317.0
2983.0 721.0
225.0 4315.0
5700.0 4106.0
297.0 8060.0
3299.0 4114.0
3305.0 3651.0
3240.0 1019.0
459.0 8004.0
2794.0 1756.0
4039.0 9641.0
7892.0 4676.0
7614.0 833.0
9804.0 8298.0
4585.0 5001.0
1247.0 2211.0
7893.0 8784.0
6040.0 796.0
6254.0 704.0
8885.0 2931.0
4776.0 827.0
4396.0 3335.0
292.0 8341.0
6960.0 3735.0
4281.0 6462.0
5547.0 4496.0
8714.0 6588.0
62.0 9891.0
2682.0 6105.0
8339.0 2680.0
165.0 6771.0
5384.0 6150.0
1773.0 3082.0
8966.0 4285.0
5833.0 2538.0
8161.0 3232.0
6664.0 2225.0
3938.0 9728.0
388.0 8625.0
3411.0 4643.0
1130.0 65.0
1834.0 2322.0
2969.0 3728.0
8959.0 8859.0
5478.0 1629.0
8849.0 5008.0
3208.0 2478.0
4751.0 1852.0
1974.0 8842.0
3127.0 9933.0
7290.0 1515.0
3456.0 4974.0
2797.0 5522.0
2884.0 5883.0
9056.0 4660.0
7360.0 3188.0
5533.0 3989.0
3320.0 8567.0
1144.0 2200.0
6550.0 8652.0
1210.0 8261.0
7319.0 8749.0
1165.0 9261.0
3378.0 4657.0
9877.0 8864.0
4940.0 3238.0
7928.0 8291.0
8226.0 4911.0
8711.0 4237.0
6696.0 3726.0
2690.0 643.0
1553.0 3183.0
7673.0 3739.0
5625.0 8474.0
458.0 2259.0
7233.0 8288.0
7697.0 7261.0
3139.0 1860.0
6325.0 8452.0
2179.0 9431.0
6421.0 6435.0
3680.0 6765.0
1838.0 2798.0
7266.0 6905.0
6458.0 2449.0
3150.0 4822.0
6423.0 5122.0
4526.0 3128.0
1202.0 5459.0
6136.0 9508.0
8828.0 3588.0
5650.0 9047.0
3176.0 607.0
6924.0 7098.0
3619.0 5892.0
6768.0 883.0
9920.0 5637.0
9302.0 458.0
7712.0 4552.0
4520.0 2232.0
2415.0 5115.0
150.0 696.0
1942.0 1309.0
8420.0 6515.0
1049.0 6249.0
1824.0 1669.0
2673.0 5616.0
4503.0 4783.0
4119.0 1311.0
8322.0 2333.0
8442.0 2242.0
5266.0 3871.0
3874.0 1662.0
243.0 1949.0
6653.0 2968.0
898.0 9902.0
5100.0 8376.0
3540.0 3141.0
5301.0 7390.0
6793.0 2148.0
1238.0 4469.0
7050.0 7803.0
4733.0 7821.0
2361.0 2238.0
3042.0 3723.0
3825.0 859.0
4459.0 3294.0
6120.0 3718.0
4782.0 1121.0
1243.0 6878.0
9991.0 7670.0
2083.0 6965.0
2983.0 9875.0
4917.0 4533.0
4729.0 6843.0
2432.0 4448.0
2696.0 62.0
1383.0 3917.0
1880.0 51.0
1476.0 1349.0
6319.0 3854.0
4587.0 1710.0
1419.0 287.0
5910.0 6525.0
9954.0 2362.0
1152.0 9199.0
7092.0 8806.0
6350.0 8826.0
2295.0 9066.0
9441.0 8140.0
8450.0 8744.0
5165.0 3773.0
1068.0 4857.0
7408.0 9490.0
2929.0 2834.0
5596.0 5569.0
1997.0 9681.0
4230.0 9969.0
2971.0 215.0
7166.0 9481.0
5323.0 5778.0
744.0 1492.0
3173.0 7359.0
2371.0 9561.0
4849.0 7526.0
3653.0 8439.0
2487.0 8086.0
9675.0 6722.0
4529.0 2889.0
8542.0 7786.0
6453.0 7687.0
7776.0 2170.0
7604.0 1463.0
6664.0 7083.0
4471.0 6145.0
6176.0 1178.0
3260.0 4122.0
531.0 5282.0
7115.0 5463.0
7036.0 2221.0
5842.0 9273.0
3282.0 1424.0
8484.0 6086.0
3311.0 6458.0
1598.0 708.0
6845.0 6166.0
8592.0 7434.0
8188.0 2565.0
7962.0 2049.0
3892.0 1172.0
797.0 7524.0
804.0 1923.0
381.0 2816.0
8576.0 1346.0
9272.0 6708.0
3257.0 9154.0
1677.0 1072.0
1059.0 4922.0
1508.0 500.0
3901.0 3010.0
8946.0 7688.0
833.0 6401.0
867.0 6513.0
1939.0 2613.0
3005.0 7200.0
3827.0 7347.0
4163.0 494.0
8296.0 4049.0
5368.0 270.0
8300.0 27.0
9286.0 6460.0
7786.0 2310.0
7768.0 2750.0
4531.0 8903.0
7871.0 5935.0
7566.0 3591.0
9212.0 6348.0
3290.0 4984.0
7997.0 1295.0
6881.0 2934.0
5583.0 5889.0
8102.0 8018.0
1929.0 8207.0
3099.0 2228.0
6773.0 8186.0
6302.0 1545.0
3902.0 2169.0
9027.0 3559.0
6358.0 7510.0
3873.0 5795.0
2936.0 4162.0
6529.0 2913.0
8818.0 2657.0
9080.0 3443.0
5703.0 390.0
1422.0 9224.0
9284.0 624.0
9887.0 3208.0
4416.0 1131.0
4667.0 3785.0
835.0 1880.0
166.0 6315.0
4773.0 3686.0
4847.0 5000.0
4329.0 2241.0
9700.0 796.0
8933.0 4429.0
6932.0 3492.0
5774.0 6351.0
2961.0 8653.0
8526.0 4963.0
2340.0 2565.0
6236.0 7756.0
1694.0 865.0
2715.0 7370.0
5280.0 9010.0
9292.0 584.0
6277.0 5251.0
6283.0 3569.0
387.0 9274.0
1014.0 7832.0
878.0 2182.0
2769.0 3772.0
6643.0 5968.0
7498.0 1242.0
7397.0 3149.0
7641.0 9046.0
2595.0 9735.0
4931.0 7789.0
3197.0 7175.0
6504.0 2971.0
7852.0 1468.0
7194.0 7769.0
7629.0 86.0
3348.0 7400.0
5879.0 9878.0
6010.0 9484.0
2339.0 1627.0
3844.0 7327.0
3075.0 9411.0
8624.0 5532.0
368.0 5439.0
8665.0 9851.0
9142.0 3527.0
8026.0 5699.0
9041.0 6876.0
1855.0 2239.0
3745.0 8316.0
714.0 1449.0
1645.0 3680.0
9238.0 4098.0
4456.0 1476.0
6993.0 7023.0
2894.0 4510.0
1859.0 8646.0
993.0 1641.0
8817.0 2129.0
3188.0 315.0
9470.0 8080.0
744.0 3056.0
165.0 1241.0
6653.0 3566.0
9054.0 8048.0
581.0 610.0
4959.0 4500.0
7980.0 336.0
3385.0 6230.0
9963.0 212.0
7525.0 5212.0
3042.0 228.0
4633.0 6.0
330.0 9531.0
583.0 8952.0
8312.0 9166.0
8000.0 8241.0
5783.0 4074.0
5785.0 9263.0
4059.0 22.0
404.0 2157.0
55.0 3622.0
1789.0 4966.0
6342.0 6108.0
9194.0 321.0
4771.0 4025.0
4873.0 4064.0
2785.0 2513.0
5911.0 2722.0
3996.0 9330.0
7084.0 9251.0
7150.0 291.0
78.0 8957.0
73.0 9280.0
6932.0 20.0
7691.0 8505.0
8047.0 5517.0
5748.0 7153.0
7621.0 6378.0
4299.0 9118.0
1862.0 7172.0
7591.0 2955.0
7815.0 9153.0
9441.0 9737.0
3180.0 7462.0
5695.0 6966.0
9949.0 1915.0
7884.0 9212.0
7224.0 3284.0
4672.0 8638.0
1074.0 9486.0
204.0 1080.0
1769.0 8589.0
939.0 5840.0
1249.0 8062.0
5095.0 9865.0
6181.0 2168.0
1284.0 9463.0
4459.0 1929.0
5455.0 5233.0
5482.0 4555.0
7734.0 8366.0
7086.0 1785.0
3271.0 8985.0
4460.0 9016.0
3699.0 9682.0
8910.0 9663.0
8286.0 9922.0
6818.0 1651.0
6416.0 9474.0
1650.0 5453.0
5459.0 1541.0
4361.0 5593.0
674.0 8738.0
50.0 27.0
6212.0 7599.0
1223.0 4309.0
8836.0 9762.0
498.0 9969.0
8466.0 514.0
8131.0 9002.0
2137.0 7836.0
2184.0 8900.0
473.0 7634.0
1712.0 5116.0
8290.0 3311.0
5802.0 408.0
3422.0 340.0
3833.0 2941.0
363.0 9014.0
4787.0 7585.0
7848.0 1017.0
5986.0 7320.0
1954.0 8010.0
4090.0 4152.0
8828.0 2862.0
3711.0 1460.0
3657.0 6718.0
1501.0 2198.0
4957.0 7554.0
6054.0 9842.0
5810.0 8380.0
6493.0 1519.0
6124.0 5772.0
5067.0 5228.0
2539.0 1876.0
1630.0 5550.0
5068.0 5564.0
348.0 4784.0
2083.0 896.0
1487.0 8908.0
7734.0 3564.0
3621.0 286.0
8421.0 8463.0
4133.0 1531.0
7405.0 4074.0
8346.0 7442.0
9170.0 1806.0
136.0 4423.0
7632.0 977.0
9385.0 9308.0
4792.0 2581.0
4118.0 1996.0
8952.0 7521.0
7688.0 8811.0
4072.0 7455.0
3841.0 6015.0
4391.0 8942.0
5033.0 5366.0
899.0 4027.0
1838.0 6149.0
8763.0 2945.0
3798.0 600.0
7326.0 7110.0
4579.0 2115.0
6748.0 3033.0
6769.0 8181.0
7926.0 364.0
4180.0 2431.0
4768.0 9690.0
2000.0 2739.0
435.0 8278.0
7649.0 4768.0
1651.0 4412.0
7695.0 2893.0
7681.0 3500.0
8667.0 2900.0
3078.0 1597.0
2141.0 3385.0
5805.0 4531.0

7281.0 8761.0
3146.0 6168.0
5534.0 2919.0
280.0 5105.0
4739.0 5737.0
3305.0 6480.0
4009.0 7246.0
4483.0 7587.0
2699.0 8169.0
7688.0 239.0
8107.0 5866.0
2076.0 2069.0
9876.0 7409.0
2333.0 573.0
1500.0 6627.0
7115.0 8053.0
1718.0 4623.0
9771.0 8132.0
1216.0 5580.0
7949.0 7006.0
2423.0 2361.0
1209.0 5077.0
2810.0 8736.0
8188.0 7168.0
4501.0 7720.0
7505.0 1933.0
5572.0 7888.0
8927.0 3689.0
876.0 2106.0
3937.0 2275.0
2758.0 5569.0
7305.0 9139.0
4509.0 2602.0
3752.0 295.0
1883.0 4082.0
6308.0 9346.0
588.0 9943.0
5498.0 6187.0
30.0 3653.0
889.0 9605.0
6234.0 8081.0
9175.0 4403.0
9220.0 4676.0
5358.0 6229.0
2758.0 360.0
6135.0 9762.0
6798.0 9056.0
7088.0 8450.0
5452.0 7282.0
7800.0 6401.0
5883.0 5667.0
1478.0 5681.0
5927.0 893.0
8168.0 4584.0
837.0 4892.0
3228.0 5124.0
1968.0 762.0
5080.0 356.0
2778.0 7291.0
8896.0 4722.0
9969.0 6541.0
5310.0 3061.0
149.0 1336.0
5738.0 6476.0
4856.0 2161.0
8431.0 5694.0
9285.0 5288.0
1848.0 5108.0
2588.0 6618.0
4461.0 3127.0
77.0 8133.0
2578.0 7066.0
193.0 6336.0
311.0 3156.0
1615.0 4655.0
8253.0 4907.0
8313.0 4170.0
17.0 5438.0
2925.0 9598.0
8176.0 1993.0
1327.0 9981.0
3764.0 3238.0
3698.0 5918.0
5906.0 2575.0
9986.0 7834.0
685.0 3068.0
88.0 2148.0
854.0 2209.0
1601.0 4776.0
477.0 7144.0
535.0 3875.0
1140.0 3528.0
2766.0 6239.0
8778.0 3711.0
6647.0 4289.0
2763.0 2358.0
9609.0 3020.0
1345.0 223.0
4081.0 8868.0
33.0 9206.0
608.0 4884.0
2028.0 4368.0
8511.0 9137.0
2319.0 1077.0
6927.0 5759.0
9518.0 7935.0
1603.0 542.0
2068.0 8656.0
5282.0 5523.0
7896.0 8556.0
2029.0 9425.0
9124.0 3837.0
8371.0 3422.0
5962.0 4282.0
6553.0 4100.0
6329.0 2598.0
7833.0 8051.0
368.0 6003.0
6106.0 5017.0
1410.0 8250.0
4736.0 8968.0
7516.0 2754.0
1946.0 9059.0
173.0 9998.0
2613.0 4889.0
9272.0 4834.0
6823.0 2909.0
5958.0 1903.0
8037.0 3500.0
7448.0 9796.0
6213.0 529.0
417.0 7146.0
3742.0 7864.0
2081.0 6285.0
4559.0 9748.0
540.0 2676.0
9259.0 4421.0
8509.0 731.0
1582.0 2946.0
7019.0 9212.0
4123.0 7606.0
8219.0 1887.0
3607.0 6834.0
8847.0 1564.0
8591.0 6053.0
8497.0 8221.0
4942.0 6350.0
9258.0 4343.0
6925.0 5417.0
5864.0 3168.0
4293.0 7637.0
7917.0 7996.0
8187.0 2776.0
8302.0 3214.0
1214.0 5141.0
4417.0 211.0
9588.0 7666.0
1264.0 3853.0
7604.0 7802.0
8070.0 7662.0
7389.0 4671.0
2478.0 8386.0
9226.0 9339.0
8966.0 3104.0
306.0 2672.0
539.0 4562.0
2292.0 7660.0
5342.0 2837.0
493.0 5643.0
2284.0 4090.0
63.0 8341.0
2236.0 9489.0
7027.0 89.0
3977.0 9995.0
4503.0 7236.0
6417.0 5192.0
6973.0 4061.0
1252.0 6809.0
7961.0 7177.0
2617.0 80.0
8945.0 2789.0
2864.0 8647.0
9897.0 3763.0
6048.0 1135.0
4242.0 5895.0
3236.0 95.0
3657.0 5281.0
6217.0 6420.0
498.0 1243.0
8769.0 4989.0
8262.0 1691.0
7006.0 9617.0
2885.0 346.0
2973.0 8018.0
268.0 7744.0
8065.0 9952.0
7854.0 417.0
5359.0 4183.0
636.0 5188.0
2488.0 2456.0
4409.0 7986.0
9141.0 1120.0
1658.0 9075.0
5778.0 3584.0
7917.0 9147.0
2708.0 9259.0
8925.0 3166.0
1079.0 7171.0
1480.0 1385.0
9910.0 4852.0
3308.0 9455.0
5748.0 5765.0
9809.0 2025.0
4100.0 830.0
8023.0 6773.0
4160.0 2289.0
678.0 8257.0
1003.0 532.0
5682.0 3508.0
1830.0 7064.0
8875.0 3789.0
5338.0 9274.0
429.0 9418.0
5841.0 5181.0
7732.0 7083.0
6254.0 8782.0
95.0 1552.0
6512.0 9230.0
3166.0 6203.0
6547.0 9448.0
3375.0 9271.0
5409.0 2373.0
5267.0 5255.0
660.0 5482.0
7087.0 3361.0
4604.0 6772.0
2440.0 7439.0
6484.0 7869.0
8427.0 4274.0
2245.0 2375.0
3054.0 9703.0
5939.0 214.0
7294.0 4429.0
9412.0 1037.0
9662.0 3976.0
9343.0 2418.0
3627.0 9660.0
3257.0 1004.0
742.0 37.0
8588.0 7215.0
4811.0 4722.0
1434.0 6761.0
4982.0 4963.0
4067.0 4547.0
8091.0 7944.0
2819.0 9199.0
3109.0 4179.0
438.0 8814.0
3059.0 9942.0
9528.0 1165.0
2244.0 9125.0
6143.0 3957.0
9144.0 1458.0
5198.0 3349.0
7811.0 6497.0
1718.0 1392.0
3166.0 5289.0
4597.0 5520.0
7973.0 4128.0
1919.0 5810.0
1926.0 7333.0
9483.0 8119.0
5618.0 8436.0
6600.0 3815.0
4822.0 1717.0
5779.0 9209.0
2872.0 8486.0
5408.0 420.0
1525.0 5034.0
7022.0 1763.0
3161.0 1660.0
1258.0 8392.0
9662.0 4693.0
9113.0 6312.0
5811.0 5922.0
7591.0 5450.0
7583.0 6351.0
1349.0 3949.0
8178.0 3684.0
4435.0 4318.0
7122.0 5464.0
8739.0 4670.0
327.0 2274.0
8233.0 619.0
1429.0 7921.0
619.0 6084.0
7255.0 6008.0
485.0 3627.0
2816.0 4807.0
558.0 7464.0
3623.0 4864.0
173.0 4882.0
5680.0 6231.0
2539.0 4143.0
6070.0 4751.0
4946.0 9628.0
9406.0 9296.0
8439.0 7285.0
8040.0 4391.0
6147.0 6140.0
6375.0 5132.0
1800.0 3976.0
2143.0 3789.0
2579.0 7864.0
9965.0 59.0
2880.0 2699.0
5080.0 9314.0
8092.0 3434.0
7597.0 5840.0
10003.0 9136.0
77.0 383.0
7936.0 9546.0
3848.0 4034.0
2194.0 7332.0
1881.0 2738.0
8939.0 1648.0
8570.0 9459.0
8100.0 1208.0
9291.0 3325.0
8418.0 7518.0
5069.0 7740.0
6203.0 1430.0
219.0 1793.0
6939.0 8687.0
3308.0 1980.0
1321.0 2626.0
4288.0 3563.0
9821.0 4690.0
3161.0 3521.0
2403.0 5944.0
7995.0 9527.0
2457.0 5201.0
2704.0 1802.0
6602.0 1991.0
7374.0 7335.0
4403.0 4990.0
6543.0 8324.0
4652.0 9088.0
3238.0 9284.0
7278.0 6759.0
9176.0 9724.0
2523.0 1904.0
3921.0 1814.0
1436.0 6810.0
8403.0 4939.0
4361.0 5422.0
597.0 1595.0
6428.0 8564.0
3768.0 1476.0
1734.0 9279.0
100.0 3232.0
265.0 8954.0
5052.0 5778.0
4159.0 7422.0
326.0 3557.0
2459.0 2640.0
5781.0 2708.0
5899.0 8167.0
3131.0 7524.0
5858.0 9090.0
6801.0 9117.0
4085.0 9550.0
9794.0 717.0
2271.0 7527.0
4879.0 6519.0
3103.0 5083.0
4018.0 3452.0
6874.0 4690.0
1331.0 7870.0
271.0 4824.0
7461.0 1468.0
6418.0 487.0
5719.0 3449.0
7812.0 6822.0
2811.0 8251.0
6212.0 6477.0
9556.0 838.0
6115.0 3899.0
9395.0 3920.0
908.0 2201.0
5069.0 4006.0
3283.0 788.0
6333.0 5755.0
4064.0 4382.0
3998.0 6483.0
5973.0 6628.0
8237.0 5290.0
1511.0 3957.0
1424.0 3660.0
6512.0 7808.0
8429.0 7035.0
3482.0 5977.0
9654.0 9170.0
1329.0 6148.0
4720.0 3787.0
569.0 7349.0
7126.0 367.0
5649.0 7460.0
2715.0 3538.0
8430.0 7435.0
7363.0 7937.0
9489.0 5437.0
1656.0 2999.0
6307.0 6490.0
2977.0 4566.0
9945.0 5895.0
7819.0 2716.0
4332.0 6973.0
9681.0 7755.0
4754.0 6394.0
424.0 8778.0
4623.0 2691.0
5376.0 1697.0
2171.0 6161.0
5119.0 6159.0
1150.0 798.0
9247.0 3285.0
2107.0 1417.0
9968.0 8618.0
3414.0 1658.0
5917.0 7208.0
3566.0 1016.0
9001.0 241.0
8910.0 1550.0
9641.0 5140.0
3387.0 7462.0
8293.0 3545.0
9369.0 3210.0
3523.0 4063.0
1247.0 8262.0
9587.0 9235.0
5793.0 9256.0
8781.0 8642.0
5978.0 2630.0
6455.0 2504.0
7285.0 3446.0
9055.0 2757.0
8158.0 8560.0
7995.0 976.0
8662.0 4782.0
4759.0 5084.0
3991.0 5225.0
5064.0 9236.0
1866.0 9475.0
2443.0 3820.0
5494.0 5754.0
4070.0 4964.0
6140.0 5763.0
4235.0 5485.0
1941.0 5335.0
3268.0 1669.0
2033.0 6582.0
2290.0 2832.0
7632.0 9694.0
6634.0 3026.0
4150.0 5069.0
3294.0 6861.0
927.0 8904.0
249.0 3806.0
7731.0 7948.0
8004.0 7929.0
9572.0 1560.0
6233.0 2433.0
3985.0 1739.0
822.0 971.0
7324.0 4299.0
9220.0 100.0
9237.0 6837.0
4413.0 9812.0
6855.0 1678.0
373.0 1540.0
2854.0 4438.0
4365.0 5585.0
3954.0 1391.0
3925.0 2345.0
8962.0 1301.0
8881.0 4261.0
8004.0 9851.0
1273.0 7927.0
6951.0 7393.0
8511.0 8249.0
3769.0 3118.0
7615.0 9058.0
5765.0 1358.0
928.0 7141.0
9449.0 8173.0
6104.0 9026.0
6998.0 8854.0
5744.0 2524.0
6039.0 9559.0
4563.0 7370.0
1752.0 8720.0
4358.0 1914.0
2966.0 6355.0
9729.0 5256.0
6309.0 2026.0
9835.0 6772.0
5028.0 4515.0
4043.0 7404.0
1584.0 8957.0
1861.0 9648.0
5609.0 9552.0
9962.0 5663.0
1351.0 8537.0
1686.0 5397.0
1184.0 4573.0
6836.0 9159.0
4287.0 6225.0
2151.0 1526.0
2127.0 8673.0
5297.0 6049.0
4786.0 4357.0
7719.0 2614.0
4799.0 674.0
4211.0 1899.0
7560.0 436.0
9572.0 3857.0
9915.0 3216.0
5155.0 9615.0
1044.0 8273.0
729.0 8702.0
2222.0 2202.0
9432.0 6037.0
4577.0 6981.0
6218.0 5585.0
6436.0 6584.0
2634.0 84.0
4373.0 2818.0
3270.0 8771.0
4513.0 3534.0
1742.0 7522.0
3289.0 8902.0
6566.0 8300.0
9152.0 3909.0
9753.0 7342.0
9386.0 7730.0
3510.0 4019.0
8642.0 3131.0
2864.0 4718.0
8251.0 1608.0
4572.0 8743.0
7956.0 2369.0
5186.0 5580.0
4140.0 5884.0
3611.0 5487.0
1162.0 5104.0
5993.0 7791.0
4900.0 66.0
3309.0 3824.0
106.0 4022.0
4517.0 3914.0
5671.0 1760.0
585.0 327.0
4394.0 3282.0
7286.0 597.0
6386.0 8498.0
7084.0 8128.0
7657.0 1115.0
2983.0 9533.0
8057.0 2374.0
9678.0 559.0
5108.0 7787.0
9865.0 5059.0
2863.0 2573.0
6044.0 3918.0
7390.0 3914.0
708.0 3322.0
2987.0 726.0
230.0 4320.0
5706.0 4110.0
303.0 8065.0
3304.0 4119.0
3309.0 3655.0
3244.0 1023.0
463.0 8009.0
2799.0 1762.0
4044.0 9646.0
7897.0 4682.0
7619.0 838.0
9808.0 8303.0
4590.0 5007.0
1253.0 2216.0
7899.0 8789.0
6045.0 800.0
6259.0 709.0
8891.0 2937.0
4781.0 832.0
4401.0 3340.0
297.0 8346.0
6966.0 3740.0
4285.0 6467.0
5551.0 4502.0
8720.0 6592.0
68.0 9895.0
2688.0 6110.0
8344.0 2685.0
170.0 6777.0
5388.0 6154.0
1778.0 3086.0
8972.0 4289.0
5837.0 2543.0
8165.0 3236.0
6669.0 2229.0
3943.0 9733.0
392.0 8630.0
3416.0 4648.0
1134.0 70.0
1839.0 2327.0
2974.0 3734.0
8965.0 8865.0
5484.0 1634.0
8854.0 5013.0
3214.0 2482.0
4755.0 1857.0
1978.0 8847.0
3132.0 9939.0
7296.0 1520.0
3461.0 4979.0
2802.0 5528.0
2890.0 5889.0
9060.0 4665.0
7364.0 3194.0
5538.0 3994.0
3326.0 8573.0
1150.0 2206.0
6555.0 8658.0
1216.0 8267.0
7325.0 8753.0
1171.0 9266.0
3384.0 4661.0
9882.0 8869.0
4944.0 3243.0
7932.0 8296.0
8230.0 4917.0
8715.0 4242.0
6701.0 3731.0
2695.0 648.0
1558.0 3188.0
7678.0 3743.0
5630.0 8479.0
463.0 2264.0
7239.0 8293.0
7702.0 7267.0
3144.0 1865.0
6329.0 8456.0
2184.0 9435.0
6426.0 6440.0
3685.0 6771.0
1844.0 2803.0
7272.0 6911.0
6462.0 2455.0
3154.0 4828.0
6428.0 5128.0
4531.0 3133.0
1206.0 5464.0
6141.0 9514.0
8833.0 3593.0
5655.0 9051.0
3180.0 611.0
6930.0 7103.0
3625.0 5897.0
6772.0 888.0
9926.0 5641.0
9307.0 462.0
7716.0 4558.0
4525.0 2238.0
2420.0 5121.0
154.0 700.0
1947.0 1315.0
8424.0 6519.0
1054.0 6253.0
1829.0 1673.0
2678.0 5620.0
4507.0 4788.0
4123.0 1315.0
8328.0 2338.0
8447.0 2248.0
5270.0 3877.0
3879.0 1667.0
248.0 1954.0
6658.0 2972.0
902.0 9908.0
5104.0 8381.0
3545.0 3146.0
5306.0 7395.0
6798.0 2154.0
1244.0 4474.0
7055.0 7808.0
4738.0 7826.0
2365.0 2243.0
3047.0 3727.0
3830.0 864.0
4464.0 3299.0
6125.0 3723.0
4787.0 1127.0
1248.0 6882.0
9996.0 7675.0
2089.0 6969.0
2988.0 9881.0
4922.0 4538.0
4733.0 6848.0
2436.0 4454.0
2700.0 68.0
1387.0 3923.0
1885.0 55.0
1481.0 1353.0
6324.0 3859.0
4593.0 1714.0
1424.0 292.0
5916.0 6531.0
9959.0 2368.0
1156.0 9204.0
7096.0 8811.0
6355.0 8830.0
2300.0 9070.0
9447.0 8145.0
8456.0 8750.0
5171.0 3778.0
1073.0 4863.0
7413.0 9496.0
2933.0 2840.0
5600.0 5573.0
2003.0 9686.0
4235.0 9974.0
2976.0 221.0
7172.0 9486.0
5328.0 5783.0
749.0 1497.0
3178.0 7364.0
2376.0 9567.0
4854.0 7530.0
3658.0 8445.0
2493.0 8092.0
9680.0 6728.0
4533.0 2894.0
8547.0 7790.0
6457.0 7693.0
7782.0 2175.0
7608.0 1468.0
6668.0 7088.0
4476.0 6150.0
6181.0 1183.0
3265.0 4127.0
536.0 5287.0
7120.0 5467.0
7040.0 2226.0
5848.0 9277.0
3286.0 1429.0
8488.0 6092.0
3316.0 6463.0
1603.0 712.0
6850.0 6171.0
8597.0 7439.0
8192.0 2570.0
7966.0 2054.0
3897.0 1176.0
803.0 7528.0
809.0 1927.0
386.0 2822.0
8582.0 1350.0
9277.0 6713.0
3262.0 9160.0
1682.0 1078.0
1063.0 4926.0
1513.0 506.0
3907.0 3015.0
8952.0 7694.0
839.0 6407.0
873.0 6517.0
1944.0 2618.0
3010.0 7205.0
3832.0 7351.0
4169.0 499.0
8302.0 4054.0
5373.0 275.0
8304.0 32.0
9290.0 6464.0
7791.0 2315.0
7773.0 2756.0
4536.0 8907.0
7876.0 5940.0
7571.0 3596.0
9218.0 6354.0
3295.0 4988.0
8003.0 1301.0
6885.0 2938.0
5588.0 5893.0
8108.0 8023.0
1934.0 8211.0
3103.0 2232.0
6778.0 8191.0
6308.0 1549.0
3907.0 2174.0
9032.0 3565.0
6364.0 7515.0
3877.0 5799.0
2940.0 4167.0
6534.0 2917.0
8823.0 2663.0
9085.0 3448.0
5709.0 396.0
1427.0 9230.0
9290.0 628.0
9893.0 3214.0
4422.0 1136.0
4671.0 3791.0
839.0 1885.0
171.0 6320.0
4777.0 3692.0
4852.0 5005.0
4335.0 2246.0
9705.0 801.0
8938.0 4434.0
6938.0 3497.0
5779.0 6357.0
2967.0 8658.0
8532.0 4968.0
2345.0 2571.0
6241.0 7760.0
1700.0 870.0
2721.0 7376.0
5284.0 9015.0
9297.0 589.0
6282.0 5255.0
6287.0 3573.0
392.0 9278.0
1019.0 7837.0
883.0 2186.0
2773.0 3777.0
6647.0 5972.0
7503.0 1247.0
7401.0 3155.0
7645.0 9052.0
2600.0 9739.0
4936.0 7795.0
3202.0 7179.0
6510.0 2976.0
7857.0 1474.0
7199.0 7774.0
7634.0 91.0
3353.0 7405.0
5883.0 9882.0
6014.0 9489.0
2344.0 1633.0
3848.0 7332.0
3080.0 9416.0
8628.0 5537.0
374.0 5445.0
8670.0 9856.0
9148.0 3531.0
8031.0 5704.0
9045.0 6881.0
1860.0 2244.0
3750.0 8321.0
720.0 1453.0
1649.0 3686.0
9243.0 4103.0
4461.0 1481.0
6998.0 7028.0
2900.0 4515.0
1864.0 8651.0
997.0 1646.0
8822.0 2134.0
3193.0 320.0
9474.0 8084.0
748.0 3062.0
170.0 1245.0
6657.0 3570.0
9059.0 8054.0
585.0 615.0
4965.0 4505.0
7985.0 342.0
3389.0 6235.0
9969.0 218.0
7530.0 5217.0
3046.0 233.0
4638.0 10.0
334.0 9535.0
589.0 8958.0
8317.0 9172.0
8006.0 8245.0
5788.0 4078.0
5790.0 9267.0
4063.0 27.0
409.0 2162.0
59.0 3627.0
1793.0 4971.0
6348.0 6112.0
9199.0 326.0
4775.0 4030.0
4877.0 4070.0
2791.0 2517.0
5917.0 2726.0
4002.0 9336.0
7090.0 9255.0
7155.0 296.0
84.0 8962.0
78.0 9285.0
6936.0 25.0
7696.0 8509.0
8052.0 5521.0
5754.0 7157.0
7626.0 6383.0
4304.0 9122.0
1866.0 7178.0
7595.0 2961.0
7819.0 9157.0
9447.0 9742.0
3184.0 7466.0
5700.0 6972.0
9953.0 1920.0
7890.0 9218.0
7229.0 3289.0
4677.0 8644.0
1080.0 9490.0
209.0 1084.0
1775.0 8593.0
944.0 5844.0
1254.0 8068.0
5099.0 9871.0
6186.0 2173.0
1288.0 9467.0
4464.0 1933.0
5459.0 5238.0
5486.0 4561.0
7740.0 8372.0
7090.0 1791.0
3276.0 8989.0
4466.0 9020.0
3703.0 9686.0
8914.0 9667.0
8292.0 9927.0
6823.0 1657.0
6421.0 9479.0
1656.0 5458.0
5463.0 1546.0
4366.0 5598.0
678.0 8743.0
55.0 33.0
6217.0 7604.0
1227.0 4315.0
8842.0 9767.0
502.0 9975.0
8471.0 520.0
8136.0 9007.0
2141.0 7842.0
2189.0 8904.0
478.0 7639.0
1718.0 5121.0
8295.0 3315.0
5806.0 413.0
3426.0 345.0
3839.0 2945.0
369.0 9019.0
4793.0 7591.0
7852.0 1023.0
5992.0 7325.0
1959.0 8016.0
4095.0 4158.0
8834.0 2867.0
3717.0 1464.0
3661.0 6722.0
1506.0 2204.0
4961.0 7559.0
6058.0 9847.0
5816.0 8386.0
6498.0 1523.0
6130.0 5776.0
5071.0 5232.0
2543.0 1882.0
1635.0 5554.0
5074.0 5568.0
354.0 4789.0
2087.0 901.0
1492.0 8912.0
7738.0 3569.0
3627.0 292.0
8425.0 8468.0
4138.0 1536.0
7410.0 4080.0
8351.0 7448.0
9175.0 1810.0
141.0 4428.0
7636.0 982.0
9389.0 9312.0
4798.0 2587.0
4123.0 2002.0
8957.0 7527.0
7693.0 8816.0
4077.0 7461.0
3845.0 6019.0
4395.0 8948.0
5038.0 5372.0
904.0 4032.0
1842.0 6155.0
8769.0 2950.0
3804.0 606.0
7330.0 7115.0
4585.0 2119.0
6753.0 3038.0
6774.0 8187.0
7931.0 369.0
4185.0 2436.0
4772.0 9695.0
2004.0 2744.0
440.0 8284.0
7655.0 4773.0
1657.0 4417.0
7699.0 2898.0
7686.0 3504.0
8671.0 2904.0
3082.0 1603.0
2145.0 3391.0
5811.0 4535.0
