1
1024 1 3.0 0.0 1000.0 3 160 240 100

6.5 13.5 29.3 58.5
13.0 27.0 58.5 117.0
19.5 40.5 87.8 175.5
26.0 54.0 117.0 234.0
39.0 81.0 175.5 351.0
52.0 108.0 234.0 468.0
58.5 121.5 263.3 526.5
65.0 135.0 292.5 585.0
78.0 162.0 351.0 702.0
0.0 180.0 390.0 780.0

2.0 5.0 8.0 11.0
5.0 8.0 11.0 14.0
9.0 12.0 15.0 18.0
11.0 14.0 17.0 20.0
15.0 18.0 21.0 24.0
18.0 21.0 24.0 27.0
20.0 23.0 26.0 29.0
25.0 28.0 31.0 34.0
29.0 32.0 35.0 38.0
0.0 34.0 37.0 40.0

8234.0 428.0
5265.0 5745.0
2866.0 1565.0
1058.0 8833.0
5114.0 7685.0
7074.0 2750.0
7375.0 7865.0
4943.0 4158.0
1098.0 9782.0
2502.0 9183.0
1044.0 4733.0
4021.0 3780.0
6268.0 9758.0
7023.0 6834.0
8168.0 3770.0
7286.0 4175.0
8459.0 7110.0
6120.0 4151.0
2420.0 6433.0
6550.0 7936.0
5270.0 9356.0
7468.0 238.0
2015.0 5765.0
7393.0 8562.0
3630.0 5201.0
1911.0 1700.0
4916.0 2245.0
1411.0 609.0
1893.0 4302.0
8223.0 7340.0
9073.0 8721.0
4743.0 186.0
9471.0 8635.0
6664.0 5708.0
2702.0 9461.0
7900.0 807.0
9015.0 464.0
6318.0 504.0
9613.0 8292.0
1869.0 9591.0
6125.0 1912.0
1225.0 8825.0
4560.0 848.0
5521.0 8814.0
1609.0 1135.0
303.0 7275.0
3646.0 5919.0
9293.0 7817.0
1270.0 92.0
6053.0 917.0
4755.0 900.0
172.0 259.0
8241.0 8923.0
7059.0 81.0
3033.0 6344.0
2958.0 1725.0
2856.0 1926.0
9275.0 21.0
6403.0 4608.0
2825.0 2689.0
5058.0 132.0
1100.0 8425.0
6114.0 7616.0
4160.0 1819.0
4353.0 5491.0
7244.0 5782.0
7343.0 8710.0
706.0 4645.0
2291.0 1648.0
6382.0 3587.0
4819.0 3606.0
1978.0 2567.0
2497.0 6329.0
7596.0 5411.0
8502.0 5458.0
980.0 7227.0
3239.0 325.0
609.0 5815.0
4290.0 9011.0
8207.0 5223.0
7530.0 8077.0
4805.0 2123.0
4769.0 8873.0
6931.0 8175.0
5772.0 4866.0
2040.0 4031.0
5003.0 6868.0
4787.0 3150.0
5945.0 5602.0
8241.0 6090.0
8360.0 3508.0
6641.0 8433.0
6321.0 213.0
8796.0 8020.0
7381.0 8560.0
3741.0 9645.0
5732.0 639.0
2728.0 7887.0
4688.0 5708.0
4175.0 1227.0
6369.0 4427.0
666.0 3131.0
8922.0 6329.0
9599.0 8256.0
4122.0 9924.0
1597.0 4439.0
734.0 7364.0
3265.0 3634.0
1455.0 8077.0
3413.0 7476.0
3807.0 8286.0
4334.0 5608.0
7829.0 5828.0
2244.0 7466.0
5915.0 2181.0
3483.0 657.0
2656.0 6120.0
5582.0 1623.0
5029.0 5918.0
4793.0 6723.0
5795.0 9493.0
4189.0 4434.0
5453.0 4432.0
8932.0 1795.0
590.0 2291.0
7805.0 796.0
9006.0 4099.0
2627.0 2846.0
4437.0 6465.0
9631.0 2001.0
6243.0 220.0
9422.0 117.0
1906.0 5983.0
4612.0 9574.0
2705.0 3600.0
6727.0 1761.0
5387.0 4833.0
6503.0 1963.0
5224.0 1237.0
4154.0 3830.0
8281.0 1635.0
8729.0 9082.0
3255.0 6100.0
8149.0 620.0
5737.0 5856.0
4030.0 9703.0
249.0 1024.0
7901.0 360.0
7911.0 616.0
7896.0 6697.0
72.0 1693.0
7551.0 1261.0
785.0 7107.0
789.0 5135.0
3452.0 3733.0
9688.0 2914.0
9506.0 5608.0
4162.0 8235.0
9475.0 8900.0
5124.0 8032.0
9278.0 8102.0
5257.0 6158.0
7115.0 5380.0
3977.0 9559.0
8786.0 7494.0
5701.0 2660.0
1805.0 7178.0
3021.0 8113.0
1158.0 8434.0
8879.0 4595.0
2044.0 7615.0
4346.0 4794.0
7473.0 4739.0
1113.0 9269.0
1047.0 1929.0
290.0 4337.0
7801.0 8413.0
1614.0 4646.0
8432.0 3972.0
9672.0 3618.0
4786.0 5278.0
6234.0 7401.0
6946.0 2012.0
307.0 513.0
4767.0 2196.0
10000.0 3833.0
9230.0 8635.0
2812.0 8106.0
1437.0 900.0
3441.0 8624.0
9626.0 9750.0
705.0 9250.0
7042.0 3423.0
7703.0 6449.0
6017.0 7694.0
1785.0 6481.0
6120.0 4130.0
3456.0 1440.0
6713.0 3441.0
5809.0 2278.0
6779.0 3353.0
8582.0 9502.0
7369.0 2909.0
3453.0 4684.0
4511.0 7619.0
9660.0 8477.0
2949.0 2369.0
1564.0 3269.0
3548.0 1497.0
2238.0 1165.0
9726.0 7964.0
9702.0 449.0
759.0 6024.0
4891.0 6190.0
2317.0 4312.0
2969.0 3159.0
7077.0 8755.0
2075.0 1723.0
764.0 7232.0
6127.0 9873.0
1479.0 395.0
758.0 7056.0
2653.0 5552.0
4008.0 7976.0
2493.0 3048.0
5856.0 7021.0
5264.0 7034.0
3210.0 6490.0
2250.0 5058.0
9442.0 4272.0
2771.0 3386.0
82.0 9153.0
8074.0 7456.0
8759.0 4407.0
3477.0 9394.0
3.0 2842.0
6607.0 7004.0
8007.0 8952.0
2081.0 1134.0
2941.0 6358.0
5484.0 849.0
8933.0 1185.0
1998.0 8305.0
310.0 4552.0
7533.0 7768.0
5202.0 9825.0
2706.0 5650.0
8112.0 2812.0
2525.0 1024.0
5557.0 5559.0
7135.0 8486.0
1368.0 6896.0
1458.0 7818.0
772.0 5431.0
4102.0 7332.0
4837.0 3115.0
8377.0 341.0
9393.0 79.0
773.0 6641.0
5029.0 3876.0
4747.0 3438.0
7264.0 8820.0
178.0 2630.0
8500.0 3564.0
1343.0 3856.0
5848.0 7593.0
8750.0 5218.0
1442.0 9790.0
2700.0 6113.0
4331.0 4747.0
8916.0 9058.0
5559.0 4977.0
9091.0 9954.0
524.0 9689.0
1720.0 8674.0
5233.0 3307.0
1044.0 4415.0
5541.0 9373.0
4487.0 2702.0
979.0 8016.0
1404.0 3488.0
7279.0 7648.0
8526.0 2229.0
4189.0 4039.0
9926.0 8385.0
7681.0 2456.0
1872.0 8232.0
8164.0 1009.0
5417.0 1410.0
8785.0 5883.0
2069.0 3127.0
437.0 1610.0
407.0 6422.0
2568.0 2055.0
3984.0 1408.0
1386.0 273.0
3366.0 909.0
9579.0 7895.0
7674.0 4398.0
4130.0 7232.0
3458.0 4661.0
1353.0 1724.0
1280.0 4093.0
721.0 2932.0
2832.0 42.0
1625.0 4716.0
3964.0 1116.0
9623.0 7777.0
1454.0 8867.0
1325.0 209.0
3887.0 1763.0
9476.0 2246.0
9481.0 874.0
2367.0 5856.0
6224.0 9160.0
4158.0 2346.0
2166.0 8810.0
5224.0 3645.0
6218.0 3514.0
4124.0 5428.0
2313.0 5106.0
5290.0 2751.0
2275.0 6472.0
9045.0 1345.0
5258.0 5158.0
3041.0 256.0
4093.0 4574.0
6732.0 3969.0
1403.0 2215.0
2972.0 4709.0
838.0 6817.0
3345.0 8055.0
1277.0 8858.0
6331.0 7549.0
4353.0 1312.0
9898.0 6459.0
8147.0 88.0
2641.0 7362.0
2408.0 6046.0
49.0 2705.0
3154.0 3018.0
5012.0 2013.0
6988.0 8747.0
4178.0 3909.0
8005.0 8155.0
4237.0 3607.0
2621.0 850.0
4760.0 9045.0
189.0 7298.0
6681.0 1317.0
9747.0 561.0
8020.0 7574.0
5745.0 3025.0
961.0 7056.0
8121.0 26.0
6879.0 3416.0
4555.0 4790.0
8411.0 9005.0
5263.0 1603.0
193.0 9277.0
3189.0 6619.0
2338.0 7986.0
4935.0 8231.0
3279.0 6326.0
283.0 1406.0
1066.0 1694.0
670.0 2905.0
4724.0 4227.0
9455.0 6809.0
9770.0 1779.0
9334.0 2247.0
4494.0 6517.0
4763.0 7758.0
6101.0 8774.0
9723.0 9188.0
8323.0 6344.0
3701.0 548.0
4595.0 9879.0
1210.0 9738.0
3397.0 7544.0
2734.0 3549.0
4874.0 4600.0
7417.0 8872.0
320.0 6082.0
372.0 9507.0
8639.0 3231.0
9941.0 507.0
6380.0 6840.0
2781.0 4453.0
448.0 3194.0
7105.0 6587.0
5093.0 751.0
6940.0 8210.0
7281.0 8231.0
2760.0 263.0
7041.0 7294.0
6327.0 1502.0
1901.0 5441.0
117.0 8182.0
7001.0 7335.0
4153.0 4668.0
5000.0 5176.0
5625.0 6874.0
2360.0 1320.0
9129.0 2970.0
1132.0 8785.0
7882.0 8237.0
7818.0 7821.0
8774.0 3513.0
3439.0 9208.0
6590.0 9130.0
1384.0 7432.0
5268.0 8757.0
2165.0 9426.0
6545.0 67.0
6660.0 7018.0
8830.0 1637.0
1958.0 3761.0
1670.0 8003.0
6408.0 9313.0
3650.0 7277.0
2961.0 7021.0
4084.0 8238.0
2419.0 2876.0
1351.0 6319.0
693.0 6510.0
3213.0 405.0
6656.0 7390.0
6993.0 4839.0
9719.0 1876.0
9935.0 3574.0
8697.0 9316.0
2618.0 5869.0
6108.0 7819.0
770.0 5448.0
4463.0 2903.0
3328.0 7531.0
3684.0 4647.0
7105.0 666.0
1234.0 1543.0
908.0 2755.0
9059.0 1686.0
4461.0 3206.0
3956.0 4482.0
9987.0 5612.0
459.0 8537.0
6796.0 7885.0
7839.0 3878.0
1735.0 9242.0
5342.0 9191.0
848.0 5972.0
2238.0 7216.0
101.0 388.0
1802.0 3990.0
5519.0 9887.0
827.0 72.0
5592.0 5525.0
8759.0 4443.0
1298.0 2019.0
3066.0 4226.0
1591.0 3601.0
9942.0 5892.0
4718.0 2627.0
1945.0 6132.0
8205.0 365.0
6665.0 3030.0
2860.0 1861.0
3035.0 735.0
8667.0 9314.0
4381.0 3269.0
2888.0 867.0
9808.0 5644.0
3265.0 4223.0
8033.0 2962.0
1630.0 7010.0
261.0 647.0
5816.0 8295.0
1198.0 1478.0
192.0 8185.0
9825.0 7593.0
7680.0 4896.0
4006.0 8121.0
8618.0 1238.0
5558.0 5610.0
4303.0 4902.0
4863.0 6911.0
5581.0 9485.0
6637.0 6687.0
9317.0 5648.0
954.0 4208.0
8121.0 4336.0
6126.0 6596.0
1159.0 6468.0
2538.0 4190.0
6415.0 6011.0
9045.0 6179.0
7246.0 5850.0
6032.0 7188.0
8591.0 8373.0
1725.0 7970.0
677.0 5183.0
884.0 5863.0
580.0 2849.0
7444.0 3187.0
4483.0 4111.0
5235.0 4242.0
6003.0 6458.0
3364.0 4061.0
8409.0 2484.0
5369.0 4602.0
1107.0 8942.0
3749.0 6522.0
3238.0 3914.0
3957.0 7209.0
9727.0 3997.0
4477.0 8238.0
7656.0 5935.0
2078.0 7902.0
3296.0 9602.0
3835.0 7002.0
2653.0 1753.0
45.0 8537.0
892.0 2455.0
4610.0 4477.0
8465.0 8614.0
2010.0 5276.0
4325.0 1511.0
2463.0 282.0
9053.0 7761.0
9359.0 9729.0
3260.0 5614.0
5597.0 1440.0
9122.0 999.0
7897.0 7951.0
5381.0 240.0
711.0 2172.0
8683.0 8854.0
3824.0 2288.0
6594.0 8335.0
245.0 9042.0
146.0 5348.0
3499.0 1071.0
6270.0 255.0
5911.0 6459.0
2960.0 4359.0
1991.0 1169.0
2526.0 7814.0
3516.0 7523.0
785.0 2591.0
5420.0 8388.0
2542.0 7424.0
4075.0 5232.0
6210.0 4149.0
2090.0 723.0
2925.0 7346.0
6207.0 9026.0
8005.0 1707.0
7408.0 9462.0
5105.0 4033.0
4829.0 1702.0
5916.0 9283.0
7590.0 3144.0
770.0 2583.0
1131.0 1662.0
7992.0 1615.0
7165.0 9360.0
2349.0 6290.0
8846.0 5525.0
5461.0 5136.0
5255.0 9419.0
3517.0 294.0
1803.0 6087.0
139.0 5554.0
5655.0 850.0
4762.0 4337.0
7775.0 627.0
9375.0 7033.0
5697.0 2771.0
8967.0 9621.0
3614.0 4573.0
3544.0 7973.0
8905.0 9098.0
2052.0 4762.0
6674.0 5518.0
1073.0 8390.0
6437.0 4611.0
3637.0 5847.0
7522.0 2581.0
6004.0 3909.0
2317.0 8870.0
2761.0 5603.0
8942.0 6126.0
3103.0 1342.0
7460.0 2983.0
3627.0 6649.0
6225.0 2831.0
5506.0 880.0
7474.0 4225.0
6391.0 3865.0
3750.0 1109.0
9894.0 9880.0
9271.0 3510.0
7992.0 858.0
2849.0 1876.0
4225.0 3260.0
1444.0 712.0
8018.0 5524.0
5972.0 9682.0
2991.0 5488.0
3454.0 2842.0
4610.0 9722.0
2126.0 9175.0
5018.0 9175.0
8589.0 71.0
5411.0 8040.0
8618.0 1939.0
8807.0 5274.0
5725.0 4607.0
8549.0 666.0
4076.0 8664.0
413.0 9877.0
4869.0 7426.0
8657.0 5364.0
7765.0 1677.0
8863.0 2609.0
1491.0 7851.0
2939.0 3547.0
191.0 2827.0
4111.0 1635.0
4652.0 986.0
2272.0 5452.0
9990.0 1713.0
2535.0 258.0
3908.0 7993.0
2341.0 9419.0
2114.0 9271.0
4973.0 120.0
18.0 4238.0
9826.0 270.0
2298.0 1711.0
2294.0 6015.0
4433.0 267.0
8614.0 1789.0
2821.0 9799.0
3517.0 7287.0
2569.0 650.0
1060.0 8306.0
4557.0 8502.0
1456.0 842.0
5885.0 5670.0
9285.0 379.0
306.0 1976.0
916.0 760.0
7731.0 863.0
1507.0 9581.0
4429.0 8908.0
4420.0 9500.0
8001.0 9411.0
8420.0 7385.0
3757.0 3209.0
484.0 5718.0
1564.0 2390.0
4606.0 3157.0
4800.0 5062.0
9417.0 3682.0
5491.0 1859.0
9990.0 6238.0
2241.0 7316.0
1677.0 9281.0
67.0 1814.0
6328.0 7146.0
3716.0 2233.0
3750.0 7653.0
8594.0 1985.0
3743.0 2861.0
5887.0 3595.0
6583.0 7392.0
985.0 9486.0
2291.0 1224.0
6807.0 9146.0
1543.0 6381.0
6139.0 3317.0
3573.0 9431.0
9565.0 8402.0
8921.0 4203.0
8117.0 6720.0
7380.0 1634.0
2228.0 803.0
3980.0 6173.0
1096.0 2381.0
8384.0 638.0
9067.0 9220.0
5529.0 3959.0
8121.0 5491.0
7864.0 8703.0
8081.0 3812.0
2052.0 7810.0
8638.0 9651.0
5468.0 2446.0
9793.0 1233.0
362.0 5385.0
9821.0 633.0
6021.0 6846.0
2355.0 4200.0
1802.0 2182.0
6691.0 2994.0
6367.0 3350.0
7927.0 6396.0
985.0 8569.0
6014.0 4537.0
7251.0 7079.0
5352.0 7741.0
2067.0 8419.0
8999.0 3623.0
5243.0 8138.0
4122.0 5007.0
7568.0 4345.0
7777.0 4344.0
9698.0 2027.0
4624.0 2780.0
4723.0 4533.0
674.0 4537.0
9753.0 4151.0
9683.0 9784.0
4379.0 6183.0
1272.0 1650.0
6369.0 3436.0
2397.0 5548.0
7429.0 546.0
6256.0 1471.0
4409.0 41.0
5246.0 2431.0
3780.0 4567.0
7054.0 4695.0
9753.0 2180.0
5509.0 7992.0
8871.0 4128.0
267.0 6348.0
6455.0 7033.0
1957.0 2716.0
2719.0 3888.0
1879.0 3065.0
8939.0 773.0
7841.0 8092.0
6508.0 8732.0
269.0 3217.0
4232.0 2683.0
5163.0 38.0
1723.0 1818.0
3006.0 4889.0
9238.0 8379.0
5245.0 2685.0
6812.0 4227.0
2425.0 6710.0
8048.0 7137.0
582.0 7504.0
6397.0 1207.0
5008.0 6535.0
4297.0 8317.0
2980.0 2790.0
8017.0 34.0
9545.0 2980.0
3549.0 1893.0
2993.0 8497.0
1414.0 4458.0
9080.0 4806.0
726.0 8079.0
5639.0 1424.0
5359.0 761.0
1655.0 3157.0
7583.0 1061.0
7415.0 5752.0
7011.0 415.0
4839.0 1643.0
5209.0 1831.0
9587.0 3931.0
8823.0 4337.0
9044.0 9288.0
6577.0 5119.0
2787.0 2925.0
7982.0 3751.0
4636.0 1314.0
4128.0 5430.0
7885.0 800.0
3387.0 2647.0
7826.0 2789.0
7398.0 7179.0
8154.0 8669.0
5172.0 6846.0
362.0 118.0
5680.0 3930.0
7728.0 2987.0
1763.0 4666.0
7995.0 5392.0
728.0 1739.0
1343.0 3201.0
9473.0 4181.0
2753.0 8580.0
4498.0 1591.0
373.0 9742.0
9644.0 2095.0
3982.0 2587.0
6930.0 5949.0
149.0 7381.0
8317.0 9211.0
3197.0 6147.0
8768.0 4393.0
3572.0 8926.0
3449.0 7497.0
7709.0 9577.0
4419.0 3369.0
6013.0 4278.0
4669.0 3762.0
8043.0 8385.0
9851.0 5040.0
6504.0 9834.0
565.0 4928.0
4151.0 9720.0
531.0 229.0
210.0 3246.0
8523.0 9907.0
5405.0 6682.0
4400.0 475.0
7205.0 8522.0
2091.0 3075.0
9388.0 5478.0
4889.0 4185.0
2522.0 6494.0
895.0 4354.0
4468.0 436.0
8977.0 1886.0
2502.0 5623.0
8084.0 888.0
1163.0 1863.0
5277.0 5585.0
2426.0 8162.0
318.0 5330.0
7297.0 1760.0
7177.0 7220.0
442.0 6673.0
5300.0 5719.0
1941.0 2387.0
6005.0 1225.0
2774.0 5888.0
1836.0 1969.0
3144.0 2676.0
9245.0 6186.0
5226.0 4932.0
7444.0 3952.0
4460.0 7505.0
8782.0 608.0
5974.0 4885.0
8497.0 6190.0
5252.0 4812.0
4194.0 7773.0
4640.0 6707.0
7907.0 4141.0
9794.0 5568.0
6081.0 4708.0
2670.0 4509.0
5347.0 7090.0
162.0 1601.0
4426.0 252.0
9985.0 9175.0
5014.0 2643.0
7907.0 6265.0
7010.0 7224.0
2930.0 7336.0
5927.0 7820.0
9523.0 2975.0
2849.0 3692.0
8510.0 701.0
9770.0 1753.0
707.0 6573.0
5683.0 8345.0
9918.0 731.0
1265.0 4979.0
4396.0 2566.0
2498.0 4966.0
8345.0 3667.0
6098.0 342.0
7607.0 9203.0
2088.0 1007.0
6086.0 919.0
1370.0 491.0
2057.0 7404.0
8655.0 5263.0
5930.0 9789.0
3592.0 6986.0
3578.0 3548.0
5452.0 9652.0
1846.0 9561.0
9224.0 5995.0
5314.0 107.0
3463.0 94.0
5948.0 7939.0
2750.0 5604.0
9711.0 9130.0
118.0 1491.0
6758.0 2827.0
7284.0 9724.0
4301.0 3587.0
3052.0 1809.0
3756.0 4473.0
2729.0 3595.0
6266.0 1550.0
3906.0 261.0
3212.0 2960.0
6466.0 5898.0
796.0 8242.0
7155.0 4597.0
318.0 6047.0
1583.0 2467.0
8235.0 928.0
8989.0 2485.0
2603.0 2360.0
7645.0 6600.0
5018.0 1656.0
1225.0 2004.0
9636.0 4942.0
9007.0 977.0
3394.0 2858.0
5258.0 6233.0
4021.0 147.0
5651.0 6169.0
4941.0 794.0
1057.0 6940.0
8680.0 6887.0
1584.0 764.0
2865.0 1852.0
6193.0 2381.0
5426.0 1236.0
5756.0 8078.0
8097.0 6700.0
9908.0 4188.0
9823.0 1379.0
528.0 4482.0
4168.0 7287.0
7229.0 8371.0
7335.0 7914.0
2675.0 4321.0
5884.0 1696.0
8112.0 5413.0
5768.0 4508.0
1928.0 6438.0
6779.0 1852.0
6630.0 4470.0
8998.0 3904.0
2057.0 7301.0
370.0 9077.0
5203.0 6674.0
6986.0 4276.0
9491.0 5725.0
187.0 2498.0
8856.0 2532.0
7085.0 943.0
4479.0 4208.0
3604.0 5308.0
4533.0 8434.0
1640.0 8423.0
9788.0 1856.0
4450.0 3880.0
431.0 7255.0
6864.0 7852.0
1941.0 3913.0
9419.0 4726.0
390.0 8067.0
8022.0 4745.0
9997.0 2899.0
3254.0 4312.0
8311.0 9942.0
5885.0 2111.0
6861.0 6342.0
7740.0 6728.0
7619.0 4869.0
9486.0 3921.0
8147.0 6114.0
9466.0 4205.0
759.0 4761.0
160.0 3927.0
3566.0 4370.0
1391.0 5480.0
3740.0 7570.0
1873.0 4831.0
5864.0 1086.0
3193.0 7022.0
708.0 7504.0
2844.0 2809.0
2290.0 8201.0
5402.0 2103.0
3567.0 4340.0
3448.0 2382.0
3612.0 5359.0
2337.0 2722.0
1632.0 6848.0
5420.0 6641.0
5665.0 2253.0
8814.0 9380.0
6327.0 5302.0
7331.0 7826.0
8441.0 2572.0
5655.0 3707.0
5917.0 8113.0
1376.0 3251.0
7718.0 4545.0
8985.0 8945.0
5281.0 7540.0
6427.0 1586.0
4227.0 3094.0
8312.0 3271.0
5727.0 9524.0
2393.0 4487.0
5362.0 8580.0
8402.0 985.0
9841.0 2608.0
858.0 8578.0
4420.0 7158.0
9939.0 6543.0
6377.0 969.0
7018.0 2787.0
2393.0 7729.0
3979.0 6438.0
190.0 6543.0
7896.0 6030.0

8240.0 434.0
5270.0 5749.0
2870.0 1570.0
1063.0 8837.0
5118.0 7690.0
7080.0 2755.0
7380.0 7869.0
4948.0 4164.0
1104.0 9786.0
2507.0 9189.0
1049.0 4738.0
4025.0 3786.0
6273.0 9764.0
7027.0 6839.0
8173.0 3775.0
7292.0 4180.0
8464.0 7115.0
6126.0 4157.0
2425.0 6437.0
6555.0 7942.0
5276.0 9361.0
7474.0 242.0
2020.0 5770.0
7398.0 8567.0
3635.0 5205.0
1916.0 1705.0
4921.0 2250.0
1416.0 615.0
1897.0 4306.0
8228.0 7344.0
9079.0 8726.0
4747.0 190.0
9476.0 8639.0
6670.0 5713.0
2707.0 9465.0
7905.0 811.0
9020.0 469.0
6323.0 508.0
9618.0 8297.0
1875.0 9597.0
6130.0 1917.0
1231.0 8830.0
4565.0 854.0
5527.0 8818.0
1615.0 1141.0
308.0 7281.0
3652.0 5924.0
9299.0 7821.0
1275.0 97.0
6059.0 921.0
4760.0 905.0
178.0 263.0
8245.0 8927.0
7064.0 86.0
3037.0 6349.0
2963.0 1730.0
2861.0 1932.0
9280.0 25.0
6408.0 4612.0
2831.0 2693.0
5062.0 136.0
1105.0 8429.0
6119.0 7621.0
4166.0 1824.0
4358.0 5497.0
7250.0 5786.0
7348.0 8714.0
711.0 4650.0
2296.0 1653.0
6387.0 3591.0
4824.0 3611.0
1984.0 2572.0
2502.0 6333.0
7600.0 5416.0
8506.0 5464.0
985.0 7232.0
3244.0 329.0
614.0 5821.0
4295.0 9016.0
8213.0 5228.0
7536.0 8082.0
4809.0 2129.0
4774.0 8877.0
6936.0 8180.0
5777.0 4871.0
2046.0 4036.0
5009.0 6874.0
4792.0 3155.0
5950.0 5607.0
8246.0 6095.0
8365.0 3514.0
6647.0 8438.0
6326.0 218.0
8801.0 8025.0
7386.0 8564.0
3745.0 9649.0
5738.0 643.0
2733.0 7892.0
4693.0 5713.0
4179.0 1232.0
6373.0 4433.0
671.0 3136.0
8928.0 6334.0
9604.0 8261.0
4128.0 9928.0
1603.0 4445.0
739.0 7370.0
3269.0 3638.0
1460.0 8083.0
3419.0 7481.0
3812.0 8292.0
4340.0 5613.0
7833.0 5833.0
2249.0 7472.0
5919.0 2185.0
3489.0 662.0
2660.0 6125.0
5587.0 1628.0
5035.0 5924.0
4798.0 6728.0
5800.0 9498.0
4195.0 4439.0
5458.0 4437.0
8936.0 1801.0
594.0 2296.0
7810.0 801.0
9010.0 4104.0
2632.0 2851.0
4442.0 6471.0
9636.0 2007.0
6248.0 225.0
9427.0 122.0
1912.0 5989.0
4618.0 9579.0
2710.0 3606.0
6733.0 1766.0
5393.0 4838.0
6508.0 1969.0
5230.0 1242.0
4158.0 3835.0
8286.0 1640.0
8734.0 9087.0
3259.0 6105.0
8155.0 625.0
5741.0 5860.0
4035.0 9709.0
254.0 1028.0
7907.0 366.0
7916.0 621.0
7901.0 6701.0
77.0 1697.0
7557.0 1267.0
789.0 7113.0
793.0 5140.0
3457.0 3738.0
9694.0 2919.0
9511.0 5614.0
4167.0 8240.0
9479.0 8905.0
5129.0 8037.0
9282.0 8107.0
5262.0 6163.0
7121.0 5386.0
3983.0 9563.0
8791.0 7500.0
5706.0 2666.0
1810.0 7182.0
3027.0 8118.0
1163.0 8440.0
8884.0 4599.0
2048.0 7619.0
4352.0 4798.0
7478.0 4744.0
1118.0 9274.0
1052.0 1933.0
295.0 4341.0
7805.0 8418.0
1620.0 4651.0
8438.0 3978.0
9677.0 3623.0
4790.0 5283.0
6238.0 7405.0
6950.0 2016.0
311.0 519.0
4772.0 2201.0
10004.0 3838.0
9236.0 8639.0
2817.0 8110.0
1442.0 906.0
3447.0 8628.0
9631.0 9754.0
710.0 9255.0
7047.0 3429.0
7708.0 6453.0
6023.0 7698.0
1790.0 6486.0
6126.0 4135.0
3460.0 1445.0
6717.0 3446.0
5814.0 2283.0
6784.0 3358.0
8587.0 9508.0
7375.0 2915.0
3458.0 4688.0
4516.0 7624.0
9665.0 8481.0
2954.0 2374.0
1568.0 3274.0
3554.0 1502.0
2243.0 1171.0
9730.0 7968.0
9707.0 455.0
765.0 6028.0
4895.0 6196.0
2321.0 4317.0
2974.0 3163.0
7081.0 8759.0
2080.0 1728.0
768.0 7236.0
6133.0 9878.0
1483.0 401.0
763.0 7061.0
2658.0 5557.0
4014.0 7981.0
2498.0 3053.0
5861.0 7027.0
5269.0 7040.0
3214.0 6496.0
2255.0 5064.0
9447.0 4276.0
2776.0 3392.0
87.0 9158.0
8079.0 7461.0
8764.0 4411.0
3482.0 9398.0
9.0 2847.0
6613.0 7009.0
8011.0 8957.0
2086.0 1140.0
2946.0 6363.0
5490.0 853.0
8938.0 1189.0
2002.0 8309.0
315.0 4557.0
7538.0 7773.0
5207.0 9831.0
2712.0 5654.0
8117.0 2818.0
2529.0 1028.0
5562.0 5565.0
7140.0 8491.0
1373.0 6900.0
1464.0 7823.0
777.0 5436.0
4106.0 7336.0
4843.0 3120.0
8382.0 346.0
9398.0 85.0
778.0 6645.0
5034.0 3882.0
4752.0 3444.0
7268.0 8825.0
184.0 2636.0
8505.0 3569.0
1348.0 3861.0
5853.0 7599.0
8756.0 5223.0
1448.0 9795.0
2705.0 6118.0
4336.0 4751.0
8920.0 9064.0
5564.0 4983.0
9096.0 9959.0
530.0 9695.0
1726.0 8679.0
5239.0 3313.0
1049.0 4420.0
5545.0 9378.0
4492.0 2707.0
985.0 8021.0
1409.0 3492.0
7284.0 7654.0
8531.0 2234.0
4194.0 4044.0
9930.0 8390.0
7686.0 2462.0
1876.0 8237.0
8169.0 1014.0
5422.0 1414.0
8791.0 5887.0
2075.0 3132.0
441.0 1616.0
413.0 6427.0
2572.0 2061.0
3989.0 1413.0
1390.0 278.0
3371.0 914.0
9584.0 7900.0
7679.0 4404.0
4136.0 7238.0
3463.0 4665.0
1358.0 1729.0
1286.0 4098.0
725.0 2936.0
2837.0 47.0
1631.0 4721.0
3969.0 1121.0
9629.0 7781.0
1459.0 8871.0
1331.0 214.0
3891.0 1769.0
9481.0 2252.0
9486.0 878.0
2372.0 5861.0
6230.0 9164.0
4164.0 2351.0
2171.0 8815.0
5229.0 3651.0
6224.0 3520.0
4129.0 5433.0
2319.0 5111.0
5295.0 2757.0
2281.0 6476.0
9049.0 1349.0
5263.0 5162.0
3045.0 261.0
4099.0 4579.0
6737.0 3974.0
1407.0 2220.0
2976.0 4714.0
843.0 6823.0
3351.0 8061.0
1283.0 8862.0
6336.0 7554.0
4357.0 1317.0
9904.0 6465.0
8153.0 94.0
2646.0 7366.0
2413.0 6051.0
54.0 2710.0
3159.0 3023.0
5018.0 2017.0
6992.0 8751.0
4183.0 3914.0
8010.0 8160.0
4241.0 3612.0
2625.0 855.0
4765.0 9050.0
193.0 7303.0
6686.0 1322.0
9751.0 566.0
8025.0 7579.0
5751.0 3030.0
965.0 7061.0
8127.0 32.0
6883.0 3422.0
4560.0 4795.0
8416.0 9010.0
5268.0 1608.0
199.0 9283.0
3193.0 6624.0
2343.0 7991.0
4940.0 8236.0
3285.0 6330.0
289.0 1411.0
1071.0 1699.0
676.0 2909.0
4729.0 4232.0
9460.0 6813.0
9775.0 1784.0
9338.0 2252.0
4500.0 6521.0
4769.0 7764.0
6106.0 8779.0
9728.0 9193.0
8328.0 6350.0
3707.0 553.0
4600.0 9884.0
1215.0 9742.0
3401.0 7550.0
2740.0 3553.0
4880.0 4606.0
7422.0 8878.0
325.0 6087.0
376.0 9512.0
8645.0 3236.0
9946.0 512.0
6384.0 6846.0
2786.0 4458.0
454.0 3199.0
7111.0 6593.0
5098.0 756.0
6946.0 8214.0
7287.0 8237.0
2764.0 267.0
7047.0 7299.0
6333.0 1506.0
1905.0 5447.0
122.0 8186.0
7006.0 7340.0
4157.0 4673.0
5004.0 5181.0
5630.0 6879.0
2365.0 1325.0
9133.0 2975.0
1137.0 8791.0
7887.0 8242.0
7824.0 7826.0
8779.0 3519.0
3444.0 9212.0
6595.0 9136.0
1389.0 7436.0
5273.0 8762.0
2171.0 9432.0
6549.0 72.0
6666.0 7024.0
8835.0 1643.0
1963.0 3765.0
1674.0 8008.0
6413.0 9318.0
3655.0 7282.0
2966.0 7026.0
4088.0 8243.0
2424.0 2880.0
1356.0 6323.0
697.0 6515.0
3217.0 411.0
6661.0 7395.0
6999.0 4844.0
9724.0 1881.0
9941.0 3579.0
8701.0 9321.0
2624.0 5874.0
6114.0 7823.0
775.0 5454.0
4469.0 2909.0
3333.0 7536.0
3688.0 4652.0
7110.0 671.0
1240.0 1548.0
913.0 2760.0
9063.0 1692.0
4466.0 3212.0
3961.0 4487.0
9993.0 5617.0
464.0 8542.0
6801.0 7890.0
7845.0 3884.0
1739.0 9246.0
5347.0 9196.0
854.0 5976.0
2244.0 7222.0
107.0 392.0
1808.0 3996.0
5523.0 9892.0
832.0 76.0
5596.0 5530.0
8765.0 4448.0
1303.0 2023.0
3072.0 4231.0
1595.0 3607.0
9947.0 5897.0
4722.0 2632.0
1949.0 6137.0
8211.0 371.0
6670.0 3035.0
2866.0 1866.0
3040.0 740.0
8672.0 9318.0
4385.0 3273.0
2894.0 872.0
9814.0 5649.0
3270.0 4228.0
8038.0 2966.0
1635.0 7014.0
266.0 652.0
5822.0 8300.0
1204.0 1483.0
198.0 8190.0
9830.0 7599.0
7686.0 4902.0
4011.0 8126.0
8622.0 1242.0
5563.0 5615.0
4308.0 4907.0
4868.0 6915.0
5587.0 9491.0
6642.0 6693.0
9322.0 5654.0
959.0 4214.0
8125.0 4341.0
6131.0 6600.0
1164.0 6474.0
2543.0 4194.0
6419.0 6016.0
9049.0 6183.0
7250.0 5855.0
6037.0 7194.0
8595.0 8377.0
1730.0 7976.0
682.0 5189.0
889.0 5868.0
584.0 2855.0
7448.0 3192.0
4489.0 4117.0
5241.0 4246.0
6008.0 6464.0
3370.0 4067.0
8414.0 2489.0
5373.0 4607.0
1111.0 8947.0
3755.0 6527.0
3243.0 3919.0
3961.0 7213.0
9733.0 4001.0
4482.0 8242.0
7660.0 5940.0
2083.0 7907.0
3301.0 9606.0
3840.0 7006.0
2659.0 1758.0
50.0 8541.0
896.0 2460.0
4615.0 4481.0
8470.0 8619.0
2015.0 5281.0
4331.0 1516.0
2467.0 287.0
9058.0 7767.0
9365.0 9734.0
3265.0 5620.0
5602.0 1446.0
9126.0 1004.0
7902.0 7957.0
5386.0 245.0
717.0 2177.0
8687.0 8860.0
3830.0 2293.0
6599.0 8341.0
251.0 9047.0
151.0 5353.0
3503.0 1077.0
6274.0 259.0
5916.0 6463.0
2964.0 4364.0
1996.0 1174.0
2532.0 7818.0
3520.0 7527.0
790.0 2595.0
5424.0 8393.0
2547.0 7429.0
4081.0 5237.0
6215.0 4154.0
2094.0 729.0
2930.0 7351.0
6212.0 9030.0
8009.0 1712.0
7412.0 9467.0
5110.0 4039.0
4834.0 1708.0
5921.0 9288.0
7596.0 3149.0
775.0 2588.0
1137.0 1667.0
7998.0 1620.0
7170.0 9365.0
2353.0 6295.0
8851.0 5531.0
5466.0 5140.0
5261.0 9424.0
3522.0 298.0
1807.0 6092.0
145.0 5559.0
5660.0 855.0
4768.0 4343.0
7781.0 632.0
9380.0 7039.0
5702.0 2776.0
8973.0 9627.0
3620.0 4579.0
3550.0 7979.0
8910.0 9102.0
2057.0 4766.0
6680.0 5524.0
1078.0 8395.0
6441.0 4616.0
3642.0 5852.0
7527.0 2586.0
6009.0 3914.0
2322.0 8875.0
2766.0 5609.0
8948.0 6131.0
3107.0 1347.0
7466.0 2988.0
3631.0 6655.0
6230.0 2836.0
5510.0 884.0
7479.0 4229.0
6397.0 3870.0
3755.0 1113.0
9898.0 9886.0
9277.0 3515.0
7997.0 864.0
2853.0 1882.0
4229.0 3266.0
1448.0 716.0
8023.0 5528.0
5977.0 9687.0
2995.0 5492.0
3459.0 2847.0
4616.0 9728.0
2131.0 9180.0
5023.0 9181.0
8593.0 76.0
5417.0 8044.0
8622.0 1945.0
8811.0 5279.0
5730.0 4612.0
8555.0 670.0
4081.0 8669.0
419.0 9881.0
4873.0 7430.0
8661.0 5369.0
7770.0 1682.0
8867.0 2614.0
1496.0 7856.0
2944.0 3553.0
197.0 2832.0
4117.0 1640.0
4657.0 991.0
2278.0 5457.0
9996.0 1717.0
2540.0 263.0
3914.0 7998.0
2347.0 9424.0
2118.0 9277.0
4977.0 125.0
23.0 4244.0
9831.0 275.0
2303.0 1716.0
2298.0 6021.0
4437.0 273.0
8619.0 1794.0
2827.0 9803.0
3521.0 7292.0
2574.0 655.0
1065.0 8311.0
4562.0 8506.0
1462.0 848.0
5890.0 5676.0
9290.0 384.0
312.0 1980.0
921.0 765.0
7735.0 869.0
1512.0 9586.0
4434.0 8913.0
4426.0 9506.0
8007.0 9415.0
8425.0 7390.0
3761.0 3214.0
488.0 5724.0
1568.0 2395.0
4611.0 3162.0
4805.0 5066.0
9422.0 3686.0
5495.0 1864.0
9994.0 6243.0
2245.0 7322.0
1682.0 9287.0
73.0 1820.0
6333.0 7151.0
3720.0 2239.0
3754.0 7657.0
8600.0 1991.0
3748.0 2866.0
5892.0 3601.0
6589.0 7397.0
991.0 9491.0
2296.0 1230.0
6811.0 9151.0
1548.0 6385.0
6144.0 3322.0
3579.0 9435.0
9569.0 8406.0
8926.0 4208.0
8123.0 6724.0
7385.0 1638.0
2234.0 808.0
3986.0 6178.0
1101.0 2385.0
8389.0 643.0
9073.0 9225.0
5533.0 3963.0
8126.0 5497.0
7870.0 8707.0
8087.0 3817.0
2057.0 7814.0
8643.0 9656.0
5473.0 2450.0
9799.0 1238.0
366.0 5390.0
9827.0 639.0
6025.0 6852.0
2360.0 4204.0
1806.0 2187.0
6695.0 2999.0
6373.0 3354.0
7932.0 6401.0
989.0 8573.0
6018.0 4543.0
7255.0 7084.0
5357.0 7745.0
2072.0 8423.0
9003.0 3627.0
5248.0 8144.0
4126.0 5012.0
7573.0 4349.0
7781.0 4349.0
9703.0 2033.0
4629.0 2785.0
4728.0 4538.0
680.0 4543.0
9758.0 4155.0
9688.0 9789.0
4384.0 6188.0
1277.0 1656.0
6375.0 3440.0
2402.0 5554.0
7433.0 552.0
6261.0 1476.0
4414.0 46.0
5251.0 2436.0
3784.0 4572.0
7059.0 4700.0
9757.0 2185.0
5514.0 7997.0
8876.0 4132.0
272.0 6353.0
6460.0 7038.0
1963.0 2722.0
2723.0 3894.0
1884.0 3070.0
8944.0 777.0
7846.0 8097.0
6513.0 8738.0
273.0 3222.0
4237.0 2687.0
5167.0 42.0
1728.0 1824.0
3010.0 4895.0
9243.0 8383.0
5249.0 2690.0
6817.0 4233.0
2430.0 6715.0
8052.0 7142.0
587.0 7508.0
6402.0 1213.0
5014.0 6539.0
4303.0 8323.0
2985.0 2795.0
8021.0 39.0
9549.0 2984.0
3554.0 1897.0
2997.0 8502.0
1418.0 4463.0
9085.0 4810.0
731.0 8084.0
5643.0 1429.0
5364.0 766.0
1661.0 3162.0
7589.0 1066.0
7421.0 5756.0
7015.0 421.0
4845.0 1648.0
5213.0 1835.0
9591.0 3936.0
8828.0 4341.0
9049.0 9294.0
6581.0 5124.0
2792.0 2930.0
7987.0 3756.0
4642.0 1318.0
4133.0 5434.0
7890.0 804.0
3392.0 2652.0
7831.0 2794.0
7403.0 7183.0
8159.0 8674.0
5177.0 6851.0
367.0 124.0
5686.0 3934.0
7734.0 2993.0
1767.0 4671.0
7999.0 5396.0
733.0 1744.0
1349.0 3207.0
9479.0 4186.0
2758.0 8585.0
4503.0 1595.0
379.0 9748.0
9649.0 2099.0
3987.0 2592.0
6935.0 5954.0
154.0 7386.0
8322.0 9216.0
3202.0 6151.0
8772.0 4399.0
3578.0 8931.0
3454.0 7501.0
7713.0 9582.0
4425.0 3374.0
6018.0 4283.0
4674.0 3768.0
8048.0 8390.0
9855.0 5045.0
6510.0 9838.0
570.0 4933.0
4157.0 9724.0
535.0 235.0
214.0 3250.0
8529.0 9912.0
5410.0 6687.0
4405.0 480.0
7209.0 8526.0
2096.0 3081.0
9393.0 5484.0
4893.0 4190.0
2527.0 6499.0
899.0 4359.0
4472.0 442.0
8983.0 1891.0
2508.0 5628.0
8090.0 892.0
1169.0 1868.0
5282.0 5589.0
2432.0 8166.0
323.0 5334.0
7302.0 1765.0
7183.0 7224.0
447.0 6679.0
5305.0 5725.0
1945.0 2393.0
6009.0 1230.0
2779.0 5893.0
1840.0 1975.0
3149.0 2681.0
9249.0 6190.0
5232.0 4937.0
7449.0 3958.0
4466.0 7511.0
8787.0 613.0
5979.0 4889.0
8502.0 6195.0
5257.0 4817.0
4199.0 7778.0
4644.0 6712.0
7913.0 4147.0
9799.0 5572.0
6085.0 4713.0
2674.0 4513.0
5353.0 7095.0
166.0 1607.0
4431.0 257.0
9990.0 9179.0
5020.0 2648.0
7913.0 6270.0
7014.0 7229.0
2936.0 7341.0
5933.0 7826.0
9528.0 2981.0
2853.0 3697.0
8515.0 707.0
9775.0 1758.0
712.0 6579.0
5689.0 8351.0
9923.0 737.0
1270.0 4984.0
4401.0 2571.0
2502.0 4970.0
8350.0 3671.0
6103.0 346.0
7613.0 9208.0
2093.0 1012.0
6090.0 924.0
1376.0 496.0
2063.0 7410.0
8660.0 5269.0
5934.0 9794.0
3597.0 6991.0
3583.0 3553.0
5458.0 9657.0
1850.0 9567.0
9230.0 5999.0
5320.0 112.0
3467.0 99.0
5954.0 7944.0
2755.0 5609.0
9716.0 9135.0
123.0 1496.0
6763.0 2831.0
7290.0 9729.0
4306.0 3592.0
3056.0 1815.0
3761.0 4479.0
2733.0 3599.0
6272.0 1554.0
3911.0 266.0
3217.0 2965.0
6471.0 5903.0
801.0 8248.0
7160.0 4602.0
322.0 6051.0
1589.0 2472.0
8240.0 934.0
8994.0 2490.0
2609.0 2364.0
7649.0 6606.0
5022.0 1661.0
1229.0 2010.0
9642.0 4947.0
9012.0 983.0
3398.0 2864.0
5262.0 6238.0
4027.0 151.0
5656.0 6174.0
4947.0 800.0
1062.0 6945.0
8684.0 6892.0
1588.0 769.0
2870.0 1857.0
6198.0 2386.0
5430.0 1242.0
5762.0 8083.0
8103.0 6705.0
9912.0 4192.0
9828.0 1384.0
534.0 4488.0
4173.0 7293.0
7235.0 8375.0
7341.0 7919.0
2681.0 4325.0
5888.0 1701.0
8117.0 5418.0
5773.0 4513.0
1934.0 6444.0
6784.0 1857.0
6635.0 4476.0
9003.0 3910.0
2062.0 7305.0
375.0 9082.0
5207.0 6678.0
6991.0 4282.0
9497.0 5729.0
192.0 2504.0
8862.0 2537.0
7091.0 947.0
4484.0 4213.0
3608.0 5312.0
4537.0 8439.0
1644.0 8427.0
9794.0 1861.0
4455.0 3886.0
436.0 7261.0
6868.0 7857.0
1946.0 3917.0
9424.0 4730.0
395.0 8072.0
8027.0 4749.0
10003.0 2905.0
3258.0 4317.0
8316.0 9947.0
5890.0 2116.0
6866.0 6346.0
7746.0 6733.0
7625.0 4873.0
9491.0 3926.0
8151.0 6119.0
9472.0 4210.0
763.0 4766.0
166.0 3933.0
3570.0 4375.0
1395.0 5486.0
3745.0 7576.0
1878.0 4835.0
5868.0 1091.0
3198.0 7027.0
713.0 7509.0
2849.0 2813.0
2295.0 8205.0
5408.0 2108.0
3572.0 4345.0
3453.0 2387.0
3617.0 5365.0
2343.0 2726.0
1637.0 6853.0
5426.0 6647.0
5670.0 2257.0
8819.0 9386.0
6331.0 5306.0
7336.0 7831.0
8446.0 2578.0
5660.0 3712.0
5921.0 8119.0
1382.0 3257.0
7724.0 4550.0
8991.0 8951.0
5286.0 7546.0
6432.0 1591.0
4233.0 3099.0
8318.0 3276.0
5731.0 9529.0
2399.0 4493.0
5368.0 8584.0
8407.0 990.0
9845.0 2612.0
864.0 8583.0
4425.0 7164.0
9944.0 6549.0
6382.0 975.0
7024.0 2792.0
2399.0 7734.0
3984.0 6442.0
195.0 6548.0
7901.0 6036.0
