1
1024 1 3.0 0.0 1000.0 3 160 240 100

6.5 13.5 29.3 58.5
13.0 27.0 58.5 117.0
19.5 40.5 87.8 175.5
26.0 54.0 117.0 234.0
39.0 81.0 175.5 351.0
52.0 108.0 234.0 468.0
58.5 121.5 263.3 526.5
65.0 135.0 292.5 585.0
78.0 162.0 351.0 702.0
0.0 180.0 390.0 780.0

2.0 5.0 8.0 11.0
5.0 8.0 11.0 14.0
9.0 12.0 15.0 18.0
11.0 14.0 17.0 20.0
15.0 18.0 21.0 24.0
18.0 21.0 24.0 27.0
20.0 23.0 26.0 29.0
25.0 28.0 31.0 34.0
29.0 32.0 35.0 38.0
0.0 34.0 37.0 40.0

5074.0 249.0
4013.0 2554.0
6616.0 1117.0
441.0 3936.0
636.0 2332.0
792.0 2558.0
492.0 5864.0
7865.0 1014.0
2526.0 7499.0
4126.0 7360.0
4386.0 8427.0
6003.0 2047.0
67.0 3927.0
4762.0 7581.0
2025.0 6056.0
5570.0 9101.0
3217.0 9768.0
8843.0 6516.0
4405.0 4367.0
483.0 1373.0
4595.0 4712.0
99.0 4131.0
4953.0 9087.0
8822.0 9982.0
9039.0 3152.0
815.0 3909.0
4736.0 1886.0
5070.0 8121.0
5700.0 3944.0
6602.0 7548.0
2698.0 5325.0
8646.0 1550.0
7681.0 1784.0
9943.0 2506.0
5941.0 1894.0
3731.0 4449.0
4212.0 5169.0
7538.0 7407.0
5050.0 2164.0
5374.0 5620.0
365.0 5972.0
6433.0 291.0
9444.0 7025.0
6895.0 39.0
9309.0 5613.0
3941.0 4717.0
7783.0 9040.0
3575.0 759.0
2098.0 2831.0
6352.0 8720.0
8400.0 7893.0
7632.0 6170.0
9.0 8062.0
1428.0 1616.0
4778.0 4938.0
9490.0 7602.0
4409.0 9417.0
9691.0 3663.0
1068.0 1854.0
336.0 2289.0
9166.0 5253.0
9498.0 3570.0
2640.0 8400.0
963.0 6677.0
599.0 8364.0
910.0 8856.0
6679.0 4268.0
1908.0 5086.0
9963.0 6752.0
3342.0 4069.0
7815.0 40.0
9871.0 8726.0
3480.0 6018.0
2008.0 1845.0
3801.0 2252.0
5434.0 61.0
4904.0 8343.0
8151.0 1826.0
6214.0 7548.0
7057.0 7528.0
5625.0 3073.0
8068.0 2431.0
1214.0 947.0
6371.0 5602.0
7314.0 3910.0
5918.0 472.0
5327.0 3204.0
9759.0 5221.0
2106.0 7701.0
5321.0 3626.0
1275.0 2275.0
1224.0 9554.0
5325.0 9826.0
4749.0 756.0
8845.0 3884.0
1547.0 125.0
5742.0 1193.0
1701.0 5089.0
5791.0 6195.0
8733.0 8291.0
8379.0 1833.0
669.0 5238.0
3782.0 3575.0
4749.0 7064.0
4843.0 6091.0
9898.0 9082.0
4384.0 4471.0
3549.0 8291.0
6214.0 4429.0
1926.0 5492.0
86.0 8380.0
5386.0 185.0
3452.0 6821.0
2921.0 8913.0
5361.0 6924.0
2420.0 205.0
364.0 2754.0
5801.0 1798.0
2766.0 4028.0
603.0 8288.0
4091.0 2830.0
2149.0 9886.0
9086.0 195.0
2870.0 5432.0
8150.0 6972.0
7911.0 5342.0
6509.0 5887.0
8600.0 2638.0
3004.0 4222.0
7890.0 2743.0
3847.0 9006.0
4383.0 5190.0
9177.0 9157.0
4020.0 2914.0
2794.0 1473.0
1063.0 7298.0
7903.0 9889.0
2439.0 9619.0
4224.0 9916.0
2082.0 2087.0
4324.0 2679.0
4343.0 4103.0
9521.0 5455.0
8099.0 1941.0
8210.0 8147.0
5633.0 2483.0
1961.0 7586.0
2912.0 4196.0
7241.0 4087.0
351.0 995.0
3120.0 7172.0
5662.0 7182.0
7802.0 9875.0
2905.0 4088.0
9333.0 3534.0
4324.0 1624.0
8343.0 7494.0
4081.0 371.0
3178.0 638.0
5491.0 2391.0
256.0 4144.0
5847.0 1416.0
5015.0 7396.0
5450.0 5590.0
1304.0 1464.0
9942.0 8405.0
9552.0 7053.0
7537.0 6023.0
6589.0 6353.0
5260.0 1631.0
2455.0 688.0
792.0 9989.0
2051.0 8392.0
9019.0 7856.0
1994.0 9812.0
4896.0 8436.0
5511.0 8867.0
6717.0 517.0
735.0 3065.0
6400.0 5471.0
256.0 6395.0
5883.0 7775.0
2264.0 2017.0
1242.0 7214.0
6158.0 4149.0
8614.0 3434.0
7951.0 1076.0
8553.0 6011.0
3335.0 3691.0
7897.0 5693.0
8755.0 6485.0
756.0 4990.0
3346.0 396.0
2729.0 8762.0
7071.0 9432.0
4943.0 7980.0
2936.0 5487.0
7019.0 2322.0
3608.0 8257.0
559.0 9768.0
5308.0 9670.0
7279.0 3845.0
4314.0 4759.0
8355.0 1719.0
3940.0 3364.0
4113.0 8754.0
2333.0 9609.0
5647.0 7743.0
3942.0 8541.0
2478.0 3445.0
11.0 1861.0
2849.0 5612.0
5949.0 7160.0
5755.0 6155.0
5928.0 7563.0
6314.0 8629.0
7555.0 1211.0
8589.0 683.0
1980.0 2478.0
2442.0 2654.0
7284.0 9354.0
3537.0 7963.0
5496.0 3895.0
8094.0 3475.0
6104.0 5160.0
6486.0 489.0
1392.0 6549.0
2288.0 9530.0
1476.0 1956.0
5877.0 4588.0
9369.0 7644.0
4185.0 4990.0
8944.0 9271.0
707.0 5550.0
1142.0 5968.0
2363.0 8181.0
6265.0 5884.0
2323.0 606.0
2721.0 123.0
384.0 366.0
5072.0 4471.0
5011.0 4757.0
6716.0 844.0
3644.0 9878.0
5088.0 2856.0
361.0 4457.0
9694.0 2430.0
2517.0 6600.0
5866.0 6864.0
437.0 4149.0
9563.0 8265.0
6789.0 1799.0
1078.0 9770.0
4722.0 644.0
8009.0 5455.0
6374.0 8314.0
336.0 3363.0
5859.0 365.0
2959.0 3553.0
3325.0 6093.0
3556.0 5591.0
9185.0 4429.0
6093.0 2393.0
135.0 8080.0
2863.0 9830.0
1043.0 6589.0
385.0 4025.0
9323.0 1459.0
7026.0 735.0
891.0 9028.0
2693.0 3750.0
9308.0 9241.0
3446.0 1707.0
2201.0 997.0
6385.0 5255.0
1581.0 7215.0
2668.0 8954.0
7142.0 5313.0
8998.0 4855.0
4155.0 1234.0
445.0 7153.0
54.0 7704.0
9945.0 9831.0
6310.0 9871.0
2333.0 1719.0
4712.0 4006.0
3256.0 5871.0
9628.0 7411.0
5827.0 2674.0
380.0 213.0
357.0 8616.0
311.0 2202.0
5037.0 5110.0
1652.0 377.0
7894.0 4302.0
7797.0 5361.0
2905.0 1266.0
7080.0 7361.0
5589.0 4508.0
4657.0 4820.0
5955.0 9194.0
1598.0 1442.0
9139.0 4.0
2785.0 9736.0
6589.0 3041.0
7727.0 1766.0
3153.0 8700.0
877.0 245.0
7916.0 9915.0
576.0 5658.0
9132.0 2696.0
8198.0 7569.0
6125.0 8369.0
1626.0 776.0
3478.0 9438.0
9637.0 9478.0
5394.0 3476.0
6309.0 5124.0
554.0 1967.0
7055.0 6098.0
341.0 3508.0
371.0 9913.0
5775.0 3281.0
1919.0 1074.0
1008.0 3223.0
26.0 274.0
3740.0 9788.0
4223.0 3087.0
5392.0 8741.0
901.0 8823.0
6407.0 8866.0
2706.0 2714.0
4510.0 9033.0
765.0 7078.0
6300.0 5522.0
1347.0 9650.0
5004.0 9009.0
1055.0 9724.0
9761.0 3158.0
7162.0 5276.0
4283.0 9199.0
2182.0 6737.0
5238.0 3430.0
4281.0 5575.0
3214.0 7048.0
7633.0 8350.0
1614.0 218.0
9316.0 9409.0
1334.0 4808.0
1857.0 7881.0
1572.0 2688.0
3020.0 7140.0
9620.0 9023.0
6946.0 7401.0
5002.0 2461.0
3237.0 4605.0
5787.0 6633.0
3099.0 1266.0
7450.0 9888.0
4133.0 7442.0
7124.0 2662.0
7879.0 2489.0
8593.0 4414.0
6724.0 769.0
5879.0 4518.0
9257.0 6972.0
5773.0 4055.0
5692.0 9214.0
2172.0 7891.0
7446.0 585.0
7552.0 8974.0
7484.0 2295.0
9453.0 9255.0
523.0 4099.0
2314.0 4153.0
4707.0 153.0
7501.0 9969.0
8843.0 968.0
6909.0 6174.0
1810.0 4635.0
7954.0 6978.0
3238.0 2966.0
332.0 9096.0
7054.0 735.0
7386.0 5122.0
2009.0 8671.0
7436.0 4437.0
5771.0 3374.0
2920.0 6041.0
1702.0 9806.0
7698.0 256.0
9911.0 4544.0
5378.0 8681.0
6681.0 428.0
4007.0 4338.0
8884.0 5798.0
4977.0 6407.0
2478.0 3966.0
6508.0 6477.0
6684.0 1090.0
4553.0 5712.0
7949.0 3120.0
6472.0 4865.0
304.0 4972.0
5336.0 1531.0
1200.0 7601.0
5209.0 1579.0
4444.0 1135.0
255.0 4154.0
4318.0 4728.0
3026.0 2175.0
7501.0 6309.0
9785.0 2744.0
1879.0 7875.0
3211.0 4373.0
3855.0 4510.0
5337.0 452.0
8256.0 7773.0
6075.0 858.0
7441.0 6641.0
5181.0 6139.0
8708.0 1655.0
8011.0 1168.0
1609.0 442.0
7911.0 7693.0
9260.0 5266.0
610.0 7694.0
272.0 5794.0
8449.0 1956.0
374.0 2710.0
4809.0 779.0
5353.0 373.0
1587.0 6242.0
9406.0 9158.0
5073.0 7915.0
5503.0 659.0
8071.0 6466.0
6857.0 1407.0
8629.0 2043.0
1125.0 3287.0
8220.0 6871.0
1408.0 1285.0
4726.0 3961.0
682.0 1764.0
8085.0 6356.0
8745.0 6911.0
8940.0 3822.0
3285.0 3525.0
3152.0 6403.0
9175.0 6812.0
7520.0 6744.0
2585.0 2348.0
4575.0 5613.0
9031.0 1879.0
6770.0 7516.0
6943.0 1115.0
2958.0 5838.0
866.0 187.0
2468.0 9406.0
893.0 9931.0
4667.0 4911.0
7430.0 9659.0
4330.0 2073.0
2895.0 4588.0
5690.0 992.0
4449.0 3584.0
509.0 3578.0
4374.0 387.0
8025.0 3494.0
7178.0 3987.0
7131.0 1498.0
5052.0 6304.0
3620.0 5632.0
5757.0 7849.0
7878.0 8141.0
9565.0 4517.0
841.0 3559.0
4342.0 1183.0
8601.0 4862.0
373.0 273.0
8485.0 7110.0
9042.0 5953.0
1979.0 484.0
1955.0 7120.0
2332.0 7146.0
9625.0 4852.0
7210.0 8814.0
1297.0 2477.0
9232.0 4497.0
35.0 8931.0
9751.0 268.0
9665.0 8567.0
3734.0 5516.0
2675.0 3076.0
6084.0 2589.0
672.0 3693.0
2257.0 9220.0
1501.0 4338.0
8536.0 5678.0
9629.0 8872.0
9795.0 1043.0
8889.0 8116.0
5125.0 5516.0
9189.0 4815.0
4159.0 8192.0
1297.0 7190.0
9452.0 2193.0
6278.0 4264.0
2769.0 1593.0
8720.0 8607.0
5632.0 7034.0
5315.0 4676.0
6974.0 9453.0
2926.0 3414.0
3259.0 3836.0
2721.0 6261.0
8914.0 7411.0
9487.0 4253.0
7419.0 9194.0
7720.0 371.0
5925.0 301.0
8596.0 5794.0
8730.0 6940.0
4424.0 3240.0
7479.0 506.0
9677.0 3031.0
8433.0 1675.0
212.0 77.0
9664.0 7927.0
4776.0 2420.0
3516.0 6407.0
5395.0 4510.0
2204.0 6536.0
5754.0 880.0
6876.0 9289.0
9170.0 8379.0
3018.0 2550.0
253.0 7632.0
7524.0 4463.0
6865.0 6886.0
5314.0 9191.0
1467.0 3904.0
5823.0 1996.0
3471.0 4089.0
2230.0 3054.0
6687.0 5473.0
8775.0 1925.0
8467.0 3759.0
4008.0 7079.0
9652.0 3069.0
337.0 7407.0
6926.0 571.0
2707.0 5119.0
1670.0 5629.0
1782.0 1956.0
1921.0 6669.0
9460.0 3113.0
6545.0 1398.0
7095.0 5800.0
3210.0 8560.0
9261.0 1858.0
4281.0 1883.0
8414.0 6325.0
7215.0 9378.0
8306.0 6389.0
8582.0 3666.0
6504.0 7628.0
3292.0 1487.0
8855.0 6951.0
3141.0 3057.0
1270.0 4168.0
1284.0 4442.0
6647.0 6580.0
1712.0 8605.0
7317.0 3525.0
5369.0 3299.0
5846.0 282.0
6977.0 6462.0
9541.0 3249.0
9194.0 2281.0
6532.0 814.0
3199.0 3594.0
3760.0 6822.0
7298.0 8786.0
9729.0 6069.0
7668.0 3846.0
7386.0 3716.0
7825.0 2756.0
4964.0 3059.0
5930.0 1860.0
5141.0 8552.0
1525.0 6395.0
5382.0 3503.0
5810.0 9839.0
4798.0 4364.0
2048.0 9236.0
5383.0 6013.0
5222.0 2173.0
7978.0 4961.0
2519.0 3562.0
5811.0 9883.0
8768.0 2902.0
973.0 1394.0
3411.0 5175.0
1670.0 5483.0
8128.0 1045.0
614.0 7520.0
6702.0 4525.0
7392.0 6247.0
1236.0 8771.0
179.0 9672.0
1320.0 3179.0
4633.0 7272.0
5247.0 7427.0
335.0 5430.0
4882.0 653.0
7616.0 5510.0
8291.0 6411.0
127.0 6490.0
6718.0 6585.0
1007.0 6565.0
5023.0 9906.0
2994.0 637.0
7184.0 3266.0
5334.0 3096.0
951.0 6457.0
2839.0 7823.0
8269.0 3526.0
4945.0 9813.0
561.0 6402.0
5125.0 5339.0
482.0 8957.0
3501.0 78.0
4230.0 2162.0
8017.0 7094.0
1038.0 3509.0
2013.0 9114.0
8926.0 6366.0
8563.0 1996.0
8329.0 7414.0
4417.0 8806.0
7698.0 2847.0
8911.0 6428.0
7677.0 6484.0
5684.0 9106.0
2954.0 5475.0
7566.0 5838.0
3391.0 1743.0
7476.0 1046.0
8533.0 9848.0
690.0 416.0
2100.0 4419.0
6333.0 6343.0
5558.0 2833.0
8433.0 9881.0
2379.0 1289.0
9407.0 8614.0
7083.0 4960.0
1312.0 2371.0
5668.0 5369.0
2730.0 1186.0
6531.0 665.0
1622.0 2429.0
3476.0 6961.0
7020.0 6512.0
4917.0 1388.0
4890.0 3093.0
5873.0 49.0
6034.0 2185.0
1859.0 6517.0
6369.0 7088.0
6275.0 9050.0
2448.0 8558.0
5386.0 7192.0
7564.0 2121.0
7515.0 910.0
6288.0 2962.0
5523.0 7951.0
7807.0 5275.0
4205.0 7558.0
892.0 5526.0
6678.0 1235.0
5866.0 1503.0
6386.0 3706.0
1414.0 1601.0
3807.0 9742.0
6590.0 1229.0
9468.0 5011.0
867.0 5780.0
7375.0 1630.0
7597.0 2046.0
5454.0 1570.0
8705.0 2528.0
2103.0 3578.0
1003.0 9518.0
464.0 1789.0
6943.0 8405.0
4508.0 6689.0
5186.0 2082.0
3538.0 1584.0
8820.0 898.0
4222.0 255.0
1590.0 5051.0
1731.0 3946.0
4992.0 8847.0
4116.0 8366.0
1568.0 8724.0
6498.0 3852.0
2277.0 9479.0
4195.0 4374.0
8268.0 5587.0
6369.0 3530.0
9929.0 7043.0
4301.0 8209.0
8549.0 1629.0
909.0 3074.0
8452.0 8038.0
585.0 1542.0
9948.0 6745.0
975.0 1410.0
5960.0 8058.0
787.0 5805.0
7674.0 9255.0
249.0 2616.0
7066.0 5224.0
3290.0 8063.0
6653.0 9513.0
3075.0 2591.0
9322.0 5223.0
4973.0 9728.0
3599.0 7624.0
3574.0 1081.0
2185.0 2952.0
2849.0 3140.0
4138.0 260.0
1055.0 4045.0
3532.0 5761.0
4492.0 985.0
9959.0 1577.0
6708.0 1387.0
8711.0 3293.0
2253.0 3572.0
1010.0 3241.0
6593.0 5027.0
7127.0 8932.0
6268.0 8963.0
7736.0 8539.0
5916.0 2332.0
1376.0 7851.0
1249.0 949.0
8346.0 5613.0
9590.0 9897.0
3908.0 6660.0
2071.0 9880.0
6130.0 4775.0
4091.0 2673.0
6238.0 9656.0
3144.0 1350.0
1810.0 4940.0
5601.0 3449.0
5688.0 6673.0
6574.0 7728.0
5929.0 4150.0
9436.0 7692.0
4675.0 7540.0
4117.0 7543.0
6278.0 9205.0
5770.0 8725.0
7533.0 8133.0
7913.0 7722.0
5372.0 9393.0
6641.0 8273.0
9877.0 3031.0
5021.0 3677.0
2951.0 9320.0
9256.0 7343.0
5506.0 9775.0
736.0 2247.0
8527.0 5850.0
570.0 2472.0
5843.0 9729.0
5694.0 2485.0
8976.0 4133.0
8170.0 2316.0
6915.0 540.0
1769.0 9306.0
6155.0 7750.0
2438.0 9591.0
8872.0 5199.0
1760.0 4977.0
9569.0 7942.0
5004.0 3375.0
3050.0 2709.0
7865.0 3466.0
9077.0 6960.0
8496.0 6748.0
1561.0 5348.0
3942.0 2639.0
2629.0 500.0
2564.0 4794.0
4434.0 7539.0
6565.0 9307.0
4049.0 4250.0
1212.0 7950.0
9293.0 1316.0
9863.0 2130.0
5858.0 9530.0
6400.0 5708.0
8566.0 3397.0
9153.0 7366.0
2128.0 3045.0
2951.0 5667.0
9241.0 8856.0
8358.0 2479.0
6384.0 5729.0
9737.0 2938.0
160.0 6396.0
6214.0 2590.0
9540.0 5695.0
2158.0 4901.0
1851.0 224.0
6274.0 4785.0
2875.0 284.0
910.0 6313.0
3895.0 3528.0
5688.0 5276.0
1050.0 2224.0
2041.0 9763.0
4843.0 8557.0
7783.0 4409.0
162.0 4876.0
3294.0 6490.0
9657.0 8299.0
3428.0 4525.0
5835.0 1597.0
1748.0 2540.0
9705.0 4765.0
6186.0 5675.0
6356.0 4194.0
7734.0 5281.0
283.0 8867.0
6259.0 4184.0
5845.0 5480.0
54.0 5271.0
684.0 6909.0
8219.0 9067.0
2468.0 941.0
7479.0 8470.0
1804.0 8671.0
7531.0 1297.0
6681.0 4493.0
1540.0 3816.0
6283.0 2093.0
861.0 925.0
4528.0 3349.0
5611.0 1139.0
6191.0 9570.0
5178.0 7050.0
958.0 6979.0
5274.0 4434.0
3252.0 841.0
639.0 5644.0
8203.0 5182.0
4981.0 5487.0
6600.0 7479.0
2272.0 220.0
4176.0 254.0
5995.0 2847.0
3086.0 3988.0
5436.0 367.0
5920.0 8253.0
635.0 1155.0
5113.0 497.0
84.0 3120.0
3091.0 4376.0
7792.0 5820.0
1017.0 2061.0
8799.0 2191.0
6480.0 7428.0
4750.0 8050.0
2984.0 9551.0
3636.0 49.0
6580.0 8399.0
287.0 5230.0
7507.0 7165.0
6740.0 7853.0
7180.0 8138.0
4065.0 1660.0
3383.0 1522.0
9761.0 8236.0
9014.0 9133.0
7317.0 4636.0
2245.0 7370.0
7050.0 5937.0
8432.0 6389.0
9811.0 885.0
6640.0 4886.0
7657.0 1291.0
6126.0 2407.0
8115.0 8355.0
639.0 3590.0
1102.0 1566.0
882.0 1271.0
142.0 8353.0
7990.0 7846.0
1948.0 5150.0
3379.0 6826.0
991.0 3034.0
2811.0 8976.0
8156.0 3599.0
5028.0 9969.0
5071.0 3245.0
7816.0 8968.0
8234.0 6522.0
6838.0 32.0
9517.0 1718.0
5090.0 792.0
2169.0 4332.0
3340.0 5273.0
3897.0 6616.0
4393.0 313.0
1153.0 3838.0
6534.0 7463.0
1203.0 429.0
4009.0 4806.0
1098.0 1693.0
4881.0 5583.0
5138.0 9221.0
9132.0 3075.0
4936.0 695.0
2338.0 3613.0
8684.0 7232.0
2795.0 2172.0
8712.0 3937.0
2424.0 7427.0
8964.0 1829.0
4327.0 5715.0
6464.0 1807.0
2330.0 5792.0
3397.0 3810.0
366.0 8816.0
8893.0 6847.0
2069.0 463.0
2128.0 8056.0
3395.0 4596.0
823.0 1452.0
3663.0 386.0
1767.0 9539.0
2827.0 7319.0
2446.0 3432.0
5367.0 4994.0
5396.0 9678.0
3623.0 7115.0
9363.0 4416.0
5938.0 1615.0
3886.0 8053.0
7457.0 1306.0
6405.0 6118.0
3937.0 1974.0
3482.0 4459.0
1411.0 7341.0
252.0 9443.0
7072.0 2798.0
4695.0 6325.0
9212.0 2325.0
5837.0 1453.0
6583.0 5522.0
7474.0 6471.0
15.0 4150.0
1536.0 5181.0
1663.0 103.0
7667.0 6231.0
9713.0 9234.0
8153.0 7298.0
8917.0 7927.0
9774.0 8916.0
9795.0 1855.0
6692.0 8630.0
1864.0 8819.0
986.0 8630.0
8741.0 88.0
9914.0 2528.0
5475.0 7161.0
1520.0 9448.0
955.0 3347.0
2688.0 6090.0
751.0 2104.0
6232.0 9930.0
8235.0 6523.0
6133.0 9229.0
4338.0 6888.0
2527.0 7999.0
8789.0 5727.0
538.0 6606.0
8189.0 2255.0
9559.0 1164.0
8781.0 637.0
2086.0 7394.0
4251.0 8974.0
3711.0 7096.0
1424.0 8439.0
8357.0 7917.0
9205.0 4460.0
5379.0 9560.0
8608.0 4379.0
7620.0 2119.0
4239.0 8496.0
2026.0 4687.0
67.0 3908.0
6920.0 4903.0
4856.0 3061.0
2543.0 2614.0
5086.0 1433.0
3953.0 3305.0
5732.0 1252.0
7891.0 9460.0
1747.0 671.0
7720.0 532.0
5598.0 314.0
3025.0 4664.0
8713.0 1601.0
2987.0 7849.0
7179.0 3771.0
5126.0 8670.0

5080.0 255.0
4018.0 2559.0
6622.0 1122.0
446.0 3942.0
640.0 2338.0
797.0 2563.0
497.0 5869.0
7869.0 1020.0
2531.0 7503.0
4131.0 7365.0
4391.0 8432.0
6009.0 2051.0
72.0 3933.0
4768.0 7586.0
2030.0 6061.0
5575.0 9106.0
3222.0 9773.0
8847.0 6522.0
4410.0 4373.0
487.0 1379.0
4601.0 4717.0
103.0 4137.0
4957.0 9093.0
8827.0 9987.0
9044.0 3158.0
820.0 3914.0
4742.0 1891.0
5074.0 8126.0
5705.0 3949.0
6607.0 7552.0
2703.0 5329.0
8652.0 1556.0
7686.0 1789.0
9948.0 2510.0
5947.0 1899.0
3736.0 4453.0
4217.0 5174.0
7544.0 7412.0
5056.0 2169.0
5378.0 5626.0
370.0 5976.0
6439.0 296.0
9448.0 7030.0
6901.0 44.0
9313.0 5618.0
3946.0 4722.0
7788.0 9046.0
3580.0 763.0
2102.0 2836.0
6357.0 8726.0
8406.0 7897.0
7637.0 6175.0
13.0 8067.0
1433.0 1621.0
4784.0 4943.0
9494.0 7608.0
4415.0 9423.0
9696.0 3668.0
1073.0 1858.0
342.0 2294.0
9172.0 5258.0
9502.0 3576.0
2645.0 8406.0
969.0 6681.0
604.0 8369.0
914.0 8861.0
6685.0 4273.0
1913.0 5091.0
9969.0 6758.0
3347.0 4074.0
7820.0 46.0
9876.0 8731.0
3485.0 6023.0
2014.0 1850.0
3806.0 2256.0
5440.0 65.0
4908.0 8347.0
8155.0 1831.0
6219.0 7554.0
7063.0 7532.0
5631.0 3078.0
8073.0 2437.0
1219.0 951.0
6376.0 5608.0
7318.0 3915.0
5922.0 477.0
5333.0 3209.0
9765.0 5227.0
2112.0 7706.0
5325.0 3632.0
1280.0 2281.0
1230.0 9559.0
5329.0 9832.0
4754.0 760.0
8850.0 3890.0
1552.0 131.0
5746.0 1199.0
1706.0 5093.0
5796.0 6199.0
8737.0 8295.0
8385.0 1838.0
674.0 5243.0
3787.0 3581.0
4755.0 7070.0
4848.0 6096.0
9903.0 9087.0
4388.0 4477.0
3554.0 8296.0
6219.0 4435.0
1932.0 5496.0
91.0 8386.0
5391.0 189.0
3456.0 6825.0
2926.0 8919.0
5365.0 6930.0
2426.0 209.0
369.0 2759.0
5807.0 1802.0
2771.0 4033.0
608.0 8294.0
4096.0 2835.0
2155.0 9890.0
9090.0 200.0
2876.0 5437.0
8155.0 6977.0
7916.0 5347.0
6514.0 5892.0
8605.0 2644.0
3010.0 4227.0
7895.0 2749.0
3853.0 9011.0
4389.0 5195.0
9183.0 9162.0
4025.0 2918.0
2800.0 1478.0
1069.0 7304.0
7908.0 9893.0
2443.0 9624.0
4229.0 9921.0
2088.0 2092.0
4328.0 2684.0
4347.0 4107.0
9525.0 5460.0
8104.0 1945.0
8214.0 8152.0
5638.0 2488.0
1967.0 7592.0
2917.0 4201.0
7246.0 4091.0
356.0 1000.0
3126.0 7178.0
5666.0 7187.0
7807.0 9881.0
2911.0 4093.0
9339.0 3540.0
4329.0 1629.0
8349.0 7500.0
4085.0 376.0
3184.0 642.0
5495.0 2396.0
262.0 4148.0
5853.0 1421.0
5021.0 7401.0
5455.0 5596.0
1309.0 1469.0
9946.0 8410.0
9557.0 7059.0
7542.0 6029.0
6594.0 6358.0
5265.0 1637.0
2460.0 694.0
797.0 9993.0
2056.0 8397.0
9023.0 7862.0
2000.0 9818.0
4901.0 8442.0
5516.0 8873.0
6722.0 521.0
741.0 3070.0
6405.0 5475.0
262.0 6399.0
5888.0 7781.0
2269.0 2022.0
1247.0 7219.0
6164.0 4154.0
8619.0 3438.0
7957.0 1082.0
8557.0 6015.0
3339.0 3695.0
7901.0 5697.0
8761.0 6491.0
760.0 4994.0
3352.0 401.0
2734.0 8768.0
7077.0 9437.0
4949.0 7986.0
2941.0 5492.0
7024.0 2326.0
3613.0 8263.0
564.0 9773.0
5314.0 9676.0
7285.0 3851.0
4319.0 4764.0
8360.0 1725.0
3946.0 3368.0
4119.0 8759.0
2338.0 9615.0
5652.0 7748.0
3947.0 8546.0
2482.0 3450.0
16.0 1866.0
2854.0 5617.0
5954.0 7165.0
5759.0 6160.0
5933.0 7569.0
6318.0 8634.0
7560.0 1216.0
8593.0 688.0
1985.0 2484.0
2447.0 2659.0
7289.0 9359.0
3542.0 7968.0
5501.0 3900.0
8099.0 3480.0
6109.0 5164.0
6491.0 493.0
1397.0 6553.0
2293.0 9535.0
1482.0 1961.0
5881.0 4593.0
9373.0 7648.0
4190.0 4996.0
8949.0 9276.0
711.0 5555.0
1148.0 5972.0
2368.0 8185.0
6271.0 5890.0
2328.0 611.0
2726.0 127.0
389.0 372.0
5077.0 4476.0
5016.0 4763.0
6721.0 849.0
3648.0 9883.0
5093.0 2861.0
366.0 4462.0
9699.0 2435.0
2523.0 6606.0
5870.0 6869.0
442.0 4153.0
9568.0 8271.0
6794.0 1805.0
1084.0 9774.0
4726.0 649.0
8014.0 5460.0
6379.0 8319.0
342.0 3368.0
5864.0 371.0
2963.0 3557.0
3330.0 6097.0
3561.0 5595.0
9189.0 4433.0
6098.0 2399.0
139.0 8085.0
2868.0 9835.0
1048.0 6594.0
389.0 4031.0
9328.0 1464.0
7031.0 741.0
895.0 9033.0
2699.0 3756.0
9314.0 9246.0
3450.0 1712.0
2205.0 1002.0
6389.0 5261.0
1586.0 7219.0
2672.0 8958.0
7147.0 5318.0
9002.0 4860.0
4160.0 1240.0
449.0 7159.0
59.0 7709.0
9950.0 9837.0
6316.0 9877.0
2339.0 1724.0
4717.0 4011.0
3261.0 5876.0
9633.0 7416.0
5832.0 2678.0
385.0 218.0
362.0 8621.0
315.0 2207.0
5042.0 5114.0
1658.0 383.0
7899.0 4307.0
7802.0 5365.0
2909.0 1271.0
7086.0 7365.0
5593.0 4514.0
4661.0 4824.0
5959.0 9200.0
1603.0 1447.0
9144.0 9.0
2790.0 9741.0
6594.0 3046.0
7732.0 1772.0
3157.0 8704.0
882.0 250.0
7922.0 9920.0
581.0 5663.0
9137.0 2702.0
8202.0 7574.0
6131.0 8374.0
1631.0 781.0
3484.0 9443.0
9642.0 9483.0
5398.0 3480.0
6314.0 5128.0
560.0 1971.0
7061.0 6102.0
346.0 3513.0
375.0 9919.0
5779.0 3287.0
1925.0 1079.0
1013.0 3229.0
30.0 280.0
3744.0 9794.0
4228.0 3093.0
5398.0 8747.0
905.0 8827.0
6412.0 8870.0
2711.0 2720.0
4516.0 9038.0
770.0 7083.0
6305.0 5527.0
1352.0 9654.0
5008.0 9014.0
1060.0 9730.0
9766.0 3164.0
7168.0 5280.0
4288.0 9204.0
2188.0 6742.0
5244.0 3434.0
4286.0 5580.0
3220.0 7053.0
7639.0 8355.0
1620.0 223.0
9321.0 9414.0
1339.0 4814.0
1861.0 7887.0
1577.0 2692.0
3025.0 7146.0
9625.0 9028.0
6951.0 7406.0
5007.0 2467.0
3242.0 4610.0
5792.0 6638.0
3103.0 1271.0
7455.0 9894.0
4138.0 7448.0
7128.0 2666.0
7883.0 2494.0
8597.0 4418.0
6730.0 775.0
5884.0 4523.0
9261.0 6977.0
5778.0 4059.0
5698.0 9220.0
2177.0 7896.0
7452.0 590.0
7557.0 8978.0
7489.0 2300.0
9458.0 9259.0
529.0 4104.0
2319.0 4157.0
4712.0 158.0
7505.0 9975.0
8848.0 973.0
6915.0 6179.0
1816.0 4640.0
7960.0 6983.0
3243.0 2970.0
337.0 9101.0
7059.0 740.0
7391.0 5127.0
2013.0 8677.0
7440.0 4442.0
5776.0 3379.0
2925.0 6046.0
1706.0 9811.0
7703.0 261.0
9916.0 4549.0
5382.0 8687.0
6686.0 433.0
4011.0 4344.0
8888.0 5803.0
4982.0 6412.0
2484.0 3971.0
6512.0 6481.0
6689.0 1095.0
4558.0 5716.0
7954.0 3125.0
6477.0 4869.0
309.0 4976.0
5341.0 1536.0
1204.0 7607.0
5213.0 1585.0
4450.0 1140.0
261.0 4159.0
4324.0 4733.0
3030.0 2181.0
7507.0 6315.0
9791.0 2749.0
1884.0 7879.0
3217.0 4378.0
3860.0 4516.0
5342.0 456.0
8261.0 7778.0
6079.0 862.0
7446.0 6646.0
5186.0 6144.0
8713.0 1661.0
8016.0 1172.0
1614.0 447.0
7915.0 7698.0
9266.0 5271.0
616.0 7699.0
276.0 5798.0
8455.0 1960.0
379.0 2716.0
4814.0 784.0
5359.0 378.0
1591.0 6248.0
9410.0 9163.0
5077.0 7920.0
5508.0 665.0
8076.0 6470.0
6862.0 1413.0
8634.0 2047.0
1129.0 3293.0
8226.0 6877.0
1413.0 1290.0
4732.0 3966.0
687.0 1769.0
8089.0 6362.0
8751.0 6915.0
8946.0 3827.0
3290.0 3531.0
3157.0 6409.0
9179.0 6817.0
7524.0 6749.0
2590.0 2354.0
4579.0 5618.0
9035.0 1884.0
6776.0 7521.0
6947.0 1119.0
2963.0 5843.0
870.0 192.0
2472.0 9410.0
897.0 9935.0
4672.0 4915.0
7435.0 9664.0
4335.0 2078.0
2900.0 4593.0
5695.0 997.0
4454.0 3588.0
515.0 3584.0
4378.0 392.0
8029.0 3499.0
7182.0 3993.0
7137.0 1502.0
5057.0 6308.0
3625.0 5638.0
5762.0 7854.0
7883.0 8147.0
9570.0 4522.0
847.0 3565.0
4347.0 1187.0
8606.0 4867.0
378.0 278.0
8491.0 7114.0
9046.0 5957.0
1985.0 490.0
1960.0 7124.0
2338.0 7151.0
9630.0 4857.0
7215.0 8819.0
1302.0 2482.0
9237.0 4502.0
40.0 8936.0
9756.0 273.0
9669.0 8572.0
3738.0 5522.0
2680.0 3080.0
6088.0 2593.0
677.0 3698.0
2261.0 9224.0
1506.0 4344.0
8540.0 5684.0
9634.0 8877.0
9801.0 1047.0
8895.0 8121.0
5130.0 5520.0
9194.0 4820.0
4165.0 8196.0
1303.0 7194.0
9457.0 2198.0
6283.0 4270.0
2773.0 1598.0
8724.0 8612.0
5637.0 7039.0
5320.0 4681.0
6979.0 9458.0
2930.0 3419.0
3263.0 3840.0
2725.0 6265.0
8918.0 7417.0
9493.0 4258.0
7424.0 9200.0
7725.0 375.0
5929.0 307.0
8602.0 5799.0
8734.0 6944.0
4428.0 3245.0
7485.0 512.0
9681.0 3036.0
8438.0 1681.0
218.0 82.0
9669.0 7933.0
4781.0 2426.0
3521.0 6412.0
5399.0 4515.0
2208.0 6541.0
5759.0 885.0
6881.0 9294.0
9175.0 8384.0
3022.0 2556.0
258.0 7637.0
7528.0 4467.0
6871.0 6892.0
5319.0 9196.0
1473.0 3910.0
5829.0 2001.0
3477.0 4094.0
2235.0 3058.0
6692.0 5479.0
8781.0 1930.0
8472.0 3763.0
4014.0 7085.0
9657.0 3075.0
342.0 7413.0
6931.0 576.0
2711.0 5123.0
1676.0 5634.0
1788.0 1962.0
1925.0 6673.0
9465.0 3117.0
6550.0 1403.0
7100.0 5805.0
3216.0 8566.0
9265.0 1863.0
4287.0 1889.0
8419.0 6329.0
7221.0 9383.0
8311.0 6395.0
8587.0 3671.0
6508.0 7634.0
3297.0 1492.0
8860.0 6955.0
3146.0 3062.0
1275.0 4173.0
1289.0 4448.0
6651.0 6586.0
1716.0 8610.0
7322.0 3530.0
5375.0 3303.0
5851.0 288.0
6981.0 6468.0
9547.0 3255.0
9199.0 2285.0
6537.0 819.0
3204.0 3598.0
3766.0 6827.0
7302.0 8791.0
9735.0 6075.0
7673.0 3851.0
7392.0 3721.0
7830.0 2761.0
4970.0 3063.0
5935.0 1866.0
5145.0 8557.0
1529.0 6400.0
5387.0 3508.0
5814.0 9844.0
4803.0 4368.0
2054.0 9240.0
5388.0 6018.0
5228.0 2179.0
7982.0 4965.0
2524.0 3568.0
5817.0 9887.0
8774.0 2908.0
979.0 1399.0
3416.0 5180.0
1674.0 5487.0
8133.0 1049.0
619.0 7524.0
6707.0 4530.0
7398.0 6251.0
1242.0 8776.0
184.0 9677.0
1324.0 3184.0
4638.0 7278.0
5253.0 7431.0
340.0 5435.0
4888.0 657.0
7622.0 5515.0
8296.0 6417.0
131.0 6496.0
6724.0 6590.0
1011.0 6569.0
5028.0 9912.0
3000.0 642.0
7189.0 3272.0
5339.0 3101.0
955.0 6462.0
2845.0 7829.0
8274.0 3531.0
4950.0 9817.0
566.0 6407.0
5131.0 5344.0
486.0 8963.0
3506.0 84.0
4236.0 2167.0
8023.0 7099.0
1043.0 3514.0
2018.0 9118.0
8930.0 6370.0
8568.0 2002.0
8333.0 7420.0
4422.0 8811.0
7703.0 2851.0
8915.0 6432.0
7681.0 6489.0
5688.0 9111.0
2960.0 5480.0
7571.0 5842.0
3397.0 1748.0
7480.0 1051.0
8539.0 9852.0
695.0 421.0
2105.0 4425.0
6337.0 6349.0
5563.0 2837.0
8438.0 9886.0
2384.0 1293.0
9412.0 8619.0
7088.0 4964.0
1317.0 2375.0
5674.0 5374.0
2735.0 1192.0
6535.0 671.0
1627.0 2434.0
3482.0 6965.0
7025.0 6518.0
4922.0 1392.0
4895.0 3098.0
5877.0 54.0
6038.0 2190.0
1864.0 6522.0
6374.0 7094.0
6280.0 9055.0
2454.0 8564.0
5391.0 7196.0
7568.0 2126.0
7520.0 916.0
6293.0 2967.0
5529.0 7957.0
7812.0 5280.0
4210.0 7564.0
897.0 5531.0
6683.0 1240.0
5871.0 1507.0
6392.0 3711.0
1420.0 1606.0
3812.0 9746.0
6595.0 1234.0
9473.0 5015.0
872.0 5785.0
7379.0 1634.0
7602.0 2052.0
5459.0 1575.0
8711.0 2533.0
2109.0 3584.0
1008.0 9523.0
470.0 1794.0
6949.0 8410.0
4512.0 6695.0
5191.0 2088.0
3543.0 1588.0
8825.0 904.0
4227.0 261.0
1595.0 5057.0
1735.0 3951.0
4997.0 8853.0
4121.0 8370.0
1574.0 8730.0
6504.0 3857.0
2283.0 9485.0
4199.0 4379.0
8274.0 5591.0
6374.0 3536.0
9934.0 7049.0
4306.0 8214.0
8553.0 1634.0
914.0 3080.0
8457.0 8044.0
590.0 1547.0
9953.0 6749.0
980.0 1415.0
5964.0 8062.0
793.0 5809.0
7680.0 9261.0
254.0 2622.0
7070.0 5229.0
3295.0 8069.0
6659.0 9518.0
3080.0 2595.0
9327.0 5229.0
4979.0 9733.0
3604.0 7629.0
3578.0 1085.0
2189.0 2958.0
2854.0 3145.0
4144.0 265.0
1060.0 4050.0
3536.0 5766.0
4496.0 990.0
9963.0 1582.0
6714.0 1393.0
8716.0 3298.0
2259.0 3578.0
1014.0 3247.0
6599.0 5032.0
7132.0 8936.0
6272.0 8967.0
7741.0 8544.0
5921.0 2338.0
1382.0 7855.0
1254.0 954.0
8352.0 5617.0
9595.0 9903.0
3913.0 6666.0
2076.0 9884.0
6135.0 4779.0
4097.0 2678.0
6244.0 9661.0
3149.0 1354.0
1816.0 4945.0
5606.0 3453.0
5692.0 6677.0
6578.0 7732.0
5934.0 4155.0
9441.0 7697.0
4679.0 7546.0
4123.0 7548.0
6282.0 9210.0
5776.0 8731.0
7538.0 8138.0
7918.0 7727.0
5376.0 9398.0
6647.0 8277.0
9881.0 3037.0
5025.0 3682.0
2957.0 9324.0
9261.0 7348.0
5511.0 9780.0
742.0 2252.0
8533.0 5856.0
574.0 2478.0
5847.0 9734.0
5698.0 2490.0
8981.0 4138.0
8175.0 2322.0
6919.0 545.0
1775.0 9312.0
6160.0 7754.0
2443.0 9595.0
8877.0 5203.0
1765.0 4982.0
9573.0 7947.0
5009.0 3379.0
3055.0 2715.0
7870.0 3470.0
9081.0 6964.0
8500.0 6752.0
1566.0 5353.0
3946.0 2645.0
2633.0 506.0
2568.0 4799.0
4438.0 7544.0
6571.0 9313.0
4053.0 4255.0
1217.0 7955.0
9297.0 1321.0
9867.0 2136.0
5864.0 9536.0
6404.0 5713.0
8571.0 3401.0
9158.0 7371.0
2133.0 3049.0
2956.0 5671.0
9246.0 8862.0
8363.0 2484.0
6389.0 5735.0
9741.0 2943.0
165.0 6401.0
6218.0 2595.0
9545.0 5699.0
2163.0 4906.0
1855.0 229.0
6279.0 4791.0
2880.0 288.0
915.0 6318.0
3899.0 3532.0
5692.0 5281.0
1055.0 2230.0
2047.0 9767.0
4848.0 8562.0
7787.0 4413.0
168.0 4881.0
3298.0 6496.0
9663.0 8305.0
3434.0 4529.0
5840.0 1601.0
1754.0 2545.0
9710.0 4769.0
6191.0 5681.0
6360.0 4198.0
7739.0 5285.0
289.0 8872.0
6264.0 4188.0
5850.0 5484.0
59.0 5276.0
688.0 6914.0
8224.0 9072.0
2473.0 946.0
7485.0 8476.0
1810.0 8676.0
7535.0 1302.0
6686.0 4498.0
1545.0 3822.0
6288.0 2098.0
866.0 930.0
4532.0 3355.0
5617.0 1143.0
6196.0 9574.0
5184.0 7055.0
963.0 6983.0
5280.0 4439.0
3258.0 846.0
644.0 5648.0
8209.0 5187.0
4986.0 5493.0
6605.0 7484.0
2277.0 226.0
4180.0 258.0
6000.0 2853.0
3090.0 3992.0
5441.0 371.0
5925.0 8259.0
640.0 1161.0
5118.0 503.0
88.0 3124.0
3095.0 4380.0
7798.0 5824.0
1023.0 2066.0
8803.0 2196.0
6485.0 7432.0
4755.0 8055.0
2989.0 9557.0
3642.0 54.0
6586.0 8403.0
291.0 5235.0
7511.0 7171.0
6745.0 7857.0
7185.0 8142.0
4071.0 1666.0
3387.0 1527.0
9766.0 8241.0
9019.0 9138.0
7322.0 4641.0
2250.0 7375.0
7056.0 5943.0
8437.0 6394.0
9817.0 891.0
6645.0 4891.0
7663.0 1295.0
6130.0 2412.0
8121.0 8360.0
643.0 3595.0
1107.0 1570.0
887.0 1277.0
147.0 8358.0
7995.0 7852.0
1954.0 5154.0
3383.0 6830.0
995.0 3040.0
2817.0 8981.0
8160.0 3603.0
5033.0 9974.0
5076.0 3250.0
7821.0 8973.0
8238.0 6527.0
6843.0 38.0
9523.0 1723.0
5095.0 797.0
2173.0 4336.0
3346.0 5278.0
3901.0 6620.0
4397.0 317.0
1158.0 3844.0
6538.0 7469.0
1209.0 434.0
4013.0 4811.0
1103.0 1698.0
4887.0 5587.0
5144.0 9225.0
9136.0 3080.0
4941.0 700.0
2342.0 3617.0
8689.0 7238.0
2800.0 2177.0
8716.0 3942.0
2428.0 7431.0
8969.0 1834.0
4333.0 5719.0
6469.0 1811.0
2335.0 5798.0
3401.0 3815.0
371.0 8821.0
8899.0 6852.0
2074.0 467.0
2134.0 8062.0
3401.0 4601.0
828.0 1458.0
3668.0 391.0
1771.0 9544.0
2831.0 7324.0
2450.0 3436.0
5373.0 4998.0
5402.0 9683.0
3628.0 7120.0
9367.0 4421.0
5943.0 1621.0
3891.0 8059.0
7461.0 1310.0
6411.0 6123.0
3942.0 1979.0
3487.0 4465.0
1417.0 7346.0
257.0 9448.0
7078.0 2803.0
4700.0 6331.0
9218.0 2330.0
5841.0 1458.0
6588.0 5526.0
7478.0 6476.0
20.0 4156.0
1540.0 5187.0
1668.0 108.0
7672.0 6237.0
9717.0 9239.0
8158.0 7303.0
8923.0 7932.0
9778.0 8921.0
9801.0 1860.0
6697.0 8636.0
1870.0 8824.0
990.0 8634.0
8747.0 94.0
9919.0 2532.0
5479.0 7165.0
1525.0 9453.0
959.0 3352.0
2692.0 6094.0
756.0 2108.0
6236.0 9935.0
8239.0 6528.0
6138.0 9234.0
4343.0 6892.0
2532.0 8005.0
8794.0 5732.0
542.0 6610.0
8193.0 2259.0
9565.0 1169.0
8786.0 641.0
2090.0 7399.0
4255.0 8980.0
3717.0 7101.0
1429.0 8444.0
8362.0 7923.0
9210.0 4466.0
5385.0 9565.0
8613.0 4384.0
7626.0 2123.0
4244.0 8501.0
2031.0 4691.0
72.0 3913.0
6924.0 4908.0
4860.0 3066.0
2548.0 2618.0
5091.0 1437.0
3958.0 3310.0
5736.0 1257.0
7896.0 9465.0
1751.0 675.0
7726.0 537.0
5602.0 319.0
3031.0 4669.0
8719.0 1606.0
2993.0 7855.0
7185.0 3776.0
5131.0 8674.0
