1
1024 1 3.0 0.0 1000.0 3 160 240 100

6.5 13.5 29.3 58.5
13.0 27.0 58.5 117.0
19.5 40.5 87.8 175.5
26.0 54.0 117.0 234.0
39.0 81.0 175.5 351.0
52.0 108.0 234.0 468.0
58.5 121.5 263.3 526.5
65.0 135.0 292.5 585.0
78.0 162.0 351.0 702.0
0.0 180.0 390.0 780.0

2.0 5.0 8.0 11.0
5.0 8.0 11.0 14.0
9.0 12.0 15.0 18.0
11.0 14.0 17.0 20.0
15.0 18.0 21.0 24.0
18.0 21.0 24.0 27.0
20.0 23.0 26.0 29.0
25.0 28.0 31.0 34.0
29.0 32.0 35.0 38.0
0.0 34.0 37.0 40.0

753.0 4694.0
3454.0 6481.0
9117.0 2776.0
1886.0 9259.0
9918.0 3380.0
8224.0 5134.0
1960.0 70.0
8476.0 8479.0
3496.0 9038.0
6659.0 4815.0
4297.0 4435.0
2836.0 1490.0
4449.0 811.0
7753.0 1094.0
212.0 9553.0
5646.0 5778.0
9812.0 8754.0
9339.0 3151.0
4497.0 8413.0
4232.0 6894.0
2721.0 5395.0
270.0 7779.0
7814.0 5047.0
3514.0 3249.0
1965.0 8902.0
1394.0 6219.0
1901.0 372.0
8258.0 6266.0
4086.0 2849.0
320.0 8869.0
9810.0 7132.0
1601.0 872.0
3014.0 7582.0
4969.0 2823.0
6192.0 8938.0
4879.0 1354.0
2244.0 8187.0
915.0 7279.0
2612.0 8418.0
3735.0 7555.0
4552.0 4065.0
7517.0 1788.0
2913.0 9459.0
5519.0 6431.0
4246.0 5099.0
7837.0 2357.0
3614.0 8557.0
2981.0 3953.0
6958.0 9431.0
7352.0 409.0
4344.0 265.0
9244.0 2366.0
1980.0 7837.0
6448.0 9583.0
3320.0 1746.0
9077.0 7792.0
2131.0 9702.0
1709.0 5398.0
2863.0 1426.0
1446.0 3195.0
6171.0 5600.0
993.0 2761.0
9953.0 6746.0
8362.0 1688.0
8744.0 1476.0
7297.0 6328.0
6821.0 6017.0
5019.0 5197.0
2872.0 9421.0
6409.0 8721.0
6582.0 9382.0
6210.0 3475.0
9980.0 64.0
3357.0 1586.0
8909.0 3870.0
4047.0 8464.0
2461.0 1548.0
2633.0 4516.0
739.0 7560.0
1959.0 9020.0
3783.0 123.0
7222.0 6815.0
7027.0 7841.0
9982.0 973.0
1131.0 7331.0
1405.0 7118.0
6534.0 8775.0
6344.0 7553.0
5595.0 8794.0
2367.0 5863.0
7655.0 2565.0
327.0 5158.0
4888.0 9607.0
5577.0 5613.0
9282.0 120.0
1431.0 9482.0
3608.0 1330.0
8972.0 4231.0
1718.0 5720.0
9816.0 6984.0
6042.0 5582.0
919.0 5904.0
2615.0 793.0
3043.0 6720.0
6501.0 9237.0
6975.0 5022.0
2960.0 1781.0
4097.0 7518.0
2204.0 6220.0
426.0 7903.0
8103.0 7113.0
5699.0 5507.0
3690.0 908.0
1628.0 7381.0
8811.0 8284.0
5914.0 7001.0
7779.0 8126.0
1125.0 5231.0
7377.0 26.0
39.0 1729.0
8067.0 4754.0
1559.0 7453.0
3755.0 4587.0
3788.0 1422.0
7960.0 7928.0
3379.0 7413.0
6743.0 5113.0
2759.0 8745.0
1248.0 4843.0
9322.0 1822.0
5200.0 3126.0
3197.0 1589.0
5220.0 9165.0
2698.0 4579.0
4304.0 5105.0
9042.0 7705.0
1315.0 9033.0
4456.0 3460.0
1849.0 3174.0
263.0 4699.0
8312.0 1673.0
4042.0 4658.0
9579.0 4886.0
7489.0 373.0
3062.0 9606.0
9045.0 176.0
4565.0 7108.0
7925.0 8416.0
3756.0 3464.0
8630.0 3075.0
5619.0 9011.0
7553.0 4452.0
736.0 6403.0
5768.0 5564.0
9746.0 9160.0
4629.0 7437.0
9839.0 5118.0
3245.0 4952.0
3633.0 1706.0
9467.0 1405.0
3285.0 2461.0
8464.0 2446.0
5188.0 6681.0
5506.0 2569.0
3105.0 6661.0
2040.0 9802.0
100.0 9389.0
6678.0 6774.0
2100.0 2144.0
5180.0 8824.0
8457.0 3903.0
6053.0 2299.0
7351.0 6956.0
849.0 8725.0
6391.0 5668.0
779.0 3009.0
1259.0 1783.0
3734.0 6325.0
7761.0 8193.0
8315.0 6866.0
5123.0 5582.0
3987.0 4111.0
888.0 8860.0
8940.0 4782.0
270.0 2804.0
9768.0 1147.0
5313.0 8819.0
9568.0 4834.0
1706.0 7224.0
3563.0 1830.0
3605.0 1997.0
3838.0 6817.0
9320.0 7369.0
7307.0 7508.0
3205.0 8203.0
3500.0 2164.0
1621.0 8553.0
1282.0 5936.0
3305.0 5335.0
6091.0 4207.0
7013.0 6507.0
1814.0 3596.0
1774.0 5688.0
3893.0 3789.0
7617.0 7615.0
2755.0 5859.0
7118.0 1365.0
9188.0 5238.0
619.0 750.0
5749.0 9.0
475.0 3792.0
801.0 7680.0
2170.0 5712.0
4302.0 6105.0
2662.0 2324.0
6924.0 6713.0
8815.0 3267.0
6621.0 709.0
1246.0 6970.0
9238.0 1424.0
1470.0 1789.0
2262.0 8454.0
2664.0 202.0
3324.0 1770.0
6930.0 5501.0
7550.0 6468.0
4380.0 2876.0
356.0 1295.0
1921.0 9320.0
4800.0 6653.0
2075.0 9253.0
5086.0 210.0
4690.0 5301.0
320.0 810.0
6891.0 6118.0
5124.0 3823.0
9132.0 5688.0
6208.0 3619.0
7692.0 1006.0
6500.0 1314.0
6461.0 7559.0
936.0 8466.0
3387.0 4522.0
517.0 9871.0
9413.0 4077.0
3720.0 1132.0
275.0 1773.0
6891.0 9168.0
3995.0 7343.0
7685.0 6317.0
9438.0 7889.0
8189.0 1204.0
3768.0 7848.0
6812.0 2035.0
9169.0 2658.0
543.0 485.0
1672.0 5531.0
1684.0 6841.0
7443.0 9255.0
5662.0 9563.0
4388.0 7432.0
9011.0 4928.0
9421.0 2072.0
9133.0 4926.0
4244.0 6952.0
9947.0 4061.0
5001.0 8655.0
4.0 8236.0
3649.0 9710.0
2201.0 1370.0
1399.0 736.0
6665.0 7924.0
7081.0 1010.0
932.0 1993.0
5779.0 9375.0
4010.0 6131.0
5601.0 9897.0
3432.0 5571.0
2913.0 9193.0
6897.0 6005.0
8914.0 4828.0
2604.0 5592.0
2884.0 6718.0
4886.0 4348.0
9967.0 5932.0
4224.0 6593.0
3832.0 7822.0
3276.0 4612.0
7081.0 8881.0
2991.0 4202.0
4729.0 9264.0
5428.0 5252.0
8633.0 5358.0
2374.0 3046.0
3205.0 9340.0
1370.0 8425.0
5267.0 5127.0
3237.0 7498.0
3402.0 2625.0
7706.0 4044.0
4647.0 4707.0
6264.0 285.0
8878.0 3820.0
3798.0 4184.0
3752.0 7644.0
3162.0 3939.0
5538.0 5707.0
9246.0 2834.0
3707.0 1387.0
1665.0 108.0
9616.0 6194.0
7660.0 6012.0
2153.0 5765.0
9318.0 1712.0
5686.0 9472.0
1709.0 7214.0
8160.0 8066.0
1049.0 2954.0
9719.0 6267.0
4473.0 3236.0
4671.0 9715.0
5543.0 2180.0
2177.0 8196.0
2074.0 5328.0
3495.0 9557.0
5389.0 2596.0
6144.0 1224.0
2600.0 712.0
7831.0 8740.0
6024.0 5828.0
5497.0 3226.0
6320.0 9447.0
7335.0 2200.0
8469.0 3344.0
8121.0 643.0
2182.0 1644.0
728.0 1747.0
846.0 714.0
9154.0 9246.0
5607.0 38.0
935.0 5752.0
3691.0 9738.0
9277.0 4001.0
2567.0 2907.0
7773.0 437.0
4053.0 3412.0
3045.0 3032.0
4958.0 2342.0
3171.0 7767.0
3381.0 8750.0
2249.0 688.0
2249.0 2871.0
3935.0 4940.0
4204.0 2462.0
9328.0 4711.0
4441.0 5438.0
7041.0 483.0
596.0 4475.0
5808.0 2510.0
1292.0 1723.0
2484.0 1947.0
7431.0 4315.0
791.0 1526.0
2850.0 3823.0
8651.0 206.0
3430.0 5332.0
4475.0 8709.0
6264.0 4285.0
5240.0 5351.0
2992.0 1783.0
1720.0 4090.0
3887.0 1480.0
8717.0 9195.0
1819.0 3761.0
644.0 3461.0
7671.0 5343.0
5311.0 9374.0
1329.0 4984.0
1269.0 5149.0
4844.0 8451.0
6553.0 49.0
6854.0 8422.0
9196.0 5897.0
9886.0 7465.0
2342.0 4210.0
4629.0 4791.0
9327.0 843.0
7783.0 9911.0
6568.0 2586.0
2578.0 8887.0
4621.0 2604.0
3580.0 1323.0
256.0 4151.0
9874.0 8777.0
4891.0 4460.0
3219.0 7736.0
7261.0 3234.0
301.0 2842.0
640.0 2639.0
659.0 8519.0
7499.0 8229.0
4400.0 9666.0
6933.0 2703.0
6302.0 4580.0
2713.0 6912.0
5403.0 5783.0
2317.0 5039.0
1688.0 6902.0
9786.0 3349.0
3958.0 6275.0
7768.0 4445.0
5498.0 446.0
6583.0 1418.0
6641.0 3214.0
685.0 8828.0
5829.0 8395.0
5343.0 9921.0
3263.0 6966.0
8923.0 1990.0
3771.0 1757.0
8600.0 4308.0
7956.0 5341.0
9861.0 5530.0
3267.0 9314.0
2651.0 9995.0
9057.0 5592.0
9511.0 4833.0
2263.0 2927.0
3559.0 2288.0
2778.0 4273.0
6668.0 4176.0
147.0 3191.0
693.0 7902.0
5663.0 9942.0
7094.0 5921.0
6479.0 439.0
2814.0 3093.0
836.0 3718.0
2750.0 8817.0
6004.0 6100.0
1693.0 3379.0
3040.0 2691.0
1056.0 408.0
4965.0 9410.0
8273.0 9875.0
7461.0 1180.0
9197.0 8531.0
3692.0 4471.0
6365.0 7213.0
7343.0 4846.0
8469.0 6923.0
491.0 2668.0
8891.0 8086.0
5395.0 2655.0
3658.0 9931.0
1818.0 5423.0
1656.0 9370.0
3979.0 1693.0
2466.0 1320.0
3736.0 2323.0
9667.0 4865.0
9098.0 9832.0
9966.0 2181.0
9674.0 9576.0
989.0 9630.0
3161.0 1246.0
3107.0 2947.0
9463.0 3839.0
3135.0 920.0
1551.0 9786.0
251.0 4501.0
4668.0 6381.0
7005.0 726.0
7968.0 5193.0
750.0 3398.0
5206.0 2608.0
3357.0 4915.0
3568.0 7178.0
9565.0 6176.0
2254.0 1936.0
6815.0 3973.0
4897.0 2341.0
1920.0 7779.0
2448.0 3017.0
2423.0 352.0
5599.0 8951.0
2997.0 9071.0
8367.0 9314.0
9734.0 7409.0
6927.0 4569.0
7674.0 8463.0
308.0 29.0
9438.0 4959.0
2037.0 1530.0
5295.0 2634.0
4352.0 1382.0
7532.0 6423.0
9069.0 5270.0
4479.0 1354.0
1716.0 3246.0
2023.0 2574.0
8025.0 512.0
2981.0 1411.0
4396.0 6124.0
7177.0 6895.0
6425.0 299.0
7572.0 4642.0
2098.0 3488.0
303.0 7528.0
8763.0 2874.0
8976.0 5055.0
5460.0 4462.0
6077.0 830.0
4744.0 1423.0
6835.0 67.0
560.0 1862.0
3405.0 1530.0
1315.0 1660.0
9715.0 831.0
9713.0 581.0
9826.0 4489.0
3481.0 2268.0
5160.0 6676.0
3564.0 1334.0
8451.0 3056.0
8914.0 3186.0
4767.0 8634.0
9459.0 4748.0
2447.0 9030.0
1350.0 6761.0
9322.0 7085.0
1114.0 805.0
2053.0 9226.0
7772.0 6732.0
8954.0 8491.0
4570.0 8639.0
9139.0 3636.0
4386.0 84.0
3346.0 6237.0
5436.0 1679.0
4304.0 196.0
6382.0 6741.0
6971.0 574.0
2422.0 3154.0
1515.0 1155.0
6493.0 2118.0
4377.0 2662.0
2161.0 6937.0
5277.0 6041.0
7328.0 7519.0
505.0 7713.0
322.0 8748.0
5353.0 6233.0
2509.0 3391.0
1048.0 2239.0
4005.0 2708.0
4015.0 6135.0
1590.0 427.0
7852.0 399.0
438.0 8245.0
837.0 5947.0
3761.0 3524.0
4349.0 4451.0
6950.0 2345.0
28.0 1042.0
5352.0 3584.0
6039.0 4299.0
7239.0 2166.0
5300.0 2943.0
6116.0 2179.0
1000.0 1150.0
8929.0 2993.0
7283.0 6899.0
9307.0 4058.0
5444.0 263.0
7417.0 6549.0
8470.0 1068.0
545.0 2508.0
9313.0 7813.0
1004.0 4662.0
706.0 2297.0
467.0 2570.0
6909.0 6837.0
2323.0 3272.0
215.0 3506.0
6174.0 7099.0
7568.0 7304.0
1049.0 1803.0
5166.0 7671.0
6463.0 685.0
1368.0 5267.0
2902.0 2874.0
782.0 3414.0
5846.0 6420.0
4880.0 6133.0
9934.0 7374.0
6978.0 7184.0
2361.0 515.0
1957.0 7016.0
7117.0 9879.0
3550.0 7053.0
4172.0 9773.0
4564.0 3215.0
202.0 9420.0
7892.0 3106.0
9959.0 6911.0
8641.0 3769.0
9887.0 615.0
264.0 9428.0
8091.0 8734.0
12.0 1132.0
7254.0 137.0
1588.0 2706.0
9600.0 2163.0
5328.0 9942.0
5515.0 3543.0
8788.0 2418.0
9927.0 3108.0
3055.0 9890.0
3030.0 7451.0
2671.0 7634.0
4477.0 3199.0
9491.0 7695.0
2624.0 2070.0
3343.0 5414.0
2944.0 9368.0
4835.0 3179.0
2191.0 9085.0
8166.0 5805.0
7439.0 1278.0
4284.0 4442.0
1583.0 9881.0
7254.0 8450.0
9402.0 1609.0
9175.0 7138.0
797.0 9136.0
1509.0 5784.0
299.0 4191.0
3165.0 2857.0
4441.0 8752.0
8194.0 7843.0
1116.0 4992.0
8448.0 1605.0
7496.0 7144.0
9046.0 3671.0
5637.0 955.0
7013.0 3386.0
7361.0 8880.0
5928.0 4324.0
2512.0 1691.0
1944.0 3886.0
7197.0 9667.0
9022.0 2486.0
1113.0 9015.0
3748.0 9258.0
5549.0 1699.0
2556.0 3675.0
6182.0 9342.0
6740.0 5010.0
7260.0 4348.0
3078.0 4056.0
6267.0 3934.0
448.0 3993.0
684.0 5209.0
5259.0 9859.0
943.0 1990.0
1071.0 8491.0
6171.0 6496.0
244.0 3393.0
1830.0 1598.0
7970.0 1412.0
856.0 1791.0
1539.0 662.0
2392.0 3534.0
198.0 1585.0
4727.0 8147.0
3435.0 5587.0
1530.0 2910.0
8070.0 8148.0
2990.0 8535.0
6972.0 5823.0
5962.0 3678.0
4775.0 9051.0
9716.0 9648.0
8443.0 5184.0
6395.0 984.0
3021.0 8652.0
7783.0 58.0
5440.0 7668.0
2481.0 6374.0
1723.0 9413.0
101.0 3720.0
5432.0 8078.0
1566.0 848.0
7731.0 2708.0
7133.0 3831.0
1887.0 4251.0
6227.0 773.0
7593.0 3718.0
5698.0 2036.0
2933.0 5887.0
5598.0 1638.0
4363.0 5441.0
4071.0 7995.0
7555.0 4979.0
5484.0 4671.0
4441.0 6794.0
8363.0 4290.0
4335.0 2843.0
2269.0 1296.0
9457.0 9823.0
5196.0 1691.0
7730.0 8755.0
5602.0 454.0
8193.0 1012.0
5668.0 9772.0
6884.0 5180.0
4888.0 3766.0
3544.0 1689.0
5601.0 7876.0
1989.0 4611.0
4550.0 3551.0
9516.0 2545.0
7085.0 1436.0
3174.0 3009.0
3098.0 8694.0
3268.0 7242.0
6306.0 8645.0
6942.0 4840.0
972.0 3373.0
7187.0 130.0
2668.0 2477.0
5141.0 4713.0
2186.0 3623.0
6007.0 3065.0
4196.0 3060.0
1475.0 631.0
4749.0 6768.0
3962.0 6324.0
4236.0 5401.0
556.0 3826.0
4888.0 8691.0
6987.0 8629.0
4442.0 7465.0
4495.0 209.0
50.0 3964.0
4945.0 1265.0
9050.0 3598.0
2026.0 8418.0
5697.0 3827.0
8906.0 1304.0
5443.0 8312.0
5177.0 9463.0
891.0 7018.0
8456.0 8933.0
6001.0 5413.0
8478.0 2981.0
7666.0 8452.0
4050.0 3872.0
6250.0 7483.0
5704.0 5085.0
9192.0 761.0
9403.0 5909.0
4286.0 718.0
9161.0 2816.0
1721.0 3672.0
8916.0 4528.0
6501.0 111.0
6512.0 202.0
5333.0 6248.0
5149.0 2636.0
4591.0 9988.0
137.0 912.0
8461.0 6977.0
1326.0 9399.0
8854.0 4902.0
4038.0 2515.0
1211.0 6706.0
3881.0 7175.0
2777.0 5869.0
3276.0 7337.0
2469.0 9439.0
48.0 7550.0
3915.0 6961.0
956.0 4928.0
5796.0 5976.0
5481.0 1471.0
6055.0 7251.0
7747.0 1119.0
9116.0 5408.0
6920.0 8491.0
7673.0 3108.0
8933.0 8689.0
3188.0 9465.0
4893.0 105.0
1673.0 5843.0
4018.0 4630.0
3870.0 4710.0
1460.0 2192.0
1427.0 9706.0
3859.0 9018.0
3174.0 7592.0
7992.0 1560.0
8093.0 5241.0
345.0 475.0
4102.0 7344.0
7993.0 1589.0
4226.0 2982.0
3606.0 3248.0
4284.0 1737.0
9956.0 1979.0
8678.0 2506.0
1770.0 873.0
3391.0 680.0
5267.0 7596.0
7790.0 1844.0
8258.0 1456.0
9348.0 2683.0
6134.0 1424.0
7869.0 2231.0
1611.0 9542.0
8332.0 9155.0
8572.0 6613.0
3952.0 3213.0
2866.0 9599.0
3554.0 1569.0
5412.0 2636.0
9868.0 3113.0
5460.0 6087.0
7842.0 6470.0
4359.0 537.0
4580.0 9836.0
2686.0 5148.0
5000.0 3335.0
6085.0 2294.0
9821.0 7032.0
7675.0 2881.0
4968.0 289.0
7361.0 9271.0
4017.0 613.0
926.0 5226.0
7758.0 2669.0
4228.0 4779.0
7499.0 616.0
374.0 4451.0
1193.0 9437.0
210.0 5735.0
4007.0 3419.0
8990.0 7237.0
7423.0 2453.0
4561.0 8426.0
3478.0 9315.0
4931.0 9365.0
3240.0 3592.0
5557.0 3372.0
1129.0 425.0
9219.0 2006.0
9175.0 4715.0
3820.0 4291.0
7823.0 3976.0
5968.0 4612.0
2385.0 5490.0
691.0 6165.0
6730.0 5921.0
140.0 9409.0
8333.0 4070.0
6627.0 7408.0
1269.0 9914.0
7850.0 2491.0
6255.0 5615.0
4658.0 1139.0
9351.0 6638.0
4206.0 6514.0
3413.0 3672.0
3858.0 548.0
8901.0 8483.0
3681.0 9995.0
3143.0 9401.0
7881.0 3375.0
9668.0 4572.0
8041.0 8210.0
1685.0 3658.0
3512.0 479.0
6336.0 1147.0
6794.0 695.0
8809.0 6927.0
4278.0 3520.0
7913.0 2301.0
5189.0 345.0
7226.0 2100.0
4082.0 6729.0
8409.0 6058.0
4749.0 9122.0
5789.0 5116.0
5883.0 7794.0
3814.0 815.0
1349.0 5358.0
1482.0 8446.0
420.0 2838.0
349.0 7123.0
5825.0 7660.0
5201.0 2431.0
9962.0 503.0
9022.0 9831.0
2127.0 418.0
6321.0 9472.0
2111.0 129.0
1461.0 5576.0
8014.0 5920.0
1053.0 6071.0
8635.0 9046.0
2045.0 621.0
3278.0 8055.0
9591.0 7726.0
4341.0 3957.0
1313.0 4054.0
518.0 2633.0
7047.0 1672.0
993.0 1427.0
5678.0 1330.0
3447.0 9296.0
3175.0 2479.0
1262.0 2474.0
8412.0 3168.0
7740.0 33.0
5886.0 5500.0
7719.0 6263.0
6936.0 4801.0
9418.0 9299.0
3550.0 3170.0
1867.0 7891.0
1388.0 574.0
5778.0 737.0
1086.0 9153.0
8208.0 5294.0
9485.0 8896.0
3855.0 5491.0
4844.0 5351.0
8355.0 233.0
2675.0 2544.0
1423.0 7136.0
1275.0 6753.0
181.0 8395.0
8573.0 9318.0
5545.0 8198.0
4388.0 9140.0
7003.0 3598.0
4694.0 8043.0
3648.0 3278.0
7002.0 4646.0
1811.0 1084.0
8464.0 4934.0
2147.0 3782.0
779.0 163.0
1532.0 4925.0
8532.0 5297.0
7605.0 9249.0
49.0 3602.0
6336.0 4529.0
2365.0 5597.0
5432.0 279.0
4430.0 3004.0
8978.0 5243.0
5128.0 866.0
1121.0 8065.0
5229.0 3505.0
9182.0 8063.0
4864.0 2470.0
9028.0 5527.0
634.0 7150.0
8063.0 3439.0
8950.0 1219.0
3687.0 5048.0
4700.0 559.0
7583.0 4191.0
6856.0 843.0
8665.0 7806.0
5115.0 5443.0
59.0 2515.0
4179.0 6803.0
7957.0 9718.0
4766.0 6977.0
2696.0 6100.0
2977.0 5463.0
4918.0 8972.0
2086.0 5020.0
2164.0 8344.0
3388.0 8616.0
3739.0 174.0
5189.0 3185.0
4221.0 7669.0
1537.0 8350.0
8453.0 88.0
4806.0 768.0
3364.0 938.0
8731.0 7280.0
4491.0 9981.0
991.0 2516.0
7526.0 5978.0
6948.0 9120.0
7768.0 9566.0
8637.0 1264.0
2808.0 8199.0
5614.0 4614.0
6314.0 7553.0
6763.0 8407.0
3257.0 6319.0
4661.0 7812.0
9441.0 3794.0
6602.0 7230.0
674.0 2186.0
8886.0 7704.0
9448.0 8038.0
3471.0 4096.0
9465.0 9705.0
8590.0 204.0
870.0 276.0
7436.0 2473.0
1537.0 7868.0
1514.0 5479.0
2262.0 7702.0
7763.0 4823.0
6220.0 2880.0
1052.0 5639.0

757.0 4700.0
3458.0 6486.0
9123.0 2781.0
1891.0 9264.0
9923.0 3385.0
8229.0 5140.0
1964.0 75.0
8480.0 8484.0
3501.0 9042.0
6664.0 4820.0
4302.0 4440.0
2841.0 1495.0
4454.0 816.0
7758.0 1100.0
216.0 9559.0
5651.0 5783.0
9816.0 8758.0
9345.0 3156.0
4502.0 8418.0
4237.0 6899.0
2727.0 5400.0
276.0 7785.0
7820.0 5052.0
3519.0 3254.0
1971.0 8907.0
1398.0 6224.0
1906.0 378.0
8263.0 6271.0
4090.0 2855.0
325.0 8874.0
9816.0 7137.0
1607.0 876.0
3019.0 7587.0
4974.0 2827.0
6197.0 8943.0
4883.0 1359.0
2249.0 8192.0
920.0 7284.0
2617.0 8423.0
3740.0 7560.0
4557.0 4069.0
7521.0 1794.0
2917.0 9464.0
5524.0 6436.0
4251.0 5105.0
7842.0 2362.0
3619.0 8561.0
2986.0 3958.0
6962.0 9435.0
7356.0 413.0
4349.0 270.0
9248.0 2372.0
1985.0 7842.0
6453.0 9587.0
3324.0 1751.0
9082.0 7797.0
2137.0 9706.0
1714.0 5404.0
2868.0 1431.0
1451.0 3200.0
6177.0 5605.0
998.0 2766.0
9957.0 6752.0
8367.0 1693.0
8750.0 1480.0
7301.0 6334.0
6826.0 6022.0
5024.0 5202.0
2877.0 9425.0
6414.0 8725.0
6588.0 9388.0
6214.0 3479.0
9986.0 70.0
3362.0 1592.0
8913.0 3875.0
4053.0 8469.0
2465.0 1553.0
2638.0 4522.0
744.0 7565.0
1964.0 9025.0
3787.0 129.0
7227.0 6819.0
7031.0 7847.0
9987.0 978.0
1136.0 7336.0
1410.0 7122.0
6539.0 8781.0
6348.0 7558.0
5600.0 8800.0
2371.0 5868.0
7660.0 2570.0
331.0 5162.0
4893.0 9613.0
5582.0 5617.0
9286.0 125.0
1435.0 9488.0
3613.0 1336.0
8978.0 4236.0
1723.0 5724.0
9821.0 6989.0
6048.0 5587.0
924.0 5909.0
2621.0 798.0
3048.0 6725.0
6505.0 9241.0
6979.0 5027.0
2965.0 1785.0
4102.0 7524.0
2209.0 6226.0
432.0 7908.0
8107.0 7118.0
5704.0 5513.0
3696.0 913.0
1632.0 7386.0
8816.0 8289.0
5919.0 7006.0
7785.0 8130.0
1130.0 5236.0
7382.0 31.0
43.0 1734.0
8073.0 4759.0
1564.0 7459.0
3760.0 4593.0
3794.0 1427.0
7964.0 7934.0
3385.0 7418.0
6748.0 5118.0
2764.0 8750.0
1252.0 4848.0
9328.0 1827.0
5205.0 3131.0
3201.0 1593.0
5224.0 9170.0
2704.0 4585.0
4309.0 5109.0
9047.0 7709.0
1319.0 9037.0
4461.0 3465.0
1854.0 3178.0
269.0 4704.0
8317.0 1678.0
4047.0 4664.0
9585.0 4890.0
7495.0 378.0
3067.0 9612.0
9051.0 181.0
4570.0 7114.0
7930.0 8421.0
3760.0 3470.0
8635.0 3081.0
5624.0 9016.0
7557.0 4457.0
740.0 6409.0
5773.0 5569.0
9750.0 9165.0
4634.0 7442.0
9845.0 5123.0
3250.0 4957.0
3637.0 1712.0
9473.0 1409.0
3289.0 2467.0
8469.0 2451.0
5193.0 6686.0
5511.0 2575.0
3111.0 6667.0
2045.0 9807.0
105.0 9394.0
6682.0 6779.0
2104.0 2149.0
5186.0 8829.0
8462.0 3909.0
6058.0 2305.0
7356.0 6961.0
854.0 8730.0
6395.0 5672.0
784.0 3013.0
1264.0 1787.0
3740.0 6329.0
7767.0 8199.0
8320.0 6871.0
5129.0 5587.0
3992.0 4117.0
892.0 8865.0
8946.0 4788.0
275.0 2809.0
9773.0 1152.0
5318.0 8825.0
9573.0 4838.0
1710.0 7229.0
3569.0 1835.0
3610.0 2002.0
3844.0 6822.0
9325.0 7375.0
7311.0 7512.0
3210.0 8208.0
3505.0 2170.0
1625.0 8558.0
1288.0 5941.0
3311.0 5340.0
6096.0 4211.0
7017.0 6513.0
1820.0 3600.0
1779.0 5693.0
3898.0 3795.0
7622.0 7619.0
2760.0 5863.0
7123.0 1370.0
9192.0 5243.0
623.0 756.0
5753.0 14.0
480.0 3796.0
806.0 7685.0
2175.0 5716.0
4306.0 6109.0
2667.0 2329.0
6929.0 6717.0
8820.0 3271.0
6625.0 713.0
1250.0 6975.0
9242.0 1429.0
1474.0 1794.0
2267.0 8459.0
2668.0 206.0
3329.0 1775.0
6936.0 5506.0
7556.0 6473.0
4384.0 2882.0
361.0 1300.0
1926.0 9325.0
4805.0 6658.0
2079.0 9258.0
5091.0 215.0
4695.0 5306.0
325.0 814.0
6896.0 6123.0
5128.0 3828.0
9137.0 5694.0
6213.0 3623.0
7698.0 1010.0
6505.0 1318.0
6465.0 7564.0
942.0 8471.0
3392.0 4528.0
523.0 9877.0
9419.0 4082.0
3726.0 1136.0
280.0 1779.0
6896.0 9173.0
4000.0 7348.0
7690.0 6321.0
9442.0 7894.0
8194.0 1209.0
3773.0 7853.0
6817.0 2041.0
9174.0 2663.0
547.0 490.0
1677.0 5536.0
1689.0 6847.0
7449.0 9261.0
5668.0 9569.0
4392.0 7437.0
9017.0 4933.0
9426.0 2077.0
9139.0 4932.0
4248.0 6956.0
9951.0 4066.0
5007.0 8661.0
9.0 8242.0
3654.0 9715.0
2205.0 1374.0
1403.0 741.0
6669.0 7929.0
7087.0 1015.0
938.0 1998.0
5783.0 9379.0
4015.0 6136.0
5607.0 9902.0
3438.0 5575.0
2919.0 9198.0
6902.0 6010.0
8919.0 4833.0
2610.0 5596.0
2889.0 6724.0
4892.0 4352.0
9971.0 5937.0
4230.0 6599.0
3838.0 7826.0
3281.0 4617.0
7086.0 8885.0
2997.0 4207.0
4734.0 9268.0
5432.0 5257.0
8639.0 5363.0
2380.0 3050.0
3211.0 9345.0
1375.0 8429.0
5271.0 5132.0
3243.0 7503.0
3407.0 2631.0
7711.0 4048.0
4652.0 4711.0
6269.0 291.0
8882.0 3825.0
3803.0 4189.0
3756.0 7649.0
3168.0 3945.0
5543.0 5711.0
9252.0 2839.0
3712.0 1393.0
1670.0 114.0
9621.0 6199.0
7666.0 6017.0
2159.0 5769.0
9323.0 1716.0
5691.0 9478.0
1714.0 7218.0
8164.0 8071.0
1054.0 2959.0
9724.0 6272.0
4477.0 3241.0
4676.0 9721.0
5549.0 2184.0
2181.0 8201.0
2080.0 5332.0
3499.0 9562.0
5393.0 2601.0
6150.0 1228.0
2605.0 716.0
7837.0 8744.0
6029.0 5832.0
5501.0 3230.0
6324.0 9453.0
7340.0 2206.0
8474.0 3349.0
8125.0 648.0
2187.0 1649.0
732.0 1751.0
850.0 719.0
9159.0 9251.0
5612.0 43.0
940.0 5757.0
3697.0 9742.0
9281.0 4006.0
2572.0 2911.0
7778.0 443.0
4058.0 3418.0
3049.0 3037.0
4963.0 2348.0
3175.0 7773.0
3385.0 8755.0
2254.0 694.0
2253.0 2875.0
3940.0 4945.0
4208.0 2468.0
9333.0 4715.0
4446.0 5442.0
7046.0 488.0
602.0 4480.0
5813.0 2516.0
1297.0 1728.0
2488.0 1951.0
7436.0 4320.0
796.0 1531.0
2855.0 3828.0
8656.0 210.0
3435.0 5338.0
4479.0 8714.0
6269.0 4290.0
5244.0 5356.0
2998.0 1787.0
1725.0 4095.0
3891.0 1485.0
8722.0 9199.0
1824.0 3765.0
649.0 3465.0
7677.0 5347.0
5315.0 9380.0
1334.0 4989.0
1274.0 5155.0
4850.0 8456.0
6558.0 53.0
6860.0 8427.0
9201.0 5901.0
9891.0 7471.0
2348.0 4216.0
4633.0 4796.0
9331.0 848.0
7788.0 9916.0
6574.0 2592.0
2583.0 8891.0
4626.0 2609.0
3585.0 1327.0
261.0 4156.0
9878.0 8782.0
4896.0 4466.0
3224.0 7740.0
7267.0 3238.0
305.0 2847.0
645.0 2645.0
664.0 8523.0
7505.0 8235.0
4404.0 9672.0
6938.0 2709.0
6306.0 4586.0
2718.0 6917.0
5408.0 5788.0
2322.0 5044.0
1693.0 6907.0
9790.0 3354.0
3963.0 6281.0
7772.0 4450.0
5503.0 451.0
6588.0 1423.0
6645.0 3218.0
690.0 8833.0
5834.0 8400.0
5349.0 9925.0
3269.0 6971.0
8927.0 1994.0
3777.0 1762.0
8606.0 4312.0
7962.0 5346.0
9866.0 5535.0
3272.0 9318.0
2656.0 10001.0
9062.0 5596.0
9516.0 4837.0
2268.0 2931.0
3564.0 2293.0
2782.0 4278.0
6673.0 4180.0
152.0 3196.0
698.0 7906.0
5668.0 9947.0
7098.0 5927.0
6483.0 444.0
2820.0 3098.0
841.0 3722.0
2755.0 8821.0
6009.0 6105.0
1698.0 3384.0
3046.0 2695.0
1061.0 414.0
4970.0 9415.0
8278.0 9880.0
7466.0 1185.0
9202.0 8537.0
3697.0 4475.0
6370.0 7217.0
7348.0 4850.0
8473.0 6928.0
497.0 2674.0
8896.0 8092.0
5399.0 2660.0
3663.0 9936.0
1822.0 5428.0
1661.0 9374.0
3985.0 1699.0
2471.0 1325.0
3740.0 2327.0
9673.0 4870.0
9103.0 9838.0
9971.0 2187.0
9680.0 9582.0
993.0 9634.0
3165.0 1250.0
3113.0 2951.0
9469.0 3845.0
3139.0 924.0
1557.0 9791.0
255.0 4507.0
4672.0 6387.0
7009.0 731.0
7972.0 5198.0
754.0 3403.0
5211.0 2614.0
3363.0 4920.0
3572.0 7183.0
9571.0 6182.0
2260.0 1941.0
6820.0 3978.0
4902.0 2346.0
1925.0 7785.0
2452.0 3021.0
2428.0 357.0
5604.0 8955.0
3001.0 9077.0
8372.0 9320.0
9739.0 7414.0
6931.0 4574.0
7679.0 8467.0
313.0 33.0
9443.0 4964.0
2042.0 1535.0
5300.0 2639.0
4358.0 1387.0
7536.0 6429.0
9074.0 5274.0
4484.0 1360.0
1721.0 3250.0
2029.0 2579.0
8029.0 517.0
2987.0 1416.0
4401.0 6130.0
7182.0 6900.0
6430.0 305.0
7578.0 4647.0
2103.0 3492.0
309.0 7532.0
8769.0 2880.0
8981.0 5060.0
5466.0 4468.0
6083.0 835.0
4749.0 1427.0
6840.0 72.0
565.0 1867.0
3409.0 1536.0
1320.0 1666.0
9720.0 835.0
9717.0 586.0
9830.0 4494.0
3485.0 2273.0
5165.0 6681.0
3569.0 1338.0
8456.0 3062.0
8919.0 3191.0
4772.0 8639.0
9464.0 4754.0
2451.0 9035.0
1355.0 6767.0
9327.0 7090.0
1118.0 809.0
2058.0 9231.0
7776.0 6736.0
8958.0 8496.0
4575.0 8644.0
9144.0 3641.0
4390.0 89.0
3350.0 6243.0
5441.0 1684.0
4310.0 201.0
6387.0 6746.0
6976.0 578.0
2426.0 3159.0
1521.0 1160.0
6498.0 2124.0
4382.0 2666.0
2166.0 6943.0
5282.0 6047.0
7332.0 7524.0
510.0 7717.0
326.0 8754.0
5359.0 6239.0
2514.0 3396.0
1053.0 2244.0
4010.0 2713.0
4020.0 6141.0
1596.0 432.0
7858.0 404.0
443.0 8249.0
843.0 5952.0
3766.0 3529.0
4354.0 4456.0
6955.0 2350.0
32.0 1048.0
5357.0 3589.0
6045.0 4305.0
7244.0 2172.0
5304.0 2949.0
6121.0 2184.0
1005.0 1155.0
8934.0 2998.0
7288.0 6904.0
9312.0 4062.0
5450.0 267.0
7422.0 6553.0
8474.0 1074.0
549.0 2514.0
9318.0 7817.0
1009.0 4666.0
710.0 2302.0
472.0 2576.0
6915.0 6841.0
2328.0 3277.0
221.0 3510.0
6180.0 7104.0
7573.0 7308.0
1054.0 1809.0
5171.0 7676.0
6469.0 689.0
1374.0 5272.0
2908.0 2878.0
786.0 3419.0
5851.0 6425.0
4884.0 6137.0
9938.0 7378.0
6983.0 7189.0
2366.0 521.0
1963.0 7021.0
7121.0 9884.0
3554.0 7057.0
4177.0 9777.0
4570.0 3221.0
207.0 9424.0
7897.0 3111.0
9965.0 6916.0
8647.0 3773.0
9893.0 620.0
268.0 9433.0
8097.0 8740.0
16.0 1138.0
7258.0 142.0
1593.0 2711.0
9605.0 2169.0
5332.0 9948.0
5519.0 3548.0
8793.0 2423.0
9931.0 3113.0
3059.0 9895.0
3035.0 7456.0
2677.0 7638.0
4482.0 3204.0
9495.0 7701.0
2630.0 2075.0
3348.0 5418.0
2950.0 9373.0
4839.0 3185.0
2196.0 9091.0
8171.0 5810.0
7444.0 1284.0
4288.0 4448.0
1588.0 9885.0
7258.0 8455.0
9407.0 1614.0
9180.0 7144.0
801.0 9140.0
1513.0 5789.0
303.0 4195.0
3169.0 2862.0
4447.0 8758.0
8199.0 7847.0
1121.0 4998.0
8453.0 1609.0
7502.0 7149.0
9051.0 3675.0
5641.0 960.0
7017.0 3392.0
7365.0 8885.0
5933.0 4330.0
2516.0 1696.0
1949.0 3892.0
7203.0 9671.0
9027.0 2491.0
1119.0 9020.0
3754.0 9262.0
5554.0 1703.0
2561.0 3680.0
6187.0 9346.0
6745.0 5015.0
7266.0 4354.0
3083.0 4062.0
6271.0 3938.0
454.0 3998.0
689.0 5213.0
5263.0 9864.0
948.0 1994.0
1077.0 8496.0
6175.0 6501.0
249.0 3399.0
1835.0 1604.0
7975.0 1417.0
861.0 1795.0
1544.0 667.0
2396.0 3539.0
202.0 1590.0
4731.0 8153.0
3439.0 5591.0
1535.0 2914.0
8075.0 8152.0
2995.0 8539.0
6977.0 5828.0
5966.0 3684.0
4779.0 9056.0
9721.0 9653.0
8448.0 5189.0
6400.0 990.0
3025.0 8656.0
7787.0 62.0
5445.0 7672.0
2486.0 6380.0
1729.0 9419.0
106.0 3724.0
5437.0 8083.0
1571.0 853.0
7735.0 2713.0
7139.0 3835.0
1893.0 4257.0
6231.0 778.0
7597.0 3723.0
5703.0 2041.0
2939.0 5891.0
5602.0 1642.0
4369.0 5446.0
4075.0 7999.0
7561.0 4983.0
5489.0 4675.0
4447.0 6799.0
8367.0 4294.0
4339.0 2848.0
2275.0 1301.0
9462.0 9828.0
5200.0 1697.0
7734.0 8759.0
5607.0 459.0
8199.0 1018.0
5673.0 9777.0
6889.0 5185.0
4893.0 3771.0
3548.0 1694.0
5606.0 7881.0
1995.0 4616.0
4556.0 3555.0
9520.0 2551.0
7090.0 1442.0
3179.0 3014.0
3103.0 8700.0
3273.0 7247.0
6312.0 8650.0
6947.0 4844.0
978.0 3377.0
7193.0 135.0
2673.0 2481.0
5146.0 4718.0
2191.0 3627.0
6012.0 3070.0
4200.0 3065.0
1480.0 635.0
4753.0 6774.0
3967.0 6329.0
4241.0 5406.0
561.0 3831.0
4893.0 8695.0
6991.0 8634.0
4448.0 7471.0
4500.0 213.0
55.0 3968.0
4950.0 1269.0
9055.0 3604.0
2032.0 8423.0
5703.0 3831.0
8912.0 1310.0
5447.0 8318.0
5182.0 9468.0
896.0 7022.0
8461.0 8938.0
6007.0 5419.0
8482.0 2986.0
7671.0 8458.0
4055.0 3878.0
6256.0 7488.0
5709.0 5090.0
9197.0 767.0
9407.0 5913.0
4290.0 723.0
9165.0 2820.0
1727.0 3677.0
8922.0 4532.0
6506.0 116.0
6517.0 208.0
5338.0 6254.0
5153.0 2642.0
4597.0 9994.0
142.0 918.0
8465.0 6983.0
1331.0 9405.0
8859.0 4906.0
4043.0 2520.0
1216.0 6711.0
3885.0 7180.0
2781.0 5874.0
3282.0 7342.0
2473.0 9443.0
53.0 7554.0
3921.0 6966.0
961.0 4932.0
5801.0 5981.0
5485.0 1477.0
6061.0 7256.0
7752.0 1124.0
9121.0 5412.0
6926.0 8496.0
7678.0 3113.0
8939.0 8694.0
3193.0 9470.0
4897.0 110.0
1679.0 5848.0
4023.0 4635.0
3874.0 4715.0
1465.0 2197.0
1433.0 9711.0
3863.0 9022.0
3178.0 7597.0
7997.0 1565.0
8098.0 5246.0
350.0 480.0
4108.0 7349.0
7998.0 1594.0
4231.0 2988.0
3611.0 3253.0
4289.0 1743.0
9961.0 1983.0
8683.0 2510.0
1775.0 878.0
3395.0 685.0
5272.0 7600.0
7795.0 1848.0
8264.0 1460.0
9353.0 2688.0
6139.0 1429.0
7875.0 2236.0
1617.0 9546.0
8338.0 9160.0
8576.0 6618.0
3956.0 3218.0
2872.0 9605.0
3559.0 1574.0
5417.0 2641.0
9872.0 3118.0
5464.0 6092.0
7847.0 6476.0
4364.0 541.0
4585.0 9840.0
2691.0 5154.0
5005.0 3339.0
6090.0 2298.0
9825.0 7037.0
7679.0 2886.0
4973.0 295.0
7365.0 9277.0
4022.0 618.0
932.0 5231.0
7763.0 2673.0
4234.0 4785.0
7504.0 622.0
380.0 4457.0
1198.0 9443.0
216.0 5740.0
4012.0 3425.0
8994.0 7242.0
7429.0 2457.0
4565.0 8430.0
3482.0 9320.0
4935.0 9371.0
3245.0 3596.0
5562.0 3378.0
1134.0 429.0
9224.0 2010.0
9179.0 4719.0
3826.0 4296.0
7828.0 3980.0
5973.0 4618.0
2391.0 5495.0
697.0 6170.0
6735.0 5927.0
145.0 9414.0
8337.0 4074.0
6632.0 7412.0
1274.0 9920.0
7854.0 2495.0
6260.0 5621.0
4663.0 1143.0
9357.0 6642.0
4211.0 6520.0
3419.0 3677.0
3863.0 554.0
8905.0 8487.0
3686.0 9999.0
3147.0 9406.0
7886.0 3380.0
9673.0 4577.0
8047.0 8215.0
1691.0 3662.0
3516.0 484.0
6342.0 1151.0
6800.0 701.0
8814.0 6931.0
4284.0 3526.0
7919.0 2306.0
5195.0 349.0
7230.0 2105.0
4087.0 6734.0
8414.0 6063.0
4754.0 9127.0
5794.0 5121.0
5888.0 7799.0
3819.0 819.0
1354.0 5363.0
1487.0 8451.0
426.0 2844.0
353.0 7128.0
5830.0 7664.0
5207.0 2436.0
9966.0 509.0
9028.0 9837.0
2132.0 423.0
6326.0 9477.0
2115.0 135.0
1466.0 5581.0
8019.0 5925.0
1058.0 6076.0
8640.0 9051.0
2050.0 626.0
3282.0 8060.0
9595.0 7731.0
4346.0 3963.0
1318.0 4059.0
524.0 2639.0
7053.0 1676.0
998.0 1432.0
5684.0 1335.0
3453.0 9302.0
3181.0 2483.0
1267.0 2479.0
8416.0 3174.0
7745.0 39.0
5892.0 5504.0
7724.0 6268.0
6941.0 4806.0
9423.0 9305.0
3554.0 3174.0
1872.0 7897.0
1393.0 579.0
5783.0 742.0
1091.0 9158.0
8213.0 5299.0
9489.0 8901.0
3859.0 5496.0
4849.0 5356.0
8359.0 238.0
2681.0 2549.0
1428.0 7141.0
1280.0 6757.0
185.0 8401.0
8579.0 9324.0
5550.0 8202.0
4393.0 9145.0
7008.0 3602.0
4700.0 8049.0
3653.0 3284.0
7008.0 4652.0
1816.0 1088.0
8468.0 4940.0
2152.0 3788.0
784.0 168.0
1537.0 4929.0
8537.0 5303.0
7610.0 9255.0
54.0 3606.0
6341.0 4535.0
2370.0 5602.0
5437.0 285.0
4436.0 3009.0
8982.0 5247.0
5133.0 870.0
1126.0 8069.0
5233.0 3509.0
9188.0 8067.0
4869.0 2475.0
9034.0 5532.0
639.0 7155.0
8069.0 3444.0
8955.0 1225.0
3691.0 5053.0
4706.0 564.0
7587.0 4196.0
6862.0 847.0
8669.0 7810.0
5121.0 5448.0
64.0 2521.0
4184.0 6807.0
7962.0 9723.0
4771.0 6983.0
2701.0 6106.0
2982.0 5468.0
4923.0 8977.0
2092.0 5025.0
2170.0 8349.0
3392.0 8622.0
3743.0 180.0
5194.0 3191.0
4227.0 7675.0
1541.0 8355.0
8457.0 93.0
4810.0 772.0
3369.0 943.0
8736.0 7285.0
4496.0 9986.0
996.0 2521.0
7532.0 5983.0
6953.0 9124.0
7772.0 9572.0
8642.0 1269.0
2813.0 8205.0
5619.0 4619.0
6319.0 7558.0
6769.0 8412.0
3262.0 6324.0
4666.0 7816.0
9446.0 3799.0
6607.0 7235.0
679.0 2192.0
8892.0 7710.0
9454.0 8042.0
3477.0 4101.0
9469.0 9710.0
8596.0 209.0
874.0 282.0
7441.0 2477.0
1543.0 7874.0
1519.0 5485.0
2268.0 7708.0
7768.0 4829.0
6226.0 2886.0
1057.0 5645.0
