1
1024 1 3.0 0.0 1000.0 3 160 240 100

6.5 13.5 29.3 58.5
13.0 27.0 58.5 117.0
19.5 40.5 87.8 175.5
26.0 54.0 117.0 234.0
39.0 81.0 175.5 351.0
52.0 108.0 234.0 468.0
58.5 121.5 263.3 526.5
65.0 135.0 292.5 585.0
78.0 162.0 351.0 702.0
0.0 180.0 390.0 780.0

2.0 5.0 8.0 11.0
5.0 8.0 11.0 14.0
9.0 12.0 15.0 18.0
11.0 14.0 17.0 20.0
15.0 18.0 21.0 24.0
18.0 21.0 24.0 27.0
20.0 23.0 26.0 29.0
25.0 28.0 31.0 34.0
29.0 32.0 35.0 38.0
0.0 34.0 37.0 40.0

9084.0 1162.0
2072.0 7561.0
2500.0 728.0
5122.0 6221.0
4421.0 5740.0
6130.0 8449.0
6689.0 2034.0
8967.0 7431.0
9616.0 5530.0
3281.0 3713.0
1555.0 5074.0
45.0 3375.0
5201.0 2366.0
3685.0 8954.0
944.0 5908.0
2392.0 1259.0
163.0 8367.0
717.0 2764.0
3782.0 9279.0
1062.0 5730.0
3959.0 7504.0
3147.0 718.0
9245.0 346.0
3081.0 3672.0
6077.0 8758.0
6116.0 2219.0
1953.0 530.0
9694.0 4355.0
8132.0 5895.0
5898.0 5195.0
2222.0 2452.0
4892.0 9927.0
3503.0 8826.0
3458.0 3653.0
6336.0 8977.0
5240.0 1272.0
9508.0 1577.0
1785.0 3074.0
1872.0 1360.0
5986.0 4205.0
7121.0 1865.0
2032.0 8668.0
3060.0 1491.0
8461.0 1027.0
3221.0 7263.0
3427.0 1476.0
1177.0 3243.0
3767.0 2433.0
393.0 2979.0
1988.0 7330.0
4989.0 7924.0
7759.0 4762.0
9248.0 6228.0
3020.0 3653.0
6224.0 8824.0
2308.0 7610.0
8306.0 2212.0
2398.0 9124.0
5089.0 9871.0
7861.0 6787.0
6398.0 6696.0
1647.0 1184.0
825.0 3384.0
2284.0 7628.0
2619.0 187.0
1805.0 6399.0
2297.0 1929.0
998.0 3655.0
8812.0 8721.0
1080.0 8673.0
3633.0 9276.0
3403.0 5592.0
9600.0 6239.0
1289.0 313.0
9890.0 5456.0
590.0 5730.0
4951.0 3576.0
8092.0 946.0
7766.0 926.0
9342.0 2645.0
279.0 9048.0
15.0 9284.0
6353.0 4829.0
7425.0 1263.0
9095.0 5635.0
1259.0 2746.0
2921.0 2354.0
5170.0 3287.0
3186.0 9776.0
3298.0 9932.0
8752.0 6208.0
8340.0 2962.0
5337.0 6757.0
269.0 936.0
9998.0 7176.0
7289.0 3202.0
9596.0 7702.0
3151.0 532.0
8598.0 8793.0
7408.0 7065.0
4072.0 3172.0
7728.0 9191.0
8215.0 1113.0
5860.0 9576.0
1276.0 8356.0
1348.0 6960.0
223.0 8583.0
9610.0 4912.0
998.0 4869.0
3467.0 5196.0
4729.0 7009.0
9735.0 3922.0
727.0 4152.0
4980.0 1137.0
1639.0 4638.0
7028.0 7018.0
8605.0 7473.0
1348.0 345.0
6756.0 2331.0
3892.0 7401.0
3927.0 7526.0
4507.0 1979.0
7919.0 7840.0
7518.0 9646.0
171.0 6638.0
8571.0 1938.0
6188.0 9186.0
9361.0 8642.0
5578.0 6570.0
4321.0 8843.0
7056.0 2145.0
5895.0 3876.0
6258.0 4926.0
7482.0 7877.0
6714.0 6826.0
5663.0 4071.0
6848.0 3163.0
5797.0 7475.0
8339.0 8354.0
7614.0 7180.0
3701.0 1196.0
9877.0 3865.0
3438.0 6661.0
5734.0 725.0
5617.0 3613.0
2854.0 8459.0
3218.0 365.0
4954.0 7494.0
7109.0 2484.0
3810.0 3102.0
5000.0 9766.0
3362.0 1581.0
9218.0 1783.0
8.0 8161.0
8674.0 3933.0
5695.0 9789.0
2854.0 8393.0
2901.0 8481.0
8191.0 6895.0
3118.0 3374.0
9685.0 4734.0
2933.0 2177.0
3092.0 7934.0
4303.0 5146.0
5565.0 7973.0
8138.0 7288.0
5078.0 984.0
2784.0 6922.0
1494.0 854.0
1513.0 1281.0
4623.0 8122.0
5612.0 2325.0
7126.0 9110.0
2191.0 8400.0
2618.0 2170.0
8289.0 9944.0
1810.0 495.0
5400.0 9875.0
2060.0 3389.0
1003.0 1838.0
8169.0 406.0
6212.0 1977.0
4779.0 5290.0
1138.0 2390.0
3227.0 9110.0
2074.0 6930.0
8203.0 4525.0
7088.0 2523.0
2064.0 5570.0
9144.0 1665.0
7161.0 9900.0
8345.0 4255.0
9017.0 2882.0
7396.0 9438.0
5729.0 5476.0
6891.0 615.0
1418.0 297.0
9530.0 9289.0
4111.0 2779.0
4864.0 5906.0
871.0 6863.0
8664.0 8359.0
5562.0 7108.0
3528.0 1319.0
7068.0 1655.0
9815.0 2054.0
8347.0 2944.0
8520.0 902.0
9145.0 5610.0
173.0 7066.0
7742.0 3463.0
6392.0 2880.0
9574.0 9970.0
3158.0 2239.0
3073.0 9152.0
7442.0 1320.0
5600.0 6316.0
1270.0 2293.0
4794.0 521.0
9831.0 3159.0
3212.0 3211.0
2731.0 9396.0
6601.0 9919.0
9994.0 5573.0
8653.0 4445.0
6909.0 7586.0
7595.0 7456.0
4333.0 8702.0
2472.0 3875.0
3535.0 5049.0
9468.0 6021.0
7206.0 8732.0
1115.0 1872.0
711.0 9244.0
3747.0 402.0
204.0 6315.0
1050.0 8370.0
6701.0 9885.0
4057.0 5510.0
7709.0 5354.0
439.0 7511.0
518.0 4770.0
8443.0 8706.0
3753.0 7132.0
3341.0 8900.0
6295.0 3460.0
6715.0 1223.0
5160.0 4797.0
1461.0 453.0
6450.0 3817.0
7840.0 3695.0
5973.0 3193.0
8434.0 7852.0
8631.0 6388.0
2372.0 788.0
8180.0 9048.0
1648.0 5601.0
1463.0 1638.0
4921.0 9928.0
3720.0 6511.0
6608.0 4680.0
4072.0 5044.0
1660.0 9137.0
2783.0 3041.0
8839.0 1805.0
4405.0 5030.0
7872.0 8962.0
3397.0 648.0
8324.0 5288.0
1337.0 8760.0
535.0 3515.0
7307.0 7484.0
1488.0 2496.0
5570.0 782.0
947.0 5608.0
7137.0 4787.0
5717.0 3915.0
4313.0 9520.0
2391.0 990.0
9847.0 4176.0
1414.0 8818.0
4761.0 6623.0
7837.0 6692.0
1480.0 299.0
6598.0 7523.0
1356.0 4159.0
2685.0 8463.0
8188.0 3832.0
9039.0 5269.0
1840.0 4668.0
7542.0 2317.0
8559.0 9824.0
938.0 2678.0
7097.0 9060.0
6049.0 5176.0
2230.0 6406.0
1135.0 7831.0
9787.0 7368.0
2736.0 9618.0
9781.0 8836.0
9869.0 4937.0
6756.0 7352.0
5918.0 7723.0
8930.0 3911.0
1068.0 4606.0
258.0 5954.0
639.0 9026.0
2007.0 9718.0
7178.0 730.0
2941.0 8607.0
6642.0 7562.0
9724.0 5745.0
1541.0 8952.0
1641.0 1388.0
6387.0 3025.0
6232.0 8336.0
3297.0 1749.0
4956.0 1035.0
8106.0 1019.0
465.0 6508.0
9839.0 5113.0
9611.0 7804.0
8896.0 7415.0
8774.0 3108.0
1799.0 1830.0
612.0 6185.0
2853.0 1805.0
3851.0 6329.0
5575.0 6363.0
190.0 8463.0
9240.0 5067.0
4945.0 6576.0
8396.0 6338.0
530.0 6139.0
5701.0 6020.0
4360.0 3684.0
930.0 5630.0
5298.0 4195.0
1510.0 2188.0
5244.0 9484.0
2426.0 4051.0
4947.0 3213.0
5860.0 9664.0
5676.0 724.0
3400.0 8639.0
817.0 4348.0
6190.0 7076.0
4028.0 7343.0
854.0 1548.0
3025.0 2149.0
1555.0 8650.0
628.0 1092.0
1040.0 9542.0
7142.0 234.0
6026.0 1384.0
702.0 9508.0
4761.0 90.0
4657.0 4816.0
7142.0 1311.0
3615.0 246.0
208.0 9057.0
2238.0 1079.0
4389.0 3876.0
3395.0 749.0
8341.0 5006.0
4772.0 7408.0
2728.0 3408.0
5544.0 8284.0
5807.0 5096.0
7201.0 2469.0
6153.0 6690.0
5145.0 5321.0
394.0 7580.0
144.0 139.0
6293.0 5643.0
1255.0 5265.0
4032.0 5909.0
4310.0 7294.0
1056.0 4096.0
2581.0 3541.0
8322.0 9432.0
8698.0 9440.0
8304.0 3669.0
9456.0 9030.0
7614.0 5709.0
7586.0 9201.0
9575.0 3755.0
7099.0 856.0
4619.0 9406.0
1314.0 2658.0
8838.0 598.0
5157.0 5525.0
3562.0 2814.0
5847.0 8537.0
1292.0 481.0
8551.0 9416.0
5870.0 2952.0
6137.0 5252.0
7200.0 2009.0
4597.0 1624.0
3408.0 280.0
8267.0 797.0
5765.0 2499.0
1424.0 2150.0
4242.0 4013.0
5384.0 492.0
4042.0 3463.0
2679.0 450.0
5953.0 9034.0
2430.0 7575.0
5893.0 206.0
3519.0 9332.0
1480.0 9410.0
4648.0 1654.0
5981.0 508.0
2898.0 9200.0
2509.0 3509.0
4889.0 4.0
3793.0 7429.0
7135.0 7659.0
5398.0 5722.0
4704.0 6719.0
2721.0 1191.0
9778.0 9464.0
4642.0 9781.0
4222.0 4711.0
9161.0 5187.0
2752.0 1821.0
8878.0 8680.0
5820.0 5568.0
6670.0 1067.0
3800.0 47.0
4422.0 6201.0
6586.0 2258.0
146.0 7949.0
5209.0 8571.0
1359.0 5041.0
4560.0 9684.0
5060.0 709.0
8832.0 2294.0
7159.0 6533.0
3778.0 8095.0
6717.0 2395.0
2389.0 3300.0
2836.0 6980.0
3092.0 4343.0
4564.0 5719.0
2066.0 7913.0
6653.0 5584.0
3789.0 6001.0
6533.0 8674.0
6399.0 9112.0
351.0 8975.0
993.0 3316.0
8420.0 9235.0
6445.0 9293.0
2936.0 7346.0
3860.0 4036.0
3312.0 4167.0
7251.0 8388.0
6987.0 7186.0
9558.0 6065.0
6044.0 6942.0
5597.0 2329.0
2516.0 5621.0
6041.0 2987.0
7701.0 9743.0
9045.0 6867.0
3363.0 1346.0
8607.0 7437.0
5155.0 4584.0
1265.0 1743.0
1124.0 7166.0
5247.0 7316.0
643.0 8521.0
8652.0 212.0
1629.0 9140.0
5787.0 9868.0
6388.0 7972.0
3240.0 8910.0
8952.0 7320.0
9812.0 8603.0
9249.0 7130.0
6892.0 3087.0
1960.0 3096.0
8384.0 8074.0
420.0 5490.0
1791.0 2175.0
8404.0 8142.0
4549.0 1501.0
5163.0 9466.0
2216.0 724.0
1548.0 9965.0
7628.0 6252.0
7583.0 3114.0
2601.0 9678.0
4336.0 9048.0
6305.0 2175.0
5437.0 2956.0
6893.0 3003.0
6099.0 2607.0
5498.0 7776.0
9988.0 1910.0
4193.0 4676.0
6801.0 9939.0
2020.0 9255.0
5894.0 7314.0
5686.0 1014.0
3824.0 4377.0
4030.0 7393.0
6139.0 8056.0
7863.0 3365.0
6292.0 6844.0
9277.0 7282.0
7001.0 5804.0
7033.0 6139.0
1936.0 6009.0
7124.0 5922.0
8059.0 5341.0
116.0 5203.0
1491.0 48.0
9368.0 2653.0
2238.0 8996.0
6735.0 1618.0
5643.0 5001.0
4849.0 7451.0
901.0 181.0
7591.0 5733.0
9506.0 4732.0
2843.0 2070.0
8965.0 1029.0
4131.0 6625.0
9642.0 7496.0
251.0 9035.0
5074.0 9129.0
4499.0 1900.0
8621.0 4102.0
7571.0 3489.0
1793.0 8370.0
783.0 2836.0
2114.0 2676.0
8662.0 2891.0
859.0 8881.0
2548.0 9881.0
3536.0 5031.0
9295.0 9563.0
8453.0 1073.0
1658.0 3506.0
1216.0 9635.0
9499.0 1096.0
5528.0 8787.0
3383.0 5403.0
3115.0 6186.0
4687.0 3594.0
8163.0 6538.0
8807.0 5040.0
4078.0 6775.0
580.0 2787.0
2964.0 5864.0
3510.0 6564.0
628.0 8669.0
6910.0 7977.0
2500.0 5774.0
7550.0 1061.0
8296.0 3681.0
4924.0 3854.0
5781.0 2301.0
1730.0 9158.0
6493.0 9149.0
3667.0 5147.0
8769.0 2155.0
5154.0 8988.0
5923.0 5513.0
61.0 9140.0
9940.0 5474.0
9072.0 4497.0
3526.0 5497.0
7766.0 1030.0
5870.0 2682.0
2017.0 9107.0
9969.0 9887.0
9837.0 7140.0
1872.0 449.0
1226.0 9731.0
4677.0 4920.0
168.0 985.0
2667.0 1743.0
5351.0 6140.0
3392.0 6262.0
8721.0 7191.0
8094.0 4998.0
3468.0 674.0
3284.0 4598.0
5551.0 8257.0
8860.0 7371.0
5360.0 3320.0
591.0 7821.0
8613.0 9179.0
7330.0 7107.0
8101.0 7123.0
5807.0 4817.0
364.0 4919.0
8353.0 4.0
3923.0 8963.0
1402.0 5861.0
8149.0 5728.0
5130.0 4982.0
4378.0 679.0
7081.0 4604.0
3381.0 5322.0
5121.0 3748.0
5778.0 5541.0
7591.0 6673.0
4507.0 6903.0
989.0 9566.0
939.0 5077.0
8054.0 9862.0
8762.0 2042.0
1583.0 131.0
2201.0 1252.0
1850.0 931.0
7715.0 7404.0
7964.0 9541.0
742.0 8998.0
6033.0 4004.0
1605.0 4328.0
9466.0 4370.0
7186.0 4093.0
9288.0 5572.0
7460.0 6264.0
4797.0 8844.0
8492.0 1398.0
7429.0 1090.0
6009.0 9048.0
3180.0 4122.0
6134.0 8435.0
1430.0 8185.0
2388.0 9046.0
531.0 6672.0
574.0 9329.0
3002.0 1459.0
5624.0 4135.0
5682.0 753.0
7024.0 4091.0
2705.0 3894.0
1918.0 2543.0
1632.0 9997.0
7488.0 8259.0
5601.0 9865.0
6712.0 4538.0
6848.0 3091.0
4105.0 7891.0
9444.0 4744.0
544.0 1970.0
1603.0 8569.0
8774.0 4899.0
413.0 6114.0
3700.0 666.0
4344.0 3689.0
4070.0 7754.0
1376.0 1581.0
4643.0 668.0
3110.0 2431.0
449.0 2520.0
7704.0 8192.0
7241.0 9336.0
6988.0 7583.0
4742.0 9259.0
5616.0 8445.0
1781.0 2293.0
2597.0 1930.0
4937.0 8776.0
8065.0 7910.0
4769.0 7223.0
627.0 3552.0
6253.0 4719.0
3164.0 9447.0
2522.0 5522.0
7405.0 219.0
3500.0 6031.0
153.0 9028.0
3552.0 6802.0
6503.0 7882.0
4729.0 4753.0
7899.0 8158.0
4731.0 1243.0
5392.0 8276.0
1171.0 4177.0
941.0 7899.0
6254.0 4800.0
2121.0 617.0
8467.0 2355.0
8071.0 9494.0
384.0 2258.0
7052.0 2406.0
4184.0 5956.0
8456.0 6596.0
8990.0 3141.0
4619.0 4328.0
6621.0 9473.0
296.0 4096.0
4872.0 5475.0
136.0 4259.0
9907.0 4785.0
7026.0 8552.0
1880.0 2395.0
6639.0 5368.0
381.0 6072.0
6051.0 5222.0
8810.0 6610.0
6768.0 3329.0
9272.0 5076.0
5024.0 6694.0
2108.0 7721.0
4692.0 7629.0
6655.0 1716.0
665.0 8126.0
2342.0 7381.0
3065.0 1976.0
1709.0 5059.0
5113.0 4076.0
9479.0 7320.0
31.0 8811.0
4252.0 9635.0
4820.0 1945.0
1946.0 5207.0
1258.0 2925.0
2576.0 2106.0
6987.0 7014.0
4476.0 3378.0
2020.0 9171.0
2562.0 3295.0
8536.0 4085.0
9747.0 5404.0
4310.0 9282.0
3091.0 550.0
2620.0 723.0
8813.0 5517.0
4000.0 2790.0
2739.0 5476.0
7674.0 7102.0
5316.0 5884.0
3033.0 7044.0
2764.0 2008.0
4005.0 7449.0
8495.0 6737.0
1661.0 1331.0
1381.0 9841.0
2922.0 8091.0
9981.0 4350.0
5712.0 103.0
4327.0 8207.0
3402.0 7105.0
9376.0 1869.0
3909.0 297.0
6714.0 5009.0
1296.0 567.0
3632.0 7995.0
218.0 7763.0
1169.0 6301.0
6079.0 406.0
5210.0 8518.0
6239.0 7792.0
7270.0 1126.0
130.0 8855.0
4031.0 5699.0
8634.0 4744.0
7263.0 6697.0
5560.0 4505.0
8215.0 512.0
6598.0 5782.0
3074.0 8939.0
3572.0 4967.0
8612.0 2727.0
4367.0 3697.0
9603.0 3375.0
1366.0 1123.0
2121.0 3851.0
3761.0 3852.0
9320.0 1368.0
1577.0 7993.0
8795.0 7922.0
1773.0 209.0
3132.0 6712.0
9259.0 7190.0
7737.0 5149.0
8194.0 5470.0
2556.0 7578.0
1402.0 5986.0
6787.0 3408.0
8274.0 314.0
8172.0 8804.0
3990.0 7976.0
996.0 2588.0
5428.0 6741.0
9366.0 9549.0
1600.0 342.0
4891.0 6786.0
8975.0 506.0
362.0 1285.0
4537.0 2724.0
3524.0 9360.0
1924.0 7671.0
7548.0 1152.0
8513.0 2688.0
7315.0 5828.0
3788.0 244.0
3084.0 5656.0
1855.0 2793.0
5684.0 9618.0
3447.0 5927.0
9801.0 9721.0
5268.0 4267.0
4472.0 5675.0
7045.0 6965.0
2395.0 6099.0
9117.0 2280.0
2145.0 6918.0
5929.0 3095.0
9901.0 121.0
3270.0 7821.0
9795.0 8540.0
9622.0 3594.0
4463.0 4808.0
4459.0 1168.0
9927.0 5174.0
8843.0 3437.0
1388.0 1326.0
6196.0 1977.0
9036.0 5897.0
3558.0 8549.0
5493.0 9803.0
6222.0 952.0
8968.0 2097.0
1073.0 5158.0
8742.0 5486.0
6491.0 8133.0
2079.0 3184.0
9170.0 8258.0
4164.0 5259.0
701.0 2776.0
5173.0 5151.0
9276.0 4161.0
1071.0 9504.0
4358.0 9839.0
7241.0 6997.0
4676.0 2163.0
6556.0 4323.0
2384.0 8068.0
5975.0 9990.0
8759.0 305.0
8286.0 9103.0
9258.0 4685.0
8083.0 4790.0
8313.0 233.0
3583.0 4440.0
6701.0 1676.0
8388.0 1415.0
6845.0 6169.0
9789.0 5405.0
3898.0 8685.0
2715.0 7070.0
2956.0 2973.0
928.0 5173.0
5262.0 7502.0
9569.0 6816.0
8742.0 8311.0
5650.0 3995.0
730.0 3162.0
5602.0 2097.0
3239.0 3931.0
1470.0 8527.0
3608.0 6636.0
9868.0 2119.0
5910.0 1025.0
290.0 6503.0
943.0 4131.0
1871.0 3077.0
5168.0 4712.0
217.0 1770.0
1448.0 7989.0
8392.0 237.0
6936.0 2603.0
8664.0 4667.0
5956.0 4186.0
4119.0 7864.0
8249.0 2486.0
1741.0 2756.0
5412.0 1434.0
1054.0 2011.0
897.0 4095.0
4940.0 6910.0
1415.0 6885.0
1718.0 1152.0
100.0 9997.0
103.0 7747.0
4285.0 3434.0
1136.0 9666.0
3233.0 567.0
3683.0 7414.0
3684.0 3630.0
2621.0 9179.0
3575.0 8074.0
1292.0 1733.0
6760.0 5180.0
2341.0 2750.0
4114.0 4863.0
3537.0 7687.0
8844.0 3060.0
7673.0 6917.0
6378.0 640.0
8151.0 1260.0
1676.0 3226.0
4353.0 6585.0
9311.0 3862.0
3403.0 638.0
4179.0 2928.0
7411.0 7775.0
3187.0 2222.0
7811.0 9747.0
765.0 2622.0
893.0 3216.0
3564.0 7241.0
1126.0 7153.0
2181.0 4489.0
1376.0 5794.0
272.0 7960.0
1623.0 5310.0
3897.0 2551.0
272.0 4853.0
6450.0 8732.0
4669.0 5159.0
7033.0 9387.0
9917.0 344.0
2612.0 6119.0
7588.0 1083.0
6821.0 4461.0
8453.0 9825.0
756.0 9885.0
5806.0 1204.0
3611.0 9036.0
8499.0 3320.0
3515.0 3096.0
5292.0 8044.0
1412.0 2703.0
4606.0 1021.0
3342.0 6322.0
6290.0 4525.0
8974.0 6505.0
4508.0 8844.0
6738.0 932.0
3333.0 333.0
8413.0 7663.0
9161.0 6840.0
8517.0 6503.0
6548.0 3622.0
6362.0 906.0
6561.0 5455.0
1108.0 7320.0
9255.0 3078.0
2681.0 1399.0
4369.0 4641.0
3903.0 2983.0
6851.0 5329.0
1686.0 4276.0
6308.0 816.0
7636.0 8116.0
1982.0 2712.0
931.0 5773.0
7358.0 6684.0
8807.0 6172.0
1005.0 6387.0
2524.0 962.0
2741.0 8899.0
9141.0 2347.0
6744.0 9803.0
1979.0 3089.0
5688.0 8583.0
5089.0 593.0
2526.0 7517.0
9614.0 9508.0
9002.0 9695.0
2366.0 9726.0
2514.0 4367.0
9485.0 9225.0
5407.0 252.0
530.0 3646.0
3324.0 9990.0
852.0 7035.0
1687.0 1401.0
2598.0 653.0
1936.0 3699.0
7200.0 9269.0
1612.0 9347.0
4704.0 6864.0
4888.0 4703.0
7782.0 6133.0
2655.0 5124.0
790.0 8733.0
3762.0 2690.0
6711.0 5656.0
1500.0 7223.0
7344.0 9673.0
1961.0 3748.0
4590.0 4238.0
3333.0 2073.0
3174.0 5780.0
7774.0 6650.0
7679.0 8797.0
9929.0 7372.0
9216.0 5655.0
8726.0 4484.0
9601.0 5521.0
1523.0 3263.0
3387.0 9332.0
2225.0 6632.0
590.0 219.0
7472.0 6375.0
5480.0 1304.0
7489.0 6111.0
9273.0 5274.0
708.0 1704.0
7085.0 2655.0
3768.0 7253.0

9090.0 1167.0
2076.0 7567.0
2504.0 734.0
5126.0 6225.0
4426.0 5745.0
6135.0 8453.0
6694.0 2040.0
8972.0 7435.0
9620.0 5536.0
3286.0 3717.0
1560.0 5080.0
51.0 3381.0
5206.0 2371.0
3690.0 8959.0
949.0 5913.0
2396.0 1264.0
168.0 8373.0
721.0 2768.0
3788.0 9284.0
1068.0 5734.0
3964.0 7509.0
3151.0 722.0
9251.0 350.0
3086.0 3677.0
6082.0 8763.0
6120.0 2224.0
1958.0 535.0
9700.0 4361.0
8136.0 5900.0
5904.0 5201.0
2226.0 2456.0
4898.0 9932.0
3508.0 8830.0
3463.0 3658.0
6341.0 8981.0
5244.0 1278.0
9513.0 1582.0
1789.0 3080.0
1876.0 1366.0
5992.0 4210.0
7125.0 1870.0
2036.0 8672.0
3065.0 1495.0
8467.0 1031.0
3226.0 7267.0
3432.0 1482.0
1183.0 3249.0
3771.0 2439.0
397.0 2985.0
1993.0 7336.0
4994.0 7929.0
7765.0 4768.0
9254.0 6233.0
3025.0 3657.0
6229.0 8829.0
2313.0 7615.0
8310.0 2217.0
2402.0 9130.0
5094.0 9877.0
7866.0 6792.0
6403.0 6701.0
1652.0 1189.0
829.0 3388.0
2289.0 7633.0
2624.0 192.0
1810.0 6403.0
2301.0 1933.0
1004.0 3659.0
8817.0 8727.0
1085.0 8679.0
3639.0 9281.0
3407.0 5597.0
9605.0 6244.0
1294.0 318.0
9895.0 5461.0
595.0 5735.0
4956.0 3581.0
8098.0 950.0
7772.0 931.0
9347.0 2650.0
284.0 9052.0
21.0 9288.0
6358.0 4834.0
7430.0 1268.0
9099.0 5640.0
1263.0 2752.0
2925.0 2358.0
5175.0 3293.0
3192.0 9782.0
3303.0 9938.0
8756.0 6214.0
8344.0 2967.0
5343.0 6763.0
274.0 941.0
10004.0 7182.0
7293.0 3206.0
9601.0 7708.0
3157.0 537.0
8604.0 8797.0
7414.0 7070.0
4077.0 3177.0
7733.0 9196.0
8220.0 1117.0
5866.0 9582.0
1281.0 8362.0
1352.0 6965.0
228.0 8589.0
9615.0 4917.0
1004.0 4874.0
3473.0 5201.0
4735.0 7014.0
9739.0 3927.0
731.0 4157.0
4984.0 1142.0
1644.0 4642.0
7033.0 7023.0
8611.0 7479.0
1353.0 349.0
6762.0 2335.0
3896.0 7406.0
3931.0 7531.0
4512.0 1984.0
7924.0 7845.0
7523.0 9651.0
175.0 6642.0
8576.0 1944.0
6194.0 9191.0
9365.0 8647.0
5582.0 6576.0
4325.0 8847.0
7061.0 2149.0
5899.0 3880.0
6264.0 4931.0
7487.0 7883.0
6719.0 6830.0
5667.0 4076.0
6853.0 3168.0
5802.0 7481.0
8345.0 8360.0
7618.0 7185.0
3705.0 1202.0
9882.0 3870.0
3444.0 6666.0
5738.0 730.0
5622.0 3619.0
2860.0 8463.0
3224.0 370.0
4958.0 7499.0
7114.0 2490.0
3815.0 3106.0
5005.0 9771.0
3366.0 1585.0
9223.0 1789.0
14.0 8166.0
8678.0 3938.0
5701.0 9795.0
2860.0 8398.0
2906.0 8486.0
8195.0 6901.0
3123.0 3379.0
9690.0 4740.0
2938.0 2181.0
3098.0 7939.0
4308.0 5151.0
5570.0 7978.0
8143.0 7293.0
5083.0 989.0
2789.0 6928.0
1498.0 860.0
1517.0 1286.0
4629.0 8127.0
5618.0 2330.0
7132.0 9115.0
2196.0 8405.0
2623.0 2174.0
8295.0 9949.0
1814.0 500.0
5406.0 9881.0
2065.0 3394.0
1008.0 1843.0
8174.0 412.0
6217.0 1982.0
4784.0 5295.0
1144.0 2395.0
3231.0 9114.0
2079.0 6936.0
8208.0 4530.0
7093.0 2527.0
2068.0 5574.0
9150.0 1669.0
7166.0 9906.0
8349.0 4261.0
9022.0 2887.0
7402.0 9442.0
5735.0 5481.0
6895.0 620.0
1422.0 303.0
9536.0 9293.0
4116.0 2783.0
4868.0 5910.0
876.0 6868.0
8668.0 8364.0
5567.0 7112.0
3533.0 1324.0
7074.0 1659.0
9820.0 2058.0
8353.0 2950.0
8526.0 907.0
9151.0 5614.0
177.0 7071.0
7747.0 3468.0
6398.0 2886.0
9580.0 9974.0
3163.0 2244.0
3078.0 9157.0
7447.0 1325.0
5606.0 6322.0
1275.0 2299.0
4798.0 526.0
9837.0 3164.0
3217.0 3215.0
2736.0 9400.0
6607.0 9924.0
9999.0 5578.0
8657.0 4451.0
6914.0 7591.0
7599.0 7461.0
4338.0 8707.0
2476.0 3879.0
3539.0 5055.0
9473.0 6026.0
7212.0 8736.0
1121.0 1876.0
717.0 9248.0
3751.0 406.0
210.0 6319.0
1055.0 8374.0
6706.0 9891.0
4063.0 5516.0
7715.0 5358.0
445.0 7516.0
523.0 4774.0
8447.0 8710.0
3757.0 7137.0
3345.0 8904.0
6300.0 3465.0
6720.0 1228.0
5164.0 4803.0
1466.0 458.0
6456.0 3823.0
7846.0 3701.0
5978.0 3197.0
8439.0 7856.0
8636.0 6393.0
2377.0 792.0
8185.0 9054.0
1654.0 5605.0
1468.0 1642.0
4925.0 9933.0
3724.0 6516.0
6614.0 4684.0
4077.0 5049.0
1665.0 9142.0
2788.0 3047.0
8843.0 1809.0
4410.0 5035.0
7877.0 8967.0
3402.0 653.0
8330.0 5293.0
1343.0 8765.0
541.0 3520.0
7312.0 7489.0
1492.0 2501.0
5575.0 787.0
952.0 5614.0
7143.0 4793.0
5721.0 3919.0
4317.0 9525.0
2396.0 995.0
9851.0 4180.0
1419.0 8824.0
4766.0 6629.0
7842.0 6697.0
1484.0 304.0
6602.0 7529.0
1361.0 4164.0
2689.0 8468.0
8192.0 3837.0
9044.0 5275.0
1845.0 4672.0
7547.0 2322.0
8564.0 9828.0
943.0 2683.0
7103.0 9065.0
6053.0 5181.0
2235.0 6410.0
1141.0 7836.0
9792.0 7373.0
2740.0 9623.0
9787.0 8841.0
9874.0 4942.0
6761.0 7357.0
5924.0 7729.0
8935.0 3916.0
1073.0 4611.0
262.0 5959.0
643.0 9030.0
2012.0 9724.0
7183.0 735.0
2946.0 8613.0
6646.0 7568.0
9729.0 5750.0
1546.0 8956.0
1646.0 1393.0
6392.0 3030.0
6236.0 8341.0
3301.0 1754.0
4962.0 1040.0
8112.0 1024.0
469.0 6514.0
9843.0 5117.0
9617.0 7808.0
8900.0 7421.0
8779.0 3113.0
1804.0 1834.0
616.0 6191.0
2857.0 1810.0
3857.0 6334.0
5581.0 6367.0
195.0 8469.0
9245.0 5072.0
4949.0 6581.0
8400.0 6343.0
535.0 6143.0
5705.0 6024.0
4365.0 3689.0
934.0 5634.0
5303.0 4200.0
1516.0 2192.0
5249.0 9490.0
2431.0 4055.0
4952.0 3217.0
5866.0 9668.0
5681.0 729.0
3406.0 8644.0
821.0 4353.0
6196.0 7081.0
4034.0 7348.0
860.0 1553.0
3029.0 2154.0
1561.0 8656.0
633.0 1097.0
1045.0 9548.0
7146.0 238.0
6031.0 1389.0
706.0 9514.0
4766.0 95.0
4663.0 4821.0
7147.0 1317.0
3620.0 250.0
214.0 9063.0
2244.0 1084.0
4395.0 3881.0
3401.0 755.0
8347.0 5012.0
4777.0 7412.0
2734.0 3412.0
5548.0 8290.0
5813.0 5100.0
7207.0 2473.0
6158.0 6696.0
5151.0 5326.0
399.0 7586.0
149.0 145.0
6297.0 5647.0
1260.0 5271.0
4038.0 5915.0
4316.0 7299.0
1061.0 4101.0
2587.0 3545.0
8328.0 9437.0
8702.0 9445.0
8309.0 3675.0
9461.0 9035.0
7619.0 5714.0
7591.0 9205.0
9580.0 3761.0
7104.0 860.0
4625.0 9411.0
1318.0 2663.0
8843.0 603.0
5163.0 5530.0
3568.0 2820.0
5853.0 8542.0
1298.0 486.0
8556.0 9420.0
5875.0 2956.0
6142.0 5257.0
7206.0 2013.0
4602.0 1629.0
3413.0 285.0
8272.0 801.0
5770.0 2505.0
1428.0 2155.0
4247.0 4018.0
5388.0 496.0
4047.0 3469.0
2685.0 454.0
5959.0 9039.0
2434.0 7580.0
5897.0 211.0
3525.0 9337.0
1485.0 9414.0
4654.0 1658.0
5987.0 513.0
2903.0 9205.0
2514.0 3515.0
4893.0 9.0
3797.0 7433.0
7141.0 7664.0
5403.0 5726.0
4708.0 6725.0
2726.0 1196.0
9784.0 9469.0
4647.0 9786.0
4228.0 4717.0
9167.0 5191.0
2756.0 1826.0
8883.0 8686.0
5826.0 5574.0
6675.0 1073.0
3805.0 51.0
4428.0 6206.0
6592.0 2263.0
151.0 7954.0
5214.0 8577.0
1363.0 5047.0
4566.0 9690.0
5065.0 714.0
8838.0 2299.0
7163.0 6538.0
3784.0 8101.0
6721.0 2399.0
2394.0 3305.0
2841.0 6986.0
3097.0 4349.0
4570.0 5724.0
2070.0 7917.0
6658.0 5589.0
3794.0 6005.0
6539.0 8678.0
6404.0 9116.0
357.0 8981.0
999.0 3321.0
8424.0 9240.0
6449.0 9298.0
2941.0 7352.0
3864.0 4042.0
3316.0 4172.0
7256.0 8394.0
6992.0 7192.0
9563.0 6070.0
6048.0 6948.0
5602.0 2333.0
2521.0 5626.0
6046.0 2992.0
7706.0 9747.0
9050.0 6873.0
3369.0 1352.0
8613.0 7443.0
5161.0 4589.0
1269.0 1748.0
1128.0 7171.0
5251.0 7322.0
648.0 8526.0
8656.0 216.0
1635.0 9145.0
5792.0 9872.0
6393.0 7978.0
3244.0 8915.0
8957.0 7325.0
9816.0 8608.0
9253.0 7135.0
6897.0 3091.0
1965.0 3101.0
8389.0 8079.0
425.0 5494.0
1795.0 2180.0
8408.0 8148.0
4555.0 1507.0
5167.0 9470.0
2221.0 729.0
1554.0 9969.0
7634.0 6256.0
7588.0 3119.0
2606.0 9682.0
4341.0 9054.0
6311.0 2180.0
5442.0 2962.0
6897.0 3008.0
6104.0 2611.0
5502.0 7780.0
9992.0 1914.0
4197.0 4680.0
6806.0 9943.0
2026.0 9260.0
5899.0 7319.0
5690.0 1019.0
3830.0 4383.0
4034.0 7398.0
6143.0 8060.0
7868.0 3369.0
6297.0 6848.0
9282.0 7287.0
7006.0 5808.0
7037.0 6144.0
1942.0 6014.0
7129.0 5928.0
8064.0 5347.0
122.0 5208.0
1495.0 54.0
9373.0 2659.0
2243.0 9002.0
6739.0 1622.0
5648.0 5007.0
4853.0 7456.0
907.0 185.0
7595.0 5738.0
9512.0 4738.0
2849.0 2075.0
8971.0 1033.0
4136.0 6629.0
9648.0 7500.0
256.0 9040.0
5080.0 9134.0
4504.0 1906.0
8626.0 4106.0
7576.0 3495.0
1798.0 8374.0
789.0 2841.0
2120.0 2681.0
8668.0 2895.0
864.0 8886.0
2553.0 9886.0
3540.0 5036.0
9300.0 9567.0
8458.0 1078.0
1662.0 3511.0
1221.0 9641.0
9504.0 1100.0
5534.0 8791.0
3389.0 5407.0
3120.0 6192.0
4692.0 3599.0
8168.0 6543.0
8812.0 5045.0
4083.0 6780.0
584.0 2792.0
2969.0 5868.0
3515.0 6569.0
634.0 8674.0
6915.0 7982.0
2506.0 5779.0
7555.0 1066.0
8301.0 3686.0
4930.0 3859.0
5786.0 2307.0
1734.0 9164.0
6498.0 9155.0
3673.0 5152.0
8774.0 2159.0
5158.0 8992.0
5929.0 5518.0
67.0 9144.0
9944.0 5479.0
9078.0 4502.0
3531.0 5502.0
7771.0 1034.0
5875.0 2687.0
2022.0 9113.0
9974.0 9892.0
9843.0 7145.0
1878.0 453.0
1232.0 9735.0
4682.0 4925.0
173.0 991.0
2672.0 1747.0
5356.0 6146.0
3398.0 6266.0
8727.0 7196.0
8098.0 5003.0
3474.0 678.0
3290.0 4604.0
5557.0 8262.0
8865.0 7376.0
5364.0 3326.0
596.0 7826.0
8617.0 9184.0
7335.0 7111.0
8106.0 7129.0
5811.0 4821.0
369.0 4925.0
8357.0 8.0
3927.0 8969.0
1408.0 5866.0
8154.0 5733.0
5135.0 4987.0
4383.0 684.0
7087.0 4608.0
3385.0 5326.0
5126.0 3754.0
5782.0 5546.0
7596.0 6677.0
4513.0 6908.0
995.0 9570.0
943.0 5083.0
8059.0 9866.0
8767.0 2047.0
1588.0 135.0
2207.0 1257.0
1855.0 937.0
7721.0 7409.0
7969.0 9546.0
748.0 9004.0
6038.0 4009.0
1611.0 4333.0
9470.0 4374.0
7191.0 4098.0
9292.0 5576.0
7465.0 6269.0
4802.0 8849.0
8496.0 1403.0
7433.0 1095.0
6014.0 9053.0
3184.0 4127.0
6138.0 8440.0
1435.0 8191.0
2394.0 9051.0
537.0 6676.0
579.0 9334.0
3008.0 1464.0
5629.0 4139.0
5687.0 758.0
7029.0 4096.0
2710.0 3899.0
1924.0 2548.0
1637.0 10001.0
7493.0 8264.0
5606.0 9870.0
6718.0 4543.0
6853.0 3096.0
4110.0 7895.0
9450.0 4750.0
550.0 1974.0
1607.0 8575.0
8779.0 4904.0
419.0 6120.0
3706.0 671.0
4350.0 3694.0
4074.0 7759.0
1381.0 1586.0
4648.0 674.0
3115.0 2437.0
455.0 2525.0
7710.0 8197.0
7246.0 9342.0
6994.0 7587.0
4747.0 9264.0
5620.0 8450.0
1785.0 2298.0
2602.0 1935.0
4942.0 8780.0
8070.0 7916.0
4775.0 7228.0
631.0 3557.0
6258.0 4723.0
3170.0 9453.0
2527.0 5528.0
7410.0 224.0
3505.0 6035.0
159.0 9034.0
3556.0 6807.0
6508.0 7888.0
4734.0 4757.0
7904.0 8163.0
4736.0 1248.0
5397.0 8282.0
1176.0 4183.0
947.0 7904.0
6259.0 4804.0
2126.0 621.0
8471.0 2361.0
8076.0 9499.0
389.0 2264.0
7058.0 2411.0
4189.0 5960.0
8460.0 6600.0
8996.0 3146.0
4623.0 4332.0
6627.0 9478.0
300.0 4100.0
4877.0 5479.0
141.0 4264.0
9912.0 4791.0
7030.0 8556.0
1884.0 2400.0
6645.0 5372.0
385.0 6077.0
6055.0 5228.0
8816.0 6616.0
6773.0 3334.0
9278.0 5082.0
5029.0 6699.0
2113.0 7726.0
4697.0 7634.0
6661.0 1721.0
670.0 8132.0
2346.0 7386.0
3070.0 1981.0
1714.0 5063.0
5118.0 4082.0
9484.0 7325.0
35.0 8816.0
4256.0 9641.0
4825.0 1951.0
1952.0 5211.0
1263.0 2930.0
2581.0 2111.0
6993.0 7020.0
4481.0 3384.0
2025.0 9176.0
2568.0 3300.0
8542.0 4090.0
9753.0 5410.0
4316.0 9288.0
3097.0 556.0
2625.0 728.0
8818.0 5523.0
4005.0 2795.0
2743.0 5480.0
7679.0 7108.0
5321.0 5889.0
3038.0 7049.0
2770.0 2014.0
4011.0 7453.0
8499.0 6743.0
1666.0 1336.0
1387.0 9845.0
2926.0 8095.0
9987.0 4355.0
5716.0 107.0
4333.0 8213.0
3408.0 7110.0
9381.0 1874.0
3914.0 302.0
6719.0 5014.0
1302.0 573.0
3636.0 8001.0
223.0 7768.0
1174.0 6305.0
6085.0 411.0
5215.0 8523.0
6243.0 7797.0
7275.0 1131.0
134.0 8860.0
4035.0 5705.0
8639.0 4749.0
7269.0 6702.0
5566.0 4510.0
8220.0 518.0
6603.0 5787.0
3079.0 8944.0
3577.0 4972.0
8616.0 2733.0
4372.0 3703.0
9607.0 3381.0
1370.0 1127.0
2125.0 3857.0
3765.0 3856.0
9326.0 1373.0
1582.0 7997.0
8801.0 7928.0
1777.0 214.0
3136.0 6717.0
9264.0 7196.0
7743.0 5153.0
8198.0 5474.0
2561.0 7582.0
1406.0 5992.0
6792.0 3414.0
8279.0 319.0
8177.0 8809.0
3995.0 7981.0
1000.0 2592.0
5433.0 6745.0
9372.0 9554.0
1606.0 347.0
4897.0 6791.0
8980.0 511.0
366.0 1289.0
4542.0 2728.0
3528.0 9364.0
1929.0 7675.0
7553.0 1157.0
8519.0 2693.0
7320.0 5832.0
3794.0 249.0
3088.0 5662.0
1860.0 2798.0
5689.0 9622.0
3451.0 5931.0
9807.0 9725.0
5273.0 4272.0
4476.0 5679.0
7051.0 6969.0
2399.0 6104.0
9122.0 2284.0
2149.0 6922.0
5934.0 3101.0
9907.0 125.0
3274.0 7825.0
9800.0 8545.0
9627.0 3598.0
4468.0 4812.0
4464.0 1174.0
9933.0 5178.0
8848.0 3442.0
1393.0 1332.0
6201.0 1983.0
9041.0 5902.0
3563.0 8555.0
5499.0 9809.0
6228.0 957.0
8974.0 2102.0
1079.0 5164.0
8747.0 5490.0
6497.0 8138.0
2084.0 3188.0
9175.0 8263.0
4168.0 5264.0
705.0 2781.0
5179.0 5156.0
9282.0 4167.0
1076.0 9510.0
4363.0 9845.0
7246.0 7002.0
4680.0 2167.0
6562.0 4328.0
2389.0 8073.0
5981.0 9996.0
8763.0 310.0
8291.0 9108.0
9263.0 4691.0
8088.0 4796.0
8318.0 237.0
3588.0 4445.0
6706.0 1682.0
8394.0 1419.0
6850.0 6173.0
9794.0 5410.0
3902.0 8690.0
2720.0 7074.0
2961.0 2978.0
933.0 5179.0
5268.0 7507.0
9575.0 6822.0
8747.0 8315.0
5656.0 4000.0
736.0 3167.0
5606.0 2102.0
3244.0 3937.0
1475.0 8532.0
3614.0 6642.0
9873.0 2125.0
5914.0 1031.0
294.0 6508.0
949.0 4135.0
1876.0 3082.0
5172.0 4717.0
223.0 1776.0
1453.0 7995.0
8396.0 242.0
6940.0 2609.0
8670.0 4671.0
5961.0 4192.0
4124.0 7868.0
8254.0 2491.0
1746.0 2761.0
5417.0 1439.0
1058.0 2015.0
901.0 4100.0
4944.0 6915.0
1421.0 6890.0
1722.0 1157.0
105.0 10003.0
109.0 7752.0
4291.0 3439.0
1140.0 9671.0
3238.0 572.0
3688.0 7420.0
3688.0 3634.0
2627.0 9185.0
3580.0 8078.0
1297.0 1738.0
6765.0 5185.0
2346.0 2756.0
4119.0 4868.0
3541.0 7691.0
8849.0 3065.0
7677.0 6923.0
6383.0 646.0
8156.0 1264.0
1680.0 3231.0
4358.0 6589.0
9316.0 3867.0
3408.0 643.0
4184.0 2933.0
7416.0 7780.0
3193.0 2227.0
7817.0 9753.0
769.0 2627.0
898.0 3221.0
3570.0 7246.0
1130.0 7159.0
2186.0 4495.0
1381.0 5800.0
276.0 7964.0
1629.0 5316.0
3902.0 2557.0
277.0 4859.0
6454.0 8737.0
4674.0 5165.0
7038.0 9392.0
9922.0 350.0
2616.0 6123.0
7593.0 1088.0
6826.0 4465.0
8457.0 9829.0
761.0 9890.0
5811.0 1209.0
3615.0 9041.0
8504.0 3325.0
3520.0 3101.0
5296.0 8048.0
1418.0 2708.0
4611.0 1026.0
3347.0 6326.0
6295.0 4531.0
8979.0 6510.0
4514.0 8850.0
6743.0 937.0
3338.0 337.0
8417.0 7668.0
9166.0 6844.0
8522.0 6508.0
6554.0 3626.0
6367.0 911.0
6566.0 5459.0
1114.0 7326.0
9260.0 3083.0
2685.0 1404.0
4374.0 4645.0
3909.0 2988.0
6855.0 5335.0
1691.0 4280.0
6314.0 820.0
7640.0 8120.0
1986.0 2717.0
937.0 5777.0
7362.0 6690.0
8812.0 6177.0
1010.0 6392.0
2528.0 966.0
2747.0 8905.0
9147.0 2352.0
6750.0 9807.0
1985.0 3094.0
5693.0 8588.0
5094.0 598.0
2531.0 7522.0
9619.0 9513.0
9007.0 9700.0
2371.0 9732.0
2519.0 4373.0
9490.0 9230.0
5412.0 258.0
535.0 3652.0
3330.0 9995.0
858.0 7041.0
1692.0 1406.0
2603.0 658.0
1940.0 3704.0
7204.0 9274.0
1617.0 9353.0
4709.0 6869.0
4894.0 4707.0
7788.0 6139.0
2660.0 5128.0
796.0 8738.0
3768.0 2694.0
6715.0 5661.0
1506.0 7228.0
7349.0 9678.0
1966.0 3753.0
4594.0 4243.0
3338.0 2078.0
3179.0 5786.0
7780.0 6654.0
7684.0 8801.0
9933.0 7376.0
9222.0 5660.0
8731.0 4489.0
9605.0 5526.0
1527.0 3269.0
3393.0 9338.0
2230.0 6638.0
595.0 224.0
7478.0 6380.0
5484.0 1308.0
7493.0 6115.0
9278.0 5279.0
714.0 1710.0
7091.0 2660.0
3773.0 7258.0
