1
1024 1 3.0 0.0 1000.0 3 160 240 100

6.5 13.5 29.3 58.5
13.0 27.0 58.5 117.0
19.5 40.5 87.8 175.5
26.0 54.0 117.0 234.0
39.0 81.0 175.5 351.0
52.0 108.0 234.0 468.0
58.5 121.5 263.3 526.5
65.0 135.0 292.5 585.0
78.0 162.0 351.0 702.0
0.0 180.0 390.0 780.0

2.0 5.0 8.0 11.0
5.0 8.0 11.0 14.0
9.0 12.0 15.0 18.0
11.0 14.0 17.0 20.0
15.0 18.0 21.0 24.0
18.0 21.0 24.0 27.0
20.0 23.0 26.0 29.0
25.0 28.0 31.0 34.0
29.0 32.0 35.0 38.0
0.0 34.0 37.0 40.0

8411.0 7311.0
6777.0 393.0
9850.0 5213.0
3970.0 11.0
1629.0 7612.0
4979.0 5927.0
1034.0 1937.0
6884.0 3108.0
288.0 4515.0
882.0 9565.0
9870.0 7150.0
1585.0 8277.0
8562.0 817.0
2898.0 1860.0
562.0 3346.0
2078.0 8140.0
2515.0 541.0
6087.0 7290.0
5833.0 2635.0
6823.0 3701.0
2120.0 495.0
4344.0 8252.0
2091.0 8488.0
9688.0 9135.0
815.0 3439.0
1372.0 1911.0
4631.0 1569.0
2199.0 1942.0
7607.0 7852.0
5447.0 4894.0
7875.0 4683.0
2066.0 3439.0
6702.0 9296.0
2966.0 844.0
5654.0 1816.0
3010.0 4612.0
9684.0 8389.0
5798.0 5816.0
6529.0 6281.0
871.0 2321.0
5229.0 372.0
7404.0 6531.0
9152.0 2962.0
1011.0 846.0
1357.0 1285.0
2763.0 6479.0
2658.0 9668.0
2002.0 3800.0
5228.0 5736.0
7080.0 4878.0
7110.0 2575.0
603.0 1377.0
5472.0 1280.0
8284.0 3475.0
8970.0 783.0
3028.0 7965.0
2059.0 4396.0
8313.0 6210.0
6616.0 4965.0
7506.0 5104.0
8711.0 3062.0
8191.0 6722.0
897.0 5123.0
3121.0 4797.0
2849.0 940.0
1893.0 8714.0
5726.0 2442.0
9949.0 8170.0
8084.0 8152.0
4001.0 4164.0
3714.0 252.0
5485.0 4491.0
4240.0 3668.0
6144.0 4390.0
1839.0 9080.0
2348.0 5529.0
9925.0 4286.0
7233.0 8967.0
2159.0 815.0
2291.0 279.0
2632.0 5224.0
2480.0 7494.0
2562.0 6971.0
1486.0 5022.0
1385.0 7302.0
6210.0 9215.0
2553.0 6045.0
2107.0 3752.0
6924.0 5736.0
3459.0 5488.0
9082.0 4989.0
5198.0 3946.0
4426.0 5526.0
5365.0 110.0
7413.0 9772.0
9830.0 2684.0
3766.0 8448.0
3343.0 2487.0
2030.0 50.0
3550.0 8130.0
2317.0 6652.0
7051.0 8665.0
2581.0 2935.0
9116.0 1351.0
5293.0 7854.0
1150.0 5204.0
9859.0 867.0
2522.0 3503.0
8625.0 7133.0
5845.0 907.0
6833.0 8589.0
7315.0 3354.0
9378.0 333.0
6218.0 1401.0
9704.0 4216.0
191.0 171.0
8712.0 4060.0
5354.0 1570.0
4008.0 9418.0
2898.0 6945.0
2371.0 7286.0
6253.0 835.0
757.0 3691.0
5409.0 8985.0
3727.0 9551.0
7526.0 6293.0
7619.0 7742.0
5396.0 2844.0
4344.0 769.0
7892.0 8702.0
134.0 967.0
8988.0 616.0
7102.0 7634.0
4451.0 6318.0
7975.0 8031.0
7821.0 4565.0
6837.0 1628.0
9758.0 1588.0
1243.0 9556.0
7378.0 7125.0
3545.0 3632.0
2673.0 5688.0
1802.0 1907.0
1609.0 1236.0
3100.0 134.0
8014.0 5917.0
4656.0 1073.0
8854.0 6039.0
535.0 6046.0
9991.0 942.0
4360.0 5661.0
4043.0 2923.0
839.0 9115.0
4425.0 8894.0
1476.0 3987.0
2192.0 6920.0
2314.0 943.0
4770.0 3315.0
4062.0 262.0
8188.0 8452.0
7456.0 9598.0
6908.0 1956.0
9207.0 4890.0
7856.0 435.0
6384.0 8839.0
7747.0 3431.0
9596.0 3861.0
5324.0 5729.0
7801.0 8935.0
2595.0 6717.0
123.0 2250.0
1674.0 9937.0
2501.0 4084.0
6336.0 8506.0
9539.0 6809.0
9876.0 4565.0
4409.0 1443.0
3384.0 3417.0
2138.0 2673.0
1024.0 5527.0
4165.0 6746.0
1435.0 2043.0
4482.0 9158.0
6845.0 1998.0
245.0 1538.0
4000.0 1868.0
2172.0 9664.0
3514.0 632.0
2619.0 6998.0
6735.0 6024.0
1645.0 679.0
1741.0 114.0
3952.0 9371.0
2551.0 4902.0
2024.0 4886.0
8163.0 1078.0
3341.0 2000.0
523.0 5617.0
1997.0 3368.0
3013.0 6370.0
7592.0 8958.0
3580.0 4319.0
6739.0 1918.0
9085.0 6660.0
5038.0 5284.0
9991.0 6365.0
9875.0 6452.0
6984.0 6414.0
6892.0 8819.0
3630.0 9332.0
5478.0 2517.0
1668.0 5212.0
1141.0 8643.0
8043.0 3888.0
5106.0 3907.0
5278.0 9413.0
3985.0 5114.0
9292.0 7514.0
4886.0 5378.0
1257.0 9185.0
3800.0 6509.0
2599.0 6077.0
7623.0 4462.0
4756.0 5870.0
2658.0 7271.0
7768.0 8252.0
4962.0 7390.0
4334.0 4715.0
374.0 2845.0
8406.0 7796.0
4583.0 4109.0
9944.0 7946.0
6094.0 6129.0
9924.0 8682.0
7430.0 7402.0
2204.0 3197.0
2429.0 522.0
1338.0 8073.0
9991.0 1114.0
7966.0 2287.0
7117.0 4568.0
5848.0 2150.0
6604.0 2476.0
7170.0 5356.0
7233.0 3210.0
5212.0 9801.0
6814.0 3529.0
5980.0 5343.0
934.0 643.0
2907.0 9149.0
2759.0 6653.0
1221.0 7821.0
1745.0 9762.0
1083.0 1938.0
1604.0 9196.0
1099.0 1188.0
382.0 3223.0
6302.0 770.0
8003.0 2207.0
7210.0 2197.0
9116.0 1096.0
9063.0 4195.0
1615.0 8264.0
2836.0 1849.0
3672.0 122.0
2127.0 4650.0
4642.0 3410.0
2536.0 6633.0
7676.0 9579.0
2618.0 4246.0
4422.0 8191.0
8024.0 120.0
4630.0 8736.0
2924.0 3418.0
6049.0 2788.0
5328.0 9903.0
2435.0 918.0
5379.0 7414.0
42.0 1261.0
8253.0 4893.0
5445.0 9174.0
5740.0 5643.0
40.0 9883.0
3122.0 7969.0
9071.0 8538.0
448.0 8874.0
5551.0 4588.0
9805.0 8972.0
1910.0 9898.0
2683.0 9281.0
4732.0 2510.0
4048.0 3058.0
428.0 469.0
2205.0 8349.0
2205.0 2630.0
6077.0 9400.0
1168.0 5857.0
3981.0 7621.0
6922.0 522.0
507.0 5237.0
5510.0 8734.0
612.0 7308.0
5058.0 2198.0
2521.0 282.0
1957.0 9115.0
3535.0 7736.0
2951.0 2062.0
5357.0 6477.0
973.0 1229.0
8025.0 8661.0
5080.0 9960.0
4070.0 8102.0
7350.0 1996.0
6979.0 1425.0
2076.0 2331.0
591.0 7234.0
5121.0 6109.0
8495.0 8961.0
3780.0 2462.0
5071.0 9554.0
5.0 2711.0
2235.0 8664.0
2335.0 4843.0
8520.0 5515.0
4399.0 8676.0
9579.0 3095.0
321.0 8626.0
1721.0 1854.0
9903.0 3495.0
2569.0 3553.0
8922.0 5184.0
5454.0 8455.0
2388.0 758.0
6642.0 1486.0
1141.0 4768.0
6991.0 5570.0
4599.0 1243.0
2150.0 2762.0
5049.0 7275.0
7888.0 6384.0
1300.0 2601.0
9669.0 9788.0
2072.0 2105.0
8064.0 9940.0
1959.0 645.0
4103.0 6479.0
5322.0 2130.0
1175.0 9406.0
5969.0 7246.0
2568.0 1084.0
2960.0 6762.0
6264.0 699.0
5409.0 9818.0
1071.0 1856.0
1606.0 9116.0
715.0 6464.0
347.0 7420.0
4977.0 583.0
4782.0 2287.0
9486.0 395.0
1677.0 8444.0
8265.0 8959.0
1397.0 9713.0
5635.0 6918.0
6500.0 4917.0
6572.0 2818.0
9268.0 4657.0
7132.0 1215.0
1039.0 8400.0
9027.0 9212.0
8686.0 3773.0
4968.0 4613.0
6099.0 2485.0
3873.0 1344.0
1015.0 9789.0
7539.0 308.0
60.0 6900.0
2881.0 6348.0
7334.0 8281.0
6337.0 4456.0
4416.0 8210.0
9550.0 930.0
2115.0 3551.0
7913.0 7605.0
6843.0 2124.0
6095.0 9851.0
6940.0 8612.0
7139.0 1484.0
6817.0 2400.0
4230.0 2264.0
9264.0 4268.0
6757.0 6141.0
8767.0 1354.0
4734.0 909.0
1205.0 2296.0
8219.0 2437.0
7759.0 6970.0
806.0 9146.0
3388.0 7736.0
8808.0 4882.0
2736.0 1610.0
216.0 857.0
8809.0 5273.0
59.0 9833.0
2279.0 7328.0
1238.0 8185.0
1760.0 4730.0
2463.0 4039.0
7921.0 2784.0
7373.0 2129.0
6774.0 654.0
1458.0 8537.0
9992.0 6759.0
5866.0 996.0
2620.0 1012.0
9716.0 2899.0
1006.0 3275.0
5004.0 1697.0
6335.0 9981.0
711.0 4835.0
1586.0 3310.0
5212.0 8900.0
2291.0 9844.0
8585.0 141.0
3929.0 8122.0
8931.0 7029.0
1310.0 6988.0
9294.0 8006.0
7811.0 9172.0
4290.0 119.0
4804.0 6997.0
8048.0 6663.0
4129.0 9643.0
7560.0 4526.0
8970.0 3859.0
8041.0 4395.0
980.0 2570.0
9408.0 9475.0
4010.0 8259.0
5469.0 897.0
7288.0 564.0
9932.0 477.0
3404.0 9988.0
5833.0 3982.0
8957.0 2144.0
7482.0 584.0
8205.0 9445.0
6536.0 6642.0
2577.0 9661.0
6284.0 4502.0
1393.0 3241.0
770.0 9460.0
1655.0 3835.0
7836.0 556.0
7247.0 8909.0
7688.0 3376.0
399.0 9886.0
1105.0 5502.0
776.0 3712.0
3864.0 7800.0
29.0 269.0
6509.0 7193.0
2174.0 2552.0
1049.0 9084.0
2635.0 9010.0
8689.0 102.0
1321.0 9985.0
5209.0 4332.0
7569.0 2643.0
3068.0 8684.0
7324.0 1331.0
1858.0 5579.0
5384.0 2752.0
1198.0 3604.0
8092.0 7894.0
2672.0 9308.0
4297.0 5109.0
9906.0 5803.0
4955.0 1272.0
8402.0 6325.0
4211.0 418.0
9213.0 3429.0
7320.0 1782.0
3069.0 6981.0
3257.0 1658.0
4056.0 6606.0
2365.0 5976.0
4448.0 6756.0
1890.0 3030.0
4792.0 5068.0
4772.0 8262.0
5848.0 7176.0
9514.0 5505.0
1492.0 3631.0
1506.0 1630.0
4172.0 7103.0
8649.0 3970.0
7028.0 528.0
6620.0 2474.0
9274.0 9359.0
1643.0 978.0
3941.0 3589.0
1111.0 4519.0
9595.0 7712.0
4912.0 2103.0
107.0 9277.0
2809.0 6848.0
9104.0 9212.0
5728.0 7894.0
8185.0 9569.0
1306.0 1032.0
509.0 6871.0
6543.0 7424.0
3859.0 1697.0
2926.0 2361.0
9775.0 7706.0
1853.0 8453.0
7868.0 5731.0
732.0 175.0
6914.0 1126.0
2595.0 9182.0
6821.0 5024.0
4572.0 2300.0
8082.0 2671.0
3096.0 6616.0
7808.0 4501.0
6166.0 8580.0
3947.0 8108.0
5547.0 6523.0
1791.0 1801.0
4229.0 8518.0
9362.0 2871.0
7026.0 9995.0
796.0 6273.0
4637.0 8012.0
9313.0 1856.0
4054.0 1618.0
3882.0 822.0
629.0 197.0
6171.0 4572.0
9694.0 4232.0
6908.0 1606.0
8048.0 5383.0
3219.0 635.0
8188.0 5303.0
1083.0 583.0
623.0 5105.0
9474.0 619.0
2130.0 9890.0
5310.0 5916.0
291.0 5260.0
803.0 7261.0
7183.0 5214.0
7314.0 5222.0
7552.0 3358.0
2317.0 2006.0
9333.0 1832.0
8565.0 6679.0
6870.0 4871.0
7067.0 1922.0
9680.0 6414.0
7982.0 2976.0
2112.0 3679.0
6016.0 1947.0
1770.0 1111.0
9438.0 3126.0
7021.0 1623.0
4310.0 7503.0
6469.0 4539.0
8039.0 7120.0
5731.0 2158.0
8835.0 2450.0
9368.0 9351.0
205.0 8440.0
8325.0 3105.0
2058.0 7404.0
5736.0 1423.0
2535.0 9419.0
6428.0 3510.0
7167.0 3391.0
8006.0 5632.0
4458.0 4454.0
3835.0 9598.0
9493.0 5867.0
803.0 3240.0
9680.0 6073.0
7190.0 4837.0
9221.0 4082.0
8512.0 5878.0
1414.0 8848.0
1689.0 9091.0
392.0 795.0
379.0 1134.0
6399.0 6165.0
6838.0 1888.0
1196.0 7346.0
8158.0 4738.0
2716.0 4844.0
7233.0 4781.0
550.0 9074.0
1296.0 4355.0
6384.0 2609.0
3395.0 7816.0
5969.0 6089.0
4650.0 9972.0
1747.0 3410.0
7636.0 5093.0
7719.0 4396.0
3757.0 5895.0
657.0 5596.0
9960.0 4440.0
4272.0 2371.0
2627.0 9338.0
5433.0 7947.0
9015.0 6181.0
4034.0 7585.0
9084.0 622.0
623.0 8543.0
3071.0 6006.0
8377.0 8982.0
2649.0 9973.0
8546.0 1497.0
6048.0 6945.0
948.0 9412.0
9954.0 5915.0
3628.0 6536.0
3577.0 5443.0
8277.0 3509.0
2700.0 279.0
520.0 6432.0
4098.0 6535.0
6664.0 5924.0
3151.0 4798.0
1015.0 7284.0
8.0 3125.0
365.0 4911.0
2172.0 4312.0
4747.0 6656.0
3831.0 4364.0
6062.0 6261.0
4802.0 1575.0
8681.0 4560.0
4443.0 8131.0
8620.0 2592.0
8367.0 8659.0
392.0 2300.0
8330.0 2617.0
3138.0 2983.0
8131.0 9964.0
134.0 4154.0
880.0 2005.0
8285.0 7972.0
5488.0 1828.0
6695.0 6921.0
2724.0 1260.0
5928.0 4889.0
3694.0 3736.0
2048.0 2313.0
6104.0 5014.0
2049.0 8559.0
6134.0 6134.0
9780.0 7197.0
6297.0 5553.0
3947.0 2339.0
2129.0 9844.0
2321.0 6695.0
3056.0 4909.0
8732.0 4523.0
5290.0 2079.0
1958.0 5127.0
7114.0 6053.0
8112.0 5080.0
9398.0 4061.0
632.0 9814.0
6704.0 8186.0
4462.0 7766.0
6830.0 5240.0
3538.0 2726.0
9138.0 1132.0
3184.0 2564.0
4529.0 9114.0
1498.0 4986.0
2410.0 3842.0
6360.0 3496.0
2502.0 5653.0
7134.0 9223.0
1848.0 1981.0
2690.0 6773.0
9865.0 5319.0
9828.0 4777.0
6800.0 9639.0
8720.0 4300.0
3427.0 9696.0
4466.0 758.0
2359.0 122.0
6361.0 7538.0
3806.0 3715.0
8981.0 1952.0
1133.0 861.0
1692.0 6711.0
4092.0 4479.0
5672.0 2581.0
44.0 7416.0
60.0 367.0
6049.0 1700.0
1325.0 2918.0
7173.0 1576.0
2462.0 289.0
8846.0 4723.0
1113.0 3746.0
3646.0 8575.0
8217.0 6762.0
5340.0 1165.0
1291.0 3676.0
5552.0 8393.0
8934.0 9185.0
890.0 2146.0
5678.0 4312.0
905.0 6172.0
8757.0 7042.0
9712.0 9129.0
928.0 8267.0
6644.0 6724.0
5913.0 6218.0
3775.0 7352.0
5593.0 5037.0
673.0 8148.0
535.0 5669.0
9232.0 874.0
7966.0 9717.0
3934.0 9543.0
3785.0 9446.0
5393.0 4210.0
7727.0 9578.0
7532.0 7824.0
3264.0 9066.0
1241.0 5578.0
6365.0 3487.0
9884.0 8644.0
9701.0 1238.0
4476.0 6741.0
1398.0 9185.0
8917.0 6410.0
9949.0 5940.0
8107.0 4453.0
9377.0 3417.0
4305.0 8406.0
1254.0 9847.0
9584.0 8505.0
2681.0 9903.0
4734.0 8016.0
1821.0 108.0
7459.0 1377.0
5101.0 177.0
5224.0 2047.0
2667.0 3481.0
602.0 4483.0
1212.0 2264.0
9475.0 7158.0
5763.0 5813.0
4938.0 6029.0
4537.0 2214.0
2258.0 385.0
3468.0 6877.0
2737.0 5463.0
9497.0 3488.0
6843.0 8772.0
4245.0 5553.0
9438.0 9527.0
2149.0 9194.0
2474.0 3101.0
9677.0 371.0
3008.0 4922.0
4718.0 2178.0
6868.0 724.0
7757.0 397.0
850.0 2558.0
8915.0 7957.0
8768.0 2496.0
7485.0 1473.0
9240.0 8418.0
3041.0 5519.0
5526.0 8815.0
9737.0 2812.0
309.0 6016.0
7887.0 959.0
729.0 9752.0
9436.0 8938.0
1561.0 5465.0
6418.0 8975.0
6860.0 4295.0
4005.0 1983.0
2935.0 4135.0
2248.0 7219.0
8006.0 3688.0
3110.0 9336.0
6396.0 3925.0
1900.0 8486.0
7597.0 3871.0
4695.0 1636.0
3079.0 125.0
5865.0 5770.0
6185.0 2027.0
2302.0 6128.0
2958.0 6890.0
3439.0 5163.0
4268.0 2219.0
8684.0 360.0
2066.0 4307.0
6352.0 1604.0
5148.0 5148.0
705.0 1238.0
2245.0 2069.0
6195.0 2489.0
2828.0 6991.0
527.0 4429.0
8441.0 4746.0
621.0 4119.0
9950.0 2353.0
8093.0 9120.0
8533.0 3667.0
3347.0 6014.0
774.0 6323.0
9888.0 3124.0
709.0 388.0
2941.0 8067.0
4187.0 621.0
9000.0 3338.0
3371.0 6777.0
5394.0 5554.0
1764.0 8853.0
1467.0 6556.0
2586.0 6692.0
5492.0 7000.0
5860.0 5869.0
3905.0 5632.0
2073.0 4261.0
1965.0 9887.0
2739.0 6221.0
7439.0 5990.0
734.0 3768.0
1429.0 9220.0
5750.0 6716.0
2910.0 7494.0
2715.0 6135.0
6123.0 3947.0
3537.0 8084.0
2381.0 6663.0
5015.0 7010.0
428.0 6223.0
8285.0 736.0
1924.0 4239.0
7628.0 1453.0
1175.0 8530.0
9016.0 9626.0
703.0 3110.0
1228.0 229.0
6751.0 3649.0
4908.0 3222.0
1342.0 1577.0
7391.0 2694.0
9979.0 2482.0
3672.0 1567.0
6584.0 6983.0
6356.0 1292.0
9800.0 4727.0
9948.0 8448.0
7233.0 4685.0
7326.0 2646.0
6743.0 7403.0
8759.0 2670.0
6398.0 7378.0
6309.0 254.0
7173.0 6225.0
8988.0 3422.0
5013.0 9780.0
6494.0 3789.0
1343.0 4837.0
1906.0 4754.0
3651.0 3653.0
6170.0 9993.0
221.0 6892.0
9733.0 4151.0
5632.0 8191.0
9184.0 181.0
6120.0 5980.0
9239.0 206.0
6409.0 750.0
2936.0 9343.0
2104.0 8414.0
5384.0 4400.0
4256.0 2932.0
8914.0 1845.0
5193.0 3865.0
9998.0 1982.0
7232.0 7021.0
767.0 8735.0
8350.0 8851.0
500.0 6950.0
1445.0 7772.0
4920.0 1649.0
6262.0 8070.0
3656.0 6128.0
5602.0 4549.0
8725.0 8323.0
9908.0 8594.0
9374.0 7359.0
6840.0 8812.0
1152.0 4696.0
4916.0 1907.0
9541.0 6781.0
2859.0 1966.0
1020.0 8626.0
8709.0 8804.0
6897.0 222.0
5337.0 8550.0
7767.0 203.0
1440.0 2126.0
8951.0 3683.0
9631.0 9782.0
9757.0 3660.0
5718.0 2364.0
1930.0 7930.0
5776.0 2460.0
5127.0 5892.0
120.0 1105.0
9776.0 2188.0
5765.0 8204.0
175.0 6572.0
1494.0 7328.0
3172.0 1931.0
2120.0 8061.0
286.0 4870.0
1051.0 1556.0
3616.0 5777.0
2758.0 7455.0
8395.0 7776.0
9246.0 2860.0
7529.0 6488.0
7135.0 6490.0
5991.0 5016.0
4445.0 3713.0
5402.0 1062.0
8690.0 603.0
1662.0 5586.0
388.0 7692.0
984.0 4939.0
8573.0 6574.0
2174.0 865.0
7434.0 5038.0
5511.0 5297.0
5658.0 8879.0
1092.0 9354.0
2598.0 1063.0
1967.0 8459.0
7855.0 1402.0
9943.0 7994.0
3380.0 2411.0
4391.0 6392.0
9702.0 9498.0
6913.0 5102.0
374.0 6169.0
7221.0 7318.0
1250.0 7399.0
8082.0 9903.0
3679.0 6832.0
9675.0 5417.0
3239.0 5985.0
6209.0 3658.0
8088.0 6114.0
173.0 4639.0
3558.0 5896.0
2040.0 7405.0
2071.0 616.0
5801.0 1614.0
9998.0 997.0
3168.0 1290.0
5547.0 2348.0
1805.0 2662.0
4292.0 7202.0
5427.0 508.0
1443.0 7092.0
6135.0 9910.0
2447.0 1641.0
1822.0 2841.0
6045.0 5626.0
4019.0 1501.0
6360.0 7181.0
4008.0 2800.0
3137.0 2798.0
7584.0 920.0
1728.0 7301.0
1294.0 7365.0
6925.0 9446.0
5510.0 404.0
7244.0 6317.0
2199.0 8333.0
8758.0 2179.0
7723.0 3465.0
85.0 9957.0
3539.0 6260.0
2631.0 6000.0
133.0 1512.0
2685.0 1292.0
2057.0 1010.0
4479.0 4786.0
4405.0 9574.0
5800.0 7011.0
3591.0 3903.0
265.0 4620.0
7772.0 6122.0
2862.0 9056.0
4779.0 6466.0
7848.0 4972.0
7888.0 1998.0
621.0 6604.0
2307.0 785.0
7648.0 2729.0
7712.0 3442.0
1075.0 3399.0
4692.0 6457.0
7096.0 4088.0
5448.0 4219.0
9695.0 5442.0

8415.0 7316.0
6781.0 397.0
9854.0 5218.0
3976.0 16.0
1634.0 7618.0
4983.0 5932.0
1039.0 1941.0
6890.0 3113.0
292.0 4519.0
887.0 9570.0
9876.0 7155.0
1589.0 8283.0
8568.0 823.0
2904.0 1865.0
566.0 3350.0
2083.0 8144.0
2520.0 545.0
6092.0 7295.0
5837.0 2639.0
6827.0 3706.0
2126.0 500.0
4349.0 8257.0
2095.0 8494.0
9694.0 9140.0
820.0 3445.0
1377.0 1916.0
4636.0 1575.0
2205.0 1947.0
7613.0 7857.0
5452.0 4898.0
7880.0 4688.0
2070.0 3445.0
6707.0 9301.0
2971.0 850.0
5660.0 1822.0
3015.0 4617.0
9689.0 8395.0
5804.0 5821.0
6533.0 6285.0
876.0 2326.0
5234.0 377.0
7410.0 6536.0
9156.0 2967.0
1017.0 850.0
1363.0 1289.0
2768.0 6483.0
2664.0 9672.0
2007.0 3806.0
5234.0 5740.0
7085.0 4883.0
7114.0 2580.0
607.0 1382.0
5477.0 1284.0
8288.0 3480.0
8975.0 788.0
3034.0 7970.0
2063.0 4401.0
8319.0 6215.0
6621.0 4970.0
7511.0 5109.0
8716.0 3068.0
8196.0 6728.0
901.0 5128.0
3127.0 4803.0
2853.0 945.0
1899.0 8718.0
5731.0 2447.0
9954.0 8176.0
8089.0 8157.0
4007.0 4169.0
3718.0 257.0
5490.0 4497.0
4244.0 3672.0
6149.0 4395.0
1844.0 9086.0
2352.0 5534.0
9930.0 4291.0
7239.0 8971.0
2163.0 819.0
2295.0 284.0
2638.0 5229.0
2486.0 7498.0
2566.0 6975.0
1491.0 5026.0
1389.0 7307.0
6215.0 9220.0
2558.0 6050.0
2112.0 3758.0
6929.0 5740.0
3464.0 5493.0
9088.0 4993.0
5204.0 3952.0
4432.0 5530.0
5370.0 116.0
7417.0 9777.0
9835.0 2688.0
3771.0 8453.0
3348.0 2491.0
2035.0 56.0
3555.0 8135.0
2323.0 6656.0
7056.0 8669.0
2587.0 2941.0
9122.0 1355.0
5299.0 7858.0
1154.0 5208.0
9863.0 872.0
2527.0 3508.0
8629.0 7138.0
5850.0 911.0
6837.0 8594.0
7319.0 3360.0
9383.0 337.0
6223.0 1407.0
9709.0 4221.0
196.0 176.0
8717.0 4064.0
5359.0 1575.0
4013.0 9422.0
2904.0 6950.0
2376.0 7292.0
6258.0 841.0
763.0 3696.0
5415.0 8990.0
3732.0 9557.0
7532.0 6299.0
7624.0 7748.0
5401.0 2850.0
4350.0 774.0
7897.0 8707.0
139.0 971.0
8992.0 621.0
7107.0 7638.0
4456.0 6324.0
7981.0 8037.0
7825.0 4570.0
6843.0 1632.0
9762.0 1592.0
1247.0 9561.0
7383.0 7129.0
3550.0 3637.0
2677.0 5693.0
1807.0 1912.0
1615.0 1241.0
3104.0 138.0
8019.0 5922.0
4661.0 1077.0
8859.0 6043.0
541.0 6051.0
9997.0 947.0
4366.0 5666.0
4048.0 2927.0
844.0 9121.0
4430.0 8899.0
1481.0 3992.0
2196.0 6925.0
2320.0 949.0
4775.0 3320.0
4066.0 266.0
8192.0 8457.0
7461.0 9602.0
6914.0 1962.0
9213.0 4896.0
7862.0 440.0
6389.0 8844.0
7752.0 3436.0
9600.0 3866.0
5329.0 5735.0
7806.0 8939.0
2599.0 6721.0
127.0 2255.0
1679.0 9942.0
2507.0 4089.0
6342.0 8511.0
9544.0 6814.0
9880.0 4570.0
4414.0 1447.0
3388.0 3421.0
2144.0 2677.0
1030.0 5532.0
4170.0 6751.0
1441.0 2048.0
4487.0 9163.0
6850.0 2002.0
250.0 1543.0
4006.0 1874.0
2177.0 9670.0
3518.0 637.0
2623.0 7004.0
6740.0 6028.0
1649.0 684.0
1746.0 120.0
3956.0 9376.0
2556.0 4908.0
2028.0 4891.0
8169.0 1083.0
3346.0 2005.0
528.0 5622.0
2003.0 3374.0
3018.0 6374.0
7598.0 8963.0
3585.0 4325.0
6745.0 1922.0
9089.0 6665.0
5044.0 5290.0
9996.0 6370.0
9881.0 6457.0
6990.0 6420.0
6897.0 8824.0
3636.0 9337.0
5483.0 2523.0
1673.0 5218.0
1147.0 8647.0
8048.0 3894.0
5112.0 3912.0
5283.0 9419.0
3991.0 5118.0
9297.0 7519.0
4890.0 5383.0
1261.0 9190.0
3804.0 6514.0
2603.0 6082.0
7629.0 4467.0
4761.0 5876.0
2663.0 7277.0
7774.0 8257.0
4967.0 7394.0
4339.0 4720.0
379.0 2851.0
8412.0 7801.0
4587.0 4113.0
9949.0 7950.0
6100.0 6134.0
9928.0 8686.0
7435.0 7407.0
2209.0 3203.0
2433.0 526.0
1344.0 8079.0
9996.0 1118.0
7972.0 2291.0
7121.0 4574.0
5853.0 2154.0
6609.0 2481.0
7175.0 5361.0
7239.0 3215.0
5216.0 9805.0
6818.0 3534.0
5986.0 5349.0
939.0 649.0
2913.0 9154.0
2765.0 6657.0
1227.0 7827.0
1750.0 9766.0
1089.0 1943.0
1610.0 9201.0
1103.0 1193.0
388.0 3229.0
6306.0 776.0
8008.0 2211.0
7214.0 2201.0
9121.0 1101.0
9069.0 4200.0
1620.0 8269.0
2840.0 1854.0
3677.0 126.0
2131.0 4654.0
4648.0 3415.0
2541.0 6637.0
7682.0 9583.0
2623.0 4251.0
4427.0 8196.0
8029.0 124.0
4635.0 8741.0
2929.0 3422.0
6053.0 2792.0
5333.0 9909.0
2440.0 922.0
5384.0 7419.0
46.0 1267.0
8259.0 4899.0
5449.0 9179.0
5746.0 5649.0
45.0 9887.0
3126.0 7974.0
9077.0 8543.0
454.0 8880.0
5557.0 4592.0
9810.0 8977.0
1914.0 9903.0
2688.0 9286.0
4736.0 2516.0
4053.0 3064.0
432.0 474.0
2209.0 8355.0
2210.0 2635.0
6081.0 9406.0
1173.0 5862.0
3986.0 7625.0
6926.0 526.0
513.0 5241.0
5516.0 8740.0
617.0 7313.0
5064.0 2202.0
2525.0 288.0
1961.0 9121.0
3540.0 7742.0
2956.0 2066.0
5361.0 6482.0
977.0 1235.0
8029.0 8666.0
5084.0 9966.0
4075.0 8106.0
7356.0 2001.0
6985.0 1430.0
2080.0 2336.0
596.0 7239.0
5127.0 6115.0
8500.0 8966.0
3784.0 2467.0
5076.0 9558.0
11.0 2716.0
2240.0 8668.0
2339.0 4848.0
8525.0 5520.0
4404.0 8681.0
9585.0 3101.0
326.0 8630.0
1726.0 1858.0
9908.0 3501.0
2575.0 3559.0
8928.0 5190.0
5458.0 8460.0
2394.0 764.0
6647.0 1491.0
1146.0 4773.0
6995.0 5575.0
4604.0 1247.0
2155.0 2766.0
5053.0 7280.0
7894.0 6390.0
1304.0 2606.0
9673.0 9793.0
2077.0 2110.0
8070.0 9946.0
1965.0 649.0
4109.0 6483.0
5327.0 2136.0
1179.0 9412.0
5974.0 7252.0
2573.0 1089.0
2965.0 6766.0
6270.0 703.0
5414.0 9823.0
1076.0 1861.0
1612.0 9121.0
720.0 6469.0
352.0 7426.0
4981.0 589.0
4788.0 2291.0
9491.0 401.0
1683.0 8449.0
8270.0 8965.0
1401.0 9719.0
5640.0 6924.0
6504.0 4923.0
6578.0 2822.0
9272.0 4661.0
7137.0 1220.0
1045.0 8404.0
9031.0 9217.0
8691.0 3777.0
4974.0 4618.0
6104.0 2490.0
3879.0 1350.0
1020.0 9794.0
7545.0 312.0
65.0 6906.0
2886.0 6352.0
7339.0 8287.0
6342.0 4460.0
4420.0 8215.0
9556.0 935.0
2119.0 3557.0
7917.0 7609.0
6848.0 2128.0
6099.0 9856.0
6946.0 8616.0
7145.0 1488.0
6823.0 2404.0
4236.0 2269.0
9270.0 4273.0
6762.0 6146.0
8772.0 1359.0
4738.0 914.0
1210.0 2302.0
8224.0 2443.0
7764.0 6975.0
810.0 9151.0
3393.0 7741.0
8812.0 4888.0
2742.0 1616.0
221.0 862.0
8814.0 5279.0
64.0 9838.0
2284.0 7334.0
1242.0 8190.0
1765.0 4736.0
2468.0 4043.0
7925.0 2789.0
7379.0 2133.0
6779.0 659.0
1462.0 8542.0
9998.0 6765.0
5870.0 1001.0
2625.0 1017.0
9722.0 2904.0
1010.0 3281.0
5009.0 1703.0
6340.0 9986.0
716.0 4839.0
1590.0 3315.0
5216.0 8905.0
2295.0 9849.0
8589.0 145.0
3934.0 8128.0
8937.0 7033.0
1314.0 6993.0
9300.0 8011.0
7815.0 9177.0
4295.0 124.0
4809.0 7001.0
8052.0 6667.0
4133.0 9647.0
7565.0 4531.0
8975.0 3864.0
8047.0 4399.0
984.0 2576.0
9414.0 9480.0
4015.0 8263.0
5474.0 902.0
7293.0 568.0
9936.0 483.0
3409.0 9993.0
5838.0 3986.0
8962.0 2149.0
7487.0 588.0
8211.0 9450.0
6540.0 6647.0
2583.0 9665.0
6290.0 4507.0
1398.0 3246.0
776.0 9465.0
1660.0 3841.0
7841.0 562.0
7252.0 8914.0
7694.0 3381.0
404.0 9890.0
1110.0 5507.0
780.0 3717.0
3869.0 7804.0
34.0 274.0
6514.0 7197.0
2178.0 2556.0
1055.0 9089.0
2639.0 9015.0
8694.0 107.0
1326.0 9990.0
5213.0 4337.0
7574.0 2649.0
3073.0 8690.0
7330.0 1337.0
1863.0 5584.0
5389.0 2757.0
1203.0 3608.0
8098.0 7900.0
2678.0 9314.0
4302.0 5113.0
9911.0 5808.0
4959.0 1277.0
8406.0 6330.0
4216.0 422.0
9217.0 3434.0
7325.0 1787.0
3073.0 6985.0
3263.0 1663.0
4062.0 6611.0
2369.0 5980.0
4452.0 6762.0
1894.0 3034.0
4797.0 5073.0
4777.0 8267.0
5853.0 7182.0
9519.0 5509.0
1497.0 3636.0
1511.0 1635.0
4177.0 7107.0
8654.0 3974.0
7034.0 533.0
6625.0 2478.0
9279.0 9365.0
1648.0 982.0
3947.0 3594.0
1116.0 4523.0
9600.0 7716.0
4917.0 2107.0
112.0 9283.0
2815.0 6852.0
9109.0 9217.0
5732.0 7899.0
8191.0 9575.0
1311.0 1037.0
514.0 6876.0
6548.0 7428.0
3865.0 1703.0
2932.0 2367.0
9780.0 7711.0
1858.0 8458.0
7873.0 5737.0
737.0 179.0
6919.0 1131.0
2601.0 9186.0
6826.0 5030.0
4576.0 2304.0
8087.0 2676.0
3101.0 6621.0
7813.0 4507.0
6171.0 8585.0
3952.0 8112.0
5553.0 6527.0
1796.0 1807.0
4234.0 8523.0
9366.0 2876.0
7032.0 10000.0
801.0 6278.0
4643.0 8017.0
9318.0 1861.0
4058.0 1623.0
3887.0 827.0
634.0 202.0
6176.0 4576.0
9700.0 4236.0
6913.0 1610.0
8052.0 5388.0
3223.0 639.0
8194.0 5308.0
1088.0 588.0
629.0 5110.0
9480.0 623.0
2135.0 9896.0
5316.0 5920.0
296.0 5264.0
808.0 7266.0
7187.0 5219.0
7319.0 5227.0
7556.0 3362.0
2322.0 2010.0
9338.0 1837.0
8570.0 6684.0
6876.0 4876.0
7071.0 1927.0
9686.0 6419.0
7987.0 2980.0
2118.0 3684.0
6020.0 1951.0
1776.0 1116.0
9442.0 3130.0
7026.0 1629.0
4315.0 7509.0
6475.0 4543.0
8044.0 7125.0
5736.0 2164.0
8839.0 2455.0
9373.0 9356.0
210.0 8446.0
8330.0 3110.0
2063.0 7409.0
5740.0 1429.0
2540.0 9424.0
6432.0 3515.0
7172.0 3396.0
8010.0 5638.0
4463.0 4460.0
3839.0 9603.0
9499.0 5873.0
809.0 3246.0
9684.0 6077.0
7195.0 4843.0
9226.0 4087.0
8517.0 5882.0
1419.0 8852.0
1694.0 9096.0
396.0 801.0
385.0 1139.0
6403.0 6169.0
6843.0 1892.0
1201.0 7351.0
8164.0 4743.0
2721.0 4849.0
7239.0 4785.0
555.0 9079.0
1300.0 4360.0
6389.0 2614.0
3400.0 7820.0
5974.0 6095.0
4655.0 9978.0
1752.0 3415.0
7642.0 5098.0
7723.0 4401.0
3761.0 5900.0
661.0 5602.0
9966.0 4444.0
4276.0 2377.0
2632.0 9344.0
5438.0 7952.0
9019.0 6185.0
4039.0 7591.0
9089.0 628.0
629.0 8549.0
3077.0 6011.0
8383.0 8988.0
2654.0 9978.0
8550.0 1503.0
6052.0 6951.0
953.0 9417.0
9959.0 5921.0
3632.0 6541.0
3583.0 5448.0
8282.0 3513.0
2705.0 283.0
526.0 6437.0
4103.0 6541.0
6669.0 5929.0
3157.0 4803.0
1020.0 7290.0
12.0 3129.0
371.0 4916.0
2177.0 4317.0
4752.0 6662.0
3837.0 4369.0
6067.0 6265.0
4807.0 1580.0
8686.0 4564.0
4449.0 8137.0
8626.0 2596.0
8372.0 8664.0
397.0 2305.0
8336.0 2622.0
3144.0 2987.0
8136.0 9970.0
139.0 4159.0
885.0 2010.0
8291.0 7978.0
5492.0 1832.0
6701.0 6925.0
2730.0 1264.0
5932.0 4895.0
3698.0 3741.0
2052.0 2319.0
6110.0 5019.0
2054.0 8564.0
6138.0 6139.0
9785.0 7201.0
6302.0 5559.0
3952.0 2344.0
2133.0 9849.0
2327.0 6700.0
3061.0 4913.0
8737.0 4529.0
5296.0 2083.0
1963.0 5132.0
7118.0 6057.0
8116.0 5085.0
9403.0 4066.0
638.0 9819.0
6708.0 8191.0
4467.0 7771.0
6834.0 5244.0
3543.0 2731.0
9143.0 1137.0
3188.0 2570.0
4534.0 9118.0
1503.0 4991.0
2414.0 3846.0
6366.0 3501.0
2508.0 5658.0
7138.0 9227.0
1853.0 1986.0
2694.0 6778.0
9869.0 5325.0
9834.0 4783.0
6804.0 9644.0
8725.0 4305.0
3432.0 9701.0
4472.0 763.0
2365.0 127.0
6365.0 7543.0
3811.0 3719.0
8986.0 1958.0
1138.0 865.0
1697.0 6715.0
4098.0 4485.0
5677.0 2587.0
50.0 7420.0
64.0 373.0
6053.0 1706.0
1329.0 2924.0
7179.0 1581.0
2467.0 295.0
8852.0 4727.0
1118.0 3750.0
3650.0 8581.0
8221.0 6768.0
5344.0 1171.0
1296.0 3682.0
5557.0 8397.0
8939.0 9191.0
895.0 2150.0
5683.0 4317.0
911.0 6178.0
8763.0 7047.0
9716.0 9133.0
934.0 8272.0
6649.0 6728.0
5917.0 6223.0
3780.0 7357.0
5598.0 5042.0
678.0 8154.0
541.0 5674.0
9237.0 878.0
7971.0 9723.0
3940.0 9548.0
3790.0 9452.0
5399.0 4216.0
7732.0 9583.0
7537.0 7830.0
3269.0 9070.0
1246.0 5583.0
6370.0 3493.0
9888.0 8648.0
9706.0 1242.0
4482.0 6746.0
1403.0 9189.0
8923.0 6415.0
9955.0 5945.0
8113.0 4458.0
9381.0 3423.0
4311.0 8411.0
1258.0 9852.0
9589.0 8510.0
2686.0 9908.0
4738.0 8022.0
1826.0 113.0
7465.0 1382.0
5106.0 182.0
5229.0 2052.0
2673.0 3487.0
607.0 4487.0
1217.0 2269.0
9480.0 7163.0
5768.0 5817.0
4944.0 6035.0
4542.0 2219.0
2262.0 389.0
3474.0 6883.0
2741.0 5467.0
9502.0 3493.0
6847.0 8776.0
4249.0 5559.0
9442.0 9532.0
2153.0 9199.0
2478.0 3106.0
9681.0 376.0
3013.0 4926.0
4723.0 2183.0
6873.0 730.0
7763.0 401.0
854.0 2563.0
8921.0 7962.0
8774.0 2500.0
7490.0 1477.0
9246.0 8422.0
3046.0 5524.0
5532.0 8819.0
9741.0 2817.0
313.0 6022.0
7892.0 964.0
734.0 9757.0
9440.0 8943.0
1566.0 5470.0
6423.0 8981.0
6866.0 4301.0
4010.0 1988.0
2941.0 4139.0
2253.0 7224.0
8010.0 3693.0
3115.0 9340.0
6400.0 3930.0
1905.0 8491.0
7603.0 3877.0
4700.0 1642.0
3084.0 130.0
5871.0 5776.0
6190.0 2033.0
2308.0 6132.0
2963.0 6894.0
3444.0 5168.0
4274.0 2224.0
8689.0 364.0
2070.0 4312.0
6356.0 1609.0
5153.0 5153.0
709.0 1243.0
2251.0 2075.0
6200.0 2494.0
2833.0 6996.0
532.0 4435.0
8446.0 4750.0
626.0 4124.0
9955.0 2359.0
8097.0 9125.0
8538.0 3672.0
3352.0 6018.0
780.0 6327.0
9893.0 3129.0
714.0 393.0
2946.0 8071.0
4192.0 626.0
9006.0 3343.0
3375.0 6782.0
5399.0 5559.0
1768.0 8858.0
1472.0 6561.0
2592.0 6697.0
5496.0 7006.0
5866.0 5874.0
3911.0 5637.0
2078.0 4266.0
1971.0 9891.0
2744.0 6226.0
7443.0 5996.0
740.0 3773.0
1435.0 9224.0
5755.0 6722.0
2914.0 7500.0
2719.0 6139.0
6129.0 3953.0
3541.0 8090.0
2386.0 6668.0
5021.0 7015.0
434.0 6228.0
8290.0 742.0
1930.0 4244.0
7634.0 1458.0
1180.0 8534.0
9021.0 9631.0
707.0 3115.0
1232.0 234.0
6755.0 3654.0
4913.0 3227.0
1346.0 1582.0
7396.0 2698.0
9983.0 2487.0
3678.0 1573.0
6588.0 6989.0
6360.0 1296.0
9804.0 4732.0
9953.0 8454.0
7238.0 4691.0
7330.0 2650.0
6748.0 7409.0
8764.0 2675.0
6403.0 7383.0
6314.0 258.0
7178.0 6230.0
8993.0 3426.0
5019.0 9784.0
6499.0 3795.0
1347.0 4843.0
1911.0 4759.0
3657.0 3659.0
6176.0 9999.0
226.0 6896.0
9738.0 4155.0
5638.0 8197.0
9188.0 185.0
6125.0 5984.0
9243.0 211.0
6413.0 755.0
2942.0 9349.0
2109.0 8419.0
5388.0 4406.0
4261.0 2937.0
8920.0 1851.0
5199.0 3869.0
10004.0 1986.0
7238.0 7026.0
773.0 8740.0
8354.0 8855.0
505.0 6954.0
1450.0 7777.0
4925.0 1654.0
6268.0 8075.0
3660.0 6133.0
5606.0 4553.0
8730.0 8328.0
9914.0 8600.0
9379.0 7364.0
6846.0 8817.0
1157.0 4702.0
4922.0 1911.0
9546.0 6786.0
2865.0 1972.0
1024.0 8631.0
8713.0 8808.0
6902.0 227.0
5341.0 8554.0
7773.0 207.0
1445.0 2130.0
8957.0 3689.0
9637.0 9786.0
9762.0 3665.0
5724.0 2369.0
1935.0 7936.0
5781.0 2464.0
5132.0 5897.0
126.0 1111.0
9781.0 2193.0
5770.0 8209.0
179.0 6578.0
1499.0 7334.0
3177.0 1936.0
2126.0 8065.0
291.0 4874.0
1056.0 1562.0
3621.0 5781.0
2762.0 7460.0
8401.0 7780.0
9251.0 2865.0
7534.0 6493.0
7139.0 6495.0
5996.0 5022.0
4449.0 3719.0
5408.0 1067.0
8694.0 608.0
1666.0 5590.0
392.0 7697.0
988.0 4944.0
8579.0 6579.0
2178.0 869.0
7439.0 5044.0
5516.0 5301.0
5663.0 8885.0
1097.0 9358.0
2602.0 1068.0
1971.0 8463.0
7860.0 1407.0
9947.0 8000.0
3386.0 2416.0
4396.0 6397.0
9706.0 9502.0
6917.0 5108.0
379.0 6174.0
7226.0 7323.0
1254.0 7404.0
8088.0 9908.0
3684.0 6837.0
9681.0 5422.0
3243.0 5989.0
6214.0 3663.0
8094.0 6119.0
178.0 4643.0
3562.0 5902.0
2046.0 7410.0
2076.0 621.0
5806.0 1618.0
10002.0 1002.0
3174.0 1295.0
5552.0 2352.0
1810.0 2666.0
4296.0 7207.0
5432.0 513.0
1447.0 7098.0
6140.0 9916.0
2451.0 1647.0
1827.0 2845.0
6050.0 5631.0
4025.0 1506.0
6365.0 7186.0
4014.0 2804.0
3143.0 2803.0
7589.0 925.0
1732.0 7307.0
1298.0 7370.0
6930.0 9450.0
5515.0 410.0
7249.0 6323.0
2203.0 8337.0
8762.0 2184.0
7728.0 3470.0
91.0 9962.0
3544.0 6265.0
2637.0 6006.0
138.0 1517.0
2690.0 1296.0
2063.0 1015.0
4483.0 4791.0
4410.0 9579.0
5804.0 7015.0
3596.0 3909.0
271.0 4626.0
7776.0 6127.0
2868.0 9061.0
4785.0 6470.0
7852.0 4977.0
7893.0 2003.0
626.0 6609.0
2312.0 790.0
7653.0 2733.0
7717.0 3446.0
1079.0 3403.0
4697.0 6462.0
7102.0 4094.0
5454.0 4225.0
9700.0 5446.0
