1
1024 1 3.0 0.0 1000.0 3 160 240 100

6.5 13.5 29.3 58.5
13.0 27.0 58.5 117.0
19.5 40.5 87.8 175.5
26.0 54.0 117.0 234.0
39.0 81.0 175.5 351.0
52.0 108.0 234.0 468.0
58.5 121.5 263.3 526.5
65.0 135.0 292.5 585.0
78.0 162.0 351.0 702.0
0.0 180.0 390.0 780.0

2.0 5.0 8.0 11.0
5.0 8.0 11.0 14.0
9.0 12.0 15.0 18.0
11.0 14.0 17.0 20.0
15.0 18.0 21.0 24.0
18.0 21.0 24.0 27.0
20.0 23.0 26.0 29.0
25.0 28.0 31.0 34.0
29.0 32.0 35.0 38.0
0.0 34.0 37.0 40.0

4311.0 2644.0
5219.0 2203.0
0.0 7947.0
5604.0 7996.0
849.0 9422.0
8608.0 9308.0
7179.0 6769.0
9171.0 9920.0
3272.0 6043.0
4125.0 2864.0
8192.0 3743.0
8989.0 9856.0
3328.0 7994.0
1349.0 3458.0
7006.0 3741.0
2417.0 151.0
9028.0 1363.0
883.0 4976.0
480.0 628.0
5645.0 903.0
6668.0 4398.0
6538.0 8601.0
3532.0 9000.0
4645.0 4761.0
386.0 675.0
6308.0 9655.0
4342.0 26.0
7423.0 7070.0
4261.0 8864.0
7137.0 2302.0
4593.0 6388.0
2543.0 6368.0
1947.0 4092.0
8466.0 7092.0
9752.0 1325.0
8956.0 241.0
8852.0 5917.0
9578.0 6365.0
4393.0 6778.0
2106.0 1516.0
1850.0 7896.0
5726.0 2500.0
7549.0 5635.0
1336.0 9825.0
1534.0 3759.0
8059.0 4023.0
3121.0 3082.0
3569.0 3497.0
2012.0 5179.0
2322.0 4560.0
304.0 2048.0
8297.0 6827.0
3238.0 6153.0
1360.0 9642.0
9071.0 7760.0
8837.0 7674.0
880.0 8974.0
6404.0 6369.0
5687.0 6395.0
4897.0 423.0
8733.0 6811.0
2145.0 915.0
3262.0 2833.0
1417.0 9299.0
8667.0 7891.0
601.0 8890.0
2345.0 2512.0
8702.0 7026.0
3115.0 6277.0
8769.0 3557.0
6555.0 2389.0
8850.0 3842.0
5100.0 4254.0
5072.0 6894.0
8259.0 5995.0
3461.0 1865.0
803.0 1312.0
9586.0 8509.0
9274.0 7597.0
7642.0 9809.0
9665.0 4731.0
3067.0 7411.0
1624.0 460.0
5295.0 3053.0
7035.0 6775.0
9755.0 1628.0
3324.0 4212.0
698.0 4064.0
4349.0 3474.0
8980.0 677.0
4211.0 6305.0
1375.0 8163.0
1858.0 17.0
545.0 5889.0
6811.0 2587.0
7251.0 9654.0
8885.0 7748.0
8908.0 3580.0
7241.0 1967.0
1102.0 3295.0
6627.0 7755.0
1145.0 6080.0
1159.0 186.0
5291.0 6128.0
8496.0 6071.0
3707.0 5607.0
9748.0 7686.0
9793.0 4654.0
2995.0 5466.0
2967.0 5999.0
735.0 6587.0
6506.0 2363.0
4139.0 8848.0
4549.0 7293.0
9456.0 1759.0
4860.0 2617.0
4410.0 9264.0
6456.0 8156.0
4959.0 997.0
3704.0 1881.0
5252.0 1501.0
978.0 1168.0
6142.0 9304.0
4491.0 8309.0
108.0 290.0
394.0 5961.0
2933.0 2261.0
748.0 678.0
4992.0 110.0
1465.0 5202.0
7508.0 3519.0
8833.0 2675.0
1606.0 1596.0
3708.0 8432.0
550.0 1370.0
4989.0 7540.0
7985.0 9545.0
6469.0 8755.0
7547.0 9440.0
3675.0 8051.0
1698.0 7527.0
9777.0 7383.0
124.0 6471.0
2197.0 6869.0
567.0 4099.0
3991.0 1024.0
7419.0 205.0
6625.0 2234.0
5948.0 5610.0
3237.0 7128.0
2499.0 379.0
3993.0 4005.0
3529.0 625.0
7630.0 1986.0
8812.0 5808.0
5797.0 5060.0
6686.0 934.0
9288.0 6674.0
1676.0 584.0
7777.0 3046.0
7362.0 4173.0
7139.0 5853.0
9816.0 4363.0
988.0 7473.0
9498.0 3039.0
5504.0 4421.0
1927.0 1763.0
9165.0 7172.0
9998.0 6118.0
1486.0 7013.0
3291.0 5861.0
7365.0 3095.0
2227.0 5298.0
6134.0 5356.0
7417.0 788.0
6917.0 1469.0
7059.0 4801.0
4406.0 8478.0
7735.0 8432.0
1641.0 2303.0
6458.0 6802.0
8913.0 756.0
4320.0 4237.0
371.0 8246.0
4598.0 8662.0
2459.0 2834.0
657.0 7106.0
760.0 8797.0
1521.0 6748.0
4366.0 377.0
5444.0 8404.0
9373.0 4864.0
4342.0 1873.0
5589.0 5687.0
4440.0 5066.0
3076.0 8677.0
980.0 1319.0
7618.0 7160.0
7343.0 1805.0
6708.0 4052.0
1440.0 2475.0
176.0 1609.0
4715.0 7418.0
2040.0 2009.0
1627.0 3072.0
2696.0 4422.0
9942.0 196.0
3034.0 6734.0
4704.0 3013.0
4597.0 2587.0
1230.0 7440.0
2376.0 6903.0
4980.0 2820.0
9340.0 5556.0
8651.0 4073.0
4311.0 7348.0
9353.0 3668.0
7280.0 8969.0
1216.0 5351.0
8763.0 6083.0
1274.0 4023.0
2306.0 6227.0
8991.0 8688.0
1737.0 1671.0
2261.0 7892.0
7264.0 2912.0
5257.0 9565.0
7022.0 5957.0
5954.0 9663.0
3176.0 9070.0
3704.0 6557.0
4173.0 7139.0
9697.0 549.0
7249.0 4330.0
5663.0 452.0
7791.0 8196.0
8673.0 1638.0
4663.0 889.0
2381.0 2471.0
3081.0 5670.0
7569.0 8540.0
9160.0 9339.0
7334.0 6599.0
2711.0 3796.0
4783.0 2640.0
7415.0 2351.0
3576.0 1004.0
9951.0 8986.0
4171.0 3946.0
2199.0 1207.0
1131.0 3570.0
3106.0 9661.0
9331.0 545.0
9328.0 185.0
9425.0 6522.0
6236.0 6438.0
5427.0 9657.0
3405.0 3797.0
9749.0 5162.0
1166.0 7667.0
3552.0 5294.0
7347.0 1878.0
2769.0 5697.0
5782.0 5323.0
2632.0 7513.0
706.0 7521.0
6077.0 7172.0
3625.0 6241.0
3865.0 8279.0
1774.0 2874.0
6770.0 2510.0
9759.0 3711.0
2700.0 8930.0
8480.0 7781.0
4078.0 3648.0
7946.0 4425.0
3362.0 4230.0
3077.0 6273.0
7029.0 5770.0
4095.0 5766.0
904.0 8043.0
5611.0 5919.0
2150.0 5655.0
1005.0 8458.0
5809.0 5594.0
1193.0 5021.0
6210.0 9113.0
9404.0 9565.0
6124.0 7338.0
6043.0 2664.0
8999.0 2533.0
265.0 841.0
2136.0 9428.0
7338.0 6616.0
1153.0 3522.0
3421.0 7427.0
8589.0 5785.0
1839.0 4080.0
2007.0 5657.0
7464.0 1911.0
9433.0 6774.0
8312.0 300.0
2498.0 2329.0
5934.0 8727.0
122.0 9474.0
8736.0 12.0
8101.0 4695.0
4796.0 3915.0
2442.0 4554.0
3304.0 6757.0
6803.0 8728.0
6212.0 5226.0
6883.0 4750.0
4205.0 5033.0
7122.0 6370.0
3590.0 7582.0
7552.0 9946.0
3203.0 311.0
1161.0 5786.0
2938.0 8887.0
4616.0 3849.0
8002.0 1893.0
7697.0 5720.0
5492.0 1192.0
9295.0 7275.0
2400.0 3625.0
321.0 8951.0
6644.0 2204.0
6388.0 3029.0
5231.0 7465.0
5603.0 9854.0
6150.0 2154.0
9338.0 7393.0
3098.0 4895.0
6308.0 1060.0
4638.0 1015.0
2838.0 3209.0
1895.0 1192.0
4641.0 4217.0
1392.0 1072.0
7977.0 9569.0
2117.0 7547.0
540.0 9855.0
8438.0 9835.0
4920.0 3102.0
2957.0 6035.0
1.0 1347.0
5909.0 8321.0
8133.0 5868.0
200.0 2439.0
8447.0 7984.0
3704.0 9669.0
9145.0 4848.0
2895.0 1921.0
4134.0 2134.0
4437.0 3120.0
1846.0 8040.0
3823.0 2553.0
6594.0 5518.0
2668.0 8340.0
5328.0 2152.0
8756.0 1688.0
5122.0 9580.0
5437.0 5100.0
9265.0 6902.0
9496.0 195.0
2296.0 4959.0
9068.0 3308.0
6830.0 916.0
5717.0 9535.0
7542.0 5062.0
7280.0 8383.0
149.0 4227.0
577.0 6693.0
5737.0 8746.0
5576.0 6995.0
3302.0 2377.0
5139.0 1966.0
5842.0 7088.0
6925.0 8146.0
7855.0 7123.0
6570.0 4592.0
4592.0 9270.0
3733.0 4607.0
5932.0 8738.0
5126.0 1241.0
205.0 2557.0
1103.0 9701.0
5835.0 4921.0
4939.0 2351.0
1146.0 1381.0
6381.0 4451.0
5187.0 1304.0
3578.0 1320.0
4920.0 522.0
9996.0 62.0
6631.0 8561.0
5411.0 1544.0
1911.0 7397.0
2589.0 767.0
1056.0 1120.0
3750.0 6312.0
9252.0 8445.0
3423.0 2019.0
3368.0 2474.0
6785.0 6552.0
9744.0 4617.0
5094.0 9039.0
5797.0 2099.0
2310.0 1424.0
808.0 962.0
9518.0 711.0
3746.0 8968.0
6235.0 6767.0
8472.0 5327.0
223.0 3829.0
9177.0 6665.0
9892.0 6402.0
1410.0 1139.0
5912.0 2698.0
6538.0 5112.0
1120.0 1281.0
4.0 9312.0
331.0 9088.0
6223.0 3882.0
4154.0 1486.0
5462.0 4233.0
3416.0 7532.0
581.0 2124.0
3288.0 6090.0
3956.0 8866.0
8731.0 986.0
7457.0 88.0
5338.0 5853.0
820.0 3951.0
2201.0 1831.0
6273.0 7249.0
5886.0 3788.0
9767.0 6301.0
7125.0 3232.0
1650.0 2035.0
4322.0 8564.0
2160.0 1210.0
483.0 5849.0
9566.0 8153.0
2664.0 5766.0
1317.0 3955.0
5535.0 4895.0
1057.0 2521.0
3178.0 2012.0
6849.0 5400.0
5701.0 2552.0
8457.0 9800.0
9781.0 6908.0
4049.0 6706.0
4737.0 729.0
9168.0 8523.0
8231.0 7871.0
3311.0 8138.0
8198.0 9185.0
1987.0 3838.0
114.0 2789.0
4589.0 6978.0
1190.0 3991.0
949.0 1834.0
5612.0 5541.0
1901.0 9533.0
7408.0 1351.0
1733.0 488.0
64.0 9370.0
2862.0 2252.0
4470.0 1769.0
5586.0 2197.0
9317.0 3097.0
8268.0 6940.0
532.0 9576.0
5801.0 2925.0
8862.0 5199.0
6709.0 5076.0
7200.0 2798.0
1729.0 2941.0
1764.0 733.0
9229.0 6228.0
3723.0 8386.0
5324.0 4165.0
375.0 6107.0
9016.0 5576.0
7481.0 7787.0
5238.0 9113.0
6846.0 6714.0
1138.0 5531.0
5764.0 7878.0
3450.0 6446.0
7415.0 2403.0
7320.0 6462.0
3828.0 2241.0
9428.0 8115.0
5495.0 5819.0
752.0 1515.0
4256.0 7794.0
6842.0 3117.0
8543.0 8575.0
5940.0 542.0
2595.0 1778.0
7807.0 2840.0
3729.0 292.0
8601.0 8131.0
4292.0 4089.0
9668.0 3022.0
7378.0 5482.0
588.0 729.0
7912.0 9960.0
9327.0 7303.0
3216.0 3285.0
4860.0 7881.0
9646.0 8006.0
100.0 7382.0
4400.0 5058.0
5491.0 2553.0
4114.0 8607.0
6125.0 4778.0
4330.0 4811.0
7715.0 5574.0
6448.0 7650.0
9300.0 9184.0
1261.0 7503.0
3012.0 9168.0
673.0 623.0
3767.0 8433.0
1701.0 184.0
4234.0 4589.0
9370.0 2057.0
2925.0 5060.0
7591.0 986.0
5766.0 8863.0
9632.0 5320.0
3994.0 4464.0
2282.0 973.0
3734.0 5628.0
307.0 7767.0
5111.0 9678.0
300.0 3836.0
1242.0 5074.0
5532.0 6236.0
9964.0 7731.0
5897.0 8445.0
3654.0 7985.0
9556.0 7899.0
4973.0 2623.0
5391.0 9246.0
8917.0 8889.0
7849.0 1462.0
3997.0 9890.0
8300.0 9515.0
7918.0 3299.0
9502.0 3719.0
5597.0 7782.0
2261.0 2463.0
9883.0 4063.0
5919.0 6459.0
7820.0 32.0
6737.0 5190.0
7812.0 1816.0
795.0 8716.0
5536.0 5232.0
514.0 493.0
8959.0 4525.0
6379.0 9384.0
5308.0 7813.0
7992.0 1521.0
5346.0 1149.0
1035.0 5172.0
2802.0 5619.0
9259.0 4291.0
9315.0 4386.0
3088.0 8914.0
7734.0 9092.0
8955.0 3045.0
9127.0 7537.0
5954.0 3234.0
1361.0 7048.0
8926.0 3465.0
9588.0 454.0
9567.0 4560.0
1506.0 4066.0
9670.0 8736.0
2727.0 9606.0
3093.0 2489.0
126.0 4466.0
5566.0 3466.0
3503.0 7237.0
3927.0 9501.0
8417.0 7902.0
8897.0 451.0
5554.0 4627.0
7989.0 6032.0
4456.0 1545.0
7660.0 5293.0
1990.0 4458.0
6300.0 5895.0
8387.0 3874.0
2165.0 3876.0
6217.0 7278.0
2854.0 7045.0
142.0 5069.0
5426.0 7683.0
7806.0 7065.0
8773.0 2710.0
4705.0 8998.0
2333.0 1976.0
8399.0 901.0
7757.0 7860.0
9909.0 1818.0
2624.0 1815.0
2653.0 7736.0
7817.0 6040.0
1778.0 2165.0
2640.0 941.0
9225.0 1265.0
4305.0 1540.0
2404.0 7954.0
867.0 8501.0
6796.0 1894.0
9222.0 1932.0
5369.0 4777.0
2270.0 8632.0
131.0 2822.0
1827.0 5946.0
3695.0 903.0
6419.0 7889.0
1183.0 5212.0
5526.0 1705.0
5347.0 3881.0
4400.0 5530.0
233.0 7470.0
6053.0 311.0
1262.0 3742.0
9512.0 1654.0
2065.0 3626.0
5945.0 9774.0
928.0 7805.0
6764.0 8183.0
2194.0 5812.0
297.0 4311.0
492.0 2083.0
6146.0 7703.0
8114.0 5846.0
8811.0 3972.0
8418.0 4291.0
4704.0 5152.0
599.0 915.0
9137.0 9640.0
3674.0 3458.0
2396.0 7364.0
41.0 8361.0
6497.0 8369.0
1463.0 1134.0
6733.0 5460.0
2819.0 4569.0
4601.0 4080.0
1492.0 9205.0
1221.0 5091.0
2719.0 2953.0
2852.0 8602.0
3783.0 9308.0
2583.0 9537.0
2381.0 6049.0
4841.0 8074.0
7019.0 8848.0
1771.0 654.0
9798.0 6705.0
3131.0 9690.0
4428.0 8611.0
3771.0 2670.0
4839.0 3373.0
5324.0 3798.0
2213.0 6989.0
1191.0 3842.0
826.0 4510.0
6429.0 6357.0
5513.0 5794.0
6646.0 950.0
6140.0 7064.0
2506.0 6733.0
6909.0 2686.0
8927.0 1657.0
869.0 4083.0
610.0 5860.0
2466.0 5195.0
7956.0 9715.0
3497.0 6406.0
16.0 9739.0
314.0 1344.0
3538.0 8015.0
2628.0 3470.0
9740.0 3303.0
6771.0 1878.0
2896.0 4503.0
8755.0 8207.0
7341.0 9623.0
5001.0 9092.0
1998.0 5936.0
1061.0 1055.0
4020.0 9468.0
1214.0 7263.0
5669.0 4496.0
4263.0 8057.0
1003.0 6218.0
3403.0 9676.0
1501.0 2251.0
498.0 8075.0
2215.0 1130.0
7625.0 7265.0
2542.0 8469.0
1240.0 4090.0
8242.0 3949.0
6810.0 3840.0
3776.0 4789.0
4264.0 3624.0
6584.0 3881.0
7123.0 2927.0
7400.0 3235.0
645.0 3241.0
3198.0 5908.0
6856.0 1207.0
1882.0 2084.0
6797.0 2168.0
320.0 7458.0
2861.0 3553.0
9809.0 4593.0
6549.0 6.0
5594.0 427.0
9521.0 4672.0
9526.0 5565.0
8266.0 3551.0
7471.0 3555.0
5267.0 2346.0
5565.0 778.0
2001.0 7706.0
1915.0 147.0
1622.0 7280.0
2861.0 4257.0
1692.0 5506.0
5380.0 6154.0
9794.0 4541.0
9756.0 8404.0
7397.0 2240.0
9093.0 3596.0
9805.0 1613.0
4797.0 1976.0
2565.0 8667.0
9611.0 4346.0
7158.0 8039.0
2316.0 915.0
1351.0 8349.0
683.0 9256.0
2043.0 1676.0
1806.0 7029.0
965.0 4073.0
1385.0 7646.0
6084.0 6544.0
6083.0 9529.0
4063.0 8378.0
5553.0 2135.0
1626.0 7280.0
3232.0 4409.0
6180.0 3185.0
7507.0 3826.0
8553.0 5195.0
7355.0 6688.0
3190.0 3529.0
9057.0 2844.0
3659.0 927.0
3092.0 493.0
3825.0 390.0
2803.0 9228.0
7543.0 8703.0
8946.0 2004.0
2212.0 7627.0
6722.0 9167.0
4055.0 7196.0
4386.0 240.0
5464.0 8014.0
5047.0 1594.0
7273.0 1986.0
5746.0 706.0
1303.0 3377.0
429.0 131.0
1027.0 4626.0
5905.0 6885.0
724.0 3831.0
2395.0 5381.0
5951.0 3302.0
2771.0 4588.0
700.0 1122.0
7092.0 2580.0
9085.0 103.0
1534.0 4143.0
1919.0 1070.0
3317.0 9589.0
1012.0 9884.0
5726.0 5456.0
6572.0 108.0
9842.0 249.0
5530.0 5741.0
2061.0 899.0
1166.0 931.0
9026.0 8080.0
6869.0 6076.0
4061.0 1074.0
9389.0 2239.0
1710.0 5334.0
9444.0 8272.0
9483.0 8409.0
6.0 7588.0
8413.0 2401.0
5150.0 3967.0
6523.0 3616.0
4793.0 8338.0
1805.0 2565.0
3190.0 927.0
3814.0 9997.0
1521.0 5703.0
5477.0 7108.0
7449.0 6525.0
9216.0 604.0
6964.0 6908.0
3997.0 5776.0
6402.0 7821.0
2389.0 3251.0
4957.0 436.0
9255.0 7585.0
565.0 3235.0
6159.0 8367.0
4490.0 5391.0
8100.0 6984.0
2481.0 838.0
1673.0 4722.0
2838.0 9950.0
6258.0 369.0
4249.0 8229.0
2340.0 7979.0
8737.0 3927.0
3552.0 7952.0
7588.0 9019.0
1565.0 7120.0
590.0 428.0
5398.0 5972.0
1446.0 923.0
9272.0 3709.0
4719.0 1616.0
5599.0 4269.0
2141.0 442.0
2209.0 9012.0
8656.0 3575.0
5422.0 4202.0
1044.0 9155.0
3054.0 3970.0
4466.0 5273.0
3972.0 1919.0
4804.0 6609.0
3297.0 7019.0
7119.0 6633.0
4844.0 1984.0
3109.0 4812.0
4922.0 4766.0
2892.0 696.0
4075.0 6351.0
8985.0 9330.0
5875.0 513.0
2818.0 4892.0
4375.0 3688.0
6638.0 1975.0
4312.0 5636.0
6166.0 6416.0
660.0 4057.0
1831.0 109.0
6652.0 8814.0
8968.0 6694.0
1857.0 3944.0
9801.0 7542.0
4409.0 8106.0
2580.0 9964.0
4014.0 6639.0
5718.0 2030.0
4809.0 888.0
7282.0 946.0
9690.0 2970.0
2681.0 4375.0
210.0 6633.0
5919.0 6627.0
8637.0 7385.0
2249.0 4136.0
1297.0 7545.0
2584.0 7132.0
4771.0 4390.0
2522.0 6925.0
9078.0 2051.0
1330.0 711.0
4428.0 337.0
8746.0 8320.0
655.0 6134.0
9935.0 7818.0
919.0 5559.0
1472.0 9371.0
3799.0 7524.0
3691.0 9297.0
360.0 1867.0
7245.0 8708.0
5305.0 7741.0
4247.0 3665.0
3809.0 386.0
6830.0 6255.0
8139.0 6986.0
8479.0 8503.0
669.0 4750.0
5989.0 3542.0
2370.0 6888.0
2405.0 940.0
8404.0 4652.0
3783.0 5616.0
4900.0 6096.0
5140.0 2245.0
3528.0 4733.0
3425.0 9565.0
2972.0 3730.0
7885.0 1520.0
8888.0 3836.0
659.0 4625.0
6476.0 5678.0
2960.0 3492.0
2237.0 9607.0
4694.0 8909.0
4041.0 8749.0
7873.0 5408.0
1095.0 3438.0
6663.0 7719.0
7913.0 7673.0
9431.0 8032.0
8898.0 782.0
630.0 8476.0
2626.0 9955.0
2885.0 5740.0
7440.0 1798.0
2128.0 7237.0
2461.0 3583.0
1122.0 726.0
599.0 7360.0
9248.0 1824.0
2694.0 2582.0
8886.0 6295.0
4355.0 5418.0
1254.0 6552.0
9633.0 5422.0
7048.0 4273.0
8097.0 2703.0
9745.0 3553.0
4443.0 1283.0
1908.0 1505.0
2216.0 6790.0
7355.0 5711.0
5762.0 9161.0
4539.0 465.0
6996.0 3510.0
8989.0 6189.0
6105.0 4833.0
5170.0 8963.0
7778.0 4712.0
602.0 9565.0
7058.0 674.0
7607.0 3950.0
1433.0 1383.0
515.0 9567.0
8256.0 3320.0
8697.0 4436.0
9104.0 7112.0
8269.0 8406.0
5162.0 4188.0
7821.0 8492.0
256.0 6908.0
6019.0 2717.0
619.0 7845.0
1439.0 9372.0
2999.0 6372.0
7472.0 1099.0
5206.0 3228.0
7668.0 5726.0
5710.0 6219.0
9354.0 8252.0
1373.0 2720.0
5893.0 913.0
4940.0 7149.0
422.0 723.0
6368.0 4068.0
6429.0 6425.0
4612.0 75.0
3019.0 9248.0
8957.0 165.0
5215.0 4401.0
1507.0 6698.0
2159.0 2698.0
4927.0 1672.0
8546.0 4253.0
2039.0 5433.0
7158.0 8629.0
6381.0 7503.0
2847.0 8388.0
5319.0 7692.0
803.0 5426.0
9823.0 8148.0
4488.0 2030.0
7507.0 9514.0
1055.0 1056.0
8029.0 6860.0
4632.0 2149.0
2458.0 3547.0
298.0 3421.0
711.0 3689.0
4126.0 489.0
3652.0 6383.0
7122.0 7308.0
8967.0 7362.0
3432.0 5691.0
2410.0 6243.0

4316.0 2649.0
5225.0 2207.0
4.0 7953.0
5609.0 8000.0
854.0 9427.0
8613.0 9313.0
7184.0 6774.0
9177.0 9925.0
3276.0 6049.0
4130.0 2869.0
8197.0 3747.0
8993.0 9860.0
3333.0 7999.0
1355.0 3463.0
7011.0 3746.0
2423.0 156.0
9033.0 1368.0
888.0 4981.0
485.0 634.0
5650.0 908.0
6673.0 4402.0
6543.0 8607.0
3536.0 9006.0
4649.0 4766.0
392.0 680.0
6313.0 9660.0
4346.0 30.0
7428.0 7076.0
4266.0 8868.0
7141.0 2308.0
4599.0 6393.0
2548.0 6374.0
1951.0 4097.0
8470.0 7098.0
9757.0 1329.0
8961.0 246.0
8856.0 5921.0
9582.0 6369.0
4398.0 6784.0
2111.0 1520.0
1855.0 7902.0
5730.0 2504.0
7554.0 5641.0
1340.0 9830.0
1539.0 3763.0
8064.0 4027.0
3125.0 3087.0
3574.0 3502.0
2016.0 5184.0
2327.0 4565.0
309.0 2054.0
8303.0 6832.0
3243.0 6158.0
1366.0 9647.0
9077.0 7765.0
8842.0 7679.0
885.0 8979.0
6408.0 6373.0
5691.0 6400.0
4902.0 428.0
8738.0 6816.0
2150.0 919.0
3268.0 2837.0
1422.0 9304.0
8672.0 7897.0
607.0 8896.0
2349.0 2518.0
8708.0 7031.0
3119.0 6282.0
8774.0 3561.0
6559.0 2395.0
8855.0 3847.0
5104.0 4259.0
5077.0 6900.0
8264.0 6001.0
3466.0 1871.0
808.0 1317.0
9592.0 8513.0
9279.0 7602.0
7647.0 9814.0
9670.0 4736.0
3072.0 7415.0
1629.0 464.0
5300.0 3057.0
7039.0 6780.0
9760.0 1634.0
3329.0 4217.0
703.0 4069.0
4354.0 3478.0
8985.0 681.0
4216.0 6310.0
1379.0 8167.0
1864.0 23.0
551.0 5895.0
6816.0 2593.0
7256.0 9658.0
8890.0 7752.0
8913.0 3586.0
7245.0 1973.0
1108.0 3300.0
6632.0 7759.0
1150.0 6086.0
1163.0 190.0
5296.0 6134.0
8500.0 6076.0
3713.0 5611.0
9753.0 7690.0
9799.0 4659.0
2999.0 5472.0
2972.0 6005.0
739.0 6591.0
6511.0 2368.0
4144.0 8853.0
4554.0 7299.0
9461.0 1765.0
4865.0 2622.0
4414.0 9268.0
6462.0 8162.0
4964.0 1002.0
3710.0 1887.0
5256.0 1506.0
984.0 1174.0
6146.0 9309.0
4497.0 8314.0
112.0 296.0
399.0 5966.0
2938.0 2266.0
752.0 683.0
4996.0 116.0
1470.0 5208.0
7513.0 3524.0
8838.0 2680.0
1611.0 1600.0
3713.0 8437.0
554.0 1374.0
4994.0 7546.0
7989.0 9550.0
6475.0 8761.0
7553.0 9446.0
3679.0 8056.0
1703.0 7533.0
9783.0 7389.0
130.0 6476.0
2202.0 6875.0
571.0 4103.0
3995.0 1029.0
7424.0 210.0
6629.0 2238.0
5952.0 5615.0
3241.0 7134.0
2505.0 384.0
3998.0 4010.0
3534.0 630.0
7635.0 1990.0
8816.0 5814.0
5803.0 5066.0
6691.0 939.0
9293.0 6679.0
1680.0 589.0
7781.0 3051.0
7366.0 4178.0
7144.0 5858.0
9822.0 4368.0
993.0 7479.0
9503.0 3043.0
5509.0 4427.0
1932.0 1768.0
9169.0 7177.0
10004.0 6123.0
1491.0 7018.0
3296.0 5865.0
7371.0 3101.0
2232.0 5303.0
6138.0 5361.0
7422.0 793.0
6922.0 1474.0
7063.0 4806.0
4412.0 8484.0
7740.0 8437.0
1647.0 2309.0
6463.0 6808.0
8917.0 760.0
4324.0 4241.0
377.0 8251.0
4604.0 8667.0
2463.0 2839.0
661.0 7110.0
766.0 8801.0
1525.0 6753.0
4371.0 383.0
5449.0 8410.0
9378.0 4869.0
4347.0 1878.0
5595.0 5692.0
4445.0 5071.0
3081.0 8683.0
985.0 1324.0
7623.0 7166.0
7349.0 1810.0
6713.0 4057.0
1446.0 2479.0
182.0 1613.0
4719.0 7423.0
2046.0 2015.0
1633.0 3078.0
2700.0 4426.0
9947.0 201.0
3039.0 6739.0
4708.0 3018.0
4603.0 2591.0
1236.0 7446.0
2380.0 6907.0
4985.0 2825.0
9345.0 5560.0
8656.0 4077.0
4317.0 7354.0
9357.0 3673.0
7285.0 8975.0
1220.0 5356.0
8769.0 6088.0
1279.0 4027.0
2311.0 6231.0
8995.0 8693.0
1742.0 1676.0
2266.0 7897.0
7270.0 2917.0
5262.0 9570.0
7027.0 5961.0
5958.0 9668.0
3181.0 9075.0
3709.0 6562.0
4179.0 7143.0
9702.0 554.0
7254.0 4334.0
5668.0 457.0
7795.0 8202.0
8679.0 1642.0
4667.0 894.0
2387.0 2475.0
3085.0 5674.0
7574.0 8546.0
9165.0 9344.0
7338.0 6603.0
2715.0 3802.0
4789.0 2645.0
7421.0 2356.0
3581.0 1009.0
9956.0 8990.0
4175.0 3951.0
2205.0 1212.0
1136.0 3575.0
3112.0 9666.0
9336.0 549.0
9333.0 189.0
9429.0 6528.0
6241.0 6443.0
5432.0 9662.0
3409.0 3802.0
9753.0 5167.0
1171.0 7671.0
3558.0 5300.0
7352.0 1882.0
2774.0 5702.0
5787.0 5328.0
2637.0 7517.0
710.0 7526.0
6081.0 7178.0
3629.0 6245.0
3870.0 8284.0
1778.0 2879.0
6775.0 2514.0
9764.0 3715.0
2705.0 8935.0
8485.0 7787.0
4083.0 3653.0
7950.0 4430.0
3368.0 4235.0
3082.0 6277.0
7034.0 5775.0
4100.0 5772.0
909.0 8047.0
5616.0 5925.0
2156.0 5660.0
1011.0 8463.0
5814.0 5599.0
1198.0 5026.0
6214.0 9119.0
9409.0 9571.0
6128.0 7343.0
6049.0 2669.0
9004.0 2539.0
270.0 845.0
2140.0 9433.0
7343.0 6622.0
1159.0 3528.0
3426.0 7431.0
8594.0 5789.0
1844.0 4085.0
2013.0 5662.0
7468.0 1917.0
9439.0 6780.0
8317.0 304.0
2503.0 2333.0
5939.0 8731.0
127.0 9478.0
8742.0 17.0
8107.0 4701.0
4801.0 3921.0
2446.0 4559.0
3309.0 6762.0
6809.0 8734.0
6216.0 5231.0
6887.0 4754.0
4209.0 5038.0
7128.0 6375.0
3594.0 7588.0
7558.0 9951.0
3207.0 316.0
1166.0 5790.0
2942.0 8893.0
4620.0 3855.0
8007.0 1898.0
7703.0 5726.0
5498.0 1197.0
9299.0 7280.0
2405.0 3631.0
326.0 8957.0
6649.0 2209.0
6392.0 3034.0
5235.0 7470.0
5607.0 9859.0
6154.0 2159.0
9344.0 7398.0
3102.0 4900.0
6313.0 1066.0
4644.0 1020.0
2843.0 3215.0
1900.0 1197.0
4646.0 4223.0
1397.0 1077.0
7982.0 9573.0
2123.0 7552.0
545.0 9861.0
8443.0 9841.0
4925.0 3107.0
2962.0 6041.0
6.0 1352.0
5913.0 8326.0
8137.0 5874.0
204.0 2444.0
8452.0 7989.0
3710.0 9675.0
9150.0 4852.0
2900.0 1926.0
4139.0 2139.0
4443.0 3125.0
1851.0 8045.0
3827.0 2558.0
6598.0 5523.0
2673.0 8345.0
5332.0 2158.0
8761.0 1694.0
5128.0 9585.0
5442.0 5105.0
9270.0 6906.0
9501.0 201.0
2300.0 4965.0
9074.0 3312.0
6834.0 922.0
5723.0 9540.0
7546.0 5067.0
7285.0 8387.0
154.0 4232.0
583.0 6698.0
5742.0 8751.0
5581.0 7000.0
3307.0 2382.0
5144.0 1971.0
5848.0 7092.0
6931.0 8151.0
7861.0 7128.0
6576.0 4597.0
4596.0 9274.0
3737.0 4611.0
5936.0 8744.0
5131.0 1246.0
209.0 2562.0
1107.0 9706.0
5841.0 4926.0
4944.0 2355.0
1151.0 1387.0
6387.0 4455.0
5192.0 1308.0
3583.0 1326.0
4925.0 528.0
10001.0 68.0
6636.0 8565.0
5415.0 1548.0
1915.0 7401.0
2595.0 773.0
1061.0 1125.0
3756.0 6317.0
9257.0 8450.0
3429.0 2024.0
3372.0 2479.0
6791.0 6558.0
9750.0 4622.0
5099.0 9044.0
5802.0 2103.0
2314.0 1430.0
814.0 967.0
9524.0 717.0
3751.0 8974.0
6240.0 6772.0
8477.0 5332.0
227.0 3833.0
9181.0 6670.0
9897.0 6407.0
1415.0 1145.0
5917.0 2703.0
6542.0 5117.0
1125.0 1286.0
8.0 9317.0
336.0 9092.0
6228.0 3886.0
4158.0 1491.0
5466.0 4237.0
3422.0 7538.0
585.0 2129.0
3293.0 6094.0
3962.0 8870.0
8735.0 991.0
7462.0 93.0
5343.0 5859.0
826.0 3956.0
2206.0 1836.0
6277.0 7255.0
5891.0 3794.0
9772.0 6307.0
7129.0 3237.0
1656.0 2040.0
4328.0 8570.0
2165.0 1215.0
488.0 5855.0
9571.0 8157.0
2670.0 5771.0
1322.0 3959.0
5540.0 4901.0
1061.0 2526.0
3183.0 2018.0
6855.0 5405.0
5705.0 2556.0
8462.0 9806.0
9787.0 6912.0
4054.0 6710.0
4742.0 734.0
9174.0 8528.0
8237.0 7875.0
3316.0 8144.0
8203.0 9190.0
1992.0 3843.0
118.0 2794.0
4594.0 6983.0
1194.0 3995.0
955.0 1838.0
5617.0 5546.0
1906.0 9538.0
7413.0 1356.0
1738.0 493.0
70.0 9374.0
2868.0 2258.0
4474.0 1775.0
5590.0 2202.0
9322.0 3103.0
8274.0 6946.0
537.0 9581.0
5806.0 2930.0
8866.0 5204.0
6714.0 5082.0
7206.0 2804.0
1734.0 2946.0
1769.0 738.0
9235.0 6233.0
3727.0 8391.0
5330.0 4170.0
381.0 6111.0
9021.0 5581.0
7486.0 7792.0
5242.0 9118.0
6851.0 6719.0
1143.0 5535.0
5768.0 7883.0
3455.0 6451.0
7420.0 2408.0
7326.0 6467.0
3833.0 2246.0
9432.0 8119.0
5501.0 5823.0
758.0 1520.0
4262.0 7798.0
6847.0 3122.0
8549.0 8579.0
5946.0 548.0
2601.0 1784.0
7812.0 2846.0
3734.0 297.0
8606.0 8137.0
4296.0 4093.0
9673.0 3028.0
7383.0 5486.0
593.0 734.0
7917.0 9966.0
9332.0 7308.0
3221.0 3290.0
4864.0 7887.0
9652.0 8011.0
104.0 7386.0
4405.0 5064.0
5496.0 2557.0
4120.0 8612.0
6130.0 4784.0
4336.0 4817.0
7720.0 5580.0
6453.0 7655.0
9305.0 9189.0
1267.0 7507.0
3017.0 9172.0
677.0 628.0
3771.0 8438.0
1707.0 188.0
4240.0 4594.0
9376.0 2062.0
2930.0 5065.0
7595.0 991.0
5770.0 8868.0
9637.0 5325.0
3999.0 4469.0
2287.0 979.0
3739.0 5633.0
312.0 7771.0
5116.0 9683.0
305.0 3842.0
1248.0 5080.0
5537.0 6241.0
9968.0 7735.0
5902.0 8449.0
3658.0 7990.0
9562.0 7905.0
4978.0 2629.0
5396.0 9251.0
8922.0 8893.0
7854.0 1468.0
4002.0 9895.0
8306.0 9519.0
7923.0 3305.0
9507.0 3723.0
5602.0 7788.0
2266.0 2467.0
9887.0 4069.0
5923.0 6465.0
7825.0 38.0
6742.0 5196.0
7816.0 1821.0
800.0 8720.0
5540.0 5236.0
519.0 499.0
8963.0 4531.0
6385.0 9388.0
5314.0 7818.0
7998.0 1527.0
5351.0 1154.0
1039.0 5177.0
2807.0 5625.0
9264.0 4296.0
9319.0 4391.0
3094.0 8920.0
7739.0 9096.0
8960.0 3051.0
9132.0 7542.0
5960.0 3239.0
1366.0 7053.0
8931.0 3470.0
9593.0 459.0
9572.0 4565.0
1511.0 4072.0
9675.0 8742.0
2733.0 9611.0
3097.0 2494.0
132.0 4472.0
5571.0 3472.0
3508.0 7242.0
3932.0 9507.0
8422.0 7907.0
8902.0 455.0
5558.0 4631.0
7994.0 6038.0
4461.0 1550.0
7665.0 5299.0
1995.0 4463.0
6305.0 5900.0
8392.0 3878.0
2169.0 3880.0
6221.0 7284.0
2859.0 7049.0
147.0 5073.0
5430.0 7688.0
7812.0 7071.0
8778.0 2715.0
4710.0 9002.0
2337.0 1981.0
8404.0 906.0
7763.0 7865.0
9913.0 1822.0
2629.0 1820.0
2658.0 7741.0
7822.0 6046.0
1783.0 2169.0
2645.0 946.0
9230.0 1270.0
4309.0 1545.0
2409.0 7959.0
872.0 8506.0
6801.0 1899.0
9226.0 1936.0
5374.0 4783.0
2276.0 8637.0
135.0 2828.0
1832.0 5951.0
3701.0 909.0
6424.0 7894.0
1189.0 5217.0
5532.0 1709.0
5352.0 3887.0
4406.0 5534.0
238.0 7474.0
6058.0 316.0
1266.0 3746.0
9517.0 1659.0
2069.0 3631.0
5951.0 9778.0
933.0 7809.0
6769.0 8188.0
2200.0 5818.0
302.0 4315.0
496.0 2088.0
6150.0 7708.0
8120.0 5850.0
8815.0 3976.0
8423.0 4295.0
4709.0 5157.0
605.0 920.0
9142.0 9646.0
3679.0 3464.0
2400.0 7370.0
45.0 8365.0
6501.0 8373.0
1468.0 1140.0
6738.0 5465.0
2824.0 4574.0
4606.0 4085.0
1498.0 9211.0
1226.0 5096.0
2724.0 2957.0
2857.0 8608.0
3789.0 9313.0
2587.0 9541.0
2385.0 6053.0
4846.0 8078.0
7025.0 8852.0
1776.0 659.0
9804.0 6709.0
3135.0 9695.0
4434.0 8616.0
3776.0 2674.0
4843.0 3378.0
5328.0 3804.0
2219.0 6994.0
1197.0 3846.0
831.0 4516.0
6433.0 6362.0
5519.0 5799.0
6651.0 955.0
6145.0 7070.0
2510.0 6739.0
6915.0 2692.0
8932.0 1663.0
873.0 4089.0
615.0 5866.0
2472.0 5201.0
7961.0 9720.0
3502.0 6412.0
20.0 9743.0
319.0 1348.0
3542.0 8019.0
2632.0 3475.0
9744.0 3309.0
6775.0 1883.0
2902.0 4508.0
8760.0 8212.0
7345.0 9628.0
5007.0 9098.0
2003.0 5941.0
1066.0 1059.0
4025.0 9473.0
1219.0 7268.0
5673.0 4501.0
4267.0 8062.0
1009.0 6223.0
3407.0 9680.0
1506.0 2255.0
503.0 8081.0
2221.0 1135.0
7630.0 7270.0
2547.0 8473.0
1245.0 4094.0
8247.0 3954.0
6815.0 3845.0
3782.0 4794.0
4269.0 3630.0
6590.0 3886.0
7128.0 2932.0
7405.0 3240.0
650.0 3246.0
3203.0 5914.0
6860.0 1213.0
1887.0 2088.0
6802.0 2173.0
325.0 7463.0
2866.0 3557.0
9813.0 4598.0
6554.0 11.0
5599.0 432.0
9526.0 4676.0
9531.0 5570.0
8271.0 3556.0
7476.0 3560.0
5273.0 2351.0
5569.0 784.0
2006.0 7710.0
1920.0 152.0
1627.0 7284.0
2865.0 4262.0
1698.0 5510.0
5384.0 6159.0
9799.0 4546.0
9761.0 8410.0
7402.0 2244.0
9099.0 3601.0
9809.0 1619.0
4802.0 1980.0
2570.0 8671.0
9617.0 4351.0
7162.0 8044.0
2322.0 920.0
1355.0 8354.0
687.0 9261.0
2048.0 1682.0
1811.0 7034.0
971.0 4077.0
1390.0 7652.0
6089.0 6548.0
6088.0 9533.0
4068.0 8383.0
5559.0 2141.0
1630.0 7285.0
3237.0 4414.0
6186.0 3189.0
7511.0 3832.0
8558.0 5200.0
7360.0 6693.0
3195.0 3533.0
9063.0 2849.0
3663.0 932.0
3096.0 498.0
3831.0 396.0
2807.0 9233.0
7548.0 8707.0
8950.0 2008.0
2218.0 7632.0
6726.0 9172.0
4059.0 7202.0
4391.0 244.0
5469.0 8019.0
5053.0 1599.0
7278.0 1990.0
5751.0 711.0
1308.0 3381.0
435.0 136.0
1032.0 4631.0
5910.0 6889.0
729.0 3836.0
2399.0 5386.0
5956.0 3306.0
2776.0 4594.0
705.0 1127.0
7096.0 2585.0
9090.0 108.0
1540.0 4148.0
1924.0 1075.0
3322.0 9594.0
1017.0 9888.0
5731.0 5461.0
6578.0 113.0
9846.0 255.0
5536.0 5747.0
2066.0 903.0
1171.0 935.0
9030.0 8086.0
6874.0 6081.0
4066.0 1080.0
9394.0 2244.0
1715.0 5338.0
9449.0 8276.0
9487.0 8413.0
10.0 7593.0
8417.0 2406.0
5155.0 3973.0
6528.0 3621.0
4797.0 8343.0
1810.0 2570.0
3195.0 932.0
3820.0 10002.0
1527.0 5708.0
5482.0 7112.0
7454.0 6530.0
9221.0 609.0
6969.0 6914.0
4002.0 5780.0
6408.0 7827.0
2394.0 3255.0
4963.0 440.0
9260.0 7589.0
570.0 3240.0
6164.0 8371.0
4495.0 5396.0
8105.0 6990.0
2486.0 844.0
1679.0 4727.0
2844.0 9954.0
6264.0 373.0
4253.0 8234.0
2344.0 7985.0
8743.0 3931.0
3556.0 7957.0
7593.0 9024.0
1570.0 7126.0
595.0 433.0
5404.0 5977.0
1450.0 928.0
9276.0 3714.0
4724.0 1621.0
5604.0 4275.0
2147.0 448.0
2215.0 9016.0
8661.0 3580.0
5426.0 4208.0
1050.0 9160.0
3060.0 3974.0
4470.0 5278.0
3977.0 1923.0
4810.0 6615.0
3302.0 7025.0
7124.0 6638.0
4849.0 1989.0
3114.0 4818.0
4926.0 4770.0
2897.0 700.0
4080.0 6356.0
8989.0 9334.0
5880.0 518.0
2824.0 4898.0
4379.0 3692.0
6642.0 1979.0
4317.0 5640.0
6171.0 6420.0
665.0 4062.0
1836.0 114.0
6657.0 8819.0
8972.0 6698.0
1862.0 3949.0
9806.0 7547.0
4414.0 8112.0
2584.0 9969.0
4019.0 6644.0
5723.0 2035.0
4813.0 893.0
7287.0 950.0
9695.0 2976.0
2685.0 4380.0
215.0 6638.0
5923.0 6632.0
8641.0 7390.0
2255.0 4140.0
1302.0 7550.0
2590.0 7136.0
4777.0 4394.0
2527.0 6930.0
9082.0 2055.0
1336.0 717.0
4433.0 341.0
8751.0 8324.0
660.0 6139.0
9941.0 7823.0
924.0 5563.0
1477.0 9375.0
3804.0 7529.0
3697.0 9303.0
364.0 1873.0
7250.0 8713.0
5310.0 7747.0
4252.0 3670.0
3813.0 391.0
6835.0 6259.0
8144.0 6991.0
8484.0 8508.0
673.0 4755.0
5993.0 3546.0
2375.0 6894.0
2410.0 945.0
8409.0 4657.0
3788.0 5621.0
4905.0 6101.0
5145.0 2251.0
3533.0 4738.0
3430.0 9570.0
2978.0 3734.0
7890.0 1524.0
8893.0 3841.0
665.0 4630.0
6481.0 5683.0
2965.0 3497.0
2242.0 9612.0
4699.0 8915.0
4046.0 8755.0
7877.0 5413.0
1101.0 3443.0
6669.0 7724.0
7918.0 7678.0
9435.0 8038.0
8903.0 786.0
636.0 8481.0
2631.0 9959.0
2890.0 5745.0
7444.0 1804.0
2134.0 7243.0
2465.0 3587.0
1126.0 731.0
604.0 7364.0
9253.0 1829.0
2699.0 2586.0
8891.0 6300.0
4359.0 5423.0
1259.0 6558.0
9638.0 5427.0
7052.0 4278.0
8101.0 2708.0
9750.0 3558.0
4448.0 1289.0
1914.0 1509.0
2221.0 6795.0
7360.0 5715.0
5768.0 9167.0
4543.0 471.0
7000.0 3514.0
8994.0 6193.0
6110.0 4837.0
5174.0 8967.0
7783.0 4716.0
607.0 9569.0
7062.0 680.0
7613.0 3956.0
1438.0 1389.0
521.0 9573.0
8260.0 3324.0
8702.0 4440.0
9108.0 7117.0
8274.0 8411.0
5166.0 4193.0
7826.0 8498.0
261.0 6912.0
6025.0 2721.0
624.0 7851.0
1445.0 9377.0
3005.0 6376.0
7476.0 1105.0
5211.0 3233.0
7673.0 5732.0
5715.0 6223.0
9358.0 8256.0
1378.0 2725.0
5897.0 917.0
4945.0 7154.0
427.0 729.0
6372.0 4073.0
6434.0 6430.0
4618.0 79.0
3024.0 9252.0
8962.0 170.0
5220.0 4406.0
1512.0 6704.0
2164.0 2704.0
4933.0 1678.0
8552.0 4257.0
2044.0 5438.0
7164.0 8634.0
6387.0 7508.0
2851.0 8393.0
5324.0 7697.0
808.0 5431.0
9829.0 8153.0
4493.0 2034.0
7511.0 9520.0
1059.0 1060.0
8034.0 6865.0
4637.0 2154.0
2462.0 3552.0
303.0 3426.0
716.0 3694.0
4130.0 493.0
3658.0 6388.0
7128.0 7313.0
8972.0 7366.0
3436.0 5695.0
2415.0 6248.0
