1
1024 1 3.0 0.0 1000.0 3 160 240 100

6.5 13.5 29.3 58.5
13.0 27.0 58.5 117.0
19.5 40.5 87.8 175.5
26.0 54.0 117.0 234.0
39.0 81.0 175.5 351.0
52.0 108.0 234.0 468.0
58.5 121.5 263.3 526.5
65.0 135.0 292.5 585.0
78.0 162.0 351.0 702.0
0.0 180.0 390.0 780.0

2.0 5.0 8.0 11.0
5.0 8.0 11.0 14.0
9.0 12.0 15.0 18.0
11.0 14.0 17.0 20.0
15.0 18.0 21.0 24.0
18.0 21.0 24.0 27.0
20.0 23.0 26.0 29.0
25.0 28.0 31.0 34.0
29.0 32.0 35.0 38.0
0.0 34.0 37.0 40.0

8177.0 6885.0
6157.0 8853.0
8106.0 6221.0
4557.0 142.0
9698.0 1502.0
7569.0 2383.0
554.0 6628.0
8528.0 3464.0
4000.0 2454.0
8492.0 7687.0
8037.0 3998.0
1161.0 8317.0
1010.0 4748.0
4381.0 2876.0
4342.0 4984.0
9830.0 9338.0
5200.0 3518.0
4994.0 3895.0
4429.0 4769.0
4022.0 3449.0
7609.0 5595.0
6580.0 8513.0
9599.0 8792.0
6289.0 4653.0
5399.0 2666.0
2854.0 3173.0
2698.0 8602.0
4494.0 4178.0
3954.0 1043.0
9757.0 7689.0
8354.0 6787.0
343.0 981.0
6514.0 3027.0
9014.0 2793.0
3261.0 6028.0
9210.0 7592.0
6354.0 4882.0
5468.0 5538.0
1498.0 7234.0
6241.0 6321.0
6496.0 6401.0
3220.0 7547.0
9892.0 1798.0
3764.0 807.0
1965.0 7082.0
5541.0 1123.0
8411.0 2937.0
4970.0 7922.0
9580.0 3898.0
3583.0 8197.0
604.0 1147.0
8894.0 5032.0
285.0 5675.0
8881.0 7141.0
9076.0 8749.0
1685.0 7599.0
9023.0 9069.0
4632.0 2421.0
1007.0 8549.0
9159.0 2146.0
7145.0 1140.0
779.0 2113.0
8701.0 1584.0
5647.0 9563.0
2355.0 3541.0
7870.0 8259.0
184.0 8983.0
4126.0 3770.0
1206.0 3288.0
4717.0 5086.0
4836.0 2923.0
2648.0 736.0
9118.0 5154.0
4836.0 65.0
9060.0 1687.0
2048.0 2838.0
2952.0 647.0
6677.0 2830.0
6995.0 3826.0
9947.0 3580.0
1111.0 8597.0
2654.0 6948.0
1267.0 6419.0
6046.0 7666.0
6185.0 2346.0
1944.0 9533.0
8773.0 2441.0
3700.0 1415.0
5136.0 8536.0
2096.0 3724.0
6516.0 2221.0
2793.0 8534.0
2017.0 2500.0
4415.0 9000.0
2465.0 4015.0
8891.0 6242.0
8240.0 5256.0
8137.0 4360.0
6466.0 8672.0
3693.0 6746.0
5368.0 7097.0
8404.0 9348.0
6185.0 3403.0
1764.0 9065.0
5461.0 2792.0
3010.0 7925.0
3092.0 9653.0
8564.0 6211.0
3954.0 3379.0
2952.0 206.0
3487.0 76.0
4758.0 2716.0
72.0 9566.0
1762.0 7034.0
9558.0 9606.0
1821.0 7514.0
9789.0 1729.0
8629.0 2413.0
5484.0 5634.0
3932.0 7173.0
6323.0 1519.0
314.0 8795.0
3579.0 2290.0
1153.0 4483.0
3171.0 57.0
6846.0 211.0
5465.0 3815.0
8902.0 7386.0
4686.0 7747.0
6016.0 8260.0
3296.0 2046.0
8710.0 3269.0
9184.0 679.0
1656.0 5947.0
6014.0 3000.0
5272.0 3597.0
9602.0 8638.0
704.0 4369.0
5645.0 7554.0
4782.0 3911.0
6685.0 9711.0
4064.0 7265.0
8634.0 1232.0
9563.0 4163.0
9721.0 6502.0
6254.0 8398.0
7221.0 8093.0
3979.0 4414.0
9804.0 8945.0
8835.0 6808.0
5858.0 3717.0
6646.0 878.0
648.0 8712.0
2642.0 4905.0
7654.0 2299.0
3918.0 7319.0
1933.0 238.0
3795.0 4416.0
5876.0 2837.0
9676.0 6797.0
189.0 3332.0
8500.0 5182.0
5473.0 9429.0
6397.0 8772.0
2225.0 2399.0
1644.0 1815.0
9650.0 663.0
2519.0 6553.0
6092.0 7258.0
4171.0 3196.0
6476.0 3117.0
1085.0 103.0
4586.0 567.0
4258.0 9827.0
534.0 3958.0
4688.0 9188.0
6291.0 6847.0
7268.0 4040.0
4604.0 7637.0
1697.0 1892.0
9166.0 8103.0
9501.0 8054.0
6393.0 1694.0
8773.0 3467.0
1655.0 1056.0
729.0 4881.0
5301.0 6659.0
4679.0 547.0
6358.0 968.0
524.0 7086.0
4223.0 5056.0
371.0 5705.0
1225.0 7075.0
3372.0 8403.0
1393.0 4511.0
387.0 7369.0
3292.0 4616.0
7577.0 3193.0
7268.0 9955.0
519.0 86.0
9964.0 8464.0
2956.0 8760.0
1450.0 9938.0
6774.0 133.0
2825.0 3369.0
2317.0 5520.0
4642.0 2037.0
628.0 1489.0
8999.0 5784.0
1735.0 18.0
657.0 2365.0
5565.0 7152.0
5039.0 2310.0
4609.0 5793.0
3446.0 4191.0
9910.0 808.0
8364.0 9733.0
4513.0 7105.0
4186.0 651.0
944.0 3854.0
1231.0 1664.0
1836.0 505.0
3388.0 6564.0
5313.0 2774.0
2246.0 6783.0
9206.0 9259.0
3061.0 4352.0
730.0 1856.0
413.0 3682.0
708.0 5623.0
3901.0 9062.0
3953.0 6278.0
6728.0 7312.0
9892.0 5973.0
2531.0 7483.0
65.0 529.0
8303.0 2029.0
1564.0 3780.0
3766.0 6370.0
8041.0 7194.0
35.0 6242.0
2372.0 5444.0
2935.0 4772.0
7593.0 1079.0
8816.0 3666.0
5180.0 3972.0
3224.0 5453.0
2320.0 3699.0
5274.0 6170.0
2227.0 5518.0
3074.0 425.0
4138.0 3111.0
8064.0 3235.0
2078.0 3759.0
8604.0 5571.0
3996.0 4099.0
5684.0 3005.0
5369.0 7141.0
6082.0 9383.0
3891.0 3710.0
846.0 9945.0
4330.0 3959.0
9434.0 788.0
5165.0 7146.0
2373.0 4101.0
1106.0 303.0
7789.0 1084.0
8091.0 9003.0
9644.0 6957.0
9865.0 5846.0
8065.0 4979.0
7751.0 4865.0
4571.0 8896.0
7693.0 2488.0
7595.0 5720.0
1202.0 8242.0
6118.0 3265.0
9279.0 848.0
1789.0 9342.0
932.0 7874.0
2365.0 2040.0
390.0 9616.0
1839.0 2999.0
9601.0 369.0
5097.0 8088.0
5135.0 2744.0
7458.0 2410.0
1076.0 3207.0
1949.0 9037.0
2017.0 9498.0
9666.0 3402.0
2753.0 3089.0
1075.0 7747.0
3775.0 2359.0
8603.0 2555.0
4169.0 4636.0
3367.0 4375.0
6015.0 7776.0
1397.0 1947.0
6899.0 4446.0
7206.0 5054.0
9627.0 4767.0
5054.0 3003.0
750.0 5494.0
756.0 2161.0
1999.0 6377.0
9399.0 4445.0
1234.0 6891.0
6797.0 1196.0
2008.0 8982.0
5055.0 9342.0
3341.0 3994.0
5092.0 9258.0
3815.0 4453.0
1454.0 6262.0
6589.0 3859.0
7301.0 122.0
4433.0 159.0
9892.0 9529.0
6377.0 1057.0
9430.0 919.0
97.0 1834.0
6626.0 3577.0
6613.0 8834.0
6816.0 5422.0
6419.0 4288.0
1002.0 6406.0
8642.0 628.0
6655.0 8921.0
7326.0 4973.0
3632.0 7143.0
1455.0 6931.0
3071.0 9717.0
7797.0 5397.0
9600.0 2703.0
8195.0 2505.0
9719.0 2200.0
5383.0 5394.0
1713.0 8548.0
3945.0 8958.0
4929.0 6542.0
5514.0 5243.0
8792.0 8553.0
9807.0 7654.0
4390.0 9984.0
5606.0 638.0
3998.0 8970.0
8276.0 7996.0
6374.0 4730.0
2940.0 5512.0
8199.0 1498.0
4890.0 6038.0
4495.0 7435.0
1349.0 7711.0
3378.0 444.0
1186.0 8468.0
3010.0 5300.0
1677.0 2518.0
1076.0 9001.0
3928.0 6933.0
9661.0 3772.0
1039.0 9032.0
874.0 9615.0
5638.0 7713.0
1052.0 836.0
5864.0 4396.0
3924.0 3456.0
1409.0 1755.0
5566.0 2917.0
3729.0 879.0
6504.0 4000.0
7006.0 54.0
8822.0 7378.0
8982.0 805.0
8620.0 9696.0
3259.0 9382.0
6674.0 6623.0
7156.0 4338.0
2653.0 751.0
1749.0 3376.0
742.0 8801.0
3166.0 5118.0
7029.0 5004.0
6771.0 3972.0
1489.0 110.0
8302.0 8747.0
9944.0 7910.0
8600.0 8194.0
3830.0 3705.0
1006.0 9127.0
8122.0 1622.0
3037.0 5291.0
290.0 203.0
6443.0 7648.0
5607.0 8172.0
2246.0 9229.0
6690.0 4797.0
9856.0 233.0
7602.0 1761.0
1881.0 1531.0
5381.0 5963.0
8712.0 7229.0
4344.0 5143.0
9504.0 9474.0
1012.0 775.0
8640.0 1150.0
17.0 5113.0
9289.0 4633.0
3836.0 1821.0
8153.0 7276.0
1704.0 2100.0
8012.0 6776.0
5561.0 715.0
7161.0 2098.0
3381.0 8856.0
7341.0 8113.0
2736.0 3218.0
4277.0 4618.0
9947.0 3251.0
7403.0 2898.0
2674.0 955.0
7904.0 5500.0
6294.0 167.0
6646.0 7377.0
6921.0 4735.0
6120.0 9072.0
6417.0 7496.0
2989.0 5097.0
7254.0 4478.0
344.0 3181.0
7561.0 1234.0
1266.0 2552.0
9229.0 730.0
7800.0 1897.0
4409.0 4686.0
1945.0 196.0
8262.0 2799.0
7756.0 6068.0
8310.0 6761.0
6155.0 3799.0
3245.0 8472.0
6571.0 6732.0
6540.0 4380.0
1987.0 1156.0
2713.0 350.0
6515.0 6379.0
6611.0 3978.0
7090.0 9145.0
8539.0 3774.0
3385.0 3054.0
614.0 7110.0
2556.0 6145.0
2172.0 1361.0
7909.0 2329.0
4598.0 5156.0
3095.0 4797.0
8415.0 9133.0
5941.0 2113.0
7996.0 8136.0
8498.0 117.0
1742.0 9252.0
2441.0 5322.0
8083.0 2612.0
1385.0 7968.0
152.0 4358.0
4248.0 5392.0
4479.0 3708.0
6248.0 8876.0
1565.0 8508.0
6639.0 9651.0
8682.0 6219.0
4784.0 2201.0
7752.0 9712.0
8679.0 5543.0
3653.0 9826.0
2510.0 5656.0
812.0 9074.0
2361.0 4695.0
8428.0 3418.0
1670.0 5185.0
7180.0 1538.0
529.0 9843.0
2775.0 3501.0
5437.0 187.0
4179.0 3231.0
8601.0 9612.0
6892.0 1726.0
8395.0 9087.0
4110.0 404.0
5069.0 6136.0
1137.0 6509.0
8316.0 271.0
880.0 4986.0
5797.0 542.0
804.0 3748.0
4224.0 3363.0
4170.0 1729.0
7105.0 1281.0
935.0 1657.0
5749.0 5855.0
6142.0 1957.0
2639.0 304.0
6170.0 4684.0
8766.0 90.0
5684.0 8921.0
9035.0 2102.0
640.0 1542.0
2332.0 5599.0
5198.0 9753.0
5370.0 587.0
2893.0 2338.0
1902.0 1782.0
4919.0 9015.0
1403.0 8831.0
866.0 9806.0
3839.0 5951.0
9782.0 8863.0
9600.0 6654.0
1890.0 9634.0
6218.0 1716.0
3824.0 802.0
5958.0 1061.0
2738.0 4903.0
904.0 2722.0
7124.0 4042.0
4608.0 4537.0
4711.0 9618.0
1939.0 6750.0
282.0 5467.0
1211.0 6187.0
8763.0 6351.0
5200.0 5153.0
1442.0 6191.0
148.0 733.0
5663.0 2973.0
4359.0 2652.0
848.0 9725.0
488.0 357.0
6200.0 3498.0
8123.0 2488.0
7939.0 6744.0
5759.0 4402.0
6422.0 8025.0
3772.0 1915.0
5993.0 1452.0
2492.0 1919.0
2923.0 6778.0
1974.0 3052.0
9294.0 4554.0
2570.0 2067.0
3157.0 3257.0
7904.0 4084.0
7852.0 7823.0
4354.0 7367.0
5800.0 1475.0
3638.0 5816.0
4657.0 5276.0
7606.0 4806.0
6148.0 2315.0
6846.0 8576.0
467.0 5944.0
7195.0 9790.0
1554.0 3975.0
769.0 4473.0
1145.0 3253.0
597.0 7953.0
1904.0 1521.0
484.0 3.0
2527.0 5992.0
4180.0 9817.0
135.0 536.0
467.0 4010.0
7835.0 5900.0
3280.0 3296.0
7784.0 9879.0
8432.0 5996.0
2620.0 6842.0
1071.0 9065.0
589.0 8538.0
467.0 9781.0
2257.0 590.0
1212.0 3769.0
9115.0 1588.0
2460.0 7523.0
6968.0 4208.0
9293.0 6089.0
9429.0 250.0
2811.0 9077.0
9390.0 4035.0
8069.0 658.0
8810.0 1051.0
1432.0 1716.0
9679.0 1275.0
1480.0 4826.0
1500.0 9086.0
39.0 5199.0
3155.0 4178.0
2461.0 3287.0
9490.0 383.0
8733.0 7191.0
5486.0 1835.0
9540.0 5543.0
3352.0 8366.0
3865.0 4032.0
410.0 4568.0
7232.0 1228.0
8102.0 9423.0
2200.0 1868.0
4995.0 5921.0
5208.0 8284.0
9108.0 2575.0
6359.0 3115.0
7442.0 1255.0
1269.0 8986.0
3036.0 8244.0
6558.0 3297.0
2424.0 7942.0
3100.0 8818.0
8832.0 1124.0
3632.0 3215.0
8964.0 2166.0
3812.0 3205.0
3746.0 2158.0
8348.0 1482.0
5854.0 7317.0
6277.0 7089.0
9398.0 4608.0
2012.0 2399.0
9609.0 8996.0
1253.0 2363.0
2872.0 9234.0
3359.0 4194.0
9966.0 1612.0
4293.0 8155.0
7862.0 3568.0
6733.0 2603.0
7919.0 1589.0
6449.0 8965.0
851.0 299.0
6561.0 4805.0
1292.0 2171.0
3759.0 5646.0
7328.0 9749.0
3110.0 8711.0
2849.0 4825.0
528.0 4247.0
3047.0 1456.0
4536.0 2602.0
5952.0 2255.0
1396.0 7702.0
5320.0 9860.0
224.0 120.0
2749.0 8004.0
7193.0 5370.0
9360.0 9087.0
410.0 5612.0
9905.0 7674.0
9589.0 5427.0
4647.0 1835.0
7103.0 4818.0
6869.0 6730.0
9529.0 5114.0
6351.0 7365.0
1284.0 5925.0
1688.0 9923.0
4452.0 3831.0
6777.0 3591.0
1404.0 5953.0
9347.0 7297.0
9312.0 4082.0
1861.0 8267.0
8164.0 7515.0
7663.0 1815.0
6375.0 5280.0
7702.0 4288.0
593.0 906.0
5705.0 3572.0
8814.0 5393.0
2128.0 4079.0
8399.0 6563.0
9761.0 5619.0
3087.0 5446.0
6310.0 8092.0
5629.0 2863.0
1841.0 6383.0
5110.0 1878.0
1406.0 2407.0
603.0 4279.0
5723.0 3692.0
5212.0 1747.0
5253.0 430.0
7144.0 4888.0
5529.0 5400.0
6885.0 5783.0
4087.0 3690.0
2095.0 2225.0
1849.0 1614.0
4321.0 4301.0
4315.0 6751.0
4125.0 6495.0
404.0 3522.0
3738.0 960.0
9316.0 1206.0
8827.0 135.0
8240.0 3824.0
3494.0 9371.0
6284.0 3790.0
5097.0 2721.0
2467.0 3761.0
7993.0 7567.0
8114.0 3583.0
7815.0 6240.0
6538.0 1753.0
376.0 5310.0
5320.0 3322.0
1802.0 5697.0
9067.0 8629.0
9004.0 9265.0
2996.0 9808.0
2074.0 88.0
179.0 4463.0
2730.0 1012.0
7821.0 8424.0
5383.0 8718.0
408.0 2017.0
9958.0 2918.0
89.0 6740.0
8045.0 7869.0
7129.0 1775.0
6496.0 6858.0
5796.0 2237.0
5063.0 2823.0
3532.0 3587.0
7188.0 785.0
3751.0 9115.0
5530.0 235.0
5131.0 9909.0
6348.0 8160.0
2734.0 9221.0
9330.0 5859.0
8819.0 5651.0
1974.0 5220.0
3692.0 2060.0
123.0 2622.0
9452.0 9618.0
8752.0 1114.0
1972.0 8921.0
9618.0 4056.0
8982.0 2561.0
4854.0 5871.0
4593.0 6099.0
8140.0 8074.0
3122.0 6821.0
7519.0 1242.0
7562.0 2219.0
6484.0 6102.0
556.0 2587.0
2427.0 9374.0
8222.0 4665.0
4054.0 2564.0
9682.0 5739.0
1863.0 4345.0
7644.0 103.0
8297.0 9712.0
7897.0 2309.0
6663.0 1552.0
8057.0 4112.0
423.0 2817.0
8426.0 4529.0
6959.0 9944.0
314.0 4917.0
2414.0 701.0
9676.0 3496.0
6705.0 2112.0
6403.0 6219.0
323.0 6632.0
2146.0 3420.0
6999.0 7230.0
1992.0 4129.0
8863.0 4557.0
7867.0 2494.0
3183.0 1843.0
4013.0 3205.0
2282.0 5703.0
7378.0 5347.0
747.0 3513.0
8291.0 6586.0
6528.0 513.0
9250.0 2111.0
5012.0 2312.0
2203.0 5235.0
7706.0 946.0
7142.0 9085.0
9600.0 5167.0
7387.0 1275.0
1824.0 8119.0
9399.0 5999.0
8705.0 8061.0
7477.0 434.0
819.0 313.0
6189.0 4885.0
8139.0 1078.0
5890.0 8584.0
9885.0 6314.0
9178.0 5542.0
177.0 1307.0
8642.0 7391.0
1084.0 9122.0
8745.0 2609.0
7188.0 8591.0
7209.0 4058.0
8243.0 4999.0
3736.0 9237.0
9053.0 9135.0
6427.0 174.0
8146.0 2876.0
8754.0 2363.0
9373.0 1958.0
2425.0 4664.0
3010.0 9109.0
3998.0 4583.0
5472.0 3200.0
5605.0 5839.0
9254.0 2585.0
2624.0 7634.0
7176.0 3283.0
3656.0 7548.0
7556.0 5184.0
663.0 2464.0
9397.0 1920.0
9609.0 4436.0
9198.0 2588.0
4467.0 922.0
3492.0 5974.0
9931.0 1294.0
3699.0 444.0
697.0 4031.0
2420.0 5176.0
7656.0 1522.0
2741.0 878.0
3851.0 1878.0
4685.0 685.0
5557.0 9685.0
5379.0 4360.0
6327.0 93.0
2067.0 1508.0
4358.0 3172.0
9546.0 1922.0
6034.0 7937.0
6146.0 3765.0
985.0 7962.0
4842.0 2725.0
6532.0 2993.0
8609.0 7813.0
1850.0 3484.0
1614.0 1981.0
4717.0 7452.0
351.0 8209.0
6185.0 1585.0
1323.0 4226.0
1043.0 1003.0
4364.0 1542.0
4404.0 4594.0
3208.0 6939.0
7283.0 5330.0
7413.0 7099.0
6511.0 7492.0
2226.0 9520.0
6832.0 5201.0
5506.0 5397.0
5547.0 9181.0
3293.0 2617.0
2543.0 1167.0
8144.0 9555.0
1071.0 7858.0
6807.0 2803.0
7110.0 8857.0
6371.0 4528.0
7685.0 5483.0
462.0 7603.0
980.0 9881.0
9606.0 9182.0
3597.0 6357.0
2354.0 5881.0
2817.0 9323.0
6266.0 6232.0
4219.0 4798.0
369.0 8569.0
7492.0 4850.0
3175.0 5018.0
5813.0 6918.0
2869.0 4748.0
6622.0 2410.0
8770.0 2147.0
4164.0 1502.0
5660.0 8093.0
6639.0 3542.0
5089.0 4978.0
3305.0 4989.0
252.0 8652.0
9409.0 9279.0
3548.0 2954.0
9270.0 5555.0
8408.0 4987.0
382.0 5656.0
9511.0 1803.0
3891.0 1295.0
7980.0 1669.0
9281.0 5822.0
650.0 5570.0
3638.0 7510.0
5039.0 7114.0
8334.0 3751.0
4085.0 1512.0
8488.0 8096.0
7288.0 6779.0
3045.0 4550.0
7325.0 2845.0
5842.0 6026.0
3769.0 6710.0
498.0 6382.0
7989.0 4339.0
4481.0 7949.0
5854.0 2434.0
211.0 8973.0
7322.0 5764.0
3549.0 7874.0
4533.0 8210.0
2515.0 3738.0
2495.0 8191.0
1595.0 4968.0
8979.0 1630.0
9486.0 491.0
2700.0 8140.0
634.0 448.0
1416.0 8568.0
3405.0 5774.0
4025.0 4587.0
261.0 8582.0
3266.0 3484.0
7767.0 7773.0
8131.0 3813.0
6801.0 6778.0
7587.0 79.0
5816.0 2846.0
9705.0 7112.0
2490.0 9795.0
2805.0 7301.0
1635.0 8645.0
7712.0 6347.0
9706.0 3035.0
2729.0 5702.0
8761.0 8846.0
5427.0 2358.0
5234.0 9949.0
7856.0 9149.0
1350.0 4475.0
4267.0 1225.0
9569.0 8542.0
2970.0 6882.0
2871.0 6838.0
6401.0 3376.0
6262.0 1978.0
6025.0 930.0
7346.0 7055.0
1156.0 552.0
6300.0 8287.0
3317.0 3872.0
8129.0 7190.0
212.0 5622.0
2528.0 4174.0
5950.0 1954.0
9221.0 7988.0
6581.0 246.0
9113.0 7929.0
2585.0 8556.0
4124.0 8211.0
2380.0 5400.0
1038.0 6440.0
3482.0 3011.0
7236.0 574.0
392.0 9739.0
8648.0 1308.0
830.0 9772.0
2787.0 9286.0
4413.0 819.0
2220.0 9058.0
366.0 2939.0
6308.0 4191.0
3394.0 4172.0
1589.0 459.0
9283.0 1130.0
3643.0 6509.0
4365.0 5229.0
5795.0 3940.0
5424.0 7705.0
2502.0 1183.0
9154.0 9095.0
7784.0 8115.0
2774.0 1341.0
1547.0 819.0
9893.0 3177.0
9142.0 8396.0
8233.0 1967.0
2026.0 6242.0
8310.0 7662.0
9864.0 2723.0
4675.0 7034.0
6934.0 8635.0
3814.0 8849.0
8172.0 1385.0
5310.0 3154.0
2726.0 8296.0
5371.0 329.0
5361.0 5950.0
4321.0 8078.0
8560.0 4988.0
2160.0 7020.0
693.0 2285.0
8795.0 8035.0
8082.0 4892.0
8031.0 7051.0
1327.0 2694.0
6947.0 5410.0

8181.0 6889.0
6162.0 8858.0
8110.0 6226.0
4563.0 146.0
9703.0 1508.0
7574.0 2388.0
558.0 6632.0
8533.0 3468.0
4006.0 2458.0
8497.0 7692.0
8043.0 4002.0
1167.0 8322.0
1015.0 4754.0
4386.0 2881.0
4347.0 4989.0
9836.0 9343.0
5205.0 3522.0
4999.0 3900.0
4433.0 4773.0
4027.0 3455.0
7614.0 5600.0
6584.0 8519.0
9603.0 8796.0
6294.0 4658.0
5404.0 2671.0
2860.0 3178.0
2702.0 8606.0
4500.0 4183.0
3959.0 1048.0
9762.0 7694.0
8358.0 6793.0
348.0 986.0
6520.0 3032.0
9019.0 2797.0
3267.0 6032.0
9216.0 7597.0
6358.0 4887.0
5473.0 5544.0
1503.0 7240.0
6245.0 6325.0
6500.0 6406.0
3224.0 7552.0
9897.0 1803.0
3770.0 813.0
1970.0 7087.0
5546.0 1129.0
8416.0 2941.0
4975.0 7927.0
9585.0 3903.0
3588.0 8202.0
608.0 1151.0
8899.0 5036.0
291.0 5679.0
8886.0 7147.0
9081.0 8753.0
1691.0 7604.0
9028.0 9075.0
4637.0 2426.0
1012.0 8555.0
9165.0 2152.0
7150.0 1145.0
784.0 2117.0
8706.0 1588.0
5652.0 9568.0
2360.0 3546.0
7874.0 8263.0
189.0 8988.0
4131.0 3775.0
1210.0 3293.0
4721.0 5091.0
4841.0 2929.0
2653.0 740.0
9124.0 5158.0
4841.0 70.0
9065.0 1691.0
2053.0 2843.0
2957.0 653.0
6683.0 2835.0
6999.0 3831.0
9953.0 3586.0
1115.0 8602.0
2660.0 6953.0
1271.0 6424.0
6050.0 7670.0
6190.0 2351.0
1950.0 9537.0
8779.0 2445.0
3705.0 1421.0
5141.0 8541.0
2101.0 3729.0
6521.0 2226.0
2798.0 8538.0
2022.0 2505.0
4420.0 9005.0
2470.0 4019.0
8896.0 6248.0
8245.0 5260.0
8142.0 4365.0
6471.0 8677.0
3698.0 6752.0
5373.0 7102.0
8409.0 9352.0
6190.0 3408.0
1770.0 9070.0
5467.0 2797.0
3014.0 7930.0
3096.0 9657.0
8569.0 6215.0
3958.0 3383.0
2957.0 210.0
3492.0 82.0
4762.0 2721.0
77.0 9571.0
1767.0 7039.0
9563.0 9610.0
1826.0 7519.0
9795.0 1734.0
8634.0 2418.0
5489.0 5639.0
3936.0 7177.0
6328.0 1525.0
318.0 8800.0
3583.0 2295.0
1158.0 4489.0
3177.0 62.0
6851.0 215.0
5471.0 3819.0
8906.0 7391.0
4691.0 7751.0
6021.0 8265.0
3301.0 2050.0
8715.0 3275.0
9189.0 683.0
1661.0 5952.0
6019.0 3005.0
5278.0 3602.0
9606.0 8644.0
709.0 4375.0
5650.0 7559.0
4787.0 3915.0
6690.0 9716.0
4069.0 7270.0
8640.0 1237.0
9568.0 4169.0
9726.0 6508.0
6258.0 8403.0
7225.0 8099.0
3983.0 4420.0
9808.0 8951.0
8840.0 6813.0
5862.0 3723.0
6652.0 884.0
653.0 8716.0
2648.0 4910.0
7659.0 2304.0
3922.0 7323.0
1939.0 243.0
3800.0 4421.0
5882.0 2843.0
9682.0 6801.0
194.0 3336.0
8505.0 5187.0
5478.0 9435.0
6402.0 8778.0
2230.0 2405.0
1649.0 1819.0
9654.0 668.0
2523.0 6558.0
6097.0 7264.0
4176.0 3201.0
6481.0 3121.0
1090.0 107.0
4591.0 572.0
4263.0 9832.0
539.0 3963.0
4692.0 9192.0
6296.0 6852.0
7272.0 4044.0
4608.0 7641.0
1702.0 1897.0
9171.0 8108.0
9506.0 8059.0
6397.0 1700.0
8779.0 3471.0
1660.0 1061.0
735.0 4886.0
5307.0 6665.0
4684.0 552.0
6363.0 972.0
529.0 7092.0
4228.0 5062.0
376.0 5709.0
1229.0 7081.0
3377.0 8407.0
1398.0 4517.0
392.0 7375.0
3296.0 4621.0
7582.0 3198.0
7273.0 9959.0
523.0 91.0
9969.0 8469.0
2962.0 8766.0
1456.0 9942.0
6778.0 138.0
2831.0 3374.0
2322.0 5524.0
4647.0 2042.0
633.0 1493.0
9004.0 5790.0
1741.0 22.0
663.0 2369.0
5569.0 7158.0
5044.0 2316.0
4613.0 5799.0
3452.0 4197.0
9915.0 813.0
8370.0 9738.0
4518.0 7110.0
4190.0 655.0
948.0 3859.0
1236.0 1669.0
1841.0 511.0
3392.0 6570.0
5317.0 2780.0
2251.0 6788.0
9211.0 9264.0
3066.0 4358.0
734.0 1860.0
418.0 3687.0
712.0 5628.0
3906.0 9067.0
3958.0 6284.0
6733.0 7317.0
9897.0 5978.0
2537.0 7489.0
70.0 535.0
8308.0 2034.0
1568.0 3786.0
3771.0 6374.0
8046.0 7199.0
41.0 6248.0
2378.0 5449.0
2940.0 4777.0
7598.0 1084.0
8821.0 3670.0
5184.0 3977.0
3229.0 5459.0
2325.0 3704.0
5279.0 6175.0
2232.0 5523.0
3078.0 430.0
4143.0 3117.0
8070.0 3241.0
2082.0 3765.0
8609.0 5576.0
4001.0 4104.0
5688.0 3010.0
5374.0 7147.0
6088.0 9389.0
3896.0 3715.0
851.0 9950.0
4335.0 3963.0
9440.0 793.0
5170.0 7151.0
2378.0 4105.0
1111.0 307.0
7794.0 1089.0
8096.0 9008.0
9648.0 6962.0
9871.0 5852.0
8069.0 4983.0
7757.0 4870.0
4575.0 8901.0
7698.0 2493.0
7601.0 5726.0
1208.0 8247.0
6123.0 3270.0
9285.0 852.0
1794.0 9348.0
937.0 7879.0
2371.0 2044.0
395.0 9621.0
1844.0 3003.0
9605.0 375.0
5102.0 8093.0
5140.0 2749.0
7463.0 2415.0
1081.0 3213.0
1954.0 9042.0
2022.0 9503.0
9670.0 3407.0
2759.0 3094.0
1079.0 7752.0
3779.0 2364.0
8608.0 2559.0
4173.0 4640.0
3373.0 4381.0
6019.0 7780.0
1402.0 1951.0
6904.0 4452.0
7211.0 5059.0
9632.0 4772.0
5060.0 3008.0
755.0 5500.0
762.0 2167.0
2004.0 6381.0
9403.0 4450.0
1238.0 6895.0
6801.0 1200.0
2014.0 8988.0
5060.0 9348.0
3345.0 3999.0
5097.0 9262.0
3819.0 4457.0
1459.0 6267.0
6595.0 3865.0
7305.0 127.0
4439.0 163.0
9898.0 9535.0
6383.0 1062.0
9436.0 925.0
103.0 1840.0
6631.0 3583.0
6619.0 8840.0
6820.0 5427.0
6424.0 4293.0
1007.0 6412.0
8647.0 633.0
6660.0 8927.0
7331.0 4978.0
3636.0 7148.0
1461.0 6936.0
3076.0 9722.0
7802.0 5402.0
9605.0 2708.0
8200.0 2511.0
9724.0 2206.0
5388.0 5398.0
1718.0 8552.0
3950.0 8964.0
4934.0 6547.0
5519.0 5247.0
8797.0 8558.0
9812.0 7659.0
4395.0 9989.0
5612.0 642.0
4003.0 8975.0
8281.0 8001.0
6378.0 4735.0
2945.0 5518.0
8204.0 1502.0
4895.0 6044.0
4499.0 7441.0
1354.0 7716.0
3384.0 449.0
1191.0 8474.0
3014.0 5304.0
1682.0 2522.0
1080.0 9006.0
3933.0 6938.0
9666.0 3778.0
1045.0 9038.0
878.0 9620.0
5643.0 7719.0
1058.0 840.0
5869.0 4402.0
3928.0 3460.0
1414.0 1760.0
5571.0 2922.0
3734.0 884.0
6509.0 4004.0
7010.0 58.0
8828.0 7384.0
8987.0 809.0
8625.0 9701.0
3264.0 9387.0
6679.0 6629.0
7160.0 4343.0
2658.0 757.0
1753.0 3382.0
746.0 8806.0
3171.0 5123.0
7034.0 5010.0
6776.0 3978.0
1493.0 116.0
8306.0 8751.0
9949.0 7915.0
8605.0 8199.0
3835.0 3710.0
1010.0 9131.0
8128.0 1627.0
3042.0 5296.0
296.0 208.0
6448.0 7653.0
5612.0 8177.0
2252.0 9233.0
6694.0 4802.0
9860.0 238.0
7607.0 1767.0
1886.0 1535.0
5385.0 5969.0
8718.0 7235.0
4350.0 5147.0
9510.0 9480.0
1017.0 781.0
8646.0 1155.0
23.0 5119.0
9295.0 4638.0
3842.0 1826.0
8157.0 7280.0
1710.0 2105.0
8017.0 6782.0
5567.0 720.0
7166.0 2103.0
3386.0 8861.0
7345.0 8117.0
2741.0 3223.0
4282.0 4622.0
9953.0 3256.0
7409.0 2902.0
2679.0 961.0
7909.0 5504.0
6300.0 173.0
6651.0 7382.0
6926.0 4740.0
6124.0 9076.0
6422.0 7501.0
2994.0 5102.0
7258.0 4483.0
349.0 3186.0
7565.0 1240.0
1271.0 2557.0
9234.0 736.0
7805.0 1902.0
4413.0 4691.0
1951.0 200.0
8267.0 2804.0
7761.0 6073.0
8316.0 6765.0
6161.0 3803.0
3250.0 8478.0
6575.0 6737.0
6546.0 4385.0
1991.0 1162.0
2718.0 354.0
6519.0 6384.0
6616.0 3982.0
7095.0 9150.0
8545.0 3779.0
3391.0 3059.0
620.0 7115.0
2562.0 6150.0
2178.0 1365.0
7915.0 2335.0
4602.0 5162.0
3099.0 4802.0
8421.0 9138.0
5946.0 2117.0
8001.0 8141.0
8504.0 121.0
1748.0 9256.0
2445.0 5327.0
8087.0 2616.0
1391.0 7973.0
157.0 4363.0
4252.0 5398.0
4483.0 3712.0
6253.0 8881.0
1569.0 8514.0
6644.0 9656.0
8687.0 6223.0
4789.0 2205.0
7756.0 9716.0
8685.0 5548.0
3658.0 9832.0
2514.0 5662.0
818.0 9078.0
2366.0 4699.0
8433.0 3423.0
1674.0 5190.0
7185.0 1543.0
535.0 9848.0
2779.0 3506.0
5443.0 192.0
4183.0 3236.0
8605.0 9617.0
6896.0 1731.0
8399.0 9093.0
4115.0 408.0
5074.0 6142.0
1142.0 6513.0
8320.0 276.0
884.0 4991.0
5801.0 547.0
809.0 3754.0
4229.0 3369.0
4176.0 1733.0
7109.0 1285.0
941.0 1662.0
5754.0 5860.0
6146.0 1961.0
2645.0 308.0
6176.0 4688.0
8771.0 95.0
5688.0 8925.0
9041.0 2106.0
646.0 1548.0
2337.0 5604.0
5203.0 9758.0
5375.0 592.0
2898.0 2344.0
1906.0 1787.0
4924.0 9020.0
1409.0 8835.0
871.0 9810.0
3845.0 5955.0
9788.0 8867.0
9605.0 6660.0
1896.0 9640.0
6224.0 1722.0
3829.0 807.0
5963.0 1066.0
2744.0 4909.0
909.0 2727.0
7129.0 4046.0
4614.0 4543.0
4715.0 9624.0
1945.0 6755.0
287.0 5472.0
1215.0 6192.0
8768.0 6355.0
5205.0 5158.0
1447.0 6196.0
154.0 738.0
5668.0 2978.0
4364.0 2656.0
853.0 9729.0
493.0 362.0
6205.0 3504.0
8128.0 2492.0
7945.0 6749.0
5765.0 4407.0
6426.0 8031.0
3777.0 1921.0
5998.0 1457.0
2498.0 1924.0
2928.0 6783.0
1979.0 3057.0
9300.0 4559.0
2575.0 2073.0
3162.0 3261.0
7909.0 4089.0
7857.0 7827.0
4359.0 7372.0
5806.0 1479.0
3642.0 5821.0
4663.0 5281.0
7611.0 4811.0
6154.0 2320.0
6852.0 8580.0
473.0 5949.0
7200.0 9795.0
1559.0 3980.0
774.0 4478.0
1150.0 3258.0
603.0 7959.0
1909.0 1526.0
489.0 9.0
2532.0 5998.0
4185.0 9822.0
140.0 541.0
472.0 4014.0
7840.0 5906.0
3285.0 3302.0
7789.0 9884.0
8438.0 6000.0
2625.0 6848.0
1076.0 9071.0
593.0 8542.0
471.0 9787.0
2261.0 595.0
1217.0 3773.0
9121.0 1594.0
2464.0 7528.0
6972.0 4213.0
9297.0 6094.0
9435.0 254.0
2816.0 9081.0
9394.0 4040.0
8074.0 663.0
8815.0 1057.0
1437.0 1722.0
9683.0 1281.0
1486.0 4831.0
1504.0 9090.0
44.0 5204.0
3160.0 4184.0
2465.0 3293.0
9495.0 388.0
8738.0 7196.0
5490.0 1840.0
9544.0 5548.0
3357.0 8370.0
3870.0 4037.0
415.0 4572.0
7236.0 1232.0
8108.0 9428.0
2205.0 1872.0
5001.0 5926.0
5212.0 8290.0
9112.0 2579.0
6364.0 3121.0
7447.0 1260.0
1273.0 8991.0
3041.0 8248.0
6563.0 3302.0
2430.0 7948.0
3104.0 8823.0
8836.0 1130.0
3636.0 3221.0
8968.0 2171.0
3817.0 3210.0
3750.0 2162.0
8353.0 1487.0
5860.0 7322.0
6282.0 7094.0
9404.0 4613.0
2016.0 2405.0
9613.0 9000.0
1258.0 2369.0
2877.0 9239.0
3365.0 4200.0
9971.0 1616.0
4299.0 8159.0
7868.0 3573.0
6737.0 2608.0
7924.0 1594.0
6453.0 8971.0
857.0 305.0
6567.0 4810.0
1297.0 2177.0
3763.0 5651.0
7333.0 9755.0
3114.0 8717.0
2854.0 4830.0
534.0 4252.0
3053.0 1461.0
4541.0 2607.0
5957.0 2260.0
1401.0 7707.0
5326.0 9865.0
228.0 125.0
2755.0 8008.0
7198.0 5374.0
9366.0 9091.0
415.0 5617.0
9910.0 7680.0
9594.0 5433.0
4652.0 1840.0
7108.0 4822.0
6875.0 6734.0
9534.0 5118.0
6355.0 7369.0
1289.0 5929.0
1693.0 9928.0
4458.0 3836.0
6783.0 3597.0
1409.0 5958.0
9352.0 7302.0
9317.0 4087.0
1866.0 8272.0
8169.0 7520.0
7668.0 1820.0
6379.0 5285.0
7707.0 4294.0
597.0 910.0
5710.0 3577.0
8820.0 5399.0
2132.0 4084.0
8404.0 6567.0
9767.0 5624.0
3093.0 5452.0
6314.0 8097.0
5633.0 2868.0
1847.0 6388.0
5115.0 1883.0
1412.0 2413.0
608.0 4283.0
5728.0 3697.0
5218.0 1751.0
5257.0 434.0
7149.0 4893.0
5534.0 5404.0
6891.0 5789.0
4092.0 3694.0
2100.0 2230.0
1854.0 1618.0
4326.0 4306.0
4320.0 6756.0
4131.0 6501.0
408.0 3526.0
3743.0 965.0
9320.0 1210.0
8832.0 141.0
8244.0 3829.0
3500.0 9376.0
6288.0 3796.0
5103.0 2727.0
2473.0 3766.0
7999.0 7571.0
8120.0 3588.0
7819.0 6244.0
6544.0 1757.0
380.0 5314.0
5324.0 3328.0
1807.0 5703.0
9072.0 8635.0
9009.0 9270.0
3002.0 9813.0
2080.0 94.0
185.0 4468.0
2735.0 1016.0
7825.0 8430.0
5389.0 8723.0
412.0 2023.0
9963.0 2923.0
94.0 6745.0
8050.0 7874.0
7133.0 1781.0
6502.0 6863.0
5801.0 2241.0
5068.0 2827.0
3537.0 3592.0
7193.0 790.0
3756.0 9120.0
5535.0 240.0
5135.0 9914.0
6354.0 8164.0
2739.0 9226.0
9335.0 5864.0
8824.0 5656.0
1979.0 5226.0
3698.0 2066.0
127.0 2627.0
9458.0 9623.0
8758.0 1119.0
1977.0 8927.0
9623.0 4061.0
8986.0 2567.0
4859.0 5876.0
4598.0 6104.0
8145.0 8079.0
3127.0 6827.0
7525.0 1246.0
7567.0 2224.0
6489.0 6107.0
560.0 2592.0
2433.0 9379.0
8228.0 4670.0
4059.0 2569.0
9686.0 5745.0
1867.0 4351.0
7650.0 109.0
8302.0 9718.0
7902.0 2314.0
6667.0 1558.0
8063.0 4117.0
429.0 2822.0
8431.0 4534.0
6964.0 9950.0
319.0 4923.0
2418.0 707.0
9681.0 3501.0
6711.0 2116.0
6408.0 6225.0
328.0 6637.0
2151.0 3426.0
7005.0 7234.0
1996.0 4135.0
8868.0 4562.0
7872.0 2499.0
3188.0 1847.0
4018.0 3211.0
2287.0 5708.0
7383.0 5351.0
751.0 3518.0
8295.0 6592.0
6532.0 517.0
9254.0 2115.0
5018.0 2317.0
2208.0 5239.0
7710.0 952.0
7148.0 9090.0
9606.0 5171.0
7392.0 1280.0
1829.0 8124.0
9404.0 6003.0
8710.0 8066.0
7483.0 440.0
823.0 318.0
6195.0 4889.0
8144.0 1083.0
5895.0 8590.0
9891.0 6319.0
9183.0 5548.0
183.0 1312.0
8646.0 7396.0
1088.0 9127.0
8750.0 2614.0
7193.0 8595.0
7214.0 4063.0
8247.0 5003.0
3742.0 9242.0
9057.0 9140.0
6433.0 179.0
8150.0 2881.0
8759.0 2367.0
9379.0 1964.0
2431.0 4669.0
3016.0 9115.0
4003.0 4588.0
5477.0 3205.0
5611.0 5844.0
9259.0 2589.0
2630.0 7639.0
7180.0 3288.0
3661.0 7553.0
7561.0 5189.0
668.0 2468.0
9401.0 1925.0
9614.0 4441.0
9203.0 2593.0
4472.0 928.0
3496.0 5978.0
9936.0 1300.0
3703.0 449.0
702.0 4036.0
2426.0 5181.0
7662.0 1527.0
2746.0 884.0
3856.0 1884.0
4691.0 690.0
5562.0 9690.0
5385.0 4364.0
6333.0 98.0
2072.0 1513.0
4363.0 3178.0
9552.0 1927.0
6039.0 7942.0
6151.0 3769.0
989.0 7966.0
4846.0 2731.0
6537.0 2997.0
8613.0 7817.0
1855.0 3489.0
1619.0 1986.0
4723.0 7458.0
355.0 8215.0
6190.0 1589.0
1327.0 4232.0
1047.0 1008.0
4369.0 1546.0
4409.0 4599.0
3213.0 6945.0
7289.0 5335.0
7419.0 7104.0
6515.0 7496.0
2230.0 9525.0
6837.0 5205.0
5512.0 5402.0
5553.0 9186.0
3299.0 2622.0
2548.0 1172.0
8148.0 9561.0
1075.0 7863.0
6813.0 2807.0
7116.0 8862.0
6376.0 4534.0
7690.0 5487.0
468.0 7607.0
984.0 9887.0
9610.0 9186.0
3602.0 6362.0
2359.0 5886.0
2823.0 9328.0
6272.0 6237.0
4225.0 4803.0
374.0 8574.0
7497.0 4854.0
3180.0 5024.0
5818.0 6923.0
2873.0 4753.0
6626.0 2416.0
8774.0 2151.0
4170.0 1506.0
5664.0 8098.0
6644.0 3546.0
5095.0 4984.0
3310.0 4994.0
257.0 8656.0
9414.0 9285.0
3554.0 2959.0
9275.0 5560.0
8413.0 4993.0
386.0 5660.0
9516.0 1809.0
3896.0 1299.0
7986.0 1674.0
9286.0 5826.0
654.0 5575.0
3643.0 7514.0
5044.0 7119.0
8338.0 3756.0
4089.0 1517.0
8493.0 8101.0
7294.0 6783.0
3049.0 4555.0
7330.0 2849.0
5848.0 6032.0
3774.0 6716.0
502.0 6387.0
7994.0 4343.0
4486.0 7954.0
5859.0 2439.0
216.0 8978.0
7328.0 5770.0
3554.0 7879.0
4538.0 8216.0
2520.0 3742.0
2499.0 8195.0
1599.0 4974.0
8985.0 1634.0
9491.0 495.0
2704.0 8146.0
638.0 453.0
1421.0 8573.0
3409.0 5780.0
4030.0 4591.0
266.0 8587.0
3270.0 3489.0
7772.0 7777.0
8136.0 3818.0
6805.0 6784.0
7592.0 84.0
5821.0 2851.0
9710.0 7118.0
2495.0 9801.0
2810.0 7306.0
1641.0 8651.0
7716.0 6351.0
9711.0 3040.0
2733.0 5707.0
8766.0 8851.0
5432.0 2363.0
5239.0 9954.0
7860.0 9155.0
1355.0 4481.0
4273.0 1231.0
9574.0 8546.0
2974.0 6888.0
2876.0 6842.0
6405.0 3381.0
6268.0 1982.0
6030.0 935.0
7351.0 7059.0
1162.0 558.0
6306.0 8292.0
3321.0 3876.0
8134.0 7196.0
218.0 5628.0
2532.0 4179.0
5956.0 1960.0
9227.0 7994.0
6585.0 250.0
9118.0 7934.0
2589.0 8562.0
4129.0 8215.0
2384.0 5406.0
1044.0 6444.0
3487.0 3017.0
7242.0 579.0
397.0 9743.0
8652.0 1312.0
835.0 9778.0
2792.0 9291.0
4418.0 825.0
2225.0 9064.0
372.0 2943.0
6313.0 4195.0
3399.0 4178.0
1595.0 464.0
9288.0 1135.0
3647.0 6514.0
4369.0 5233.0
5801.0 3944.0
5430.0 7711.0
2507.0 1189.0
9159.0 9099.0
7789.0 8120.0
2779.0 1346.0
1553.0 823.0
9899.0 3182.0
9147.0 8400.0
8237.0 1971.0
2030.0 6247.0
8316.0 7667.0
9868.0 2727.0
4681.0 7039.0
6939.0 8639.0
3819.0 8853.0
8178.0 1390.0
5315.0 3159.0
2731.0 8302.0
5375.0 334.0
5366.0 5955.0
4325.0 8083.0
8565.0 4993.0
2164.0 7025.0
698.0 2290.0
8800.0 8040.0
8088.0 4898.0
8035.0 7055.0
1331.0 2699.0
6953.0 5416.0
