1
1024 1 3.0 0.0 1000.0 3 160 240 100

6.5 13.5 29.3 58.5
13.0 27.0 58.5 117.0
19.5 40.5 87.8 175.5
26.0 54.0 117.0 234.0
39.0 81.0 175.5 351.0
52.0 108.0 234.0 468.0
58.5 121.5 263.3 526.5
65.0 135.0 292.5 585.0
78.0 162.0 351.0 702.0
0.0 180.0 390.0 780.0

2.0 5.0 8.0 11.0
5.0 8.0 11.0 14.0
9.0 12.0 15.0 18.0
11.0 14.0 17.0 20.0
15.0 18.0 21.0 24.0
18.0 21.0 24.0 27.0
20.0 23.0 26.0 29.0
25.0 28.0 31.0 34.0
29.0 32.0 35.0 38.0
0.0 34.0 37.0 40.0

1996.0 8198.0
976.0 7349.0
1567.0 7288.0
9855.0 8744.0
4687.0 6791.0
1862.0 7105.0
9066.0 7258.0
9883.0 7015.0
2258.0 5894.0
6615.0 5894.0
1546.0 2208.0
415.0 4981.0
546.0 755.0
7751.0 3068.0
2883.0 7900.0
3817.0 1132.0
5793.0 1985.0
5450.0 8539.0
8989.0 8856.0
2926.0 3978.0
6666.0 7124.0
9744.0 6786.0
2973.0 98.0
2006.0 6845.0
3817.0 3802.0
1486.0 3691.0
347.0 2981.0
8991.0 8020.0
1974.0 9511.0
7119.0 1241.0
9266.0 142.0
4016.0 1251.0
9587.0 2965.0
2226.0 5079.0
813.0 4539.0
9243.0 1594.0
996.0 2075.0
8870.0 9901.0
4312.0 7600.0
4969.0 1621.0
6149.0 3516.0
1727.0 7708.0
2694.0 1463.0
7026.0 2963.0
2856.0 8901.0
8008.0 3914.0
2892.0 330.0
473.0 8225.0
6579.0 2555.0
6163.0 6298.0
6281.0 5915.0
4574.0 8234.0
2769.0 5888.0
8379.0 1811.0
4148.0 1991.0
4061.0 9652.0
6730.0 3374.0
1871.0 6237.0
3216.0 3048.0
1697.0 7933.0
6035.0 5130.0
3957.0 1700.0
6192.0 2047.0
7116.0 635.0
472.0 1093.0
5920.0 7027.0
2363.0 2270.0
6960.0 6079.0
4533.0 1805.0
663.0 5962.0
3229.0 8284.0
1304.0 2369.0
7440.0 793.0
9156.0 8229.0
8174.0 997.0
1366.0 1752.0
5713.0 3557.0
664.0 8451.0
5178.0 1817.0
3509.0 5337.0
3276.0 8152.0
1769.0 7915.0
1564.0 917.0
4535.0 3167.0
4097.0 2381.0
9181.0 4191.0
9790.0 4596.0
3260.0 4633.0
2375.0 2580.0
1340.0 3608.0
3274.0 6748.0
3388.0 4250.0
5263.0 9010.0
3798.0 1571.0
7265.0 9424.0
2665.0 7780.0
3128.0 2851.0
3405.0 5738.0
9743.0 7501.0
3329.0 3704.0
2349.0 9795.0
6267.0 7044.0
7372.0 2456.0
8844.0 5054.0
5664.0 5242.0
4509.0 3581.0
1477.0 234.0
1926.0 6586.0
5040.0 6097.0
6815.0 2325.0
9072.0 8221.0
8857.0 2310.0
2098.0 4167.0
7762.0 3714.0
3918.0 6318.0
5090.0 8376.0
1066.0 6164.0
947.0 4085.0
2630.0 7120.0
7139.0 6299.0
9275.0 5306.0
896.0 955.0
813.0 191.0
5762.0 1551.0
195.0 9521.0
8762.0 6153.0
4243.0 5444.0
5430.0 2492.0
4009.0 1249.0
6821.0 1814.0
84.0 623.0
5090.0 4659.0
726.0 3853.0
6749.0 4210.0
3149.0 7882.0
5207.0 5404.0
833.0 9624.0
6686.0 443.0
2195.0 4471.0
6111.0 3887.0
8486.0 4390.0
2099.0 2986.0
1256.0 2525.0
2616.0 1415.0
2241.0 3732.0
5427.0 7077.0
1023.0 2944.0
9938.0 7137.0
8322.0 5791.0
9514.0 5959.0
5254.0 8386.0
5902.0 4091.0
1431.0 5687.0
9834.0 8984.0
7228.0 357.0
4433.0 597.0
8094.0 6531.0
507.0 7552.0
1237.0 5401.0
5342.0 2009.0
7550.0 2045.0
9098.0 3916.0
4118.0 5395.0
5396.0 7812.0
5173.0 5781.0
5214.0 7830.0
1823.0 6943.0
5679.0 9076.0
3439.0 1942.0
7876.0 6050.0
6024.0 4872.0
244.0 1258.0
5430.0 2800.0
6698.0 9694.0
5770.0 4831.0
1049.0 7355.0
5877.0 7727.0
1840.0 4440.0
9165.0 9989.0
4190.0 6414.0
4737.0 8813.0
7758.0 8587.0
99.0 6838.0
2415.0 2384.0
8323.0 8099.0
5740.0 3961.0
5016.0 5095.0
8931.0 8333.0
2954.0 1399.0
233.0 4680.0
4712.0 6705.0
7499.0 1000.0
6162.0 3738.0
3957.0 8759.0
6183.0 8947.0
3821.0 715.0
426.0 1376.0
6811.0 7578.0
9507.0 6645.0
3212.0 1660.0
4451.0 5446.0
3561.0 8196.0
4765.0 8470.0
9562.0 7483.0
6980.0 2185.0
5331.0 3514.0
4004.0 2358.0
588.0 7266.0
8157.0 4773.0
9867.0 5299.0
3231.0 5016.0
4378.0 6846.0
3414.0 1773.0
5599.0 5046.0
9458.0 539.0
2215.0 483.0
4909.0 7162.0
4492.0 7706.0
7779.0 3123.0
2701.0 7882.0
5496.0 6981.0
8683.0 3254.0
3484.0 8885.0
2163.0 1566.0
237.0 7573.0
5910.0 1115.0
4217.0 1777.0
6351.0 9602.0
453.0 428.0
8729.0 2439.0
7171.0 8609.0
8422.0 8678.0
5316.0 8628.0
2514.0 5229.0
6322.0 8169.0
8218.0 2528.0
5971.0 9895.0
7262.0 7318.0
4702.0 9447.0
7829.0 714.0
7212.0 1238.0
8166.0 2204.0
6713.0 3958.0
8445.0 2760.0
1684.0 207.0
9995.0 2724.0
5477.0 7169.0
3500.0 2626.0
1628.0 7741.0
256.0 7597.0
224.0 4028.0
3105.0 8553.0
3170.0 7624.0
6138.0 5801.0
8727.0 3590.0
4764.0 3240.0
8143.0 7539.0
261.0 3814.0
9765.0 7750.0
5389.0 9387.0
8448.0 6722.0
198.0 701.0
637.0 9075.0
9593.0 5582.0
7960.0 5226.0
6798.0 6055.0
4700.0 2739.0
9284.0 7540.0
6967.0 9776.0
6291.0 5784.0
3963.0 7555.0
9534.0 9699.0
4150.0 1231.0
1185.0 762.0
1708.0 1116.0
5753.0 2159.0
1104.0 8648.0
4949.0 3313.0
153.0 4031.0
7138.0 7981.0
4394.0 4947.0
5492.0 6567.0
8157.0 8267.0
1421.0 5833.0
156.0 9172.0
2422.0 1652.0
3963.0 4589.0
5899.0 2986.0
6229.0 367.0
3102.0 7741.0
7975.0 4104.0
9755.0 3666.0
6834.0 8036.0
2489.0 9961.0
580.0 8906.0
2676.0 7757.0
4790.0 4221.0
1767.0 136.0
11.0 6822.0
4743.0 4849.0
6262.0 2168.0
764.0 5398.0
5238.0 5260.0
2632.0 8649.0
3059.0 6607.0
9164.0 9637.0
8913.0 9161.0
7080.0 6731.0
7463.0 622.0
1500.0 2813.0
5340.0 8044.0
6662.0 649.0
4602.0 4131.0
949.0 3108.0
8493.0 7165.0
2844.0 1393.0
7359.0 8962.0
6899.0 6945.0
5072.0 7769.0
1327.0 5199.0
8820.0 5535.0
1320.0 1839.0
7596.0 1444.0
4685.0 4718.0
7264.0 6144.0
8915.0 7120.0
2531.0 3580.0
1284.0 519.0
8688.0 9838.0
6067.0 7492.0
8469.0 928.0
5500.0 7966.0
1876.0 3906.0
3566.0 4451.0
9333.0 8260.0
4217.0 4427.0
1003.0 6966.0
8133.0 551.0
7632.0 9133.0
4618.0 1845.0
776.0 8649.0
7733.0 1528.0
2743.0 5747.0
8269.0 9662.0
9124.0 892.0
5669.0 1267.0
9246.0 2918.0
6483.0 3084.0
2415.0 5824.0
8475.0 4625.0
286.0 1137.0
1978.0 1709.0
8221.0 5264.0
2590.0 3107.0
982.0 3744.0
1829.0 3501.0
616.0 6812.0
4829.0 8389.0
6871.0 3195.0
6700.0 9117.0
3016.0 1546.0
1634.0 8699.0
2391.0 1436.0
1371.0 1583.0
3560.0 8317.0
2121.0 3041.0
4406.0 9370.0
1550.0 6326.0
8026.0 9650.0
9915.0 8281.0
5770.0 441.0
1979.0 6552.0
5288.0 4243.0
8770.0 4073.0
3923.0 3299.0
825.0 8984.0
311.0 1070.0
6984.0 648.0
9536.0 8587.0
5363.0 4939.0
9690.0 83.0
5596.0 4445.0
190.0 4817.0
3944.0 1773.0
4716.0 4518.0
5381.0 6600.0
4093.0 8348.0
9255.0 9658.0
7000.0 9802.0
7625.0 9283.0
8837.0 2471.0
7872.0 8730.0
1614.0 4060.0
3696.0 4888.0
198.0 594.0
1090.0 1575.0
2791.0 5223.0
8398.0 3074.0
5970.0 8526.0
2057.0 6071.0
7152.0 9746.0
2122.0 660.0
9837.0 862.0
4185.0 3583.0
9472.0 7912.0
6777.0 9366.0
292.0 6477.0
5859.0 7509.0
5994.0 752.0
516.0 6412.0
9586.0 8108.0
6427.0 7175.0
274.0 3559.0
6249.0 2963.0
7723.0 1055.0
8484.0 2082.0
6567.0 1008.0
8949.0 5432.0
6488.0 5968.0
1447.0 1511.0
5753.0 8869.0
6738.0 4625.0
8519.0 744.0
1412.0 4469.0
8802.0 7336.0
770.0 7749.0
6416.0 6521.0
2307.0 4997.0
2778.0 942.0
8904.0 8262.0
6889.0 2782.0
3331.0 7819.0
4381.0 86.0
8158.0 8579.0
4946.0 6546.0
7681.0 9353.0
6029.0 9158.0
958.0 633.0
3117.0 677.0
7569.0 9067.0
9480.0 6267.0
179.0 9275.0
723.0 6281.0
533.0 6186.0
1990.0 9566.0
7964.0 3544.0
8178.0 4215.0
2025.0 6759.0
13.0 5185.0
3345.0 770.0
1333.0 687.0
9303.0 6065.0
5440.0 1763.0
3644.0 8544.0
860.0 1969.0
1600.0 1378.0
9376.0 6577.0
4667.0 9527.0
1672.0 3203.0
1589.0 87.0
8454.0 8283.0
4688.0 4122.0
7384.0 6310.0
3131.0 8158.0
8693.0 1245.0
7217.0 5987.0
4813.0 2007.0
321.0 3956.0
1890.0 6479.0
7562.0 5406.0
3517.0 915.0
2817.0 2414.0
9556.0 4190.0
8179.0 5513.0
5375.0 8779.0
2454.0 4553.0
9386.0 2911.0
7809.0 6359.0
9200.0 779.0
6158.0 7359.0
9274.0 249.0
9408.0 1841.0
5396.0 9956.0
140.0 9005.0
3857.0 227.0
1860.0 4475.0
5658.0 4723.0
383.0 4430.0
8613.0 2229.0
487.0 3025.0
2698.0 495.0
4416.0 6263.0
6484.0 6550.0
1341.0 7980.0
5027.0 405.0
9380.0 6108.0
2045.0 1542.0
4285.0 9885.0
1758.0 132.0
1381.0 1170.0
8212.0 7364.0
9875.0 5525.0
2468.0 1827.0
1131.0 1241.0
487.0 1337.0
5011.0 6955.0
7077.0 2141.0
881.0 1034.0
3742.0 9895.0
2395.0 8387.0
788.0 9351.0
7641.0 2866.0
6546.0 2140.0
8769.0 5926.0
9049.0 4594.0
7689.0 4701.0
8026.0 9999.0
6945.0 5162.0
7561.0 2200.0
7371.0 8532.0
2268.0 9982.0
6622.0 1602.0
2329.0 4123.0
5188.0 4128.0
5261.0 1544.0
8992.0 8967.0
4743.0 3477.0
171.0 3121.0
9376.0 7042.0
140.0 336.0
6706.0 2175.0
1550.0 8453.0
384.0 8299.0
8226.0 7136.0
794.0 7666.0
4706.0 4171.0
2017.0 4773.0
9462.0 988.0
466.0 3777.0
8420.0 571.0
3064.0 8315.0
7873.0 3412.0
5297.0 650.0
8397.0 9699.0
2007.0 9544.0
3852.0 8366.0
6267.0 8792.0
2097.0 6200.0
4198.0 811.0
6499.0 2653.0
6075.0 2213.0
9843.0 8522.0
6573.0 771.0
4754.0 9172.0
9504.0 5680.0
7218.0 5462.0
4905.0 5557.0
2315.0 8023.0
8814.0 1057.0
3758.0 3079.0
8599.0 1552.0
1348.0 457.0
9182.0 7760.0
2932.0 6946.0
8020.0 4763.0
9986.0 690.0
9178.0 2306.0
8404.0 4756.0
9368.0 1802.0
8611.0 558.0
1281.0 1965.0
1592.0 4287.0
2086.0 7461.0
9937.0 2027.0
7432.0 7518.0
5516.0 1706.0
3809.0 3891.0
7869.0 2554.0
4628.0 106.0
9928.0 5235.0
7853.0 6388.0
161.0 8304.0
5557.0 7196.0
2741.0 9168.0
8239.0 773.0
9856.0 210.0
9265.0 2630.0
2735.0 3230.0
7266.0 7375.0
521.0 7890.0
6872.0 5796.0
8566.0 2298.0
608.0 6623.0
269.0 6420.0
7318.0 4880.0
9050.0 1470.0
4964.0 1229.0
9564.0 947.0
8154.0 9238.0
9749.0 1483.0
3241.0 9976.0
7826.0 4164.0
6367.0 5854.0
836.0 9487.0
2273.0 8116.0
3819.0 1629.0
4253.0 4914.0
1253.0 167.0
8087.0 9356.0
4825.0 9944.0
5316.0 9466.0
4162.0 2219.0
3699.0 4452.0
9612.0 2778.0
5216.0 4199.0
8676.0 5173.0
4458.0 1411.0
193.0 9742.0
2757.0 8306.0
2887.0 1578.0
5921.0 2281.0
7366.0 3122.0
5904.0 7462.0
3182.0 9525.0
9276.0 1554.0
5052.0 7458.0
7848.0 9898.0
4841.0 530.0
9290.0 1163.0
8413.0 6973.0
8108.0 1574.0
8936.0 7768.0
9816.0 7090.0
768.0 5863.0
3672.0 5460.0
505.0 9658.0
1818.0 2560.0
4295.0 6424.0
5174.0 9916.0
3030.0 3796.0
8951.0 2855.0
9514.0 45.0
3115.0 1168.0
4193.0 6244.0
5673.0 6717.0
8575.0 6043.0
9119.0 4894.0
7922.0 1169.0
2897.0 9352.0
7321.0 3355.0
7231.0 1908.0
7735.0 5833.0
6178.0 2049.0
1145.0 76.0
250.0 2944.0
6361.0 5936.0
1452.0 3382.0
9638.0 5856.0
6108.0 7544.0
6659.0 6309.0
3298.0 7028.0
5025.0 2140.0
9282.0 2044.0
8822.0 1960.0
749.0 1181.0
9388.0 5269.0
2246.0 1670.0
8870.0 4468.0
5640.0 4564.0
5679.0 7422.0
1962.0 1723.0
3436.0 8737.0
8492.0 4053.0
7524.0 421.0
6416.0 2877.0
5834.0 5089.0
6941.0 8890.0
2814.0 7375.0
6183.0 5572.0
8423.0 1720.0
1703.0 6508.0
6086.0 7191.0
6038.0 8508.0
6258.0 2504.0
5071.0 4949.0
4692.0 6917.0
1604.0 6250.0
7025.0 5143.0
6968.0 6894.0
3759.0 6959.0
6042.0 919.0
2273.0 4676.0
3518.0 279.0
4935.0 4127.0
1772.0 2999.0
4932.0 7338.0
3178.0 533.0
3927.0 7553.0
2244.0 6239.0
8117.0 9767.0
5388.0 9395.0
1828.0 2443.0
8738.0 1652.0
222.0 8564.0
6777.0 5354.0
5231.0 6695.0
7212.0 5629.0
1311.0 5209.0
9897.0 675.0
132.0 5357.0
179.0 7140.0
5785.0 1323.0
9502.0 32.0
4626.0 7948.0
8634.0 9045.0
6348.0 9282.0
1364.0 5745.0
5387.0 3617.0
9014.0 8505.0
4258.0 3186.0
8629.0 4617.0
2938.0 9167.0
192.0 1493.0
869.0 5179.0
709.0 1366.0
717.0 4920.0
5524.0 6408.0
5458.0 2116.0
9717.0 3673.0
2919.0 3442.0
4923.0 1790.0
4347.0 7585.0
9442.0 3814.0
6140.0 6110.0
1976.0 3139.0
6310.0 4285.0
1854.0 1911.0
9804.0 2545.0
1098.0 3828.0
9269.0 1745.0
6162.0 5768.0
375.0 7878.0
9732.0 5129.0
3282.0 4404.0
5398.0 2324.0
4370.0 2883.0
581.0 329.0
4817.0 5038.0
5549.0 5695.0
5145.0 1954.0
8879.0 7956.0
7316.0 8539.0
2222.0 6824.0
8489.0 3938.0
9707.0 9104.0
3048.0 1048.0
9856.0 9732.0
1987.0 811.0
342.0 3857.0
1256.0 9435.0
8460.0 9372.0
3188.0 9219.0
2647.0 1819.0
7580.0 6137.0
2907.0 6076.0
1554.0 9856.0
502.0 1739.0
9785.0 4340.0
9749.0 1616.0
9202.0 9708.0
7274.0 5247.0
4768.0 8518.0
6588.0 1861.0
5430.0 2132.0
8321.0 9685.0
1855.0 5324.0
8974.0 1028.0
36.0 9806.0
3541.0 5036.0
7390.0 9827.0
9846.0 2550.0
428.0 5512.0
4956.0 9967.0
5615.0 2106.0
6513.0 1532.0
7516.0 5784.0
4340.0 1960.0
829.0 9194.0
174.0 3816.0
5401.0 2398.0
5879.0 6555.0
5848.0 7372.0
2978.0 6645.0
9848.0 6725.0
8878.0 686.0
1748.0 9816.0
7617.0 5929.0
549.0 1918.0
5499.0 5126.0
3899.0 4597.0
4465.0 5111.0
2176.0 7974.0
8545.0 1029.0
9282.0 8030.0
1255.0 637.0
9223.0 4623.0
4278.0 5575.0
108.0 8373.0
291.0 9030.0
9637.0 7087.0
5280.0 1715.0
8710.0 4884.0
8204.0 556.0
2235.0 9683.0
8351.0 7022.0
8741.0 7224.0
3243.0 4502.0
2916.0 2276.0
2444.0 6639.0
7643.0 211.0
5109.0 1049.0
4659.0 4588.0
1645.0 5327.0
5423.0 8932.0
2322.0 4753.0
6307.0 3356.0
8187.0 3624.0
4703.0 9199.0
2136.0 4617.0
5146.0 7342.0
501.0 3094.0
7069.0 8361.0
7985.0 5776.0
8267.0 5193.0
1316.0 5685.0
704.0 1465.0
9469.0 7778.0
7724.0 1159.0
788.0 2185.0
4313.0 7774.0
9888.0 4463.0
4472.0 3652.0
9670.0 4782.0
2335.0 2627.0
6301.0 454.0
6106.0 1666.0
7525.0 8725.0
6444.0 9660.0
7136.0 9239.0
3375.0 4042.0
979.0 8086.0
8342.0 8375.0
2331.0 7859.0
499.0 6593.0
7003.0 620.0
8837.0 2056.0
1021.0 3198.0
4262.0 2068.0
6244.0 6735.0
8210.0 1045.0
1757.0 4877.0
6907.0 7977.0
1396.0 7556.0
2879.0 6364.0
269.0 9741.0
7808.0 7270.0
5599.0 7095.0
3340.0 8690.0
9768.0 2954.0
8941.0 6856.0
5890.0 3519.0
8408.0 7681.0
8784.0 702.0
9136.0 8981.0
6683.0 4522.0
738.0 6654.0
1544.0 9478.0
2125.0 463.0
8295.0 1798.0
8642.0 7615.0
5891.0 6992.0
3372.0 4765.0
5507.0 9616.0
9191.0 1641.0
3742.0 9664.0
700.0 1931.0
1167.0 2497.0
7609.0 9611.0
9082.0 1729.0
3700.0 1369.0
9827.0 6987.0
7951.0 8292.0
8498.0 941.0
6933.0 2484.0
6426.0 2544.0
79.0 6772.0
9258.0 5875.0
1922.0 8168.0
5008.0 6511.0
7916.0 8251.0
9917.0 9836.0
2925.0 6135.0
2477.0 8203.0
3998.0 2179.0
8475.0 6366.0
1512.0 3114.0
2398.0 7090.0
5311.0 1745.0
3066.0 1357.0
4914.0 6888.0
3828.0 82.0
5417.0 1719.0
187.0 6755.0
3175.0 1185.0
194.0 2915.0
7872.0 1648.0
5471.0 880.0
84.0 8428.0
3207.0 642.0
5927.0 9401.0
1991.0 338.0
2901.0 5326.0
6813.0 2221.0
3525.0 61.0
1110.0 8534.0
5870.0 6325.0
6186.0 4208.0
2585.0 5182.0
869.0 5794.0
2523.0 9903.0
6759.0 8550.0
1569.0 7379.0
6908.0 6083.0
1768.0 2726.0
8295.0 9479.0
351.0 5287.0
936.0 5321.0
2774.0 6647.0
8995.0 4510.0
6358.0 3863.0
1730.0 6312.0
3638.0 3557.0
4646.0 4537.0
7018.0 5036.0
3681.0 5265.0
8844.0 3099.0
7809.0 8035.0
3481.0 3717.0
7875.0 4916.0
512.0 8216.0
2046.0 4358.0
643.0 4158.0
712.0 9259.0
8434.0 3565.0
6186.0 1144.0
8446.0 1657.0
5070.0 4876.0
3901.0 1773.0
3624.0 819.0
9478.0 4622.0
8999.0 3859.0
2316.0 2553.0
1674.0 1201.0
7857.0 1983.0
6965.0 3351.0
9602.0 9665.0
5944.0 5210.0
4404.0 954.0
8622.0 6674.0
7388.0 729.0
4758.0 4675.0
3103.0 151.0
129.0 1062.0
2002.0 4896.0
8624.0 3244.0
3860.0 3059.0
3010.0 7004.0
2230.0 3361.0
9724.0 3400.0
6534.0 6849.0
5541.0 4173.0
888.0 7734.0
6461.0 2567.0
1276.0 1548.0
1689.0 8975.0
5162.0 1263.0
8031.0 3334.0
143.0 4563.0
2582.0 8680.0
753.0 7905.0
4044.0 2765.0
5007.0 5554.0
5524.0 7172.0
4800.0 4248.0
4178.0 5821.0
6751.0 6656.0
5538.0 7291.0
2600.0 9292.0
2875.0 7877.0
758.0 3059.0
4464.0 4777.0
3112.0 7072.0
4076.0 1346.0
3684.0 8935.0
2583.0 8817.0
8251.0 7136.0
992.0 1402.0
6523.0 3716.0
7787.0 4197.0
976.0 7881.0
5917.0 5801.0
8959.0 3726.0
7283.0 50.0
7156.0 7727.0
5081.0 3811.0
12.0 4166.0
6842.0 208.0
6236.0 9159.0
3538.0 9238.0
9964.0 6445.0
2583.0 155.0
5691.0 605.0
5100.0 2556.0
8585.0 5869.0

2001.0 8202.0
982.0 7354.0
1572.0 7293.0
9860.0 8750.0
4691.0 6796.0
1866.0 7110.0
9071.0 7263.0
9887.0 7021.0
2263.0 5899.0
6620.0 5899.0
1551.0 2213.0
420.0 4985.0
551.0 760.0
7755.0 3073.0
2888.0 7906.0
3821.0 1137.0
5799.0 1990.0
5454.0 8544.0
8993.0 8861.0
2932.0 3982.0
6671.0 7128.0
9750.0 6791.0
2979.0 102.0
2010.0 6851.0
3823.0 3807.0
1492.0 3696.0
352.0 2987.0
8997.0 8025.0
1980.0 9516.0
7124.0 1246.0
9271.0 147.0
4022.0 1256.0
9592.0 2970.0
2231.0 5084.0
818.0 4544.0
9249.0 1599.0
1000.0 2080.0
8876.0 9906.0
4317.0 7604.0
4973.0 1625.0
6153.0 3521.0
1732.0 7713.0
2700.0 1467.0
7030.0 2969.0
2860.0 8907.0
8014.0 3919.0
2898.0 336.0
477.0 8230.0
6583.0 2559.0
6167.0 6302.0
6286.0 5920.0
4580.0 8240.0
2773.0 5892.0
8383.0 1816.0
4153.0 1997.0
4066.0 9657.0
6736.0 3380.0
1876.0 6243.0
3222.0 3053.0
1701.0 7938.0
6041.0 5134.0
3962.0 1704.0
6197.0 2052.0
7122.0 639.0
477.0 1099.0
5926.0 7033.0
2368.0 2275.0
6965.0 6085.0
4537.0 1810.0
669.0 5967.0
3234.0 8289.0
1310.0 2375.0
7445.0 798.0
9162.0 8233.0
8179.0 1003.0
1372.0 1758.0
5717.0 3563.0
669.0 8456.0
5184.0 1822.0
3514.0 5341.0
3281.0 8156.0
1774.0 7919.0
1568.0 921.0
4539.0 3172.0
4102.0 2385.0
9185.0 4197.0
9794.0 4602.0
3265.0 4638.0
2380.0 2586.0
1344.0 3614.0
3278.0 6753.0
3392.0 4255.0
5269.0 9015.0
3804.0 1577.0
7270.0 9428.0
2669.0 7785.0
3132.0 2855.0
3410.0 5742.0
9748.0 7507.0
3334.0 3709.0
2355.0 9800.0
6271.0 7049.0
7377.0 2461.0
8848.0 5058.0
5668.0 5247.0
4514.0 3586.0
1483.0 239.0
1930.0 6591.0
5045.0 6102.0
6819.0 2329.0
9077.0 8225.0
8862.0 2315.0
2103.0 4173.0
7768.0 3720.0
3922.0 6323.0
5094.0 8382.0
1071.0 6169.0
951.0 4089.0
2635.0 7124.0
7144.0 6303.0
9280.0 5311.0
902.0 960.0
817.0 196.0
5767.0 1556.0
200.0 9527.0
8767.0 6159.0
4249.0 5449.0
5435.0 2497.0
4014.0 1254.0
6827.0 1818.0
89.0 628.0
5095.0 4665.0
732.0 3858.0
6754.0 4215.0
3155.0 7887.0
5212.0 5409.0
837.0 9628.0
6692.0 448.0
2200.0 4477.0
6117.0 3892.0
8491.0 4395.0
2103.0 2990.0
1262.0 2530.0
2621.0 1420.0
2246.0 3737.0
5431.0 7081.0
1029.0 2949.0
9944.0 7143.0
8327.0 5797.0
9519.0 5963.0
5259.0 8391.0
5908.0 4096.0
1437.0 5691.0
9839.0 8988.0
7234.0 362.0
4437.0 601.0
8099.0 6535.0
513.0 7556.0
1241.0 5407.0
5348.0 2013.0
7555.0 2049.0
9103.0 3922.0
4124.0 5400.0
5400.0 7817.0
5177.0 5787.0
5218.0 7835.0
1828.0 6947.0
5684.0 9082.0
3445.0 1946.0
7880.0 6056.0
6028.0 4877.0
249.0 1262.0
5436.0 2805.0
6703.0 9699.0
5775.0 4835.0
1053.0 7360.0
5881.0 7731.0
1846.0 4446.0
9170.0 9994.0
4195.0 6418.0
4742.0 8818.0
7764.0 8592.0
103.0 6843.0
2421.0 2389.0
8327.0 8104.0
5744.0 3965.0
5022.0 5100.0
8936.0 8339.0
2958.0 1404.0
238.0 4685.0
4717.0 6710.0
7504.0 1006.0
6167.0 3743.0
3961.0 8763.0
6187.0 8952.0
3825.0 719.0
430.0 1380.0
6817.0 7582.0
9511.0 6651.0
3216.0 1666.0
4455.0 5450.0
3566.0 8201.0
4770.0 8475.0
9567.0 7488.0
6985.0 2190.0
5335.0 3519.0
4009.0 2363.0
593.0 7271.0
8161.0 4778.0
9872.0 5304.0
3235.0 5022.0
4384.0 6851.0
3419.0 1779.0
5604.0 5051.0
9463.0 545.0
2220.0 487.0
4914.0 7168.0
4497.0 7712.0
7784.0 3128.0
2707.0 7888.0
5500.0 6985.0
8688.0 3258.0
3489.0 8889.0
2167.0 1572.0
243.0 7577.0
5914.0 1119.0
4222.0 1782.0
6355.0 9606.0
458.0 434.0
8734.0 2443.0
7176.0 8614.0
8427.0 8682.0
5321.0 8633.0
2518.0 5233.0
6328.0 8174.0
8224.0 2532.0
5975.0 9900.0
7267.0 7323.0
4706.0 9452.0
7833.0 720.0
7216.0 1243.0
8171.0 2209.0
6718.0 3963.0
8450.0 2765.0
1689.0 212.0
10001.0 2729.0
5481.0 7175.0
3505.0 2631.0
1634.0 7747.0
261.0 7602.0
229.0 4033.0
3109.0 8557.0
3175.0 7629.0
6144.0 5807.0
8732.0 3594.0
4770.0 3245.0
8147.0 7544.0
266.0 3820.0
9769.0 7755.0
5393.0 9391.0
8454.0 6728.0
202.0 707.0
642.0 9079.0
9598.0 5587.0
7965.0 5230.0
6803.0 6059.0
4705.0 2744.0
9289.0 7545.0
6973.0 9780.0
6296.0 5789.0
3968.0 7560.0
9539.0 9703.0
4156.0 1237.0
1190.0 767.0
1714.0 1121.0
5759.0 2164.0
1108.0 8652.0
4953.0 3318.0
158.0 4036.0
7144.0 7986.0
4399.0 4951.0
5498.0 6572.0
8162.0 8271.0
1427.0 5838.0
160.0 9177.0
2426.0 1657.0
3968.0 4593.0
5904.0 2991.0
6234.0 371.0
3106.0 7745.0
7981.0 4109.0
9760.0 3671.0
6840.0 8042.0
2495.0 9966.0
585.0 8912.0
2680.0 7763.0
4794.0 4225.0
1771.0 141.0
15.0 6827.0
4747.0 4853.0
6266.0 2174.0
768.0 5403.0
5242.0 5265.0
2636.0 8654.0
3063.0 6613.0
9169.0 9641.0
8917.0 9165.0
7085.0 6737.0
7468.0 627.0
1504.0 2818.0
5344.0 8049.0
6667.0 653.0
4606.0 4135.0
954.0 3112.0
8497.0 7170.0
2848.0 1399.0
7364.0 8968.0
6903.0 6949.0
5076.0 7773.0
1331.0 5204.0
8825.0 5540.0
1324.0 1844.0
7601.0 1450.0
4690.0 4723.0
7268.0 6149.0
8919.0 7124.0
2535.0 3585.0
1290.0 523.0
8692.0 9843.0
6071.0 7497.0
8475.0 934.0
5506.0 7972.0
1880.0 3912.0
3571.0 4457.0
9338.0 8266.0
4221.0 4432.0
1008.0 6971.0
8137.0 555.0
7637.0 9137.0
4623.0 1850.0
781.0 8654.0
7738.0 1534.0
2748.0 5751.0
8274.0 9668.0
9129.0 896.0
5674.0 1273.0
9251.0 2922.0
6489.0 3089.0
2420.0 5830.0
8479.0 4629.0
291.0 1143.0
1983.0 1713.0
8226.0 5268.0
2595.0 3112.0
988.0 3748.0
1835.0 3506.0
622.0 6817.0
4834.0 8394.0
6877.0 3199.0
6705.0 9122.0
3020.0 1552.0
1639.0 8704.0
2397.0 1440.0
1375.0 1588.0
3564.0 8322.0
2126.0 3047.0
4412.0 9375.0
1555.0 6330.0
8031.0 9654.0
9920.0 8285.0
5774.0 447.0
1984.0 6557.0
5293.0 4247.0
8776.0 4078.0
3928.0 3304.0
830.0 8990.0
315.0 1075.0
6989.0 653.0
9541.0 8592.0
5368.0 4944.0
9696.0 88.0
5602.0 4450.0
194.0 4822.0
3949.0 1778.0
4722.0 4523.0
5385.0 6604.0
4098.0 8353.0
9260.0 9663.0
7006.0 9806.0
7631.0 9289.0
8842.0 2476.0
7877.0 8735.0
1618.0 4065.0
3700.0 4893.0
203.0 600.0
1095.0 1581.0
2796.0 5229.0
8403.0 3079.0
5975.0 8530.0
2062.0 6077.0
7158.0 9750.0
2128.0 665.0
9842.0 866.0
4190.0 3588.0
9478.0 7916.0
6783.0 9371.0
298.0 6481.0
5864.0 7515.0
5998.0 757.0
521.0 6416.0
9590.0 8112.0
6432.0 7181.0
280.0 3564.0
6253.0 2969.0
7729.0 1060.0
8489.0 2086.0
6572.0 1014.0
8954.0 5437.0
6493.0 5974.0
1452.0 1516.0
5758.0 8875.0
6744.0 4629.0
8524.0 748.0
1416.0 4474.0
8806.0 7340.0
776.0 7753.0
6421.0 6526.0
2311.0 5002.0
2783.0 946.0
8910.0 8268.0
6894.0 2786.0
3336.0 7824.0
4386.0 90.0
8163.0 8584.0
4950.0 6552.0
7687.0 9358.0
6034.0 9163.0
962.0 637.0
3121.0 682.0
7575.0 9072.0
9485.0 6272.0
184.0 9280.0
728.0 6285.0
538.0 6190.0
1996.0 9571.0
7969.0 3550.0
8183.0 4219.0
2029.0 6765.0
17.0 5190.0
3350.0 774.0
1337.0 692.0
9308.0 6070.0
5446.0 1769.0
3649.0 8549.0
864.0 1973.0
1605.0 1382.0
9381.0 6582.0
4673.0 9531.0
1677.0 3207.0
1594.0 93.0
8459.0 8289.0
4694.0 4127.0
7389.0 6315.0
3136.0 8164.0
8698.0 1249.0
7222.0 5992.0
4818.0 2013.0
325.0 3960.0
1896.0 6484.0
7568.0 5411.0
3521.0 920.0
2822.0 2419.0
9562.0 4194.0
8184.0 5517.0
5380.0 8785.0
2460.0 4557.0
9391.0 2917.0
7813.0 6364.0
9205.0 785.0
6164.0 7363.0
9280.0 255.0
9413.0 1846.0
5401.0 9961.0
144.0 9009.0
3862.0 231.0
1865.0 4480.0
5662.0 4728.0
389.0 4435.0
8619.0 2234.0
493.0 3029.0
2703.0 500.0
4421.0 6268.0
6489.0 6555.0
1347.0 7985.0
5032.0 410.0
9384.0 6113.0
2050.0 1547.0
4291.0 9891.0
1764.0 137.0
1387.0 1175.0
8218.0 7369.0
9879.0 5530.0
2473.0 1832.0
1136.0 1246.0
492.0 1342.0
5016.0 6959.0
7083.0 2146.0
887.0 1040.0
3748.0 9900.0
2400.0 8391.0
793.0 9357.0
7646.0 2871.0
6551.0 2144.0
8773.0 5932.0
9054.0 4599.0
7695.0 4707.0
8031.0 10004.0
6949.0 5166.0
7567.0 2205.0
7375.0 8537.0
2274.0 9987.0
6626.0 1608.0
2335.0 4128.0
5193.0 4133.0
5266.0 1549.0
8997.0 8972.0
4748.0 3482.0
176.0 3126.0
9381.0 7046.0
146.0 341.0
6710.0 2180.0
1555.0 8458.0
388.0 8305.0
8230.0 7141.0
799.0 7670.0
4712.0 4176.0
2021.0 4778.0
9467.0 994.0
470.0 3783.0
8425.0 575.0
3070.0 8321.0
7877.0 3417.0
5302.0 655.0
8402.0 9704.0
2011.0 9549.0
3857.0 8371.0
6271.0 8796.0
2103.0 6205.0
4203.0 815.0
6505.0 2658.0
6079.0 2219.0
9847.0 8528.0
6578.0 777.0
4758.0 9176.0
9509.0 5684.0
7223.0 5467.0
4910.0 5561.0
2320.0 8027.0
8819.0 1062.0
3763.0 3084.0
8603.0 1557.0
1354.0 461.0
9187.0 7765.0
2937.0 6952.0
8025.0 4767.0
9990.0 694.0
9183.0 2312.0
8410.0 4760.0
9373.0 1807.0
8617.0 563.0
1286.0 1971.0
1596.0 4292.0
2092.0 7467.0
9943.0 2032.0
7438.0 7522.0
5520.0 1710.0
3814.0 3895.0
7873.0 2560.0
4632.0 112.0
9934.0 5239.0
7858.0 6392.0
166.0 8308.0
5562.0 7201.0
2746.0 9173.0
8245.0 779.0
9861.0 215.0
9269.0 2635.0
2739.0 3236.0
7270.0 7381.0
526.0 7895.0
6877.0 5800.0
8572.0 2304.0
612.0 6629.0
274.0 6424.0
7324.0 4885.0
9055.0 1475.0
4969.0 1234.0
9569.0 952.0
8158.0 9244.0
9753.0 1489.0
3246.0 9982.0
7832.0 4168.0
6371.0 5859.0
841.0 9492.0
2278.0 8121.0
3824.0 1635.0
4258.0 4918.0
1257.0 171.0
8092.0 9361.0
4829.0 9950.0
5322.0 9472.0
4168.0 2225.0
3705.0 4457.0
9617.0 2783.0
5220.0 4205.0
8680.0 5177.0
4463.0 1415.0
197.0 9746.0
2761.0 8311.0
2892.0 1583.0
5927.0 2286.0
7370.0 3127.0
5908.0 7468.0
3186.0 9530.0
9282.0 1560.0
5057.0 7462.0
7853.0 9904.0
4847.0 536.0
9295.0 1168.0
8418.0 6979.0
8112.0 1580.0
8940.0 7773.0
9820.0 7095.0
772.0 5869.0
3677.0 5465.0
510.0 9662.0
1824.0 2565.0
4299.0 6430.0
5179.0 9922.0
3036.0 3801.0
8955.0 2860.0
9520.0 49.0
3121.0 1173.0
4197.0 6249.0
5678.0 6723.0
8579.0 6048.0
9124.0 4898.0
7926.0 1173.0
2901.0 9357.0
7327.0 3360.0
7236.0 1913.0
7740.0 5839.0
6184.0 2054.0
1151.0 81.0
255.0 2949.0
6366.0 5941.0
1458.0 3388.0
9644.0 5861.0
6113.0 7549.0
6665.0 6315.0
3302.0 7032.0
5030.0 2144.0
9287.0 2049.0
8827.0 1966.0
753.0 1186.0
9393.0 5274.0
2251.0 1675.0
8874.0 4473.0
5645.0 4568.0
5685.0 7426.0
1967.0 1729.0
3440.0 8742.0
8497.0 4058.0
7529.0 425.0
6421.0 2883.0
5839.0 5093.0
6945.0 8896.0
2820.0 7380.0
6188.0 5576.0
8428.0 1724.0
1708.0 6513.0
6091.0 7196.0
6042.0 8514.0
6263.0 2508.0
5077.0 4954.0
4697.0 6922.0
1609.0 6254.0
7030.0 5149.0
6973.0 6900.0
3763.0 6965.0
6047.0 923.0
2279.0 4681.0
3524.0 285.0
4941.0 4131.0
1777.0 3004.0
4937.0 7343.0
3184.0 538.0
3932.0 7558.0
2249.0 6243.0
8121.0 9772.0
5394.0 9401.0
1832.0 2449.0
8744.0 1656.0
228.0 8569.0
6782.0 5360.0
5235.0 6699.0
7218.0 5634.0
1316.0 5215.0
9903.0 679.0
138.0 5362.0
184.0 7145.0
5789.0 1328.0
9507.0 37.0
4632.0 7952.0
8639.0 9049.0
6353.0 9287.0
1369.0 5749.0
5392.0 3622.0
9018.0 8510.0
4262.0 3192.0
8635.0 4621.0
2942.0 9172.0
198.0 1499.0
875.0 5184.0
714.0 1372.0
721.0 4925.0
5528.0 6414.0
5462.0 2121.0
9722.0 3677.0
2925.0 3448.0
4927.0 1795.0
4353.0 7590.0
9448.0 3820.0
6144.0 6116.0
1982.0 3144.0
6314.0 4291.0
1858.0 1915.0
9809.0 2549.0
1104.0 3833.0
9275.0 1749.0
6166.0 5773.0
380.0 7883.0
9737.0 5133.0
3287.0 4410.0
5403.0 2329.0
4374.0 2888.0
585.0 334.0
4821.0 5043.0
5554.0 5700.0
5150.0 1959.0
8883.0 7961.0
7322.0 8544.0
2226.0 6830.0
8494.0 3943.0
9712.0 9109.0
3053.0 1052.0
9861.0 9737.0
1991.0 817.0
348.0 3862.0
1261.0 9440.0
8464.0 9376.0
3193.0 9224.0
2653.0 1824.0
7584.0 6143.0
2912.0 6081.0
1560.0 9861.0
507.0 1744.0
9791.0 4345.0
9753.0 1621.0
9207.0 9713.0
7280.0 5253.0
4772.0 8523.0
6593.0 1865.0
5436.0 2137.0
8327.0 9690.0
1860.0 5330.0
8979.0 1034.0
41.0 9812.0
3545.0 5042.0
7394.0 9833.0
9851.0 2556.0
433.0 5516.0
4961.0 9973.0
5620.0 2111.0
6517.0 1537.0
7521.0 5790.0
4344.0 1964.0
835.0 9199.0
179.0 3820.0
5406.0 2403.0
5884.0 6561.0
5853.0 7377.0
2983.0 6649.0
9853.0 6729.0
8883.0 691.0
1752.0 9821.0
7622.0 5934.0
553.0 1922.0
5504.0 5130.0
3903.0 4601.0
4471.0 5115.0
2180.0 7978.0
8550.0 1034.0
9288.0 8035.0
1259.0 642.0
9228.0 4628.0
4282.0 5581.0
114.0 8378.0
296.0 9035.0
9642.0 7093.0
5285.0 1720.0
8715.0 4890.0
8210.0 562.0
2240.0 9688.0
8356.0 7026.0
8746.0 7230.0
3249.0 4506.0
2921.0 2280.0
2448.0 6643.0
7649.0 216.0
5113.0 1055.0
4663.0 4594.0
1649.0 5331.0
5429.0 8936.0
2326.0 4759.0
6311.0 3361.0
8192.0 3629.0
4708.0 9203.0
2140.0 4623.0
5152.0 7348.0
505.0 3099.0
7074.0 8365.0
7991.0 5781.0
8273.0 5198.0
1320.0 5689.0
708.0 1470.0
9474.0 7783.0
7729.0 1165.0
793.0 2190.0
4318.0 7779.0
9892.0 4468.0
4477.0 3656.0
9674.0 4787.0
2341.0 2632.0
6306.0 459.0
6111.0 1671.0
7529.0 8730.0
6450.0 9664.0
7142.0 9243.0
3380.0 4047.0
984.0 8091.0
8346.0 8381.0
2336.0 7865.0
504.0 6599.0
7008.0 625.0
8841.0 2060.0
1026.0 3204.0
4266.0 2073.0
6249.0 6740.0
8216.0 1050.0
1762.0 4882.0
6911.0 7983.0
1400.0 7561.0
2884.0 6369.0
273.0 9745.0
7813.0 7275.0
5603.0 7100.0
3345.0 8695.0
9773.0 2960.0
8946.0 6862.0
5894.0 3523.0
8413.0 7686.0
8788.0 706.0
9141.0 8985.0
6688.0 4526.0
742.0 6659.0
1549.0 9483.0
2130.0 467.0
8300.0 1803.0
8648.0 7620.0
5896.0 6997.0
3377.0 4770.0
5512.0 9621.0
9195.0 1647.0
3748.0 9670.0
705.0 1935.0
1171.0 2501.0
7613.0 9616.0
9088.0 1733.0
3706.0 1373.0
9831.0 6993.0
7955.0 8298.0
8503.0 947.0
6938.0 2489.0
6432.0 2550.0
83.0 6776.0
9264.0 5880.0
1926.0 8173.0
5014.0 6516.0
7921.0 8257.0
9922.0 9841.0
2931.0 6140.0
2482.0 8207.0
4004.0 2185.0
8481.0 6371.0
1516.0 3119.0
2402.0 7096.0
5316.0 1750.0
3072.0 1362.0
4920.0 6893.0
3833.0 87.0
5422.0 1724.0
191.0 6761.0
3180.0 1191.0
198.0 2919.0
7876.0 1654.0
5476.0 886.0
88.0 8433.0
3212.0 646.0
5933.0 9406.0
1996.0 344.0
2906.0 5332.0
6819.0 2227.0
3531.0 66.0
1115.0 8539.0
5875.0 6329.0
6191.0 4214.0
2590.0 5188.0
874.0 5799.0
2528.0 9907.0
6764.0 8555.0
1575.0 7384.0
6913.0 6087.0
1773.0 2732.0
8301.0 9483.0
357.0 5291.0
940.0 5326.0
2779.0 6652.0
8999.0 4516.0
6362.0 3868.0
1735.0 6317.0
3644.0 3561.0
4652.0 4542.0
7022.0 5042.0
3687.0 5270.0
8849.0 3104.0
7815.0 8041.0
3485.0 3722.0
7879.0 4921.0
516.0 8222.0
2051.0 4362.0
649.0 4163.0
717.0 9264.0
8439.0 3570.0
6190.0 1148.0
8451.0 1663.0
5075.0 4881.0
3907.0 1779.0
3629.0 823.0
9483.0 4626.0
9005.0 3863.0
2321.0 2558.0
1679.0 1206.0
7861.0 1988.0
6970.0 3356.0
9607.0 9670.0
5950.0 5216.0
4409.0 959.0
8628.0 6680.0
7393.0 735.0
4763.0 4680.0
3108.0 155.0
135.0 1067.0
2008.0 4902.0
8630.0 3250.0
3864.0 3063.0
3014.0 7008.0
2234.0 3366.0
9728.0 3404.0
6540.0 6854.0
5546.0 4179.0
892.0 7739.0
6466.0 2572.0
1282.0 1554.0
1694.0 8981.0
5168.0 1267.0
8035.0 3339.0
148.0 4568.0
2587.0 8685.0
757.0 7910.0
4048.0 2770.0
5012.0 5559.0
5528.0 7178.0
4806.0 4252.0
4184.0 5826.0
6756.0 6662.0
5542.0 7295.0
2605.0 9296.0
2880.0 7881.0
762.0 3065.0
4469.0 4782.0
3117.0 7077.0
4081.0 1351.0
3689.0 8939.0
2587.0 8821.0
8256.0 7142.0
996.0 1406.0
6528.0 3721.0
7792.0 4201.0
982.0 7887.0
5923.0 5807.0
8965.0 3732.0
7288.0 54.0
7162.0 7732.0
5085.0 3817.0
18.0 4171.0
6848.0 212.0
6241.0 9163.0
3543.0 9243.0
9970.0 6449.0
2588.0 161.0
5696.0 610.0
5106.0 2562.0
8590.0 5874.0
