1
1024 1 3.0 0.0 1000.0 3 160 240 100

6.5 13.5 29.3 58.5
13.0 27.0 58.5 117.0
19.5 40.5 87.8 175.5
26.0 54.0 117.0 234.0
39.0 81.0 175.5 351.0
52.0 108.0 234.0 468.0
58.5 121.5 263.3 526.5
65.0 135.0 292.5 585.0
78.0 162.0 351.0 702.0
0.0 180.0 390.0 780.0

2.0 5.0 8.0 11.0
5.0 8.0 11.0 14.0
9.0 12.0 15.0 18.0
11.0 14.0 17.0 20.0
15.0 18.0 21.0 24.0
18.0 21.0 24.0 27.0
20.0 23.0 26.0 29.0
25.0 28.0 31.0 34.0
29.0 32.0 35.0 38.0
0.0 34.0 37.0 40.0

9126.0 7588.0
1095.0 7329.0
7503.0 5844.0
2058.0 9654.0
4964.0 1894.0
3099.0 2141.0
9997.0 2830.0
3972.0 6242.0
9750.0 314.0
8832.0 1187.0
6474.0 5288.0
8657.0 4037.0
693.0 9783.0
248.0 2476.0
1439.0 2739.0
3423.0 8510.0
6420.0 9241.0
480.0 3726.0
7446.0 5103.0
4568.0 9292.0
8999.0 1195.0
6026.0 6352.0
264.0 4439.0
8331.0 4972.0
3499.0 4887.0
7724.0 2321.0
4080.0 786.0
3137.0 3237.0
83.0 6057.0
5515.0 8843.0
1741.0 7098.0
8130.0 1380.0
3646.0 8311.0
1997.0 5924.0
5032.0 8296.0
2992.0 2142.0
5995.0 1091.0
9764.0 1763.0
3.0 9408.0
4059.0 9915.0
5556.0 9245.0
7539.0 1007.0
2322.0 7816.0
1718.0 2299.0
9634.0 9197.0
93.0 854.0
7674.0 4604.0
4097.0 2003.0
4203.0 6725.0
6952.0 11.0
2201.0 9.0
2043.0 4100.0
6240.0 1334.0
4899.0 5493.0
7977.0 7969.0
392.0 3640.0
3590.0 2233.0
9256.0 2293.0
8523.0 4780.0
521.0 8603.0
7386.0 913.0
8965.0 882.0
9363.0 6846.0
9197.0 3215.0
1987.0 5328.0
449.0 7576.0
8615.0 2537.0
8709.0 6608.0
7475.0 674.0
5267.0 2747.0
2626.0 3146.0
3296.0 1833.0
9678.0 1777.0
6559.0 1889.0
1642.0 7947.0
6853.0 227.0
2735.0 2074.0
9277.0 4536.0
520.0 8358.0
6940.0 6132.0
9205.0 4199.0
9205.0 6025.0
9478.0 6200.0
67.0 6960.0
2708.0 7173.0
5773.0 7118.0
9882.0 1061.0
3278.0 3614.0
8111.0 5191.0
3651.0 6476.0
77.0 1764.0
7016.0 6262.0
4250.0 3015.0
8143.0 977.0
6250.0 6931.0
4285.0 459.0
4187.0 2967.0
9362.0 8892.0
3340.0 9651.0
1095.0 8620.0
8020.0 8518.0
195.0 911.0
981.0 1252.0
3199.0 1851.0
3213.0 9491.0
3063.0 4020.0
9486.0 9171.0
4116.0 7122.0
7480.0 3853.0
462.0 3229.0
871.0 3927.0
9449.0 4801.0
9202.0 1115.0
4296.0 6154.0
9917.0 194.0
2484.0 1532.0
384.0 2334.0
9006.0 5448.0
273.0 6983.0
6087.0 3468.0
7148.0 1710.0
3473.0 4084.0
594.0 1911.0
5882.0 4858.0
2773.0 4798.0
6729.0 8491.0
5721.0 4588.0
9723.0 6980.0
8265.0 8303.0
2437.0 4539.0
7899.0 4092.0
8451.0 2430.0
5472.0 6494.0
7177.0 1382.0
3039.0 5555.0
2950.0 9760.0
7736.0 9209.0
7513.0 8141.0
7009.0 845.0
2474.0 3468.0
3082.0 6465.0
848.0 8448.0
6973.0 8354.0
9283.0 4344.0
4953.0 4670.0
5072.0 7843.0
2764.0 6880.0
4553.0 5157.0
5473.0 9435.0
1997.0 9012.0
3299.0 8621.0
585.0 6706.0
6264.0 9987.0
9582.0 9886.0
3033.0 6263.0
4296.0 9214.0
1782.0 190.0
7945.0 9590.0
3448.0 9170.0
7003.0 4079.0
216.0 1155.0
4166.0 7239.0
4588.0 3680.0
5496.0 970.0
6903.0 467.0
882.0 8591.0
1626.0 2499.0
9397.0 5280.0
5299.0 2998.0
3661.0 5549.0
1472.0 8196.0
9811.0 931.0
482.0 8336.0
2178.0 3514.0
4427.0 5803.0
4269.0 3526.0
191.0 9804.0
170.0 1591.0
5864.0 9513.0
2950.0 8858.0
8414.0 88.0
9187.0 644.0
2959.0 8482.0
1203.0 1764.0
6501.0 8460.0
1124.0 4209.0
1454.0 6731.0
3351.0 338.0
6834.0 4614.0
4553.0 7248.0
7460.0 2151.0
2788.0 488.0
4015.0 4086.0
9834.0 7768.0
9307.0 9608.0
3363.0 5853.0
8612.0 295.0
8020.0 6276.0
4417.0 3151.0
7053.0 8062.0
8435.0 8170.0
8551.0 8101.0
6236.0 2320.0
2929.0 2356.0
2349.0 4386.0
735.0 3555.0
6186.0 7558.0
2401.0 3546.0
1632.0 9203.0
4020.0 955.0
5670.0 9720.0
5767.0 7340.0
3868.0 4898.0
2056.0 7488.0
3109.0 8690.0
5037.0 2011.0
4382.0 5813.0
5540.0 2936.0
1021.0 6096.0
8054.0 5415.0
211.0 4987.0
8859.0 1249.0
8137.0 7124.0
8901.0 2370.0
1615.0 2403.0
5515.0 4963.0
1557.0 6436.0
9601.0 7375.0
6129.0 9832.0
7344.0 7484.0
3946.0 3196.0
8099.0 7692.0
155.0 7279.0
2519.0 8208.0
767.0 183.0
7542.0 1772.0
3083.0 6029.0
7344.0 5505.0
2557.0 2020.0
1838.0 8032.0
8968.0 3294.0
6843.0 2547.0
7235.0 7495.0
2512.0 8990.0
731.0 3467.0
9127.0 990.0
7456.0 991.0
1851.0 5747.0
1906.0 973.0
8559.0 7508.0
8002.0 8008.0
7330.0 7817.0
926.0 9720.0
2706.0 8177.0
8212.0 9799.0
2335.0 3320.0
2948.0 4156.0
8075.0 5715.0
4445.0 2094.0
8177.0 4513.0
4211.0 6925.0
9646.0 4565.0
7595.0 2937.0
2381.0 3685.0
3946.0 8126.0
9189.0 8838.0
635.0 4618.0
8284.0 4390.0
8809.0 1172.0
7370.0 8105.0
1201.0 4710.0
904.0 3046.0
4870.0 251.0
4648.0 6039.0
4217.0 1203.0
4109.0 5876.0
2122.0 4388.0
5962.0 6908.0
9562.0 6746.0
4073.0 6202.0
6550.0 3112.0
4204.0 4921.0
9769.0 6986.0
4018.0 7093.0
4721.0 8718.0
7481.0 1430.0
2772.0 8008.0
5249.0 4365.0
5924.0 140.0
5170.0 4972.0
4680.0 7879.0
9473.0 4927.0
6843.0 3415.0
7760.0 9177.0
7605.0 7296.0
7411.0 5487.0
3776.0 3754.0
5480.0 3516.0
7514.0 4329.0
8703.0 6601.0
7384.0 4219.0
719.0 1903.0
7132.0 8268.0
8090.0 7081.0
4987.0 5992.0
9238.0 4157.0
8878.0 7577.0
2897.0 3747.0
5393.0 5250.0
5167.0 5301.0
2841.0 6940.0
6799.0 1539.0
1272.0 1645.0
4786.0 7728.0
4796.0 8417.0
4877.0 8976.0
4065.0 3382.0
4110.0 1206.0
9259.0 1699.0
4966.0 3963.0
6432.0 3896.0
5248.0 5740.0
2577.0 8460.0
286.0 4957.0
7240.0 5137.0
6560.0 2288.0
1065.0 5817.0
8367.0 2478.0
4092.0 2451.0
1598.0 6324.0
9178.0 3889.0
1263.0 5979.0
8391.0 6066.0
1839.0 9253.0
2717.0 2455.0
2053.0 1059.0
7947.0 4177.0
8207.0 2683.0
2082.0 1719.0
2632.0 2034.0
2120.0 2634.0
6385.0 540.0
563.0 2172.0
7789.0 4855.0
4507.0 6232.0
909.0 4040.0
2662.0 8560.0
578.0 5381.0
8157.0 6603.0
3061.0 4513.0
7466.0 2944.0
3976.0 8005.0
8340.0 1706.0
7548.0 9079.0
2050.0 1875.0
3830.0 9624.0
7844.0 1922.0
2962.0 4167.0
9923.0 2661.0
8092.0 3968.0
9817.0 7749.0
1043.0 1899.0
9509.0 3739.0
7345.0 1279.0
3142.0 4104.0
9718.0 4316.0
7678.0 4147.0
1617.0 8339.0
5357.0 6212.0
4939.0 459.0
3299.0 7100.0
8487.0 3851.0
8113.0 2118.0
6304.0 1298.0
5849.0 2665.0
7470.0 4174.0
167.0 6778.0
1467.0 7522.0
4048.0 4539.0
5708.0 4404.0
2921.0 2771.0
4344.0 5167.0
9543.0 5928.0
9935.0 9812.0
3492.0 2598.0
2099.0 4108.0
622.0 9528.0
9735.0 2633.0
327.0 7592.0
5923.0 4394.0
975.0 6607.0
7097.0 9199.0
6355.0 8424.0
605.0 5438.0
8491.0 191.0
7245.0 2437.0
4678.0 2216.0
7886.0 3060.0
9089.0 7344.0
5771.0 4706.0
1802.0 1248.0
8608.0 9379.0
600.0 5563.0
7048.0 5992.0
3405.0 8273.0
8650.0 558.0
1675.0 8259.0
8936.0 2454.0
7646.0 3431.0
3646.0 7398.0
741.0 4352.0
8774.0 321.0
1015.0 7767.0
7508.0 3788.0
9990.0 6960.0
5665.0 138.0
1714.0 8344.0
9722.0 8002.0
9415.0 6196.0
4048.0 6368.0
5588.0 9965.0
6440.0 1853.0
5876.0 1056.0
3557.0 7345.0
9587.0 8496.0
364.0 2690.0
2209.0 5423.0
175.0 572.0
7769.0 782.0
4413.0 3258.0
1379.0 3162.0
3669.0 8380.0
4845.0 6177.0
4182.0 4398.0
661.0 7315.0
6321.0 8933.0
2260.0 4662.0
4191.0 5608.0
870.0 8411.0
7946.0 7586.0
1814.0 6583.0
2923.0 8448.0
5627.0 6861.0
2195.0 3592.0
1821.0 8966.0
1645.0 7803.0
5662.0 4466.0
9155.0 7167.0
808.0 3459.0
2029.0 5993.0
3157.0 22.0
9230.0 1898.0
3756.0 855.0
7552.0 4736.0
1130.0 4026.0
3316.0 7511.0
5872.0 7230.0
3693.0 9965.0
2856.0 7487.0
4264.0 7983.0
8912.0 6676.0
1910.0 4492.0
6329.0 9836.0
4632.0 12.0
5029.0 5637.0
2416.0 3526.0
8760.0 937.0
5725.0 6832.0
3173.0 3847.0
738.0 8043.0
6117.0 2201.0
2924.0 2390.0
3021.0 6869.0
3064.0 1008.0
2701.0 1802.0
2308.0 858.0
1452.0 5239.0
5385.0 1446.0
5768.0 8992.0
3558.0 6516.0
6556.0 5203.0
1422.0 1367.0
178.0 2520.0
4159.0 8971.0
4187.0 6066.0
4339.0 542.0
8097.0 8154.0
9881.0 8735.0
2050.0 9134.0
7255.0 4127.0
8725.0 299.0
6557.0 8153.0
6334.0 3264.0
7531.0 8149.0
3075.0 2722.0
8149.0 2684.0
5874.0 2011.0
9860.0 7828.0
8781.0 3376.0
6096.0 7530.0
8862.0 7379.0
3139.0 3765.0
9951.0 8326.0
4962.0 4619.0
7093.0 5172.0
6128.0 972.0
7058.0 9777.0
9364.0 4941.0
2747.0 6951.0
6903.0 5759.0
1869.0 3201.0
7195.0 1234.0
2717.0 3582.0
1095.0 5471.0
2413.0 8573.0
4129.0 6017.0
5466.0 5399.0
3922.0 6075.0
2989.0 698.0
4425.0 9984.0
5437.0 3961.0
1003.0 2598.0
4213.0 3648.0
3014.0 5745.0
9990.0 407.0
2968.0 7423.0
8104.0 4295.0
3871.0 1911.0
3879.0 5424.0
8853.0 1428.0
3208.0 9950.0
9686.0 2546.0
6279.0 5805.0
3287.0 2981.0
4762.0 5102.0
7817.0 6958.0
5338.0 2616.0
2465.0 9788.0
4897.0 2257.0
7534.0 4846.0
5278.0 5959.0
3912.0 8589.0
7882.0 1878.0
3551.0 1800.0
1029.0 1342.0
5034.0 7706.0
5400.0 6433.0
849.0 148.0
5408.0 2649.0
5462.0 7447.0
6874.0 3534.0
5790.0 160.0
3830.0 6707.0
8183.0 3356.0
9823.0 3189.0
8511.0 6602.0
1563.0 4461.0
4456.0 7316.0
5261.0 4147.0
1618.0 5637.0
8522.0 3748.0
7525.0 1506.0
3133.0 4345.0
163.0 7083.0
6600.0 8669.0
114.0 208.0
2794.0 466.0
7912.0 7022.0
4540.0 569.0
716.0 4464.0
3522.0 1585.0
4900.0 5757.0
5340.0 5615.0
3667.0 4589.0
74.0 1927.0
1278.0 6125.0
1210.0 3976.0
8013.0 5529.0
8279.0 7720.0
2447.0 7157.0
1055.0 5603.0
162.0 77.0
5670.0 3157.0
481.0 8095.0
5501.0 7614.0
5330.0 4935.0
2158.0 450.0
6840.0 7753.0
4465.0 8276.0
2771.0 4633.0
5739.0 8990.0
1375.0 4241.0
2259.0 2596.0
9797.0 8297.0
8247.0 8616.0
2611.0 27.0
5234.0 4504.0
9593.0 4265.0
6143.0 1971.0
4336.0 7361.0
6962.0 645.0
7811.0 7563.0
1339.0 970.0
3464.0 9043.0
5961.0 768.0
2964.0 5222.0
7069.0 2368.0
4196.0 9554.0
956.0 9722.0
5600.0 4456.0
3796.0 7425.0
3464.0 1521.0
8677.0 6046.0
1267.0 8689.0
153.0 682.0
2670.0 2551.0
9203.0 2166.0
2273.0 6427.0
3927.0 2823.0
712.0 7405.0
3837.0 1195.0
3229.0 7991.0
8089.0 2658.0
3293.0 532.0
525.0 5328.0
5382.0 5096.0
6848.0 3189.0
3530.0 3943.0
1814.0 841.0
4737.0 8283.0
6759.0 6792.0
8844.0 5452.0
346.0 4700.0
8974.0 7203.0
7857.0 4492.0
9143.0 2253.0
6895.0 7757.0
8141.0 8753.0
9843.0 4343.0
1288.0 4860.0
5939.0 9559.0
4152.0 8058.0
8300.0 3908.0
4858.0 6395.0
3774.0 9753.0
4060.0 7315.0
5947.0 1841.0
4197.0 2224.0
4168.0 1094.0
2128.0 7479.0
3942.0 3575.0
1749.0 4948.0
6547.0 9057.0
5688.0 7808.0
8213.0 6099.0
7689.0 9750.0
1732.0 3045.0
9782.0 8251.0
5836.0 6856.0
836.0 5079.0
204.0 4204.0
5604.0 9695.0
6445.0 1722.0
5858.0 3707.0
7912.0 4837.0
7718.0 7063.0
3691.0 7099.0
1768.0 9116.0
4625.0 4418.0
5075.0 257.0
1726.0 1112.0
6703.0 2251.0
9812.0 7212.0
818.0 7962.0
1741.0 8895.0
4003.0 3619.0
1074.0 6495.0
5867.0 9292.0
3534.0 6988.0
4563.0 5741.0
104.0 370.0
1305.0 8297.0
7118.0 1836.0
493.0 954.0
1193.0 4192.0
4546.0 6313.0
9368.0 7386.0
5047.0 9567.0
7273.0 4595.0
4293.0 7169.0
714.0 6782.0
3861.0 3365.0
8496.0 111.0
9288.0 243.0
6860.0 3172.0
2464.0 9469.0
8360.0 3400.0
5847.0 6373.0
557.0 4610.0
5088.0 9546.0
2363.0 78.0
9186.0 1615.0
8399.0 8056.0
9759.0 9364.0
4207.0 9151.0
3539.0 3853.0
7676.0 7485.0
4689.0 3712.0
4533.0 38.0
6056.0 7266.0
8248.0 1094.0
941.0 1660.0
7201.0 1211.0
9504.0 9642.0
4473.0 2611.0
6399.0 7175.0
8102.0 5428.0
8743.0 7539.0
2163.0 1705.0
6016.0 87.0
1518.0 6569.0
5999.0 4312.0
5589.0 8497.0
3353.0 2410.0
9012.0 3073.0
9927.0 5975.0
9514.0 7175.0
8416.0 5013.0
5866.0 2979.0
3457.0 9925.0
1275.0 3711.0
6768.0 9635.0
49.0 5563.0
5434.0 1514.0
7901.0 2672.0
4938.0 1269.0
8732.0 4588.0
1044.0 3473.0
3263.0 8145.0
7122.0 5877.0
7337.0 8140.0
6035.0 3189.0
276.0 3751.0
8166.0 8472.0
6124.0 80.0
9716.0 2831.0
3130.0 6771.0
7842.0 6546.0
9327.0 8085.0
1760.0 7328.0
4562.0 1366.0
1410.0 3846.0
1815.0 3303.0
7778.0 5202.0
3172.0 5903.0
1477.0 9509.0
8300.0 6598.0
8701.0 7246.0
5770.0 9381.0
6134.0 7543.0
87.0 6407.0
8935.0 8064.0
9771.0 1958.0
8388.0 1661.0
4353.0 3189.0
8319.0 5447.0
620.0 4578.0
1888.0 468.0
977.0 5481.0
2856.0 2619.0
9264.0 2709.0
7925.0 7997.0
1897.0 2556.0
9251.0 8318.0
4659.0 9167.0
8741.0 4599.0
8019.0 8682.0
8224.0 9739.0
6315.0 1055.0
2108.0 3184.0
8652.0 3976.0
1617.0 3326.0
1882.0 5796.0
2212.0 5811.0
8491.0 6874.0
8296.0 8412.0
4777.0 1271.0
1812.0 5635.0
7138.0 3186.0
3827.0 8718.0
6847.0 5060.0
701.0 9198.0
6156.0 6764.0
8959.0 6693.0
1071.0 7776.0
5446.0 4079.0
8671.0 6767.0
1884.0 5717.0
9301.0 5512.0
5422.0 6893.0
6506.0 6531.0
9288.0 5146.0
47.0 6384.0
135.0 6636.0
9858.0 9033.0
1196.0 3218.0
1292.0 6174.0
2833.0 8393.0
4510.0 3967.0
4599.0 2797.0
3356.0 8074.0
5404.0 2386.0
1588.0 1412.0
879.0 4987.0
6792.0 1541.0
9568.0 3381.0
4854.0 7108.0
2011.0 5578.0
322.0 5241.0
9355.0 5444.0
532.0 4331.0
566.0 9358.0
3817.0 9100.0
9870.0 7047.0
4687.0 7370.0
8497.0 7272.0
1307.0 459.0
7353.0 1529.0
3129.0 1604.0
9712.0 1429.0
9041.0 9329.0
5522.0 7909.0
8866.0 5184.0
1443.0 2966.0
3579.0 7744.0
3207.0 7042.0
2088.0 7312.0
9399.0 7760.0
4923.0 8218.0
8277.0 8140.0
7698.0 8129.0
1708.0 4994.0
9688.0 6307.0
2848.0 633.0
5376.0 5193.0
6648.0 3572.0
9318.0 2268.0
4791.0 6387.0
7185.0 1571.0
9174.0 1387.0
8329.0 6820.0
517.0 7273.0
7717.0 522.0
1221.0 2441.0
7602.0 6009.0
4058.0 3090.0
1771.0 1792.0
808.0 6816.0
7712.0 172.0
7439.0 4832.0
4582.0 4498.0
4927.0 8497.0
7290.0 2005.0
7333.0 8313.0
9579.0 1629.0
1217.0 6045.0
1434.0 8730.0
3010.0 3144.0
8687.0 1130.0
3434.0 1123.0
5152.0 3367.0
573.0 2057.0
164.0 8607.0
5704.0 9873.0
6846.0 101.0
8480.0 5585.0
8983.0 6618.0
570.0 2148.0
6836.0 8760.0
9362.0 7089.0
4750.0 5575.0
5824.0 3586.0
5921.0 3386.0
3127.0 3143.0
2155.0 1242.0
5132.0 5548.0
8983.0 9914.0
6347.0 4261.0
8977.0 3840.0
7444.0 7899.0
8626.0 7946.0
2947.0 988.0
6612.0 3745.0
195.0 9643.0
3853.0 1633.0
1168.0 332.0
8148.0 8800.0
1295.0 2409.0
8789.0 4657.0
1832.0 7550.0
8982.0 8216.0
4912.0 1791.0
6436.0 4308.0
2887.0 8292.0
4967.0 8082.0
6034.0 1536.0
2470.0 9674.0
5249.0 6086.0
3108.0 3477.0
8829.0 5589.0
4077.0 8922.0
4925.0 184.0
9788.0 2176.0
3793.0 2978.0
8827.0 687.0
6429.0 8753.0
1540.0 4968.0
8685.0 568.0
8591.0 4561.0
2489.0 2424.0
3356.0 7568.0
8246.0 8650.0
3489.0 5683.0
5039.0 3183.0
9531.0 9131.0
7721.0 4392.0
887.0 8428.0
2505.0 3626.0
2054.0 2375.0
5155.0 8138.0
4423.0 4205.0
8373.0 1554.0
1530.0 294.0
7488.0 7555.0
8083.0 8347.0
6052.0 4925.0
5646.0 4482.0
5435.0 4641.0
303.0 1112.0
5027.0 2160.0
175.0 55.0
2153.0 574.0
3125.0 7776.0
3291.0 2794.0
7519.0 2175.0
704.0 3422.0
1379.0 2838.0
1083.0 3487.0
7790.0 9172.0
5302.0 3695.0
6911.0 3317.0
896.0 4373.0
7432.0 7275.0
1347.0 2755.0
2848.0 6154.0
8792.0 782.0
378.0 1940.0
9253.0 9080.0
2903.0 4722.0
1989.0 5287.0
6755.0 776.0
7064.0 7370.0
721.0 9425.0
7752.0 5127.0
4114.0 3083.0
6857.0 5513.0
4254.0 7409.0
8567.0 9967.0
6215.0 977.0
9935.0 4401.0
193.0 6370.0
8596.0 5013.0
4339.0 7132.0
5809.0 5593.0
3419.0 7466.0
6438.0 4479.0
6143.0 4115.0
9970.0 1835.0
6512.0 2326.0
9165.0 407.0
7056.0 318.0
5450.0 5430.0
4282.0 9164.0
2652.0 1838.0
9212.0 7505.0
3170.0 9457.0
8350.0 3000.0
3197.0 9330.0
2923.0 4947.0
6079.0 6846.0
6767.0 4967.0
5429.0 9836.0
5689.0 5170.0
2082.0 2300.0
3668.0 5737.0
1504.0 6926.0
3748.0 6294.0
755.0 2071.0
3966.0 8037.0
6594.0 1363.0
1171.0 5981.0
8854.0 6588.0
8089.0 3274.0
5658.0 7033.0
1482.0 1981.0
9606.0 937.0
1751.0 7252.0
6510.0 7226.0
6835.0 4284.0
795.0 8189.0
5765.0 3.0
4168.0 6261.0
9713.0 3866.0
6636.0 581.0
896.0 4708.0
1503.0 1477.0
2180.0 3042.0
8431.0 3555.0
2748.0 728.0
1164.0 558.0
7662.0 2424.0
9029.0 7638.0
1696.0 5733.0
3802.0 9229.0

9132.0 7594.0
1100.0 7335.0
7508.0 5848.0
2063.0 9659.0
4969.0 1899.0
3103.0 2147.0
10003.0 2836.0
3978.0 6247.0
9756.0 319.0
8838.0 1193.0
6480.0 5292.0
8661.0 4042.0
697.0 9788.0
253.0 2481.0
1443.0 2745.0
3427.0 8515.0
6424.0 9247.0
486.0 3732.0
7450.0 5108.0
4573.0 9298.0
9004.0 1201.0
6032.0 6358.0
268.0 4445.0
8336.0 4978.0
3505.0 4893.0
7729.0 2326.0
4084.0 790.0
3142.0 3242.0
88.0 6062.0
5520.0 8847.0
1747.0 7103.0
8134.0 1385.0
3652.0 8316.0
2003.0 5930.0
5037.0 8301.0
2997.0 2148.0
6001.0 1095.0
9769.0 1768.0
9.0 9412.0
4063.0 9921.0
5561.0 9249.0
7545.0 1013.0
2327.0 7821.0
1724.0 2305.0
9640.0 9202.0
98.0 858.0
7680.0 4610.0
4101.0 2008.0
4208.0 6730.0
6957.0 17.0
2206.0 15.0
2049.0 4105.0
6246.0 1339.0
4904.0 5497.0
7982.0 7975.0
397.0 3646.0
3594.0 2237.0
9261.0 2298.0
8528.0 4785.0
525.0 8608.0
7392.0 918.0
8970.0 886.0
9368.0 6850.0
9202.0 3219.0
1993.0 5333.0
455.0 7581.0
8619.0 2541.0
8714.0 6613.0
7480.0 678.0
5273.0 2752.0
2631.0 3150.0
3301.0 1838.0
9682.0 1783.0
6565.0 1893.0
1647.0 7952.0
6859.0 232.0
2740.0 2078.0
9283.0 4541.0
526.0 8363.0
6946.0 6138.0
9210.0 4204.0
9210.0 6029.0
9483.0 6205.0
73.0 6966.0
2713.0 7179.0
5779.0 7123.0
9886.0 1066.0
3283.0 3620.0
8116.0 5195.0
3657.0 6481.0
82.0 1770.0
7021.0 6267.0
4255.0 3019.0
8149.0 981.0
6256.0 6935.0
4290.0 464.0
4191.0 2972.0
9367.0 8897.0
3346.0 9657.0
1100.0 8625.0
8024.0 8524.0
201.0 917.0
986.0 1257.0
3204.0 1856.0
3217.0 9495.0
3068.0 4026.0
9492.0 9176.0
4121.0 7127.0
7485.0 3857.0
467.0 3233.0
877.0 3931.0
9454.0 4807.0
9206.0 1121.0
4300.0 6159.0
9923.0 200.0
2490.0 1536.0
390.0 2338.0
9010.0 5453.0
278.0 6988.0
6091.0 3473.0
7153.0 1715.0
3478.0 4088.0
599.0 1915.0
5886.0 4862.0
2778.0 4803.0
6735.0 8496.0
5726.0 4592.0
9728.0 6984.0
8271.0 8307.0
2443.0 4544.0
7904.0 4096.0
8457.0 2436.0
5477.0 6498.0
7182.0 1387.0
3043.0 5560.0
2956.0 9765.0
7741.0 9213.0
7519.0 8147.0
7013.0 849.0
2479.0 3474.0
3088.0 6469.0
853.0 8454.0
6978.0 8359.0
9288.0 4349.0
4959.0 4675.0
5077.0 7848.0
2770.0 6885.0
4557.0 5162.0
5478.0 9439.0
2002.0 9017.0
3303.0 8626.0
589.0 6710.0
6270.0 9991.0
9588.0 9891.0
3038.0 6267.0
4301.0 9219.0
1787.0 194.0
7949.0 9594.0
3453.0 9176.0
7009.0 4084.0
222.0 1160.0
4170.0 7245.0
4593.0 3685.0
5501.0 974.0
6907.0 473.0
886.0 8596.0
1632.0 2503.0
9403.0 5284.0
5305.0 3004.0
3666.0 5555.0
1477.0 8201.0
9816.0 936.0
486.0 8341.0
2182.0 3519.0
4432.0 5808.0
4274.0 3532.0
196.0 9809.0
175.0 1597.0
5869.0 9517.0
2955.0 8864.0
8419.0 93.0
9193.0 649.0
2964.0 8486.0
1208.0 1769.0
6507.0 8465.0
1130.0 4214.0
1460.0 6735.0
3356.0 342.0
6838.0 4619.0
4559.0 7253.0
7466.0 2156.0
2794.0 493.0
4020.0 4091.0
9839.0 7773.0
9312.0 9612.0
3368.0 5858.0
8618.0 299.0
8025.0 6281.0
4421.0 3156.0
7059.0 8066.0
8439.0 8175.0
8556.0 8107.0
6241.0 2325.0
2934.0 2361.0
2354.0 4391.0
740.0 3559.0
6191.0 7562.0
2406.0 3551.0
1638.0 9208.0
4026.0 960.0
5675.0 9725.0
5772.0 7346.0
3872.0 4903.0
2061.0 7492.0
3115.0 8694.0
5041.0 2015.0
4388.0 5818.0
5545.0 2940.0
1026.0 6101.0
8059.0 5421.0
216.0 4991.0
8864.0 1253.0
8142.0 7129.0
8906.0 2375.0
1621.0 2408.0
5520.0 4969.0
1561.0 6440.0
9605.0 7380.0
6133.0 9836.0
7349.0 7488.0
3951.0 3200.0
8105.0 7696.0
160.0 7284.0
2525.0 8213.0
773.0 188.0
7548.0 1777.0
3088.0 6035.0
7350.0 5511.0
2562.0 2026.0
1842.0 8037.0
8974.0 3300.0
6849.0 2552.0
7240.0 7500.0
2517.0 8995.0
736.0 3473.0
9132.0 995.0
7462.0 996.0
1857.0 5752.0
1911.0 978.0
8563.0 7514.0
8008.0 8012.0
7334.0 7822.0
930.0 9725.0
2711.0 8182.0
8217.0 9803.0
2341.0 3325.0
2952.0 4161.0
8081.0 5719.0
4449.0 2099.0
8182.0 4518.0
4216.0 6930.0
9650.0 4570.0
7599.0 2943.0
2385.0 3689.0
3951.0 8131.0
9194.0 8843.0
641.0 4623.0
8289.0 4395.0
8813.0 1177.0
7375.0 8110.0
1206.0 4716.0
908.0 3051.0
4876.0 257.0
4653.0 6043.0
4223.0 1207.0
4114.0 5882.0
2127.0 4393.0
5966.0 6914.0
9568.0 6751.0
4079.0 6207.0
6554.0 3117.0
4208.0 4927.0
9773.0 6991.0
4022.0 7098.0
4725.0 8723.0
7487.0 1435.0
2777.0 8012.0
5254.0 4369.0
5928.0 145.0
5174.0 4977.0
4685.0 7885.0
9477.0 4931.0
6848.0 3419.0
7764.0 9182.0
7609.0 7302.0
7415.0 5492.0
3780.0 3760.0
5485.0 3521.0
7520.0 4334.0
8708.0 6606.0
7388.0 4225.0
724.0 1908.0
7137.0 8274.0
8096.0 7087.0
4992.0 5997.0
9243.0 4162.0
8883.0 7582.0
2902.0 3752.0
5398.0 5255.0
5173.0 5306.0
2847.0 6944.0
6804.0 1543.0
1277.0 1651.0
4790.0 7732.0
4801.0 8422.0
4882.0 8982.0
4071.0 3387.0
4114.0 1212.0
9265.0 1704.0
4970.0 3968.0
6437.0 3902.0
5252.0 5746.0
2583.0 8465.0
290.0 4963.0
7245.0 5142.0
6565.0 2293.0
1070.0 5821.0
8372.0 2482.0
4097.0 2456.0
1604.0 6329.0
9183.0 3894.0
1267.0 5984.0
8397.0 6070.0
1844.0 9258.0
2722.0 2461.0
2059.0 1065.0
7951.0 4181.0
8212.0 2689.0
2087.0 1724.0
2637.0 2039.0
2125.0 2639.0
6391.0 545.0
567.0 2178.0
7794.0 4860.0
4511.0 6237.0
913.0 4046.0
2666.0 8565.0
583.0 5386.0
8163.0 6608.0
3065.0 4519.0
7472.0 2948.0
3980.0 8010.0
8344.0 1712.0
7553.0 9084.0
2055.0 1881.0
3836.0 9628.0
7849.0 1926.0
2968.0 4173.0
9929.0 2667.0
8098.0 3974.0
9822.0 7753.0
1049.0 1905.0
9514.0 3744.0
7349.0 1285.0
3147.0 4110.0
9724.0 4320.0
7683.0 4153.0
1622.0 8345.0
5363.0 6216.0
4943.0 464.0
3304.0 7105.0
8492.0 3856.0
8117.0 2123.0
6310.0 1302.0
5854.0 2669.0
7476.0 4179.0
172.0 6784.0
1473.0 7527.0
4053.0 4545.0
5713.0 4410.0
2926.0 2776.0
4349.0 5173.0
9548.0 5932.0
9940.0 9817.0
3497.0 2603.0
2103.0 4112.0
626.0 9533.0
9739.0 2639.0
332.0 7596.0
5929.0 4399.0
980.0 6612.0
7103.0 9204.0
6361.0 8429.0
610.0 5442.0
8495.0 196.0
7251.0 2443.0
4684.0 2222.0
7891.0 3066.0
9094.0 7349.0
5776.0 4711.0
1808.0 1252.0
8613.0 9384.0
605.0 5568.0
7053.0 5997.0
3410.0 8278.0
8655.0 563.0
1679.0 8264.0
8940.0 2459.0
7651.0 3435.0
3651.0 7403.0
745.0 4358.0
8779.0 327.0
1021.0 7772.0
7513.0 3794.0
9995.0 6964.0
5671.0 143.0
1718.0 8348.0
9726.0 8006.0
9420.0 6202.0
4052.0 6373.0
5593.0 9970.0
6445.0 1857.0
5882.0 1060.0
3561.0 7350.0
9592.0 8501.0
368.0 2694.0
2214.0 5428.0
181.0 576.0
7774.0 787.0
4418.0 3263.0
1384.0 3167.0
3674.0 8386.0
4851.0 6181.0
4187.0 4402.0
666.0 7320.0
6327.0 8938.0
2264.0 4667.0
4196.0 5614.0
875.0 8415.0
7951.0 7591.0
1819.0 6588.0
2928.0 8454.0
5633.0 6867.0
2199.0 3597.0
1827.0 8970.0
1650.0 7808.0
5667.0 4471.0
9161.0 7172.0
812.0 3465.0
2034.0 5998.0
3162.0 27.0
9235.0 1904.0
3760.0 859.0
7557.0 4740.0
1135.0 4031.0
3320.0 7515.0
5876.0 7235.0
3698.0 9969.0
2861.0 7492.0
4268.0 7989.0
8918.0 6681.0
1915.0 4497.0
6334.0 9842.0
4637.0 17.0
5034.0 5642.0
2421.0 3531.0
8766.0 941.0
5729.0 6837.0
3178.0 3852.0
743.0 8049.0
6121.0 2206.0
2930.0 2394.0
3025.0 6873.0
3070.0 1012.0
2705.0 1806.0
2313.0 863.0
1457.0 5244.0
5390.0 1452.0
5774.0 8996.0
3564.0 6520.0
6562.0 5207.0
1427.0 1371.0
182.0 2524.0
4163.0 8977.0
4192.0 6070.0
4344.0 547.0
8102.0 8158.0
9886.0 8740.0
2056.0 9139.0
7261.0 4132.0
8731.0 304.0
6563.0 8157.0
6340.0 3269.0
7535.0 8154.0
3080.0 2728.0
8155.0 2689.0
5880.0 2016.0
9866.0 7832.0
8786.0 3380.0
6101.0 7534.0
8866.0 7383.0
3143.0 3770.0
9955.0 8332.0
4968.0 4624.0
7097.0 5177.0
6134.0 977.0
7062.0 9781.0
9368.0 4946.0
2753.0 6957.0
6907.0 5764.0
1875.0 3207.0
7200.0 1239.0
2722.0 3587.0
1100.0 5477.0
2418.0 8578.0
4133.0 6022.0
5472.0 5404.0
3926.0 6081.0
2993.0 704.0
4429.0 9989.0
5442.0 3966.0
1008.0 2603.0
4218.0 3652.0
3019.0 5749.0
9994.0 412.0
2973.0 7429.0
8109.0 4300.0
3877.0 1916.0
3884.0 5430.0
8858.0 1433.0
3213.0 9956.0
9691.0 2552.0
6284.0 5810.0
3292.0 2986.0
4766.0 5107.0
7821.0 6963.0
5343.0 2620.0
2470.0 9793.0
4903.0 2261.0
7538.0 4850.0
5282.0 5964.0
3916.0 8594.0
7887.0 1882.0
3557.0 1806.0
1035.0 1347.0
5040.0 7710.0
5405.0 6438.0
855.0 154.0
5412.0 2654.0
5468.0 7452.0
6880.0 3539.0
5794.0 165.0
3834.0 6713.0
8187.0 3362.0
9827.0 3193.0
8515.0 6608.0
1568.0 4465.0
4461.0 7321.0
5266.0 4152.0
1623.0 5642.0
8527.0 3752.0
7530.0 1510.0
3138.0 4350.0
169.0 7089.0
6606.0 8673.0
119.0 213.0
2800.0 471.0
7918.0 7027.0
4545.0 575.0
722.0 4470.0
3527.0 1591.0
4905.0 5763.0
5345.0 5620.0
3672.0 4595.0
79.0 1931.0
1284.0 6130.0
1214.0 3981.0
8018.0 5535.0
8285.0 7726.0
2452.0 7163.0
1060.0 5608.0
167.0 81.0
5676.0 3162.0
485.0 8100.0
5505.0 7620.0
5335.0 4941.0
2164.0 456.0
6845.0 7757.0
4471.0 8281.0
2776.0 4638.0
5744.0 8994.0
1380.0 4245.0
2264.0 2601.0
9802.0 8302.0
8253.0 8621.0
2615.0 32.0
5238.0 4509.0
9597.0 4271.0
6148.0 1976.0
4340.0 7366.0
6967.0 649.0
7815.0 7568.0
1344.0 975.0
3468.0 9048.0
5965.0 773.0
2968.0 5228.0
7074.0 2373.0
4202.0 9559.0
961.0 9727.0
5606.0 4461.0
3802.0 7430.0
3469.0 1525.0
8681.0 6052.0
1273.0 8695.0
158.0 687.0
2675.0 2556.0
9208.0 2172.0
2278.0 6432.0
3932.0 2828.0
716.0 7409.0
3842.0 1199.0
3234.0 7997.0
8095.0 2664.0
3298.0 537.0
530.0 5333.0
5386.0 5102.0
6852.0 3195.0
3534.0 3947.0
1820.0 846.0
4741.0 8288.0
6764.0 6796.0
8850.0 5458.0
352.0 4706.0
8979.0 7208.0
7862.0 4497.0
9148.0 2259.0
6900.0 7761.0
8146.0 8758.0
9847.0 4348.0
1293.0 4865.0
5944.0 9563.0
4156.0 8063.0
8305.0 3914.0
4863.0 6401.0
3780.0 9757.0
4065.0 7320.0
5951.0 1845.0
4203.0 2229.0
4173.0 1100.0
2133.0 7485.0
3947.0 3581.0
1754.0 4953.0
6552.0 9062.0
5694.0 7814.0
8218.0 6103.0
7693.0 9754.0
1737.0 3050.0
9787.0 8256.0
5841.0 6862.0
840.0 5084.0
208.0 4208.0
5610.0 9700.0
6449.0 1728.0
5863.0 3711.0
7917.0 4841.0
7724.0 7069.0
3695.0 7103.0
1773.0 9122.0
4630.0 4422.0
5080.0 261.0
1730.0 1117.0
6709.0 2257.0
9817.0 7217.0
823.0 7967.0
1746.0 8900.0
4008.0 3625.0
1078.0 6499.0
5872.0 9298.0
3540.0 6994.0
4569.0 5746.0
109.0 376.0
1310.0 8302.0
7123.0 1841.0
498.0 958.0
1199.0 4196.0
4550.0 6317.0
9374.0 7391.0
5051.0 9572.0
7277.0 4599.0
4299.0 7174.0
719.0 6787.0
3867.0 3369.0
8502.0 116.0
9293.0 247.0
6864.0 3177.0
2469.0 9473.0
8364.0 3406.0
5853.0 6378.0
562.0 4616.0
5093.0 9550.0
2368.0 82.0
9190.0 1619.0
8403.0 8060.0
9764.0 9369.0
4213.0 9155.0
3544.0 3857.0
7681.0 7490.0
4694.0 3717.0
4539.0 43.0
6060.0 7270.0
8253.0 1099.0
946.0 1665.0
7206.0 1216.0
9509.0 9647.0
4478.0 2617.0
6403.0 7180.0
8106.0 5433.0
8747.0 7544.0
2168.0 1710.0
6021.0 93.0
1523.0 6573.0
6004.0 4317.0
5594.0 8502.0
3359.0 2415.0
9016.0 3079.0
9932.0 5981.0
9519.0 7180.0
8421.0 5018.0
5871.0 2985.0
3463.0 9931.0
1280.0 3715.0
6774.0 9640.0
53.0 5568.0
5439.0 1520.0
7906.0 2676.0
4943.0 1274.0
8737.0 4593.0
1049.0 3477.0
3267.0 8151.0
7127.0 5883.0
7342.0 8146.0
6040.0 3193.0
281.0 3755.0
8171.0 8476.0
6129.0 85.0
9721.0 2836.0
3134.0 6777.0
7847.0 6550.0
9332.0 8090.0
1765.0 7333.0
4568.0 1371.0
1414.0 3850.0
1820.0 3309.0
7784.0 5206.0
3178.0 5909.0
1482.0 9513.0
8304.0 6604.0
8707.0 7251.0
5774.0 9386.0
6140.0 7547.0
91.0 6412.0
8939.0 8069.0
9777.0 1962.0
8393.0 1667.0
4358.0 3194.0
8324.0 5452.0
626.0 4583.0
1893.0 473.0
982.0 5486.0
2862.0 2625.0
9269.0 2714.0
7929.0 8003.0
1902.0 2562.0
9257.0 8323.0
4665.0 9172.0
8746.0 4604.0
8023.0 8687.0
8230.0 9743.0
6321.0 1060.0
2113.0 3190.0
8658.0 3981.0
1621.0 3332.0
1886.0 5800.0
2217.0 5815.0
8495.0 6880.0
8300.0 8417.0
4782.0 1276.0
1816.0 5639.0
7142.0 3190.0
3832.0 8723.0
6852.0 5065.0
706.0 9203.0
6162.0 6769.0
8965.0 6698.0
1075.0 7781.0
5451.0 4085.0
8676.0 6772.0
1889.0 5723.0
9306.0 5517.0
5428.0 6899.0
6511.0 6536.0
9293.0 5151.0
52.0 6389.0
141.0 6642.0
9863.0 9039.0
1202.0 3222.0
1296.0 6180.0
2837.0 8398.0
4515.0 3973.0
4603.0 2802.0
3360.0 8078.0
5408.0 2392.0
1593.0 1417.0
884.0 4991.0
6797.0 1547.0
9573.0 3386.0
4858.0 7113.0
2016.0 5582.0
326.0 5246.0
9360.0 5449.0
537.0 4336.0
571.0 9362.0
3822.0 9106.0
9874.0 7053.0
4692.0 7375.0
8501.0 7278.0
1313.0 465.0
7358.0 1535.0
3134.0 1609.0
9717.0 1435.0
9045.0 9334.0
5527.0 7913.0
8871.0 5190.0
1448.0 2972.0
3585.0 7749.0
3211.0 7047.0
2092.0 7317.0
9405.0 7766.0
4929.0 8222.0
8282.0 8145.0
7704.0 8134.0
1713.0 4999.0
9692.0 6312.0
2853.0 639.0
5381.0 5198.0
6654.0 3576.0
9323.0 2272.0
4796.0 6392.0
7190.0 1576.0
9180.0 1391.0
8335.0 6825.0
522.0 7279.0
7722.0 526.0
1227.0 2445.0
7607.0 6013.0
4062.0 3095.0
1777.0 1798.0
813.0 6822.0
7718.0 177.0
7444.0 4837.0
4586.0 4503.0
4932.0 8502.0
7295.0 2010.0
7338.0 8318.0
9583.0 1634.0
1222.0 6051.0
1439.0 8735.0
3016.0 3148.0
8691.0 1134.0
3439.0 1127.0
5157.0 3372.0
579.0 2063.0
168.0 8612.0
5710.0 9878.0
6850.0 107.0
8485.0 5590.0
8989.0 6623.0
574.0 2154.0
6841.0 8765.0
9367.0 7094.0
4755.0 5581.0
5829.0 3591.0
5926.0 3391.0
3132.0 3148.0
2160.0 1247.0
5138.0 5553.0
8989.0 9918.0
6353.0 4266.0
8981.0 3845.0
7449.0 7905.0
8630.0 7950.0
2952.0 993.0
6618.0 3751.0
201.0 9647.0
3858.0 1639.0
1173.0 337.0
8153.0 8804.0
1300.0 2413.0
8795.0 4662.0
1837.0 7555.0
8986.0 8221.0
4916.0 1797.0
6440.0 4314.0
2891.0 8298.0
4973.0 8087.0
6039.0 1541.0
2474.0 9679.0
5255.0 6091.0
3114.0 3482.0
8834.0 5594.0
4082.0 8928.0
4930.0 190.0
9794.0 2182.0
3798.0 2983.0
8831.0 692.0
6435.0 8757.0
1544.0 4972.0
8690.0 574.0
8596.0 4566.0
2494.0 2429.0
3362.0 7573.0
8250.0 8654.0
3495.0 5688.0
5043.0 3187.0
9536.0 9136.0
7725.0 4398.0
891.0 8433.0
2511.0 3631.0
2060.0 2380.0
5160.0 8144.0
4429.0 4210.0
8378.0 1559.0
1535.0 298.0
7493.0 7559.0
8088.0 8352.0
6056.0 4930.0
5651.0 4487.0
5440.0 4647.0
308.0 1116.0
5032.0 2164.0
180.0 60.0
2158.0 579.0
3130.0 7781.0
3296.0 2800.0
7525.0 2180.0
710.0 3428.0
1385.0 2843.0
1088.0 3492.0
7794.0 9178.0
5307.0 3700.0
6917.0 3322.0
901.0 4378.0
7437.0 7281.0
1351.0 2761.0
2854.0 6159.0
8798.0 787.0
383.0 1944.0
9258.0 9085.0
2909.0 4728.0
1995.0 5292.0
6760.0 781.0
7069.0 7374.0
725.0 9430.0
7758.0 5132.0
4118.0 3088.0
6862.0 5518.0
4259.0 7415.0
8572.0 9972.0
6219.0 982.0
9941.0 4405.0
198.0 6376.0
8602.0 5019.0
4343.0 7138.0
5814.0 5597.0
3425.0 7471.0
6443.0 4485.0
6147.0 4121.0
9975.0 1840.0
6517.0 2331.0
9171.0 412.0
7060.0 323.0
5456.0 5436.0
4288.0 9169.0
2656.0 1843.0
9216.0 7510.0
3174.0 9462.0
8356.0 3005.0
3201.0 9334.0
2928.0 4951.0
6084.0 6851.0
6772.0 4971.0
5434.0 9841.0
5693.0 5176.0
2086.0 2305.0
3673.0 5743.0
1509.0 6931.0
3753.0 6299.0
760.0 2077.0
3971.0 8043.0
6599.0 1369.0
1175.0 5986.0
8860.0 6594.0
8093.0 3280.0
5663.0 7038.0
1487.0 1987.0
9612.0 942.0
1756.0 7258.0
6515.0 7232.0
6841.0 4288.0
800.0 8195.0
5771.0 9.0
4173.0 6265.0
9719.0 3872.0
6641.0 587.0
902.0 4714.0
1508.0 1482.0
2186.0 3046.0
8435.0 3559.0
2752.0 732.0
1169.0 564.0
7668.0 2430.0
9034.0 7642.0
1701.0 5737.0
3806.0 9235.0
