1
1024 1 3.0 0.0 1000.0 3 160 240 100

6.5 13.5 29.3 58.5
13.0 27.0 58.5 117.0
19.5 40.5 87.8 175.5
26.0 54.0 117.0 234.0
39.0 81.0 175.5 351.0
52.0 108.0 234.0 468.0
58.5 121.5 263.3 526.5
65.0 135.0 292.5 585.0
78.0 162.0 351.0 702.0
0.0 180.0 390.0 780.0

2.0 5.0 8.0 11.0
5.0 8.0 11.0 14.0
9.0 12.0 15.0 18.0
11.0 14.0 17.0 20.0
15.0 18.0 21.0 24.0
18.0 21.0 24.0 27.0
20.0 23.0 26.0 29.0
25.0 28.0 31.0 34.0
29.0 32.0 35.0 38.0
0.0 34.0 37.0 40.0

8180.0 4681.0
5730.0 4733.0
5531.0 1793.0
2203.0 2199.0
443.0 461.0
3209.0 9909.0
5961.0 6183.0
5292.0 7535.0
7321.0 216.0
1059.0 6840.0
4650.0 540.0
7848.0 7990.0
2381.0 9916.0
2983.0 8586.0
5744.0 7952.0
7212.0 3618.0
7174.0 6598.0
427.0 6975.0
8000.0 970.0
6277.0 7695.0
3252.0 9932.0
4764.0 6603.0
9953.0 3343.0
4438.0 1517.0
1731.0 5382.0
8272.0 1674.0
5120.0 5864.0
9840.0 4544.0
5384.0 3973.0
8890.0 699.0
2237.0 1307.0
7908.0 4897.0
8280.0 3661.0
3781.0 4047.0
5545.0 3469.0
1168.0 5215.0
7958.0 7297.0
6663.0 9345.0
108.0 5322.0
5364.0 8847.0
5144.0 2202.0
3948.0 9727.0
7173.0 1251.0
6852.0 1413.0
6002.0 6336.0
4657.0 9945.0
4568.0 8408.0
6290.0 2703.0
1927.0 6077.0
9129.0 5316.0
7136.0 2158.0
3622.0 3937.0
1882.0 589.0
1523.0 8535.0
2220.0 633.0
9339.0 5372.0
2261.0 7803.0
1099.0 9331.0
5167.0 3382.0
7037.0 9258.0
9303.0 6997.0
7298.0 1977.0
9893.0 9126.0
2265.0 3153.0
9043.0 2973.0
3607.0 5653.0
9470.0 7614.0
2657.0 8584.0
9796.0 6838.0
5211.0 2658.0
1760.0 582.0
4358.0 60.0
2188.0 8391.0
5438.0 9474.0
5089.0 6808.0
9733.0 9439.0
1717.0 5104.0
5989.0 5686.0
8955.0 6276.0
1373.0 644.0
8866.0 2710.0
5963.0 5745.0
4778.0 8437.0
7382.0 9731.0
1738.0 2390.0
4663.0 8591.0
1693.0 9572.0
2961.0 5314.0
6249.0 9562.0
3200.0 121.0
2370.0 4257.0
3273.0 4328.0
8843.0 9275.0
9877.0 3515.0
3890.0 5931.0
2603.0 8161.0
6757.0 3197.0
4369.0 2409.0
8645.0 1563.0
4805.0 4125.0
822.0 3211.0
5690.0 1918.0
284.0 5422.0
40.0 7281.0
5799.0 6614.0
8949.0 2517.0
9699.0 6950.0
2795.0 7620.0
3263.0 7907.0
5891.0 1768.0
6048.0 7732.0
6204.0 7593.0
2017.0 2200.0
4234.0 8900.0
7816.0 2574.0
7650.0 4988.0
1050.0 5209.0
794.0 7242.0
8916.0 9676.0
653.0 6166.0
33.0 4860.0
3392.0 9507.0
4832.0 4912.0
8058.0 4647.0
2354.0 9491.0
6557.0 924.0
3798.0 5206.0
1499.0 41.0
5691.0 7657.0
6018.0 5229.0
8012.0 6017.0
2164.0 2338.0
5128.0 4537.0
6979.0 8500.0
9900.0 7919.0
7841.0 6548.0
3802.0 9943.0
1193.0 5846.0
8409.0 7284.0
1254.0 2690.0
6101.0 2926.0
7812.0 5953.0
344.0 6071.0
4695.0 6135.0
8388.0 7992.0
3040.0 8473.0
1742.0 5708.0
5936.0 3297.0
2274.0 7914.0
3565.0 9269.0
4287.0 84.0
431.0 7685.0
5425.0 8142.0
8782.0 8510.0
1761.0 2639.0
4819.0 1290.0
4911.0 7825.0
6811.0 6623.0
1539.0 2555.0
6698.0 6342.0
8090.0 2423.0
9296.0 3086.0
6116.0 5049.0
5702.0 2406.0
6036.0 2931.0
9997.0 3085.0
9683.0 769.0
859.0 3833.0
4501.0 6694.0
2172.0 7010.0
4728.0 9288.0
9246.0 2564.0
7423.0 4836.0
9746.0 7814.0
3693.0 1706.0
923.0 1285.0
7965.0 1278.0
7268.0 1215.0
656.0 7343.0
5165.0 1934.0
2097.0 8366.0
3664.0 3755.0
8057.0 9550.0
2976.0 4555.0
9720.0 4098.0
4768.0 3706.0
3467.0 5600.0
899.0 1513.0
8321.0 5949.0
9652.0 9835.0
1390.0 5702.0
1110.0 2048.0
4179.0 6307.0
5738.0 3009.0
5108.0 6101.0
2802.0 2193.0
6096.0 4500.0
7705.0 5663.0
3560.0 1288.0
9860.0 5037.0
6677.0 430.0
5182.0 4115.0
8268.0 308.0
9821.0 6338.0
6149.0 4809.0
4226.0 8728.0
5299.0 2169.0
9131.0 492.0
3711.0 993.0
7599.0 6933.0
7257.0 5358.0
9679.0 1852.0
1433.0 3422.0
8825.0 4092.0
330.0 6449.0
1633.0 6396.0
5686.0 7659.0
5041.0 7229.0
1365.0 2825.0
7555.0 8752.0
1118.0 7030.0
3633.0 6591.0
9983.0 4489.0
2810.0 9570.0
2161.0 866.0
7668.0 81.0
738.0 9983.0
7264.0 8244.0
7087.0 9348.0
5105.0 5529.0
312.0 1411.0
3271.0 5995.0
9591.0 9956.0
6805.0 5822.0
4746.0 3558.0
4946.0 4291.0
2926.0 507.0
8325.0 1880.0
1718.0 2113.0
3727.0 3635.0
1569.0 3815.0
500.0 8489.0
2850.0 5995.0
5237.0 7687.0
5424.0 8932.0
3818.0 7981.0
1065.0 8777.0
2417.0 7756.0
1575.0 4005.0
1579.0 6768.0
7972.0 4215.0
9961.0 2628.0
8564.0 5729.0
6849.0 9729.0
6300.0 877.0
5040.0 8754.0
8219.0 400.0
8201.0 7445.0
2365.0 874.0
9305.0 5787.0
16.0 1573.0
9238.0 1285.0
3575.0 7691.0
7191.0 2472.0
2981.0 9320.0
6919.0 1349.0
5981.0 8123.0
5501.0 7884.0
132.0 6090.0
3661.0 2260.0
6861.0 3310.0
9287.0 3024.0
459.0 4167.0
8235.0 1804.0
7343.0 3871.0
9012.0 7758.0
3443.0 9739.0
457.0 7424.0
72.0 4146.0
4006.0 8118.0
1115.0 8556.0
4654.0 5570.0
6909.0 538.0
7209.0 8942.0
2650.0 8202.0
6937.0 8894.0
1679.0 8948.0
6209.0 6878.0
6511.0 1956.0
1244.0 6299.0
2946.0 6323.0
5555.0 8731.0
5118.0 9266.0
9190.0 838.0
1836.0 1301.0
5379.0 165.0
7065.0 7818.0
8691.0 471.0
9896.0 8957.0
1287.0 9758.0
1872.0 2209.0
6388.0 6666.0
1993.0 4648.0
552.0 3402.0
2282.0 4217.0
8855.0 5854.0
9248.0 1967.0
9594.0 4065.0
9090.0 9682.0
7596.0 8735.0
7016.0 9790.0
7745.0 1894.0
3511.0 6979.0
2830.0 2439.0
2902.0 3432.0
2305.0 9676.0
2096.0 2097.0
1072.0 537.0
9812.0 4900.0
9890.0 8649.0
9178.0 5321.0
1495.0 5897.0
9046.0 7248.0
9064.0 9665.0
1859.0 4511.0
6084.0 1404.0
8438.0 8034.0
9265.0 4704.0
2538.0 9987.0
8578.0 3521.0
518.0 6882.0
1017.0 3736.0
3980.0 6010.0
7205.0 3703.0
5730.0 2138.0
2428.0 1945.0
1916.0 3875.0
6204.0 2673.0
5679.0 1636.0
6989.0 2289.0
191.0 1593.0
1129.0 2531.0
1417.0 2559.0
7645.0 8429.0
3449.0 5182.0
2959.0 1734.0
1779.0 5404.0
2170.0 2993.0
2350.0 6559.0
5974.0 7914.0
6741.0 7053.0
4823.0 6207.0
6336.0 3031.0
4443.0 3552.0
831.0 7935.0
9294.0 9863.0
8930.0 3390.0
3086.0 9506.0
1575.0 8301.0
7943.0 1648.0
576.0 5608.0
6328.0 1385.0
7977.0 8590.0
2321.0 4824.0
4018.0 1136.0
1350.0 3781.0
4045.0 8908.0
9989.0 8256.0
7216.0 799.0
9914.0 7350.0
2354.0 2600.0
2618.0 1792.0
8806.0 7300.0
3995.0 3738.0
2647.0 8924.0
383.0 1998.0
1093.0 9321.0
185.0 3372.0
472.0 9831.0
7644.0 3241.0
5588.0 2225.0
7900.0 1091.0
866.0 5846.0
4915.0 9125.0
6081.0 362.0
6367.0 4632.0
2072.0 6042.0
2126.0 9277.0
4253.0 5974.0
5402.0 970.0
4297.0 7131.0
8172.0 6489.0
2831.0 9708.0
4983.0 5509.0
8506.0 6641.0
1746.0 9208.0
1277.0 7719.0
8602.0 9118.0
261.0 5206.0
8474.0 4374.0
9018.0 386.0
5413.0 8032.0
3597.0 2949.0
9321.0 5620.0
1219.0 7623.0
6169.0 1588.0
9930.0 4975.0
5303.0 1811.0
2085.0 5794.0
7945.0 2827.0
7015.0 959.0
3480.0 947.0
716.0 1227.0
2651.0 6938.0
2937.0 3834.0
9237.0 4405.0
4487.0 5335.0
4337.0 2561.0
142.0 2593.0
9856.0 6543.0
4978.0 6333.0
282.0 933.0
4505.0 4175.0
4378.0 4652.0
1434.0 2557.0
873.0 7894.0
4442.0 9466.0
4755.0 4256.0
6776.0 2390.0
3281.0 3738.0
5058.0 8398.0
3287.0 4769.0
1136.0 5781.0
3915.0 5922.0
2332.0 9144.0
1349.0 498.0
7944.0 2377.0
4669.0 9618.0
2346.0 6423.0
4413.0 2007.0
7546.0 1242.0
7964.0 1126.0
548.0 3901.0
8350.0 2819.0
3368.0 7191.0
5568.0 9133.0
6060.0 5695.0
2028.0 6482.0
5608.0 8718.0
6217.0 8821.0
6018.0 1982.0
1195.0 8979.0
7482.0 2528.0
7012.0 3836.0
4955.0 3701.0
8654.0 1492.0
8996.0 9669.0
3620.0 1099.0
4226.0 1365.0
5726.0 8519.0
3263.0 8270.0
4250.0 3473.0
6466.0 2971.0
0.0 6340.0
361.0 7872.0
2428.0 5280.0
88.0 6013.0
4375.0 6835.0
3723.0 371.0
3556.0 5675.0
8827.0 8593.0
2389.0 1657.0
4075.0 2552.0
260.0 4859.0
1314.0 4641.0
4840.0 1749.0
5904.0 5236.0
1533.0 8159.0
5693.0 8225.0
2691.0 7224.0
1474.0 4019.0
657.0 2950.0
4281.0 1974.0
1272.0 2583.0
7373.0 6615.0
6923.0 3427.0
3258.0 4597.0
758.0 2296.0
8604.0 1804.0
6137.0 8238.0
2403.0 2504.0
7953.0 1728.0
5215.0 4978.0
4910.0 5958.0
9871.0 529.0
4350.0 8420.0
6464.0 5291.0
3751.0 3423.0
6998.0 6754.0
5482.0 8720.0
7528.0 9408.0
3928.0 1908.0
8160.0 6435.0
6571.0 4763.0
3749.0 6855.0
3142.0 6167.0
657.0 33.0
9451.0 6809.0
7417.0 1978.0
4969.0 1309.0
9648.0 337.0
5797.0 5928.0
2096.0 7493.0
7103.0 2543.0
3116.0 3700.0
1630.0 2035.0
9486.0 4645.0
3387.0 2762.0
1875.0 370.0
8114.0 2282.0
3827.0 4963.0
4627.0 2983.0
9620.0 8922.0
3648.0 4796.0
8837.0 8625.0
3206.0 639.0
8011.0 9797.0
2240.0 2774.0
2195.0 4414.0
6472.0 723.0
1798.0 2934.0
3175.0 3924.0
2559.0 6285.0
3929.0 4778.0
8984.0 4515.0
6966.0 260.0
4125.0 1526.0
3210.0 2750.0
1029.0 7798.0
2603.0 3253.0
3725.0 5525.0
9839.0 2678.0
8091.0 3065.0
1082.0 9324.0
5461.0 8139.0
5788.0 3251.0
4310.0 1663.0
229.0 698.0
7885.0 6661.0
1813.0 4202.0
8123.0 9146.0
5811.0 6601.0
8709.0 393.0
8587.0 9562.0
2628.0 2526.0
3935.0 9819.0
2062.0 1815.0
1621.0 8767.0
980.0 6618.0
9739.0 3597.0
3280.0 9361.0
4972.0 610.0
1828.0 4491.0
7369.0 3899.0
6242.0 6794.0
8739.0 5048.0
9792.0 7017.0
6248.0 2015.0
8237.0 4182.0
5352.0 7864.0
5981.0 6528.0
8630.0 2517.0
7375.0 5478.0
9650.0 3172.0
3540.0 9564.0
3448.0 1574.0
7537.0 7698.0
7740.0 8783.0
3254.0 3733.0
1446.0 614.0
5862.0 6704.0
9656.0 9415.0
4172.0 3670.0
6607.0 334.0
7774.0 4586.0
802.0 2759.0
4282.0 1091.0
8858.0 72.0
4551.0 3650.0
7182.0 3399.0
6222.0 3955.0
3082.0 7516.0
8427.0 1998.0
9422.0 9571.0
3030.0 9729.0
9401.0 3781.0
236.0 5721.0
582.0 7791.0
8932.0 7748.0
9756.0 8825.0
4600.0 2689.0
2752.0 323.0
169.0 5682.0
5783.0 2218.0
7645.0 2935.0
7446.0 501.0
869.0 5103.0
2963.0 4271.0
2269.0 657.0
4773.0 902.0
8944.0 1151.0
6073.0 2510.0
5937.0 2804.0
6409.0 9376.0
7045.0 1307.0
922.0 8496.0
6025.0 9277.0
7349.0 7917.0
3539.0 8261.0
7376.0 14.0
7696.0 9721.0
1454.0 9398.0
8537.0 1889.0
8671.0 3591.0
9319.0 1931.0
5785.0 7148.0
9951.0 5323.0
2018.0 2386.0
425.0 6846.0
8722.0 2384.0
4602.0 131.0
5495.0 4419.0
7204.0 5152.0
6882.0 4497.0
9355.0 5591.0
6228.0 6155.0
539.0 487.0
5815.0 9182.0
7302.0 7076.0
4861.0 6440.0
1581.0 4247.0
9497.0 9431.0
3978.0 8526.0
1317.0 5791.0
9861.0 6990.0
3607.0 4366.0
8620.0 4040.0
6846.0 6032.0
8943.0 1444.0
7596.0 932.0
5463.0 3552.0
7363.0 5284.0
4616.0 2118.0
546.0 3436.0
77.0 7621.0
3072.0 3312.0
620.0 6515.0
5813.0 5941.0
5741.0 6317.0
9389.0 2211.0
6922.0 2942.0
9465.0 2513.0
4857.0 7208.0
4137.0 7459.0
5519.0 9922.0
7505.0 311.0
402.0 7453.0
6048.0 4308.0
8789.0 2218.0
6885.0 540.0
2420.0 4991.0
9543.0 4537.0
5375.0 8443.0
5310.0 2247.0
4557.0 3836.0
803.0 8548.0
8611.0 5281.0
4825.0 3974.0
5626.0 8472.0
133.0 7818.0
2488.0 3311.0
4202.0 8259.0
1217.0 2346.0
5609.0 2705.0
157.0 9422.0
5106.0 3989.0
350.0 5471.0
3019.0 601.0
9971.0 847.0
7051.0 1607.0
2155.0 6124.0
7094.0 9435.0
4070.0 5777.0
6157.0 6169.0
7604.0 1643.0
9017.0 1537.0
4496.0 5596.0
2676.0 3249.0
1275.0 3336.0
5241.0 2841.0
1859.0 3708.0
2326.0 2704.0
8156.0 479.0
2574.0 2451.0
1533.0 5964.0
6402.0 5285.0
488.0 8429.0
4570.0 7549.0
2393.0 7694.0
5681.0 7095.0
9648.0 5824.0
4202.0 8663.0
3097.0 2345.0
3118.0 6911.0
8072.0 5895.0
7821.0 280.0
896.0 6710.0
323.0 1343.0
6214.0 6878.0
5411.0 1812.0
7994.0 7766.0
2835.0 2859.0
9548.0 6525.0
2131.0 3920.0
439.0 6113.0
9185.0 5649.0
604.0 5716.0
6140.0 5177.0
4561.0 1013.0
8740.0 4349.0
1047.0 6176.0
7721.0 4097.0
5938.0 2030.0
3346.0 613.0
8796.0 7289.0
4687.0 1500.0
5913.0 2272.0
7753.0 2536.0
5178.0 7021.0
9075.0 8247.0
643.0 8237.0
3833.0 1930.0
7123.0 1937.0
140.0 3307.0
7687.0 1259.0
3584.0 4454.0
9398.0 1321.0
8622.0 7192.0
5138.0 5551.0
5928.0 7587.0
1884.0 401.0
7313.0 5731.0
8285.0 7859.0
2291.0 1465.0
6882.0 7673.0
2915.0 9208.0
8829.0 3708.0
5978.0 7559.0
1470.0 1329.0
4175.0 1837.0
1619.0 5257.0
335.0 210.0
9891.0 9779.0
1320.0 6601.0
3944.0 5750.0
698.0 6011.0
981.0 1287.0
1779.0 437.0
2354.0 5575.0
5136.0 6048.0
5641.0 7699.0
7190.0 4775.0
2024.0 4914.0
8979.0 5988.0
9342.0 7272.0
6699.0 6422.0
3654.0 8008.0
8133.0 9013.0
4673.0 1614.0
1549.0 3808.0
2915.0 4010.0
6193.0 6619.0
8926.0 1716.0
5957.0 3576.0
7424.0 9454.0
336.0 2253.0
1721.0 8088.0
9277.0 2523.0
6267.0 7310.0
1005.0 2811.0
7672.0 10000.0
4457.0 9902.0
7056.0 7654.0
387.0 2982.0
9084.0 8821.0
7785.0 5060.0
5526.0 4932.0
4673.0 7447.0
3704.0 462.0
4917.0 5445.0
2673.0 6825.0
5114.0 5926.0
2492.0 1916.0
8203.0 9948.0
4427.0 9723.0
2859.0 6082.0
2449.0 6908.0
298.0 2611.0
8870.0 5791.0
2587.0 9270.0
9474.0 5635.0
9059.0 1677.0
5989.0 6646.0
9931.0 4142.0
6260.0 3620.0
8739.0 8994.0
4965.0 8626.0
7679.0 3105.0
233.0 4658.0
2461.0 4772.0
4010.0 4666.0
5777.0 6622.0
6529.0 2868.0
987.0 2693.0
7734.0 7779.0
116.0 376.0
1008.0 8846.0
2776.0 365.0
7059.0 1129.0
5105.0 279.0
8311.0 4918.0
328.0 137.0
6663.0 9716.0
5040.0 330.0
9950.0 4498.0
7818.0 5263.0
4973.0 8654.0
9254.0 8334.0
7443.0 542.0
5020.0 6410.0
1689.0 3054.0
6062.0 4462.0
5486.0 8112.0
2521.0 3528.0
7850.0 4512.0
495.0 7668.0
160.0 6029.0
3223.0 8066.0
3442.0 9191.0
819.0 4960.0
7188.0 2643.0
5130.0 542.0
7541.0 2513.0
8845.0 8517.0
5216.0 692.0
433.0 8460.0
5995.0 5446.0
9031.0 5658.0
9148.0 6268.0
5874.0 9584.0
1647.0 7393.0
1368.0 6671.0
8505.0 6882.0
9410.0 5562.0
2100.0 690.0
3060.0 5479.0
5840.0 3637.0
8155.0 899.0
12.0 1694.0
3986.0 8173.0
175.0 2494.0
2616.0 2285.0
940.0 3484.0
961.0 4383.0
493.0 9642.0
2223.0 3272.0
3717.0 5153.0
5779.0 6513.0
4254.0 5977.0
7138.0 9306.0
8370.0 2712.0
2046.0 1815.0
5962.0 5671.0
1363.0 8102.0
6575.0 6585.0
5801.0 2327.0
763.0 3849.0
2127.0 386.0
9658.0 715.0
4933.0 7651.0
8090.0 8368.0
573.0 5970.0
9123.0 8267.0
2377.0 5593.0
339.0 697.0
8726.0 195.0
4734.0 8929.0
8108.0 5647.0
1586.0 896.0
7750.0 5715.0
5120.0 2823.0
4918.0 333.0
1351.0 1698.0
2502.0 4634.0
5933.0 6014.0
2982.0 9386.0
8387.0 6694.0
7366.0 6003.0
537.0 2612.0
8220.0 1801.0
9523.0 7619.0
8380.0 3655.0
8237.0 8494.0
9442.0 722.0
8532.0 5738.0
6653.0 9403.0
5053.0 1609.0
9279.0 6190.0
50.0 2333.0
8069.0 6585.0
2021.0 3892.0
3913.0 734.0
3528.0 3299.0
4284.0 8957.0
6049.0 9788.0
6588.0 2824.0
2220.0 2828.0
3.0 9948.0
8297.0 6361.0
9913.0 3165.0
2220.0 1206.0
1556.0 7252.0
5104.0 15.0
1954.0 8855.0
6528.0 1711.0
1761.0 7788.0
6456.0 4819.0
1111.0 377.0
9161.0 1603.0
6069.0 7994.0
6985.0 7424.0
4794.0 6463.0
4301.0 2227.0
5009.0 4490.0
4516.0 3588.0
6879.0 1792.0
5481.0 3210.0
7910.0 78.0
1145.0 1305.0
8953.0 2551.0
9814.0 5762.0
2925.0 102.0
1863.0 5525.0
354.0 4843.0
2255.0 82.0
8333.0 4161.0
5715.0 9490.0
1999.0 945.0
4910.0 1855.0
135.0 8161.0
4497.0 7659.0
8993.0 8421.0
6374.0 2868.0
941.0 1736.0
3998.0 5238.0
7038.0 7087.0
6119.0 708.0
5140.0 6008.0
2774.0 9321.0
7627.0 8821.0
8911.0 2575.0
5368.0 6702.0
3466.0 6617.0
7020.0 5235.0
4276.0 8194.0
5253.0 7617.0
1653.0 2788.0
4021.0 8189.0
5994.0 6823.0
3462.0 9440.0
7250.0 8389.0
1538.0 8162.0
6642.0 3370.0
4026.0 8916.0
3438.0 6407.0
6931.0 5471.0
2172.0 8606.0
7963.0 3377.0
8138.0 6399.0
6147.0 9348.0
1524.0 8483.0
1183.0 5607.0
3022.0 238.0
6655.0 9859.0
6286.0 7552.0
3688.0 4069.0
5065.0 4455.0
4158.0 7684.0
5389.0 1483.0
5055.0 3487.0
5633.0 4185.0
8098.0 6739.0
9838.0 3685.0
1212.0 766.0
2112.0 3715.0
954.0 4662.0
2489.0 1031.0
7506.0 1276.0
7077.0 8631.0
6323.0 6137.0
7859.0 3681.0
3049.0 485.0
9996.0 4571.0
793.0 4079.0
6978.0 4009.0
1368.0 5936.0
6480.0 7574.0
4606.0 3668.0
2279.0 9630.0
2332.0 4586.0
66.0 1035.0
6112.0 4230.0
7529.0 5530.0
374.0 490.0

8185.0 4687.0
5735.0 4739.0
5537.0 1799.0
2209.0 2205.0
448.0 466.0
3215.0 9914.0
5967.0 6188.0
5296.0 7539.0
7327.0 221.0
1064.0 6846.0
4655.0 544.0
7853.0 7995.0
2385.0 9922.0
2989.0 8591.0
5748.0 7957.0
7218.0 3623.0
7178.0 6603.0
433.0 6980.0
8005.0 975.0
6283.0 7699.0
3257.0 9937.0
4768.0 6607.0
9958.0 3348.0
4443.0 1523.0
1735.0 5387.0
8277.0 1679.0
5125.0 5870.0
9845.0 4549.0
5390.0 3979.0
8895.0 704.0
2243.0 1312.0
7914.0 4903.0
8285.0 3667.0
3786.0 4052.0
5549.0 3475.0
1173.0 5220.0
7962.0 7301.0
6667.0 9351.0
113.0 5327.0
5369.0 8852.0
5150.0 2207.0
3953.0 9733.0
7179.0 1256.0
6857.0 1419.0
6006.0 6341.0
4662.0 9951.0
4574.0 8412.0
6294.0 2708.0
1931.0 6082.0
9133.0 5322.0
7140.0 2162.0
3626.0 3943.0
1887.0 593.0
1529.0 8540.0
2225.0 639.0
9343.0 5378.0
2266.0 7808.0
1104.0 9337.0
5172.0 3387.0
7042.0 9263.0
9308.0 7001.0
7302.0 1983.0
9898.0 9131.0
2269.0 3159.0
9048.0 2977.0
3611.0 5658.0
9476.0 7619.0
2663.0 8589.0
9802.0 6843.0
5217.0 2663.0
1765.0 588.0
4363.0 65.0
2193.0 8395.0
5443.0 9478.0
5094.0 6813.0
9738.0 9444.0
1721.0 5109.0
5994.0 5692.0
8959.0 6282.0
1377.0 649.0
8871.0 2715.0
5967.0 5750.0
4783.0 8443.0
7388.0 9735.0
1744.0 2394.0
4669.0 8597.0
1697.0 9576.0
2966.0 5320.0
6253.0 9567.0
3205.0 127.0
2375.0 4263.0
3277.0 4333.0
8849.0 9280.0
9883.0 3521.0
3894.0 5935.0
2609.0 8166.0
6761.0 3203.0
4374.0 2413.0
8650.0 1567.0
4810.0 4130.0
826.0 3217.0
5695.0 1923.0
289.0 5427.0
45.0 7287.0
5805.0 6619.0
8954.0 2521.0
9704.0 6956.0
2800.0 7625.0
3268.0 7913.0
5896.0 1774.0
6054.0 7737.0
6208.0 7599.0
2022.0 2205.0
4240.0 8904.0
7821.0 2579.0
7654.0 4992.0
1054.0 5214.0
800.0 7248.0
8922.0 9681.0
657.0 6171.0
38.0 4866.0
3398.0 9512.0
4837.0 4917.0
8063.0 4653.0
2358.0 9497.0
6563.0 928.0
3804.0 5211.0
1503.0 47.0
5696.0 7662.0
6023.0 5235.0
8017.0 6021.0
2169.0 2343.0
5132.0 4541.0
6984.0 8504.0
9905.0 7923.0
7846.0 6554.0
3807.0 9948.0
1197.0 5852.0
8414.0 7289.0
1258.0 2696.0
6106.0 2931.0
7817.0 5959.0
350.0 6077.0
4699.0 6140.0
8393.0 7997.0
3045.0 8478.0
1747.0 5713.0
5941.0 3302.0
2280.0 7919.0
3569.0 9275.0
4292.0 89.0
436.0 7690.0
5430.0 8147.0
8788.0 8515.0
1766.0 2645.0
4824.0 1295.0
4915.0 7830.0
6816.0 6627.0
1543.0 2559.0
6703.0 6348.0
8096.0 2428.0
9301.0 3090.0
6121.0 5054.0
5706.0 2411.0
6041.0 2937.0
10003.0 3090.0
9687.0 774.0
864.0 3837.0
4507.0 6700.0
2177.0 7014.0
4732.0 9293.0
9252.0 2569.0
7429.0 4841.0
9750.0 7818.0
3699.0 1712.0
928.0 1290.0
7970.0 1283.0
7274.0 1220.0
662.0 7348.0
5171.0 1939.0
2101.0 8371.0
3670.0 3760.0
8062.0 9555.0
2981.0 4559.0
9724.0 4102.0
4773.0 3710.0
3471.0 5605.0
903.0 1518.0
8326.0 5953.0
9656.0 9840.0
1395.0 5708.0
1116.0 2054.0
4184.0 6311.0
5743.0 3014.0
5113.0 6106.0
2807.0 2198.0
6102.0 4506.0
7709.0 5667.0
3565.0 1294.0
9865.0 5041.0
6682.0 436.0
5187.0 4120.0
8273.0 313.0
9825.0 6343.0
6154.0 4814.0
4232.0 8734.0
5304.0 2175.0
9137.0 496.0
3717.0 998.0
7604.0 6937.0
7262.0 5363.0
9683.0 1856.0
1439.0 3427.0
8830.0 4096.0
335.0 6453.0
1638.0 6402.0
5691.0 7664.0
5046.0 7235.0
1370.0 2829.0
7561.0 8757.0
1122.0 7035.0
3638.0 6595.0
9988.0 4495.0
2815.0 9575.0
2167.0 871.0
7673.0 85.0
743.0 9987.0
7268.0 8250.0
7092.0 9353.0
5110.0 5533.0
317.0 1416.0
3276.0 5999.0
9596.0 9960.0
6809.0 5827.0
4751.0 3562.0
4951.0 4295.0
2930.0 511.0
8330.0 1886.0
1723.0 2117.0
3733.0 3640.0
1574.0 3819.0
505.0 8495.0
2854.0 6000.0
5242.0 7693.0
5429.0 8937.0
3824.0 7986.0
1070.0 8782.0
2421.0 7760.0
1580.0 4009.0
1585.0 6773.0
7976.0 4220.0
9966.0 2633.0
8569.0 5735.0
6854.0 9734.0
6306.0 882.0
5046.0 8759.0
8224.0 405.0
8206.0 7450.0
2369.0 878.0
9311.0 5793.0
21.0 1578.0
9243.0 1290.0
3581.0 7697.0
7196.0 2476.0
2985.0 9324.0
6924.0 1354.0
5985.0 8129.0
5505.0 7890.0
137.0 6095.0
3667.0 2265.0
6867.0 3315.0
9293.0 3028.0
464.0 4173.0
8240.0 1809.0
7349.0 3875.0
9016.0 7763.0
3449.0 9743.0
461.0 7429.0
77.0 4151.0
4010.0 8123.0
1119.0 8561.0
4660.0 5575.0
6915.0 543.0
7215.0 8947.0
2654.0 8207.0
6942.0 8899.0
1683.0 8952.0
6214.0 6884.0
6515.0 1960.0
1248.0 6304.0
2952.0 6328.0
5560.0 8737.0
5123.0 9271.0
9195.0 842.0
1842.0 1306.0
5384.0 169.0
7070.0 7822.0
8696.0 475.0
9900.0 8962.0
1292.0 9763.0
1878.0 2214.0
6394.0 6671.0
1999.0 4652.0
556.0 3406.0
2287.0 4222.0
8860.0 5859.0
9254.0 1973.0
9598.0 4070.0
9096.0 9688.0
7602.0 8741.0
7021.0 9795.0
7749.0 1899.0
3517.0 6985.0
2834.0 2443.0
2907.0 3437.0
2310.0 9681.0
2102.0 2102.0
1078.0 543.0
9816.0 4905.0
9894.0 8655.0
9182.0 5326.0
1500.0 5902.0
9050.0 7252.0
9069.0 9670.0
1863.0 4515.0
6090.0 1408.0
8442.0 8039.0
9270.0 4710.0
2543.0 9992.0
8583.0 3526.0
524.0 6886.0
1023.0 3742.0
3984.0 6014.0
7210.0 3709.0
5734.0 2143.0
2434.0 1950.0
1921.0 3881.0
6210.0 2678.0
5685.0 1641.0
6995.0 2293.0
196.0 1597.0
1133.0 2536.0
1421.0 2564.0
7651.0 8434.0
3453.0 5187.0
2965.0 1739.0
1784.0 5408.0
2175.0 2998.0
2354.0 6564.0
5978.0 7920.0
6745.0 7058.0
4829.0 6213.0
6342.0 3036.0
4449.0 3556.0
837.0 7940.0
9300.0 9868.0
8936.0 3394.0
3091.0 9510.0
1580.0 8305.0
7948.0 1654.0
581.0 5612.0
6334.0 1390.0
7982.0 8596.0
2326.0 4828.0
4023.0 1141.0
1356.0 3786.0
4049.0 8914.0
9993.0 8262.0
7221.0 803.0
9919.0 7354.0
2358.0 2604.0
2622.0 1797.0
8810.0 7305.0
4000.0 3744.0
2651.0 8929.0
387.0 2003.0
1098.0 9325.0
191.0 3377.0
476.0 9837.0
7648.0 3246.0
5594.0 2231.0
7905.0 1097.0
870.0 5851.0
4921.0 9129.0
6086.0 367.0
6372.0 4637.0
2077.0 6047.0
2130.0 9282.0
4257.0 5979.0
5408.0 976.0
4302.0 7136.0
8177.0 6494.0
2836.0 9714.0
4988.0 5514.0
8510.0 6647.0
1751.0 9213.0
1281.0 7724.0
8607.0 9123.0
267.0 5212.0
8480.0 4379.0
9023.0 390.0
5417.0 8037.0
3601.0 2954.0
9326.0 5625.0
1225.0 7629.0
6173.0 1593.0
9935.0 4980.0
5308.0 1816.0
2090.0 5799.0
7950.0 2833.0
7021.0 964.0
3484.0 953.0
721.0 1233.0
2655.0 6943.0
2943.0 3839.0
9242.0 4410.0
4492.0 5340.0
4343.0 2567.0
147.0 2598.0
9861.0 6548.0
4982.0 6337.0
287.0 939.0
4510.0 4179.0
4384.0 4657.0
1440.0 2563.0
878.0 7900.0
4448.0 9471.0
4760.0 4260.0
6780.0 2394.0
3287.0 3743.0
5062.0 8403.0
3291.0 4774.0
1141.0 5785.0
3921.0 5927.0
2337.0 9149.0
1354.0 503.0
7949.0 2382.0
4673.0 9622.0
2351.0 6428.0
4417.0 2012.0
7552.0 1248.0
7969.0 1131.0
553.0 3906.0
8356.0 2825.0
3372.0 7196.0
5572.0 9137.0
6064.0 5701.0
2033.0 6487.0
5613.0 8724.0
6222.0 8825.0
6024.0 1986.0
1200.0 8984.0
7487.0 2533.0
7017.0 3841.0
4959.0 3707.0
8658.0 1496.0
9002.0 9675.0
3626.0 1105.0
4231.0 1371.0
5731.0 8524.0
3267.0 8276.0
4255.0 3477.0
6471.0 2976.0
6.0 6344.0
365.0 7877.0
2432.0 5286.0
94.0 6018.0
4379.0 6840.0
3727.0 376.0
3562.0 5680.0
8832.0 8599.0
2394.0 1662.0
4080.0 2557.0
264.0 4864.0
1319.0 4646.0
4845.0 1755.0
5908.0 5240.0
1537.0 8163.0
5698.0 8230.0
2696.0 7230.0
1480.0 4024.0
662.0 2955.0
4287.0 1979.0
1276.0 2587.0
7379.0 6620.0
6928.0 3433.0
3263.0 4602.0
763.0 2300.0
8608.0 1809.0
6142.0 8242.0
2409.0 2509.0
7959.0 1733.0
5221.0 4984.0
4916.0 5964.0
9876.0 534.0
4355.0 8425.0
6469.0 5297.0
3757.0 3428.0
7004.0 6759.0
5488.0 8725.0
7534.0 9412.0
3934.0 1914.0
8164.0 6440.0
6577.0 4767.0
3755.0 6859.0
3147.0 6173.0
662.0 38.0
9457.0 6814.0
7422.0 1984.0
4974.0 1315.0
9652.0 342.0
5802.0 5933.0
2101.0 7499.0
7107.0 2548.0
3122.0 3705.0
1634.0 2039.0
9491.0 4650.0
3392.0 2766.0
1880.0 376.0
8118.0 2288.0
3833.0 4968.0
4633.0 2987.0
9624.0 8928.0
3654.0 4800.0
8841.0 8630.0
3210.0 645.0
8015.0 9802.0
2245.0 2779.0
2200.0 4419.0
6476.0 729.0
1804.0 2940.0
3181.0 3929.0
2565.0 6290.0
3934.0 4783.0
8988.0 4520.0
6971.0 266.0
4129.0 1532.0
3214.0 2756.0
1034.0 7802.0
2608.0 3259.0
3729.0 5530.0
9843.0 2682.0
8095.0 3071.0
1087.0 9328.0
5466.0 8143.0
5793.0 3256.0
4315.0 1669.0
234.0 703.0
7889.0 6665.0
1817.0 4206.0
8129.0 9150.0
5817.0 6606.0
8714.0 397.0
8592.0 9567.0
2632.0 2531.0
3941.0 9824.0
2066.0 1819.0
1625.0 8772.0
985.0 6624.0
9745.0 3603.0
3285.0 9366.0
4977.0 614.0
1832.0 4497.0
7373.0 3905.0
6248.0 6798.0
8744.0 5053.0
9796.0 7023.0
6253.0 2020.0
8242.0 4186.0
5357.0 7868.0
5986.0 6533.0
8635.0 2523.0
7380.0 5482.0
9656.0 3177.0
3544.0 9569.0
3453.0 1579.0
7542.0 7702.0
7744.0 8788.0
3258.0 3738.0
1451.0 620.0
5866.0 6710.0
9662.0 9420.0
4177.0 3674.0
6611.0 339.0
7778.0 4591.0
806.0 2765.0
4287.0 1096.0
8862.0 78.0
4555.0 3655.0
7186.0 3405.0
6227.0 3959.0
3086.0 7522.0
8433.0 2003.0
9428.0 9576.0
3036.0 9733.0
9405.0 3787.0
241.0 5726.0
587.0 7796.0
8936.0 7753.0
9760.0 8830.0
4606.0 2694.0
2758.0 328.0
174.0 5686.0
5788.0 2224.0
7651.0 2941.0
7451.0 507.0
874.0 5107.0
2967.0 4276.0
2274.0 662.0
4779.0 907.0
8949.0 1156.0
6078.0 2515.0
5942.0 2809.0
6414.0 9380.0
7049.0 1311.0
928.0 8500.0
6031.0 9283.0
7355.0 7923.0
3543.0 8265.0
7381.0 19.0
7701.0 9726.0
1458.0 9404.0
8542.0 1894.0
8676.0 3596.0
9323.0 1935.0
5789.0 7154.0
9955.0 5328.0
2023.0 2391.0
429.0 6852.0
8728.0 2389.0
4608.0 137.0
5499.0 4425.0
7209.0 5156.0
6886.0 4502.0
9361.0 5596.0
6233.0 6159.0
545.0 492.0
5820.0 9188.0
7306.0 7081.0
4867.0 6445.0
1586.0 4253.0
9501.0 9436.0
3983.0 8531.0
1323.0 5796.0
9866.0 6995.0
3611.0 4371.0
8626.0 4044.0
6851.0 6038.0
8949.0 1449.0
7601.0 936.0
5468.0 3557.0
7368.0 5289.0
4621.0 2123.0
550.0 3441.0
83.0 7627.0
3078.0 3317.0
625.0 6520.0
5819.0 5946.0
5747.0 6323.0
9394.0 2216.0
6927.0 2946.0
9469.0 2518.0
4863.0 7213.0
4143.0 7465.0
5525.0 9927.0
7509.0 316.0
407.0 7459.0
6053.0 4312.0
8793.0 2224.0
6889.0 544.0
2424.0 4997.0
9548.0 4542.0
5381.0 8447.0
5314.0 2253.0
4561.0 3841.0
809.0 8553.0
8616.0 5286.0
4830.0 3979.0
5631.0 8478.0
139.0 7824.0
2493.0 3317.0
4206.0 8264.0
1223.0 2351.0
5614.0 2710.0
161.0 9427.0
5112.0 3995.0
354.0 5476.0
3023.0 607.0
9975.0 852.0
7056.0 1612.0
2161.0 6128.0
7099.0 9440.0
4075.0 5783.0
6162.0 6174.0
7610.0 1648.0
9022.0 1541.0
4501.0 5600.0
2681.0 3254.0
1280.0 3342.0
5246.0 2846.0
1864.0 3713.0
2331.0 2709.0
8160.0 484.0
2579.0 2457.0
1538.0 5969.0
6407.0 5291.0
494.0 8434.0
4576.0 7555.0
2398.0 7700.0
5686.0 7099.0
9654.0 5829.0
4208.0 8668.0
3102.0 2351.0
3122.0 6916.0
8077.0 5899.0
7825.0 284.0
902.0 6714.0
328.0 1348.0
6218.0 6882.0
5416.0 1818.0
7998.0 7771.0
2840.0 2864.0
9553.0 6531.0
2136.0 3924.0
444.0 6119.0
9190.0 5654.0
609.0 5720.0
6145.0 5183.0
4566.0 1017.0
8744.0 4353.0
1052.0 6182.0
7725.0 4101.0
5943.0 2035.0
3350.0 619.0
8802.0 7294.0
4693.0 1504.0
5917.0 2277.0
7757.0 2542.0
5182.0 7026.0
9080.0 8251.0
648.0 8242.0
3839.0 1934.0
7128.0 1942.0
146.0 3312.0
7692.0 1263.0
3590.0 4459.0
9402.0 1326.0
8628.0 7196.0
5142.0 5556.0
5932.0 7591.0
1889.0 406.0
7318.0 5736.0
8289.0 7865.0
2295.0 1470.0
6888.0 7677.0
2921.0 9212.0
8834.0 3713.0
5983.0 7563.0
1476.0 1335.0
4181.0 1841.0
1623.0 5261.0
341.0 216.0
9896.0 9784.0
1324.0 6607.0
3948.0 5755.0
704.0 6017.0
986.0 1293.0
1783.0 443.0
2358.0 5579.0
5141.0 6053.0
5646.0 7703.0
7195.0 4780.0
2030.0 4920.0
8983.0 5992.0
9347.0 7277.0
6705.0 6427.0
3660.0 8013.0
8137.0 9018.0
4679.0 1619.0
1555.0 3813.0
2921.0 4015.0
6197.0 6625.0
8931.0 1722.0
5961.0 3581.0
7430.0 9460.0
341.0 2258.0
1725.0 8093.0
9283.0 2528.0
6273.0 7314.0
1010.0 2816.0
7677.0 10005.0
4462.0 9908.0
7061.0 7659.0
392.0 2988.0
9089.0 8826.0
7789.0 5065.0
5530.0 4937.0
4678.0 7452.0
3710.0 466.0
4922.0 5449.0
2679.0 6829.0
5119.0 5931.0
2497.0 1922.0
8208.0 9952.0
4431.0 9729.0
2864.0 6088.0
2453.0 6912.0
303.0 2616.0
8875.0 5796.0
2592.0 9275.0
9478.0 5640.0
9063.0 1681.0
5995.0 6650.0
9936.0 4148.0
6264.0 3624.0
8744.0 8999.0
4970.0 8630.0
7683.0 3110.0
238.0 4664.0
2466.0 4778.0
4014.0 4672.0
5782.0 6628.0
6533.0 2873.0
993.0 2698.0
7739.0 7783.0
122.0 380.0
1013.0 8852.0
2781.0 370.0
7064.0 1133.0
5111.0 285.0
8317.0 4923.0
333.0 141.0
6668.0 9721.0
5045.0 336.0
9955.0 4502.0
7823.0 5267.0
4979.0 8659.0
9260.0 8339.0
7448.0 548.0
5025.0 6415.0
1693.0 3059.0
6066.0 4466.0
5491.0 8118.0
2526.0 3532.0
7854.0 4517.0
499.0 7673.0
166.0 6034.0
3228.0 8070.0
3448.0 9196.0
824.0 4966.0
7193.0 2649.0
5136.0 547.0
7546.0 2519.0
8851.0 8521.0
5221.0 698.0
437.0 8466.0
6000.0 5450.0
9035.0 5663.0
9154.0 6272.0
5879.0 9589.0
1652.0 7397.0
1373.0 6675.0
8509.0 6888.0
9415.0 5567.0
2105.0 695.0
3064.0 5484.0
5845.0 3641.0
8159.0 904.0
17.0 1698.0
3990.0 8177.0
181.0 2500.0
2621.0 2290.0
945.0 3489.0
967.0 4388.0
497.0 9646.0
2228.0 3277.0
3722.0 5158.0
5783.0 6519.0
4260.0 5983.0
7144.0 9310.0
8374.0 2716.0
2051.0 1821.0
5967.0 5676.0
1367.0 8107.0
6579.0 6589.0
5806.0 2333.0
767.0 3854.0
2133.0 392.0
9662.0 720.0
4938.0 7655.0
8096.0 8374.0
578.0 5974.0
9129.0 8272.0
2381.0 5597.0
344.0 701.0
8731.0 201.0
4739.0 8933.0
8113.0 5651.0
1591.0 900.0
7755.0 5720.0
5126.0 2827.0
4924.0 337.0
1355.0 1703.0
2508.0 4638.0
5939.0 6020.0
2987.0 9391.0
8391.0 6699.0
7372.0 6007.0
541.0 2616.0
8225.0 1806.0
9528.0 7624.0
8386.0 3661.0
8241.0 8499.0
9446.0 727.0
8536.0 5743.0
6657.0 9407.0
5058.0 1614.0
9285.0 6195.0
54.0 2337.0
8075.0 6591.0
2026.0 3897.0
3917.0 738.0
3533.0 3304.0
4290.0 8962.0
6053.0 9792.0
6592.0 2828.0
2226.0 2833.0
9.0 9952.0
8302.0 6366.0
9917.0 3170.0
2225.0 1211.0
1561.0 7257.0
5110.0 21.0
1958.0 8861.0
6533.0 1717.0
1766.0 7793.0
6461.0 4825.0
1117.0 382.0
9165.0 1607.0
6073.0 7999.0
6990.0 7429.0
4799.0 6468.0
4307.0 2231.0
5014.0 4495.0
4521.0 3593.0
6885.0 1796.0
5487.0 3215.0
7916.0 84.0
1149.0 1311.0
8958.0 2556.0
9820.0 5768.0
2930.0 106.0
1868.0 5530.0
358.0 4848.0
2260.0 87.0
8337.0 4165.0
5721.0 9495.0
2004.0 949.0
4914.0 1860.0
141.0 8166.0
4502.0 7663.0
8997.0 8426.0
6379.0 2874.0
946.0 1740.0
4004.0 5243.0
7043.0 7092.0
6125.0 713.0
5145.0 6014.0
2780.0 9327.0
7631.0 8826.0
8916.0 2579.0
5374.0 6708.0
3470.0 6622.0
7026.0 5240.0
4282.0 8200.0
5259.0 7622.0
1658.0 2793.0
4027.0 8195.0
5999.0 6829.0
3467.0 9445.0
7255.0 8394.0
1543.0 8166.0
6647.0 3374.0
4031.0 8920.0
3443.0 6412.0
6935.0 5476.0
2177.0 8612.0
7967.0 3383.0
8143.0 6403.0
6151.0 9353.0
1529.0 8488.0
1188.0 5613.0
3027.0 243.0
6661.0 9863.0
6292.0 7558.0
3693.0 4073.0
5069.0 4460.0
4164.0 7689.0
5394.0 1487.0
5060.0 3492.0
5637.0 4190.0
8102.0 6743.0
9844.0 3689.0
1217.0 772.0
2117.0 3719.0
960.0 4668.0
2494.0 1037.0
7512.0 1282.0
7083.0 8635.0
6328.0 6143.0
7864.0 3685.0
3053.0 490.0
10002.0 4576.0
797.0 4084.0
6983.0 4013.0
1373.0 5941.0
6486.0 7580.0
4612.0 3673.0
2284.0 9636.0
2336.0 4590.0
71.0 1040.0
6116.0 4235.0
7534.0 5534.0
380.0 496.0
