1
1024 1 3.0 0.0 1000.0 3 160 240 100

6.5 13.5 29.3 58.5
13.0 27.0 58.5 117.0
19.5 40.5 87.8 175.5
26.0 54.0 117.0 234.0
39.0 81.0 175.5 351.0
52.0 108.0 234.0 468.0
58.5 121.5 263.3 526.5
65.0 135.0 292.5 585.0
78.0 162.0 351.0 702.0
0.0 180.0 390.0 780.0

2.0 5.0 8.0 11.0
5.0 8.0 11.0 14.0
9.0 12.0 15.0 18.0
11.0 14.0 17.0 20.0
15.0 18.0 21.0 24.0
18.0 21.0 24.0 27.0
20.0 23.0 26.0 29.0
25.0 28.0 31.0 34.0
29.0 32.0 35.0 38.0
0.0 34.0 37.0 40.0

6796.0 8627.0
4737.0 4358.0
7505.0 5585.0
2283.0 9319.0
5088.0 3320.0
288.0 2221.0
6498.0 9313.0
7173.0 7947.0
1274.0 838.0
9224.0 5158.0
2052.0 6230.0
7075.0 2909.0
1797.0 3257.0
8770.0 7.0
8102.0 1503.0
1017.0 5266.0
7413.0 8170.0
2720.0 9333.0
4525.0 9218.0
7405.0 1252.0
5208.0 258.0
3627.0 5415.0
2304.0 4112.0
4976.0 7077.0
8158.0 4448.0
3770.0 7097.0
8729.0 7416.0
5043.0 9065.0
7226.0 5683.0
9927.0 4482.0
7639.0 1797.0
30.0 4158.0
996.0 286.0
6918.0 6486.0
9708.0 401.0
3289.0 5766.0
7855.0 3932.0
4953.0 6234.0
7759.0 4997.0
5216.0 9964.0
5701.0 1219.0
5762.0 9312.0
2126.0 8223.0
650.0 7049.0
4199.0 1837.0
2512.0 9875.0
1052.0 4937.0
2562.0 3445.0
4577.0 8343.0
8517.0 9600.0
1126.0 7664.0
7030.0 8954.0
1952.0 538.0
9736.0 4493.0
2759.0 1146.0
4513.0 4371.0
5205.0 1443.0
6062.0 4547.0
5703.0 998.0
2403.0 4438.0
9390.0 9876.0
6394.0 1253.0
9598.0 1458.0
3870.0 1157.0
5684.0 4633.0
2505.0 7960.0
4574.0 7249.0
8000.0 2452.0
3872.0 5271.0
6695.0 8091.0
6877.0 4529.0
6215.0 1181.0
2377.0 4488.0
8235.0 6207.0
4547.0 5954.0
9989.0 9506.0
827.0 7112.0
3598.0 6920.0
8120.0 4839.0
4847.0 3607.0
156.0 682.0
5482.0 6666.0
1388.0 3420.0
5657.0 3750.0
5254.0 2639.0
5617.0 3320.0
7179.0 212.0
8212.0 4709.0
5144.0 9116.0
6368.0 8668.0
3192.0 1484.0
2093.0 1539.0
5711.0 327.0
6124.0 8735.0
2858.0 1817.0
9833.0 5693.0
9959.0 7561.0
3471.0 6949.0
6252.0 8776.0
7364.0 6507.0
814.0 6774.0
5163.0 5176.0
6032.0 6680.0
747.0 3018.0
1461.0 3788.0
2876.0 7592.0
3427.0 4473.0
4205.0 1144.0
8226.0 6083.0
3752.0 2414.0
9262.0 2697.0
4430.0 1218.0
992.0 6202.0
9734.0 6479.0
5014.0 4566.0
6194.0 862.0
6156.0 1747.0
689.0 7678.0
8920.0 6141.0
4233.0 8227.0
7125.0 6981.0
6318.0 237.0
2112.0 611.0
6436.0 570.0
7351.0 1035.0
1861.0 7853.0
9803.0 1670.0
3311.0 3197.0
904.0 7707.0
2581.0 9682.0
2497.0 997.0
8746.0 3746.0
5587.0 1875.0
2049.0 4175.0
2255.0 4841.0
7058.0 6826.0
3589.0 7502.0
9209.0 5771.0
8987.0 4702.0
1329.0 4010.0
4672.0 2243.0
9237.0 9433.0
1787.0 7118.0
8035.0 4174.0
6904.0 3663.0
3183.0 8046.0
312.0 7552.0
2961.0 9195.0
9929.0 2042.0
1415.0 7660.0
1191.0 3380.0
3404.0 9990.0
5774.0 4796.0
5832.0 5584.0
4484.0 982.0
1671.0 7920.0
2197.0 7489.0
5888.0 6337.0
5167.0 1934.0
4859.0 6532.0
3575.0 6452.0
3389.0 442.0
4668.0 3297.0
5927.0 8663.0
4327.0 8002.0
1084.0 1083.0
7435.0 7020.0
1057.0 3889.0
9878.0 9261.0
50.0 3604.0
7546.0 3429.0
8308.0 1330.0
168.0 5582.0
857.0 2860.0
357.0 3828.0
2551.0 2805.0
689.0 9567.0
3530.0 3429.0
4190.0 7198.0
1697.0 1334.0
6069.0 6699.0
1296.0 7663.0
7058.0 6000.0
9219.0 10000.0
1195.0 2562.0
3120.0 6601.0
3431.0 6073.0
7954.0 6157.0
4870.0 6676.0
32.0 8724.0
6041.0 5644.0
200.0 5992.0
1012.0 7921.0
241.0 1571.0
7726.0 8430.0
9101.0 4434.0
2395.0 6575.0
8042.0 1201.0
8310.0 5845.0
6321.0 5421.0
1922.0 7939.0
1505.0 4508.0
1530.0 3313.0
1005.0 7515.0
6447.0 2580.0
3959.0 9386.0
6989.0 5672.0
5033.0 9869.0
8124.0 8162.0
4266.0 7747.0
2162.0 6692.0
9557.0 3545.0
8305.0 7885.0
877.0 6392.0
9435.0 7686.0
7837.0 3185.0
8974.0 525.0
4684.0 731.0
3178.0 226.0
9354.0 4031.0
6715.0 7074.0
5658.0 6357.0
1867.0 7957.0
222.0 9303.0
4229.0 8984.0
8275.0 3466.0
236.0 2518.0
4883.0 2917.0
4382.0 3010.0
736.0 9137.0
6476.0 8564.0
4093.0 2569.0
1794.0 7654.0
2971.0 2459.0
9467.0 2881.0
4199.0 8155.0
6970.0 6216.0
8430.0 7508.0
1051.0 2615.0
2702.0 560.0
7965.0 1440.0
4674.0 9176.0
8346.0 7592.0
5111.0 5779.0
4592.0 6765.0
7743.0 6857.0
1094.0 1747.0
8083.0 9408.0
170.0 9175.0
5318.0 979.0
9057.0 8653.0
3859.0 6474.0
5806.0 8658.0
3674.0 7387.0
4441.0 6145.0
980.0 1622.0
2220.0 9254.0
3419.0 4581.0
4367.0 5055.0
6300.0 4653.0
4108.0 6716.0
9023.0 8805.0
8379.0 7043.0
3281.0 6410.0
2045.0 7767.0
7136.0 1987.0
5990.0 6531.0
1585.0 24.0
6925.0 5959.0
8697.0 7529.0
9268.0 1740.0
2947.0 2500.0
1944.0 9136.0
9827.0 8949.0
5461.0 9823.0
8345.0 1666.0
7114.0 3493.0
6518.0 6377.0
4659.0 1108.0
1450.0 3464.0
1326.0 9247.0
8104.0 5903.0
7501.0 7436.0
3372.0 4600.0
6949.0 2895.0
4528.0 6770.0
7913.0 9602.0
3694.0 5540.0
1958.0 1089.0
2391.0 1427.0
5891.0 8899.0
2796.0 8862.0
4621.0 1098.0
4797.0 3426.0
5319.0 7766.0
459.0 7955.0
5705.0 2885.0
9981.0 8180.0
1834.0 4529.0
5773.0 1074.0
3231.0 7775.0
3729.0 1559.0
5716.0 7251.0
3321.0 5744.0
4773.0 8729.0
590.0 1354.0
4831.0 1683.0
662.0 8517.0
2282.0 7222.0
8870.0 6575.0
2608.0 8314.0
2093.0 5077.0
4461.0 1718.0
4418.0 9619.0
6048.0 3525.0
3710.0 5703.0
1674.0 2748.0
8210.0 6270.0
8787.0 9840.0
4751.0 1077.0
8396.0 9590.0
2703.0 8571.0
4183.0 284.0
232.0 3447.0
8199.0 3554.0
1997.0 5528.0
3452.0 1840.0
9868.0 8144.0
6282.0 2858.0
775.0 6681.0
3838.0 3009.0
8290.0 442.0
4535.0 4121.0
7037.0 3516.0
1824.0 468.0
1543.0 2780.0
4144.0 5443.0
3619.0 3737.0
6385.0 9835.0
4880.0 7327.0
739.0 6096.0
3505.0 3383.0
7271.0 5530.0
6838.0 8905.0
7071.0 7811.0
3927.0 1798.0
3339.0 4741.0
4610.0 3260.0
8242.0 2671.0
4250.0 4458.0
5920.0 491.0
5704.0 5685.0
4461.0 2604.0
2654.0 8638.0
2224.0 8806.0
884.0 4994.0
6345.0 5475.0
6600.0 6945.0
3785.0 4987.0
3414.0 7851.0
7763.0 2781.0
2080.0 3690.0
4945.0 3975.0
9579.0 8446.0
1210.0 3953.0
6671.0 9122.0
6378.0 9834.0
5499.0 8525.0
725.0 2247.0
1360.0 6501.0
8652.0 9314.0
5233.0 2770.0
7353.0 7254.0
6174.0 7038.0
832.0 4538.0
5173.0 4536.0
2134.0 8992.0
4586.0 7672.0
9117.0 9771.0
9723.0 6930.0
1643.0 8616.0
1719.0 6709.0
522.0 7305.0
3270.0 4248.0
1063.0 720.0
1338.0 2308.0
6596.0 7436.0
3445.0 8768.0
9795.0 2247.0
6625.0 8817.0
2179.0 7550.0
671.0 7881.0
4614.0 2992.0
9749.0 5967.0
4200.0 5302.0
9000.0 6585.0
5360.0 2715.0
5223.0 5908.0
5513.0 907.0
3240.0 330.0
8164.0 9853.0
2051.0 3105.0
8768.0 3523.0
7373.0 3206.0
1222.0 6830.0
9665.0 2084.0
5331.0 6741.0
9254.0 6491.0
8103.0 6972.0
2643.0 8024.0
4231.0 8174.0
6614.0 2552.0
3594.0 8026.0
9231.0 5207.0
6156.0 8152.0
9334.0 9084.0
7088.0 7273.0
8638.0 8318.0
7484.0 2511.0
3023.0 8718.0
8510.0 3252.0
2133.0 1593.0
9348.0 4491.0
8876.0 8969.0
1779.0 9074.0
2924.0 824.0
6754.0 732.0
4826.0 7540.0
817.0 2351.0
9826.0 3210.0
2720.0 6369.0
2984.0 7976.0
3086.0 6717.0
9721.0 64.0
2470.0 4234.0
8364.0 670.0
5674.0 9950.0
3809.0 7372.0
2658.0 3160.0
3903.0 4223.0
8913.0 3706.0
2638.0 9197.0
632.0 377.0
6767.0 2148.0
2542.0 9840.0
4937.0 8943.0
8741.0 3021.0
947.0 9938.0
9403.0 8341.0
5227.0 3463.0
8679.0 3738.0
1142.0 7472.0
1681.0 1863.0
5225.0 5027.0
863.0 5393.0
2934.0 1783.0
4680.0 1854.0
4040.0 6132.0
3859.0 9876.0
4250.0 5173.0
3142.0 1296.0
2154.0 2172.0
8844.0 6016.0
3115.0 3677.0
5097.0 9039.0
4190.0 6951.0
4100.0 1589.0
6690.0 886.0
8262.0 738.0
5478.0 6060.0
4558.0 4437.0
6607.0 2114.0
3974.0 1393.0
7401.0 3091.0
1375.0 7676.0
5582.0 3922.0
3660.0 4491.0
6534.0 3712.0
6548.0 4019.0
326.0 3990.0
2849.0 2747.0
2571.0 2593.0
7574.0 4192.0
5743.0 6342.0
7726.0 5449.0
43.0 8179.0
7143.0 4454.0
5416.0 6924.0
9218.0 7402.0
8824.0 319.0
2873.0 8215.0
3377.0 4528.0
9623.0 4478.0
8422.0 5743.0
2082.0 6766.0
2181.0 2077.0
6779.0 763.0
1068.0 6395.0
6603.0 4099.0
2250.0 3253.0
771.0 2307.0
8585.0 5612.0
2631.0 831.0
7520.0 9480.0
8177.0 2476.0
8053.0 7160.0
618.0 2236.0
2372.0 2258.0
8852.0 3905.0
1256.0 2119.0
200.0 5375.0
4853.0 5851.0
251.0 2057.0
2926.0 8615.0
5166.0 320.0
1183.0 5322.0
4295.0 5373.0
2771.0 9417.0
3465.0 494.0
6558.0 4921.0
1772.0 7035.0
6290.0 2368.0
7255.0 7099.0
7232.0 1831.0
9277.0 3323.0
9386.0 8681.0
7986.0 2657.0
8899.0 253.0
3694.0 3580.0
1756.0 4081.0
1527.0 8642.0
6357.0 857.0
9213.0 6769.0
4083.0 7798.0
8328.0 2221.0
9461.0 568.0
1891.0 9641.0
4005.0 4418.0
3624.0 7093.0
369.0 7724.0
6750.0 1504.0
5880.0 3572.0
2676.0 3434.0
7076.0 7564.0
2408.0 582.0
9340.0 2494.0
6054.0 1935.0
8234.0 3084.0
8263.0 6992.0
1632.0 6415.0
9957.0 6952.0
4263.0 6238.0
9201.0 7310.0
8748.0 1820.0
6569.0 3748.0
9752.0 4489.0
2852.0 5748.0
343.0 7548.0
9461.0 4844.0
2151.0 7714.0
4382.0 6921.0
3449.0 8751.0
9025.0 468.0
1742.0 461.0
3827.0 5226.0
9968.0 8697.0
2955.0 8105.0
7916.0 4557.0
963.0 5822.0
2961.0 3433.0
6757.0 6150.0
6720.0 7066.0
2713.0 2201.0
6724.0 4290.0
9307.0 6662.0
4711.0 8601.0
8101.0 5376.0
5651.0 3250.0
8444.0 2221.0
4084.0 6986.0
5736.0 9656.0
6893.0 6154.0
1602.0 1886.0
4099.0 1270.0
8841.0 33.0
1794.0 8772.0
6483.0 1249.0
3794.0 1092.0
2820.0 6165.0
1131.0 715.0
6764.0 1603.0
983.0 6399.0
362.0 7963.0
9129.0 2205.0
7852.0 3196.0
2552.0 2514.0
9084.0 7778.0
1274.0 8692.0
7671.0 7601.0
1036.0 5557.0
6719.0 4192.0
915.0 8330.0
7487.0 4178.0
2488.0 3216.0
8831.0 2408.0
9645.0 7294.0
7779.0 5643.0
638.0 5870.0
4087.0 6240.0
6488.0 7959.0
4142.0 7730.0
2338.0 3066.0
2046.0 6712.0
858.0 4921.0
8236.0 7972.0
9302.0 342.0
8507.0 2250.0
4320.0 3879.0
8766.0 8560.0
1127.0 1410.0
3386.0 5480.0
6129.0 8358.0
7507.0 8326.0
4610.0 679.0
6131.0 1627.0
7571.0 9297.0
5368.0 8811.0
4349.0 1144.0
3681.0 3516.0
80.0 2473.0
3489.0 9445.0
9640.0 2610.0
5962.0 8172.0
2151.0 8791.0
4386.0 6822.0
2652.0 5284.0
3921.0 26.0
44.0 2415.0
8129.0 3081.0
2903.0 3707.0
5102.0 5716.0
7271.0 1756.0
8559.0 8385.0
3017.0 6042.0
1755.0 5498.0
7877.0 8311.0
4548.0 2506.0
772.0 3713.0
6493.0 6253.0
8505.0 8350.0
1294.0 508.0
2439.0 6395.0
481.0 1094.0
4258.0 2461.0
6656.0 7528.0
2410.0 7359.0
9165.0 580.0
3342.0 7940.0
7534.0 7671.0
4112.0 4160.0
544.0 527.0
5502.0 9039.0
1274.0 1993.0
7211.0 9689.0
977.0 1426.0
9246.0 57.0
7130.0 591.0
6107.0 8564.0
3529.0 4453.0
2861.0 6290.0
2750.0 3798.0
4720.0 3881.0
3861.0 9091.0
4212.0 7832.0
710.0 7475.0
2556.0 9316.0
8653.0 7348.0
4336.0 1223.0
81.0 7404.0
7075.0 1571.0
1570.0 9578.0
9821.0 3952.0
8043.0 7787.0
7333.0 8182.0
1764.0 6901.0
8978.0 6812.0
6530.0 8841.0
3931.0 5672.0
9917.0 5229.0
6798.0 9104.0
8917.0 8501.0
235.0 3056.0
6827.0 5892.0
3699.0 1693.0
1747.0 3219.0
9898.0 5700.0
9523.0 7861.0
3068.0 2921.0
6499.0 2866.0
5664.0 4530.0
9928.0 6581.0
2578.0 2361.0
6388.0 4738.0
4467.0 5593.0
1058.0 4397.0
4313.0 7433.0
3211.0 1662.0
3810.0 4970.0
5761.0 7590.0
8665.0 7865.0
9231.0 9200.0
4444.0 4037.0
2990.0 5005.0
7031.0 3010.0
9096.0 6963.0
4329.0 86.0
6624.0 3290.0
8291.0 7009.0
6800.0 9017.0
8884.0 7285.0
1821.0 3730.0
4086.0 6812.0
2686.0 8395.0
2529.0 3003.0
3914.0 5685.0
7872.0 8046.0
5481.0 717.0
6518.0 4479.0
4842.0 1630.0
2773.0 3736.0
4376.0 1896.0
8050.0 839.0
2122.0 8795.0
3217.0 878.0
6141.0 4961.0
5688.0 5475.0
5366.0 2410.0
5368.0 9863.0
2286.0 974.0
6045.0 3769.0
5324.0 5544.0
1335.0 1752.0
1249.0 9048.0
6778.0 1165.0
480.0 558.0
2188.0 8404.0
637.0 470.0
860.0 6603.0
6178.0 7143.0
4741.0 455.0
4494.0 1925.0
7145.0 6296.0
1288.0 1978.0
7146.0 8148.0
616.0 2818.0
2221.0 2859.0
7417.0 4974.0
8261.0 15.0
2903.0 1700.0
8551.0 4795.0
5650.0 7128.0
5811.0 4412.0
3746.0 6799.0
3909.0 1329.0
5842.0 4976.0
8342.0 8899.0
1463.0 5647.0
7095.0 7591.0
3433.0 6649.0
5960.0 2483.0
7758.0 8809.0
4947.0 5158.0
8819.0 4528.0
4858.0 5703.0
238.0 2719.0
5642.0 2938.0
4250.0 9505.0
636.0 3570.0
4954.0 6611.0
3279.0 3414.0
3272.0 1839.0
5411.0 6359.0
3989.0 8557.0
8760.0 9235.0
7707.0 3617.0
3708.0 3250.0
3082.0 5601.0
1952.0 5158.0
7174.0 7824.0
2148.0 3824.0
4292.0 3001.0
147.0 348.0
6146.0 8996.0
7923.0 2412.0
8702.0 7564.0
7799.0 6019.0
3547.0 497.0
1058.0 285.0
4158.0 95.0
2563.0 3437.0
9890.0 3378.0
5465.0 709.0
3056.0 1935.0
2617.0 7266.0
6951.0 1851.0
3784.0 1846.0
5155.0 605.0
266.0 9273.0
4985.0 359.0
1013.0 2503.0
439.0 9558.0
6852.0 7378.0
2480.0 7246.0
1928.0 5738.0
7019.0 7021.0
3937.0 5063.0
3447.0 33.0
7293.0 5313.0
9064.0 8948.0
5783.0 6120.0
7257.0 7290.0
3856.0 4.0
9782.0 1070.0
8118.0 9770.0
6005.0 2119.0
3139.0 759.0
4434.0 5047.0
8195.0 1112.0
4427.0 2226.0
4010.0 5706.0
8388.0 3725.0
1137.0 1939.0
7343.0 1605.0
4050.0 8016.0
5212.0 488.0
7570.0 6901.0
9652.0 8818.0
4708.0 1616.0
9810.0 7718.0
7547.0 17.0
3849.0 6877.0
5243.0 9753.0
1588.0 9352.0
5763.0 6539.0
104.0 9732.0
456.0 1415.0
2670.0 2545.0
3053.0 5173.0
3854.0 354.0
7211.0 589.0
6147.0 3429.0
9186.0 5645.0
5960.0 5425.0
4749.0 3392.0
9362.0 1978.0
1944.0 6624.0
380.0 1625.0
3782.0 8032.0
7242.0 974.0
7489.0 8989.0
4397.0 8527.0
9385.0 2639.0
665.0 4074.0
7024.0 9457.0
6380.0 3083.0
2672.0 5933.0
4862.0 7975.0
4740.0 9555.0
6083.0 726.0
6265.0 5751.0
2867.0 3688.0
2049.0 4949.0
2487.0 8059.0
8545.0 427.0
8998.0 1905.0
3111.0 118.0
4175.0 2155.0
1703.0 8019.0
7383.0 7477.0
6649.0 3389.0
7255.0 1456.0
8568.0 8388.0
517.0 7984.0
9054.0 7315.0
5811.0 3273.0
3232.0 3131.0
2871.0 1414.0
3771.0 9405.0
9904.0 2887.0
465.0 8367.0
4525.0 7941.0
1987.0 8216.0
6103.0 9254.0
8911.0 5368.0
9855.0 799.0
9600.0 9781.0
5563.0 2308.0
3080.0 4048.0
6244.0 1270.0
5475.0 9400.0
4635.0 6868.0
9129.0 4300.0
7845.0 2763.0
5998.0 3780.0
3019.0 8149.0
9428.0 189.0
9374.0 8995.0
910.0 8523.0
4454.0 3868.0
918.0 1987.0
4950.0 1282.0
5434.0 5969.0
4951.0 7957.0
2255.0 1073.0
6965.0 9923.0
3692.0 8392.0
3563.0 875.0
4751.0 2672.0
3.0 4688.0
8411.0 1541.0
687.0 1522.0
2092.0 1454.0
4788.0 9410.0
1914.0 3539.0
8920.0 5759.0
3855.0 4980.0
7180.0 5675.0
3405.0 4132.0
1438.0 6519.0
7813.0 3.0
7201.0 617.0
7541.0 9290.0
2927.0 531.0
6018.0 6617.0
3113.0 3811.0
9292.0 6152.0
8045.0 6638.0
9692.0 5258.0
5520.0 8271.0
92.0 3339.0
2427.0 720.0
7889.0 1562.0
6518.0 547.0
280.0 1600.0
1227.0 2219.0
4959.0 4068.0
8886.0 4925.0
2823.0 9822.0
199.0 7263.0
1792.0 9773.0
308.0 6727.0
3341.0 1388.0
4320.0 3391.0
5858.0 2543.0
7639.0 9716.0
1407.0 5885.0
8948.0 887.0
5029.0 9374.0
6212.0 2599.0
8146.0 1166.0
8524.0 5703.0
200.0 9501.0
9179.0 9629.0
5117.0 760.0
7804.0 8995.0
1688.0 1361.0
1898.0 321.0
9489.0 1641.0
645.0 8257.0
4426.0 2412.0
6346.0 3252.0
505.0 7337.0
1313.0 5052.0
6947.0 6794.0
589.0 8976.0
2227.0 1401.0
3342.0 4350.0
9155.0 5851.0
8278.0 7037.0
7587.0 6231.0
931.0 466.0
3884.0 6496.0
3185.0 2078.0
8707.0 2238.0
7870.0 4600.0
7249.0 2439.0
3787.0 4062.0
8523.0 2365.0
9020.0 8976.0
2783.0 3251.0
2878.0 7583.0
8696.0 6966.0
9322.0 2587.0
4365.0 6296.0
7228.0 5289.0
8800.0 4029.0
5344.0 3536.0
2938.0 6500.0
2276.0 398.0
1818.0 9751.0
4375.0 2985.0
2012.0 8984.0
6864.0 3324.0
911.0 4465.0
6055.0 5700.0
6963.0 9538.0
3016.0 7393.0
2483.0 8924.0
1537.0 2199.0
3110.0 7956.0
5740.0 8676.0
537.0 5929.0
5197.0 7505.0
7596.0 9213.0
7890.0 4907.0
7316.0 2311.0
3884.0 1496.0
43.0 7504.0
5049.0 8518.0
5233.0 6269.0
8695.0 5859.0
7008.0 8122.0
5461.0 8762.0
5093.0 5051.0

6801.0 8631.0
4743.0 4364.0
7510.0 5589.0
2289.0 9325.0
5094.0 3325.0
293.0 2226.0
6502.0 9319.0
7179.0 7952.0
1279.0 843.0
9229.0 5162.0
2057.0 6236.0
7079.0 2913.0
1802.0 3262.0
8774.0 12.0
8108.0 1508.0
1021.0 5272.0
7418.0 8175.0
2725.0 9339.0
4529.0 9223.0
7410.0 1256.0
5212.0 264.0
3633.0 5420.0
2309.0 4116.0
4980.0 7082.0
8162.0 4453.0
3774.0 7102.0
8735.0 7422.0
5047.0 9070.0
7231.0 5688.0
9931.0 4488.0
7643.0 1802.0
34.0 4163.0
1001.0 291.0
6924.0 6492.0
9713.0 406.0
3293.0 5771.0
7860.0 3937.0
4958.0 6239.0
7764.0 5002.0
5221.0 9970.0
5705.0 1225.0
5766.0 9318.0
2131.0 8228.0
655.0 7055.0
4204.0 1842.0
2517.0 9880.0
1057.0 4942.0
2566.0 3450.0
4582.0 8348.0
8522.0 9604.0
1131.0 7668.0
7036.0 8958.0
1956.0 543.0
9741.0 4498.0
2764.0 1150.0
4519.0 4376.0
5210.0 1448.0
6067.0 4552.0
5707.0 1003.0
2409.0 4444.0
9394.0 9880.0
6400.0 1258.0
9603.0 1463.0
3875.0 1161.0
5689.0 4638.0
2510.0 7964.0
4580.0 7254.0
8005.0 2457.0
3876.0 5275.0
6701.0 8097.0
6882.0 4535.0
6220.0 1185.0
2383.0 4492.0
8240.0 6212.0
4553.0 5959.0
9993.0 9510.0
833.0 7117.0
3604.0 6924.0
8126.0 4844.0
4852.0 3611.0
162.0 687.0
5487.0 6671.0
1393.0 3424.0
5663.0 3755.0
5258.0 2644.0
5621.0 3326.0
7183.0 217.0
8218.0 4714.0
5149.0 9121.0
6372.0 8672.0
3197.0 1489.0
2099.0 1545.0
5717.0 331.0
6130.0 8740.0
2863.0 1823.0
9839.0 5698.0
9963.0 7566.0
3476.0 6954.0
6257.0 8782.0
7369.0 6512.0
819.0 6779.0
5169.0 5182.0
6037.0 6684.0
751.0 3023.0
1465.0 3792.0
2881.0 7597.0
3432.0 4477.0
4209.0 1148.0
8231.0 6089.0
3757.0 2419.0
9266.0 2702.0
4436.0 1223.0
996.0 6208.0
9740.0 6484.0
5020.0 4570.0
6200.0 868.0
6161.0 1752.0
695.0 7683.0
8924.0 6146.0
4239.0 8233.0
7130.0 6986.0
6323.0 242.0
2117.0 616.0
6442.0 575.0
7356.0 1040.0
1866.0 7858.0
9808.0 1675.0
3317.0 3203.0
909.0 7712.0
2586.0 9688.0
2503.0 1002.0
8752.0 3752.0
5593.0 1880.0
2054.0 4180.0
2259.0 4845.0
7063.0 6830.0
3594.0 7507.0
9213.0 5777.0
8992.0 4707.0
1333.0 4014.0
4677.0 2248.0
9241.0 9438.0
1791.0 7123.0
8040.0 4179.0
6910.0 3669.0
3189.0 8050.0
318.0 7557.0
2966.0 9199.0
9934.0 2048.0
1420.0 7665.0
1196.0 3385.0
3409.0 9995.0
5779.0 4801.0
5837.0 5590.0
4489.0 987.0
1677.0 7924.0
2202.0 7495.0
5893.0 6342.0
5173.0 1939.0
4865.0 6538.0
3581.0 6458.0
3395.0 446.0
4673.0 3301.0
5933.0 8667.0
4332.0 8007.0
1089.0 1088.0
7441.0 7025.0
1062.0 3893.0
9884.0 9265.0
56.0 3609.0
7550.0 3434.0
8313.0 1335.0
173.0 5586.0
861.0 2866.0
362.0 3833.0
2556.0 2810.0
695.0 9571.0
3534.0 3433.0
4195.0 7204.0
1702.0 1339.0
6073.0 6703.0
1302.0 7669.0
7062.0 6005.0
9224.0 10005.0
1201.0 2568.0
3124.0 6607.0
3437.0 6078.0
7959.0 6163.0
4875.0 6680.0
37.0 8730.0
6046.0 5648.0
204.0 5997.0
1016.0 7926.0
247.0 1577.0
7731.0 8436.0
9106.0 4439.0
2400.0 6581.0
8047.0 1205.0
8314.0 5850.0
6325.0 5427.0
1927.0 7945.0
1511.0 4512.0
1534.0 3318.0
1010.0 7520.0
6452.0 2585.0
3964.0 9391.0
6994.0 5677.0
5037.0 9874.0
8130.0 8167.0
4272.0 7752.0
2167.0 6696.0
9562.0 3550.0
8309.0 7891.0
883.0 6397.0
9440.0 7692.0
7841.0 3191.0
8979.0 530.0
4689.0 735.0
3183.0 231.0
9359.0 4036.0
6720.0 7078.0
5664.0 6363.0
1871.0 7963.0
227.0 9309.0
4233.0 8989.0
8280.0 3470.0
242.0 2523.0
4888.0 2922.0
4388.0 3014.0
741.0 9143.0
6480.0 8569.0
4098.0 2573.0
1798.0 7658.0
2976.0 2464.0
9471.0 2887.0
4203.0 8160.0
6976.0 6221.0
8436.0 7512.0
1057.0 2620.0
2708.0 565.0
7969.0 1445.0
4678.0 9182.0
8350.0 7596.0
5117.0 5783.0
4596.0 6770.0
7748.0 6863.0
1099.0 1752.0
8089.0 9413.0
176.0 9181.0
5322.0 985.0
9063.0 8659.0
3864.0 6479.0
5812.0 8663.0
3678.0 7392.0
4446.0 6150.0
985.0 1626.0
2224.0 9260.0
3424.0 4586.0
4373.0 5060.0
6305.0 4657.0
4114.0 6721.0
9028.0 8809.0
8384.0 7048.0
3286.0 6414.0
2050.0 7772.0
7141.0 1992.0
5996.0 6536.0
1589.0 29.0
6929.0 5964.0
8703.0 7534.0
9273.0 1745.0
2952.0 2506.0
1950.0 9141.0
9832.0 8953.0
5467.0 9828.0
8350.0 1670.0
7119.0 3498.0
6522.0 6381.0
4664.0 1113.0
1455.0 3470.0
1331.0 9253.0
8109.0 5908.0
7506.0 7441.0
3378.0 4606.0
6954.0 2899.0
4533.0 6774.0
7918.0 9607.0
3699.0 5546.0
1962.0 1095.0
2397.0 1432.0
5895.0 8904.0
2802.0 8868.0
4627.0 1104.0
4802.0 3431.0
5324.0 7771.0
465.0 7961.0
5709.0 2890.0
9985.0 8185.0
1838.0 4533.0
5778.0 1078.0
3235.0 7779.0
3735.0 1565.0
5721.0 7256.0
3327.0 5750.0
4778.0 8733.0
595.0 1359.0
4835.0 1687.0
668.0 8523.0
2288.0 7227.0
8875.0 6580.0
2612.0 8319.0
2097.0 5082.0
4466.0 1722.0
4423.0 9623.0
6054.0 3530.0
3716.0 5709.0
1678.0 2752.0
8214.0 6276.0
8792.0 9846.0
4757.0 1083.0
8402.0 9595.0
2707.0 8577.0
4187.0 288.0
238.0 3453.0
8204.0 3560.0
2001.0 5533.0
3456.0 1846.0
9873.0 8148.0
6287.0 2862.0
780.0 6686.0
3842.0 3013.0
8295.0 446.0
4541.0 4126.0
7042.0 3520.0
1829.0 473.0
1548.0 2784.0
4149.0 5447.0
3625.0 3741.0
6391.0 9839.0
4886.0 7332.0
745.0 6101.0
3510.0 3388.0
7276.0 5535.0
6844.0 8910.0
7076.0 7816.0
3932.0 1803.0
3344.0 4746.0
4615.0 3265.0
8246.0 2676.0
4255.0 4463.0
5925.0 496.0
5709.0 5691.0
4466.0 2609.0
2659.0 8644.0
2228.0 8810.0
890.0 5000.0
6349.0 5479.0
6604.0 6951.0
3790.0 4992.0
3420.0 7855.0
7769.0 2786.0
2086.0 3694.0
4950.0 3979.0
9584.0 8451.0
1215.0 3957.0
6676.0 9126.0
6382.0 9838.0
5503.0 8530.0
729.0 2252.0
1364.0 6507.0
8657.0 9319.0
5238.0 2775.0
7358.0 7259.0
6179.0 7043.0
836.0 4543.0
5178.0 4541.0
2139.0 8997.0
4590.0 7677.0
9122.0 9776.0
9728.0 6935.0
1647.0 8620.0
1724.0 6714.0
527.0 7311.0
3275.0 4253.0
1069.0 726.0
1344.0 2314.0
6600.0 7440.0
3449.0 8772.0
9800.0 2252.0
6631.0 8822.0
2183.0 7555.0
676.0 7887.0
4620.0 2997.0
9754.0 5973.0
4205.0 5306.0
9004.0 6591.0
5364.0 2721.0
5228.0 5914.0
5517.0 911.0
3245.0 335.0
8169.0 9859.0
2057.0 3110.0
8773.0 3529.0
7377.0 3210.0
1227.0 6836.0
9669.0 2088.0
5336.0 6745.0
9260.0 6495.0
8108.0 6977.0
2648.0 8029.0
4237.0 8178.0
6619.0 2557.0
3598.0 8032.0
9236.0 5212.0
6160.0 8158.0
9340.0 9089.0
7094.0 7277.0
8644.0 8324.0
7488.0 2516.0
3029.0 8723.0
8514.0 3256.0
2138.0 1599.0
9352.0 4496.0
8881.0 8975.0
1785.0 9079.0
2929.0 829.0
6758.0 737.0
4831.0 7546.0
822.0 2357.0
9832.0 3215.0
2724.0 6374.0
2989.0 7982.0
3092.0 6722.0
9726.0 69.0
2475.0 4239.0
8369.0 674.0
5680.0 9954.0
3814.0 7376.0
2663.0 3165.0
3907.0 4229.0
8917.0 3711.0
2643.0 9202.0
637.0 381.0
6771.0 2154.0
2548.0 9846.0
4942.0 8949.0
8746.0 3026.0
951.0 9943.0
9407.0 8345.0
5232.0 3467.0
8684.0 3743.0
1148.0 7477.0
1686.0 1869.0
5229.0 5033.0
868.0 5399.0
2939.0 1787.0
4685.0 1859.0
4045.0 6136.0
3865.0 9881.0
4256.0 5177.0
3146.0 1300.0
2160.0 2177.0
8848.0 6021.0
3121.0 3683.0
5101.0 9045.0
4195.0 6957.0
4106.0 1595.0
6696.0 892.0
8267.0 743.0
5483.0 6066.0
4563.0 4443.0
6611.0 2120.0
3978.0 1397.0
7405.0 3097.0
1380.0 7680.0
5588.0 3927.0
3664.0 4496.0
6538.0 3717.0
6554.0 4024.0
331.0 3994.0
2855.0 2751.0
2576.0 2599.0
7578.0 4197.0
5747.0 6347.0
7731.0 5454.0
49.0 8184.0
7148.0 4458.0
5421.0 6929.0
9223.0 7407.0
8829.0 324.0
2878.0 8220.0
3382.0 4532.0
9628.0 4483.0
8428.0 5749.0
2086.0 6771.0
2187.0 2081.0
6784.0 768.0
1072.0 6400.0
6608.0 4105.0
2255.0 3259.0
775.0 2313.0
8590.0 5617.0
2635.0 835.0
7526.0 9484.0
8182.0 2481.0
8058.0 7165.0
623.0 2242.0
2377.0 2263.0
8857.0 3910.0
1261.0 2124.0
204.0 5380.0
4859.0 5857.0
257.0 2062.0
2932.0 8621.0
5170.0 326.0
1188.0 5328.0
4300.0 5379.0
2776.0 9421.0
3469.0 499.0
6563.0 4927.0
1778.0 7039.0
6295.0 2373.0
7261.0 7105.0
7237.0 1836.0
9282.0 3328.0
9391.0 8686.0
7992.0 2662.0
8905.0 258.0
3699.0 3584.0
1761.0 4085.0
1531.0 8647.0
6361.0 862.0
9218.0 6775.0
4087.0 7802.0
8333.0 2226.0
9467.0 573.0
1897.0 9646.0
4010.0 4423.0
3629.0 7099.0
374.0 7729.0
6756.0 1508.0
5886.0 3577.0
2681.0 3440.0
7081.0 7569.0
2414.0 588.0
9344.0 2499.0
6058.0 1940.0
8238.0 3090.0
8269.0 6996.0
1637.0 6420.0
9961.0 6957.0
4268.0 6244.0
9205.0 7316.0
8752.0 1824.0
6574.0 3753.0
9757.0 4495.0
2857.0 5752.0
349.0 7554.0
9465.0 4849.0
2156.0 7719.0
4387.0 6925.0
3454.0 8756.0
9030.0 473.0
1747.0 467.0
3832.0 5230.0
9973.0 8702.0
2959.0 8111.0
7921.0 4563.0
968.0 5828.0
2965.0 3439.0
6762.0 6155.0
6726.0 7071.0
2718.0 2207.0
6729.0 4296.0
9312.0 6666.0
4716.0 8607.0
8106.0 5382.0
5655.0 3255.0
8449.0 2226.0
4089.0 6991.0
5742.0 9660.0
6899.0 6159.0
1606.0 1891.0
4105.0 1275.0
8845.0 38.0
1799.0 8777.0
6488.0 1253.0
3798.0 1097.0
2826.0 6169.0
1137.0 720.0
6769.0 1607.0
989.0 6404.0
367.0 7969.0
9135.0 2210.0
7857.0 3201.0
2557.0 2519.0
9090.0 7782.0
1279.0 8696.0
7676.0 7606.0
1042.0 5563.0
6725.0 4198.0
920.0 8335.0
7493.0 4183.0
2493.0 3222.0
8837.0 2414.0
9651.0 7300.0
7783.0 5648.0
643.0 5874.0
4091.0 6244.0
6493.0 7963.0
4147.0 7734.0
2344.0 3071.0
2050.0 6717.0
863.0 4927.0
8241.0 7976.0
9307.0 347.0
8513.0 2254.0
4325.0 3884.0
8772.0 8566.0
1133.0 1415.0
3390.0 5486.0
6133.0 8364.0
7511.0 8332.0
4615.0 683.0
6135.0 1632.0
7577.0 9302.0
5373.0 8816.0
4354.0 1149.0
3685.0 3521.0
85.0 2478.0
3494.0 9450.0
9645.0 2615.0
5966.0 8176.0
2156.0 8797.0
4390.0 6827.0
2657.0 5289.0
3927.0 32.0
48.0 2420.0
8134.0 3086.0
2908.0 3713.0
5107.0 5721.0
7277.0 1761.0
8564.0 8390.0
3023.0 6047.0
1759.0 5503.0
7882.0 8317.0
4553.0 2511.0
778.0 3719.0
6497.0 6258.0
8510.0 8355.0
1299.0 513.0
2444.0 6399.0
486.0 1098.0
4263.0 2466.0
6660.0 7532.0
2415.0 7365.0
9171.0 585.0
3348.0 7946.0
7540.0 7676.0
4117.0 4164.0
549.0 532.0
5507.0 9045.0
1279.0 1997.0
7215.0 9694.0
982.0 1431.0
9251.0 61.0
7134.0 596.0
6112.0 8570.0
3534.0 4458.0
2867.0 6295.0
2755.0 3803.0
4726.0 3886.0
3866.0 9097.0
4217.0 7837.0
716.0 7479.0
2562.0 9321.0
8659.0 7352.0
4341.0 1228.0
87.0 7408.0
7081.0 1576.0
1575.0 9584.0
9826.0 3956.0
8048.0 7792.0
7337.0 8187.0
1769.0 6907.0
8983.0 6818.0
6535.0 8845.0
3936.0 5678.0
9922.0 5234.0
6803.0 9109.0
8922.0 8505.0
240.0 3061.0
6833.0 5897.0
3704.0 1697.0
1752.0 3223.0
9902.0 5705.0
9527.0 7865.0
3073.0 2926.0
6505.0 2871.0
5670.0 4536.0
9932.0 6587.0
2583.0 2366.0
6393.0 4743.0
4471.0 5599.0
1063.0 4403.0
4318.0 7437.0
3216.0 1666.0
3814.0 4975.0
5766.0 7595.0
8669.0 7871.0
9236.0 9205.0
4449.0 4042.0
2995.0 5009.0
7035.0 3015.0
9102.0 6968.0
4333.0 92.0
6629.0 3295.0
8295.0 7014.0
6805.0 9022.0
8888.0 7290.0
1825.0 3734.0
4091.0 6817.0
2691.0 8400.0
2533.0 3007.0
3918.0 5691.0
7877.0 8051.0
5486.0 722.0
6523.0 4484.0
4847.0 1634.0
2778.0 3741.0
4382.0 1901.0
8056.0 844.0
2128.0 8801.0
3222.0 884.0
6145.0 4966.0
5693.0 5480.0
5371.0 2414.0
5373.0 9867.0
2292.0 980.0
6051.0 3774.0
5329.0 5550.0
1341.0 1757.0
1254.0 9054.0
6783.0 1170.0
486.0 564.0
2192.0 8409.0
642.0 474.0
866.0 6608.0
6184.0 7149.0
4747.0 460.0
4499.0 1931.0
7149.0 6301.0
1294.0 1982.0
7152.0 8153.0
621.0 2823.0
2226.0 2865.0
7421.0 4978.0
8267.0 21.0
2907.0 1705.0
8556.0 4801.0
5656.0 7134.0
5816.0 4416.0
3751.0 6804.0
3913.0 1334.0
5846.0 4980.0
8347.0 8903.0
1469.0 5653.0
7100.0 7597.0
3439.0 6654.0
5964.0 2488.0
7764.0 8815.0
4953.0 5164.0
8823.0 4533.0
4862.0 5708.0
243.0 2724.0
5646.0 2943.0
4255.0 9510.0
641.0 3574.0
4959.0 6616.0
3283.0 3418.0
3277.0 1844.0
5416.0 6363.0
3994.0 8562.0
8766.0 9239.0
7712.0 3621.0
3712.0 3255.0
3086.0 5606.0
1956.0 5162.0
7180.0 7829.0
2153.0 3830.0
4297.0 3006.0
151.0 353.0
6151.0 9001.0
7928.0 2416.0
8708.0 7569.0
7805.0 6024.0
3553.0 503.0
1064.0 290.0
4162.0 100.0
2569.0 3443.0
9894.0 3383.0
5470.0 714.0
3061.0 1941.0
2623.0 7271.0
6956.0 1857.0
3789.0 1852.0
5159.0 610.0
271.0 9277.0
4990.0 365.0
1018.0 2507.0
445.0 9563.0
6857.0 7383.0
2485.0 7250.0
1934.0 5744.0
7024.0 7026.0
3942.0 5067.0
3452.0 39.0
7298.0 5318.0
9069.0 8953.0
5789.0 6125.0
7263.0 7295.0
3860.0 8.0
9787.0 1075.0
8124.0 9775.0
6011.0 2123.0
3143.0 765.0
4439.0 5053.0
8201.0 1117.0
4432.0 2232.0
4015.0 5710.0
8392.0 3731.0
1142.0 1944.0
7349.0 1610.0
4056.0 8020.0
5218.0 493.0
7575.0 6907.0
9656.0 8823.0
4713.0 1620.0
9815.0 7723.0
7552.0 22.0
3855.0 6882.0
5248.0 9758.0
1594.0 9357.0
5767.0 6543.0
109.0 9738.0
460.0 1421.0
2675.0 2550.0
3057.0 5179.0
3858.0 359.0
7215.0 595.0
6152.0 3435.0
9191.0 5649.0
5966.0 5429.0
4754.0 3396.0
9368.0 1983.0
1950.0 6629.0
384.0 1629.0
3786.0 8036.0
7247.0 980.0
7494.0 8994.0
4403.0 8533.0
9390.0 2645.0
670.0 4079.0
7029.0 9462.0
6386.0 3088.0
2677.0 5938.0
4867.0 7981.0
4745.0 9561.0
6088.0 731.0
6269.0 5757.0
2873.0 3694.0
2054.0 4954.0
2492.0 8063.0
8549.0 431.0
9004.0 1911.0
3116.0 122.0
4180.0 2160.0
1709.0 8023.0
7389.0 7482.0
6654.0 3393.0
7261.0 1460.0
8574.0 8393.0
521.0 7990.0
9058.0 7321.0
5816.0 3277.0
3237.0 3136.0
2876.0 1420.0
3776.0 9411.0
9910.0 2891.0
470.0 8372.0
4531.0 7945.0
1993.0 8221.0
6108.0 9259.0
8916.0 5373.0
9860.0 803.0
9605.0 9786.0
5568.0 2312.0
3086.0 4054.0
6250.0 1274.0
5480.0 9406.0
4641.0 6873.0
9135.0 4305.0
7851.0 2769.0
6003.0 3786.0
3023.0 8153.0
9432.0 193.0
9378.0 9000.0
914.0 8528.0
4459.0 3874.0
924.0 1992.0
4955.0 1288.0
5438.0 5975.0
4956.0 7962.0
2259.0 1079.0
6971.0 9928.0
3697.0 8397.0
3569.0 880.0
4755.0 2677.0
9.0 4694.0
8417.0 1546.0
691.0 1527.0
2098.0 1460.0
4794.0 9414.0
1920.0 3544.0
8926.0 5764.0
3860.0 4985.0
7185.0 5680.0
3410.0 4138.0
1443.0 6523.0
7817.0 9.0
7205.0 623.0
7545.0 9294.0
2932.0 536.0
6023.0 6623.0
3117.0 3817.0
9298.0 6157.0
8050.0 6643.0
9697.0 5264.0
5524.0 8277.0
97.0 3343.0
2432.0 725.0
7894.0 1567.0
6524.0 553.0
286.0 1604.0
1232.0 2224.0
4964.0 4073.0
8891.0 4929.0
2828.0 9826.0
205.0 7268.0
1796.0 9778.0
313.0 6732.0
3347.0 1393.0
4324.0 3396.0
5862.0 2549.0
7643.0 9721.0
1413.0 5889.0
8953.0 892.0
5034.0 9380.0
6216.0 2605.0
8151.0 1172.0
8528.0 5708.0
205.0 9505.0
9185.0 9634.0
5122.0 765.0
7809.0 9001.0
1693.0 1365.0
1902.0 327.0
9493.0 1647.0
651.0 8262.0
4430.0 2417.0
6350.0 3257.0
511.0 7342.0
1319.0 5056.0
6952.0 6799.0
594.0 8981.0
2233.0 1407.0
3347.0 4355.0
9161.0 5855.0
8282.0 7042.0
7592.0 6236.0
935.0 470.0
3890.0 6501.0
3191.0 2082.0
8712.0 2243.0
7875.0 4605.0
7253.0 2445.0
3792.0 4067.0
8528.0 2371.0
9024.0 8980.0
2788.0 3256.0
2883.0 7589.0
8701.0 6970.0
9327.0 2592.0
4370.0 6301.0
7233.0 5293.0
8805.0 4034.0
5350.0 3540.0
2944.0 6505.0
2280.0 403.0
1823.0 9756.0
4379.0 2991.0
2017.0 8990.0
6868.0 3328.0
917.0 4469.0
6060.0 5704.0
6968.0 9542.0
3021.0 7398.0
2489.0 8930.0
1543.0 2204.0
3115.0 7960.0
5745.0 8681.0
542.0 5934.0
5202.0 7510.0
7602.0 9218.0
7895.0 4912.0
7321.0 2316.0
3888.0 1501.0
48.0 7510.0
5055.0 8523.0
5239.0 6273.0
8700.0 5864.0
7013.0 8127.0
5467.0 8767.0
5098.0 5055.0
