1
1024 1 3.0 0.0 1000.0 3 160 240 100

6.5 13.5 29.3 58.5
13.0 27.0 58.5 117.0
19.5 40.5 87.8 175.5
26.0 54.0 117.0 234.0
39.0 81.0 175.5 351.0
52.0 108.0 234.0 468.0
58.5 121.5 263.3 526.5
65.0 135.0 292.5 585.0
78.0 162.0 351.0 702.0
0.0 180.0 390.0 780.0

2.0 5.0 8.0 11.0
5.0 8.0 11.0 14.0
9.0 12.0 15.0 18.0
11.0 14.0 17.0 20.0
15.0 18.0 21.0 24.0
18.0 21.0 24.0 27.0
20.0 23.0 26.0 29.0
25.0 28.0 31.0 34.0
29.0 32.0 35.0 38.0
0.0 34.0 37.0 40.0

6918.0 5265.0
4825.0 3276.0
3679.0 1309.0
3771.0 8753.0
9946.0 117.0
9791.0 1705.0
5707.0 1441.0
9168.0 5827.0
2562.0 2285.0
3820.0 4803.0
1730.0 5675.0
5290.0 6426.0
8782.0 6534.0
5303.0 9446.0
5443.0 1558.0
4521.0 1333.0
1311.0 2524.0
3576.0 7604.0
860.0 4926.0
2995.0 5880.0
3558.0 6374.0
1109.0 343.0
7473.0 1646.0
1555.0 4747.0
9197.0 3829.0
4474.0 4664.0
5459.0 3452.0
7993.0 2106.0
4263.0 21.0
9113.0 8208.0
5918.0 2888.0
5586.0 2121.0
6791.0 840.0
2892.0 6796.0
1159.0 2353.0
2917.0 4797.0
8989.0 900.0
3436.0 9838.0
16.0 2243.0
9987.0 2181.0
6954.0 3114.0
4267.0 8580.0
3208.0 3202.0
5614.0 9918.0
2924.0 4863.0
4718.0 2212.0
3739.0 7464.0
1122.0 9152.0
5075.0 5771.0
8646.0 6820.0
7335.0 4306.0
5320.0 3783.0
9848.0 2077.0
6928.0 2193.0
7917.0 4599.0
5772.0 8077.0
1822.0 2619.0
8748.0 1483.0
3122.0 9461.0
1347.0 9624.0
6124.0 1404.0
6672.0 8715.0
4852.0 8008.0
1073.0 2645.0
8380.0 1795.0
515.0 9150.0
9872.0 9215.0
4263.0 6662.0
7197.0 7289.0
4994.0 7493.0
5440.0 2868.0
6944.0 5507.0
4197.0 3900.0
6172.0 8964.0
4978.0 4628.0
9569.0 1685.0
6581.0 9144.0
1689.0 8209.0
8788.0 187.0
1019.0 1100.0
7232.0 2627.0
9785.0 1074.0
4793.0 3531.0
3891.0 3113.0
7362.0 3231.0
2107.0 4218.0
4335.0 4308.0
6081.0 972.0
6693.0 7904.0
5312.0 7587.0
7998.0 9285.0
3651.0 7576.0
6183.0 7051.0
6456.0 4738.0
6473.0 2924.0
9989.0 1602.0
8284.0 1525.0
7167.0 6010.0
1470.0 2042.0
6255.0 8982.0
9746.0 6223.0
1616.0 9552.0
1660.0 9587.0
8115.0 4723.0
1952.0 5283.0
3271.0 5201.0
8656.0 2505.0
3771.0 92.0
3800.0 3875.0
5441.0 6206.0
8044.0 8715.0
8271.0 142.0
2124.0 1608.0
610.0 3815.0
438.0 8184.0
9115.0 6593.0
4641.0 2523.0
3564.0 9702.0
7584.0 3103.0
8144.0 1067.0
458.0 6700.0
3295.0 1252.0
8501.0 2162.0
4727.0 3668.0
3100.0 8459.0
8709.0 4698.0
662.0 3934.0
5226.0 1923.0
1086.0 6165.0
3113.0 1103.0
1207.0 4351.0
3759.0 5068.0
1042.0 8636.0
2493.0 204.0
3208.0 3289.0
9246.0 8682.0
8354.0 3149.0
2587.0 7097.0
1960.0 5252.0
3750.0 4685.0
357.0 51.0
9735.0 6781.0
6318.0 9154.0
7101.0 1676.0
7069.0 8972.0
533.0 1550.0
75.0 2213.0
2813.0 627.0
4456.0 1632.0
5262.0 6238.0
8372.0 2933.0
288.0 929.0
5245.0 6263.0
116.0 6312.0
4153.0 8196.0
8314.0 1787.0
2266.0 8619.0
3215.0 3826.0
9655.0 9454.0
4839.0 3971.0
9343.0 4598.0
9406.0 6213.0
7941.0 3025.0
8054.0 6915.0
4719.0 9454.0
8857.0 2941.0
9471.0 9484.0
3746.0 6166.0
2019.0 8628.0
4435.0 5012.0
8709.0 7159.0
3952.0 6191.0
3754.0 5161.0
2878.0 2316.0
5772.0 4732.0
1897.0 3530.0
2366.0 8722.0
4753.0 3840.0
8115.0 7939.0
8223.0 5301.0
3805.0 1233.0
8204.0 5721.0
7265.0 5367.0
3508.0 8058.0
8657.0 4095.0
1487.0 2155.0
5576.0 8360.0
2066.0 2002.0
5797.0 2018.0
9300.0 4160.0
8041.0 20.0
2051.0 5540.0
3593.0 8447.0
7894.0 1182.0
4134.0 8319.0
6838.0 5200.0
3640.0 7599.0
3981.0 566.0
4690.0 8298.0
2692.0 5891.0
2043.0 8094.0
2422.0 9863.0
8831.0 8384.0
7741.0 6521.0
3225.0 3186.0
7715.0 7003.0
5921.0 5794.0
7216.0 5965.0
1291.0 2606.0
4262.0 3306.0
7571.0 6050.0
2.0 4381.0
3915.0 995.0
432.0 4358.0
4678.0 1593.0
1461.0 4883.0
3779.0 7943.0
1408.0 3728.0
4497.0 4497.0
7555.0 562.0
2541.0 4633.0
5829.0 4542.0
2764.0 8287.0
5251.0 1856.0
2351.0 2083.0
1214.0 3907.0
5851.0 3854.0
4222.0 9281.0
9897.0 5987.0
3179.0 5186.0
7959.0 4481.0
4827.0 6502.0
7997.0 3164.0
3445.0 3126.0
8352.0 4956.0
7395.0 8764.0
9730.0 4604.0
1633.0 6837.0
3635.0 9803.0
7779.0 1671.0
99.0 116.0
5843.0 5622.0
60.0 5603.0
4217.0 5317.0
241.0 9579.0
7032.0 2658.0
882.0 2417.0
474.0 8768.0
9172.0 5795.0
2174.0 1532.0
3746.0 9321.0
267.0 9900.0
8073.0 3939.0
1211.0 623.0
3120.0 9029.0
7993.0 5577.0
2111.0 2618.0
2793.0 341.0
2761.0 6624.0
734.0 7198.0
4807.0 1526.0
3806.0 8215.0
3223.0 7397.0
6560.0 6578.0
9934.0 701.0
7693.0 6830.0
9406.0 8771.0
4109.0 7193.0
5959.0 6384.0
6559.0 9623.0
3138.0 1344.0
8473.0 5772.0
8024.0 8486.0
2069.0 9521.0
5802.0 4024.0
8357.0 9238.0
2467.0 4643.0
129.0 5440.0
6001.0 8265.0
9538.0 2006.0
8878.0 5886.0
4368.0 1627.0
7257.0 6412.0
9605.0 8628.0
4696.0 8904.0
3394.0 4860.0
758.0 9138.0
8997.0 6792.0
7347.0 9912.0
6850.0 4496.0
8135.0 6990.0
3320.0 5671.0
8921.0 5121.0
5258.0 374.0
9285.0 1032.0
1963.0 4628.0
8382.0 2810.0
8645.0 3563.0
228.0 7595.0
7994.0 7263.0
6328.0 1992.0
8964.0 4970.0
6006.0 2119.0
4352.0 5824.0
7278.0 2697.0
1305.0 6793.0
3622.0 7110.0
1323.0 958.0
4506.0 2838.0
8890.0 1827.0
13.0 9183.0
310.0 1823.0
2415.0 6695.0
6864.0 5628.0
68.0 222.0
8888.0 1543.0
1442.0 9989.0
9866.0 6516.0
9682.0 7628.0
2150.0 3022.0
510.0 6565.0
8397.0 8440.0
8850.0 8681.0
5340.0 105.0
2014.0 1670.0
8974.0 1692.0
9798.0 3992.0
2779.0 9094.0
4351.0 6842.0
3071.0 6470.0
5157.0 5063.0
8078.0 5610.0
6985.0 1387.0
9856.0 4296.0
1169.0 951.0
636.0 1813.0
3050.0 5472.0
7706.0 2282.0
946.0 9025.0
3434.0 8971.0
4499.0 9808.0
9523.0 5252.0
2748.0 4834.0
7115.0 375.0
4782.0 6943.0
6829.0 709.0
8319.0 6068.0
5351.0 9620.0
4072.0 9150.0
7659.0 1661.0
6249.0 5630.0
6504.0 9219.0
2029.0 7923.0
3234.0 2295.0
5385.0 8798.0
6569.0 4583.0
3092.0 65.0
8430.0 1501.0
3271.0 9499.0
8414.0 8348.0
9328.0 5392.0
1033.0 9250.0
4635.0 679.0
2302.0 51.0
5804.0 1022.0
4786.0 824.0
4912.0 3779.0
2709.0 6158.0
3511.0 7279.0
1220.0 3893.0
3806.0 2303.0
6423.0 5450.0
4814.0 193.0
5276.0 3451.0
3891.0 4501.0
6941.0 4752.0
6453.0 5598.0
9720.0 9597.0
9254.0 142.0
145.0 18.0
5076.0 9839.0
3344.0 3172.0
9169.0 6394.0
6278.0 7767.0
312.0 2076.0
7953.0 4243.0
1822.0 7808.0
3201.0 1872.0
388.0 3192.0
9145.0 8444.0
3063.0 5396.0
5939.0 696.0
5277.0 6298.0
5883.0 6162.0
5208.0 9818.0
7526.0 9585.0
2389.0 3844.0
3847.0 9583.0
870.0 3665.0
6124.0 3709.0
9808.0 6331.0
7583.0 2582.0
6836.0 7849.0
3443.0 6255.0
2051.0 7626.0
6438.0 8468.0
2981.0 7088.0
9444.0 6974.0
3384.0 1869.0
9285.0 579.0
1222.0 9499.0
8337.0 6077.0
3669.0 6998.0
3033.0 733.0
9507.0 5290.0
857.0 8484.0
1747.0 9859.0
9937.0 522.0
5848.0 9550.0
7843.0 3420.0
1365.0 7931.0
8681.0 467.0
7392.0 4146.0
95.0 4374.0
4642.0 2642.0
4265.0 2019.0
9527.0 3720.0
9525.0 4394.0
8072.0 9294.0
1672.0 7411.0
35.0 787.0
6598.0 1746.0
6066.0 8584.0
8326.0 2367.0
3274.0 4933.0
9058.0 922.0
7034.0 4734.0
342.0 6655.0
9409.0 1115.0
6946.0 3993.0
7009.0 5212.0
7561.0 7498.0
3674.0 2069.0
8909.0 7319.0
5800.0 7067.0
2380.0 833.0
679.0 9807.0
4791.0 8615.0
699.0 4851.0
7361.0 5425.0
8752.0 1230.0
9520.0 9357.0
2713.0 5157.0
6639.0 4825.0
9323.0 2829.0
3284.0 7549.0
347.0 2753.0
6114.0 2192.0
6344.0 9499.0
2989.0 5839.0
5913.0 3308.0
7434.0 2951.0
750.0 2445.0
15.0 9985.0
9391.0 7738.0
766.0 319.0
4961.0 1197.0
9252.0 2674.0
4821.0 3139.0
1357.0 8668.0
2419.0 4724.0
4435.0 7692.0
4238.0 5326.0
4881.0 9751.0
7164.0 6646.0
4761.0 9447.0
4142.0 7977.0
6580.0 6769.0
8457.0 9553.0
7796.0 2840.0
9511.0 3372.0
9190.0 1302.0
5429.0 3425.0
3673.0 8493.0
353.0 9739.0
4660.0 8079.0
6781.0 3147.0
5579.0 8320.0
5792.0 200.0
4653.0 2608.0
516.0 135.0
1526.0 6465.0
700.0 8315.0
4848.0 6653.0
8715.0 3055.0
2423.0 569.0
9865.0 5238.0
8016.0 6568.0
2344.0 2653.0
1422.0 8411.0
4693.0 3456.0
898.0 9473.0
1111.0 5674.0
9563.0 4888.0
7462.0 2154.0
9864.0 2295.0
3352.0 2896.0
2708.0 4346.0
8098.0 9157.0
367.0 8645.0
964.0 6255.0
4756.0 3271.0
8506.0 4491.0
5180.0 8562.0
4373.0 80.0
2159.0 8321.0
9430.0 539.0
6427.0 6097.0
2539.0 1418.0
4715.0 4720.0
4856.0 3798.0
6401.0 9751.0
3004.0 4477.0
7659.0 9997.0
8952.0 3240.0
2171.0 774.0
6979.0 4155.0
40.0 8075.0
550.0 272.0
8977.0 4298.0
4470.0 3679.0
4384.0 8718.0
164.0 5297.0
7417.0 8340.0
4436.0 1344.0
2651.0 7327.0
4550.0 5883.0
9423.0 5641.0
4998.0 1354.0
3480.0 83.0
3800.0 1526.0
8018.0 3370.0
8680.0 3760.0
5719.0 9448.0
5985.0 17.0
5878.0 5668.0
7687.0 8508.0
3248.0 5016.0
4323.0 414.0
7666.0 4051.0
4226.0 8581.0
6095.0 4711.0
1898.0 7609.0
1165.0 662.0
870.0 7245.0
2826.0 1343.0
8914.0 3501.0
2199.0 9376.0
5948.0 4399.0
9246.0 9511.0
7486.0 9773.0
8342.0 9753.0
8991.0 7024.0
8367.0 7859.0
8973.0 7263.0
6411.0 8846.0
1200.0 8733.0
6684.0 1687.0
8848.0 6944.0
8760.0 5860.0
5970.0 3423.0
1725.0 905.0
4109.0 7499.0
3352.0 4661.0
4436.0 8032.0
5898.0 8347.0
8227.0 4506.0
2624.0 9140.0
1073.0 9394.0
1631.0 3434.0
8635.0 6215.0
6141.0 6423.0
4326.0 193.0
2787.0 6187.0
1754.0 933.0
2043.0 2938.0
7282.0 9027.0
7383.0 6592.0
561.0 1009.0
2271.0 8331.0
3380.0 9564.0
6589.0 4317.0
9692.0 8418.0
6593.0 2231.0
2163.0 3808.0
5019.0 3783.0
3090.0 6954.0
413.0 8875.0
63.0 4457.0
7314.0 9579.0
9184.0 6013.0
1370.0 4575.0
1234.0 1376.0
6005.0 7242.0
8613.0 987.0
9726.0 3041.0
3416.0 7157.0
5677.0 4373.0
9490.0 5257.0
7545.0 3556.0
3839.0 6790.0
8412.0 7113.0
5200.0 8788.0
1659.0 7001.0
174.0 6433.0
5527.0 6975.0
9739.0 8320.0
5425.0 4733.0
1511.0 6281.0
600.0 3015.0
5595.0 4170.0
4266.0 5313.0
4387.0 2544.0
8782.0 4365.0
9166.0 8629.0
8.0 4088.0
8844.0 3516.0
7402.0 8116.0
8713.0 962.0
9002.0 619.0
9537.0 4754.0
2858.0 7545.0
9861.0 4009.0
9037.0 8971.0
6865.0 8356.0
8800.0 5707.0
3630.0 7391.0
39.0 5841.0
3159.0 1338.0
599.0 9363.0
2011.0 2313.0
3562.0 1550.0
8896.0 8118.0
1110.0 8272.0
6080.0 2971.0
6067.0 8879.0
3959.0 2094.0
2715.0 4832.0
1647.0 9561.0
991.0 4757.0
8931.0 1333.0
665.0 9063.0
7449.0 7886.0
4603.0 9807.0
1433.0 3351.0
2706.0 3958.0
882.0 571.0
650.0 735.0
2499.0 4005.0
9994.0 6170.0
6267.0 4873.0
8795.0 574.0
7988.0 5478.0
4300.0 7059.0
661.0 2097.0
1839.0 1784.0
37.0 8373.0
6504.0 9092.0
2204.0 3610.0
6733.0 7196.0
3557.0 2898.0
1380.0 2586.0
6004.0 8462.0
4387.0 3812.0
2758.0 4168.0
3663.0 7813.0
2565.0 7599.0
3253.0 4456.0
2724.0 6594.0
418.0 7447.0
3749.0 9692.0
1713.0 2278.0
1019.0 2378.0
4681.0 4372.0
1281.0 3550.0
4243.0 3103.0
4338.0 9118.0
5406.0 9831.0
2794.0 2153.0
6377.0 642.0
5192.0 1500.0
8690.0 6936.0
407.0 3268.0
3451.0 9545.0
3635.0 2105.0
5290.0 4525.0
6847.0 1684.0
8141.0 1311.0
9031.0 6307.0
9430.0 6371.0
4111.0 8036.0
1790.0 8049.0
6856.0 6279.0
3896.0 743.0
9664.0 9234.0
4522.0 9089.0
5544.0 9102.0
6424.0 5317.0
5174.0 5499.0
9147.0 5441.0
8366.0 3965.0
2368.0 2442.0
2796.0 8992.0
3854.0 7118.0
5358.0 3482.0
8666.0 9756.0
3982.0 9052.0
8690.0 8296.0
275.0 4097.0
4094.0 1149.0
5836.0 9028.0
837.0 5333.0
7594.0 597.0
801.0 3088.0
16.0 9721.0
3669.0 2641.0
4553.0 9728.0
2143.0 1281.0
9157.0 4423.0
4602.0 1404.0
3230.0 7907.0
1803.0 2702.0
5853.0 553.0
6731.0 6152.0
7655.0 8042.0
9193.0 7966.0
9160.0 2905.0
9261.0 4184.0
974.0 446.0
6160.0 9049.0
3655.0 3492.0
1719.0 2847.0
7635.0 2862.0
9964.0 7369.0
6018.0 2986.0
6966.0 9659.0
5632.0 4578.0
7557.0 7212.0
4167.0 8773.0
7985.0 290.0
3768.0 9658.0
6147.0 9512.0
3919.0 4594.0
3469.0 9392.0
8977.0 4258.0
5053.0 981.0
8206.0 6802.0
7191.0 9281.0
8668.0 3060.0
3842.0 3594.0
3811.0 2209.0
6171.0 1471.0
3119.0 9794.0
1767.0 9423.0
661.0 2541.0
2620.0 6059.0
2907.0 6868.0
3482.0 5819.0
8646.0 496.0
4687.0 3959.0
6373.0 9101.0
6057.0 5956.0
6983.0 2395.0
981.0 6996.0
2134.0 6556.0
2270.0 9713.0
1122.0 2443.0
3896.0 838.0
1628.0 1470.0
5203.0 9920.0
2182.0 3591.0
6714.0 5795.0
6698.0 4291.0
9110.0 8948.0
3933.0 9994.0
9502.0 456.0
7218.0 3818.0
1588.0 652.0
2317.0 6073.0
8799.0 3188.0
3759.0 6434.0
2033.0 2666.0
2505.0 7183.0
6088.0 6479.0
289.0 9453.0
1381.0 4052.0
8495.0 6876.0
63.0 9134.0
1916.0 3555.0
8139.0 3298.0
248.0 5770.0
7676.0 1331.0
2670.0 9334.0
5714.0 1664.0
3363.0 7017.0
8984.0 7513.0
8321.0 2941.0
6019.0 6889.0
6294.0 3375.0
778.0 2148.0
9240.0 5829.0
4372.0 2241.0
101.0 878.0
4000.0 3327.0
8297.0 3606.0
691.0 5920.0
5745.0 4113.0
9957.0 9222.0
8798.0 8976.0
1966.0 5819.0
3918.0 8091.0
315.0 2394.0
7462.0 3800.0
1032.0 4627.0
2415.0 1729.0
5885.0 6948.0
7434.0 5242.0
6620.0 292.0
6044.0 7924.0
9204.0 3547.0
6345.0 1023.0
9707.0 6829.0
4076.0 5235.0
5895.0 7272.0
4397.0 8781.0
1150.0 484.0
228.0 6163.0
9823.0 3334.0
7505.0 4526.0
5605.0 6245.0
199.0 7037.0
7039.0 5640.0
461.0 5198.0
6748.0 9715.0
1728.0 4497.0
3511.0 3209.0
5151.0 330.0
8767.0 9319.0
2203.0 3581.0
1647.0 9441.0
8800.0 7806.0
9161.0 3882.0
8806.0 2408.0
603.0 9234.0
7262.0 8730.0
7816.0 542.0
6194.0 8477.0
5384.0 8958.0
8351.0 6386.0
7375.0 8026.0
6725.0 1549.0
9730.0 4275.0
204.0 4308.0
9895.0 272.0
8214.0 8143.0
7800.0 814.0
9689.0 8447.0
4795.0 5405.0
4239.0 2631.0
9631.0 2698.0
5850.0 8441.0
3093.0 5061.0
1979.0 9932.0
5396.0 3920.0
3392.0 2986.0
2928.0 9067.0
2592.0 4810.0
3454.0 7571.0
1201.0 4310.0
1379.0 472.0
9131.0 2772.0
7175.0 7921.0
911.0 6747.0
7563.0 5923.0
7006.0 7569.0
5569.0 353.0
501.0 4412.0
2033.0 6405.0
1975.0 299.0
2697.0 4143.0
7940.0 2981.0
7454.0 3317.0
682.0 5106.0
870.0 3099.0
9861.0 569.0
5577.0 4917.0
8727.0 6490.0
2641.0 9043.0
286.0 2708.0
5500.0 8101.0
1287.0 3213.0
6584.0 3154.0
4375.0 6436.0
8210.0 546.0
1258.0 3803.0
1860.0 153.0
2234.0 8473.0
2430.0 8203.0
9954.0 8668.0
6576.0 349.0
7740.0 2514.0
6735.0 3133.0
5334.0 3805.0
4933.0 4528.0
7422.0 608.0
2980.0 6706.0
2774.0 1114.0
8157.0 6701.0
4374.0 3656.0
5993.0 3142.0
3369.0 311.0
4229.0 9697.0
2205.0 5992.0
4579.0 8413.0
4789.0 7446.0
1391.0 8610.0
4037.0 9080.0
8795.0 9486.0
9659.0 5018.0
457.0 7103.0
1529.0 9308.0
8528.0 8925.0
6489.0 8697.0
899.0 1553.0
8951.0 4879.0
8353.0 9844.0
8133.0 5640.0
5728.0 8058.0
7293.0 6808.0
3682.0 6209.0
2801.0 9420.0
167.0 7286.0
3414.0 9026.0
3210.0 3491.0
2594.0 6542.0
9108.0 2185.0
9227.0 2569.0
2633.0 4674.0
4591.0 9575.0
8356.0 3536.0
5927.0 8888.0
4676.0 6613.0
9465.0 1875.0
4675.0 8366.0
8255.0 7250.0
390.0 1741.0
2650.0 8914.0
9604.0 6204.0
3805.0 1238.0
6755.0 132.0
3031.0 1211.0
2078.0 8194.0
2365.0 9360.0
5561.0 6914.0
4192.0 3862.0
4832.0 4058.0
301.0 4757.0
8580.0 29.0
3185.0 7677.0
9592.0 1912.0
4979.0 9010.0
4034.0 3355.0
1851.0 6907.0
6058.0 5932.0
4225.0 5051.0
9342.0 166.0
5672.0 8591.0
9674.0 6868.0
5825.0 4176.0
5163.0 1956.0
5169.0 8482.0
3193.0 421.0
2062.0 2157.0
5724.0 7607.0
4832.0 8596.0
7021.0 8458.0
4299.0 9459.0
442.0 7910.0
4594.0 1349.0
3358.0 8085.0
2591.0 556.0
1830.0 442.0
8843.0 5296.0
9126.0 3573.0
5343.0 7346.0
4694.0 9784.0
7973.0 7484.0
2684.0 6135.0
4004.0 1677.0
1620.0 8106.0
7471.0 7389.0
9334.0 6550.0
7805.0 1964.0
9748.0 1090.0
9548.0 7466.0
618.0 5642.0
3526.0 8913.0
3838.0 4208.0
2307.0 5301.0
2400.0 7615.0
5316.0 5347.0
622.0 4359.0
1448.0 2356.0
6737.0 1227.0
9535.0 5128.0
9447.0 1846.0
9515.0 4324.0
2545.0 3833.0
9654.0 6191.0
4206.0 7713.0
7681.0 8083.0
47.0 3260.0
6178.0 2667.0
1559.0 1431.0

6923.0 5269.0
4831.0 3280.0
3683.0 1314.0
3776.0 8758.0
9951.0 123.0
9796.0 1711.0
5712.0 1445.0
9173.0 5831.0
2568.0 2290.0
3825.0 4808.0
1735.0 5680.0
5295.0 6430.0
8788.0 6539.0
5308.0 9450.0
5448.0 1563.0
4526.0 1338.0
1317.0 2529.0
3581.0 7610.0
865.0 4932.0
3000.0 5886.0
3563.0 6379.0
1115.0 348.0
7479.0 1651.0
1560.0 4752.0
9201.0 3833.0
4478.0 4668.0
5464.0 3456.0
7999.0 2112.0
4267.0 26.0
9118.0 8214.0
5922.0 2893.0
5591.0 2126.0
6796.0 844.0
2896.0 6802.0
1164.0 2358.0
2922.0 4802.0
8995.0 905.0
3440.0 9843.0
22.0 2248.0
9992.0 2186.0
6958.0 3119.0
4272.0 8585.0
3214.0 3208.0
5619.0 9923.0
2929.0 4868.0
4724.0 2217.0
3744.0 7469.0
1128.0 9157.0
5080.0 5775.0
8651.0 6824.0
7340.0 4310.0
5324.0 3788.0
9853.0 2082.0
6933.0 2198.0
7922.0 4603.0
5778.0 8081.0
1827.0 2625.0
8753.0 1488.0
3128.0 9465.0
1352.0 9628.0
6128.0 1410.0
6677.0 8720.0
4858.0 8012.0
1078.0 2649.0
8384.0 1799.0
521.0 9154.0
9878.0 9221.0
4267.0 6666.0
7201.0 7294.0
5000.0 7498.0
5445.0 2872.0
6948.0 5511.0
4202.0 3906.0
6176.0 8970.0
4983.0 4634.0
9575.0 1691.0
6585.0 9150.0
1694.0 8214.0
8794.0 192.0
1024.0 1106.0
7237.0 2631.0
9790.0 1079.0
4799.0 3537.0
3897.0 3119.0
7367.0 3236.0
2111.0 4223.0
4340.0 4312.0
6087.0 978.0
6698.0 7909.0
5316.0 7593.0
8003.0 9289.0
3655.0 7581.0
6189.0 7056.0
6460.0 4742.0
6479.0 2928.0
9993.0 1606.0
8288.0 1530.0
7173.0 6016.0
1476.0 2047.0
6259.0 8986.0
9751.0 6228.0
1621.0 9557.0
1666.0 9592.0
8120.0 4729.0
1957.0 5288.0
3276.0 5206.0
8660.0 2511.0
3775.0 96.0
3805.0 3880.0
5447.0 6212.0
8048.0 8720.0
8275.0 147.0
2129.0 1613.0
616.0 3820.0
444.0 8189.0
9120.0 6598.0
4646.0 2528.0
3569.0 9707.0
7589.0 3108.0
8148.0 1073.0
463.0 6705.0
3300.0 1257.0
8506.0 2167.0
4732.0 3673.0
3105.0 8464.0
8714.0 4703.0
668.0 3938.0
5231.0 1927.0
1091.0 6170.0
3118.0 1108.0
1212.0 4357.0
3764.0 5073.0
1048.0 8641.0
2498.0 209.0
3214.0 3294.0
9251.0 8687.0
8358.0 3153.0
2592.0 7101.0
1965.0 5256.0
3754.0 4691.0
361.0 56.0
9740.0 6785.0
6324.0 9159.0
7106.0 1681.0
7075.0 8976.0
537.0 1555.0
80.0 2219.0
2817.0 631.0
4461.0 1637.0
5267.0 6243.0
8376.0 2937.0
294.0 934.0
5249.0 6268.0
121.0 6318.0
4158.0 8202.0
8320.0 1793.0
2272.0 8624.0
3221.0 3830.0
9660.0 9459.0
4843.0 3975.0
9349.0 4602.0
9411.0 6219.0
7946.0 3031.0
8058.0 6920.0
4723.0 9460.0
8863.0 2946.0
9475.0 9488.0
3751.0 6170.0
2024.0 8633.0
4440.0 5017.0
8714.0 7164.0
3957.0 6197.0
3760.0 5166.0
2882.0 2322.0
5777.0 4738.0
1903.0 3536.0
2371.0 8727.0
4759.0 3844.0
8120.0 7944.0
8229.0 5306.0
3810.0 1238.0
8209.0 5726.0
7270.0 5373.0
3513.0 8064.0
8663.0 4101.0
1491.0 2159.0
5581.0 8364.0
2072.0 2006.0
5802.0 2022.0
9304.0 4166.0
8046.0 25.0
2057.0 5546.0
3597.0 8453.0
7899.0 1187.0
4140.0 8324.0
6844.0 5205.0
3646.0 7605.0
3986.0 571.0
4694.0 8302.0
2698.0 5897.0
2048.0 8099.0
2428.0 9869.0
8836.0 8389.0
7746.0 6527.0
3229.0 3191.0
7720.0 7009.0
5925.0 5799.0
7222.0 5970.0
1296.0 2610.0
4268.0 3311.0
7577.0 6055.0
7.0 4386.0
3920.0 1001.0
437.0 4363.0
4682.0 1598.0
1467.0 4887.0
3783.0 7948.0
1412.0 3734.0
4502.0 4501.0
7560.0 567.0
2547.0 4639.0
5834.0 4548.0
2769.0 8292.0
5256.0 1861.0
2356.0 2088.0
1219.0 3913.0
5856.0 3860.0
4226.0 9286.0
9901.0 5992.0
3184.0 5192.0
7965.0 4485.0
4831.0 6506.0
8002.0 3169.0
3450.0 3132.0
8357.0 4961.0
7401.0 8769.0
9735.0 4609.0
1639.0 6841.0
3639.0 9808.0
7785.0 1677.0
105.0 122.0
5847.0 5627.0
66.0 5607.0
4222.0 5323.0
245.0 9585.0
7037.0 2663.0
886.0 2422.0
480.0 8773.0
9177.0 5799.0
2180.0 1536.0
3751.0 9326.0
271.0 9905.0
8079.0 3943.0
1216.0 628.0
3125.0 9033.0
7998.0 5582.0
2116.0 2622.0
2798.0 345.0
2766.0 6628.0
738.0 7202.0
4811.0 1531.0
3812.0 8221.0
3228.0 7402.0
6566.0 6583.0
9940.0 707.0
7699.0 6835.0
9411.0 8776.0
4115.0 7199.0
5964.0 6390.0
6563.0 9627.0
3142.0 1348.0
8477.0 5778.0
8030.0 8490.0
2074.0 9527.0
5808.0 4028.0
8361.0 9242.0
2473.0 4649.0
133.0 5446.0
6006.0 8271.0
9544.0 2012.0
8884.0 5890.0
4374.0 1632.0
7262.0 6418.0
9610.0 8633.0
4700.0 8909.0
3399.0 4865.0
763.0 9144.0
9003.0 6798.0
7353.0 9918.0
6855.0 4502.0
8141.0 6994.0
3325.0 5676.0
8927.0 5127.0
5262.0 380.0
9290.0 1037.0
1968.0 4633.0
8386.0 2815.0
8649.0 3568.0
233.0 7600.0
7999.0 7269.0
6333.0 1997.0
8969.0 4975.0
6011.0 2124.0
4356.0 5829.0
7283.0 2702.0
1311.0 6798.0
3627.0 7114.0
1328.0 964.0
4511.0 2842.0
8895.0 1832.0
18.0 9187.0
315.0 1828.0
2420.0 6701.0
6870.0 5633.0
74.0 227.0
8892.0 1547.0
1447.0 9994.0
9871.0 6520.0
9686.0 7632.0
2155.0 3027.0
515.0 6571.0
8402.0 8445.0
8854.0 8687.0
5345.0 110.0
2019.0 1675.0
8979.0 1696.0
9802.0 3997.0
2783.0 9099.0
4356.0 6847.0
3076.0 6475.0
5162.0 5068.0
8084.0 5615.0
6989.0 1391.0
9862.0 4300.0
1175.0 957.0
640.0 1818.0
3055.0 5477.0
7711.0 2288.0
951.0 9031.0
3439.0 8977.0
4504.0 9813.0
9528.0 5257.0
2754.0 4839.0
7120.0 381.0
4788.0 6948.0
6833.0 713.0
8323.0 6073.0
5356.0 9625.0
4076.0 9154.0
7664.0 1666.0
6254.0 5635.0
6508.0 9224.0
2034.0 7928.0
3238.0 2299.0
5390.0 8803.0
6574.0 4589.0
3097.0 69.0
8435.0 1507.0
3276.0 9503.0
8419.0 8354.0
9333.0 5396.0
1039.0 9255.0
4640.0 684.0
2307.0 56.0
5808.0 1026.0
4792.0 830.0
4916.0 3785.0
2713.0 6163.0
3517.0 7284.0
1226.0 3899.0
3811.0 2308.0
6429.0 5455.0
4820.0 197.0
5282.0 3457.0
3896.0 4506.0
6946.0 4757.0
6458.0 5603.0
9724.0 9602.0
9260.0 148.0
150.0 22.0
5081.0 9843.0
3350.0 3177.0
9174.0 6400.0
6283.0 7773.0
316.0 2080.0
7959.0 4247.0
1827.0 7814.0
3207.0 1877.0
394.0 3196.0
9151.0 8449.0
3068.0 5401.0
5944.0 702.0
5282.0 6302.0
5887.0 6168.0
5213.0 9822.0
7531.0 9590.0
2394.0 3849.0
3852.0 9589.0
874.0 3671.0
6128.0 3715.0
9814.0 6336.0
7587.0 2588.0
6841.0 7853.0
3448.0 6259.0
2055.0 7631.0
6443.0 8473.0
2986.0 7092.0
9449.0 6979.0
3389.0 1875.0
9290.0 584.0
1228.0 9504.0
8342.0 6083.0
3673.0 7002.0
3039.0 738.0
9513.0 5296.0
862.0 8489.0
1752.0 9863.0
9943.0 527.0
5853.0 9556.0
7847.0 3425.0
1371.0 7936.0
8686.0 472.0
7398.0 4150.0
100.0 4379.0
4648.0 2646.0
4269.0 2025.0
9533.0 3726.0
9530.0 4399.0
8076.0 9299.0
1676.0 7416.0
39.0 792.0
6602.0 1752.0
6070.0 8588.0
8331.0 2371.0
3279.0 4937.0
9064.0 927.0
7039.0 4738.0
347.0 6659.0
9414.0 1120.0
6951.0 3997.0
7015.0 5217.0
7565.0 7504.0
3680.0 2073.0
8915.0 7325.0
5805.0 7072.0
2384.0 837.0
684.0 9811.0
4796.0 8620.0
704.0 4856.0
7366.0 5429.0
8756.0 1235.0
9525.0 9363.0
2718.0 5162.0
6645.0 4830.0
9329.0 2834.0
3289.0 7553.0
352.0 2759.0
6118.0 2197.0
6349.0 9504.0
2994.0 5844.0
5917.0 3312.0
7440.0 2957.0
755.0 2450.0
20.0 9990.0
9396.0 7742.0
771.0 324.0
4967.0 1202.0
9256.0 2680.0
4827.0 3144.0
1362.0 8673.0
2424.0 4730.0
4441.0 7698.0
4242.0 5331.0
4885.0 9756.0
7170.0 6650.0
4766.0 9451.0
4147.0 7982.0
6585.0 6775.0
8463.0 9558.0
7801.0 2846.0
9517.0 3376.0
9195.0 1307.0
5433.0 3430.0
3677.0 8497.0
358.0 9745.0
4665.0 8083.0
6786.0 3152.0
5583.0 8325.0
5797.0 205.0
4658.0 2613.0
520.0 141.0
1530.0 6469.0
705.0 8321.0
4852.0 6659.0
8720.0 3061.0
2428.0 574.0
9870.0 5244.0
8021.0 6573.0
2350.0 2657.0
1427.0 8416.0
4698.0 3460.0
903.0 9477.0
1117.0 5678.0
9568.0 4894.0
7466.0 2158.0
9869.0 2301.0
3357.0 2901.0
2714.0 4352.0
8103.0 9163.0
373.0 8650.0
969.0 6259.0
4760.0 3277.0
8511.0 4495.0
5186.0 8568.0
4377.0 86.0
2163.0 8326.0
9435.0 544.0
6432.0 6103.0
2545.0 1423.0
4720.0 4726.0
4862.0 3802.0
6407.0 9757.0
3009.0 4481.0
7664.0 10002.0
8956.0 3244.0
2176.0 780.0
6985.0 4161.0
45.0 8079.0
554.0 277.0
8981.0 4303.0
4476.0 3684.0
4390.0 8724.0
169.0 5301.0
7421.0 8344.0
4441.0 1349.0
2655.0 7333.0
4554.0 5888.0
9428.0 5646.0
5004.0 1360.0
3485.0 88.0
3806.0 1531.0
8023.0 3375.0
8686.0 3764.0
5724.0 9452.0
5991.0 22.0
5883.0 5672.0
7692.0 8512.0
3254.0 5021.0
4328.0 419.0
7671.0 4056.0
4230.0 8586.0
6100.0 4715.0
1903.0 7615.0
1171.0 666.0
876.0 7250.0
2831.0 1348.0
8918.0 3506.0
2205.0 9382.0
5952.0 4404.0
9252.0 9516.0
7491.0 9777.0
8347.0 9758.0
8996.0 7030.0
8372.0 7865.0
8978.0 7268.0
6416.0 8850.0
1205.0 8738.0
6688.0 1693.0
8853.0 6950.0
8765.0 5865.0
5975.0 3428.0
1730.0 909.0
4113.0 7505.0
3357.0 4667.0
4441.0 8038.0
5903.0 8352.0
8233.0 4511.0
2629.0 9145.0
1077.0 9399.0
1636.0 3440.0
8639.0 6221.0
6145.0 6428.0
4331.0 198.0
2791.0 6192.0
1759.0 938.0
2048.0 2943.0
7286.0 9031.0
7389.0 6597.0
566.0 1014.0
2276.0 8335.0
3384.0 9569.0
6594.0 4322.0
9698.0 8422.0
6598.0 2236.0
2169.0 3813.0
5023.0 3789.0
3096.0 6959.0
417.0 8881.0
67.0 4463.0
7319.0 9585.0
9190.0 6018.0
1374.0 4579.0
1238.0 1380.0
6011.0 7246.0
8618.0 991.0
9730.0 3047.0
3420.0 7161.0
5681.0 4378.0
9495.0 5262.0
7551.0 3561.0
3844.0 6796.0
8417.0 7118.0
5204.0 8794.0
1664.0 7006.0
179.0 6438.0
5532.0 6980.0
9744.0 8325.0
5431.0 4737.0
1516.0 6285.0
604.0 3019.0
5600.0 4174.0
4271.0 5318.0
4392.0 2549.0
8787.0 4370.0
9172.0 8634.0
13.0 4093.0
8848.0 3520.0
7408.0 8122.0
8718.0 967.0
9007.0 625.0
9542.0 4758.0
2863.0 7550.0
9867.0 4014.0
9043.0 8975.0
6870.0 8362.0
8804.0 5712.0
3635.0 7395.0
43.0 5846.0
3165.0 1343.0
604.0 9369.0
2017.0 2319.0
3566.0 1555.0
8901.0 8123.0
1116.0 8277.0
6084.0 2977.0
6072.0 8885.0
3964.0 2100.0
2721.0 4836.0
1652.0 9565.0
997.0 4762.0
8936.0 1339.0
671.0 9068.0
7454.0 7891.0
4608.0 9812.0
1439.0 3356.0
2711.0 3963.0
888.0 577.0
656.0 739.0
2505.0 4009.0
9999.0 6175.0
6271.0 4879.0
8800.0 579.0
7992.0 5482.0
4304.0 7065.0
665.0 2102.0
1843.0 1789.0
43.0 8377.0
6509.0 9097.0
2208.0 3615.0
6738.0 7201.0
3563.0 2904.0
1384.0 2591.0
6009.0 8468.0
4391.0 3817.0
2762.0 4173.0
3668.0 7817.0
2570.0 7604.0
3258.0 4462.0
2730.0 6598.0
422.0 7452.0
3755.0 9697.0
1718.0 2284.0
1024.0 2383.0
4686.0 4377.0
1286.0 3555.0
4248.0 3108.0
4344.0 9123.0
5411.0 9835.0
2798.0 2158.0
6381.0 648.0
5197.0 1506.0
8696.0 6941.0
412.0 3273.0
3457.0 9551.0
3641.0 2109.0
5295.0 4529.0
6852.0 1689.0
8145.0 1315.0
9036.0 6312.0
9435.0 6375.0
4116.0 8041.0
1794.0 8054.0
6862.0 6284.0
3901.0 747.0
9669.0 9239.0
4528.0 9093.0
5549.0 9107.0
6430.0 5322.0
5179.0 5503.0
9152.0 5446.0
8372.0 3971.0
2374.0 2446.0
2801.0 8997.0
3860.0 7122.0
5364.0 3488.0
8671.0 9761.0
3986.0 9056.0
8694.0 8301.0
279.0 4102.0
4099.0 1153.0
5841.0 9034.0
841.0 5338.0
7599.0 603.0
806.0 3093.0
21.0 9727.0
3673.0 2647.0
4558.0 9732.0
2147.0 1285.0
9163.0 4428.0
4608.0 1409.0
3234.0 7912.0
1809.0 2708.0
5858.0 558.0
6735.0 6157.0
7660.0 8046.0
9199.0 7971.0
9166.0 2910.0
9267.0 4189.0
980.0 452.0
6164.0 9055.0
3660.0 3498.0
1723.0 2853.0
7641.0 2866.0
9968.0 7374.0
6022.0 2990.0
6970.0 9664.0
5637.0 4583.0
7563.0 7217.0
4172.0 8779.0
7991.0 295.0
3773.0 9664.0
6151.0 9517.0
3925.0 4599.0
3474.0 9397.0
8981.0 4264.0
5058.0 986.0
8211.0 6807.0
7196.0 9287.0
8674.0 3064.0
3846.0 3599.0
3816.0 2213.0
6176.0 1477.0
3125.0 9799.0
1773.0 9427.0
665.0 2546.0
2625.0 6063.0
2911.0 6873.0
3486.0 5823.0
8650.0 501.0
4691.0 3964.0
6379.0 9105.0
6063.0 5962.0
6988.0 2400.0
986.0 7001.0
2139.0 6562.0
2274.0 9718.0
1128.0 2447.0
3901.0 842.0
1633.0 1476.0
5209.0 9925.0
2187.0 3596.0
6719.0 5800.0
6703.0 4296.0
9116.0 8952.0
3939.0 10000.0
9506.0 462.0
7222.0 3823.0
1594.0 658.0
2323.0 6078.0
8805.0 3193.0
3764.0 6438.0
2038.0 2670.0
2509.0 7187.0
6093.0 6485.0
293.0 9457.0
1387.0 4057.0
8499.0 6881.0
69.0 9140.0
1921.0 3561.0
8144.0 3303.0
252.0 5775.0
7682.0 1335.0
2676.0 9338.0
5720.0 1670.0
3369.0 7023.0
8988.0 7518.0
8326.0 2947.0
6024.0 6894.0
6298.0 3379.0
782.0 2153.0
9245.0 5833.0
4378.0 2247.0
107.0 884.0
4004.0 3333.0
8303.0 3612.0
696.0 5926.0
5750.0 4118.0
9962.0 9227.0
8802.0 8982.0
1971.0 5823.0
3923.0 8096.0
319.0 2399.0
7467.0 3804.0
1038.0 4632.0
2420.0 1733.0
5889.0 6953.0
7440.0 5246.0
6625.0 296.0
6050.0 7929.0
9208.0 3552.0
6350.0 1027.0
9712.0 6833.0
4082.0 5241.0
5899.0 7277.0
4403.0 8787.0
1155.0 488.0
233.0 6168.0
9827.0 3340.0
7510.0 4531.0
5610.0 6251.0
203.0 7042.0
7043.0 5646.0
466.0 5203.0
6753.0 9721.0
1733.0 4502.0
3516.0 3215.0
5156.0 335.0
8772.0 9324.0
2208.0 3586.0
1652.0 9446.0
8805.0 7811.0
9165.0 3886.0
8811.0 2413.0
607.0 9238.0
7266.0 8736.0
7822.0 548.0
6198.0 8482.0
5390.0 8963.0
8357.0 6391.0
7379.0 8031.0
6730.0 1553.0
9736.0 4280.0
210.0 4314.0
9900.0 277.0
8219.0 8148.0
7804.0 819.0
9693.0 8452.0
4800.0 5410.0
4244.0 2635.0
9636.0 2703.0
5855.0 8447.0
3098.0 5066.0
1985.0 9938.0
5400.0 3925.0
3396.0 2992.0
2932.0 9073.0
2597.0 4815.0
3458.0 7576.0
1206.0 4316.0
1384.0 477.0
9135.0 2778.0
7180.0 7927.0
916.0 6752.0
7568.0 5928.0
7010.0 7574.0
5574.0 358.0
506.0 4418.0
2038.0 6409.0
1980.0 305.0
2703.0 4148.0
7945.0 2987.0
7458.0 3322.0
687.0 5110.0
876.0 3104.0
9867.0 575.0
5581.0 4922.0
8731.0 6494.0
2646.0 9047.0
290.0 2713.0
5505.0 8107.0
1293.0 3219.0
6590.0 3158.0
4380.0 6441.0
8215.0 551.0
1263.0 3809.0
1865.0 159.0
2240.0 8477.0
2436.0 8209.0
9959.0 8674.0
6581.0 354.0
7746.0 2518.0
6740.0 3138.0
5338.0 3809.0
4938.0 4532.0
7428.0 614.0
2986.0 6711.0
2778.0 1118.0
8162.0 6707.0
4379.0 3660.0
5999.0 3146.0
3373.0 317.0
4234.0 9702.0
2211.0 5996.0
4583.0 8419.0
4794.0 7451.0
1396.0 8615.0
4042.0 9085.0
8800.0 9491.0
9664.0 5024.0
461.0 7108.0
1535.0 9313.0
8534.0 8929.0
6494.0 8701.0
904.0 1557.0
8956.0 4885.0
8357.0 9849.0
8139.0 5646.0
5734.0 8062.0
7298.0 6812.0
3686.0 6215.0
2806.0 9426.0
172.0 7291.0
3418.0 9031.0
3215.0 3495.0
2599.0 6547.0
9113.0 2190.0
9232.0 2575.0
2637.0 4679.0
4596.0 9581.0
8361.0 3541.0
5932.0 8892.0
4682.0 6618.0
9469.0 1880.0
4680.0 8371.0
8260.0 7256.0
394.0 1745.0
2655.0 8919.0
9610.0 6208.0
3810.0 1243.0
6761.0 137.0
3037.0 1216.0
2084.0 8199.0
2369.0 9366.0
5567.0 6918.0
4197.0 3867.0
4838.0 4064.0
306.0 4762.0
8585.0 34.0
3190.0 7681.0
9598.0 1918.0
4984.0 9015.0
4040.0 3361.0
1855.0 6911.0
6063.0 5937.0
4230.0 5057.0
9346.0 171.0
5676.0 8596.0
9679.0 6872.0
5829.0 4180.0
5169.0 1961.0
5175.0 8486.0
3198.0 427.0
2067.0 2162.0
5729.0 7613.0
4836.0 8601.0
7026.0 8464.0
4303.0 9464.0
447.0 7914.0
4599.0 1355.0
3364.0 8089.0
2595.0 561.0
1834.0 447.0
8849.0 5301.0
9131.0 3578.0
5348.0 7351.0
4700.0 9788.0
7978.0 7489.0
2689.0 6140.0
4009.0 1682.0
1625.0 8111.0
7477.0 7395.0
9339.0 6556.0
7811.0 1968.0
9754.0 1095.0
9553.0 7470.0
622.0 5646.0
3532.0 8917.0
3844.0 4212.0
2311.0 5306.0
2405.0 7620.0
5320.0 5351.0
626.0 4364.0
1452.0 2360.0
6743.0 1232.0
9540.0 5133.0
9453.0 1850.0
9519.0 4329.0
2551.0 3839.0
9658.0 6195.0
4211.0 7718.0
7687.0 8088.0
53.0 3265.0
6183.0 2671.0
1564.0 1435.0
