1
1024 1 3.0 0.0 1000.0 3 160 240 100

6.5 13.5 29.3 58.5
13.0 27.0 58.5 117.0
19.5 40.5 87.8 175.5
26.0 54.0 117.0 234.0
39.0 81.0 175.5 351.0
52.0 108.0 234.0 468.0
58.5 121.5 263.3 526.5
65.0 135.0 292.5 585.0
78.0 162.0 351.0 702.0
0.0 180.0 390.0 780.0

2.0 5.0 8.0 11.0
5.0 8.0 11.0 14.0
9.0 12.0 15.0 18.0
11.0 14.0 17.0 20.0
15.0 18.0 21.0 24.0
18.0 21.0 24.0 27.0
20.0 23.0 26.0 29.0
25.0 28.0 31.0 34.0
29.0 32.0 35.0 38.0
0.0 34.0 37.0 40.0

1145.0 2164.0
5617.0 2144.0
4553.0 5443.0
8918.0 4315.0
7073.0 3023.0
6947.0 2861.0
9585.0 7847.0
2404.0 5037.0
7508.0 7727.0
307.0 9457.0
6311.0 1613.0
9474.0 7709.0
3746.0 2969.0
588.0 8705.0
9144.0 7153.0
2448.0 3948.0
2645.0 2215.0
502.0 4350.0
9690.0 5045.0
4273.0 1798.0
8647.0 7261.0
2766.0 1103.0
1909.0 7771.0
9476.0 521.0
3329.0 1405.0
1076.0 1489.0
7321.0 5556.0
6412.0 752.0
7508.0 9209.0
4876.0 545.0
5244.0 1312.0
5794.0 4988.0
874.0 7866.0
2901.0 3365.0
3079.0 9678.0
518.0 3444.0
4164.0 5170.0
529.0 507.0
1628.0 5168.0
1769.0 254.0
8881.0 9086.0
5904.0 6240.0
453.0 4414.0
6428.0 5020.0
9545.0 3925.0
9860.0 4650.0
8277.0 7518.0
756.0 4723.0
3485.0 8113.0
4627.0 8595.0
3416.0 3499.0
5373.0 973.0
3173.0 8570.0
6330.0 6513.0
9261.0 4843.0
6529.0 7620.0
6093.0 6686.0
6277.0 2079.0
9791.0 6159.0
8656.0 3713.0
7153.0 897.0
6035.0 1714.0
126.0 1931.0
3216.0 6812.0
8633.0 871.0
1291.0 4952.0
7123.0 8373.0
8835.0 1644.0
2672.0 8282.0
9513.0 2645.0
5008.0 4389.0
7728.0 9129.0
1297.0 9198.0
6387.0 8035.0
1048.0 6630.0
3408.0 731.0
8988.0 3065.0
6051.0 5668.0
6259.0 3654.0
4691.0 3189.0
2784.0 3292.0
120.0 3160.0
6160.0 4189.0
988.0 8575.0
4927.0 4439.0
490.0 817.0
6559.0 4499.0
3881.0 4720.0
3044.0 1008.0
943.0 4110.0
9383.0 9843.0
9993.0 984.0
2875.0 2833.0
2532.0 3992.0
3541.0 5048.0
148.0 4380.0
8526.0 2071.0
7761.0 74.0
5837.0 9173.0
9819.0 1048.0
5276.0 6798.0
8549.0 1654.0
6907.0 9281.0
5857.0 8081.0
9915.0 6204.0
2987.0 1590.0
7210.0 8310.0
4527.0 707.0
3622.0 2390.0
5885.0 8029.0
8047.0 2046.0
5813.0 9812.0
2383.0 3766.0
8101.0 8992.0
2625.0 197.0
9025.0 4827.0
9950.0 5055.0
9667.0 4799.0
2160.0 6569.0
4693.0 6957.0
8331.0 8888.0
1703.0 3359.0
2012.0 3345.0
7746.0 7770.0
833.0 4014.0
2111.0 3300.0
2872.0 4462.0
6983.0 8125.0
2631.0 5104.0
74.0 9961.0
1974.0 3095.0
5833.0 2467.0
3880.0 9152.0
4327.0 9224.0
9356.0 8235.0
9403.0 3464.0
371.0 3490.0
230.0 4209.0
4156.0 5377.0
2818.0 1993.0
6721.0 394.0
624.0 9811.0
5948.0 6304.0
5843.0 7488.0
7102.0 3296.0
5478.0 98.0
6118.0 2972.0
8806.0 3632.0
8512.0 9597.0
5323.0 3549.0
4273.0 502.0
4794.0 4399.0
1580.0 5081.0
3476.0 1157.0
4700.0 4268.0
3154.0 5457.0
3918.0 4932.0
2057.0 2370.0
7854.0 6089.0
9276.0 5908.0
1007.0 6350.0
6786.0 3896.0
1893.0 4522.0
5658.0 5398.0
9618.0 7770.0
5580.0 6349.0
9242.0 4258.0
9275.0 1558.0
8782.0 9685.0
5931.0 3753.0
3209.0 9619.0
226.0 2816.0
3290.0 2065.0
6075.0 898.0
9627.0 7152.0
6672.0 1546.0
4739.0 3383.0
4954.0 3541.0
8547.0 2333.0
1068.0 2575.0
5111.0 6239.0
5960.0 6467.0
961.0 5367.0
2675.0 2044.0
7895.0 4590.0
9474.0 4395.0
5568.0 1087.0
1372.0 1613.0
1748.0 7571.0
9193.0 739.0
577.0 7964.0
7749.0 3025.0
1692.0 4934.0
7242.0 9220.0
5555.0 1208.0
4490.0 8016.0
2854.0 9073.0
3080.0 3329.0
8306.0 4980.0
4050.0 8580.0
1741.0 8662.0
1195.0 8639.0
1793.0 8694.0
7615.0 2588.0
61.0 8885.0
2583.0 2978.0
6099.0 2437.0
356.0 9746.0
6070.0 3275.0
5019.0 9439.0
428.0 6470.0
7967.0 2925.0
8474.0 2152.0
7122.0 7255.0
143.0 9850.0
9497.0 9824.0
7861.0 2660.0
1199.0 5517.0
3844.0 3145.0
1471.0 9990.0
668.0 5411.0
9887.0 4749.0
5483.0 242.0
8291.0 2201.0
701.0 2726.0
1580.0 1331.0
6527.0 4277.0
3942.0 7179.0
3178.0 3478.0
9643.0 9772.0
3141.0 2646.0
9970.0 676.0
6323.0 9541.0
422.0 7842.0
3437.0 6131.0
4763.0 1897.0
5494.0 8832.0
5034.0 9550.0
9733.0 7122.0
9114.0 2281.0
4850.0 9964.0
9956.0 969.0
876.0 1938.0
3072.0 9631.0
1558.0 3495.0
1393.0 3925.0
9588.0 2260.0
9086.0 2599.0
7539.0 4781.0
8443.0 2527.0
9857.0 654.0
6436.0 519.0
3755.0 3425.0
46.0 7552.0
9370.0 5198.0
1957.0 3593.0
2029.0 4339.0
728.0 3682.0
1975.0 8220.0
2041.0 8427.0
9410.0 5394.0
123.0 4593.0
5195.0 4124.0
943.0 3924.0
77.0 6682.0
1298.0 893.0
7772.0 1326.0
366.0 2517.0
9779.0 6375.0
2857.0 5916.0
2252.0 3291.0
5336.0 1772.0
7812.0 8185.0
9838.0 4363.0
7612.0 3665.0
1370.0 1321.0
1544.0 5428.0
8399.0 8795.0
6920.0 522.0
7932.0 165.0
8471.0 6688.0
9290.0 8984.0
5043.0 4695.0
3172.0 9314.0
811.0 8083.0
5119.0 9103.0
1386.0 7225.0
4966.0 4791.0
7647.0 7132.0
6405.0 7784.0
2673.0 899.0
3232.0 5982.0
9598.0 3225.0
1415.0 6012.0
769.0 899.0
8545.0 4332.0
1035.0 9693.0
4803.0 7878.0
536.0 9546.0
2034.0 7403.0
4833.0 2480.0
20.0 9187.0
2734.0 147.0
1574.0 3276.0
4669.0 418.0
531.0 8910.0
6959.0 4947.0
9264.0 310.0
9847.0 2100.0
4807.0 8490.0
9616.0 2180.0
5193.0 7246.0
7675.0 4358.0
115.0 4003.0
1937.0 7220.0
2497.0 8668.0
8369.0 7344.0
95.0 6167.0
3035.0 2834.0
8706.0 817.0
7509.0 1205.0
1121.0 3206.0
2996.0 3544.0
8377.0 2747.0
1019.0 9368.0
2459.0 1557.0
1016.0 9076.0
2015.0 7844.0
7703.0 3423.0
5208.0 9443.0
3566.0 1924.0
6293.0 690.0
4303.0 4606.0
5034.0 8280.0
7609.0 4011.0
548.0 4280.0
8111.0 6887.0
3689.0 6956.0
3847.0 7448.0
4571.0 2590.0
2107.0 6656.0
4324.0 3939.0
5009.0 4399.0
2693.0 3500.0
7649.0 4015.0
5584.0 2256.0
4182.0 1047.0
9146.0 7060.0
9690.0 666.0
9503.0 2314.0
8174.0 658.0
9729.0 4122.0
9542.0 9405.0
8177.0 7570.0
924.0 754.0
4750.0 305.0
179.0 216.0
4230.0 8063.0
1944.0 9378.0
8261.0 331.0
9070.0 7967.0
74.0 6787.0
4805.0 5467.0
8588.0 7695.0
3565.0 6705.0
949.0 3918.0
659.0 8326.0
5143.0 4701.0
3807.0 5559.0
6760.0 3903.0
1804.0 1203.0
6527.0 7837.0
8193.0 1236.0
7699.0 381.0
282.0 3963.0
4921.0 3515.0
6369.0 2124.0
8654.0 3974.0
6521.0 9866.0
1770.0 9148.0
4761.0 8998.0
7417.0 7920.0
3014.0 1447.0
9754.0 4590.0
9656.0 7322.0
1666.0 6559.0
8039.0 498.0
6044.0 8924.0
2810.0 6155.0
9750.0 1671.0
4415.0 7147.0
1854.0 7599.0
4601.0 8663.0
254.0 1668.0
8299.0 3046.0
3277.0 4919.0
9720.0 9225.0
5358.0 8632.0
3023.0 3651.0
8412.0 6890.0
404.0 2147.0
2982.0 8210.0
2966.0 4615.0
5781.0 9409.0
2204.0 6973.0
2721.0 7359.0
2473.0 7273.0
9032.0 6812.0
7289.0 5397.0
573.0 4941.0
4802.0 8235.0
2936.0 5771.0
302.0 4785.0
7447.0 168.0
6118.0 8071.0
5665.0 9538.0
1738.0 3289.0
6470.0 3908.0
9527.0 4114.0
2368.0 7552.0
3875.0 1565.0
4077.0 7827.0
4143.0 2348.0
5033.0 5383.0
4239.0 6094.0
9891.0 6400.0
4198.0 3404.0
3634.0 41.0
1601.0 9108.0
393.0 6757.0
3190.0 7664.0
3571.0 5628.0
9530.0 108.0
1382.0 1393.0
8072.0 4456.0
4400.0 4343.0
2465.0 3993.0
4222.0 8726.0
8474.0 352.0
4849.0 7844.0
9344.0 788.0
880.0 6499.0
5976.0 1580.0
9126.0 3951.0
9758.0 1966.0
2749.0 3049.0
8403.0 5518.0
9512.0 3713.0
7652.0 8386.0
8265.0 1412.0
4178.0 6309.0
246.0 3817.0
7566.0 4821.0
4314.0 1287.0
1697.0 9559.0
7703.0 9351.0
8407.0 6088.0
6419.0 3854.0
8755.0 1154.0
1851.0 1924.0
9769.0 9788.0
2728.0 4437.0
7006.0 5166.0
4004.0 8128.0
5788.0 641.0
6781.0 8025.0
6461.0 5867.0
5866.0 3361.0
1533.0 1420.0
4074.0 2637.0
5031.0 8840.0
4859.0 5993.0
6945.0 5495.0
7405.0 5549.0
8099.0 6198.0
740.0 6892.0
3303.0 5972.0
6015.0 7360.0
3142.0 897.0
8512.0 9294.0
7243.0 6435.0
3515.0 8922.0
4386.0 5158.0
2620.0 4031.0
7300.0 8291.0
9602.0 6110.0
2499.0 7982.0
7435.0 5103.0
8006.0 9714.0
564.0 7456.0
4327.0 6776.0
9034.0 612.0
6512.0 1196.0
3578.0 9622.0
7667.0 8073.0
3261.0 4036.0
6761.0 2691.0
9789.0 5733.0
6080.0 2359.0
5079.0 864.0
6190.0 7368.0
1188.0 1558.0
8740.0 7997.0
4215.0 5575.0
9981.0 6963.0
6268.0 4545.0
328.0 9254.0
2093.0 3978.0
7842.0 3731.0
9482.0 703.0
5958.0 3435.0
5048.0 5892.0
8332.0 4002.0
9476.0 4344.0
6147.0 2107.0
8844.0 3187.0
5726.0 8338.0
1124.0 5665.0
6823.0 1436.0
9465.0 8171.0
4415.0 3289.0
6343.0 1192.0
9373.0 6619.0
5208.0 7332.0
5848.0 9755.0
8699.0 2070.0
5726.0 5422.0
5057.0 5428.0
3011.0 2947.0
6809.0 5205.0
3477.0 5812.0
8352.0 4935.0
7448.0 8948.0
1519.0 2259.0
6056.0 2701.0
738.0 5837.0
3822.0 2879.0
1883.0 1499.0
2926.0 8784.0
1415.0 776.0
7005.0 3664.0
4926.0 7489.0
4829.0 4478.0
6669.0 550.0
6722.0 399.0
4196.0 3643.0
9061.0 1970.0
4691.0 4960.0
4721.0 5320.0
2106.0 2626.0
9800.0 8359.0
6695.0 4016.0
9493.0 8371.0
1062.0 9601.0
8458.0 2904.0
9309.0 4489.0
3522.0 8384.0
8389.0 3342.0
9086.0 3368.0
3274.0 6813.0
8078.0 5842.0
32.0 181.0
3804.0 6475.0
3415.0 7341.0
549.0 2263.0
8061.0 5818.0
3283.0 7452.0
4912.0 958.0
9315.0 1173.0
6951.0 9981.0
7259.0 3689.0
854.0 9035.0
1153.0 5685.0
3664.0 8934.0
87.0 7491.0
6088.0 7740.0
6190.0 7680.0
6513.0 840.0
6333.0 2931.0
2351.0 1705.0
5389.0 3586.0
7811.0 8972.0
1411.0 1810.0
9694.0 8034.0
5576.0 1765.0
5322.0 7781.0
2249.0 3718.0
9195.0 5675.0
7010.0 6493.0
7485.0 6810.0
3006.0 5188.0
1960.0 5130.0
8480.0 3552.0
7444.0 7461.0
816.0 2965.0
9416.0 3529.0
4961.0 2411.0
850.0 7618.0
6580.0 6366.0
9889.0 48.0
2785.0 21.0
2467.0 9116.0
5795.0 3744.0
6472.0 6683.0
7374.0 1204.0
6556.0 3062.0
4416.0 8059.0
1187.0 9370.0
8495.0 644.0
6056.0 8011.0
4769.0 6542.0
428.0 4460.0
8063.0 1483.0
5547.0 5993.0
6492.0 9465.0
6697.0 5551.0
5479.0 5517.0
3010.0 1386.0
7516.0 3018.0
1635.0 5658.0
5513.0 9991.0
5367.0 7649.0
98.0 1275.0
5328.0 9750.0
3716.0 5999.0
2818.0 6900.0
6873.0 2271.0
6917.0 2626.0
4381.0 3485.0
6963.0 7351.0
1961.0 3180.0
1487.0 7149.0
6038.0 7843.0
7716.0 3586.0
2106.0 9591.0
8250.0 7833.0
9487.0 3123.0
4001.0 4702.0
2856.0 3886.0
5013.0 4775.0
3374.0 6834.0
3246.0 5291.0
4781.0 7724.0
3941.0 2945.0
2305.0 1349.0
4661.0 4281.0
4732.0 3621.0
3605.0 1823.0
2496.0 6919.0
1308.0 6625.0
7134.0 632.0
2317.0 392.0
9964.0 1276.0
5953.0 2842.0
327.0 9141.0
7758.0 2477.0
6261.0 848.0
5720.0 1411.0
2937.0 9747.0
7896.0 7443.0
6737.0 8571.0
519.0 9014.0
5291.0 1249.0
8190.0 1234.0
6355.0 3303.0
274.0 3631.0
869.0 2739.0
81.0 2778.0
8035.0 5842.0
5939.0 5491.0
2798.0 4795.0
5777.0 726.0
8541.0 6538.0
9294.0 869.0
383.0 4770.0
4329.0 5561.0
6906.0 9519.0
6541.0 3737.0
675.0 1191.0
3984.0 2041.0
398.0 8508.0
687.0 267.0
81.0 2254.0
5843.0 7010.0
3023.0 9244.0
7707.0 1181.0
1013.0 3421.0
3795.0 7546.0
1568.0 3509.0
1507.0 6963.0
8575.0 9120.0
5749.0 4472.0
4182.0 9750.0
2675.0 910.0
2289.0 3548.0
1147.0 6209.0
6499.0 5309.0
6009.0 5044.0
7862.0 5570.0
9776.0 7992.0
295.0 5250.0
1852.0 3872.0
3988.0 2727.0
6859.0 1423.0
9690.0 2787.0
6202.0 993.0
9193.0 9338.0
9442.0 9390.0
9885.0 6320.0
4617.0 3570.0
3717.0 3711.0
9067.0 1326.0
3436.0 8063.0
4910.0 9634.0
1437.0 9450.0
5733.0 3828.0
9078.0 9283.0
3628.0 3260.0
6826.0 5865.0
8152.0 1623.0
8070.0 7134.0
1328.0 2580.0
1955.0 2485.0
5285.0 3886.0
3099.0 8096.0
1631.0 5650.0
8530.0 2672.0
4174.0 911.0
4708.0 3013.0
9077.0 9179.0
9970.0 1334.0
9064.0 6132.0
268.0 8734.0
762.0 5094.0
8525.0 1744.0
6804.0 8498.0
493.0 1357.0
6763.0 9967.0
2432.0 6458.0
3551.0 197.0
8488.0 6072.0
4358.0 2292.0
8107.0 7334.0
7753.0 4730.0
6340.0 8608.0
1030.0 2608.0
2387.0 9654.0
4423.0 343.0
4245.0 3275.0
1262.0 1484.0
9794.0 5344.0
5706.0 3806.0
7179.0 2622.0
2120.0 344.0
9852.0 304.0
2731.0 9540.0
4101.0 3678.0
2629.0 153.0
9440.0 832.0
3753.0 9107.0
4701.0 5810.0
1929.0 2945.0
5179.0 4147.0
3586.0 6036.0
8686.0 5173.0
1234.0 1215.0
862.0 8026.0
9321.0 1015.0
2600.0 768.0
4563.0 151.0
4924.0 4529.0
7339.0 2427.0
9192.0 7094.0
3277.0 7724.0
2951.0 2833.0
6605.0 7237.0
4316.0 8411.0
9393.0 7625.0
220.0 6168.0
3262.0 7234.0
6372.0 9599.0
2691.0 62.0
9295.0 7848.0
1500.0 5624.0
3285.0 8615.0
6615.0 5396.0
7642.0 1412.0
5729.0 8972.0
2028.0 5560.0
7950.0 5640.0
300.0 9861.0
9031.0 9498.0
5676.0 3342.0
5305.0 8806.0
2578.0 8999.0
2902.0 2723.0
3008.0 4942.0
1371.0 1098.0
7804.0 9873.0
3289.0 5470.0
5640.0 2283.0
3976.0 1963.0
5100.0 5317.0
7907.0 9209.0
7702.0 1693.0
925.0 6994.0
2203.0 5599.0
9856.0 3764.0
3052.0 986.0
3633.0 3680.0
8328.0 8165.0
2518.0 6362.0
5031.0 3124.0
4542.0 5010.0
2062.0 6485.0
745.0 1040.0
3755.0 1498.0
3332.0 5929.0
9305.0 3009.0
3340.0 3400.0
5947.0 1798.0
6917.0 7644.0
6242.0 1210.0
1823.0 5716.0
2307.0 5493.0
8235.0 4785.0
2362.0 1745.0
488.0 7396.0
7423.0 9909.0
8820.0 411.0
8512.0 7702.0
2749.0 5789.0
7221.0 9910.0
169.0 3874.0
4990.0 3960.0
8772.0 2351.0
8949.0 6176.0
8896.0 6535.0
4675.0 5644.0
9402.0 9158.0
8711.0 5089.0
677.0 321.0
6206.0 686.0
1374.0 769.0
1525.0 5217.0
7979.0 4151.0
2183.0 1485.0
8816.0 6446.0
8937.0 5402.0
6583.0 3196.0
7424.0 667.0
6036.0 7724.0
9157.0 9443.0
5895.0 6002.0
2254.0 5951.0
6607.0 6325.0
4749.0 2391.0
8042.0 4460.0
5827.0 9112.0
3734.0 7436.0
2848.0 3436.0
767.0 1631.0
4499.0 4052.0
6910.0 3332.0
2928.0 402.0
9099.0 2417.0
229.0 8962.0
9866.0 2345.0
7097.0 839.0
825.0 2088.0
4032.0 7596.0
4805.0 8198.0
7937.0 4719.0
744.0 7658.0
9452.0 4642.0
7930.0 4678.0
8886.0 3736.0
8711.0 7116.0
1095.0 193.0
1255.0 667.0
2155.0 2200.0
6473.0 1505.0
3188.0 8326.0
5709.0 524.0
9183.0 4541.0
8287.0 4856.0
3177.0 4771.0
530.0 4818.0
8633.0 4409.0
339.0 6967.0
5374.0 8696.0
3947.0 6409.0
6929.0 380.0
3939.0 4043.0
9630.0 3580.0
147.0 6888.0
6327.0 3255.0
7514.0 2178.0
58.0 2199.0
7538.0 8363.0
5534.0 9976.0
2386.0 8700.0
8789.0 706.0
3295.0 5595.0
7851.0 9123.0
7341.0 6352.0
9769.0 6812.0
9201.0 3495.0
1873.0 3035.0
6986.0 5339.0
7594.0 7078.0
3769.0 4959.0
9714.0 1512.0
8893.0 8222.0
6386.0 8296.0
5665.0 4066.0
7779.0 2131.0
4541.0 2658.0
3706.0 7981.0
3404.0 9623.0
5071.0 2165.0
9031.0 6997.0
4507.0 8959.0
6351.0 4061.0
4038.0 7090.0
4606.0 3734.0
127.0 3061.0
2001.0 2681.0
8961.0 710.0
2955.0 5801.0
7318.0 8915.0
4552.0 8259.0
6879.0 1872.0
1297.0 725.0
2319.0 8841.0
9766.0 5992.0
6054.0 2790.0
7269.0 7624.0
4964.0 9845.0
1117.0 3807.0
6974.0 3962.0
7592.0 2066.0
7826.0 3723.0
2234.0 3009.0
896.0 699.0
5531.0 3769.0
5413.0 1255.0
627.0 4294.0
929.0 6248.0
2142.0 2165.0
8388.0 5507.0
7706.0 4099.0
652.0 6519.0
6311.0 4800.0
7834.0 9236.0
85.0 6319.0
5278.0 1412.0
8578.0 3601.0
4563.0 1391.0
7179.0 4363.0
350.0 7750.0
3751.0 3986.0
8456.0 7723.0
91.0 8568.0
2979.0 8810.0
7315.0 1823.0
2847.0 489.0
6779.0 3963.0
624.0 5451.0
618.0 3252.0
8944.0 2260.0
8526.0 3383.0
2406.0 3858.0
9860.0 2344.0
5291.0 8835.0
2687.0 939.0
7962.0 4869.0
3860.0 1624.0
7267.0 6251.0
6734.0 834.0
8843.0 9919.0
5619.0 440.0
1624.0 6897.0
8580.0 6535.0
7445.0 8576.0
2668.0 6180.0
1065.0 9728.0
8204.0 5294.0
8481.0 2685.0
1204.0 3348.0
3865.0 9584.0
5554.0 3021.0
7995.0 2106.0
9025.0 5489.0
3520.0 606.0
9749.0 4509.0
4910.0 7062.0
2238.0 4962.0
3449.0 8756.0
4560.0 4013.0
119.0 2085.0
770.0 5568.0
1724.0 8442.0
5191.0 1173.0
8113.0 6559.0
7661.0 3030.0
844.0 8236.0
1336.0 7297.0
6150.0 6872.0
7149.0 8323.0
7549.0 701.0
1540.0 6994.0
5961.0 5165.0
6542.0 8854.0
7669.0 1317.0
3836.0 152.0
2995.0 9686.0
6877.0 2499.0
1016.0 1508.0
7678.0 9276.0
8205.0 1741.0
7377.0 9483.0
1314.0 773.0
2164.0 7170.0

1149.0 2169.0
5622.0 2148.0
4558.0 5447.0
8923.0 4319.0
7077.0 3027.0
6952.0 2866.0
9590.0 7852.0
2410.0 5042.0
7513.0 7731.0
312.0 9461.0
6316.0 1617.0
9478.0 7714.0
3751.0 2974.0
594.0 8711.0
9149.0 7157.0
2453.0 3954.0
2649.0 2220.0
507.0 4356.0
9694.0 5050.0
4278.0 1804.0
8652.0 7266.0
2770.0 1108.0
1915.0 7777.0
9480.0 525.0
3334.0 1410.0
1081.0 1494.0
7325.0 5561.0
6416.0 758.0
7513.0 9214.0
4882.0 549.0
5249.0 1317.0
5800.0 4993.0
880.0 7871.0
2906.0 3369.0
3085.0 9684.0
523.0 3450.0
4169.0 5175.0
534.0 512.0
1633.0 5173.0
1774.0 260.0
8886.0 9090.0
5910.0 6245.0
457.0 4418.0
6433.0 5026.0
9549.0 3930.0
9865.0 4655.0
8282.0 7524.0
762.0 4729.0
3491.0 8118.0
4632.0 8600.0
3422.0 3505.0
5378.0 979.0
3178.0 8575.0
6334.0 6519.0
9266.0 4847.0
6534.0 7625.0
6097.0 6691.0
6282.0 2085.0
9796.0 6164.0
8660.0 3718.0
7158.0 901.0
6039.0 1719.0
132.0 1935.0
3221.0 6817.0
8637.0 876.0
1296.0 4956.0
7128.0 8378.0
8840.0 1649.0
2676.0 8287.0
9517.0 2650.0
5013.0 4393.0
7732.0 9135.0
1303.0 9204.0
6391.0 8039.0
1053.0 6636.0
3413.0 736.0
8993.0 3070.0
6057.0 5672.0
6265.0 3660.0
4696.0 3194.0
2788.0 3298.0
126.0 3164.0
6164.0 4194.0
993.0 8579.0
4931.0 4444.0
495.0 821.0
6564.0 4505.0
3887.0 4726.0
3049.0 1013.0
947.0 4115.0
9388.0 9848.0
9998.0 988.0
2880.0 2837.0
2536.0 3997.0
3545.0 5054.0
153.0 4386.0
8531.0 2076.0
7767.0 80.0
5842.0 9179.0
9825.0 1052.0
5281.0 6802.0
8554.0 1658.0
6912.0 9286.0
5861.0 8087.0
9919.0 6210.0
2993.0 1595.0
7215.0 8315.0
4532.0 712.0
3627.0 2396.0
5890.0 8034.0
8052.0 2050.0
5818.0 9817.0
2389.0 3771.0
8106.0 8997.0
2631.0 201.0
9031.0 4832.0
9954.0 5060.0
9673.0 4805.0
2166.0 6574.0
4698.0 6962.0
8337.0 8892.0
1709.0 3365.0
2017.0 3350.0
7752.0 7775.0
837.0 4018.0
2116.0 3304.0
2876.0 4468.0
6989.0 8130.0
2637.0 5110.0
78.0 9967.0
1979.0 3101.0
5838.0 2472.0
3885.0 9158.0
4333.0 9229.0
9361.0 8240.0
9409.0 3469.0
376.0 3495.0
235.0 4214.0
4162.0 5381.0
2823.0 1997.0
6726.0 400.0
629.0 9817.0
5952.0 6309.0
5847.0 7492.0
7107.0 3300.0
5483.0 103.0
6123.0 2977.0
8811.0 3637.0
8517.0 9601.0
5328.0 3553.0
4278.0 506.0
4799.0 4405.0
1585.0 5087.0
3481.0 1161.0
4704.0 4272.0
3160.0 5462.0
3924.0 4938.0
2062.0 2374.0
7859.0 6093.0
9281.0 5912.0
1012.0 6355.0
6792.0 3901.0
1898.0 4528.0
5662.0 5403.0
9624.0 7776.0
5585.0 6353.0
9248.0 4263.0
9281.0 1563.0
8787.0 9689.0
5937.0 3758.0
3214.0 9624.0
231.0 2821.0
3295.0 2071.0
6081.0 903.0
9632.0 7158.0
6677.0 1551.0
4744.0 3388.0
4960.0 3546.0
8551.0 2337.0
1074.0 2580.0
5117.0 6243.0
5965.0 6472.0
965.0 5371.0
2680.0 2050.0
7900.0 4596.0
9480.0 4400.0
5572.0 1092.0
1376.0 1619.0
1753.0 7576.0
9198.0 743.0
583.0 7969.0
7753.0 3030.0
1696.0 4938.0
7248.0 9225.0
5560.0 1213.0
4494.0 8021.0
2860.0 9078.0
3084.0 3335.0
8311.0 4984.0
4055.0 8585.0
1745.0 8668.0
1199.0 8643.0
1797.0 8699.0
7620.0 2592.0
65.0 8890.0
2588.0 2984.0
6103.0 2442.0
361.0 9752.0
6074.0 3280.0
5025.0 9444.0
433.0 6474.0
7973.0 2930.0
8478.0 2157.0
7126.0 7261.0
148.0 9856.0
9502.0 9828.0
7866.0 2666.0
1204.0 5523.0
3848.0 3150.0
1475.0 9995.0
674.0 5417.0
9892.0 4755.0
5488.0 247.0
8296.0 2205.0
706.0 2730.0
1586.0 1337.0
6532.0 4283.0
3946.0 7185.0
3183.0 3484.0
9648.0 9776.0
3145.0 2650.0
9976.0 680.0
6329.0 9546.0
427.0 7846.0
3443.0 6135.0
4767.0 1902.0
5499.0 8837.0
5039.0 9555.0
9739.0 7126.0
9120.0 2285.0
4855.0 9970.0
9960.0 974.0
881.0 1943.0
3078.0 9636.0
1564.0 3501.0
1398.0 3931.0
9594.0 2265.0
9090.0 2605.0
7543.0 4785.0
8448.0 2532.0
9861.0 659.0
6442.0 524.0
3759.0 3431.0
51.0 7558.0
9375.0 5203.0
1962.0 3597.0
2034.0 4343.0
732.0 3687.0
1980.0 8224.0
2046.0 8432.0
9414.0 5399.0
128.0 4597.0
5201.0 4130.0
948.0 3930.0
81.0 6687.0
1304.0 898.0
7777.0 1332.0
371.0 2521.0
9784.0 6380.0
2862.0 5920.0
2257.0 3297.0
5340.0 1777.0
7816.0 8190.0
9842.0 4368.0
7616.0 3670.0
1375.0 1325.0
1549.0 5434.0
8405.0 8801.0
6925.0 527.0
7936.0 171.0
8475.0 6692.0
9294.0 8990.0
5049.0 4700.0
3177.0 9320.0
817.0 8087.0
5123.0 9108.0
1391.0 7229.0
4972.0 4796.0
7652.0 7137.0
6410.0 7790.0
2679.0 905.0
3237.0 5987.0
9602.0 3229.0
1420.0 6017.0
774.0 904.0
8551.0 4337.0
1040.0 9699.0
4809.0 7883.0
542.0 9552.0
2038.0 7407.0
4838.0 2485.0
25.0 9192.0
2739.0 152.0
1579.0 3282.0
4673.0 422.0
537.0 8914.0
6964.0 4953.0
9269.0 315.0
9853.0 2106.0
4811.0 8495.0
9620.0 2184.0
5197.0 7251.0
7680.0 4362.0
120.0 4008.0
1942.0 7225.0
2502.0 8674.0
8375.0 7350.0
100.0 6171.0
3039.0 2838.0
8711.0 822.0
7514.0 1211.0
1127.0 3212.0
3002.0 3548.0
8382.0 2752.0
1024.0 9373.0
2465.0 1562.0
1022.0 9082.0
2021.0 7850.0
7709.0 3429.0
5212.0 9448.0
3571.0 1929.0
6298.0 696.0
4307.0 4610.0
5038.0 8284.0
7614.0 4017.0
553.0 4286.0
8115.0 6893.0
3694.0 6961.0
3851.0 7453.0
4575.0 2595.0
2111.0 6662.0
4328.0 3944.0
5013.0 4405.0
2698.0 3504.0
7653.0 4020.0
5588.0 2260.0
4186.0 1052.0
9151.0 7066.0
9695.0 671.0
9507.0 2319.0
8179.0 663.0
9735.0 4126.0
9548.0 9409.0
8182.0 7575.0
928.0 758.0
4755.0 310.0
183.0 221.0
4234.0 8067.0
1949.0 9383.0
8265.0 335.0
9075.0 7972.0
78.0 6793.0
4810.0 5472.0
8592.0 7701.0
3570.0 6711.0
954.0 3923.0
664.0 8330.0
5147.0 4707.0
3812.0 5564.0
6765.0 3909.0
1809.0 1209.0
6532.0 7841.0
8199.0 1241.0
7704.0 385.0
287.0 3969.0
4926.0 3521.0
6375.0 2130.0
8659.0 3980.0
6525.0 9871.0
1775.0 9153.0
4767.0 9003.0
7421.0 7925.0
3018.0 1451.0
9759.0 4595.0
9660.0 7328.0
1670.0 6565.0
8043.0 502.0
6050.0 8929.0
2815.0 6160.0
9754.0 1676.0
4419.0 7152.0
1860.0 7604.0
4607.0 8667.0
260.0 1673.0
8304.0 3052.0
3283.0 4924.0
9724.0 9230.0
5362.0 8637.0
3027.0 3657.0
8418.0 6895.0
409.0 2152.0
2987.0 8216.0
2972.0 4620.0
5787.0 9415.0
2209.0 6977.0
2726.0 7363.0
2477.0 7278.0
9037.0 6818.0
7293.0 5402.0
578.0 4945.0
4806.0 8241.0
2940.0 5776.0
306.0 4789.0
7453.0 173.0
6122.0 8076.0
5671.0 9543.0
1742.0 3293.0
6476.0 3913.0
9532.0 4119.0
2373.0 7557.0
3881.0 1570.0
4082.0 7832.0
4149.0 2352.0
5038.0 5389.0
4244.0 6099.0
9896.0 6405.0
4204.0 3410.0
3640.0 47.0
1606.0 9114.0
398.0 6761.0
3195.0 7670.0
3577.0 5633.0
9534.0 114.0
1388.0 1398.0
8076.0 4460.0
4404.0 4348.0
2470.0 3998.0
4227.0 8732.0
8480.0 358.0
4853.0 7849.0
9349.0 793.0
884.0 6504.0
5980.0 1584.0
9132.0 3955.0
9762.0 1971.0
2755.0 3055.0
8408.0 5523.0
9518.0 3717.0
7656.0 8392.0
8270.0 1417.0
4183.0 6315.0
252.0 3823.0
7570.0 4826.0
4318.0 1292.0
1703.0 9563.0
7709.0 9355.0
8413.0 6093.0
6424.0 3859.0
8759.0 1160.0
1855.0 1929.0
9774.0 9792.0
2732.0 4442.0
7011.0 5172.0
4009.0 8133.0
5793.0 647.0
6786.0 8029.0
6465.0 5871.0
5870.0 3365.0
1537.0 1425.0
4080.0 2642.0
5036.0 8844.0
4863.0 5999.0
6950.0 5500.0
7411.0 5553.0
8104.0 6202.0
745.0 6896.0
3309.0 5976.0
6020.0 7365.0
3147.0 903.0
8518.0 9299.0
7249.0 6440.0
3520.0 8927.0
4390.0 5164.0
2625.0 4037.0
7305.0 8296.0
9607.0 6115.0
2503.0 7988.0
7441.0 5108.0
8012.0 9718.0
569.0 7462.0
4331.0 6782.0
9040.0 617.0
6516.0 1201.0
3582.0 9627.0
7672.0 8077.0
3265.0 4042.0
6766.0 2697.0
9795.0 5739.0
6086.0 2365.0
5084.0 869.0
6196.0 7374.0
1193.0 1562.0
8745.0 8002.0
4220.0 5581.0
9987.0 6968.0
6272.0 4550.0
334.0 9259.0
2098.0 3983.0
7847.0 3737.0
9487.0 708.0
5963.0 3441.0
5053.0 5897.0
8337.0 4007.0
9480.0 4350.0
6151.0 2112.0
8849.0 3192.0
5730.0 8342.0
1129.0 5669.0
6828.0 1441.0
9469.0 8176.0
4420.0 3294.0
6347.0 1198.0
9378.0 6623.0
5212.0 7338.0
5853.0 9761.0
8703.0 2075.0
5731.0 5427.0
5062.0 5434.0
3016.0 2952.0
6813.0 5211.0
3482.0 5816.0
8357.0 4940.0
7453.0 8953.0
1523.0 2263.0
6061.0 2705.0
742.0 5842.0
3826.0 2884.0
1887.0 1504.0
2930.0 8789.0
1420.0 782.0
7010.0 3668.0
4932.0 7494.0
4834.0 4483.0
6673.0 556.0
6727.0 403.0
4202.0 3648.0
9066.0 1975.0
4697.0 4965.0
4726.0 5326.0
2111.0 2630.0
9805.0 8363.0
6701.0 4021.0
9498.0 8376.0
1066.0 9605.0
8462.0 2909.0
9314.0 4493.0
3526.0 8389.0
8394.0 3346.0
9091.0 3372.0
3279.0 6819.0
8084.0 5846.0
37.0 186.0
3809.0 6481.0
3421.0 7347.0
555.0 2267.0
8067.0 5824.0
3289.0 7457.0
4917.0 963.0
9320.0 1177.0
6955.0 9986.0
7263.0 3693.0
860.0 9039.0
1159.0 5691.0
3669.0 8939.0
93.0 7497.0
6093.0 7745.0
6195.0 7685.0
6518.0 846.0
6338.0 2936.0
2355.0 1710.0
5394.0 3591.0
7816.0 8976.0
1416.0 1816.0
9698.0 8038.0
5581.0 1771.0
5327.0 7786.0
2255.0 3723.0
9199.0 5680.0
7015.0 6498.0
7490.0 6816.0
3012.0 5192.0
1966.0 5135.0
8485.0 3557.0
7449.0 7465.0
821.0 2970.0
9421.0 3533.0
4966.0 2417.0
855.0 7622.0
6586.0 6370.0
9895.0 53.0
2790.0 26.0
2473.0 9122.0
5800.0 3748.0
6478.0 6689.0
7380.0 1209.0
6560.0 3067.0
4421.0 8064.0
1191.0 9374.0
8501.0 649.0
6062.0 8017.0
4773.0 6548.0
433.0 4464.0
8067.0 1488.0
5552.0 5999.0
6498.0 9470.0
6701.0 5555.0
5484.0 5521.0
3015.0 1391.0
7521.0 3022.0
1641.0 5662.0
5518.0 9996.0
5372.0 7654.0
104.0 1280.0
5332.0 9755.0
3721.0 6003.0
2822.0 6905.0
6879.0 2277.0
6921.0 2630.0
4387.0 3489.0
6969.0 7357.0
1966.0 3186.0
1492.0 7155.0
6044.0 7847.0
7720.0 3590.0
2112.0 9596.0
8255.0 7838.0
9491.0 3127.0
4006.0 4707.0
2861.0 3891.0
5019.0 4781.0
3380.0 6839.0
3251.0 5296.0
4786.0 7729.0
3947.0 2950.0
2309.0 1355.0
4666.0 4287.0
4738.0 3625.0
3611.0 1828.0
2501.0 6924.0
1312.0 6630.0
7139.0 637.0
2322.0 396.0
9968.0 1281.0
5958.0 2848.0
331.0 9147.0
7763.0 2481.0
6265.0 852.0
5725.0 1417.0
2942.0 9753.0
7902.0 7448.0
6741.0 8577.0
523.0 9019.0
5295.0 1255.0
8196.0 1240.0
6359.0 3308.0
280.0 3637.0
874.0 2744.0
85.0 2783.0
8040.0 5848.0
5945.0 5497.0
2803.0 4799.0
5783.0 732.0
8546.0 6543.0
9299.0 875.0
388.0 4775.0
4334.0 5565.0
6912.0 9523.0
6546.0 3743.0
680.0 1195.0
3990.0 2046.0
402.0 8513.0
692.0 272.0
86.0 2260.0
5849.0 7014.0
3029.0 9249.0
7712.0 1186.0
1019.0 3425.0
3799.0 7550.0
1573.0 3515.0
1513.0 6967.0
8581.0 9126.0
5754.0 4477.0
4188.0 9755.0
2681.0 916.0
2293.0 3553.0
1153.0 6214.0
6504.0 5313.0
6013.0 5049.0
7868.0 5575.0
9780.0 7997.0
299.0 5256.0
1858.0 3877.0
3994.0 2733.0
6864.0 1429.0
9695.0 2791.0
6208.0 997.0
9197.0 9343.0
9446.0 9396.0
9890.0 6324.0
4621.0 3576.0
3721.0 3716.0
9072.0 1331.0
3441.0 8069.0
4916.0 9639.0
1441.0 9454.0
5738.0 3832.0
9082.0 9288.0
3633.0 3265.0
6831.0 5870.0
8157.0 1628.0
8074.0 7140.0
1333.0 2585.0
1960.0 2489.0
5291.0 3890.0
3105.0 8101.0
1636.0 5654.0
8534.0 2678.0
4179.0 916.0
4713.0 3019.0
9082.0 9185.0
9975.0 1339.0
9070.0 6136.0
273.0 8738.0
768.0 5098.0
8530.0 1750.0
6810.0 8503.0
497.0 1363.0
6768.0 9971.0
2437.0 6464.0
3555.0 203.0
8494.0 6078.0
4363.0 2297.0
8111.0 7340.0
7759.0 4736.0
6346.0 8613.0
1036.0 2614.0
2391.0 9659.0
4428.0 348.0
4250.0 3280.0
1268.0 1490.0
9799.0 5350.0
5712.0 3811.0
7183.0 2627.0
2124.0 349.0
9858.0 310.0
2737.0 9545.0
4107.0 3682.0
2635.0 157.0
9445.0 836.0
3759.0 9111.0
4705.0 5814.0
1934.0 2949.0
5184.0 4151.0
3592.0 6041.0
8691.0 5178.0
1240.0 1220.0
867.0 8032.0
9326.0 1020.0
2606.0 773.0
4568.0 156.0
4928.0 4533.0
7343.0 2432.0
9196.0 7099.0
3282.0 7728.0
2955.0 2839.0
6609.0 7243.0
4321.0 8416.0
9398.0 7630.0
224.0 6173.0
3266.0 7239.0
6376.0 9603.0
2695.0 67.0
9300.0 7853.0
1506.0 5629.0
3291.0 8620.0
6621.0 5402.0
7646.0 1417.0
5734.0 8977.0
2033.0 5566.0
7956.0 5646.0
305.0 9865.0
9036.0 9503.0
5680.0 3347.0
5310.0 8811.0
2582.0 9003.0
2908.0 2728.0
3013.0 4947.0
1376.0 1104.0
7809.0 9879.0
3294.0 5475.0
5645.0 2288.0
3980.0 1969.0
5105.0 5323.0
7913.0 9214.0
7706.0 1697.0
930.0 6999.0
2207.0 5604.0
9860.0 3769.0
3057.0 992.0
3637.0 3686.0
8332.0 8171.0
2523.0 6367.0
5036.0 3130.0
4547.0 5016.0
2067.0 6491.0
751.0 1046.0
3761.0 1504.0
3338.0 5935.0
9309.0 3013.0
3345.0 3406.0
5951.0 1803.0
6922.0 7650.0
6247.0 1214.0
1828.0 5722.0
2312.0 5498.0
8240.0 4790.0
2367.0 1750.0
492.0 7402.0
7429.0 9914.0
8825.0 416.0
8517.0 7707.0
2753.0 5794.0
7225.0 9915.0
175.0 3879.0
4996.0 3966.0
8776.0 2355.0
8954.0 6181.0
8901.0 6539.0
4679.0 5649.0
9407.0 9162.0
8715.0 5094.0
681.0 327.0
6212.0 691.0
1379.0 773.0
1530.0 5222.0
7985.0 4157.0
2187.0 1490.0
8822.0 6451.0
8941.0 5408.0
6588.0 3202.0
7430.0 671.0
6042.0 7730.0
9162.0 9448.0
5900.0 6008.0
2259.0 5957.0
6613.0 6331.0
4754.0 2396.0
8048.0 4465.0
5832.0 9117.0
3738.0 7441.0
2852.0 3440.0
771.0 1636.0
4505.0 4058.0
6916.0 3337.0
2933.0 408.0
9103.0 2422.0
234.0 8967.0
9870.0 2351.0
7103.0 844.0
830.0 2094.0
4037.0 7600.0
4811.0 8203.0
7942.0 4725.0
748.0 7664.0
9458.0 4646.0
7935.0 4683.0
8891.0 3740.0
8717.0 7120.0
1101.0 198.0
1259.0 671.0
2161.0 2205.0
6478.0 1510.0
3193.0 8331.0
5713.0 530.0
9187.0 4546.0
8292.0 4860.0
3182.0 4775.0
534.0 4822.0
8639.0 4414.0
344.0 6972.0
5378.0 8700.0
3952.0 6414.0
6933.0 386.0
3944.0 4048.0
9636.0 3585.0
152.0 6893.0
6331.0 3259.0
7518.0 2184.0
62.0 2205.0
7542.0 8368.0
5539.0 9980.0
2390.0 8706.0
8795.0 712.0
3301.0 5601.0
7856.0 9129.0
7346.0 6357.0
9773.0 6817.0
9205.0 3499.0
1878.0 3040.0
6992.0 5344.0
7598.0 7083.0
3773.0 4964.0
9719.0 1517.0
8898.0 8228.0
6391.0 8302.0
5670.0 4071.0
7785.0 2137.0
4546.0 2663.0
3710.0 7987.0
3408.0 9628.0
5077.0 2169.0
9036.0 7002.0
4513.0 8964.0
6356.0 4067.0
4043.0 7095.0
4611.0 3739.0
132.0 3065.0
2006.0 2685.0
8965.0 715.0
2961.0 5805.0
7323.0 8920.0
4557.0 8264.0
6884.0 1876.0
1302.0 731.0
2325.0 8847.0
9772.0 5997.0
6060.0 2795.0
7273.0 7629.0
4968.0 9850.0
1121.0 3812.0
6980.0 3966.0
7597.0 2071.0
7831.0 3727.0
2239.0 3014.0
900.0 704.0
5537.0 3773.0
5418.0 1259.0
631.0 4298.0
934.0 6253.0
2148.0 2171.0
8394.0 5512.0
7711.0 4104.0
658.0 6524.0
6315.0 4805.0
7838.0 9241.0
91.0 6325.0
5283.0 1416.0
8582.0 3607.0
4569.0 1397.0
7183.0 4369.0
356.0 7756.0
3756.0 3990.0
8462.0 7728.0
96.0 8574.0
2984.0 8815.0
7320.0 1827.0
2851.0 494.0
6784.0 3967.0
630.0 5456.0
622.0 3258.0
8949.0 2265.0
8530.0 3388.0
2412.0 3863.0
9866.0 2350.0
5296.0 8840.0
2693.0 944.0
7967.0 4873.0
3865.0 1630.0
7271.0 6256.0
6740.0 839.0
8848.0 9924.0
5623.0 446.0
1630.0 6903.0
8585.0 6540.0
7450.0 8581.0
2673.0 6186.0
1071.0 9733.0
8209.0 5298.0
8485.0 2691.0
1208.0 3354.0
3870.0 9589.0
5559.0 3026.0
8000.0 2111.0
9031.0 5493.0
3525.0 610.0
9754.0 4515.0
4914.0 7067.0
2243.0 4966.0
3454.0 8761.0
4566.0 4017.0
123.0 2089.0
775.0 5573.0
1730.0 8447.0
5196.0 1178.0
8119.0 6565.0
7667.0 3035.0
850.0 8240.0
1341.0 7303.0
6156.0 6877.0
7154.0 8328.0
7554.0 706.0
1544.0 6998.0
5967.0 5171.0
6547.0 8859.0
7674.0 1322.0
3840.0 157.0
2999.0 9691.0
6882.0 2504.0
1022.0 1512.0
7684.0 9281.0
8210.0 1746.0
7382.0 9488.0
1318.0 778.0
2170.0 7174.0
