1
1024 1 3.0 0.0 1000.0 3 160 240 100

6.5 13.5 29.3 58.5
13.0 27.0 58.5 117.0
19.5 40.5 87.8 175.5
26.0 54.0 117.0 234.0
39.0 81.0 175.5 351.0
52.0 108.0 234.0 468.0
58.5 121.5 263.3 526.5
65.0 135.0 292.5 585.0
78.0 162.0 351.0 702.0
0.0 180.0 390.0 780.0

2.0 5.0 8.0 11.0
5.0 8.0 11.0 14.0
9.0 12.0 15.0 18.0
11.0 14.0 17.0 20.0
15.0 18.0 21.0 24.0
18.0 21.0 24.0 27.0
20.0 23.0 26.0 29.0
25.0 28.0 31.0 34.0
29.0 32.0 35.0 38.0
0.0 34.0 37.0 40.0

8749.0 9162.0
4737.0 6499.0
2284.0 2143.0
7627.0 1792.0
3696.0 9081.0
8970.0 1980.0
1456.0 3595.0
6119.0 1352.0
1134.0 2821.0
8177.0 6081.0
4657.0 7441.0
1231.0 9591.0
6293.0 8801.0
166.0 661.0
5701.0 41.0
8667.0 2432.0
903.0 649.0
1503.0 2987.0
6533.0 6354.0
5698.0 658.0
5211.0 8765.0
9697.0 9731.0
2391.0 1682.0
2113.0 4713.0
7542.0 3484.0
4176.0 3817.0
7008.0 7508.0
2465.0 4845.0
6396.0 4844.0
1048.0 9115.0
2855.0 6438.0
4605.0 1608.0
83.0 3951.0
6658.0 7995.0
1422.0 1244.0
9500.0 1709.0
8898.0 951.0
4922.0 6724.0
8538.0 3009.0
7348.0 4209.0
4840.0 4598.0
3467.0 3718.0
9730.0 3373.0
4978.0 2079.0
3862.0 8427.0
3542.0 5650.0
621.0 5883.0
9537.0 4103.0
5663.0 8531.0
8733.0 6400.0
7367.0 1438.0
3470.0 2132.0
6024.0 7928.0
7458.0 3867.0
2138.0 2848.0
5787.0 8697.0
6675.0 2548.0
4255.0 9623.0
8624.0 3476.0
4619.0 9963.0
7706.0 3803.0
4858.0 6426.0
2599.0 5001.0
6065.0 9042.0
7517.0 2774.0
60.0 8581.0
2509.0 9271.0
4324.0 4657.0
5307.0 986.0
3369.0 152.0
5106.0 9259.0
8122.0 152.0
1097.0 2797.0
7453.0 6030.0
1122.0 4123.0
8422.0 7863.0
8301.0 4377.0
4367.0 843.0
5976.0 3367.0
2425.0 3830.0
3828.0 4300.0
4581.0 732.0
524.0 5101.0
8866.0 7867.0
729.0 727.0
9784.0 2965.0
6853.0 3407.0
9588.0 3985.0
8377.0 199.0
4488.0 8408.0
4103.0 9803.0
2413.0 6160.0
5193.0 3024.0
1412.0 1850.0
9336.0 3810.0
302.0 4460.0
8904.0 275.0
5666.0 5177.0
8443.0 7620.0
1800.0 6516.0
9350.0 7377.0
2711.0 8396.0
2090.0 9866.0
7771.0 9351.0
8813.0 9310.0
5119.0 3513.0
1699.0 3493.0
9427.0 6558.0
4907.0 2400.0
3117.0 6260.0
472.0 2732.0
2640.0 5828.0
989.0 7722.0
3917.0 681.0
4457.0 4172.0
3543.0 1835.0
9117.0 1099.0
4846.0 1558.0
8645.0 6940.0
427.0 9463.0
547.0 4701.0
5251.0 9697.0
3112.0 6977.0
6919.0 2394.0
8768.0 5254.0
2204.0 5061.0
4199.0 414.0
1456.0 2045.0
74.0 3840.0
4990.0 2762.0
5731.0 1057.0
8039.0 1850.0
6681.0 2306.0
3389.0 6893.0
5273.0 6970.0
3288.0 1906.0
7375.0 1272.0
4741.0 7222.0
427.0 1153.0
4775.0 8959.0
705.0 4740.0
4803.0 3729.0
168.0 1334.0
5654.0 6746.0
5714.0 6307.0
7400.0 4004.0
6221.0 3852.0
572.0 1690.0
5207.0 1973.0
7855.0 8489.0
9472.0 6647.0
7881.0 8948.0
6561.0 4562.0
5215.0 8572.0
6421.0 6351.0
3127.0 3801.0
5071.0 4733.0
8267.0 2539.0
675.0 4477.0
8833.0 3408.0
4836.0 3600.0
338.0 4369.0
4481.0 7716.0
5574.0 3904.0
2187.0 1950.0
7885.0 388.0
5291.0 7328.0
9335.0 7851.0
6649.0 1063.0
7882.0 8767.0
2378.0 2642.0
163.0 7044.0
4449.0 136.0
8982.0 6882.0
8477.0 3649.0
7107.0 5660.0
9552.0 5306.0
1480.0 1512.0
1477.0 7710.0
4443.0 8768.0
7249.0 5274.0
1063.0 6904.0
1148.0 5346.0
4195.0 1189.0
5275.0 8533.0
1341.0 5674.0
5902.0 150.0
9941.0 1698.0
7470.0 7198.0
178.0 7571.0
4602.0 7788.0
6907.0 7594.0
4976.0 2431.0
4805.0 1090.0
8403.0 9101.0
3350.0 4604.0
9978.0 6481.0
723.0 2931.0
7636.0 2320.0
8237.0 7152.0
6980.0 6307.0
9400.0 318.0
8727.0 9368.0
203.0 3973.0
6621.0 3820.0
9748.0 1160.0
6164.0 1274.0
2804.0 4081.0
7029.0 7718.0
8400.0 7076.0
4488.0 7684.0
1059.0 8086.0
7719.0 1920.0
3765.0 4259.0
5340.0 5474.0
4278.0 9866.0
1022.0 5610.0
8881.0 7197.0
4533.0 1467.0
183.0 3587.0
6061.0 9876.0
8053.0 251.0
4173.0 4249.0
5315.0 1079.0
260.0 5953.0
2279.0 2072.0
4813.0 85.0
6730.0 4558.0
3396.0 64.0
8466.0 7881.0
2649.0 7943.0
9987.0 9703.0
9190.0 9871.0
7441.0 4596.0
6754.0 8610.0
8424.0 4086.0
9431.0 7519.0
5739.0 3810.0
1349.0 2922.0
8717.0 5951.0
5650.0 4283.0
6191.0 7620.0
8121.0 4082.0
7740.0 8343.0
3322.0 1824.0
2295.0 2313.0
3568.0 9088.0
5704.0 3592.0
3614.0 5033.0
1378.0 4895.0
6394.0 4265.0
588.0 3150.0
7670.0 1493.0
1549.0 7478.0
9935.0 9886.0
8861.0 7771.0
8433.0 2527.0
7437.0 4518.0
4631.0 8910.0
7491.0 3056.0
5012.0 859.0
9720.0 7901.0
5530.0 4812.0
2244.0 5333.0
4581.0 9868.0
3445.0 4884.0
9839.0 3515.0
7271.0 2907.0
6820.0 9452.0
133.0 3885.0
9506.0 4427.0
984.0 7644.0
5899.0 3488.0
8677.0 3128.0
3847.0 5580.0
3224.0 1919.0
4993.0 3892.0
28.0 7136.0
7207.0 7865.0
8716.0 5911.0
8342.0 6287.0
665.0 6076.0
6669.0 3374.0
1810.0 249.0
5849.0 2266.0
9864.0 2960.0
4787.0 2841.0
7517.0 9010.0
5217.0 3263.0
5749.0 3691.0
2377.0 7187.0
3829.0 8069.0
6622.0 1019.0
5130.0 4963.0
6328.0 8163.0
332.0 3803.0
4932.0 9653.0
2140.0 5019.0
7469.0 3097.0
8104.0 7139.0
4455.0 4336.0
648.0 2246.0
3461.0 8742.0
5907.0 7964.0
1238.0 1562.0
5474.0 6638.0
1739.0 9225.0
7662.0 4876.0
7894.0 6025.0
7381.0 9101.0
7484.0 3099.0
6221.0 5297.0
5975.0 9098.0
6867.0 3607.0
1644.0 4495.0
8418.0 929.0
882.0 3907.0
1738.0 7210.0
3983.0 3377.0
6419.0 3565.0
4313.0 2012.0
3475.0 2907.0
6177.0 9897.0
354.0 6251.0
9254.0 6693.0
7384.0 345.0
9948.0 7851.0
7241.0 4802.0
2502.0 7828.0
1547.0 9394.0
5232.0 2243.0
1201.0 4669.0
9732.0 3379.0
9545.0 1559.0
3394.0 5938.0
9957.0 8148.0
8106.0 2478.0
1986.0 4247.0
474.0 430.0
2624.0 6959.0
1415.0 5119.0
1812.0 2888.0
5480.0 5704.0
3793.0 5159.0
2760.0 3441.0
8400.0 5909.0
8712.0 4198.0
8897.0 7418.0
9778.0 9621.0
5451.0 7548.0
5130.0 3875.0
5869.0 7639.0
7402.0 5370.0
7666.0 3540.0
7762.0 5388.0
8092.0 2935.0
3163.0 8023.0
1211.0 4630.0
6147.0 8350.0
3629.0 7955.0
27.0 8236.0
2977.0 2961.0
4821.0 1707.0
5755.0 4563.0
1776.0 4283.0
3624.0 6298.0
6838.0 3207.0
9768.0 1865.0
5924.0 7956.0
9410.0 5106.0
7335.0 2981.0
1092.0 1593.0
9177.0 7063.0
7819.0 7487.0
2130.0 6213.0
9670.0 3835.0
424.0 9530.0
1972.0 6961.0
6366.0 9921.0
5647.0 8124.0
6277.0 4109.0
8825.0 8101.0
8188.0 8836.0
1336.0 4867.0
4142.0 2677.0
6164.0 5021.0
2463.0 5380.0
4485.0 2138.0
7833.0 9145.0
3378.0 7709.0
9537.0 8752.0
7817.0 2816.0
724.0 9966.0
1034.0 1227.0
4033.0 8111.0
9874.0 7071.0
1440.0 1248.0
4227.0 2742.0
8682.0 4859.0
2143.0 5214.0
7089.0 7457.0
4734.0 1424.0
8205.0 9030.0
7468.0 5884.0
9026.0 6739.0
6943.0 6191.0
8221.0 4780.0
4759.0 4596.0
6171.0 7828.0
2580.0 6300.0
4203.0 9974.0
4985.0 7637.0
846.0 3566.0
9223.0 9803.0
5471.0 4879.0
3455.0 6315.0
2169.0 6017.0
7603.0 4837.0
9217.0 4960.0
3392.0 6559.0
1976.0 8188.0
2697.0 8781.0
9583.0 2770.0
5794.0 8870.0
8286.0 7352.0
3609.0 256.0
6766.0 3949.0
584.0 3625.0
1307.0 4962.0
7238.0 8979.0
1165.0 2322.0
4049.0 6728.0
6976.0 8187.0
737.0 8468.0
7572.0 9099.0
7568.0 622.0
3041.0 8025.0
7764.0 6600.0
4395.0 1175.0
2632.0 5643.0
2685.0 9039.0
3513.0 9018.0
2927.0 3532.0
7145.0 6728.0
682.0 5679.0
3546.0 393.0
1646.0 744.0
8025.0 479.0
7099.0 218.0
1406.0 8533.0
564.0 2586.0
5087.0 7576.0
3532.0 7279.0
19.0 6349.0
603.0 8734.0
1214.0 5537.0
6886.0 9968.0
1888.0 6669.0
3024.0 7582.0
3825.0 6836.0
5687.0 2614.0
3080.0 4902.0
3882.0 4147.0
2619.0 7370.0
3940.0 5097.0
5989.0 4560.0
8527.0 2081.0
8625.0 278.0
7525.0 3793.0
5903.0 623.0
1147.0 4790.0
9525.0 110.0
8127.0 4111.0
6351.0 5763.0
4340.0 642.0
6275.0 2350.0
9709.0 9632.0
8241.0 4417.0
3735.0 7289.0
6014.0 3290.0
2525.0 2854.0
7790.0 9708.0
2646.0 82.0
6261.0 5251.0
9672.0 2535.0
8235.0 8224.0
1769.0 9595.0
5399.0 2165.0
1174.0 2638.0
347.0 7642.0
8914.0 3242.0
4454.0 498.0
618.0 7881.0
6718.0 2211.0
3780.0 5999.0
5154.0 534.0
9315.0 881.0
4850.0 1078.0
2767.0 5235.0
9287.0 3002.0
3013.0 5908.0
4024.0 4473.0
8826.0 4633.0
4342.0 6063.0
6137.0 4238.0
965.0 2742.0
1353.0 2219.0
440.0 7640.0
8580.0 6100.0
9293.0 3230.0
1112.0 7489.0
3554.0 8108.0
21.0 4240.0
7759.0 21.0
5211.0 2645.0
20.0 8327.0
6792.0 4068.0
2280.0 1523.0
7106.0 2923.0
7335.0 8035.0
6280.0 5426.0
6751.0 910.0
6645.0 1027.0
6244.0 9587.0
3868.0 937.0
7658.0 4412.0
5161.0 666.0
9118.0 2047.0
7412.0 5978.0
7471.0 2458.0
589.0 4192.0
9618.0 629.0
4266.0 5231.0
1829.0 8672.0
7634.0 9335.0
8653.0 6498.0
5835.0 857.0
5517.0 1716.0
7976.0 48.0
1622.0 1913.0
4677.0 7256.0
2228.0 4992.0
5505.0 6443.0
1944.0 5724.0
9136.0 7437.0
3112.0 9185.0
1609.0 8839.0
5888.0 4228.0
519.0 5987.0
9127.0 2671.0
5493.0 905.0
3675.0 2361.0
7813.0 3640.0
2158.0 4764.0
4532.0 6907.0
1885.0 262.0
4933.0 8452.0
9948.0 6819.0
9680.0 8054.0
2143.0 167.0
5521.0 8571.0
9796.0 6192.0
895.0 2950.0
1100.0 8674.0
275.0 1615.0
6065.0 8046.0
7627.0 7144.0
6694.0 9345.0
1817.0 5650.0
6461.0 4.0
9325.0 6783.0
5716.0 667.0
2110.0 6764.0
2113.0 4668.0
995.0 1365.0
7648.0 4365.0
7400.0 8251.0
6437.0 4971.0
8794.0 597.0
9801.0 9060.0
5708.0 6392.0
7791.0 7399.0
662.0 350.0
8736.0 4287.0
1858.0 7836.0
918.0 8050.0
6992.0 2721.0
2981.0 9860.0
5038.0 3586.0
2175.0 6551.0
6344.0 5187.0
2028.0 5584.0
3911.0 4586.0
3559.0 2830.0
1191.0 3877.0
6627.0 6334.0
4259.0 3908.0
517.0 1730.0
8713.0 5926.0
5366.0 7462.0
4160.0 541.0
8540.0 483.0
1619.0 5946.0
2537.0 5582.0
1718.0 9782.0
3557.0 4032.0
4017.0 1590.0
2298.0 9684.0
321.0 5230.0
1113.0 3206.0
7323.0 3222.0
4115.0 7611.0
6443.0 7378.0
9330.0 743.0
1199.0 2685.0
4504.0 2889.0
4980.0 3810.0
668.0 172.0
4545.0 6175.0
53.0 6902.0
7135.0 5996.0
7468.0 2536.0
1516.0 6211.0
6735.0 1421.0
5829.0 7696.0
6285.0 5976.0
7587.0 7711.0
514.0 6487.0
3665.0 9953.0
6011.0 3164.0
656.0 3168.0
4237.0 8644.0
8417.0 7701.0
4788.0 1583.0
2180.0 1929.0
5814.0 4521.0
1068.0 2966.0
711.0 1664.0
3361.0 8571.0
2689.0 4769.0
1386.0 9668.0
1310.0 7773.0
1357.0 5385.0
7601.0 3350.0
6034.0 5035.0
6840.0 7048.0
545.0 3955.0
630.0 7174.0
4223.0 2604.0
2341.0 1091.0
3816.0 846.0
2538.0 1091.0
5905.0 1833.0
3498.0 5506.0
8910.0 2387.0
4394.0 3229.0
7501.0 9315.0
1288.0 2293.0
4794.0 3557.0
8489.0 5694.0
170.0 6586.0
415.0 97.0
3071.0 5976.0
5540.0 5612.0
5621.0 9544.0
6534.0 7294.0
9436.0 9994.0
3190.0 1525.0
4456.0 4461.0
7263.0 2951.0
168.0 5882.0
784.0 140.0
2059.0 5602.0
1990.0 614.0
8660.0 9127.0
5444.0 8429.0
7023.0 9446.0
5460.0 9965.0
6991.0 4826.0
4430.0 6083.0
7110.0 503.0
157.0 1325.0
7532.0 6180.0
8790.0 3310.0
7760.0 3741.0
2475.0 8001.0
9597.0 2099.0
3302.0 8993.0
8131.0 8602.0
7676.0 1500.0
6129.0 8892.0
7695.0 4197.0
9679.0 9638.0
8638.0 4581.0
5428.0 1074.0
4176.0 6022.0
2284.0 8727.0
3392.0 7162.0
2914.0 6270.0
6229.0 6820.0
2906.0 3909.0
6447.0 85.0
7933.0 9214.0
3713.0 3746.0
1784.0 9813.0
8905.0 1724.0
601.0 9859.0
9248.0 3680.0
1178.0 4688.0
2368.0 2451.0
3684.0 581.0
886.0 8486.0
1641.0 9039.0
1629.0 1946.0
4524.0 7492.0
6078.0 5626.0
837.0 858.0
1152.0 4368.0
1997.0 848.0
1918.0 9131.0
9901.0 2462.0
347.0 6372.0
3512.0 9559.0
6694.0 5919.0
2324.0 3933.0
2631.0 2977.0
7051.0 4807.0
7709.0 2462.0
395.0 8152.0
3272.0 6288.0
3248.0 7757.0
405.0 6811.0
4170.0 2447.0
1034.0 2067.0
2506.0 6379.0
3769.0 971.0
7983.0 1827.0
8598.0 9159.0
2150.0 6359.0
7030.0 8618.0
9497.0 8834.0
6786.0 6769.0
8624.0 1125.0
2648.0 3185.0
6294.0 4984.0
7560.0 4585.0
9728.0 5966.0
585.0 1285.0
5004.0 8817.0
821.0 760.0
1887.0 1255.0
8873.0 6490.0
7972.0 5542.0
9990.0 2741.0
7465.0 9773.0
5463.0 8465.0
2467.0 3290.0
1383.0 5954.0
7116.0 3136.0
6372.0 2448.0
7424.0 966.0
2373.0 5331.0
2175.0 2324.0
5113.0 4089.0
2731.0 2703.0
3338.0 4702.0
2089.0 7306.0
8413.0 4627.0
6056.0 3913.0
8404.0 9029.0
1882.0 776.0
3226.0 1438.0
2205.0 3949.0
9975.0 4491.0
4665.0 980.0
30.0 8915.0
27.0 358.0
2046.0 1429.0
4182.0 8654.0
7415.0 4716.0
1855.0 9746.0
7317.0 5136.0
2396.0 3059.0
2958.0 6349.0
485.0 233.0
3084.0 9496.0
7115.0 2116.0
5393.0 3122.0
8698.0 522.0
928.0 8484.0
4653.0 1645.0
3063.0 8433.0
6315.0 560.0
5184.0 507.0
2535.0 8708.0
3662.0 7420.0
9798.0 8803.0
5214.0 605.0
7239.0 4046.0
273.0 4961.0
9383.0 1087.0
6448.0 5499.0
1977.0 8627.0
8687.0 9018.0
8758.0 6094.0
5237.0 6493.0
9513.0 9287.0
1013.0 4343.0
2278.0 2423.0
2472.0 5223.0
5027.0 8479.0
583.0 1530.0
4716.0 2265.0
1016.0 7264.0
4008.0 3120.0
3134.0 6421.0
8558.0 6672.0
1901.0 8583.0
193.0 7541.0
9294.0 4858.0
3837.0 7436.0
4337.0 9848.0
8546.0 5535.0
3344.0 7796.0
5496.0 566.0
4488.0 3587.0
8271.0 6516.0
3276.0 1759.0
3309.0 6364.0
8057.0 9194.0
865.0 767.0
7141.0 9650.0
9320.0 1105.0
1647.0 795.0
8215.0 8799.0
678.0 6917.0
7838.0 5322.0
7915.0 2960.0
5730.0 9808.0
1244.0 8064.0
2959.0 3685.0
9515.0 9266.0
5509.0 4233.0
3023.0 8519.0
8638.0 1489.0
6832.0 8715.0
4557.0 5416.0
8527.0 6847.0
6288.0 2738.0
4503.0 5002.0
3032.0 5368.0
1390.0 2324.0
4929.0 4834.0
1724.0 3634.0
7533.0 9626.0
5446.0 2852.0
8870.0 4865.0
1355.0 1900.0
4430.0 6223.0
5098.0 8236.0
7931.0 2498.0
2805.0 6696.0
8230.0 3756.0
1975.0 3802.0
5204.0 4470.0
3708.0 5197.0
9983.0 3547.0
2883.0 9376.0
7356.0 5681.0
5394.0 3382.0
728.0 922.0
4036.0 8610.0
2465.0 1895.0
7142.0 7415.0
4977.0 575.0
6584.0 3657.0
402.0 9028.0
4224.0 2870.0
9236.0 1044.0
8428.0 204.0
749.0 4057.0
4741.0 6813.0
570.0 3288.0
7322.0 7851.0
3252.0 2510.0
245.0 7735.0
204.0 8357.0
265.0 846.0
5820.0 7579.0
5150.0 8332.0
7163.0 9176.0
4183.0 4167.0
5060.0 5812.0
9934.0 6144.0
6951.0 1420.0
2901.0 9958.0
4350.0 4428.0
3129.0 7040.0
269.0 8497.0
5400.0 9318.0
4453.0 5216.0
7100.0 6556.0
6776.0 5629.0
366.0 4440.0
1667.0 48.0
2612.0 4084.0
8882.0 8035.0
2031.0 6099.0
8520.0 2986.0
7189.0 4915.0
585.0 8220.0
2295.0 1496.0
1996.0 3995.0
2261.0 5132.0
6346.0 7360.0
4146.0 7453.0
4308.0 9255.0
4096.0 4352.0
5003.0 5787.0
1362.0 3955.0
1205.0 3074.0
3526.0 1324.0
3724.0 7588.0
9506.0 3048.0
2819.0 6407.0
9464.0 7378.0
6997.0 4286.0
3209.0 8090.0
2050.0 6969.0
1200.0 2720.0
5666.0 2643.0
4743.0 8347.0
5496.0 5961.0
4498.0 586.0
995.0 1546.0
8881.0 3947.0
1915.0 6383.0
6474.0 4243.0
8782.0 3013.0
9045.0 6182.0
3227.0 7960.0
4267.0 1843.0
8504.0 2281.0
9753.0 8163.0
3061.0 3667.0
2497.0 4129.0
2506.0 2013.0
336.0 824.0
7832.0 2852.0
4513.0 9991.0
229.0 5595.0
4966.0 9285.0
5367.0 5963.0
2429.0 4876.0
2471.0 4542.0
3955.0 4557.0
6060.0 5876.0
954.0 7044.0
694.0 4999.0
1357.0 5602.0
1576.0 829.0
1.0 6686.0
6370.0 8346.0
3845.0 6749.0
6084.0 3948.0
1097.0 2882.0
5359.0 912.0
5890.0 5456.0
5038.0 4382.0
2570.0 3419.0
2335.0 7775.0
6224.0 5426.0
6491.0 5042.0
8538.0 2453.0
242.0 5680.0
589.0 72.0
9954.0 1929.0
6675.0 1034.0
9798.0 44.0
5779.0 1342.0
7784.0 79.0
9774.0 5467.0
4032.0 1077.0
9969.0 8879.0
4122.0 1099.0
6095.0 8541.0
2864.0 3991.0
4336.0 4553.0
6365.0 7310.0
3505.0 8595.0
2718.0 8322.0
966.0 7329.0
4178.0 7486.0
2405.0 1445.0
6180.0 1341.0
2050.0 3491.0
1041.0 9201.0
2445.0 162.0
6697.0 583.0
5371.0 7221.0
3343.0 2774.0
8032.0 7695.0
3304.0 460.0
1081.0 6529.0
2008.0 1817.0
7624.0 7353.0
402.0 7991.0
4762.0 9527.0
1665.0 5380.0
1813.0 6132.0
7571.0 2621.0
1781.0 6064.0
2353.0 6707.0
5199.0 5901.0
4418.0 5149.0
7932.0 9707.0
8767.0 3583.0
7051.0 7433.0
5469.0 757.0
1370.0 5078.0
2043.0 5291.0
5759.0 2290.0
99.0 1139.0
826.0 5538.0

8754.0 9167.0
4742.0 6503.0
2289.0 2149.0
7632.0 1796.0
3702.0 9087.0
8975.0 1984.0
1460.0 3601.0
6123.0 1358.0
1140.0 2826.0
8182.0 6087.0
4662.0 7446.0
1237.0 9595.0
6297.0 8807.0
171.0 665.0
5706.0 46.0
8671.0 2436.0
907.0 655.0
1508.0 2991.0
6538.0 6358.0
5702.0 663.0
5216.0 8769.0
9702.0 9737.0
2396.0 1687.0
2118.0 4719.0
7547.0 3489.0
4182.0 3822.0
7013.0 7513.0
2469.0 4849.0
6401.0 4849.0
1053.0 9121.0
2859.0 6444.0
4609.0 1614.0
87.0 3956.0
6664.0 8001.0
1428.0 1250.0
9506.0 1713.0
8903.0 956.0
4927.0 6729.0
8543.0 3014.0
7352.0 4215.0
4845.0 4603.0
3473.0 3724.0
9736.0 3378.0
4982.0 2083.0
3866.0 8432.0
3547.0 5654.0
626.0 5887.0
9543.0 4107.0
5669.0 8535.0
8737.0 6405.0
7372.0 1442.0
3475.0 2136.0
6028.0 7932.0
7463.0 3872.0
2144.0 2852.0
5792.0 8702.0
6681.0 2552.0
4261.0 9629.0
8629.0 3481.0
4625.0 9969.0
7711.0 3807.0
4863.0 6431.0
2603.0 5006.0
6071.0 9048.0
7521.0 2778.0
64.0 8587.0
2514.0 9275.0
4329.0 4662.0
5312.0 990.0
3374.0 157.0
5112.0 9265.0
8127.0 156.0
1102.0 2802.0
7459.0 6035.0
1126.0 4129.0
8428.0 7867.0
8306.0 4382.0
4373.0 848.0
5981.0 3371.0
2430.0 3835.0
3834.0 4306.0
4586.0 738.0
530.0 5107.0
8872.0 7872.0
734.0 731.0
9789.0 2969.0
6859.0 3412.0
9594.0 3990.0
8381.0 205.0
4493.0 8412.0
4107.0 9807.0
2419.0 6165.0
5199.0 3029.0
1417.0 1855.0
9341.0 3816.0
307.0 4465.0
8909.0 280.0
5671.0 5182.0
8448.0 7625.0
1805.0 6521.0
9355.0 7383.0
2716.0 8402.0
2095.0 9870.0
7776.0 9356.0
8818.0 9314.0
5125.0 3518.0
1704.0 3498.0
9432.0 6562.0
4912.0 2404.0
3122.0 6266.0
477.0 2738.0
2645.0 5833.0
994.0 7727.0
3922.0 686.0
4462.0 4177.0
3547.0 1841.0
9121.0 1104.0
4850.0 1562.0
8650.0 6944.0
432.0 9468.0
553.0 4706.0
5256.0 9701.0
3118.0 6982.0
6924.0 2399.0
8772.0 5259.0
2210.0 5066.0
4204.0 419.0
1461.0 2050.0
79.0 3845.0
4996.0 2767.0
5737.0 1062.0
8044.0 1855.0
6686.0 2312.0
3394.0 6898.0
5278.0 6975.0
3292.0 1912.0
7379.0 1278.0
4747.0 7227.0
433.0 1159.0
4781.0 8964.0
711.0 4745.0
4807.0 3733.0
172.0 1339.0
5658.0 6752.0
5719.0 6312.0
7406.0 4008.0
6226.0 3858.0
578.0 1695.0
5211.0 1978.0
7861.0 8494.0
9476.0 6651.0
7886.0 8954.0
6566.0 4568.0
5220.0 8577.0
6425.0 6356.0
3133.0 3806.0
5076.0 4738.0
8272.0 2544.0
681.0 4483.0
8837.0 3413.0
4841.0 3606.0
343.0 4375.0
4486.0 7721.0
5579.0 3909.0
2192.0 1956.0
7890.0 394.0
5296.0 7333.0
9340.0 7856.0
6653.0 1068.0
7886.0 8772.0
2384.0 2647.0
168.0 7050.0
4454.0 140.0
8987.0 6887.0
8481.0 3654.0
7113.0 5665.0
9557.0 5312.0
1486.0 1517.0
1482.0 7714.0
4448.0 8773.0
7255.0 5280.0
1068.0 6909.0
1154.0 5351.0
4199.0 1195.0
5281.0 8538.0
1347.0 5679.0
5907.0 155.0
9945.0 1702.0
7474.0 7203.0
183.0 7576.0
4608.0 7793.0
6911.0 7600.0
4980.0 2435.0
4811.0 1095.0
8409.0 9105.0
3356.0 4609.0
9983.0 6485.0
728.0 2936.0
7641.0 2325.0
8242.0 7157.0
6986.0 6313.0
9405.0 324.0
8733.0 9373.0
207.0 3978.0
6626.0 3825.0
9754.0 1164.0
6169.0 1279.0
2808.0 4085.0
7033.0 7723.0
8406.0 7082.0
4492.0 7689.0
1063.0 8091.0
7723.0 1926.0
3769.0 4264.0
5344.0 5479.0
4283.0 9871.0
1027.0 5615.0
8887.0 7201.0
4538.0 1472.0
188.0 3593.0
6066.0 9881.0
8059.0 256.0
4178.0 4253.0
5319.0 1084.0
265.0 5958.0
2283.0 2078.0
4817.0 91.0
6736.0 4562.0
3400.0 69.0
8471.0 7885.0
2654.0 7947.0
9992.0 9708.0
9195.0 9875.0
7447.0 4602.0
6758.0 8614.0
8429.0 4092.0
9437.0 7525.0
5743.0 3816.0
1353.0 2927.0
8722.0 5957.0
5655.0 4287.0
6196.0 7624.0
8125.0 4086.0
7744.0 8347.0
3327.0 1830.0
2300.0 2317.0
3573.0 9093.0
5708.0 3596.0
3618.0 5038.0
1384.0 4901.0
6398.0 4269.0
594.0 3155.0
7675.0 1499.0
1553.0 7484.0
9940.0 9890.0
8867.0 7777.0
8439.0 2533.0
7442.0 4524.0
4636.0 8914.0
7496.0 3061.0
5017.0 864.0
9725.0 7907.0
5534.0 4818.0
2249.0 5338.0
4585.0 9874.0
3450.0 4889.0
9844.0 3520.0
7276.0 2911.0
6824.0 9458.0
139.0 3889.0
9510.0 4432.0
989.0 7649.0
5905.0 3493.0
8682.0 3133.0
3853.0 5585.0
3228.0 1925.0
4997.0 3897.0
33.0 7142.0
7213.0 7870.0
8722.0 5916.0
8346.0 6292.0
669.0 6080.0
6674.0 3379.0
1816.0 254.0
5854.0 2271.0
9869.0 2965.0
4793.0 2845.0
7523.0 9015.0
5222.0 3268.0
5753.0 3696.0
2381.0 7192.0
3834.0 8073.0
6628.0 1023.0
5134.0 4968.0
6333.0 8169.0
337.0 3808.0
4938.0 9659.0
2146.0 5024.0
7474.0 3103.0
8108.0 7144.0
4461.0 4341.0
652.0 2251.0
3467.0 8746.0
5913.0 7969.0
1243.0 1567.0
5478.0 6642.0
1743.0 9230.0
7666.0 4881.0
7899.0 6030.0
7385.0 9106.0
7488.0 3103.0
6226.0 5302.0
5979.0 9104.0
6872.0 3612.0
1649.0 4500.0
8423.0 935.0
888.0 3912.0
1743.0 7215.0
3988.0 3383.0
6425.0 3570.0
4318.0 2016.0
3480.0 2913.0
6182.0 9903.0
358.0 6256.0
9258.0 6698.0
7388.0 350.0
9952.0 7857.0
7245.0 4807.0
2506.0 7833.0
1552.0 9400.0
5238.0 2248.0
1206.0 4675.0
9737.0 3384.0
9551.0 1563.0
3398.0 5943.0
9962.0 8153.0
8110.0 2484.0
1991.0 4252.0
479.0 435.0
2629.0 6964.0
1420.0 5123.0
1817.0 2893.0
5485.0 5710.0
3798.0 5164.0
2765.0 3446.0
8406.0 5914.0
8716.0 4202.0
8902.0 7424.0
9783.0 9626.0
5456.0 7553.0
5134.0 3881.0
5875.0 7644.0
7408.0 5375.0
7671.0 3546.0
7766.0 5393.0
8097.0 2941.0
3168.0 8029.0
1217.0 4635.0
6152.0 8355.0
3633.0 7961.0
31.0 8242.0
2981.0 2966.0
4825.0 1713.0
5759.0 4567.0
1781.0 4288.0
3630.0 6302.0
6843.0 3212.0
9772.0 1869.0
5929.0 7962.0
9414.0 5112.0
7340.0 2986.0
1097.0 1598.0
9182.0 7069.0
7824.0 7492.0
2134.0 6218.0
9676.0 3840.0
429.0 9535.0
1977.0 6967.0
6371.0 9927.0
5652.0 8129.0
6282.0 4114.0
8831.0 8107.0
8193.0 8840.0
1340.0 4872.0
4148.0 2682.0
6169.0 5026.0
2468.0 5385.0
4489.0 2143.0
7838.0 9150.0
3383.0 7714.0
9543.0 8756.0
7822.0 2822.0
728.0 9971.0
1038.0 1232.0
4037.0 8115.0
9880.0 7077.0
1446.0 1253.0
4231.0 2747.0
8687.0 4865.0
2148.0 5219.0
7095.0 7461.0
4739.0 1429.0
8211.0 9035.0
7472.0 5890.0
9031.0 6743.0
6949.0 6195.0
8226.0 4785.0
4763.0 4601.0
6175.0 7832.0
2586.0 6306.0
4208.0 9980.0
4990.0 7642.0
850.0 3570.0
9227.0 9809.0
5475.0 4884.0
3461.0 6319.0
2174.0 6023.0
7609.0 4841.0
9222.0 4965.0
3397.0 6564.0
1981.0 8192.0
2703.0 8786.0
9589.0 2776.0
5799.0 8876.0
8292.0 7358.0
3613.0 260.0
6770.0 3953.0
589.0 3630.0
1312.0 4967.0
7243.0 8984.0
1170.0 2327.0
4054.0 6733.0
6982.0 8192.0
743.0 8473.0
7576.0 9103.0
7573.0 628.0
3046.0 8029.0
7769.0 6605.0
4400.0 1181.0
2636.0 5648.0
2691.0 9044.0
3518.0 9023.0
2932.0 3537.0
7150.0 6732.0
688.0 5685.0
3551.0 397.0
1650.0 748.0
8030.0 483.0
7104.0 223.0
1412.0 8537.0
570.0 2592.0
5093.0 7581.0
3538.0 7284.0
24.0 6354.0
609.0 8739.0
1218.0 5541.0
6891.0 9974.0
1893.0 6673.0
3029.0 7587.0
3830.0 6841.0
5693.0 2620.0
3084.0 4907.0
3886.0 4153.0
2625.0 7375.0
3944.0 5101.0
5993.0 4565.0
8531.0 2087.0
8630.0 283.0
7530.0 3799.0
5908.0 627.0
1152.0 4795.0
9529.0 115.0
8132.0 4116.0
6356.0 5769.0
4344.0 647.0
6279.0 2356.0
9714.0 9637.0
8246.0 4422.0
3740.0 7294.0
6018.0 3296.0
2530.0 2859.0
7795.0 9713.0
2651.0 88.0
6267.0 5256.0
9676.0 2540.0
8240.0 8228.0
1775.0 9600.0
5405.0 2171.0
1179.0 2642.0
352.0 7646.0
8920.0 3247.0
4459.0 503.0
624.0 7885.0
6723.0 2217.0
3786.0 6004.0
5159.0 538.0
9320.0 886.0
4854.0 1082.0
2772.0 5240.0
9292.0 3007.0
3019.0 5914.0
4030.0 4478.0
8830.0 4639.0
4347.0 6067.0
6142.0 4242.0
970.0 2746.0
1358.0 2224.0
444.0 7644.0
8585.0 6105.0
9298.0 3235.0
1117.0 7494.0
3559.0 8113.0
25.0 4245.0
7763.0 26.0
5217.0 2650.0
24.0 8331.0
6797.0 4073.0
2285.0 1528.0
7111.0 2929.0
7339.0 8041.0
6286.0 5430.0
6756.0 915.0
6651.0 1032.0
6249.0 9592.0
3873.0 942.0
7664.0 4417.0
5166.0 672.0
9122.0 2052.0
7417.0 5984.0
7476.0 2462.0
595.0 4197.0
9623.0 634.0
4270.0 5236.0
1833.0 8677.0
7639.0 9341.0
8658.0 6503.0
5840.0 862.0
5523.0 1722.0
7982.0 53.0
1627.0 1918.0
4682.0 7262.0
2234.0 4998.0
5511.0 6448.0
1948.0 5730.0
9141.0 7443.0
3116.0 9189.0
1614.0 8843.0
5893.0 4234.0
523.0 5992.0
9133.0 2676.0
5497.0 909.0
3680.0 2366.0
7817.0 3646.0
2163.0 4770.0
4536.0 6912.0
1889.0 268.0
4938.0 8456.0
9954.0 6824.0
9684.0 8060.0
2148.0 172.0
5527.0 8576.0
9801.0 6196.0
900.0 2955.0
1106.0 8680.0
281.0 1621.0
6071.0 8050.0
7631.0 7149.0
6698.0 9350.0
1821.0 5655.0
6466.0 10.0
9330.0 6788.0
5721.0 673.0
2115.0 6768.0
2117.0 4672.0
1000.0 1370.0
7653.0 4370.0
7406.0 8256.0
6441.0 4976.0
8798.0 602.0
9806.0 9065.0
5712.0 6398.0
7797.0 7404.0
667.0 355.0
8741.0 4292.0
1864.0 7842.0
923.0 8055.0
6997.0 2726.0
2985.0 9865.0
5042.0 3592.0
2180.0 6556.0
6349.0 5192.0
2033.0 5589.0
3915.0 4591.0
3563.0 2835.0
1195.0 3881.0
6631.0 6339.0
4264.0 3913.0
523.0 1736.0
8718.0 5931.0
5371.0 7467.0
4166.0 546.0
8545.0 487.0
1624.0 5951.0
2542.0 5588.0
1723.0 9787.0
3563.0 4038.0
4022.0 1596.0
2303.0 9688.0
326.0 5236.0
1117.0 3210.0
7328.0 3227.0
4120.0 7616.0
6449.0 7383.0
9335.0 747.0
1204.0 2690.0
4510.0 2894.0
4986.0 3816.0
673.0 177.0
4549.0 6179.0
57.0 6908.0
7140.0 6002.0
7472.0 2542.0
1521.0 6217.0
6741.0 1427.0
5833.0 7701.0
6291.0 5982.0
7592.0 7716.0
519.0 6492.0
3670.0 9958.0
6017.0 3170.0
661.0 3172.0
4241.0 8648.0
8423.0 7705.0
4794.0 1588.0
2186.0 1934.0
5819.0 4527.0
1073.0 2971.0
716.0 1669.0
3366.0 8576.0
2695.0 4774.0
1391.0 9673.0
1316.0 7778.0
1361.0 5391.0
7606.0 3356.0
6039.0 5040.0
6846.0 7053.0
551.0 3961.0
635.0 7180.0
4228.0 2609.0
2347.0 1097.0
3821.0 851.0
2544.0 1096.0
5909.0 1837.0
3504.0 5512.0
8915.0 2392.0
4400.0 3233.0
7505.0 9320.0
1292.0 2298.0
4800.0 3562.0
8494.0 5700.0
175.0 6590.0
421.0 103.0
3077.0 5982.0
5544.0 5616.0
5625.0 9549.0
6540.0 7300.0
9442.0 9999.0
3195.0 1530.0
4460.0 4467.0
7268.0 2957.0
174.0 5888.0
789.0 145.0
2064.0 5606.0
1996.0 619.0
8665.0 9132.0
5449.0 8435.0
7028.0 9450.0
5465.0 9970.0
6995.0 4832.0
4435.0 6087.0
7114.0 507.0
162.0 1330.0
7536.0 6184.0
8794.0 3315.0
7764.0 3746.0
2481.0 8007.0
9602.0 2103.0
3306.0 8997.0
8136.0 8608.0
7681.0 1504.0
6134.0 8897.0
7700.0 4202.0
9684.0 9642.0
8643.0 4585.0
5432.0 1080.0
4182.0 6027.0
2289.0 8732.0
3397.0 7166.0
2919.0 6275.0
6233.0 6825.0
2912.0 3914.0
6452.0 90.0
7938.0 9218.0
3719.0 3750.0
1789.0 9819.0
8909.0 1728.0
606.0 9864.0
9253.0 3685.0
1183.0 4692.0
2373.0 2457.0
3689.0 586.0
890.0 8492.0
1647.0 9045.0
1635.0 1950.0
4529.0 7497.0
6082.0 5631.0
843.0 862.0
1158.0 4373.0
2002.0 854.0
1923.0 9135.0
9907.0 2467.0
351.0 6377.0
3517.0 9563.0
6700.0 5924.0
2328.0 3938.0
2637.0 2983.0
7056.0 4812.0
7715.0 2467.0
401.0 8157.0
3277.0 6293.0
3253.0 7763.0
410.0 6817.0
4174.0 2451.0
1038.0 2072.0
2511.0 6385.0
3774.0 977.0
7988.0 1833.0
8602.0 9163.0
2155.0 6364.0
7035.0 8622.0
9502.0 8839.0
6791.0 6773.0
8630.0 1130.0
2653.0 3190.0
6300.0 4988.0
7564.0 4590.0
9732.0 5971.0
590.0 1289.0
5009.0 8822.0
825.0 764.0
1893.0 1259.0
8878.0 6495.0
7977.0 5548.0
9994.0 2746.0
7470.0 9778.0
5468.0 8470.0
2472.0 3295.0
1388.0 5960.0
7121.0 3141.0
6377.0 2452.0
7428.0 971.0
2379.0 5335.0
2180.0 2328.0
5119.0 4095.0
2737.0 2709.0
3343.0 4707.0
2093.0 7311.0
8419.0 4633.0
6061.0 3917.0
8409.0 9034.0
1886.0 781.0
3230.0 1443.0
2210.0 3954.0
9981.0 4495.0
4669.0 986.0
36.0 8919.0
32.0 364.0
2052.0 1435.0
4187.0 8660.0
7421.0 4720.0
1861.0 9752.0
7323.0 5141.0
2402.0 3063.0
2964.0 6353.0
490.0 239.0
3088.0 9502.0
7119.0 2122.0
5398.0 3126.0
8702.0 528.0
933.0 8488.0
4658.0 1650.0
3067.0 8438.0
6320.0 566.0
5189.0 513.0
2540.0 8714.0
3668.0 7424.0
9802.0 8808.0
5220.0 610.0
7244.0 4052.0
279.0 4966.0
9388.0 1091.0
6454.0 5503.0
1981.0 8632.0
8692.0 9023.0
8762.0 6100.0
5241.0 6498.0
9517.0 9293.0
1019.0 4349.0
2283.0 2427.0
2477.0 5228.0
5033.0 8484.0
588.0 1536.0
4720.0 2270.0
1022.0 7270.0
4013.0 3125.0
3140.0 6426.0
8563.0 6676.0
1906.0 8587.0
198.0 7545.0
9298.0 4863.0
3842.0 7441.0
4341.0 9852.0
8551.0 5539.0
3349.0 7801.0
5502.0 571.0
4493.0 3592.0
8275.0 6521.0
3281.0 1764.0
3313.0 6368.0
8063.0 9199.0
869.0 771.0
7146.0 9656.0
9325.0 1111.0
1653.0 801.0
8220.0 8804.0
684.0 6923.0
7843.0 5327.0
7919.0 2965.0
5735.0 9812.0
1250.0 8068.0
2964.0 3689.0
9519.0 9272.0
5514.0 4237.0
3028.0 8525.0
8642.0 1495.0
6836.0 8719.0
4563.0 5421.0
8531.0 6853.0
6292.0 2743.0
4509.0 5008.0
3037.0 5372.0
1394.0 2329.0
4933.0 4838.0
1730.0 3640.0
7538.0 9631.0
5451.0 2856.0
8875.0 4869.0
1361.0 1904.0
4434.0 6228.0
5104.0 8242.0
7936.0 2502.0
2811.0 6700.0
8234.0 3761.0
1980.0 3807.0
5209.0 4476.0
3713.0 5203.0
9988.0 3552.0
2888.0 9381.0
7361.0 5687.0
5398.0 3386.0
734.0 927.0
4041.0 8615.0
2470.0 1900.0
7148.0 7421.0
4982.0 580.0
6589.0 3661.0
406.0 9034.0
4229.0 2874.0
9242.0 1049.0
8432.0 209.0
755.0 4063.0
4745.0 6818.0
574.0 3293.0
7326.0 7856.0
3256.0 2514.0
250.0 7740.0
208.0 8361.0
271.0 852.0
5825.0 7584.0
5155.0 8336.0
7169.0 9181.0
4187.0 4172.0
5065.0 5818.0
9940.0 6148.0
6957.0 1424.0
2905.0 9964.0
4356.0 4434.0
3133.0 7045.0
275.0 8502.0
5405.0 9323.0
4457.0 5221.0
7105.0 6561.0
6780.0 5635.0
371.0 4445.0
1673.0 53.0
2618.0 4089.0
8887.0 8041.0
2035.0 6104.0
8524.0 2991.0
7193.0 4920.0
589.0 8225.0
2299.0 1500.0
2002.0 4000.0
2265.0 5136.0
6351.0 7366.0
4151.0 7457.0
4313.0 9260.0
4100.0 4358.0
5008.0 5791.0
1367.0 3960.0
1209.0 3079.0
3531.0 1328.0
3729.0 7593.0
9511.0 3053.0
2825.0 6413.0
9469.0 7384.0
7002.0 4291.0
3213.0 8095.0
2056.0 6973.0
1204.0 2725.0
5671.0 2647.0
4749.0 8352.0
5501.0 5965.0
4503.0 592.0
999.0 1551.0
8886.0 3952.0
1920.0 6387.0
6478.0 4247.0
8787.0 3018.0
9050.0 6187.0
3232.0 7965.0
4272.0 1848.0
8510.0 2287.0
9757.0 8169.0
3067.0 3672.0
2501.0 4134.0
2510.0 2018.0
341.0 828.0
7838.0 2856.0
4517.0 9996.0
235.0 5600.0
4971.0 9291.0
5373.0 5967.0
2434.0 4881.0
2476.0 4547.0
3960.0 4561.0
6064.0 5880.0
959.0 7048.0
698.0 5005.0
1362.0 5607.0
1581.0 833.0
7.0 6691.0
6375.0 8352.0
3851.0 6754.0
6089.0 3953.0
1102.0 2887.0
5364.0 917.0
5895.0 5462.0
5043.0 4386.0
2576.0 3425.0
2340.0 7779.0
6228.0 5430.0
6496.0 5048.0
8542.0 2458.0
248.0 5686.0
594.0 76.0
9960.0 1934.0
6681.0 1038.0
9804.0 49.0
5784.0 1346.0
7789.0 83.0
9779.0 5471.0
4037.0 1082.0
9974.0 8884.0
4127.0 1105.0
6100.0 8545.0
2869.0 3996.0
4342.0 4559.0
6369.0 7315.0
3510.0 8599.0
2722.0 8326.0
971.0 7333.0
4182.0 7490.0
2409.0 1451.0
6185.0 1346.0
2054.0 3496.0
1047.0 9207.0
2449.0 168.0
6701.0 588.0
5375.0 7226.0
3348.0 2780.0
8038.0 7701.0
3308.0 465.0
1086.0 6534.0
2013.0 1823.0
7628.0 7358.0
406.0 7997.0
4767.0 9531.0
1670.0 5385.0
1818.0 6137.0
7575.0 2625.0
1786.0 6069.0
2359.0 6712.0
5203.0 5905.0
4423.0 5154.0
7937.0 9713.0
8772.0 3587.0
7057.0 7437.0
5474.0 762.0
1374.0 5084.0
2048.0 5296.0
5764.0 2296.0
103.0 1144.0
831.0 5543.0
