1
8 1 3.0 0.0 1000.0 3 160 240 100

6.5 13.5 29.3 58.5
13.0 27.0 58.5 117.0
19.5 40.5 87.8 175.5
26.0 54.0 117.0 234.0
39.0 81.0 175.5 351.0
52.0 108.0 234.0 468.0
58.5 121.5 263.3 526.5
65.0 135.0 292.5 585.0
78.0 162.0 351.0 702.0
0.0 180.0 390.0 780.0

2.0 5.0 8.0 11.0
5.0 8.0 11.0 14.0
9.0 12.0 15.0 18.0
11.0 14.0 17.0 20.0
15.0 18.0 21.0 24.0
18.0 21.0 24.0 27.0
20.0 23.0 26.0 29.0
25.0 28.0 31.0 34.0
29.0 32.0 35.0 38.0
0.0 34.0 37.0 40.0

4832.0 5089.0
9440.0 4364.0
5447.0 4274.0
1425.0 4801.0
1236.0 5658.0
2474.0 5106.0
9415.0 8181.0
7690.0 5865.0

4838.0 5094.0
9445.0 4369.0
5451.0 4278.0
1429.0 4806.0
1241.0 5664.0
2480.0 5110.0
9421.0 8186.0
7695.0 5870.0
