1
8 1 3.0 0.0 1000.0 3 160 240 100

6.5 13.5 29.3 58.5
13.0 27.0 58.5 117.0
19.5 40.5 87.8 175.5
26.0 54.0 117.0 234.0
39.0 81.0 175.5 351.0
52.0 108.0 234.0 468.0
58.5 121.5 263.3 526.5
65.0 135.0 292.5 585.0
78.0 162.0 351.0 702.0
0.0 180.0 390.0 780.0

2.0 5.0 8.0 11.0
5.0 8.0 11.0 14.0
9.0 12.0 15.0 18.0
11.0 14.0 17.0 20.0
15.0 18.0 21.0 24.0
18.0 21.0 24.0 27.0
20.0 23.0 26.0 29.0
25.0 28.0 31.0 34.0
29.0 32.0 35.0 38.0
0.0 34.0 37.0 40.0

8857.0 274.0
9766.0 3982.0
6504.0 8353.0
7766.0 4059.0
8243.0 4808.0
1247.0 4678.0
659.0 6821.0
5861.0 5928.0

8862.0 280.0
9772.0 3987.0
6508.0 8358.0
7770.0 4064.0
8247.0 4812.0
1252.0 4682.0
664.0 6825.0
5866.0 5933.0
