1
8 1 3.0 0.0 1000.0 3 160 240 100

6.5 13.5 29.3 58.5
13.0 27.0 58.5 117.0
19.5 40.5 87.8 175.5
26.0 54.0 117.0 234.0
39.0 81.0 175.5 351.0
52.0 108.0 234.0 468.0
58.5 121.5 263.3 526.5
65.0 135.0 292.5 585.0
78.0 162.0 351.0 702.0
0.0 180.0 390.0 780.0

2.0 5.0 8.0 11.0
5.0 8.0 11.0 14.0
9.0 12.0 15.0 18.0
11.0 14.0 17.0 20.0
15.0 18.0 21.0 24.0
18.0 21.0 24.0 27.0
20.0 23.0 26.0 29.0
25.0 28.0 31.0 34.0
29.0 32.0 35.0 38.0
0.0 34.0 37.0 40.0

2447.0 1738.0
4345.0 5200.0
4759.0 2150.0
190.0 5524.0
4594.0 5764.0
8961.0 1352.0
9751.0 4033.0
2123.0 8991.0

2453.0 1742.0
4350.0 5204.0
4764.0 2156.0
194.0 5529.0
4599.0 5768.0
8966.0 1356.0
9757.0 4038.0
2127.0 8996.0
