1
8 1 3.0 0.0 1000.0 3 160 240 100

6.5 13.5 29.3 58.5
13.0 27.0 58.5 117.0
19.5 40.5 87.8 175.5
26.0 54.0 117.0 234.0
39.0 81.0 175.5 351.0
52.0 108.0 234.0 468.0
58.5 121.5 263.3 526.5
65.0 135.0 292.5 585.0
78.0 162.0 351.0 702.0
0.0 180.0 390.0 780.0

2.0 5.0 8.0 11.0
5.0 8.0 11.0 14.0
9.0 12.0 15.0 18.0
11.0 14.0 17.0 20.0
15.0 18.0 21.0 24.0
18.0 21.0 24.0 27.0
20.0 23.0 26.0 29.0
25.0 28.0 31.0 34.0
29.0 32.0 35.0 38.0
0.0 34.0 37.0 40.0

6652.0 3020.0
6295.0 7084.0
870.0 3035.0
8335.0 5755.0
4567.0 4207.0
3696.0 8490.0
8847.0 7096.0
4130.0 1413.0

6656.0 3025.0
6300.0 7088.0
876.0 3041.0
8340.0 5761.0
4572.0 4212.0
3702.0 8495.0
8851.0 7101.0
4135.0 1419.0
