1
8 1 3.0 0.0 1000.0 3 160 240 100

6.5 13.5 29.3 58.5
13.0 27.0 58.5 117.0
19.5 40.5 87.8 175.5
26.0 54.0 117.0 234.0
39.0 81.0 175.5 351.0
52.0 108.0 234.0 468.0
58.5 121.5 263.3 526.5
65.0 135.0 292.5 585.0
78.0 162.0 351.0 702.0
0.0 180.0 390.0 780.0

2.0 5.0 8.0 11.0
5.0 8.0 11.0 14.0
9.0 12.0 15.0 18.0
11.0 14.0 17.0 20.0
15.0 18.0 21.0 24.0
18.0 21.0 24.0 27.0
20.0 23.0 26.0 29.0
25.0 28.0 31.0 34.0
29.0 32.0 35.0 38.0
0.0 34.0 37.0 40.0

9116.0 6326.0
1836.0 1579.0
2090.0 3762.0
5862.0 172.0
8914.0 4956.0
2029.0 9525.0
4466.0 5531.0
2155.0 8090.0

9121.0 6331.0
1841.0 1583.0
2095.0 3766.0
5867.0 177.0
8918.0 4962.0
2034.0 9531.0
4470.0 5535.0
2161.0 8096.0
