1
8 1 3.0 0.0 1000.0 3 160 240 100

6.5 13.5 29.3 58.5
13.0 27.0 58.5 117.0
19.5 40.5 87.8 175.5
26.0 54.0 117.0 234.0
39.0 81.0 175.5 351.0
52.0 108.0 234.0 468.0
58.5 121.5 263.3 526.5
65.0 135.0 292.5 585.0
78.0 162.0 351.0 702.0
0.0 180.0 390.0 780.0

2.0 5.0 8.0 11.0
5.0 8.0 11.0 14.0
9.0 12.0 15.0 18.0
11.0 14.0 17.0 20.0
15.0 18.0 21.0 24.0
18.0 21.0 24.0 27.0
20.0 23.0 26.0 29.0
25.0 28.0 31.0 34.0
29.0 32.0 35.0 38.0
0.0 34.0 37.0 40.0

8543.0 8702.0
8230.0 8227.0
6668.0 2728.0
108.0 8627.0
1129.0 6831.0
3167.0 6918.0
6191.0 8965.0
6499.0 1573.0

8547.0 8706.0
8234.0 8233.0
6673.0 2734.0
113.0 8633.0
1134.0 6837.0
3171.0 6923.0
6197.0 8970.0
6504.0 1578.0
