1
8 1 3.0 0.0 1000.0 3 160 240 100

6.5 13.5 29.3 58.5
13.0 27.0 58.5 117.0
19.5 40.5 87.8 175.5
26.0 54.0 117.0 234.0
39.0 81.0 175.5 351.0
52.0 108.0 234.0 468.0
58.5 121.5 263.3 526.5
65.0 135.0 292.5 585.0
78.0 162.0 351.0 702.0
0.0 180.0 390.0 780.0

2.0 5.0 8.0 11.0
5.0 8.0 11.0 14.0
9.0 12.0 15.0 18.0
11.0 14.0 17.0 20.0
15.0 18.0 21.0 24.0
18.0 21.0 24.0 27.0
20.0 23.0 26.0 29.0
25.0 28.0 31.0 34.0
29.0 32.0 35.0 38.0
0.0 34.0 37.0 40.0

8114.0 7348.0
2667.0 6004.0
6499.0 5937.0
6010.0 45.0
4539.0 2426.0
4025.0 7640.0
3095.0 6874.0
9494.0 6352.0

8119.0 7353.0
2673.0 6008.0
6504.0 5941.0
6015.0 49.0
4545.0 2431.0
4031.0 7645.0
3100.0 6879.0
9499.0 6357.0
