1
8 1 3.0 0.0 1000.0 3 160 240 100

6.5 13.5 29.3 58.5
13.0 27.0 58.5 117.0
19.5 40.5 87.8 175.5
26.0 54.0 117.0 234.0
39.0 81.0 175.5 351.0
52.0 108.0 234.0 468.0
58.5 121.5 263.3 526.5
65.0 135.0 292.5 585.0
78.0 162.0 351.0 702.0
0.0 180.0 390.0 780.0

2.0 5.0 8.0 11.0
5.0 8.0 11.0 14.0
9.0 12.0 15.0 18.0
11.0 14.0 17.0 20.0
15.0 18.0 21.0 24.0
18.0 21.0 24.0 27.0
20.0 23.0 26.0 29.0
25.0 28.0 31.0 34.0
29.0 32.0 35.0 38.0
0.0 34.0 37.0 40.0

3421.0 1559.0
5624.0 7857.0
3740.0 2686.0
9222.0 361.0
8013.0 4227.0
1940.0 1688.0
6149.0 4150.0
4734.0 209.0

3427.0 1565.0
5628.0 7861.0
3745.0 2691.0
9228.0 366.0
8018.0 4231.0
1944.0 1693.0
6153.0 4155.0
4739.0 214.0
