1
8 1 3.0 0.0 1000.0 3 160 240 100

6.5 13.5 29.3 58.5
13.0 27.0 58.5 117.0
19.5 40.5 87.8 175.5
26.0 54.0 117.0 234.0
39.0 81.0 175.5 351.0
52.0 108.0 234.0 468.0
58.5 121.5 263.3 526.5
65.0 135.0 292.5 585.0
78.0 162.0 351.0 702.0
0.0 180.0 390.0 780.0

2.0 5.0 8.0 11.0
5.0 8.0 11.0 14.0
9.0 12.0 15.0 18.0
11.0 14.0 17.0 20.0
15.0 18.0 21.0 24.0
18.0 21.0 24.0 27.0
20.0 23.0 26.0 29.0
25.0 28.0 31.0 34.0
29.0 32.0 35.0 38.0
0.0 34.0 37.0 40.0

5168.0 1064.0
5356.0 2173.0
6208.0 777.0
2954.0 1876.0
3575.0 9111.0
5858.0 3838.0
2016.0 521.0
6652.0 2310.0

5174.0 1068.0
5361.0 2177.0
6213.0 782.0
2960.0 1881.0
3580.0 9115.0
5862.0 3842.0
2021.0 526.0
6656.0 2314.0
