1
8 1 3.0 0.0 1000.0 3 160 240 100

6.5 13.5 29.3 58.5
13.0 27.0 58.5 117.0
19.5 40.5 87.8 175.5
26.0 54.0 117.0 234.0
39.0 81.0 175.5 351.0
52.0 108.0 234.0 468.0
58.5 121.5 263.3 526.5
65.0 135.0 292.5 585.0
78.0 162.0 351.0 702.0
0.0 180.0 390.0 780.0

2.0 5.0 8.0 11.0
5.0 8.0 11.0 14.0
9.0 12.0 15.0 18.0
11.0 14.0 17.0 20.0
15.0 18.0 21.0 24.0
18.0 21.0 24.0 27.0
20.0 23.0 26.0 29.0
25.0 28.0 31.0 34.0
29.0 32.0 35.0 38.0
0.0 34.0 37.0 40.0

1146.0 9190.0
7688.0 2742.0
6510.0 5939.0
476.0 2191.0
3745.0 150.0
8283.0 4307.0
7181.0 7952.0
9019.0 8310.0

1152.0 9195.0
7694.0 2748.0
6514.0 5944.0
481.0 2195.0
3750.0 155.0
8288.0 4313.0
7185.0 7957.0
9024.0 8314.0
