1
8 1 3.0 0.0 1000.0 3 160 240 100

6.5 13.5 29.3 58.5
13.0 27.0 58.5 117.0
19.5 40.5 87.8 175.5
26.0 54.0 117.0 234.0
39.0 81.0 175.5 351.0
52.0 108.0 234.0 468.0
58.5 121.5 263.3 526.5
65.0 135.0 292.5 585.0
78.0 162.0 351.0 702.0
0.0 180.0 390.0 780.0

2.0 5.0 8.0 11.0
5.0 8.0 11.0 14.0
9.0 12.0 15.0 18.0
11.0 14.0 17.0 20.0
15.0 18.0 21.0 24.0
18.0 21.0 24.0 27.0
20.0 23.0 26.0 29.0
25.0 28.0 31.0 34.0
29.0 32.0 35.0 38.0
0.0 34.0 37.0 40.0

6912.0 8360.0
1035.0 2397.0
2744.0 9142.0
9409.0 661.0
5269.0 98.0
7873.0 4768.0
3135.0 3780.0
1253.0 4929.0

6917.0 8365.0
1040.0 2402.0
2749.0 9148.0
9414.0 667.0
5275.0 102.0
7877.0 4772.0
3140.0 3784.0
1259.0 4935.0
