1
8 1 3.0 0.0 1000.0 3 160 240 100

6.5 13.5 29.3 58.5
13.0 27.0 58.5 117.0
19.5 40.5 87.8 175.5
26.0 54.0 117.0 234.0
39.0 81.0 175.5 351.0
52.0 108.0 234.0 468.0
58.5 121.5 263.3 526.5
65.0 135.0 292.5 585.0
78.0 162.0 351.0 702.0
0.0 180.0 390.0 780.0

2.0 5.0 8.0 11.0
5.0 8.0 11.0 14.0
9.0 12.0 15.0 18.0
11.0 14.0 17.0 20.0
15.0 18.0 21.0 24.0
18.0 21.0 24.0 27.0
20.0 23.0 26.0 29.0
25.0 28.0 31.0 34.0
29.0 32.0 35.0 38.0
0.0 34.0 37.0 40.0

3341.0 9178.0
2674.0 5312.0
9028.0 1138.0
6047.0 6853.0
1967.0 7189.0
945.0 4794.0
4653.0 1990.0
2901.0 6478.0

3346.0 9183.0
2678.0 5316.0
9033.0 1144.0
6051.0 6858.0
1972.0 7194.0
950.0 4800.0
4658.0 1995.0
2906.0 6483.0
