1
8 1 3.0 0.0 1000.0 3 160 240 100

6.5 13.5 29.3 58.5
13.0 27.0 58.5 117.0
19.5 40.5 87.8 175.5
26.0 54.0 117.0 234.0
39.0 81.0 175.5 351.0
52.0 108.0 234.0 468.0
58.5 121.5 263.3 526.5
65.0 135.0 292.5 585.0
78.0 162.0 351.0 702.0
0.0 180.0 390.0 780.0

2.0 5.0 8.0 11.0
5.0 8.0 11.0 14.0
9.0 12.0 15.0 18.0
11.0 14.0 17.0 20.0
15.0 18.0 21.0 24.0
18.0 21.0 24.0 27.0
20.0 23.0 26.0 29.0
25.0 28.0 31.0 34.0
29.0 32.0 35.0 38.0
0.0 34.0 37.0 40.0

7490.0 6481.0
8960.0 1176.0
230.0 5550.0
5417.0 6751.0
1023.0 7082.0
5834.0 769.0
4789.0 5731.0
5431.0 9532.0

7495.0 6486.0
8965.0 1181.0
235.0 5555.0
5423.0 6756.0
1027.0 7087.0
5839.0 775.0
4793.0 5735.0
5436.0 9537.0
