1
8 1 3.0 0.0 1000.0 3 160 240 100

6.5 13.5 29.3 58.5
13.0 27.0 58.5 117.0
19.5 40.5 87.8 175.5
26.0 54.0 117.0 234.0
39.0 81.0 175.5 351.0
52.0 108.0 234.0 468.0
58.5 121.5 263.3 526.5
65.0 135.0 292.5 585.0
78.0 162.0 351.0 702.0
0.0 180.0 390.0 780.0

2.0 5.0 8.0 11.0
5.0 8.0 11.0 14.0
9.0 12.0 15.0 18.0
11.0 14.0 17.0 20.0
15.0 18.0 21.0 24.0
18.0 21.0 24.0 27.0
20.0 23.0 26.0 29.0
25.0 28.0 31.0 34.0
29.0 32.0 35.0 38.0
0.0 34.0 37.0 40.0

2729.0 9290.0
3002.0 741.0
2130.0 4361.0
5372.0 5478.0
3407.0 6826.0
7260.0 5087.0
8209.0 3549.0
7591.0 4491.0

2733.0 9295.0
3006.0 745.0
2134.0 4367.0
5376.0 5482.0
3413.0 6831.0
7264.0 5092.0
8215.0 3554.0
7596.0 4496.0
