1
8 1 3.0 0.0 1000.0 3 160 240 100

6.5 13.5 29.3 58.5
13.0 27.0 58.5 117.0
19.5 40.5 87.8 175.5
26.0 54.0 117.0 234.0
39.0 81.0 175.5 351.0
52.0 108.0 234.0 468.0
58.5 121.5 263.3 526.5
65.0 135.0 292.5 585.0
78.0 162.0 351.0 702.0
0.0 180.0 390.0 780.0

2.0 5.0 8.0 11.0
5.0 8.0 11.0 14.0
9.0 12.0 15.0 18.0
11.0 14.0 17.0 20.0
15.0 18.0 21.0 24.0
18.0 21.0 24.0 27.0
20.0 23.0 26.0 29.0
25.0 28.0 31.0 34.0
29.0 32.0 35.0 38.0
0.0 34.0 37.0 40.0

2297.0 7230.0
7501.0 5225.0
497.0 9965.0
9514.0 6779.0
677.0 1792.0
2318.0 1153.0
3975.0 8611.0
9536.0 857.0

2303.0 7236.0
7507.0 5229.0
503.0 9971.0
9520.0 6784.0
683.0 1797.0
2324.0 1158.0
3981.0 8616.0
9541.0 861.0
