1
8 1 3.0 0.0 1000.0 3 160 240 100

6.5 13.5 29.3 58.5
13.0 27.0 58.5 117.0
19.5 40.5 87.8 175.5
26.0 54.0 117.0 234.0
39.0 81.0 175.5 351.0
52.0 108.0 234.0 468.0
58.5 121.5 263.3 526.5
65.0 135.0 292.5 585.0
78.0 162.0 351.0 702.0
0.0 180.0 390.0 780.0

2.0 5.0 8.0 11.0
5.0 8.0 11.0 14.0
9.0 12.0 15.0 18.0
11.0 14.0 17.0 20.0
15.0 18.0 21.0 24.0
18.0 21.0 24.0 27.0
20.0 23.0 26.0 29.0
25.0 28.0 31.0 34.0
29.0 32.0 35.0 38.0
0.0 34.0 37.0 40.0

790.0 4341.0
3095.0 9151.0
8583.0 8796.0
4886.0 8351.0
8915.0 8403.0
5019.0 1370.0
275.0 1550.0
6246.0 1923.0

794.0 4346.0
3099.0 9155.0
8589.0 8801.0
4891.0 8356.0
8919.0 8407.0
5023.0 1376.0
280.0 1556.0
6250.0 1927.0
