1
512 1 3.0 0.0 1000.0 3 160 240 100

6.5 13.5 29.3 58.5
13.0 27.0 58.5 117.0
19.5 40.5 87.8 175.5
26.0 54.0 117.0 234.0
39.0 81.0 175.5 351.0
52.0 108.0 234.0 468.0
58.5 121.5 263.3 526.5
65.0 135.0 292.5 585.0
78.0 162.0 351.0 702.0
0.0 180.0 390.0 780.0

2.0 5.0 8.0 11.0
5.0 8.0 11.0 14.0
9.0 12.0 15.0 18.0
11.0 14.0 17.0 20.0
15.0 18.0 21.0 24.0
18.0 21.0 24.0 27.0
20.0 23.0 26.0 29.0
25.0 28.0 31.0 34.0
29.0 32.0 35.0 38.0
0.0 34.0 37.0 40.0

121.0 239.0
25.0 193.0
70.0 211.0
175.0 12.0
87.0 225.0
55.0 104.0
241.0 159.0
16.0 161.0
164.0 40.0
202.0 133.0
33.0 19.0
204.0 163.0
211.0 121.0
248.0 64.0
61.0 180.0
221.0 23.0
5.0 201.0
110.0 70.0
213.0 196.0
47.0 121.0
113.0 100.0
166.0 249.0
234.0 199.0
73.0 139.0
209.0 47.0
37.0 227.0
57.0 171.0
45.0 128.0
206.0 179.0
226.0 215.0
9.0 188.0
164.0 82.0
68.0 66.0
215.0 132.0
18.0 21.0
226.0 141.0
193.0 164.0
164.0 173.0
201.0 211.0
157.0 59.0
230.0 50.0
80.0 204.0
197.0 249.0
90.0 54.0
217.0 74.0
77.0 102.0
127.0 234.0
96.0 164.0
146.0 51.0
106.0 158.0
57.0 130.0
197.0 242.0
99.0 120.0
32.0 188.0
87.0 4.0
35.0 202.0
73.0 142.0
183.0 208.0
190.0 117.0
75.0 160.0
115.0 8.0
236.0 57.0
174.0 237.0
217.0 71.0
146.0 249.0
80.0 95.0
154.0 61.0
185.0 10.0
100.0 46.0
18.0 87.0
137.0 113.0
79.0 206.0
4.0 42.0
198.0 173.0
120.0 241.0
202.0 213.0
112.0 65.0
126.0 22.0
57.0 95.0
55.0 89.0
240.0 137.0
157.0 60.0
80.0 208.0
103.0 205.0
154.0 155.0
81.0 151.0
92.0 50.0
206.0 69.0
152.0 110.0
175.0 91.0
118.0 192.0
78.0 31.0
211.0 215.0
102.0 53.0
26.0 189.0
154.0 245.0
64.0 81.0
27.0 102.0
248.0 72.0
242.0 17.0
103.0 55.0
84.0 153.0
135.0 65.0
79.0 161.0
207.0 99.0
54.0 8.0
55.0 155.0
167.0 241.0
145.0 78.0
147.0 83.0
119.0 139.0
28.0 66.0
161.0 98.0
243.0 208.0
160.0 24.0
223.0 76.0
122.0 4.0
241.0 121.0
86.0 153.0
44.0 232.0
112.0 164.0
113.0 40.0
237.0 189.0
231.0 40.0
78.0 176.0
68.0 175.0
110.0 68.0
96.0 88.0
173.0 111.0
169.0 61.0
99.0 62.0
184.0 211.0
162.0 167.0
63.0 94.0
95.0 65.0
83.0 167.0
11.0 122.0
164.0 128.0
98.0 233.0
25.0 202.0
46.0 197.0
191.0 31.0
202.0 105.0
138.0 112.0
44.0 206.0
175.0 49.0
79.0 68.0
235.0 203.0
144.0 127.0
53.0 128.0
91.0 59.0
6.0 248.0
193.0 208.0
244.0 45.0
153.0 113.0
245.0 82.0
155.0 246.0
57.0 2.0
222.0 142.0
231.0 212.0
207.0 143.0
78.0 21.0
35.0 65.0
146.0 48.0
157.0 140.0
149.0 55.0
223.0 165.0
147.0 155.0
38.0 83.0
64.0 155.0
184.0 52.0
222.0 129.0
25.0 108.0
113.0 92.0
67.0 97.0
199.0 243.0
36.0 112.0
95.0 45.0
21.0 227.0
44.0 212.0
151.0 147.0
173.0 244.0
61.0 190.0
58.0 231.0
210.0 92.0
206.0 171.0
192.0 176.0
118.0 141.0
236.0 2.0
166.0 219.0
151.0 167.0
61.0 98.0
38.0 240.0
31.0 168.0
157.0 135.0
110.0 138.0
135.0 25.0
23.0 102.0
35.0 223.0
206.0 238.0
107.0 21.0
62.0 162.0
88.0 23.0
119.0 23.0
23.0 93.0
68.0 224.0
96.0 87.0
218.0 220.0
48.0 99.0
229.0 170.0
72.0 35.0
24.0 7.0
119.0 100.0
120.0 89.0
136.0 147.0
167.0 111.0
51.0 107.0
36.0 60.0
141.0 50.0
133.0 44.0
221.0 247.0
169.0 123.0
182.0 139.0
157.0 104.0
176.0 217.0
13.0 76.0
99.0 97.0
158.0 244.0
62.0 155.0
104.0 220.0
105.0 146.0
73.0 219.0
239.0 43.0
234.0 171.0
173.0 141.0
235.0 99.0
212.0 38.0
10.0 120.0
41.0 160.0
142.0 57.0
1.0 82.0
135.0 161.0
222.0 173.0
23.0 25.0
66.0 184.0
27.0 77.0
137.0 209.0
55.0 123.0
181.0 238.0
162.0 181.0
5.0 116.0
109.0 211.0
118.0 8.0
17.0 113.0
100.0 46.0
157.0 207.0
17.0 149.0
218.0 210.0
19.0 50.0
217.0 36.0
71.0 154.0
50.0 64.0
67.0 145.0
191.0 83.0
153.0 76.0
174.0 160.0
147.0 237.0
248.0 42.0
246.0 175.0
197.0 204.0
28.0 17.0
109.0 12.0
78.0 104.0
203.0 23.0
111.0 217.0
114.0 230.0
54.0 10.0
138.0 167.0
71.0 84.0
199.0 66.0
136.0 167.0
161.0 78.0
2.0 215.0
148.0 152.0
37.0 38.0
84.0 201.0
183.0 117.0
15.0 12.0
94.0 115.0
44.0 174.0
104.0 113.0
65.0 86.0
217.0 183.0
7.0 210.0
112.0 237.0
132.0 4.0
18.0 114.0
0.0 55.0
53.0 223.0
250.0 3.0
7.0 88.0
186.0 133.0
52.0 226.0
202.0 94.0
224.0 93.0
154.0 20.0
36.0 141.0
91.0 116.0
188.0 99.0
65.0 114.0
130.0 155.0
77.0 51.0
31.0 15.0
0.0 124.0
66.0 147.0
140.0 221.0
195.0 64.0
174.0 3.0
205.0 69.0
0.0 244.0
76.0 200.0
100.0 208.0
69.0 176.0
77.0 122.0
217.0 188.0
111.0 154.0
242.0 237.0
97.0 90.0
203.0 222.0
96.0 235.0
28.0 98.0
241.0 100.0
109.0 211.0
85.0 47.0
231.0 219.0
191.0 59.0
147.0 106.0
44.0 183.0
191.0 67.0
220.0 207.0
117.0 138.0
29.0 217.0
186.0 236.0
176.0 246.0
50.0 99.0
45.0 15.0
96.0 170.0
9.0 113.0
167.0 38.0
13.0 244.0
190.0 111.0
200.0 3.0
22.0 246.0
198.0 195.0
155.0 152.0
224.0 27.0
212.0 155.0
234.0 61.0
16.0 17.0
167.0 136.0
25.0 31.0
119.0 28.0
45.0 195.0
131.0 168.0
147.0 77.0
55.0 69.0
53.0 44.0
43.0 163.0
67.0 80.0
10.0 57.0
177.0 11.0
242.0 56.0
32.0 223.0
117.0 71.0
47.0 67.0
234.0 133.0
207.0 180.0
54.0 27.0
208.0 2.0
216.0 116.0
131.0 138.0
7.0 7.0
154.0 193.0
19.0 11.0
125.0 100.0
112.0 154.0
131.0 226.0
76.0 88.0
8.0 106.0
240.0 17.0
53.0 1.0
50.0 121.0
2.0 242.0
242.0 216.0
172.0 179.0
243.0 9.0
197.0 69.0
57.0 54.0
128.0 114.0
161.0 157.0
213.0 87.0
20.0 200.0
245.0 138.0
120.0 247.0
168.0 113.0
30.0 65.0
207.0 68.0
243.0 3.0
86.0 210.0
180.0 9.0
228.0 72.0
5.0 108.0
121.0 15.0
234.0 232.0
112.0 4.0
177.0 113.0
216.0 117.0
70.0 244.0
45.0 104.0
53.0 245.0
81.0 101.0
228.0 30.0
30.0 164.0
87.0 211.0
101.0 126.0
161.0 33.0
63.0 51.0
57.0 141.0
65.0 171.0
101.0 90.0
187.0 208.0
145.0 44.0
81.0 75.0
125.0 183.0
51.0 8.0
39.0 141.0
53.0 232.0
80.0 135.0
89.0 85.0
200.0 209.0
98.0 89.0
223.0 139.0
203.0 14.0
157.0 61.0
27.0 46.0
201.0 217.0
75.0 225.0
211.0 31.0
13.0 156.0
9.0 13.0
222.0 15.0
170.0 96.0
73.0 236.0
37.0 24.0
185.0 37.0
243.0 8.0
237.0 19.0
91.0 161.0
214.0 147.0
216.0 52.0
37.0 215.0
1.0 247.0
83.0 220.0
33.0 73.0
174.0 127.0
209.0 92.0
152.0 80.0
159.0 132.0
7.0 164.0
196.0 12.0
54.0 143.0
108.0 165.0
228.0 156.0
125.0 171.0
142.0 176.0
239.0 39.0
97.0 82.0
90.0 118.0
50.0 27.0
225.0 104.0
121.0 83.0
71.0 146.0
13.0 207.0
40.0 140.0
45.0 147.0
246.0 97.0
61.0 202.0
117.0 48.0
27.0 78.0
15.0 237.0
211.0 135.0
23.0 194.0
131.0 134.0
121.0 79.0
40.0 161.0
55.0 242.0
10.0 206.0
239.0 28.0
6.0 207.0
111.0 139.0
146.0 155.0
167.0 220.0
145.0 194.0
219.0 93.0
34.0 197.0
225.0 183.0
18.0 113.0
101.0 196.0
181.0 201.0
9.0 198.0
40.0 71.0
138.0 51.0

126.0 245.0
31.0 197.0
76.0 216.0
180.0 17.0
93.0 230.0
59.0 109.0
246.0 163.0
20.0 167.0
169.0 45.0
207.0 137.0
38.0 23.0
209.0 168.0
217.0 125.0
253.0 70.0
67.0 186.0
226.0 28.0
10.0 206.0
114.0 75.0
218.0 201.0
52.0 127.0
117.0 105.0
170.0 253.0
238.0 204.0
79.0 144.0
214.0 51.0
42.0 231.0
62.0 176.0
49.0 133.0
211.0 184.0
232.0 220.0
15.0 193.0
169.0 87.0
74.0 71.0
219.0 136.0
24.0 25.0
230.0 147.0
198.0 169.0
169.0 179.0
207.0 216.0
162.0 64.0
234.0 56.0
85.0 209.0
202.0 254.0
94.0 59.0
222.0 79.0
82.0 108.0
132.0 239.0
100.0 169.0
151.0 57.0
110.0 163.0
62.0 136.0
203.0 246.0
103.0 125.0
36.0 193.0
92.0 10.0
40.0 207.0
78.0 148.0
187.0 213.0
195.0 122.0
80.0 165.0
121.0 12.0
242.0 62.0
178.0 241.0
221.0 76.0
152.0 253.0
86.0 100.0
158.0 67.0
191.0 15.0
106.0 51.0
22.0 91.0
142.0 118.0
85.0 211.0
9.0 48.0
203.0 178.0
124.0 247.0
208.0 219.0
117.0 70.0
130.0 26.0
62.0 99.0
59.0 94.0
246.0 142.0
163.0 65.0
85.0 212.0
109.0 209.0
159.0 160.0
85.0 155.0
97.0 54.0
212.0 74.0
157.0 115.0
180.0 95.0
122.0 198.0
83.0 37.0
215.0 221.0
108.0 57.0
31.0 195.0
159.0 250.0
70.0 86.0
32.0 107.0
252.0 77.0
247.0 22.0
108.0 61.0
88.0 159.0
141.0 70.0
84.0 166.0
213.0 105.0
59.0 12.0
61.0 160.0
172.0 246.0
150.0 84.0
152.0 87.0
124.0 143.0
33.0 71.0
166.0 102.0
249.0 213.0
165.0 28.0
228.0 80.0
128.0 9.0
247.0 125.0
90.0 157.0
49.0 238.0
117.0 169.0
119.0 45.0
242.0 193.0
236.0 46.0
84.0 181.0
73.0 180.0
115.0 74.0
100.0 93.0
178.0 116.0
173.0 65.0
104.0 67.0
188.0 217.0
167.0 173.0
69.0 99.0
101.0 71.0
89.0 173.0
16.0 126.0
170.0 134.0
104.0 237.0
29.0 207.0
51.0 201.0
195.0 36.0
206.0 110.0
144.0 117.0
49.0 212.0
179.0 54.0
83.0 73.0
240.0 207.0
148.0 132.0
57.0 133.0
97.0 64.0
10.0 252.0
198.0 212.0
249.0 49.0
157.0 118.0
250.0 87.0
160.0 250.0
63.0 7.0
228.0 146.0
237.0 217.0
212.0 148.0
83.0 26.0
39.0 69.0
151.0 53.0
161.0 145.0
154.0 60.0
227.0 170.0
151.0 161.0
42.0 88.0
70.0 161.0
190.0 56.0
228.0 134.0
31.0 113.0
118.0 97.0
72.0 102.0
205.0 247.0
41.0 116.0
99.0 50.0
25.0 233.0
48.0 217.0
156.0 153.0
177.0 250.0
66.0 194.0
62.0 235.0
215.0 97.0
211.0 175.0
196.0 180.0
122.0 145.0
241.0 7.0
171.0 225.0
156.0 173.0
65.0 104.0
43.0 245.0
36.0 174.0
162.0 139.0
114.0 142.0
139.0 31.0
29.0 106.0
40.0 229.0
212.0 244.0
112.0 26.0
67.0 166.0
93.0 28.0
125.0 27.0
27.0 98.0
73.0 228.0
100.0 92.0
223.0 225.0
52.0 103.0
234.0 176.0
76.0 40.0
29.0 12.0
124.0 106.0
126.0 94.0
141.0 151.0
173.0 117.0
56.0 112.0
41.0 66.0
145.0 54.0
138.0 49.0
227.0 252.0
174.0 127.0
187.0 143.0
162.0 110.0
181.0 222.0
18.0 81.0
104.0 101.0
164.0 250.0
66.0 160.0
109.0 225.0
111.0 150.0
77.0 223.0
245.0 48.0
239.0 176.0
178.0 147.0
241.0 103.0
216.0 44.0
15.0 124.0
45.0 166.0
148.0 63.0
7.0 87.0
139.0 166.0
227.0 179.0
28.0 29.0
71.0 188.0
33.0 82.0
143.0 215.0
60.0 128.0
187.0 243.0
166.0 186.0
10.0 121.0
115.0 217.0
122.0 13.0
23.0 118.0
104.0 52.0
161.0 213.0
23.0 154.0
223.0 215.0
24.0 55.0
222.0 40.0
77.0 160.0
55.0 70.0
72.0 150.0
197.0 87.0
158.0 80.0
179.0 164.0
153.0 242.0
253.0 48.0
251.0 181.0
201.0 208.0
34.0 22.0
114.0 16.0
83.0 109.0
208.0 27.0
116.0 222.0
120.0 235.0
59.0 16.0
142.0 172.0
77.0 88.0
203.0 71.0
141.0 172.0
166.0 82.0
6.0 220.0
153.0 157.0
42.0 44.0
89.0 206.0
189.0 121.0
20.0 16.0
99.0 120.0
50.0 180.0
109.0 118.0
69.0 91.0
222.0 188.0
13.0 215.0
117.0 242.0
137.0 8.0
23.0 118.0
5.0 59.0
58.0 227.0
255.0 8.0
12.0 92.0
191.0 137.0
57.0 231.0
207.0 99.0
228.0 97.0
160.0 25.0
41.0 145.0
96.0 121.0
193.0 105.0
70.0 120.0
135.0 160.0
82.0 55.0
35.0 20.0
5.0 130.0
70.0 152.0
145.0 226.0
200.0 69.0
179.0 7.0
210.0 74.0
5.0 248.0
80.0 205.0
106.0 214.0
74.0 182.0
82.0 128.0
223.0 193.0
117.0 159.0
248.0 241.0
103.0 95.0
208.0 227.0
101.0 240.0
33.0 103.0
247.0 105.0
115.0 215.0
90.0 52.0
235.0 224.0
195.0 65.0
152.0 111.0
50.0 188.0
195.0 72.0
225.0 213.0
122.0 143.0
34.0 223.0
190.0 241.0
181.0 250.0
55.0 105.0
50.0 19.0
101.0 176.0
15.0 119.0
172.0 44.0
17.0 249.0
196.0 117.0
205.0 8.0
27.0 250.0
203.0 200.0
161.0 156.0
230.0 32.0
218.0 160.0
240.0 66.0
20.0 22.0
172.0 140.0
30.0 36.0
124.0 32.0
51.0 200.0
137.0 173.0
152.0 81.0
61.0 74.0
58.0 49.0
49.0 169.0
71.0 85.0
15.0 61.0
182.0 17.0
247.0 61.0
36.0 227.0
122.0 76.0
52.0 71.0
239.0 138.0
213.0 184.0
60.0 32.0
214.0 7.0
221.0 120.0
136.0 143.0
12.0 12.0
158.0 199.0
24.0 16.0
131.0 106.0
116.0 159.0
137.0 230.0
81.0 93.0
14.0 111.0
245.0 23.0
58.0 6.0
54.0 126.0
8.0 247.0
248.0 221.0
176.0 183.0
248.0 14.0
202.0 75.0
62.0 58.0
132.0 120.0
166.0 163.0
218.0 92.0
25.0 205.0
249.0 142.0
125.0 252.0
173.0 119.0
34.0 69.0
212.0 72.0
249.0 8.0
91.0 215.0
185.0 15.0
233.0 76.0
10.0 113.0
126.0 20.0
239.0 238.0
118.0 9.0
181.0 119.0
221.0 123.0
74.0 248.0
51.0 109.0
57.0 250.0
86.0 107.0
233.0 35.0
34.0 169.0
92.0 215.0
106.0 130.0
166.0 38.0
69.0 56.0
62.0 146.0
70.0 177.0
106.0 94.0
192.0 212.0
149.0 50.0
86.0 80.0
130.0 187.0
56.0 13.0
44.0 145.0
58.0 237.0
84.0 141.0
94.0 91.0
204.0 213.0
103.0 94.0
227.0 143.0
209.0 20.0
161.0 66.0
32.0 51.0
207.0 222.0
79.0 229.0
217.0 36.0
18.0 162.0
13.0 18.0
226.0 20.0
174.0 100.0
78.0 241.0
42.0 29.0
190.0 42.0
248.0 14.0
243.0 23.0
95.0 166.0
218.0 151.0
221.0 57.0
42.0 220.0
6.0 251.0
87.0 225.0
38.0 77.0
179.0 131.0
213.0 97.0
158.0 85.0
164.0 137.0
13.0 168.0
201.0 17.0
59.0 148.0
113.0 170.0
232.0 161.0
131.0 176.0
146.0 181.0
244.0 44.0
102.0 87.0
96.0 124.0
55.0 31.0
230.0 109.0
125.0 89.0
76.0 151.0
17.0 213.0
45.0 145.0
51.0 153.0
251.0 102.0
65.0 206.0
122.0 52.0
33.0 84.0
19.0 242.0
215.0 140.0
29.0 198.0
137.0 138.0
125.0 85.0
45.0 165.0
60.0 246.0
16.0 212.0
245.0 33.0
12.0 212.0
116.0 143.0
151.0 160.0
172.0 224.0
151.0 199.0
223.0 99.0
39.0 203.0
229.0 188.0
22.0 118.0
106.0 201.0
185.0 206.0
15.0 203.0
45.0 76.0
143.0 56.0
