1
512 1 3.0 0.0 1000.0 3 160 240 100

6.5 13.5 29.3 58.5
13.0 27.0 58.5 117.0
19.5 40.5 87.8 175.5
26.0 54.0 117.0 234.0
39.0 81.0 175.5 351.0
52.0 108.0 234.0 468.0
58.5 121.5 263.3 526.5
65.0 135.0 292.5 585.0
78.0 162.0 351.0 702.0
0.0 180.0 390.0 780.0

2.0 5.0 8.0 11.0
5.0 8.0 11.0 14.0
9.0 12.0 15.0 18.0
11.0 14.0 17.0 20.0
15.0 18.0 21.0 24.0
18.0 21.0 24.0 27.0
20.0 23.0 26.0 29.0
25.0 28.0 31.0 34.0
29.0 32.0 35.0 38.0
0.0 34.0 37.0 40.0

224.0 166.0
94.0 136.0
53.0 198.0
153.0 108.0
97.0 223.0
15.0 144.0
188.0 138.0
11.0 197.0
79.0 117.0
246.0 182.0
232.0 61.0
189.0 17.0
32.0 65.0
61.0 189.0
165.0 81.0
42.0 65.0
245.0 2.0
162.0 198.0
66.0 214.0
27.0 228.0
182.0 247.0
126.0 244.0
65.0 164.0
239.0 88.0
172.0 206.0
65.0 96.0
49.0 219.0
227.0 114.0
166.0 234.0
133.0 187.0
250.0 122.0
230.0 106.0
177.0 48.0
9.0 109.0
69.0 45.0
177.0 29.0
32.0 44.0
213.0 65.0
44.0 44.0
109.0 104.0
73.0 164.0
149.0 130.0
54.0 108.0
126.0 31.0
161.0 170.0
246.0 215.0
158.0 193.0
242.0 222.0
120.0 214.0
60.0 107.0
182.0 108.0
26.0 172.0
249.0 69.0
227.0 191.0
181.0 124.0
143.0 77.0
21.0 149.0
132.0 8.0
154.0 191.0
185.0 101.0
91.0 203.0
178.0 4.0
134.0 127.0
156.0 141.0
248.0 36.0
17.0 94.0
27.0 164.0
237.0 229.0
180.0 155.0
136.0 183.0
82.0 222.0
211.0 193.0
172.0 200.0
148.0 2.0
108.0 30.0
168.0 203.0
123.0 45.0
195.0 139.0
68.0 230.0
124.0 73.0
1.0 181.0
58.0 146.0
171.0 79.0
161.0 198.0
111.0 20.0
117.0 92.0
98.0 137.0
231.0 3.0
46.0 243.0
27.0 181.0
219.0 46.0
247.0 19.0
211.0 48.0
247.0 72.0
196.0 43.0
67.0 223.0
29.0 208.0
28.0 20.0
76.0 79.0
27.0 11.0
213.0 27.0
3.0 213.0
21.0 154.0
116.0 180.0
224.0 96.0
243.0 177.0
29.0 21.0
197.0 41.0
44.0 209.0
162.0 130.0
42.0 100.0
122.0 44.0
141.0 75.0
138.0 160.0
40.0 7.0
142.0 35.0
241.0 186.0
227.0 93.0
30.0 56.0
214.0 23.0
41.0 232.0
105.0 187.0
17.0 113.0
93.0 80.0
239.0 182.0
91.0 21.0
113.0 182.0
87.0 249.0
247.0 147.0
158.0 206.0
145.0 84.0
87.0 88.0
222.0 168.0
21.0 40.0
137.0 125.0
6.0 220.0
31.0 36.0
205.0 235.0
40.0 109.0
4.0 22.0
35.0 32.0
204.0 94.0
97.0 79.0
113.0 64.0
55.0 204.0
115.0 4.0
201.0 166.0
155.0 189.0
157.0 61.0
105.0 130.0
129.0 160.0
53.0 102.0
125.0 59.0
114.0 176.0
34.0 183.0
188.0 88.0
242.0 244.0
136.0 92.0
57.0 95.0
156.0 239.0
15.0 195.0
233.0 110.0
190.0 249.0
56.0 74.0
214.0 126.0
138.0 218.0
16.0 223.0
189.0 153.0
93.0 28.0
75.0 207.0
205.0 155.0
41.0 89.0
184.0 232.0
179.0 166.0
124.0 57.0
165.0 57.0
18.0 3.0
136.0 50.0
214.0 230.0
105.0 196.0
171.0 55.0
159.0 189.0
227.0 158.0
217.0 16.0
242.0 106.0
199.0 123.0
224.0 1.0
36.0 187.0
144.0 97.0
232.0 130.0
197.0 73.0
33.0 86.0
85.0 197.0
35.0 78.0
192.0 163.0
171.0 239.0
116.0 232.0
37.0 223.0
53.0 89.0
104.0 4.0
110.0 146.0
162.0 76.0
176.0 106.0
172.0 150.0
61.0 130.0
245.0 217.0
134.0 39.0
38.0 196.0
69.0 41.0
179.0 183.0
47.0 17.0
121.0 122.0
137.0 238.0
163.0 49.0
93.0 185.0
178.0 103.0
160.0 201.0
149.0 82.0
4.0 26.0
171.0 114.0
224.0 78.0
159.0 90.0
199.0 149.0
42.0 57.0
95.0 5.0
51.0 96.0
162.0 185.0
16.0 8.0
22.0 108.0
143.0 201.0
201.0 165.0
70.0 233.0
229.0 32.0
48.0 27.0
200.0 243.0
170.0 85.0
217.0 144.0
110.0 98.0
7.0 147.0
183.0 154.0
8.0 18.0
58.0 51.0
67.0 242.0
57.0 62.0
202.0 92.0
1.0 33.0
178.0 56.0
161.0 9.0
221.0 115.0
148.0 180.0
6.0 174.0
167.0 200.0
117.0 0.0
119.0 34.0
223.0 94.0
74.0 41.0
69.0 228.0
230.0 38.0
139.0 200.0
26.0 209.0
196.0 162.0
117.0 217.0
221.0 200.0
31.0 239.0
50.0 149.0
82.0 195.0
109.0 180.0
218.0 235.0
184.0 43.0
37.0 144.0
249.0 117.0
244.0 100.0
148.0 12.0
166.0 66.0
44.0 18.0
237.0 142.0
57.0 15.0
175.0 10.0
117.0 14.0
147.0 193.0
92.0 63.0
24.0 123.0
80.0 70.0
131.0 114.0
63.0 151.0
243.0 133.0
178.0 173.0
87.0 50.0
171.0 231.0
225.0 167.0
187.0 111.0
228.0 76.0
69.0 88.0
109.0 7.0
186.0 243.0
65.0 104.0
121.0 25.0
133.0 167.0
77.0 115.0
161.0 164.0
224.0 196.0
87.0 173.0
233.0 52.0
55.0 203.0
64.0 237.0
228.0 155.0
152.0 104.0
209.0 14.0
187.0 63.0
47.0 147.0
230.0 227.0
120.0 176.0
14.0 202.0
250.0 192.0
36.0 50.0
206.0 122.0
160.0 44.0
86.0 162.0
217.0 138.0
105.0 221.0
199.0 134.0
147.0 136.0
151.0 95.0
3.0 247.0
239.0 121.0
8.0 226.0
226.0 147.0
126.0 96.0
189.0 11.0
91.0 232.0
119.0 83.0
3.0 148.0
80.0 71.0
121.0 233.0
206.0 168.0
142.0 129.0
90.0 33.0
54.0 10.0
217.0 156.0
246.0 115.0
118.0 206.0
95.0 151.0
20.0 43.0
69.0 37.0
53.0 134.0
195.0 246.0
154.0 157.0
70.0 77.0
108.0 166.0
130.0 8.0
243.0 234.0
218.0 64.0
89.0 63.0
64.0 235.0
151.0 99.0
77.0 14.0
226.0 29.0
192.0 201.0
27.0 67.0
49.0 170.0
200.0 23.0
115.0 129.0
88.0 201.0
158.0 182.0
226.0 238.0
54.0 109.0
35.0 49.0
224.0 43.0
76.0 125.0
33.0 83.0
217.0 227.0
90.0 156.0
171.0 78.0
159.0 29.0
173.0 240.0
235.0 168.0
100.0 156.0
121.0 218.0
177.0 145.0
188.0 178.0
217.0 228.0
34.0 164.0
150.0 196.0
86.0 212.0
163.0 153.0
2.0 145.0
85.0 94.0
23.0 74.0
213.0 121.0
27.0 177.0
89.0 213.0
48.0 216.0
51.0 47.0
135.0 50.0
181.0 171.0
202.0 230.0
115.0 114.0
101.0 65.0
209.0 143.0
211.0 109.0
132.0 118.0
140.0 93.0
32.0 15.0
208.0 132.0
209.0 222.0
193.0 80.0
61.0 21.0
115.0 20.0
119.0 5.0
185.0 120.0
62.0 226.0
57.0 214.0
148.0 169.0
130.0 228.0
83.0 247.0
182.0 169.0
133.0 41.0
193.0 185.0
130.0 71.0
14.0 29.0
56.0 241.0
116.0 73.0
218.0 95.0
213.0 60.0
87.0 138.0
98.0 138.0
179.0 27.0
120.0 221.0
184.0 218.0
27.0 99.0
88.0 15.0
203.0 237.0
130.0 246.0
178.0 23.0
197.0 117.0
41.0 64.0
139.0 97.0
14.0 150.0
237.0 17.0
211.0 105.0
149.0 115.0
192.0 39.0
233.0 71.0
214.0 67.0
173.0 149.0
179.0 161.0
181.0 105.0
47.0 67.0
94.0 123.0
78.0 62.0
238.0 43.0
69.0 135.0
26.0 22.0
54.0 223.0
29.0 28.0
18.0 214.0
104.0 169.0
224.0 237.0
209.0 141.0
60.0 50.0
97.0 167.0
148.0 193.0
154.0 93.0
245.0 88.0
203.0 128.0
37.0 118.0
147.0 26.0
1.0 5.0
162.0 71.0
53.0 128.0
190.0 38.0
28.0 248.0
54.0 111.0
86.0 138.0
78.0 63.0
227.0 209.0
164.0 55.0
117.0 27.0
81.0 224.0
38.0 157.0
31.0 49.0
54.0 124.0
142.0 44.0
57.0 53.0
64.0 132.0
171.0 134.0
196.0 131.0
63.0 125.0
97.0 82.0
0.0 142.0
235.0 217.0
76.0 81.0
2.0 180.0
83.0 58.0
10.0 173.0
69.0 70.0
248.0 10.0
184.0 139.0
221.0 130.0
223.0 36.0
20.0 178.0
106.0 201.0
93.0 73.0
74.0 82.0
22.0 64.0
211.0 157.0
201.0 41.0
202.0 208.0
104.0 0.0
55.0 250.0
163.0 52.0
80.0 66.0

228.0 171.0
99.0 142.0
58.0 204.0
158.0 114.0
101.0 227.0
21.0 148.0
194.0 143.0
16.0 202.0
84.0 122.0
252.0 187.0
237.0 67.0
193.0 22.0
38.0 70.0
66.0 194.0
171.0 85.0
46.0 70.0
249.0 7.0
167.0 203.0
71.0 219.0
31.0 233.0
187.0 251.0
130.0 248.0
70.0 170.0
244.0 94.0
177.0 212.0
70.0 100.0
54.0 224.0
232.0 120.0
170.0 240.0
137.0 191.0
255.0 127.0
236.0 112.0
182.0 54.0
13.0 114.0
73.0 51.0
182.0 34.0
38.0 50.0
219.0 69.0
48.0 50.0
113.0 110.0
78.0 168.0
155.0 135.0
60.0 113.0
130.0 36.0
165.0 176.0
250.0 220.0
163.0 198.0
248.0 226.0
125.0 219.0
66.0 113.0
186.0 113.0
30.0 176.0
254.0 73.0
232.0 195.0
186.0 128.0
149.0 82.0
27.0 154.0
137.0 13.0
160.0 196.0
190.0 107.0
97.0 208.0
182.0 9.0
138.0 133.0
162.0 145.0
252.0 42.0
22.0 98.0
32.0 169.0
241.0 234.0
185.0 161.0
140.0 188.0
86.0 227.0
215.0 199.0
177.0 205.0
153.0 7.0
114.0 36.0
172.0 209.0
128.0 49.0
201.0 143.0
73.0 235.0
129.0 79.0
6.0 186.0
64.0 150.0
176.0 85.0
166.0 203.0
115.0 25.0
123.0 97.0
103.0 141.0
236.0 8.0
51.0 247.0
32.0 186.0
224.0 51.0
251.0 24.0
216.0 53.0
253.0 77.0
201.0 49.0
72.0 228.0
34.0 212.0
34.0 24.0
82.0 84.0
31.0 17.0
218.0 32.0
8.0 218.0
27.0 159.0
120.0 186.0
230.0 101.0
248.0 182.0
34.0 26.0
202.0 46.0
49.0 215.0
166.0 135.0
46.0 104.0
127.0 50.0
147.0 80.0
143.0 164.0
45.0 11.0
146.0 40.0
247.0 191.0
231.0 97.0
36.0 62.0
219.0 28.0
46.0 237.0
110.0 192.0
22.0 119.0
99.0 85.0
244.0 187.0
97.0 27.0
117.0 186.0
92.0 253.0
253.0 151.0
163.0 210.0
150.0 90.0
91.0 94.0
226.0 173.0
26.0 46.0
143.0 130.0
11.0 225.0
36.0 40.0
210.0 240.0
45.0 113.0
10.0 27.0
39.0 36.0
209.0 99.0
101.0 85.0
117.0 68.0
59.0 209.0
120.0 9.0
206.0 171.0
160.0 194.0
162.0 67.0
109.0 135.0
133.0 164.0
58.0 107.0
131.0 64.0
119.0 181.0
38.0 188.0
193.0 92.0
247.0 250.0
141.0 96.0
63.0 99.0
160.0 244.0
20.0 199.0
239.0 114.0
194.0 254.0
61.0 79.0
218.0 130.0
142.0 223.0
20.0 229.0
195.0 158.0
99.0 33.0
80.0 212.0
209.0 160.0
46.0 93.0
190.0 237.0
183.0 172.0
129.0 62.0
170.0 63.0
24.0 8.0
140.0 56.0
219.0 234.0
110.0 202.0
176.0 59.0
163.0 194.0
233.0 164.0
223.0 21.0
247.0 110.0
204.0 128.0
228.0 5.0
41.0 192.0
149.0 102.0
238.0 135.0
202.0 77.0
38.0 91.0
90.0 202.0
40.0 84.0
198.0 167.0
177.0 244.0
121.0 236.0
41.0 228.0
58.0 95.0
110.0 9.0
116.0 151.0
167.0 81.0
181.0 111.0
177.0 155.0
65.0 135.0
250.0 222.0
138.0 44.0
42.0 202.0
74.0 47.0
183.0 188.0
53.0 22.0
126.0 128.0
143.0 244.0
167.0 54.0
98.0 190.0
183.0 109.0
164.0 206.0
155.0 88.0
10.0 32.0
177.0 119.0
229.0 83.0
165.0 95.0
204.0 153.0
46.0 61.0
101.0 10.0
56.0 102.0
166.0 190.0
21.0 13.0
27.0 112.0
149.0 205.0
205.0 169.0
74.0 239.0
233.0 38.0
53.0 32.0
204.0 248.0
175.0 91.0
222.0 150.0
115.0 104.0
13.0 151.0
187.0 158.0
13.0 22.0
63.0 56.0
71.0 247.0
62.0 66.0
208.0 97.0
6.0 37.0
183.0 61.0
167.0 14.0
226.0 121.0
154.0 185.0
10.0 178.0
172.0 205.0
122.0 5.0
123.0 38.0
229.0 100.0
78.0 47.0
74.0 234.0
234.0 43.0
143.0 205.0
31.0 215.0
202.0 168.0
121.0 222.0
225.0 204.0
36.0 245.0
55.0 155.0
87.0 200.0
114.0 184.0
223.0 241.0
188.0 49.0
41.0 149.0
254.0 122.0
249.0 104.0
153.0 17.0
171.0 71.0
50.0 22.0
243.0 147.0
63.0 20.0
179.0 16.0
123.0 20.0
151.0 198.0
97.0 68.0
28.0 128.0
85.0 74.0
137.0 119.0
68.0 156.0
247.0 138.0
184.0 178.0
91.0 56.0
177.0 235.0
230.0 173.0
191.0 115.0
233.0 82.0
74.0 94.0
115.0 11.0
192.0 247.0
71.0 108.0
125.0 30.0
137.0 172.0
81.0 119.0
166.0 169.0
230.0 202.0
91.0 179.0
239.0 58.0
60.0 207.0
69.0 241.0
234.0 160.0
158.0 109.0
215.0 19.0
193.0 68.0
51.0 152.0
236.0 231.0
125.0 181.0
20.0 208.0
256.0 197.0
41.0 55.0
211.0 127.0
164.0 50.0
91.0 166.0
221.0 142.0
110.0 226.0
204.0 140.0
152.0 141.0
157.0 100.0
9.0 251.0
243.0 126.0
14.0 230.0
231.0 153.0
130.0 100.0
195.0 17.0
97.0 238.0
125.0 87.0
7.0 153.0
85.0 75.0
126.0 238.0
211.0 173.0
147.0 135.0
96.0 37.0
59.0 16.0
222.0 161.0
251.0 120.0
123.0 211.0
100.0 155.0
26.0 47.0
74.0 41.0
59.0 140.0
201.0 250.0
158.0 163.0
76.0 82.0
114.0 170.0
136.0 12.0
248.0 240.0
222.0 69.0
93.0 69.0
68.0 241.0
156.0 104.0
82.0 18.0
230.0 34.0
197.0 206.0
32.0 72.0
53.0 175.0
204.0 27.0
120.0 134.0
92.0 206.0
164.0 187.0
231.0 243.0
59.0 114.0
40.0 53.0
229.0 47.0
81.0 131.0
37.0 88.0
222.0 233.0
96.0 161.0
177.0 83.0
165.0 33.0
177.0 245.0
240.0 174.0
106.0 161.0
126.0 223.0
183.0 149.0
192.0 183.0
221.0 233.0
39.0 169.0
154.0 201.0
91.0 217.0
168.0 157.0
6.0 150.0
91.0 99.0
29.0 79.0
218.0 125.0
31.0 183.0
95.0 217.0
52.0 222.0
56.0 51.0
140.0 55.0
185.0 176.0
207.0 235.0
121.0 119.0
105.0 70.0
213.0 148.0
215.0 115.0
138.0 122.0
144.0 98.0
38.0 20.0
213.0 137.0
214.0 226.0
197.0 84.0
67.0 25.0
121.0 24.0
124.0 11.0
189.0 124.0
67.0 231.0
62.0 219.0
154.0 174.0
135.0 234.0
87.0 253.0
186.0 175.0
137.0 46.0
198.0 190.0
136.0 76.0
18.0 35.0
60.0 245.0
122.0 78.0
222.0 101.0
218.0 65.0
93.0 143.0
103.0 143.0
185.0 32.0
125.0 225.0
189.0 223.0
32.0 105.0
92.0 20.0
209.0 241.0
134.0 251.0
183.0 27.0
203.0 122.0
46.0 69.0
144.0 103.0
18.0 155.0
242.0 22.0
216.0 110.0
155.0 121.0
196.0 44.0
238.0 76.0
219.0 73.0
179.0 154.0
184.0 166.0
185.0 109.0
52.0 72.0
98.0 127.0
84.0 67.0
243.0 49.0
74.0 141.0
30.0 28.0
59.0 228.0
35.0 33.0
22.0 220.0
109.0 173.0
230.0 242.0
213.0 147.0
65.0 55.0
101.0 171.0
154.0 197.0
158.0 98.0
251.0 94.0
208.0 132.0
43.0 124.0
152.0 30.0
6.0 9.0
167.0 76.0
57.0 132.0
195.0 44.0
33.0 254.0
60.0 116.0
92.0 143.0
84.0 67.0
231.0 213.0
169.0 60.0
121.0 33.0
87.0 229.0
42.0 162.0
36.0 54.0
59.0 129.0
147.0 48.0
63.0 58.0
69.0 137.0
177.0 140.0
201.0 136.0
68.0 131.0
102.0 88.0
5.0 147.0
239.0 221.0
81.0 86.0
7.0 185.0
88.0 62.0
14.0 178.0
75.0 75.0
253.0 16.0
189.0 144.0
227.0 134.0
229.0 40.0
25.0 182.0
111.0 206.0
98.0 79.0
80.0 86.0
27.0 69.0
215.0 161.0
205.0 45.0
206.0 212.0
108.0 6.0
61.0 255.0
167.0 56.0
85.0 70.0
