1
512 1 3.0 0.0 1000.0 3 160 240 100

6.5 13.5 29.3 58.5
13.0 27.0 58.5 117.0
19.5 40.5 87.8 175.5
26.0 54.0 117.0 234.0
39.0 81.0 175.5 351.0
52.0 108.0 234.0 468.0
58.5 121.5 263.3 526.5
65.0 135.0 292.5 585.0
78.0 162.0 351.0 702.0
0.0 180.0 390.0 780.0

2.0 5.0 8.0 11.0
5.0 8.0 11.0 14.0
9.0 12.0 15.0 18.0
11.0 14.0 17.0 20.0
15.0 18.0 21.0 24.0
18.0 21.0 24.0 27.0
20.0 23.0 26.0 29.0
25.0 28.0 31.0 34.0
29.0 32.0 35.0 38.0
0.0 34.0 37.0 40.0

186.0 113.0
166.0 55.0
166.0 159.0
242.0 20.0
80.0 10.0
10.0 100.0
157.0 99.0
8.0 128.0
37.0 1.0
225.0 51.0
63.0 66.0
190.0 135.0
229.0 65.0
94.0 226.0
56.0 32.0
0.0 228.0
205.0 24.0
215.0 98.0
229.0 114.0
18.0 170.0
139.0 206.0
200.0 202.0
56.0 118.0
222.0 105.0
23.0 147.0
83.0 117.0
96.0 180.0
64.0 249.0
173.0 206.0
83.0 148.0
71.0 142.0
192.0 84.0
163.0 228.0
77.0 69.0
209.0 21.0
214.0 195.0
90.0 110.0
175.0 75.0
192.0 216.0
110.0 104.0
11.0 168.0
12.0 42.0
124.0 57.0
184.0 3.0
205.0 161.0
132.0 248.0
114.0 90.0
169.0 229.0
115.0 109.0
96.0 151.0
114.0 211.0
112.0 135.0
112.0 28.0
185.0 121.0
132.0 27.0
176.0 215.0
190.0 200.0
68.0 246.0
195.0 71.0
211.0 114.0
227.0 111.0
67.0 74.0
191.0 244.0
241.0 147.0
186.0 178.0
148.0 190.0
207.0 107.0
235.0 197.0
130.0 143.0
242.0 223.0
249.0 157.0
24.0 131.0
170.0 6.0
54.0 191.0
209.0 200.0
14.0 93.0
234.0 119.0
201.0 32.0
209.0 200.0
45.0 56.0
18.0 78.0
78.0 206.0
194.0 238.0
40.0 11.0
6.0 25.0
70.0 249.0
157.0 193.0
57.0 161.0
173.0 236.0
224.0 145.0
107.0 25.0
124.0 4.0
7.0 137.0
29.0 143.0
167.0 37.0
234.0 168.0
213.0 95.0
156.0 150.0
177.0 244.0
115.0 138.0
240.0 134.0
47.0 63.0
164.0 209.0
168.0 232.0
232.0 187.0
219.0 181.0
70.0 244.0
176.0 219.0
62.0 14.0
174.0 53.0
104.0 77.0
179.0 193.0
33.0 162.0
12.0 161.0
94.0 131.0
128.0 80.0
161.0 84.0
153.0 33.0
214.0 24.0
191.0 152.0
134.0 56.0
23.0 192.0
218.0 176.0
103.0 182.0
92.0 4.0
84.0 40.0
43.0 139.0
162.0 100.0
89.0 119.0
87.0 74.0
165.0 33.0
13.0 33.0
126.0 146.0
163.0 36.0
82.0 211.0
89.0 115.0
116.0 204.0
146.0 145.0
48.0 21.0
81.0 161.0
165.0 21.0
225.0 21.0
186.0 50.0
67.0 121.0
42.0 221.0
78.0 178.0
90.0 219.0
177.0 153.0
213.0 8.0
97.0 217.0
70.0 105.0
158.0 208.0
60.0 155.0
81.0 91.0
135.0 118.0
229.0 8.0
167.0 153.0
26.0 60.0
109.0 154.0
83.0 15.0
45.0 144.0
131.0 224.0
242.0 97.0
185.0 53.0
165.0 30.0
156.0 250.0
204.0 56.0
215.0 174.0
188.0 116.0
242.0 170.0
74.0 199.0
48.0 167.0
249.0 163.0
77.0 126.0
210.0 64.0
143.0 70.0
188.0 246.0
41.0 182.0
113.0 228.0
212.0 71.0
90.0 8.0
179.0 90.0
176.0 197.0
45.0 161.0
10.0 222.0
161.0 123.0
177.0 153.0
121.0 181.0
22.0 3.0
73.0 103.0
150.0 178.0
123.0 113.0
198.0 71.0
189.0 0.0
9.0 79.0
234.0 21.0
150.0 174.0
78.0 236.0
43.0 189.0
100.0 240.0
15.0 52.0
184.0 45.0
168.0 28.0
57.0 201.0
2.0 65.0
8.0 43.0
54.0 180.0
34.0 18.0
128.0 110.0
247.0 112.0
245.0 33.0
229.0 205.0
13.0 211.0
39.0 235.0
168.0 241.0
189.0 153.0
120.0 137.0
167.0 145.0
129.0 43.0
184.0 243.0
55.0 195.0
121.0 178.0
200.0 49.0
222.0 214.0
55.0 57.0
117.0 194.0
93.0 145.0
113.0 167.0
43.0 4.0
217.0 194.0
169.0 109.0
179.0 78.0
113.0 212.0
170.0 7.0
192.0 93.0
248.0 195.0
92.0 199.0
93.0 178.0
218.0 72.0
59.0 191.0
28.0 67.0
127.0 173.0
223.0 153.0
197.0 204.0
247.0 154.0
180.0 32.0
113.0 108.0
184.0 135.0
100.0 228.0
152.0 91.0
240.0 9.0
106.0 78.0
17.0 98.0
241.0 154.0
37.0 94.0
140.0 12.0
8.0 15.0
228.0 235.0
150.0 232.0
122.0 123.0
223.0 231.0
104.0 243.0
211.0 117.0
17.0 141.0
198.0 109.0
167.0 246.0
97.0 64.0
172.0 48.0
168.0 140.0
211.0 171.0
73.0 33.0
228.0 65.0
69.0 2.0
189.0 81.0
182.0 6.0
59.0 249.0
101.0 37.0
220.0 154.0
15.0 92.0
128.0 121.0
233.0 12.0
60.0 219.0
227.0 231.0
113.0 162.0
15.0 54.0
178.0 3.0
185.0 131.0
200.0 75.0
86.0 115.0
43.0 189.0
112.0 51.0
157.0 180.0
240.0 107.0
6.0 176.0
108.0 68.0
56.0 65.0
185.0 80.0
162.0 156.0
175.0 194.0
41.0 126.0
108.0 61.0
40.0 143.0
111.0 218.0
243.0 111.0
191.0 181.0
29.0 68.0
164.0 156.0
231.0 48.0
175.0 223.0
138.0 70.0
59.0 169.0
121.0 185.0
129.0 204.0
233.0 117.0
18.0 100.0
214.0 63.0
15.0 130.0
108.0 58.0
167.0 217.0
45.0 94.0
206.0 31.0
40.0 15.0
190.0 80.0
214.0 28.0
60.0 168.0
180.0 201.0
108.0 119.0
119.0 174.0
187.0 28.0
161.0 79.0
55.0 71.0
226.0 12.0
23.0 236.0
59.0 200.0
194.0 151.0
248.0 52.0
98.0 1.0
70.0 128.0
113.0 62.0
100.0 90.0
114.0 236.0
30.0 46.0
117.0 242.0
19.0 213.0
220.0 209.0
154.0 196.0
8.0 213.0
205.0 191.0
84.0 118.0
127.0 10.0
250.0 153.0
133.0 133.0
169.0 195.0
156.0 58.0
122.0 74.0
138.0 15.0
68.0 239.0
119.0 200.0
14.0 230.0
157.0 228.0
21.0 175.0
190.0 59.0
211.0 118.0
8.0 5.0
4.0 37.0
50.0 179.0
57.0 220.0
77.0 107.0
5.0 241.0
73.0 20.0
122.0 83.0
28.0 144.0
106.0 14.0
102.0 140.0
241.0 141.0
182.0 149.0
13.0 129.0
206.0 197.0
59.0 129.0
167.0 49.0
147.0 34.0
13.0 155.0
198.0 226.0
239.0 130.0
167.0 46.0
32.0 52.0
173.0 57.0
119.0 142.0
66.0 183.0
57.0 224.0
194.0 165.0
0.0 170.0
197.0 61.0
47.0 92.0
204.0 91.0
82.0 122.0
123.0 188.0
95.0 149.0
57.0 176.0
9.0 244.0
140.0 59.0
125.0 18.0
191.0 222.0
99.0 6.0
130.0 157.0
177.0 208.0
171.0 125.0
223.0 1.0
92.0 5.0
161.0 184.0
246.0 114.0
217.0 231.0
236.0 122.0
215.0 148.0
22.0 216.0
204.0 145.0
27.0 25.0
19.0 122.0
137.0 74.0
197.0 67.0
25.0 149.0
216.0 244.0
69.0 240.0
109.0 132.0
181.0 45.0
46.0 127.0
184.0 80.0
48.0 98.0
181.0 12.0
76.0 164.0
171.0 139.0
11.0 179.0
243.0 246.0
150.0 159.0
219.0 130.0
120.0 5.0
212.0 176.0
187.0 148.0
77.0 131.0
12.0 85.0
111.0 76.0
190.0 50.0
108.0 146.0
6.0 172.0
237.0 96.0
111.0 2.0
228.0 144.0
185.0 112.0
212.0 84.0
174.0 30.0
84.0 193.0
8.0 100.0
86.0 73.0
55.0 151.0
123.0 75.0
73.0 179.0
133.0 57.0
23.0 62.0
145.0 10.0
171.0 133.0
212.0 180.0
177.0 9.0
248.0 94.0
244.0 127.0
63.0 224.0
153.0 243.0
12.0 104.0
121.0 246.0
168.0 246.0
183.0 158.0
66.0 22.0
169.0 31.0
51.0 23.0
108.0 12.0
152.0 160.0
221.0 151.0
142.0 148.0
3.0 88.0
69.0 21.0
159.0 89.0
74.0 178.0
11.0 177.0
113.0 4.0
38.0 206.0
55.0 181.0
24.0 7.0
146.0 92.0
108.0 65.0
166.0 91.0
85.0 247.0
167.0 140.0
124.0 145.0
230.0 217.0
133.0 202.0
7.0 139.0
59.0 50.0
116.0 45.0
221.0 84.0
23.0 89.0
104.0 117.0
109.0 202.0
74.0 226.0
176.0 92.0
72.0 26.0
219.0 219.0
122.0 116.0
98.0 51.0
85.0 38.0
48.0 196.0
122.0 134.0
46.0 97.0
167.0 6.0

192.0 117.0
171.0 59.0
171.0 164.0
247.0 26.0
86.0 15.0
15.0 105.0
162.0 104.0
13.0 133.0
42.0 7.0
229.0 56.0
68.0 71.0
195.0 141.0
234.0 70.0
99.0 231.0
62.0 37.0
5.0 234.0
211.0 29.0
220.0 102.0
235.0 118.0
23.0 176.0
144.0 212.0
205.0 208.0
60.0 122.0
227.0 109.0
28.0 152.0
88.0 122.0
101.0 184.0
70.0 255.0
178.0 210.0
87.0 153.0
77.0 148.0
196.0 89.0
168.0 233.0
82.0 74.0
214.0 25.0
220.0 200.0
94.0 115.0
181.0 79.0
197.0 221.0
116.0 108.0
17.0 172.0
17.0 47.0
129.0 61.0
190.0 8.0
210.0 167.0
137.0 254.0
119.0 96.0
173.0 234.0
121.0 113.0
101.0 156.0
120.0 217.0
117.0 140.0
117.0 32.0
190.0 126.0
138.0 33.0
180.0 221.0
196.0 205.0
73.0 252.0
201.0 76.0
215.0 120.0
233.0 116.0
72.0 79.0
196.0 249.0
245.0 152.0
191.0 183.0
153.0 196.0
212.0 112.0
240.0 202.0
134.0 149.0
247.0 228.0
254.0 163.0
30.0 137.0
175.0 10.0
59.0 197.0
214.0 206.0
19.0 97.0
239.0 124.0
207.0 38.0
215.0 205.0
50.0 60.0
23.0 82.0
83.0 212.0
198.0 244.0
45.0 15.0
11.0 31.0
74.0 253.0
162.0 198.0
63.0 166.0
179.0 241.0
230.0 149.0
111.0 31.0
128.0 8.0
12.0 141.0
33.0 148.0
171.0 43.0
238.0 172.0
218.0 101.0
161.0 155.0
182.0 248.0
120.0 143.0
245.0 138.0
52.0 68.0
169.0 214.0
174.0 236.0
238.0 192.0
223.0 186.0
75.0 248.0
180.0 223.0
68.0 20.0
180.0 58.0
109.0 83.0
184.0 197.0
37.0 167.0
16.0 167.0
98.0 136.0
132.0 86.0
166.0 90.0
159.0 39.0
219.0 29.0
196.0 157.0
139.0 61.0
28.0 196.0
223.0 181.0
107.0 187.0
98.0 9.0
90.0 46.0
48.0 144.0
168.0 104.0
95.0 124.0
91.0 78.0
171.0 38.0
17.0 39.0
130.0 151.0
169.0 42.0
87.0 216.0
93.0 120.0
121.0 209.0
151.0 150.0
53.0 27.0
87.0 165.0
170.0 26.0
231.0 27.0
190.0 55.0
72.0 125.0
48.0 226.0
82.0 183.0
95.0 224.0
181.0 159.0
218.0 13.0
103.0 221.0
75.0 110.0
163.0 212.0
65.0 160.0
86.0 97.0
141.0 122.0
233.0 13.0
173.0 158.0
32.0 65.0
113.0 159.0
87.0 20.0
49.0 149.0
136.0 229.0
247.0 103.0
190.0 58.0
171.0 35.0
160.0 256.0
210.0 60.0
220.0 179.0
193.0 120.0
248.0 175.0
80.0 204.0
54.0 173.0
253.0 167.0
83.0 131.0
214.0 69.0
148.0 75.0
193.0 251.0
47.0 188.0
117.0 233.0
218.0 77.0
94.0 14.0
184.0 94.0
181.0 201.0
50.0 167.0
14.0 227.0
166.0 128.0
182.0 158.0
126.0 186.0
27.0 9.0
79.0 109.0
154.0 182.0
128.0 118.0
203.0 75.0
194.0 4.0
14.0 83.0
240.0 27.0
154.0 179.0
83.0 241.0
47.0 193.0
105.0 245.0
20.0 57.0
190.0 51.0
172.0 33.0
63.0 207.0
7.0 70.0
12.0 48.0
59.0 186.0
38.0 22.0
132.0 115.0
252.0 117.0
250.0 38.0
234.0 210.0
19.0 215.0
44.0 240.0
173.0 247.0
193.0 158.0
125.0 142.0
171.0 150.0
133.0 48.0
190.0 249.0
59.0 199.0
126.0 184.0
206.0 54.0
227.0 220.0
59.0 63.0
123.0 198.0
98.0 150.0
117.0 172.0
48.0 8.0
222.0 199.0
174.0 114.0
184.0 82.0
118.0 218.0
175.0 12.0
198.0 98.0
252.0 199.0
97.0 204.0
98.0 182.0
223.0 77.0
64.0 196.0
33.0 72.0
133.0 177.0
228.0 159.0
203.0 208.0
252.0 159.0
184.0 36.0
118.0 112.0
188.0 140.0
104.0 233.0
157.0 95.0
246.0 14.0
111.0 83.0
22.0 102.0
246.0 158.0
42.0 100.0
146.0 17.0
14.0 20.0
233.0 240.0
155.0 237.0
126.0 128.0
229.0 236.0
109.0 248.0
217.0 121.0
23.0 145.0
203.0 114.0
172.0 251.0
101.0 70.0
177.0 53.0
173.0 145.0
216.0 176.0
79.0 39.0
233.0 71.0
73.0 7.0
193.0 86.0
188.0 11.0
65.0 255.0
106.0 42.0
225.0 160.0
20.0 96.0
134.0 125.0
238.0 17.0
65.0 223.0
232.0 235.0
117.0 166.0
20.0 58.0
183.0 7.0
189.0 137.0
205.0 81.0
91.0 120.0
47.0 195.0
117.0 55.0
162.0 186.0
245.0 111.0
11.0 180.0
113.0 74.0
61.0 69.0
190.0 85.0
166.0 160.0
179.0 199.0
46.0 132.0
114.0 67.0
45.0 149.0
115.0 222.0
247.0 115.0
197.0 186.0
35.0 73.0
170.0 160.0
236.0 53.0
181.0 228.0
143.0 76.0
63.0 174.0
126.0 191.0
133.0 209.0
237.0 123.0
22.0 104.0
218.0 67.0
21.0 135.0
113.0 64.0
171.0 223.0
49.0 99.0
211.0 35.0
44.0 19.0
195.0 86.0
219.0 32.0
65.0 173.0
185.0 205.0
112.0 124.0
124.0 178.0
192.0 32.0
167.0 84.0
60.0 76.0
232.0 17.0
29.0 242.0
63.0 205.0
199.0 155.0
254.0 57.0
102.0 5.0
76.0 134.0
119.0 67.0
104.0 95.0
119.0 240.0
36.0 52.0
121.0 248.0
24.0 219.0
225.0 214.0
159.0 201.0
13.0 218.0
210.0 197.0
89.0 122.0
131.0 15.0
256.0 158.0
138.0 137.0
173.0 200.0
162.0 63.0
127.0 79.0
142.0 20.0
73.0 244.0
125.0 206.0
19.0 235.0
162.0 233.0
25.0 180.0
195.0 64.0
217.0 122.0
14.0 9.0
10.0 42.0
54.0 184.0
62.0 225.0
82.0 113.0
11.0 246.0
78.0 25.0
127.0 88.0
33.0 150.0
111.0 19.0
107.0 145.0
246.0 146.0
187.0 153.0
18.0 134.0
210.0 202.0
65.0 134.0
171.0 54.0
153.0 39.0
19.0 160.0
203.0 231.0
243.0 136.0
173.0 50.0
38.0 56.0
178.0 62.0
124.0 147.0
70.0 189.0
62.0 229.0
199.0 170.0
5.0 175.0
202.0 65.0
52.0 97.0
209.0 96.0
86.0 127.0
127.0 192.0
101.0 155.0
61.0 182.0
14.0 249.0
146.0 63.0
130.0 22.0
197.0 228.0
104.0 12.0
134.0 163.0
183.0 213.0
176.0 129.0
229.0 6.0
96.0 10.0
166.0 188.0
251.0 118.0
221.0 237.0
241.0 128.0
221.0 153.0
26.0 221.0
209.0 150.0
32.0 30.0
25.0 127.0
143.0 80.0
203.0 73.0
29.0 153.0
222.0 249.0
73.0 245.0
114.0 137.0
187.0 50.0
50.0 131.0
188.0 86.0
52.0 103.0
187.0 16.0
80.0 170.0
176.0 145.0
16.0 183.0
248.0 251.0
155.0 163.0
224.0 136.0
125.0 10.0
218.0 180.0
192.0 153.0
81.0 136.0
17.0 90.0
116.0 82.0
195.0 55.0
112.0 152.0
10.0 177.0
243.0 102.0
116.0 6.0
232.0 149.0
190.0 117.0
217.0 89.0
178.0 34.0
88.0 198.0
14.0 105.0
92.0 79.0
59.0 156.0
128.0 79.0
78.0 183.0
139.0 62.0
28.0 66.0
150.0 15.0
176.0 138.0
216.0 186.0
183.0 13.0
253.0 99.0
249.0 132.0
69.0 228.0
159.0 249.0
16.0 110.0
127.0 251.0
174.0 250.0
188.0 164.0
72.0 26.0
173.0 36.0
55.0 27.0
112.0 17.0
156.0 164.0
225.0 155.0
147.0 153.0
7.0 92.0
75.0 27.0
164.0 95.0
79.0 183.0
17.0 183.0
118.0 10.0
42.0 211.0
60.0 186.0
28.0 13.0
150.0 96.0
113.0 70.0
171.0 96.0
91.0 252.0
171.0 145.0
129.0 149.0
235.0 222.0
137.0 206.0
13.0 143.0
64.0 54.0
122.0 51.0
226.0 90.0
28.0 93.0
109.0 121.0
115.0 207.0
80.0 231.0
181.0 96.0
77.0 32.0
223.0 223.0
127.0 121.0
102.0 56.0
90.0 44.0
53.0 201.0
128.0 139.0
51.0 102.0
173.0 11.0
