1
512 1 3.0 0.0 1000.0 3 160 240 100

6.5 13.5 29.3 58.5
13.0 27.0 58.5 117.0
19.5 40.5 87.8 175.5
26.0 54.0 117.0 234.0
39.0 81.0 175.5 351.0
52.0 108.0 234.0 468.0
58.5 121.5 263.3 526.5
65.0 135.0 292.5 585.0
78.0 162.0 351.0 702.0
0.0 180.0 390.0 780.0

2.0 5.0 8.0 11.0
5.0 8.0 11.0 14.0
9.0 12.0 15.0 18.0
11.0 14.0 17.0 20.0
15.0 18.0 21.0 24.0
18.0 21.0 24.0 27.0
20.0 23.0 26.0 29.0
25.0 28.0 31.0 34.0
29.0 32.0 35.0 38.0
0.0 34.0 37.0 40.0

88.0 27.0
1.0 181.0
23.0 146.0
55.0 111.0
171.0 218.0
42.0 226.0
23.0 189.0
50.0 135.0
134.0 15.0
140.0 96.0
90.0 80.0
240.0 135.0
146.0 115.0
83.0 203.0
28.0 66.0
215.0 57.0
242.0 137.0
185.0 160.0
244.0 53.0
76.0 155.0
201.0 158.0
108.0 65.0
74.0 24.0
100.0 174.0
111.0 42.0
148.0 105.0
122.0 61.0
180.0 163.0
246.0 177.0
118.0 111.0
208.0 87.0
184.0 47.0
136.0 12.0
203.0 184.0
84.0 218.0
80.0 85.0
194.0 4.0
153.0 13.0
13.0 88.0
237.0 86.0
38.0 103.0
202.0 16.0
109.0 30.0
242.0 5.0
122.0 155.0
80.0 183.0
42.0 233.0
132.0 57.0
58.0 96.0
244.0 228.0
4.0 248.0
161.0 204.0
249.0 58.0
206.0 203.0
50.0 228.0
215.0 157.0
213.0 16.0
74.0 168.0
178.0 16.0
20.0 13.0
221.0 103.0
197.0 70.0
53.0 213.0
245.0 143.0
117.0 208.0
25.0 181.0
220.0 96.0
152.0 227.0
211.0 249.0
61.0 247.0
193.0 16.0
139.0 31.0
106.0 228.0
38.0 192.0
53.0 146.0
73.0 83.0
83.0 202.0
189.0 33.0
164.0 212.0
33.0 99.0
188.0 49.0
236.0 106.0
141.0 67.0
74.0 47.0
116.0 142.0
221.0 243.0
201.0 2.0
159.0 214.0
47.0 72.0
64.0 20.0
6.0 155.0
120.0 167.0
38.0 26.0
208.0 200.0
138.0 148.0
25.0 209.0
109.0 211.0
239.0 246.0
70.0 75.0
76.0 236.0
133.0 194.0
97.0 37.0
19.0 224.0
169.0 84.0
177.0 28.0
14.0 146.0
46.0 141.0
231.0 23.0
147.0 44.0
31.0 70.0
29.0 181.0
216.0 8.0
124.0 188.0
7.0 32.0
149.0 156.0
138.0 57.0
15.0 14.0
200.0 224.0
233.0 217.0
2.0 145.0
144.0 226.0
86.0 128.0
118.0 76.0
26.0 231.0
149.0 130.0
13.0 27.0
126.0 220.0
11.0 36.0
78.0 126.0
75.0 92.0
50.0 220.0
8.0 218.0
38.0 118.0
85.0 163.0
6.0 17.0
123.0 42.0
42.0 209.0
13.0 102.0
48.0 61.0
119.0 195.0
159.0 71.0
25.0 92.0
145.0 183.0
171.0 103.0
117.0 89.0
234.0 7.0
176.0 62.0
152.0 134.0
202.0 189.0
50.0 229.0
33.0 173.0
73.0 61.0
112.0 188.0
3.0 36.0
238.0 87.0
65.0 154.0
110.0 73.0
152.0 185.0
179.0 2.0
8.0 39.0
127.0 62.0
222.0 71.0
103.0 118.0
199.0 182.0
173.0 85.0
81.0 75.0
228.0 1.0
171.0 140.0
186.0 48.0
189.0 237.0
111.0 39.0
54.0 187.0
198.0 21.0
141.0 131.0
139.0 130.0
80.0 205.0
183.0 210.0
177.0 47.0
25.0 226.0
135.0 210.0
228.0 95.0
45.0 136.0
174.0 97.0
202.0 130.0
133.0 110.0
72.0 114.0
57.0 206.0
104.0 224.0
81.0 236.0
90.0 166.0
203.0 53.0
137.0 4.0
244.0 135.0
76.0 175.0
201.0 128.0
249.0 44.0
202.0 198.0
136.0 142.0
68.0 88.0
116.0 48.0
50.0 136.0
217.0 178.0
128.0 40.0
11.0 53.0
71.0 233.0
151.0 199.0
10.0 46.0
65.0 132.0
98.0 136.0
181.0 181.0
149.0 235.0
79.0 245.0
183.0 72.0
71.0 119.0
163.0 146.0
224.0 87.0
212.0 90.0
196.0 59.0
232.0 160.0
41.0 74.0
81.0 227.0
218.0 68.0
103.0 177.0
85.0 92.0
57.0 216.0
237.0 33.0
92.0 130.0
106.0 121.0
208.0 98.0
35.0 154.0
217.0 241.0
140.0 122.0
18.0 138.0
38.0 4.0
81.0 114.0
127.0 64.0
69.0 145.0
128.0 44.0
128.0 71.0
192.0 200.0
151.0 88.0
168.0 201.0
153.0 77.0
200.0 228.0
205.0 123.0
127.0 146.0
187.0 153.0
228.0 222.0
182.0 168.0
171.0 144.0
133.0 135.0
63.0 178.0
233.0 129.0
103.0 97.0
27.0 164.0
106.0 89.0
78.0 184.0
17.0 164.0
52.0 27.0
66.0 137.0
192.0 213.0
53.0 71.0
176.0 226.0
51.0 153.0
180.0 35.0
117.0 245.0
42.0 146.0
200.0 210.0
210.0 47.0
196.0 145.0
235.0 212.0
216.0 223.0
143.0 164.0
147.0 166.0
48.0 131.0
187.0 180.0
222.0 163.0
76.0 232.0
123.0 128.0
59.0 139.0
196.0 78.0
189.0 219.0
97.0 25.0
140.0 101.0
15.0 249.0
238.0 69.0
123.0 48.0
23.0 151.0
208.0 172.0
183.0 227.0
136.0 243.0
23.0 220.0
75.0 7.0
205.0 24.0
4.0 111.0
39.0 118.0
69.0 125.0
186.0 132.0
174.0 104.0
185.0 196.0
245.0 76.0
30.0 214.0
195.0 91.0
86.0 15.0
136.0 96.0
207.0 147.0
244.0 178.0
202.0 149.0
206.0 20.0
146.0 186.0
26.0 13.0
62.0 2.0
235.0 248.0
87.0 210.0
175.0 185.0
29.0 2.0
13.0 119.0
41.0 155.0
32.0 102.0
221.0 59.0
234.0 72.0
207.0 17.0
175.0 223.0
219.0 152.0
193.0 232.0
242.0 63.0
69.0 21.0
173.0 181.0
173.0 27.0
248.0 99.0
228.0 41.0
202.0 195.0
155.0 221.0
105.0 195.0
241.0 194.0
192.0 136.0
204.0 245.0
20.0 227.0
55.0 142.0
128.0 213.0
174.0 182.0
175.0 111.0
138.0 175.0
90.0 35.0
102.0 50.0
97.0 120.0
132.0 179.0
20.0 129.0
167.0 245.0
110.0 134.0
144.0 88.0
156.0 217.0
81.0 28.0
23.0 221.0
27.0 185.0
242.0 121.0
52.0 178.0
155.0 158.0
49.0 129.0
150.0 190.0
176.0 178.0
76.0 30.0
48.0 94.0
28.0 96.0
153.0 70.0
198.0 16.0
229.0 124.0
114.0 146.0
185.0 106.0
89.0 6.0
198.0 95.0
73.0 231.0
183.0 53.0
119.0 158.0
134.0 158.0
249.0 25.0
177.0 48.0
93.0 27.0
200.0 30.0
192.0 76.0
22.0 109.0
213.0 144.0
93.0 12.0
99.0 152.0
60.0 194.0
19.0 163.0
81.0 117.0
31.0 218.0
76.0 173.0
174.0 201.0
179.0 164.0
46.0 181.0
212.0 83.0
211.0 11.0
67.0 234.0
101.0 6.0
181.0 60.0
138.0 86.0
137.0 99.0
126.0 103.0
176.0 51.0
1.0 98.0
43.0 6.0
118.0 90.0
86.0 196.0
44.0 21.0
123.0 187.0
149.0 67.0
161.0 0.0
97.0 87.0
76.0 219.0
157.0 26.0
231.0 168.0
49.0 181.0
11.0 118.0
136.0 15.0
118.0 229.0
42.0 56.0
249.0 32.0
121.0 190.0
108.0 80.0
15.0 2.0
4.0 158.0
68.0 123.0
116.0 67.0
216.0 79.0
56.0 16.0
21.0 248.0
163.0 229.0
54.0 48.0
62.0 203.0
192.0 62.0
37.0 86.0
174.0 127.0
111.0 241.0
64.0 207.0
27.0 89.0
131.0 189.0
149.0 162.0
154.0 69.0
83.0 110.0
26.0 32.0
172.0 187.0
62.0 6.0
51.0 103.0
241.0 96.0
27.0 141.0
173.0 80.0
92.0 45.0
144.0 3.0
225.0 212.0
145.0 186.0
158.0 51.0
136.0 43.0
127.0 194.0
50.0 173.0
171.0 22.0
173.0 223.0
129.0 80.0
47.0 115.0
2.0 216.0
124.0 27.0
226.0 134.0
220.0 78.0
143.0 98.0
109.0 236.0
76.0 62.0
189.0 29.0
195.0 119.0
174.0 198.0
187.0 164.0
132.0 249.0
44.0 22.0
188.0 169.0
113.0 87.0
90.0 133.0
95.0 71.0
88.0 100.0
13.0 56.0
180.0 244.0
202.0 65.0
86.0 246.0
226.0 210.0
85.0 12.0
155.0 25.0
231.0 224.0
210.0 159.0
206.0 173.0
111.0 160.0
182.0 133.0
238.0 150.0
98.0 113.0
83.0 6.0
81.0 131.0
218.0 208.0
56.0 204.0
126.0 104.0
140.0 79.0
15.0 128.0
240.0 33.0
72.0 90.0
81.0 128.0
149.0 199.0
205.0 135.0
222.0 76.0
40.0 133.0
241.0 26.0
211.0 117.0
83.0 202.0
65.0 10.0
92.0 79.0
195.0 28.0

92.0 33.0
6.0 185.0
28.0 152.0
60.0 116.0
177.0 224.0
47.0 231.0
28.0 195.0
55.0 140.0
139.0 21.0
145.0 101.0
95.0 85.0
244.0 141.0
152.0 120.0
89.0 208.0
32.0 70.0
220.0 62.0
246.0 142.0
190.0 166.0
249.0 58.0
81.0 160.0
207.0 162.0
113.0 70.0
79.0 28.0
106.0 179.0
116.0 46.0
152.0 111.0
127.0 65.0
185.0 168.0
250.0 182.0
122.0 116.0
213.0 92.0
188.0 51.0
141.0 16.0
208.0 188.0
88.0 222.0
86.0 90.0
198.0 8.0
159.0 19.0
19.0 92.0
241.0 90.0
43.0 109.0
206.0 21.0
115.0 35.0
247.0 9.0
128.0 159.0
84.0 188.0
48.0 237.0
138.0 62.0
64.0 101.0
249.0 233.0
10.0 252.0
166.0 210.0
254.0 64.0
211.0 208.0
55.0 233.0
221.0 162.0
218.0 21.0
79.0 174.0
184.0 21.0
26.0 18.0
226.0 107.0
202.0 74.0
59.0 219.0
249.0 149.0
122.0 212.0
30.0 186.0
225.0 100.0
158.0 232.0
216.0 254.0
66.0 252.0
197.0 21.0
143.0 35.0
111.0 232.0
43.0 196.0
58.0 152.0
79.0 89.0
88.0 208.0
194.0 38.0
169.0 217.0
37.0 104.0
192.0 54.0
241.0 112.0
145.0 72.0
79.0 52.0
122.0 147.0
227.0 248.0
205.0 6.0
163.0 219.0
52.0 77.0
68.0 25.0
11.0 161.0
125.0 173.0
42.0 32.0
212.0 206.0
144.0 152.0
30.0 215.0
114.0 216.0
243.0 252.0
75.0 79.0
82.0 242.0
138.0 200.0
101.0 42.0
24.0 228.0
173.0 88.0
183.0 34.0
19.0 152.0
50.0 146.0
236.0 28.0
153.0 49.0
36.0 75.0
35.0 185.0
222.0 14.0
129.0 192.0
12.0 38.0
155.0 162.0
144.0 63.0
20.0 18.0
205.0 228.0
237.0 221.0
7.0 150.0
149.0 230.0
92.0 133.0
122.0 81.0
30.0 236.0
155.0 134.0
18.0 32.0
132.0 224.0
17.0 40.0
84.0 130.0
80.0 98.0
54.0 226.0
13.0 223.0
43.0 122.0
89.0 168.0
12.0 22.0
127.0 47.0
48.0 213.0
19.0 107.0
52.0 66.0
125.0 200.0
165.0 77.0
29.0 96.0
151.0 188.0
175.0 107.0
122.0 95.0
240.0 12.0
181.0 66.0
157.0 139.0
207.0 194.0
56.0 233.0
39.0 177.0
78.0 66.0
117.0 193.0
7.0 40.0
242.0 93.0
71.0 159.0
115.0 77.0
156.0 190.0
184.0 7.0
12.0 45.0
132.0 66.0
228.0 76.0
109.0 122.0
204.0 187.0
177.0 90.0
86.0 81.0
234.0 6.0
175.0 145.0
191.0 53.0
194.0 241.0
115.0 44.0
59.0 191.0
203.0 27.0
145.0 136.0
144.0 136.0
86.0 211.0
187.0 215.0
181.0 51.0
29.0 232.0
141.0 214.0
234.0 100.0
51.0 141.0
180.0 101.0
206.0 135.0
137.0 116.0
77.0 119.0
62.0 211.0
110.0 229.0
87.0 241.0
96.0 171.0
209.0 58.0
142.0 9.0
248.0 140.0
82.0 180.0
206.0 133.0
254.0 49.0
207.0 204.0
142.0 146.0
72.0 93.0
122.0 54.0
56.0 141.0
222.0 182.0
134.0 45.0
17.0 58.0
76.0 238.0
156.0 204.0
15.0 52.0
70.0 137.0
103.0 141.0
185.0 186.0
153.0 240.0
85.0 250.0
188.0 78.0
76.0 123.0
169.0 151.0
229.0 92.0
216.0 94.0
202.0 64.0
236.0 165.0
46.0 79.0
86.0 232.0
224.0 73.0
109.0 182.0
90.0 98.0
62.0 220.0
241.0 38.0
96.0 135.0
111.0 126.0
212.0 104.0
40.0 159.0
223.0 246.0
146.0 126.0
23.0 143.0
44.0 10.0
87.0 118.0
131.0 70.0
74.0 149.0
133.0 49.0
133.0 76.0
197.0 206.0
155.0 94.0
172.0 206.0
157.0 81.0
206.0 233.0
211.0 128.0
132.0 150.0
193.0 157.0
232.0 227.0
187.0 173.0
175.0 150.0
138.0 141.0
69.0 182.0
239.0 134.0
108.0 103.0
33.0 170.0
111.0 93.0
83.0 188.0
22.0 169.0
58.0 33.0
72.0 142.0
197.0 218.0
59.0 75.0
181.0 230.0
56.0 158.0
185.0 40.0
123.0 250.0
47.0 150.0
204.0 215.0
214.0 51.0
201.0 149.0
240.0 217.0
221.0 227.0
147.0 169.0
151.0 171.0
53.0 135.0
191.0 185.0
226.0 168.0
81.0 238.0
127.0 133.0
64.0 145.0
201.0 83.0
195.0 225.0
102.0 31.0
145.0 106.0
21.0 253.0
244.0 74.0
127.0 54.0
27.0 156.0
213.0 177.0
188.0 233.0
141.0 248.0
29.0 225.0
81.0 12.0
211.0 30.0
10.0 116.0
44.0 124.0
73.0 130.0
192.0 137.0
180.0 109.0
190.0 200.0
249.0 82.0
36.0 220.0
200.0 96.0
92.0 20.0
142.0 101.0
212.0 152.0
249.0 184.0
207.0 153.0
212.0 25.0
150.0 192.0
30.0 17.0
68.0 7.0
240.0 254.0
92.0 214.0
179.0 190.0
34.0 7.0
18.0 124.0
46.0 160.0
37.0 108.0
226.0 64.0
238.0 77.0
212.0 23.0
180.0 228.0
225.0 158.0
198.0 236.0
246.0 67.0
74.0 27.0
178.0 186.0
179.0 32.0
254.0 103.0
233.0 47.0
208.0 201.0
161.0 227.0
109.0 199.0
246.0 198.0
196.0 141.0
210.0 250.0
24.0 232.0
61.0 147.0
133.0 218.0
178.0 186.0
181.0 116.0
144.0 180.0
95.0 41.0
107.0 55.0
102.0 125.0
136.0 183.0
25.0 134.0
172.0 250.0
114.0 139.0
150.0 93.0
162.0 222.0
86.0 32.0
27.0 226.0
32.0 189.0
246.0 127.0
58.0 184.0
160.0 164.0
55.0 135.0
156.0 194.0
181.0 184.0
81.0 35.0
53.0 99.0
34.0 102.0
158.0 76.0
204.0 21.0
235.0 129.0
119.0 150.0
191.0 111.0
93.0 11.0
202.0 100.0
78.0 235.0
189.0 57.0
124.0 163.0
140.0 163.0
253.0 31.0
182.0 53.0
97.0 32.0
206.0 35.0
196.0 82.0
27.0 113.0
219.0 149.0
98.0 17.0
104.0 157.0
64.0 198.0
24.0 168.0
86.0 121.0
37.0 222.0
80.0 177.0
180.0 205.0
184.0 169.0
52.0 186.0
216.0 87.0
215.0 17.0
72.0 240.0
106.0 11.0
185.0 66.0
143.0 92.0
142.0 104.0
131.0 108.0
180.0 56.0
6.0 102.0
48.0 10.0
123.0 94.0
91.0 202.0
49.0 26.0
128.0 192.0
155.0 71.0
166.0 6.0
102.0 91.0
82.0 225.0
162.0 30.0
236.0 172.0
54.0 186.0
15.0 123.0
141.0 20.0
123.0 235.0
47.0 60.0
255.0 37.0
126.0 195.0
113.0 86.0
20.0 8.0
10.0 163.0
73.0 127.0
121.0 72.0
221.0 84.0
61.0 21.0
25.0 252.0
168.0 235.0
59.0 53.0
66.0 208.0
198.0 68.0
42.0 91.0
178.0 132.0
116.0 246.0
69.0 212.0
31.0 94.0
137.0 194.0
155.0 168.0
159.0 73.0
88.0 116.0
32.0 37.0
176.0 191.0
66.0 11.0
57.0 108.0
245.0 100.0
32.0 146.0
178.0 85.0
96.0 51.0
149.0 7.0
229.0 217.0
150.0 191.0
163.0 56.0
141.0 48.0
132.0 200.0
54.0 178.0
177.0 27.0
177.0 228.0
135.0 85.0
52.0 119.0
6.0 221.0
130.0 32.0
230.0 139.0
225.0 82.0
149.0 104.0
114.0 240.0
81.0 68.0
195.0 35.0
201.0 123.0
180.0 203.0
191.0 169.0
137.0 254.0
48.0 26.0
193.0 174.0
118.0 92.0
95.0 139.0
100.0 76.0
92.0 105.0
18.0 62.0
185.0 249.0
207.0 71.0
91.0 251.0
232.0 216.0
89.0 18.0
160.0 29.0
236.0 229.0
216.0 164.0
212.0 179.0
117.0 165.0
187.0 137.0
243.0 155.0
103.0 117.0
88.0 10.0
86.0 136.0
224.0 213.0
62.0 208.0
131.0 109.0
146.0 85.0
20.0 132.0
245.0 38.0
77.0 96.0
85.0 133.0
154.0 205.0
210.0 141.0
228.0 82.0
44.0 138.0
246.0 32.0
215.0 123.0
88.0 208.0
70.0 16.0
96.0 85.0
201.0 32.0
