1
512 1 3.0 0.0 1000.0 3 160 240 100

6.5 13.5 29.3 58.5
13.0 27.0 58.5 117.0
19.5 40.5 87.8 175.5
26.0 54.0 117.0 234.0
39.0 81.0 175.5 351.0
52.0 108.0 234.0 468.0
58.5 121.5 263.3 526.5
65.0 135.0 292.5 585.0
78.0 162.0 351.0 702.0
0.0 180.0 390.0 780.0

2.0 5.0 8.0 11.0
5.0 8.0 11.0 14.0
9.0 12.0 15.0 18.0
11.0 14.0 17.0 20.0
15.0 18.0 21.0 24.0
18.0 21.0 24.0 27.0
20.0 23.0 26.0 29.0
25.0 28.0 31.0 34.0
29.0 32.0 35.0 38.0
0.0 34.0 37.0 40.0

150.0 41.0
26.0 110.0
220.0 1.0
59.0 77.0
120.0 171.0
110.0 75.0
132.0 97.0
240.0 147.0
65.0 129.0
213.0 78.0
143.0 54.0
67.0 237.0
50.0 250.0
204.0 203.0
154.0 25.0
71.0 138.0
221.0 141.0
7.0 147.0
7.0 49.0
193.0 242.0
179.0 221.0
167.0 9.0
63.0 225.0
200.0 222.0
48.0 51.0
139.0 142.0
33.0 223.0
126.0 95.0
101.0 67.0
172.0 212.0
190.0 39.0
130.0 47.0
78.0 123.0
160.0 69.0
70.0 85.0
121.0 137.0
68.0 181.0
88.0 66.0
62.0 23.0
61.0 17.0
76.0 52.0
202.0 204.0
241.0 193.0
27.0 24.0
156.0 45.0
18.0 219.0
78.0 17.0
202.0 49.0
233.0 163.0
55.0 239.0
155.0 7.0
130.0 16.0
236.0 209.0
159.0 144.0
0.0 10.0
143.0 145.0
173.0 182.0
54.0 241.0
178.0 37.0
58.0 78.0
13.0 92.0
226.0 137.0
5.0 87.0
41.0 26.0
19.0 61.0
37.0 182.0
14.0 64.0
246.0 46.0
126.0 90.0
179.0 116.0
49.0 174.0
118.0 76.0
28.0 120.0
99.0 21.0
106.0 175.0
220.0 103.0
61.0 249.0
20.0 240.0
51.0 103.0
224.0 98.0
34.0 250.0
178.0 101.0
93.0 103.0
182.0 69.0
122.0 246.0
155.0 93.0
126.0 236.0
205.0 139.0
199.0 180.0
187.0 115.0
81.0 136.0
172.0 250.0
226.0 193.0
57.0 169.0
143.0 152.0
97.0 122.0
89.0 53.0
218.0 125.0
230.0 84.0
30.0 106.0
244.0 240.0
3.0 183.0
89.0 152.0
115.0 38.0
50.0 72.0
58.0 153.0
149.0 63.0
178.0 228.0
169.0 1.0
120.0 186.0
247.0 64.0
222.0 209.0
152.0 196.0
12.0 74.0
104.0 86.0
211.0 122.0
90.0 37.0
238.0 245.0
184.0 126.0
248.0 104.0
199.0 160.0
43.0 82.0
42.0 222.0
51.0 66.0
228.0 154.0
67.0 187.0
60.0 167.0
73.0 226.0
43.0 56.0
224.0 213.0
174.0 63.0
165.0 24.0
37.0 11.0
172.0 150.0
237.0 113.0
135.0 55.0
218.0 217.0
2.0 176.0
122.0 8.0
97.0 120.0
116.0 44.0
25.0 206.0
211.0 46.0
228.0 56.0
130.0 178.0
24.0 10.0
128.0 104.0
53.0 179.0
184.0 200.0
107.0 36.0
101.0 81.0
136.0 2.0
70.0 185.0
25.0 39.0
76.0 205.0
63.0 78.0
115.0 234.0
84.0 175.0
203.0 53.0
65.0 105.0
24.0 29.0
31.0 148.0
77.0 189.0
193.0 162.0
43.0 69.0
34.0 67.0
104.0 16.0
138.0 210.0
61.0 182.0
124.0 118.0
115.0 242.0
80.0 220.0
20.0 216.0
245.0 182.0
110.0 60.0
210.0 59.0
22.0 5.0
13.0 27.0
3.0 199.0
17.0 22.0
242.0 13.0
73.0 194.0
239.0 181.0
241.0 105.0
31.0 10.0
179.0 207.0
163.0 203.0
111.0 175.0
87.0 167.0
112.0 227.0
20.0 223.0
231.0 147.0
59.0 191.0
74.0 24.0
201.0 172.0
4.0 35.0
215.0 119.0
175.0 157.0
113.0 124.0
215.0 27.0
55.0 162.0
135.0 208.0
59.0 82.0
144.0 182.0
228.0 209.0
91.0 230.0
233.0 233.0
81.0 139.0
144.0 116.0
110.0 4.0
224.0 61.0
135.0 213.0
147.0 169.0
61.0 246.0
142.0 184.0
187.0 246.0
129.0 82.0
197.0 135.0
247.0 44.0
136.0 92.0
202.0 163.0
81.0 43.0
203.0 80.0
48.0 115.0
63.0 14.0
245.0 73.0
82.0 244.0
83.0 63.0
175.0 152.0
172.0 59.0
245.0 1.0
88.0 212.0
126.0 171.0
20.0 126.0
226.0 181.0
213.0 130.0
67.0 62.0
175.0 199.0
238.0 57.0
195.0 213.0
72.0 80.0
30.0 88.0
184.0 28.0
161.0 94.0
74.0 21.0
111.0 11.0
40.0 23.0
101.0 69.0
233.0 45.0
164.0 197.0
240.0 17.0
112.0 153.0
121.0 156.0
98.0 181.0
191.0 19.0
60.0 144.0
90.0 229.0
141.0 164.0
36.0 159.0
17.0 73.0
213.0 199.0
89.0 87.0
39.0 14.0
104.0 159.0
151.0 42.0
30.0 4.0
227.0 23.0
125.0 155.0
97.0 167.0
160.0 169.0
158.0 140.0
98.0 197.0
147.0 100.0
69.0 186.0
183.0 82.0
75.0 35.0
241.0 88.0
123.0 105.0
94.0 62.0
116.0 29.0
38.0 233.0
61.0 95.0
15.0 118.0
48.0 27.0
112.0 53.0
195.0 57.0
170.0 172.0
127.0 245.0
79.0 70.0
70.0 58.0
157.0 193.0
237.0 42.0
37.0 75.0
228.0 222.0
93.0 85.0
242.0 195.0
205.0 176.0
187.0 175.0
14.0 180.0
124.0 63.0
108.0 11.0
10.0 203.0
143.0 204.0
25.0 5.0
221.0 7.0
106.0 221.0
170.0 104.0
74.0 187.0
158.0 46.0
115.0 189.0
153.0 92.0
119.0 142.0
61.0 176.0
15.0 107.0
163.0 53.0
240.0 222.0
50.0 239.0
79.0 194.0
70.0 166.0
175.0 48.0
105.0 30.0
44.0 152.0
64.0 143.0
25.0 105.0
26.0 135.0
132.0 115.0
65.0 188.0
109.0 87.0
61.0 43.0
32.0 174.0
127.0 55.0
118.0 129.0
119.0 187.0
239.0 98.0
217.0 89.0
157.0 51.0
156.0 16.0
101.0 130.0
249.0 120.0
85.0 230.0
130.0 238.0
214.0 219.0
245.0 83.0
250.0 234.0
147.0 97.0
45.0 85.0
240.0 236.0
18.0 90.0
162.0 71.0
135.0 225.0
69.0 114.0
198.0 60.0
133.0 107.0
35.0 235.0
156.0 79.0
9.0 51.0
222.0 19.0
78.0 90.0
171.0 100.0
193.0 34.0
195.0 181.0
128.0 236.0
199.0 137.0
174.0 94.0
132.0 131.0
164.0 132.0
25.0 248.0
114.0 245.0
79.0 220.0
96.0 113.0
176.0 56.0
1.0 124.0
6.0 167.0
165.0 195.0
86.0 181.0
154.0 191.0
212.0 162.0
67.0 212.0
15.0 43.0
249.0 75.0
36.0 134.0
173.0 137.0
93.0 123.0
6.0 160.0
13.0 54.0
220.0 231.0
109.0 90.0
165.0 73.0
90.0 156.0
87.0 138.0
186.0 149.0
108.0 173.0
29.0 197.0
55.0 50.0
202.0 248.0
20.0 166.0
129.0 136.0
152.0 67.0
84.0 2.0
207.0 247.0
127.0 96.0
219.0 134.0
108.0 229.0
194.0 107.0
177.0 249.0
73.0 164.0
73.0 212.0
231.0 213.0
249.0 232.0
140.0 243.0
225.0 57.0
84.0 211.0
111.0 236.0
180.0 27.0
61.0 39.0
225.0 99.0
232.0 132.0
234.0 205.0
125.0 39.0
69.0 19.0
11.0 11.0
164.0 171.0
193.0 220.0
100.0 75.0
188.0 17.0
165.0 3.0
197.0 46.0
44.0 21.0
71.0 88.0
120.0 147.0
30.0 35.0
191.0 213.0
200.0 1.0
175.0 172.0
106.0 109.0
5.0 199.0
75.0 63.0
158.0 217.0
38.0 178.0
134.0 57.0
74.0 109.0
219.0 13.0
70.0 71.0
210.0 128.0
183.0 158.0
67.0 99.0
140.0 198.0
50.0 3.0
163.0 106.0
170.0 113.0
186.0 61.0
143.0 140.0
34.0 89.0
55.0 24.0
85.0 248.0
42.0 249.0
243.0 135.0
79.0 187.0
85.0 23.0
43.0 50.0
152.0 229.0
38.0 99.0
123.0 148.0
10.0 51.0
208.0 172.0
5.0 219.0
135.0 58.0
248.0 197.0
179.0 98.0
3.0 240.0
247.0 10.0
19.0 43.0
79.0 42.0
154.0 180.0
215.0 87.0
99.0 44.0
156.0 160.0
173.0 166.0
244.0 177.0
238.0 121.0
69.0 249.0
77.0 47.0
51.0 61.0
156.0 94.0
127.0 180.0
244.0 198.0
63.0 221.0
188.0 138.0
216.0 114.0
186.0 143.0
110.0 2.0
227.0 115.0
46.0 146.0
176.0 131.0
243.0 7.0
52.0 163.0
76.0 228.0
82.0 31.0
60.0 88.0
213.0 180.0
10.0 9.0
56.0 166.0
149.0 68.0
49.0 51.0
229.0 222.0
190.0 231.0
42.0 66.0
10.0 22.0
37.0 224.0
13.0 146.0
32.0 44.0
118.0 75.0

154.0 47.0
31.0 115.0
225.0 5.0
64.0 82.0
125.0 176.0
114.0 79.0
136.0 102.0
246.0 153.0
70.0 133.0
219.0 82.0
147.0 58.0
73.0 242.0
55.0 256.0
210.0 207.0
160.0 30.0
77.0 142.0
226.0 145.0
12.0 153.0
13.0 55.0
198.0 248.0
185.0 225.0
172.0 14.0
67.0 231.0
205.0 226.0
53.0 56.0
145.0 146.0
37.0 227.0
131.0 99.0
106.0 72.0
176.0 217.0
195.0 44.0
134.0 52.0
82.0 127.0
164.0 75.0
74.0 90.0
126.0 141.0
72.0 185.0
93.0 71.0
67.0 28.0
66.0 21.0
81.0 57.0
207.0 208.0
247.0 199.0
33.0 29.0
161.0 49.0
23.0 224.0
84.0 21.0
206.0 54.0
238.0 167.0
60.0 244.0
160.0 11.0
136.0 22.0
241.0 214.0
165.0 150.0
5.0 15.0
147.0 150.0
179.0 188.0
58.0 246.0
183.0 42.0
64.0 84.0
19.0 96.0
231.0 142.0
10.0 93.0
46.0 31.0
25.0 67.0
42.0 187.0
18.0 68.0
251.0 50.0
131.0 95.0
184.0 121.0
55.0 179.0
124.0 81.0
33.0 125.0
103.0 25.0
111.0 181.0
226.0 107.0
67.0 254.0
26.0 246.0
56.0 108.0
228.0 102.0
39.0 254.0
183.0 106.0
99.0 107.0
186.0 75.0
127.0 252.0
160.0 99.0
132.0 241.0
210.0 144.0
204.0 186.0
191.0 120.0
85.0 142.0
177.0 256.0
231.0 198.0
61.0 173.0
147.0 158.0
102.0 126.0
94.0 58.0
224.0 129.0
236.0 88.0
34.0 111.0
248.0 245.0
9.0 187.0
95.0 156.0
120.0 42.0
55.0 77.0
63.0 158.0
154.0 68.0
182.0 233.0
174.0 7.0
125.0 192.0
252.0 69.0
228.0 215.0
157.0 201.0
17.0 80.0
109.0 92.0
216.0 128.0
95.0 43.0
243.0 251.0
189.0 131.0
253.0 110.0
205.0 164.0
49.0 86.0
47.0 228.0
55.0 71.0
234.0 158.0
71.0 193.0
66.0 172.0
78.0 232.0
48.0 61.0
228.0 218.0
180.0 68.0
170.0 28.0
42.0 15.0
177.0 155.0
242.0 118.0
140.0 60.0
223.0 221.0
6.0 181.0
127.0 13.0
102.0 125.0
121.0 49.0
30.0 210.0
216.0 52.0
234.0 62.0
135.0 182.0
29.0 14.0
133.0 109.0
58.0 185.0
190.0 206.0
112.0 42.0
107.0 87.0
142.0 8.0
75.0 191.0
29.0 44.0
82.0 210.0
67.0 82.0
121.0 239.0
88.0 180.0
208.0 58.0
70.0 109.0
29.0 33.0
36.0 153.0
82.0 193.0
199.0 167.0
47.0 74.0
39.0 71.0
109.0 22.0
144.0 215.0
65.0 187.0
128.0 123.0
120.0 246.0
84.0 226.0
24.0 221.0
251.0 187.0
116.0 64.0
216.0 63.0
26.0 10.0
19.0 32.0
7.0 203.0
23.0 27.0
248.0 18.0
78.0 200.0
244.0 186.0
246.0 110.0
36.0 15.0
184.0 212.0
168.0 209.0
117.0 179.0
92.0 171.0
118.0 231.0
25.0 228.0
236.0 153.0
64.0 197.0
79.0 29.0
206.0 177.0
8.0 40.0
220.0 123.0
180.0 162.0
118.0 129.0
221.0 31.0
60.0 168.0
139.0 213.0
64.0 87.0
150.0 187.0
233.0 213.0
96.0 234.0
237.0 238.0
86.0 144.0
149.0 122.0
115.0 8.0
229.0 66.0
140.0 218.0
152.0 174.0
66.0 252.0
147.0 190.0
192.0 250.0
135.0 87.0
203.0 141.0
251.0 50.0
142.0 98.0
207.0 168.0
86.0 48.0
208.0 84.0
53.0 120.0
68.0 20.0
250.0 78.0
87.0 250.0
87.0 68.0
180.0 157.0
177.0 63.0
250.0 7.0
93.0 217.0
132.0 175.0
25.0 130.0
231.0 186.0
217.0 135.0
72.0 67.0
181.0 204.0
244.0 63.0
199.0 218.0
77.0 85.0
35.0 94.0
189.0 34.0
166.0 100.0
78.0 26.0
115.0 17.0
45.0 28.0
107.0 74.0
238.0 49.0
170.0 201.0
245.0 21.0
117.0 159.0
125.0 161.0
103.0 186.0
196.0 24.0
65.0 149.0
95.0 234.0
145.0 168.0
41.0 164.0
23.0 78.0
218.0 204.0
94.0 91.0
43.0 19.0
110.0 165.0
155.0 48.0
36.0 10.0
232.0 28.0
130.0 161.0
101.0 172.0
166.0 175.0
163.0 146.0
103.0 202.0
153.0 105.0
75.0 191.0
188.0 87.0
79.0 41.0
246.0 93.0
127.0 111.0
100.0 68.0
120.0 33.0
44.0 237.0
67.0 99.0
19.0 122.0
54.0 32.0
117.0 58.0
200.0 63.0
176.0 177.0
132.0 249.0
83.0 76.0
75.0 62.0
162.0 198.0
242.0 48.0
43.0 80.0
233.0 226.0
98.0 90.0
247.0 200.0
211.0 181.0
193.0 179.0
20.0 186.0
129.0 68.0
112.0 16.0
14.0 208.0
149.0 209.0
31.0 11.0
225.0 12.0
112.0 225.0
175.0 110.0
79.0 193.0
162.0 52.0
119.0 194.0
158.0 96.0
123.0 148.0
67.0 182.0
20.0 112.0
168.0 58.0
246.0 226.0
54.0 244.0
84.0 200.0
75.0 171.0
181.0 52.0
109.0 35.0
50.0 158.0
69.0 149.0
29.0 110.0
32.0 140.0
137.0 119.0
71.0 192.0
114.0 92.0
65.0 48.0
37.0 179.0
132.0 59.0
124.0 135.0
124.0 191.0
244.0 103.0
222.0 94.0
163.0 55.0
160.0 21.0
105.0 136.0
255.0 126.0
90.0 235.0
136.0 242.0
220.0 224.0
250.0 88.0
254.0 239.0
151.0 102.0
50.0 91.0
246.0 241.0
22.0 95.0
166.0 75.0
140.0 230.0
73.0 120.0
202.0 65.0
139.0 113.0
40.0 241.0
161.0 84.0
13.0 56.0
228.0 24.0
82.0 95.0
176.0 104.0
198.0 39.0
200.0 185.0
132.0 242.0
203.0 143.0
180.0 100.0
137.0 136.0
168.0 138.0
30.0 253.0
119.0 249.0
83.0 225.0
100.0 117.0
181.0 61.0
6.0 129.0
12.0 172.0
169.0 199.0
92.0 187.0
158.0 196.0
218.0 167.0
71.0 218.0
21.0 49.0
253.0 81.0
41.0 138.0
178.0 142.0
98.0 129.0
12.0 165.0
17.0 60.0
226.0 237.0
115.0 94.0
170.0 78.0
96.0 161.0
92.0 142.0
191.0 155.0
113.0 178.0
34.0 202.0
60.0 56.0
206.0 253.0
26.0 171.0
134.0 140.0
156.0 73.0
90.0 6.0
211.0 251.0
131.0 100.0
224.0 138.0
113.0 234.0
200.0 111.0
182.0 255.0
78.0 169.0
78.0 216.0
236.0 218.0
254.0 238.0
145.0 248.0
231.0 63.0
88.0 216.0
115.0 241.0
185.0 33.0
66.0 43.0
230.0 104.0
237.0 137.0
240.0 211.0
131.0 45.0
74.0 24.0
15.0 16.0
170.0 176.0
199.0 226.0
105.0 79.0
192.0 23.0
169.0 8.0
202.0 51.0
49.0 27.0
76.0 94.0
125.0 152.0
34.0 40.0
195.0 218.0
204.0 6.0
181.0 176.0
110.0 113.0
10.0 204.0
79.0 68.0
163.0 223.0
43.0 184.0
139.0 62.0
80.0 113.0
224.0 18.0
75.0 75.0
216.0 132.0
189.0 163.0
73.0 104.0
145.0 203.0
55.0 8.0
169.0 112.0
176.0 119.0
192.0 66.0
147.0 144.0
40.0 94.0
59.0 29.0
90.0 253.0
48.0 255.0
247.0 141.0
84.0 192.0
91.0 28.0
48.0 55.0
156.0 234.0
44.0 103.0
129.0 153.0
15.0 56.0
213.0 177.0
10.0 223.0
139.0 63.0
253.0 202.0
184.0 103.0
8.0 245.0
252.0 16.0
24.0 49.0
85.0 47.0
159.0 186.0
221.0 93.0
104.0 49.0
160.0 165.0
179.0 170.0
249.0 182.0
243.0 126.0
74.0 255.0
82.0 52.0
56.0 66.0
161.0 99.0
131.0 185.0
250.0 202.0
69.0 226.0
192.0 142.0
221.0 119.0
191.0 148.0
116.0 7.0
232.0 120.0
51.0 151.0
181.0 137.0
248.0 11.0
56.0 169.0
82.0 232.0
88.0 35.0
64.0 92.0
219.0 184.0
15.0 14.0
60.0 172.0
154.0 74.0
55.0 55.0
233.0 227.0
194.0 236.0
47.0 72.0
15.0 28.0
42.0 229.0
18.0 150.0
36.0 50.0
123.0 80.0
