1
512 1 3.0 0.0 1000.0 3 160 240 100

6.5 13.5 29.3 58.5
13.0 27.0 58.5 117.0
19.5 40.5 87.8 175.5
26.0 54.0 117.0 234.0
39.0 81.0 175.5 351.0
52.0 108.0 234.0 468.0
58.5 121.5 263.3 526.5
65.0 135.0 292.5 585.0
78.0 162.0 351.0 702.0
0.0 180.0 390.0 780.0

2.0 5.0 8.0 11.0
5.0 8.0 11.0 14.0
9.0 12.0 15.0 18.0
11.0 14.0 17.0 20.0
15.0 18.0 21.0 24.0
18.0 21.0 24.0 27.0
20.0 23.0 26.0 29.0
25.0 28.0 31.0 34.0
29.0 32.0 35.0 38.0
0.0 34.0 37.0 40.0

35.0 59.0
225.0 47.0
235.0 110.0
37.0 221.0
115.0 21.0
4.0 194.0
63.0 176.0
16.0 8.0
148.0 15.0
9.0 93.0
191.0 19.0
97.0 83.0
12.0 209.0
234.0 167.0
86.0 85.0
205.0 179.0
205.0 247.0
46.0 190.0
9.0 226.0
58.0 181.0
97.0 165.0
133.0 197.0
218.0 242.0
208.0 174.0
118.0 92.0
162.0 214.0
175.0 22.0
110.0 137.0
15.0 116.0
39.0 190.0
128.0 172.0
99.0 140.0
41.0 193.0
137.0 240.0
194.0 234.0
150.0 174.0
211.0 217.0
120.0 97.0
69.0 137.0
42.0 246.0
249.0 135.0
229.0 125.0
237.0 6.0
61.0 98.0
91.0 224.0
174.0 32.0
58.0 189.0
100.0 193.0
86.0 155.0
239.0 158.0
101.0 146.0
53.0 82.0
250.0 230.0
233.0 201.0
113.0 55.0
106.0 30.0
218.0 151.0
159.0 22.0
228.0 31.0
68.0 23.0
5.0 210.0
234.0 144.0
60.0 66.0
103.0 40.0
204.0 16.0
120.0 69.0
43.0 74.0
248.0 202.0
1.0 134.0
5.0 43.0
146.0 162.0
87.0 185.0
125.0 25.0
154.0 150.0
97.0 8.0
211.0 13.0
116.0 135.0
54.0 86.0
218.0 206.0
75.0 114.0
27.0 41.0
24.0 21.0
29.0 229.0
149.0 4.0
192.0 246.0
181.0 147.0
212.0 105.0
220.0 235.0
181.0 29.0
111.0 50.0
87.0 204.0
228.0 224.0
70.0 198.0
148.0 31.0
208.0 250.0
4.0 93.0
148.0 137.0
114.0 243.0
212.0 186.0
54.0 141.0
188.0 25.0
160.0 29.0
44.0 16.0
233.0 74.0
159.0 83.0
68.0 78.0
184.0 250.0
210.0 119.0
246.0 243.0
161.0 30.0
245.0 76.0
95.0 154.0
64.0 110.0
167.0 153.0
82.0 135.0
87.0 205.0
181.0 80.0
192.0 209.0
13.0 25.0
40.0 225.0
84.0 5.0
152.0 152.0
56.0 151.0
49.0 233.0
203.0 23.0
60.0 14.0
29.0 66.0
209.0 229.0
129.0 172.0
19.0 114.0
161.0 146.0
143.0 235.0
143.0 179.0
73.0 220.0
71.0 13.0
189.0 98.0
183.0 28.0
22.0 20.0
4.0 41.0
131.0 173.0
121.0 199.0
82.0 51.0
189.0 105.0
68.0 19.0
242.0 200.0
12.0 193.0
201.0 171.0
83.0 224.0
16.0 8.0
91.0 109.0
197.0 125.0
59.0 247.0
76.0 49.0
65.0 9.0
153.0 193.0
30.0 134.0
3.0 105.0
178.0 111.0
228.0 96.0
190.0 246.0
44.0 243.0
189.0 170.0
127.0 55.0
183.0 129.0
157.0 174.0
222.0 202.0
94.0 24.0
49.0 129.0
227.0 146.0
89.0 39.0
152.0 25.0
208.0 149.0
112.0 3.0
207.0 66.0
219.0 214.0
93.0 166.0
118.0 29.0
238.0 43.0
231.0 41.0
74.0 128.0
38.0 219.0
71.0 110.0
130.0 147.0
28.0 109.0
133.0 78.0
22.0 128.0
113.0 110.0
204.0 103.0
174.0 89.0
134.0 203.0
3.0 164.0
236.0 71.0
176.0 226.0
188.0 38.0
122.0 31.0
192.0 125.0
186.0 124.0
73.0 233.0
38.0 219.0
30.0 222.0
23.0 45.0
108.0 149.0
62.0 179.0
84.0 238.0
70.0 5.0
224.0 226.0
129.0 190.0
212.0 51.0
12.0 196.0
106.0 118.0
168.0 94.0
220.0 14.0
133.0 67.0
185.0 23.0
109.0 6.0
198.0 179.0
53.0 198.0
97.0 92.0
133.0 138.0
137.0 159.0
28.0 94.0
238.0 23.0
52.0 83.0
201.0 250.0
193.0 5.0
38.0 236.0
190.0 218.0
37.0 178.0
107.0 181.0
81.0 239.0
138.0 75.0
232.0 121.0
250.0 147.0
193.0 66.0
11.0 65.0
65.0 98.0
76.0 156.0
125.0 164.0
81.0 187.0
158.0 125.0
5.0 181.0
208.0 99.0
162.0 77.0
157.0 8.0
230.0 64.0
100.0 204.0
118.0 49.0
79.0 135.0
210.0 213.0
2.0 62.0
128.0 226.0
184.0 163.0
231.0 213.0
224.0 166.0
68.0 157.0
10.0 204.0
151.0 221.0
214.0 169.0
150.0 30.0
181.0 149.0
213.0 34.0
188.0 66.0
188.0 119.0
133.0 4.0
39.0 195.0
224.0 206.0
113.0 79.0
116.0 105.0
195.0 7.0
202.0 246.0
110.0 220.0
104.0 91.0
192.0 97.0
220.0 179.0
13.0 134.0
239.0 16.0
51.0 139.0
97.0 54.0
74.0 48.0
179.0 219.0
52.0 119.0
98.0 23.0
228.0 31.0
234.0 67.0
53.0 16.0
4.0 83.0
239.0 180.0
150.0 227.0
245.0 18.0
153.0 132.0
97.0 151.0
186.0 51.0
218.0 161.0
77.0 233.0
40.0 182.0
90.0 234.0
218.0 1.0
101.0 189.0
73.0 201.0
111.0 100.0
218.0 207.0
47.0 71.0
122.0 174.0
167.0 147.0
178.0 185.0
149.0 66.0
178.0 56.0
47.0 226.0
112.0 129.0
72.0 17.0
77.0 205.0
16.0 229.0
102.0 105.0
140.0 39.0
26.0 169.0
210.0 166.0
124.0 46.0
165.0 82.0
1.0 186.0
177.0 237.0
54.0 49.0
247.0 58.0
157.0 41.0
212.0 54.0
1.0 74.0
167.0 175.0
105.0 148.0
89.0 112.0
66.0 195.0
246.0 82.0
187.0 245.0
86.0 145.0
172.0 5.0
54.0 220.0
144.0 48.0
154.0 242.0
80.0 69.0
85.0 232.0
12.0 28.0
132.0 100.0
220.0 37.0
33.0 86.0
161.0 149.0
109.0 29.0
207.0 53.0
26.0 249.0
81.0 216.0
73.0 96.0
176.0 72.0
219.0 79.0
36.0 202.0
214.0 25.0
46.0 221.0
95.0 19.0
233.0 177.0
16.0 233.0
112.0 76.0
118.0 250.0
102.0 205.0
246.0 123.0
61.0 226.0
100.0 159.0
91.0 110.0
237.0 14.0
59.0 3.0
168.0 6.0
76.0 206.0
65.0 72.0
27.0 4.0
200.0 163.0
25.0 136.0
21.0 135.0
228.0 26.0
100.0 45.0
45.0 187.0
232.0 41.0
39.0 41.0
51.0 119.0
167.0 204.0
67.0 86.0
48.0 87.0
106.0 100.0
22.0 243.0
199.0 4.0
75.0 199.0
4.0 228.0
2.0 60.0
203.0 64.0
18.0 5.0
76.0 236.0
62.0 92.0
56.0 189.0
130.0 110.0
121.0 140.0
11.0 30.0
171.0 201.0
117.0 149.0
135.0 226.0
187.0 128.0
90.0 81.0
162.0 127.0
247.0 107.0
130.0 110.0
211.0 105.0
30.0 172.0
9.0 228.0
129.0 54.0
162.0 246.0
93.0 89.0
154.0 190.0
25.0 130.0
222.0 207.0
185.0 60.0
192.0 24.0
133.0 65.0
138.0 212.0
131.0 153.0
239.0 33.0
173.0 214.0
228.0 181.0
103.0 237.0
176.0 80.0
70.0 101.0
142.0 166.0
151.0 184.0
41.0 201.0
10.0 70.0
154.0 168.0
60.0 243.0
2.0 161.0
119.0 158.0
113.0 212.0
137.0 203.0
63.0 79.0
141.0 77.0
173.0 63.0
64.0 215.0
110.0 9.0
1.0 164.0
182.0 190.0
190.0 160.0
168.0 81.0
108.0 195.0
105.0 122.0
137.0 183.0
17.0 92.0
41.0 165.0
103.0 60.0
94.0 10.0
20.0 174.0
231.0 183.0
141.0 122.0
171.0 186.0
45.0 150.0
25.0 80.0
7.0 99.0
200.0 101.0
108.0 217.0
247.0 133.0
115.0 91.0
88.0 184.0
116.0 70.0
134.0 8.0
208.0 156.0
118.0 131.0
68.0 106.0
26.0 60.0
101.0 93.0
62.0 53.0
114.0 62.0
180.0 108.0
78.0 226.0
224.0 163.0
71.0 237.0
87.0 61.0
67.0 85.0
61.0 125.0
48.0 151.0
162.0 31.0
233.0 81.0
228.0 201.0
26.0 30.0
187.0 33.0
91.0 78.0
195.0 51.0
43.0 235.0
131.0 177.0
33.0 215.0
52.0 85.0
93.0 14.0
216.0 205.0
140.0 114.0
126.0 222.0
127.0 200.0
117.0 4.0
140.0 102.0
33.0 191.0
12.0 228.0
154.0 232.0
162.0 57.0
48.0 2.0
96.0 101.0
119.0 154.0
140.0 21.0
166.0 198.0
238.0 178.0
95.0 101.0
245.0 193.0
218.0 29.0
179.0 155.0
160.0 139.0
234.0 183.0

39.0 64.0
229.0 52.0
240.0 115.0
42.0 226.0
121.0 27.0
9.0 199.0
69.0 182.0
21.0 13.0
152.0 21.0
14.0 99.0
195.0 25.0
103.0 89.0
16.0 213.0
238.0 172.0
91.0 89.0
210.0 185.0
210.0 252.0
50.0 194.0
14.0 231.0
62.0 186.0
102.0 170.0
138.0 203.0
223.0 248.0
212.0 179.0
123.0 97.0
166.0 218.0
180.0 28.0
114.0 142.0
21.0 121.0
43.0 196.0
134.0 177.0
104.0 145.0
45.0 198.0
142.0 244.0
198.0 240.0
154.0 179.0
216.0 221.0
124.0 103.0
73.0 143.0
46.0 252.0
253.0 139.0
234.0 130.0
241.0 10.0
66.0 104.0
96.0 229.0
179.0 37.0
62.0 194.0
105.0 198.0
92.0 159.0
244.0 162.0
107.0 150.0
58.0 87.0
255.0 235.0
238.0 205.0
118.0 60.0
112.0 36.0
224.0 156.0
165.0 27.0
234.0 36.0
73.0 28.0
11.0 216.0
240.0 149.0
64.0 71.0
108.0 46.0
209.0 21.0
126.0 74.0
48.0 79.0
252.0 207.0
6.0 139.0
10.0 48.0
150.0 167.0
93.0 190.0
129.0 31.0
159.0 156.0
102.0 13.0
216.0 18.0
121.0 141.0
60.0 91.0
222.0 211.0
79.0 119.0
32.0 45.0
29.0 26.0
33.0 234.0
153.0 10.0
197.0 251.0
187.0 153.0
217.0 110.0
225.0 241.0
186.0 34.0
117.0 55.0
92.0 208.0
232.0 229.0
75.0 204.0
152.0 37.0
213.0 255.0
9.0 99.0
154.0 142.0
120.0 248.0
217.0 191.0
60.0 146.0
193.0 29.0
165.0 34.0
49.0 20.0
238.0 78.0
163.0 89.0
74.0 82.0
188.0 256.0
216.0 124.0
252.0 249.0
166.0 35.0
251.0 80.0
101.0 159.0
69.0 114.0
171.0 157.0
87.0 141.0
92.0 211.0
186.0 84.0
197.0 214.0
18.0 31.0
46.0 231.0
90.0 10.0
156.0 158.0
60.0 156.0
54.0 238.0
209.0 28.0
65.0 19.0
33.0 71.0
214.0 235.0
134.0 177.0
23.0 120.0
165.0 150.0
147.0 240.0
148.0 184.0
78.0 226.0
76.0 17.0
194.0 102.0
188.0 34.0
26.0 25.0
8.0 46.0
135.0 178.0
125.0 205.0
87.0 56.0
193.0 109.0
73.0 24.0
246.0 205.0
16.0 199.0
205.0 177.0
87.0 230.0
20.0 12.0
95.0 113.0
203.0 131.0
64.0 251.0
82.0 54.0
69.0 14.0
159.0 197.0
36.0 138.0
8.0 110.0
183.0 116.0
233.0 100.0
196.0 251.0
49.0 248.0
193.0 175.0
132.0 61.0
188.0 134.0
162.0 180.0
226.0 208.0
100.0 28.0
54.0 133.0
233.0 151.0
95.0 45.0
158.0 29.0
212.0 154.0
117.0 8.0
213.0 72.0
224.0 219.0
98.0 171.0
124.0 33.0
243.0 48.0
235.0 46.0
79.0 132.0
43.0 225.0
77.0 114.0
134.0 152.0
33.0 114.0
137.0 82.0
28.0 134.0
118.0 115.0
208.0 108.0
178.0 93.0
140.0 207.0
8.0 170.0
241.0 75.0
182.0 231.0
192.0 43.0
126.0 35.0
197.0 131.0
191.0 129.0
78.0 238.0
42.0 223.0
35.0 228.0
27.0 51.0
113.0 154.0
68.0 184.0
90.0 242.0
75.0 10.0
230.0 230.0
133.0 194.0
217.0 56.0
17.0 202.0
110.0 122.0
173.0 99.0
224.0 19.0
138.0 72.0
191.0 28.0
113.0 10.0
203.0 185.0
58.0 204.0
103.0 97.0
139.0 144.0
141.0 164.0
33.0 100.0
244.0 28.0
58.0 87.0
205.0 255.0
197.0 11.0
43.0 242.0
195.0 224.0
42.0 183.0
111.0 186.0
87.0 244.0
144.0 81.0
236.0 127.0
255.0 152.0
197.0 71.0
16.0 69.0
71.0 104.0
81.0 162.0
130.0 168.0
85.0 192.0
163.0 130.0
11.0 186.0
212.0 104.0
167.0 82.0
162.0 13.0
235.0 69.0
105.0 210.0
124.0 53.0
84.0 140.0
215.0 218.0
6.0 66.0
132.0 231.0
189.0 167.0
237.0 217.0
229.0 171.0
72.0 163.0
14.0 208.0
156.0 226.0
220.0 174.0
156.0 34.0
185.0 154.0
219.0 38.0
193.0 70.0
193.0 124.0
138.0 10.0
43.0 201.0
229.0 211.0
118.0 85.0
121.0 109.0
199.0 11.0
207.0 251.0
114.0 225.0
108.0 97.0
197.0 101.0
225.0 183.0
17.0 138.0
244.0 21.0
56.0 145.0
102.0 60.0
78.0 52.0
185.0 225.0
57.0 123.0
104.0 28.0
234.0 37.0
239.0 72.0
58.0 22.0
9.0 89.0
243.0 184.0
155.0 231.0
251.0 24.0
157.0 138.0
103.0 156.0
190.0 56.0
223.0 165.0
83.0 237.0
44.0 187.0
94.0 238.0
223.0 6.0
106.0 194.0
78.0 206.0
116.0 106.0
222.0 212.0
53.0 76.0
127.0 180.0
172.0 152.0
184.0 190.0
155.0 71.0
182.0 61.0
53.0 232.0
118.0 133.0
76.0 22.0
83.0 209.0
22.0 234.0
106.0 110.0
144.0 44.0
31.0 175.0
214.0 171.0
128.0 50.0
170.0 86.0
6.0 190.0
183.0 243.0
60.0 55.0
252.0 62.0
162.0 46.0
217.0 60.0
7.0 79.0
172.0 180.0
110.0 153.0
94.0 118.0
72.0 201.0
250.0 86.0
192.0 250.0
92.0 150.0
176.0 10.0
59.0 224.0
150.0 54.0
159.0 247.0
85.0 74.0
90.0 236.0
17.0 34.0
137.0 105.0
224.0 43.0
37.0 90.0
165.0 154.0
114.0 34.0
213.0 58.0
30.0 254.0
86.0 222.0
79.0 100.0
180.0 77.0
224.0 85.0
41.0 208.0
219.0 29.0
51.0 226.0
101.0 24.0
237.0 182.0
22.0 239.0
117.0 82.0
123.0 255.0
107.0 210.0
251.0 127.0
67.0 232.0
106.0 163.0
96.0 114.0
243.0 19.0
64.0 8.0
173.0 11.0
82.0 212.0
71.0 78.0
31.0 9.0
204.0 168.0
31.0 142.0
25.0 140.0
234.0 31.0
105.0 50.0
50.0 192.0
237.0 45.0
43.0 45.0
55.0 124.0
172.0 208.0
71.0 90.0
53.0 91.0
112.0 106.0
28.0 247.0
204.0 9.0
79.0 205.0
10.0 234.0
7.0 64.0
209.0 68.0
24.0 10.0
81.0 241.0
66.0 97.0
61.0 193.0
135.0 114.0
126.0 146.0
16.0 35.0
177.0 207.0
123.0 154.0
139.0 232.0
193.0 133.0
96.0 86.0
167.0 131.0
251.0 112.0
135.0 115.0
216.0 111.0
35.0 178.0
14.0 233.0
134.0 59.0
166.0 250.0
97.0 94.0
159.0 195.0
30.0 135.0
227.0 211.0
189.0 65.0
197.0 30.0
138.0 70.0
143.0 217.0
136.0 158.0
245.0 39.0
178.0 219.0
232.0 185.0
108.0 242.0
182.0 84.0
75.0 106.0
146.0 171.0
157.0 189.0
47.0 206.0
15.0 75.0
160.0 172.0
65.0 248.0
8.0 167.0
124.0 163.0
117.0 217.0
142.0 208.0
67.0 85.0
147.0 82.0
179.0 69.0
69.0 219.0
116.0 15.0
6.0 168.0
186.0 195.0
195.0 166.0
173.0 86.0
113.0 200.0
110.0 127.0
143.0 189.0
21.0 97.0
45.0 170.0
109.0 64.0
99.0 15.0
26.0 180.0
236.0 188.0
145.0 126.0
177.0 191.0
49.0 156.0
29.0 86.0
13.0 104.0
205.0 106.0
114.0 222.0
251.0 137.0
119.0 97.0
93.0 190.0
121.0 75.0
138.0 12.0
214.0 161.0
122.0 137.0
73.0 111.0
31.0 66.0
105.0 99.0
67.0 57.0
120.0 67.0
184.0 112.0
83.0 232.0
229.0 168.0
76.0 241.0
93.0 67.0
73.0 91.0
65.0 129.0
53.0 156.0
167.0 35.0
239.0 87.0
233.0 205.0
31.0 35.0
192.0 39.0
96.0 84.0
199.0 57.0
48.0 240.0
136.0 181.0
39.0 219.0
57.0 90.0
98.0 18.0
220.0 211.0
145.0 119.0
131.0 227.0
133.0 206.0
122.0 9.0
144.0 106.0
38.0 196.0
17.0 233.0
160.0 237.0
167.0 61.0
54.0 6.0
101.0 106.0
125.0 160.0
145.0 26.0
170.0 203.0
244.0 182.0
100.0 107.0
251.0 198.0
223.0 34.0
183.0 160.0
165.0 143.0
240.0 187.0
