1
512 1 3.0 0.0 1000.0 3 160 240 100

6.5 13.5 29.3 58.5
13.0 27.0 58.5 117.0
19.5 40.5 87.8 175.5
26.0 54.0 117.0 234.0
39.0 81.0 175.5 351.0
52.0 108.0 234.0 468.0
58.5 121.5 263.3 526.5
65.0 135.0 292.5 585.0
78.0 162.0 351.0 702.0
0.0 180.0 390.0 780.0

2.0 5.0 8.0 11.0
5.0 8.0 11.0 14.0
9.0 12.0 15.0 18.0
11.0 14.0 17.0 20.0
15.0 18.0 21.0 24.0
18.0 21.0 24.0 27.0
20.0 23.0 26.0 29.0
25.0 28.0 31.0 34.0
29.0 32.0 35.0 38.0
0.0 34.0 37.0 40.0

53.0 233.0
124.0 202.0
12.0 64.0
227.0 204.0
5.0 114.0
246.0 182.0
240.0 7.0
113.0 229.0
241.0 147.0
115.0 46.0
87.0 19.0
65.0 208.0
61.0 5.0
1.0 200.0
224.0 138.0
208.0 204.0
230.0 38.0
177.0 128.0
24.0 63.0
150.0 222.0
106.0 55.0
236.0 175.0
139.0 76.0
145.0 131.0
200.0 156.0
125.0 158.0
81.0 59.0
39.0 237.0
61.0 221.0
35.0 168.0
183.0 241.0
124.0 99.0
89.0 195.0
247.0 189.0
53.0 47.0
16.0 239.0
164.0 32.0
83.0 177.0
158.0 174.0
202.0 109.0
222.0 185.0
69.0 195.0
164.0 24.0
112.0 186.0
130.0 7.0
203.0 5.0
142.0 105.0
98.0 84.0
11.0 195.0
181.0 224.0
31.0 44.0
202.0 45.0
127.0 145.0
224.0 184.0
230.0 73.0
71.0 187.0
202.0 101.0
127.0 106.0
182.0 118.0
161.0 144.0
62.0 216.0
144.0 225.0
93.0 115.0
100.0 205.0
202.0 158.0
104.0 232.0
143.0 183.0
76.0 91.0
183.0 124.0
113.0 168.0
85.0 17.0
139.0 244.0
204.0 149.0
229.0 134.0
82.0 140.0
29.0 244.0
242.0 79.0
233.0 201.0
179.0 128.0
172.0 239.0
133.0 83.0
115.0 137.0
21.0 191.0
190.0 6.0
215.0 81.0
161.0 89.0
200.0 231.0
90.0 23.0
154.0 212.0
5.0 72.0
104.0 250.0
217.0 173.0
95.0 217.0
30.0 170.0
135.0 236.0
126.0 209.0
237.0 112.0
232.0 45.0
187.0 158.0
229.0 99.0
238.0 23.0
185.0 153.0
243.0 177.0
102.0 137.0
41.0 68.0
225.0 25.0
229.0 220.0
79.0 176.0
28.0 150.0
223.0 244.0
236.0 25.0
241.0 133.0
104.0 35.0
89.0 247.0
4.0 42.0
203.0 119.0
99.0 106.0
105.0 69.0
18.0 63.0
40.0 79.0
104.0 147.0
245.0 164.0
122.0 195.0
18.0 69.0
126.0 49.0
73.0 168.0
240.0 76.0
206.0 42.0
175.0 50.0
128.0 232.0
115.0 178.0
144.0 10.0
172.0 146.0
136.0 54.0
163.0 99.0
152.0 227.0
37.0 39.0
205.0 235.0
81.0 202.0
181.0 243.0
100.0 249.0
110.0 75.0
86.0 231.0
63.0 228.0
191.0 17.0
47.0 193.0
144.0 33.0
52.0 174.0
51.0 126.0
233.0 97.0
89.0 8.0
15.0 105.0
176.0 5.0
223.0 67.0
228.0 153.0
157.0 172.0
228.0 8.0
78.0 245.0
85.0 95.0
159.0 10.0
134.0 222.0
246.0 36.0
138.0 220.0
89.0 224.0
248.0 201.0
40.0 210.0
184.0 31.0
227.0 138.0
197.0 229.0
90.0 80.0
207.0 108.0
168.0 172.0
52.0 7.0
130.0 115.0
121.0 46.0
85.0 235.0
175.0 128.0
17.0 134.0
10.0 247.0
25.0 244.0
135.0 210.0
82.0 192.0
250.0 185.0
109.0 163.0
65.0 81.0
214.0 42.0
129.0 30.0
16.0 161.0
77.0 118.0
25.0 32.0
92.0 245.0
123.0 40.0
119.0 136.0
246.0 88.0
241.0 33.0
181.0 47.0
145.0 180.0
212.0 133.0
204.0 24.0
144.0 182.0
224.0 121.0
68.0 78.0
15.0 45.0
30.0 160.0
209.0 153.0
70.0 18.0
107.0 137.0
194.0 111.0
99.0 94.0
104.0 237.0
69.0 162.0
129.0 180.0
211.0 88.0
54.0 170.0
22.0 141.0
174.0 125.0
45.0 111.0
135.0 176.0
245.0 196.0
9.0 58.0
207.0 128.0
70.0 19.0
180.0 218.0
50.0 185.0
22.0 53.0
246.0 160.0
189.0 140.0
132.0 186.0
214.0 115.0
203.0 1.0
182.0 182.0
99.0 105.0
21.0 19.0
99.0 198.0
1.0 204.0
170.0 118.0
124.0 16.0
19.0 171.0
179.0 35.0
221.0 64.0
16.0 25.0
1.0 188.0
194.0 155.0
95.0 111.0
179.0 155.0
165.0 138.0
111.0 99.0
65.0 175.0
212.0 27.0
48.0 133.0
214.0 225.0
88.0 230.0
6.0 10.0
47.0 53.0
15.0 198.0
210.0 119.0
122.0 242.0
73.0 161.0
24.0 83.0
4.0 7.0
220.0 74.0
55.0 167.0
133.0 162.0
168.0 89.0
190.0 44.0
162.0 111.0
5.0 109.0
150.0 175.0
84.0 26.0
115.0 196.0
94.0 137.0
189.0 49.0
242.0 162.0
230.0 184.0
159.0 247.0
128.0 198.0
235.0 216.0
43.0 3.0
157.0 212.0
141.0 56.0
236.0 205.0
161.0 154.0
137.0 155.0
240.0 130.0
220.0 212.0
213.0 89.0
8.0 108.0
191.0 139.0
85.0 229.0
8.0 139.0
66.0 176.0
207.0 29.0
99.0 162.0
47.0 151.0
131.0 174.0
56.0 1.0
33.0 136.0
4.0 190.0
204.0 120.0
194.0 178.0
104.0 210.0
51.0 193.0
232.0 204.0
61.0 19.0
107.0 126.0
146.0 187.0
142.0 108.0
154.0 130.0
115.0 238.0
180.0 212.0
232.0 60.0
14.0 72.0
113.0 211.0
77.0 55.0
80.0 229.0
237.0 60.0
198.0 157.0
5.0 190.0
69.0 110.0
145.0 169.0
213.0 42.0
41.0 32.0
161.0 5.0
247.0 173.0
204.0 21.0
195.0 143.0
62.0 230.0
97.0 146.0
51.0 55.0
145.0 7.0
116.0 180.0
184.0 190.0
181.0 198.0
66.0 248.0
93.0 114.0
242.0 177.0
199.0 170.0
186.0 172.0
221.0 55.0
75.0 127.0
101.0 101.0
182.0 12.0
94.0 151.0
53.0 89.0
163.0 58.0
42.0 229.0
77.0 152.0
134.0 158.0
146.0 242.0
32.0 25.0
100.0 111.0
42.0 1.0
198.0 221.0
120.0 165.0
185.0 180.0
231.0 19.0
55.0 84.0
8.0 7.0
117.0 148.0
4.0 13.0
195.0 129.0
122.0 89.0
99.0 66.0
165.0 241.0
43.0 219.0
204.0 179.0
47.0 111.0
79.0 222.0
122.0 177.0
120.0 129.0
130.0 49.0
12.0 188.0
18.0 100.0
19.0 192.0
182.0 170.0
129.0 34.0
28.0 202.0
198.0 146.0
124.0 88.0
26.0 157.0
126.0 89.0
81.0 123.0
3.0 3.0
169.0 54.0
115.0 56.0
150.0 5.0
40.0 80.0
110.0 47.0
94.0 66.0
230.0 21.0
48.0 45.0
119.0 28.0
115.0 2.0
243.0 161.0
102.0 140.0
90.0 78.0
148.0 100.0
58.0 36.0
89.0 54.0
111.0 102.0
239.0 163.0
50.0 61.0
3.0 200.0
61.0 89.0
233.0 188.0
23.0 88.0
123.0 233.0
117.0 142.0
180.0 42.0
82.0 102.0
182.0 159.0
41.0 133.0
56.0 46.0
116.0 119.0
175.0 172.0
129.0 119.0
178.0 99.0
241.0 155.0
155.0 105.0
187.0 145.0
178.0 223.0
93.0 140.0
165.0 93.0
164.0 51.0
161.0 140.0
87.0 152.0
162.0 99.0
74.0 167.0
185.0 21.0
22.0 103.0
80.0 165.0
69.0 15.0
177.0 22.0
160.0 236.0
127.0 15.0
42.0 140.0
157.0 233.0
141.0 80.0
223.0 132.0
146.0 213.0
159.0 170.0
124.0 219.0
180.0 197.0
91.0 2.0
208.0 184.0
24.0 7.0
10.0 245.0
92.0 111.0
239.0 153.0
213.0 108.0
239.0 181.0
109.0 104.0
83.0 97.0
70.0 233.0
87.0 18.0
239.0 130.0
131.0 76.0
249.0 191.0
160.0 223.0
143.0 189.0
74.0 10.0
43.0 145.0
8.0 36.0
123.0 154.0
73.0 33.0
217.0 184.0
193.0 146.0
245.0 177.0
244.0 15.0
183.0 94.0
227.0 86.0
102.0 104.0
84.0 124.0
151.0 196.0
9.0 243.0
126.0 22.0
211.0 51.0
122.0 137.0
147.0 86.0
44.0 68.0
35.0 31.0
93.0 246.0
25.0 0.0
124.0 120.0
2.0 18.0
122.0 93.0
243.0 96.0
75.0 247.0
24.0 162.0
98.0 108.0
62.0 125.0
230.0 42.0
215.0 195.0
117.0 161.0
229.0 121.0
139.0 214.0
77.0 103.0
68.0 202.0
44.0 142.0
185.0 68.0
240.0 226.0
71.0 100.0
59.0 243.0
122.0 235.0
147.0 132.0
134.0 58.0
26.0 48.0
130.0 44.0
50.0 169.0
149.0 218.0
223.0 54.0
39.0 150.0

58.0 239.0
129.0 207.0
17.0 70.0
232.0 208.0
10.0 119.0
251.0 187.0
246.0 11.0
119.0 233.0
246.0 151.0
120.0 50.0
92.0 25.0
71.0 214.0
65.0 10.0
6.0 205.0
230.0 143.0
214.0 208.0
235.0 44.0
182.0 134.0
28.0 68.0
154.0 228.0
112.0 59.0
242.0 181.0
144.0 81.0
151.0 136.0
205.0 161.0
130.0 162.0
87.0 64.0
44.0 242.0
66.0 225.0
40.0 173.0
188.0 246.0
130.0 103.0
94.0 200.0
251.0 193.0
58.0 52.0
21.0 244.0
168.0 37.0
88.0 182.0
162.0 179.0
208.0 115.0
228.0 191.0
75.0 199.0
170.0 28.0
117.0 190.0
134.0 11.0
208.0 9.0
148.0 110.0
103.0 89.0
17.0 200.0
186.0 228.0
35.0 49.0
207.0 50.0
132.0 150.0
228.0 189.0
234.0 77.0
76.0 193.0
207.0 105.0
133.0 112.0
188.0 123.0
165.0 149.0
68.0 221.0
149.0 230.0
97.0 119.0
105.0 209.0
206.0 163.0
109.0 236.0
148.0 188.0
81.0 97.0
187.0 130.0
118.0 173.0
89.0 22.0
144.0 250.0
209.0 155.0
235.0 139.0
87.0 146.0
33.0 249.0
248.0 84.0
239.0 206.0
184.0 134.0
177.0 244.0
139.0 88.0
121.0 142.0
27.0 195.0
195.0 11.0
219.0 85.0
166.0 94.0
205.0 236.0
95.0 28.0
158.0 216.0
9.0 78.0
109.0 255.0
222.0 179.0
100.0 222.0
35.0 176.0
140.0 241.0
132.0 215.0
242.0 118.0
237.0 50.0
192.0 162.0
234.0 104.0
242.0 27.0
191.0 157.0
248.0 181.0
107.0 141.0
46.0 73.0
229.0 31.0
234.0 225.0
84.0 182.0
33.0 155.0
229.0 248.0
241.0 31.0
245.0 137.0
108.0 41.0
93.0 251.0
9.0 47.0
209.0 125.0
104.0 112.0
109.0 73.0
23.0 69.0
45.0 83.0
109.0 153.0
251.0 170.0
126.0 200.0
23.0 75.0
132.0 54.0
79.0 174.0
246.0 81.0
210.0 48.0
179.0 54.0
134.0 238.0
120.0 183.0
149.0 15.0
176.0 150.0
140.0 60.0
168.0 104.0
157.0 232.0
42.0 45.0
209.0 239.0
87.0 207.0
186.0 247.0
104.0 254.0
115.0 80.0
91.0 235.0
68.0 233.0
196.0 23.0
53.0 199.0
149.0 37.0
57.0 179.0
56.0 131.0
237.0 102.0
95.0 13.0
21.0 111.0
181.0 9.0
228.0 72.0
233.0 157.0
162.0 178.0
232.0 14.0
84.0 250.0
90.0 101.0
164.0 16.0
139.0 226.0
252.0 40.0
142.0 226.0
95.0 229.0
253.0 205.0
45.0 215.0
188.0 35.0
232.0 142.0
202.0 235.0
95.0 85.0
213.0 114.0
173.0 178.0
57.0 12.0
136.0 119.0
125.0 52.0
89.0 241.0
181.0 134.0
23.0 139.0
16.0 253.0
30.0 250.0
139.0 215.0
86.0 196.0
255.0 190.0
114.0 168.0
70.0 85.0
218.0 47.0
134.0 35.0
20.0 167.0
81.0 122.0
30.0 37.0
96.0 250.0
128.0 45.0
125.0 141.0
251.0 92.0
247.0 38.0
185.0 52.0
149.0 185.0
216.0 138.0
208.0 29.0
148.0 188.0
228.0 126.0
72.0 84.0
20.0 51.0
35.0 165.0
214.0 159.0
75.0 24.0
111.0 141.0
198.0 116.0
104.0 100.0
109.0 243.0
73.0 168.0
134.0 186.0
216.0 93.0
59.0 175.0
27.0 146.0
179.0 129.0
51.0 115.0
140.0 181.0
250.0 200.0
15.0 63.0
213.0 132.0
76.0 24.0
185.0 223.0
55.0 191.0
27.0 57.0
251.0 165.0
193.0 145.0
136.0 191.0
218.0 121.0
207.0 6.0
186.0 188.0
104.0 109.0
27.0 24.0
105.0 203.0
6.0 210.0
174.0 122.0
129.0 22.0
23.0 176.0
183.0 40.0
225.0 69.0
21.0 30.0
6.0 194.0
199.0 160.0
100.0 115.0
183.0 160.0
170.0 143.0
116.0 104.0
70.0 179.0
217.0 32.0
53.0 137.0
220.0 231.0
93.0 235.0
11.0 15.0
53.0 58.0
20.0 203.0
215.0 125.0
127.0 247.0
78.0 166.0
29.0 88.0
9.0 12.0
226.0 80.0
60.0 172.0
137.0 167.0
173.0 95.0
195.0 48.0
166.0 115.0
10.0 113.0
156.0 179.0
90.0 31.0
120.0 202.0
99.0 142.0
193.0 55.0
248.0 167.0
235.0 189.0
164.0 251.0
134.0 203.0
240.0 222.0
48.0 8.0
162.0 216.0
147.0 61.0
241.0 210.0
167.0 160.0
142.0 159.0
245.0 134.0
225.0 217.0
218.0 94.0
13.0 112.0
195.0 145.0
90.0 233.0
12.0 144.0
72.0 181.0
211.0 33.0
103.0 166.0
53.0 156.0
137.0 179.0
60.0 6.0
38.0 141.0
9.0 195.0
209.0 125.0
199.0 183.0
109.0 215.0
55.0 199.0
237.0 209.0
65.0 24.0
112.0 132.0
151.0 192.0
146.0 113.0
160.0 134.0
121.0 244.0
185.0 217.0
236.0 64.0
18.0 76.0
119.0 217.0
82.0 60.0
84.0 233.0
242.0 66.0
203.0 163.0
10.0 195.0
74.0 114.0
150.0 175.0
218.0 47.0
46.0 37.0
166.0 10.0
251.0 178.0
209.0 26.0
201.0 148.0
66.0 235.0
102.0 152.0
56.0 60.0
150.0 13.0
122.0 184.0
188.0 195.0
186.0 203.0
71.0 253.0
98.0 119.0
248.0 182.0
204.0 176.0
192.0 176.0
227.0 59.0
79.0 132.0
106.0 105.0
188.0 18.0
99.0 156.0
57.0 95.0
167.0 64.0
46.0 234.0
82.0 158.0
140.0 163.0
151.0 247.0
37.0 29.0
106.0 116.0
47.0 6.0
203.0 225.0
125.0 169.0
190.0 185.0
235.0 24.0
61.0 88.0
12.0 12.0
123.0 152.0
9.0 19.0
200.0 135.0
126.0 93.0
103.0 71.0
170.0 247.0
49.0 223.0
209.0 184.0
53.0 116.0
84.0 227.0
128.0 182.0
125.0 134.0
135.0 54.0
17.0 194.0
23.0 105.0
24.0 197.0
187.0 175.0
135.0 39.0
33.0 207.0
204.0 150.0
130.0 94.0
30.0 161.0
131.0 95.0
86.0 128.0
8.0 8.0
174.0 59.0
120.0 61.0
154.0 10.0
46.0 86.0
114.0 52.0
99.0 70.0
234.0 27.0
53.0 50.0
123.0 33.0
119.0 6.0
247.0 167.0
107.0 144.0
96.0 84.0
154.0 104.0
63.0 41.0
94.0 59.0
115.0 108.0
244.0 169.0
56.0 66.0
8.0 204.0
65.0 95.0
237.0 193.0
27.0 93.0
129.0 237.0
123.0 147.0
185.0 48.0
88.0 108.0
187.0 165.0
46.0 139.0
61.0 51.0
121.0 125.0
180.0 176.0
134.0 125.0
183.0 105.0
246.0 160.0
160.0 110.0
193.0 150.0
183.0 228.0
99.0 146.0
170.0 98.0
169.0 55.0
166.0 146.0
93.0 157.0
167.0 105.0
79.0 172.0
191.0 26.0
27.0 108.0
84.0 170.0
73.0 21.0
182.0 28.0
165.0 240.0
133.0 20.0
48.0 144.0
163.0 238.0
146.0 86.0
227.0 136.0
152.0 218.0
164.0 175.0
130.0 224.0
184.0 203.0
96.0 8.0
213.0 189.0
29.0 12.0
16.0 251.0
97.0 116.0
245.0 158.0
218.0 113.0
244.0 186.0
115.0 109.0
88.0 103.0
75.0 238.0
91.0 24.0
243.0 135.0
137.0 80.0
254.0 195.0
164.0 229.0
148.0 195.0
79.0 16.0
47.0 150.0
14.0 42.0
128.0 159.0
78.0 37.0
223.0 189.0
197.0 151.0
250.0 182.0
249.0 20.0
188.0 98.0
232.0 90.0
107.0 109.0
89.0 129.0
156.0 201.0
15.0 248.0
132.0 27.0
217.0 57.0
127.0 143.0
152.0 90.0
49.0 73.0
39.0 35.0
98.0 251.0
30.0 5.0
130.0 124.0
7.0 24.0
128.0 98.0
247.0 102.0
79.0 253.0
29.0 166.0
103.0 112.0
67.0 130.0
236.0 48.0
220.0 199.0
122.0 165.0
234.0 126.0
144.0 219.0
82.0 109.0
74.0 206.0
48.0 148.0
189.0 73.0
244.0 230.0
75.0 105.0
65.0 249.0
127.0 240.0
152.0 138.0
140.0 63.0
32.0 53.0
136.0 49.0
54.0 174.0
153.0 223.0
227.0 59.0
45.0 155.0
