1
512 1 3.0 0.0 1000.0 3 160 240 100

6.5 13.5 29.3 58.5
13.0 27.0 58.5 117.0
19.5 40.5 87.8 175.5
26.0 54.0 117.0 234.0
39.0 81.0 175.5 351.0
52.0 108.0 234.0 468.0
58.5 121.5 263.3 526.5
65.0 135.0 292.5 585.0
78.0 162.0 351.0 702.0
0.0 180.0 390.0 780.0

2.0 5.0 8.0 11.0
5.0 8.0 11.0 14.0
9.0 12.0 15.0 18.0
11.0 14.0 17.0 20.0
15.0 18.0 21.0 24.0
18.0 21.0 24.0 27.0
20.0 23.0 26.0 29.0
25.0 28.0 31.0 34.0
29.0 32.0 35.0 38.0
0.0 34.0 37.0 40.0

59.0 215.0
86.0 165.0
1.0 104.0
19.0 127.0
195.0 229.0
233.0 117.0
226.0 245.0
130.0 151.0
116.0 10.0
116.0 200.0
177.0 35.0
5.0 218.0
22.0 188.0
206.0 201.0
2.0 104.0
240.0 240.0
133.0 3.0
181.0 74.0
159.0 245.0
190.0 223.0
182.0 214.0
124.0 104.0
128.0 204.0
1.0 67.0
115.0 56.0
181.0 136.0
114.0 74.0
179.0 11.0
88.0 103.0
73.0 3.0
128.0 168.0
72.0 75.0
158.0 179.0
70.0 27.0
74.0 240.0
124.0 147.0
45.0 176.0
65.0 214.0
203.0 193.0
45.0 71.0
70.0 171.0
116.0 18.0
79.0 125.0
8.0 121.0
166.0 199.0
82.0 59.0
160.0 117.0
4.0 236.0
72.0 74.0
231.0 153.0
139.0 115.0
234.0 135.0
94.0 118.0
187.0 46.0
153.0 41.0
149.0 196.0
51.0 186.0
107.0 214.0
3.0 10.0
32.0 209.0
41.0 104.0
191.0 112.0
237.0 17.0
231.0 152.0
132.0 144.0
170.0 243.0
247.0 239.0
175.0 90.0
136.0 168.0
136.0 177.0
231.0 50.0
51.0 81.0
53.0 60.0
92.0 131.0
167.0 148.0
8.0 232.0
90.0 76.0
94.0 12.0
149.0 159.0
21.0 239.0
113.0 228.0
118.0 13.0
239.0 87.0
39.0 85.0
168.0 90.0
19.0 170.0
186.0 2.0
36.0 231.0
179.0 138.0
206.0 231.0
145.0 70.0
97.0 197.0
228.0 11.0
170.0 227.0
27.0 66.0
161.0 151.0
1.0 56.0
226.0 109.0
100.0 242.0
46.0 128.0
71.0 42.0
96.0 86.0
208.0 166.0
130.0 18.0
96.0 162.0
225.0 35.0
3.0 166.0
66.0 176.0
102.0 205.0
176.0 98.0
44.0 5.0
154.0 44.0
190.0 7.0
6.0 114.0
148.0 158.0
245.0 166.0
58.0 81.0
231.0 237.0
123.0 56.0
49.0 196.0
223.0 26.0
13.0 129.0
242.0 201.0
232.0 54.0
41.0 105.0
192.0 98.0
104.0 242.0
165.0 83.0
173.0 117.0
34.0 60.0
240.0 162.0
206.0 91.0
119.0 175.0
82.0 196.0
89.0 191.0
140.0 153.0
180.0 33.0
216.0 176.0
242.0 71.0
154.0 46.0
242.0 73.0
65.0 88.0
44.0 49.0
211.0 196.0
245.0 85.0
139.0 180.0
205.0 219.0
216.0 2.0
213.0 205.0
49.0 53.0
43.0 101.0
82.0 172.0
232.0 156.0
207.0 172.0
211.0 60.0
84.0 200.0
227.0 141.0
110.0 80.0
71.0 213.0
114.0 87.0
190.0 33.0
100.0 171.0
52.0 183.0
224.0 210.0
218.0 230.0
220.0 177.0
141.0 82.0
73.0 191.0
234.0 44.0
34.0 204.0
127.0 95.0
155.0 154.0
28.0 18.0
48.0 237.0
217.0 46.0
189.0 238.0
235.0 14.0
93.0 199.0
153.0 60.0
38.0 247.0
124.0 237.0
63.0 218.0
209.0 211.0
32.0 54.0
78.0 30.0
112.0 205.0
185.0 11.0
83.0 147.0
139.0 99.0
206.0 137.0
26.0 138.0
195.0 172.0
235.0 19.0
135.0 157.0
199.0 13.0
17.0 122.0
225.0 157.0
124.0 122.0
187.0 96.0
44.0 26.0
137.0 138.0
171.0 218.0
241.0 50.0
110.0 25.0
210.0 224.0
212.0 30.0
4.0 120.0
28.0 209.0
128.0 232.0
28.0 174.0
137.0 118.0
20.0 83.0
73.0 115.0
224.0 130.0
71.0 140.0
52.0 46.0
211.0 92.0
197.0 147.0
10.0 128.0
197.0 250.0
238.0 184.0
189.0 92.0
64.0 167.0
164.0 223.0
124.0 43.0
57.0 120.0
121.0 128.0
99.0 120.0
164.0 194.0
148.0 44.0
111.0 44.0
52.0 236.0
219.0 74.0
135.0 20.0
8.0 85.0
222.0 155.0
18.0 230.0
198.0 187.0
217.0 9.0
108.0 149.0
154.0 52.0
184.0 119.0
204.0 225.0
195.0 224.0
139.0 189.0
98.0 229.0
7.0 69.0
45.0 162.0
150.0 231.0
75.0 244.0
250.0 196.0
177.0 205.0
86.0 77.0
190.0 123.0
25.0 189.0
89.0 245.0
62.0 81.0
243.0 51.0
35.0 30.0
82.0 148.0
228.0 116.0
133.0 125.0
104.0 41.0
224.0 86.0
6.0 182.0
206.0 113.0
192.0 180.0
106.0 3.0
163.0 169.0
195.0 160.0
40.0 68.0
3.0 95.0
55.0 175.0
136.0 65.0
55.0 111.0
66.0 161.0
192.0 222.0
116.0 2.0
84.0 108.0
173.0 228.0
245.0 28.0
4.0 67.0
181.0 207.0
60.0 50.0
104.0 182.0
21.0 17.0
249.0 85.0
110.0 119.0
142.0 115.0
27.0 81.0
188.0 240.0
177.0 58.0
26.0 237.0
159.0 219.0
167.0 3.0
64.0 24.0
227.0 108.0
183.0 201.0
146.0 153.0
34.0 250.0
88.0 30.0
195.0 133.0
25.0 14.0
227.0 82.0
85.0 177.0
39.0 55.0
42.0 152.0
113.0 166.0
146.0 139.0
69.0 231.0
51.0 44.0
99.0 132.0
164.0 8.0
137.0 17.0
47.0 112.0
169.0 167.0
69.0 128.0
165.0 170.0
68.0 225.0
179.0 99.0
92.0 133.0
199.0 229.0
101.0 51.0
191.0 104.0
89.0 156.0
44.0 98.0
110.0 149.0
208.0 188.0
59.0 68.0
136.0 189.0
65.0 153.0
191.0 39.0
216.0 147.0
240.0 24.0
100.0 184.0
236.0 144.0
10.0 18.0
131.0 147.0
172.0 120.0
36.0 40.0
207.0 27.0
116.0 242.0
90.0 91.0
242.0 70.0
154.0 141.0
22.0 67.0
54.0 75.0
112.0 28.0
112.0 20.0
36.0 82.0
63.0 220.0
67.0 60.0
27.0 129.0
6.0 154.0
76.0 28.0
31.0 197.0
114.0 9.0
97.0 206.0
51.0 4.0
169.0 149.0
127.0 98.0
154.0 186.0
232.0 166.0
171.0 234.0
198.0 206.0
173.0 232.0
62.0 27.0
179.0 64.0
108.0 39.0
233.0 162.0
101.0 187.0
9.0 113.0
126.0 136.0
25.0 159.0
67.0 144.0
23.0 51.0
35.0 89.0
102.0 20.0
126.0 213.0
32.0 198.0
220.0 188.0
220.0 115.0
60.0 173.0
113.0 4.0
200.0 103.0
155.0 153.0
191.0 9.0
200.0 150.0
215.0 223.0
111.0 156.0
168.0 143.0
91.0 163.0
9.0 49.0
94.0 248.0
21.0 9.0
229.0 163.0
171.0 242.0
138.0 139.0
78.0 108.0
143.0 121.0
169.0 213.0
247.0 187.0
142.0 167.0
178.0 247.0
196.0 128.0
181.0 148.0
34.0 22.0
119.0 143.0
201.0 208.0
213.0 4.0
150.0 109.0
109.0 82.0
237.0 186.0
230.0 235.0
133.0 175.0
219.0 53.0
1.0 60.0
58.0 162.0
50.0 101.0
51.0 183.0
177.0 8.0
122.0 233.0
195.0 195.0
246.0 175.0
228.0 95.0
86.0 137.0
146.0 87.0
30.0 124.0
247.0 142.0
82.0 112.0
189.0 110.0
161.0 94.0
244.0 141.0
159.0 70.0
6.0 25.0
162.0 81.0
3.0 77.0
80.0 171.0
224.0 226.0
210.0 227.0
120.0 48.0
88.0 222.0
230.0 49.0
56.0 181.0
112.0 43.0
8.0 19.0
101.0 59.0
107.0 204.0
206.0 14.0
85.0 6.0
38.0 186.0
32.0 168.0
202.0 114.0
153.0 138.0
180.0 91.0
35.0 63.0
11.0 224.0
28.0 64.0
162.0 136.0
151.0 129.0
24.0 140.0
249.0 248.0
57.0 79.0
205.0 11.0
148.0 58.0
35.0 174.0
60.0 120.0
54.0 33.0
177.0 221.0
84.0 236.0
56.0 182.0
231.0 243.0
88.0 103.0
103.0 206.0
183.0 33.0
124.0 84.0
149.0 12.0
167.0 148.0
28.0 148.0
63.0 76.0
229.0 232.0
62.0 148.0
65.0 164.0
192.0 134.0
159.0 79.0
214.0 247.0
224.0 67.0
238.0 141.0
32.0 247.0
87.0 191.0
213.0 228.0
76.0 160.0
76.0 71.0
189.0 128.0
213.0 176.0
190.0 146.0
206.0 80.0
25.0 127.0
72.0 209.0
170.0 54.0
142.0 208.0
167.0 146.0
130.0 245.0
121.0 193.0
220.0 59.0
31.0 64.0
43.0 18.0
96.0 225.0
8.0 73.0
1.0 164.0
228.0 7.0
192.0 163.0

64.0 221.0
91.0 170.0
6.0 109.0
24.0 133.0
201.0 233.0
238.0 122.0
232.0 250.0
135.0 157.0
122.0 15.0
122.0 206.0
182.0 41.0
9.0 223.0
27.0 193.0
211.0 205.0
8.0 108.0
245.0 245.0
138.0 9.0
186.0 79.0
165.0 250.0
195.0 228.0
188.0 220.0
129.0 110.0
132.0 208.0
6.0 73.0
120.0 61.0
186.0 141.0
118.0 79.0
184.0 16.0
94.0 108.0
78.0 8.0
132.0 172.0
77.0 80.0
163.0 184.0
76.0 33.0
78.0 246.0
130.0 151.0
49.0 181.0
71.0 218.0
208.0 198.0
50.0 75.0
76.0 177.0
122.0 24.0
83.0 130.0
13.0 125.0
171.0 204.0
87.0 63.0
164.0 123.0
9.0 241.0
76.0 79.0
236.0 159.0
145.0 121.0
238.0 140.0
99.0 124.0
191.0 50.0
158.0 46.0
153.0 202.0
55.0 191.0
112.0 220.0
7.0 15.0
37.0 214.0
46.0 109.0
196.0 117.0
242.0 22.0
236.0 158.0
138.0 150.0
175.0 249.0
252.0 245.0
180.0 96.0
142.0 174.0
140.0 182.0
236.0 54.0
55.0 86.0
57.0 66.0
98.0 135.0
171.0 153.0
13.0 237.0
96.0 82.0
100.0 17.0
154.0 164.0
26.0 244.0
119.0 233.0
123.0 18.0
244.0 92.0
43.0 91.0
173.0 94.0
25.0 175.0
192.0 6.0
40.0 236.0
185.0 143.0
210.0 237.0
150.0 75.0
102.0 202.0
232.0 16.0
175.0 233.0
32.0 71.0
167.0 155.0
6.0 61.0
230.0 113.0
104.0 248.0
52.0 133.0
77.0 47.0
100.0 91.0
212.0 171.0
135.0 23.0
100.0 166.0
230.0 41.0
8.0 172.0
70.0 181.0
108.0 210.0
180.0 102.0
50.0 9.0
159.0 49.0
196.0 12.0
10.0 119.0
153.0 163.0
251.0 170.0
63.0 86.0
235.0 242.0
128.0 61.0
53.0 201.0
229.0 31.0
18.0 135.0
247.0 206.0
237.0 60.0
46.0 110.0
197.0 103.0
108.0 246.0
169.0 88.0
178.0 121.0
39.0 64.0
244.0 167.0
210.0 96.0
124.0 181.0
88.0 201.0
94.0 196.0
145.0 158.0
185.0 38.0
221.0 180.0
248.0 76.0
160.0 50.0
247.0 77.0
70.0 93.0
48.0 54.0
215.0 201.0
250.0 91.0
143.0 186.0
209.0 223.0
222.0 8.0
218.0 211.0
55.0 58.0
48.0 105.0
87.0 177.0
237.0 162.0
212.0 176.0
216.0 66.0
88.0 205.0
232.0 146.0
116.0 86.0
77.0 219.0
120.0 92.0
194.0 38.0
105.0 176.0
56.0 189.0
228.0 214.0
222.0 234.0
226.0 183.0
145.0 87.0
78.0 196.0
240.0 49.0
38.0 210.0
132.0 100.0
159.0 158.0
33.0 23.0
52.0 242.0
223.0 50.0
193.0 243.0
240.0 19.0
99.0 204.0
159.0 65.0
44.0 252.0
129.0 242.0
67.0 222.0
214.0 217.0
38.0 58.0
83.0 36.0
116.0 209.0
190.0 16.0
88.0 153.0
144.0 105.0
212.0 141.0
31.0 143.0
200.0 177.0
239.0 24.0
140.0 161.0
203.0 19.0
22.0 127.0
231.0 162.0
129.0 126.0
192.0 101.0
49.0 31.0
142.0 142.0
176.0 224.0
246.0 56.0
116.0 30.0
215.0 230.0
217.0 36.0
9.0 126.0
34.0 214.0
133.0 237.0
32.0 180.0
143.0 122.0
25.0 88.0
79.0 119.0
228.0 135.0
77.0 145.0
57.0 51.0
216.0 97.0
202.0 151.0
15.0 134.0
202.0 256.0
244.0 189.0
193.0 97.0
68.0 172.0
170.0 228.0
128.0 48.0
62.0 126.0
126.0 133.0
104.0 125.0
169.0 200.0
153.0 50.0
115.0 49.0
57.0 242.0
223.0 78.0
140.0 25.0
13.0 90.0
227.0 159.0
22.0 234.0
202.0 192.0
222.0 14.0
112.0 155.0
159.0 57.0
188.0 125.0
209.0 230.0
200.0 229.0
144.0 194.0
104.0 233.0
12.0 74.0
50.0 166.0
155.0 236.0
81.0 249.0
255.0 200.0
183.0 210.0
92.0 82.0
195.0 128.0
30.0 194.0
94.0 250.0
67.0 85.0
248.0 56.0
41.0 34.0
87.0 154.0
234.0 121.0
138.0 129.0
109.0 46.0
230.0 91.0
12.0 187.0
212.0 119.0
198.0 184.0
110.0 7.0
168.0 173.0
201.0 166.0
45.0 73.0
8.0 100.0
61.0 179.0
142.0 70.0
61.0 116.0
71.0 165.0
197.0 227.0
120.0 8.0
89.0 114.0
178.0 234.0
249.0 33.0
9.0 72.0
186.0 212.0
64.0 55.0
108.0 186.0
27.0 22.0
255.0 90.0
114.0 124.0
147.0 121.0
32.0 85.0
192.0 244.0
183.0 63.0
30.0 242.0
165.0 225.0
173.0 8.0
69.0 29.0
232.0 113.0
188.0 206.0
150.0 157.0
38.0 254.0
92.0 34.0
201.0 138.0
31.0 19.0
232.0 88.0
90.0 182.0
44.0 61.0
47.0 156.0
117.0 170.0
151.0 145.0
75.0 236.0
56.0 48.0
105.0 136.0
169.0 13.0
142.0 21.0
52.0 116.0
175.0 172.0
74.0 132.0
169.0 175.0
74.0 230.0
185.0 103.0
97.0 138.0
205.0 235.0
107.0 57.0
195.0 110.0
93.0 162.0
48.0 104.0
116.0 153.0
213.0 194.0
63.0 74.0
141.0 195.0
70.0 159.0
197.0 44.0
221.0 151.0
245.0 30.0
105.0 189.0
240.0 149.0
14.0 23.0
137.0 152.0
176.0 126.0
41.0 45.0
213.0 32.0
121.0 246.0
95.0 96.0
246.0 75.0
159.0 145.0
28.0 72.0
58.0 80.0
116.0 33.0
116.0 25.0
40.0 86.0
68.0 226.0
72.0 64.0
33.0 134.0
11.0 159.0
80.0 33.0
36.0 202.0
119.0 14.0
103.0 210.0
56.0 9.0
174.0 153.0
132.0 102.0
159.0 191.0
236.0 171.0
177.0 240.0
202.0 211.0
179.0 238.0
67.0 32.0
183.0 68.0
113.0 45.0
238.0 166.0
106.0 192.0
13.0 119.0
132.0 142.0
29.0 163.0
72.0 149.0
28.0 57.0
40.0 94.0
108.0 25.0
130.0 218.0
38.0 204.0
225.0 193.0
224.0 119.0
64.0 177.0
118.0 10.0
204.0 107.0
161.0 158.0
197.0 15.0
206.0 154.0
219.0 227.0
117.0 161.0
173.0 148.0
96.0 168.0
14.0 54.0
99.0 254.0
27.0 14.0
235.0 168.0
176.0 248.0
142.0 145.0
83.0 112.0
148.0 126.0
174.0 218.0
253.0 192.0
148.0 171.0
183.0 252.0
200.0 133.0
187.0 152.0
39.0 26.0
123.0 149.0
206.0 212.0
218.0 9.0
155.0 115.0
114.0 87.0
242.0 192.0
236.0 240.0
138.0 181.0
224.0 58.0
7.0 66.0
64.0 166.0
55.0 105.0
56.0 187.0
181.0 12.0
127.0 239.0
200.0 199.0
251.0 180.0
232.0 100.0
92.0 141.0
152.0 92.0
34.0 130.0
253.0 148.0
86.0 116.0
193.0 115.0
165.0 99.0
250.0 146.0
164.0 75.0
10.0 29.0
167.0 87.0
9.0 82.0
85.0 176.0
230.0 232.0
214.0 232.0
125.0 53.0
92.0 228.0
236.0 54.0
61.0 185.0
116.0 47.0
13.0 25.0
107.0 64.0
113.0 208.0
210.0 18.0
89.0 11.0
44.0 192.0
36.0 172.0
206.0 119.0
158.0 144.0
184.0 96.0
39.0 67.0
15.0 229.0
33.0 70.0
166.0 141.0
156.0 134.0
30.0 145.0
253.0 254.0
62.0 84.0
210.0 16.0
152.0 64.0
40.0 178.0
66.0 124.0
59.0 38.0
181.0 225.0
88.0 241.0
61.0 186.0
236.0 247.0
93.0 108.0
109.0 211.0
188.0 37.0
128.0 90.0
154.0 16.0
172.0 153.0
34.0 153.0
68.0 82.0
233.0 237.0
68.0 152.0
71.0 169.0
197.0 139.0
165.0 85.0
218.0 253.0
230.0 73.0
243.0 145.0
36.0 252.0
91.0 196.0
219.0 233.0
80.0 165.0
81.0 76.0
194.0 133.0
219.0 182.0
195.0 151.0
212.0 85.0
29.0 131.0
76.0 215.0
174.0 58.0
147.0 214.0
173.0 151.0
136.0 249.0
127.0 198.0
225.0 63.0
36.0 69.0
48.0 23.0
102.0 229.0
12.0 77.0
7.0 170.0
233.0 11.0
197.0 168.0
