1
512 1 3.0 0.0 1000.0 3 160 240 100

6.5 13.5 29.3 58.5
13.0 27.0 58.5 117.0
19.5 40.5 87.8 175.5
26.0 54.0 117.0 234.0
39.0 81.0 175.5 351.0
52.0 108.0 234.0 468.0
58.5 121.5 263.3 526.5
65.0 135.0 292.5 585.0
78.0 162.0 351.0 702.0
0.0 180.0 390.0 780.0

2.0 5.0 8.0 11.0
5.0 8.0 11.0 14.0
9.0 12.0 15.0 18.0
11.0 14.0 17.0 20.0
15.0 18.0 21.0 24.0
18.0 21.0 24.0 27.0
20.0 23.0 26.0 29.0
25.0 28.0 31.0 34.0
29.0 32.0 35.0 38.0
0.0 34.0 37.0 40.0

132.0 213.0
230.0 33.0
51.0 237.0
45.0 116.0
186.0 212.0
138.0 166.0
17.0 211.0
146.0 19.0
81.0 188.0
108.0 53.0
187.0 69.0
105.0 242.0
43.0 103.0
186.0 235.0
55.0 163.0
120.0 173.0
120.0 211.0
81.0 15.0
45.0 1.0
166.0 192.0
50.0 98.0
242.0 240.0
88.0 169.0
153.0 106.0
84.0 7.0
137.0 158.0
204.0 97.0
125.0 210.0
110.0 82.0
143.0 222.0
210.0 55.0
111.0 113.0
221.0 150.0
144.0 215.0
179.0 4.0
8.0 191.0
97.0 169.0
229.0 66.0
23.0 174.0
123.0 58.0
74.0 210.0
113.0 248.0
78.0 237.0
247.0 158.0
23.0 119.0
141.0 113.0
65.0 222.0
136.0 130.0
176.0 199.0
27.0 51.0
53.0 17.0
24.0 47.0
5.0 77.0
175.0 97.0
47.0 112.0
42.0 168.0
52.0 92.0
228.0 106.0
76.0 182.0
174.0 68.0
59.0 116.0
206.0 130.0
159.0 161.0
113.0 38.0
45.0 152.0
119.0 109.0
21.0 155.0
155.0 109.0
196.0 102.0
169.0 14.0
185.0 92.0
249.0 86.0
189.0 74.0
177.0 57.0
63.0 223.0
74.0 221.0
85.0 109.0
103.0 102.0
178.0 95.0
36.0 138.0
157.0 186.0
32.0 145.0
134.0 135.0
31.0 150.0
31.0 159.0
11.0 235.0
207.0 203.0
127.0 76.0
17.0 216.0
102.0 228.0
198.0 6.0
23.0 197.0
7.0 19.0
28.0 226.0
151.0 230.0
168.0 220.0
51.0 120.0
47.0 95.0
83.0 36.0
160.0 125.0
8.0 57.0
156.0 173.0
75.0 22.0
54.0 22.0
131.0 223.0
33.0 56.0
130.0 44.0
199.0 139.0
213.0 167.0
57.0 72.0
147.0 16.0
237.0 75.0
172.0 171.0
59.0 87.0
149.0 57.0
129.0 177.0
206.0 3.0
162.0 246.0
137.0 120.0
96.0 186.0
129.0 201.0
93.0 45.0
195.0 221.0
82.0 8.0
20.0 27.0
89.0 91.0
217.0 148.0
130.0 3.0
70.0 213.0
25.0 191.0
146.0 20.0
45.0 148.0
230.0 116.0
130.0 129.0
75.0 73.0
201.0 218.0
58.0 168.0
182.0 24.0
108.0 53.0
144.0 89.0
120.0 237.0
41.0 126.0
95.0 83.0
94.0 68.0
91.0 35.0
154.0 184.0
116.0 133.0
232.0 84.0
156.0 180.0
154.0 19.0
95.0 216.0
144.0 161.0
111.0 60.0
181.0 156.0
161.0 191.0
47.0 3.0
22.0 104.0
45.0 164.0
135.0 40.0
172.0 107.0
73.0 96.0
108.0 53.0
23.0 247.0
178.0 244.0
226.0 151.0
16.0 136.0
127.0 156.0
228.0 212.0
73.0 239.0
144.0 194.0
167.0 186.0
91.0 212.0
2.0 114.0
142.0 99.0
16.0 12.0
156.0 239.0
45.0 37.0
194.0 6.0
202.0 110.0
227.0 107.0
45.0 171.0
128.0 236.0
19.0 25.0
220.0 227.0
13.0 2.0
242.0 237.0
154.0 238.0
152.0 27.0
43.0 187.0
228.0 239.0
180.0 21.0
31.0 123.0
166.0 188.0
59.0 227.0
51.0 130.0
27.0 131.0
26.0 68.0
230.0 117.0
231.0 238.0
54.0 230.0
233.0 85.0
211.0 245.0
65.0 213.0
134.0 117.0
34.0 189.0
249.0 61.0
28.0 131.0
165.0 213.0
178.0 71.0
139.0 137.0
228.0 130.0
223.0 10.0
84.0 122.0
86.0 126.0
33.0 5.0
24.0 171.0
209.0 177.0
45.0 39.0
198.0 144.0
162.0 16.0
215.0 187.0
147.0 222.0
121.0 199.0
12.0 19.0
93.0 166.0
98.0 149.0
96.0 106.0
157.0 183.0
83.0 63.0
176.0 168.0
196.0 85.0
228.0 183.0
41.0 173.0
193.0 63.0
153.0 240.0
27.0 131.0
122.0 207.0
52.0 63.0
118.0 136.0
52.0 110.0
146.0 160.0
30.0 176.0
168.0 234.0
55.0 89.0
27.0 89.0
145.0 213.0
193.0 46.0
14.0 89.0
145.0 182.0
3.0 140.0
30.0 148.0
131.0 249.0
31.0 242.0
235.0 123.0
226.0 169.0
237.0 131.0
235.0 213.0
151.0 141.0
52.0 131.0
230.0 178.0
13.0 117.0
246.0 53.0
139.0 20.0
177.0 165.0
201.0 38.0
170.0 231.0
120.0 205.0
184.0 46.0
154.0 10.0
43.0 139.0
145.0 89.0
189.0 50.0
117.0 208.0
243.0 233.0
148.0 108.0
26.0 166.0
169.0 44.0
36.0 64.0
240.0 214.0
151.0 140.0
96.0 55.0
177.0 194.0
103.0 200.0
147.0 95.0
86.0 213.0
103.0 60.0
9.0 19.0
144.0 173.0
108.0 17.0
103.0 166.0
90.0 183.0
9.0 48.0
103.0 1.0
71.0 208.0
237.0 165.0
207.0 210.0
118.0 35.0
242.0 37.0
244.0 131.0
179.0 123.0
247.0 43.0
13.0 54.0
88.0 165.0
144.0 149.0
21.0 2.0
234.0 185.0
196.0 86.0
167.0 97.0
99.0 117.0
102.0 44.0
99.0 2.0
148.0 42.0
156.0 28.0
18.0 182.0
87.0 211.0
83.0 19.0
82.0 188.0
37.0 12.0
229.0 76.0
237.0 229.0
118.0 24.0
44.0 75.0
158.0 14.0
102.0 130.0
59.0 21.0
20.0 237.0
224.0 199.0
3.0 35.0
142.0 87.0
30.0 218.0
147.0 126.0
247.0 90.0
250.0 96.0
55.0 59.0
50.0 155.0
172.0 24.0
49.0 206.0
41.0 170.0
243.0 146.0
228.0 13.0
201.0 103.0
51.0 62.0
129.0 84.0
225.0 74.0
248.0 28.0
127.0 161.0
113.0 47.0
97.0 74.0
76.0 228.0
0.0 62.0
142.0 160.0
89.0 9.0
55.0 185.0
25.0 109.0
234.0 145.0
216.0 168.0
3.0 21.0
202.0 166.0
146.0 100.0
132.0 43.0
78.0 186.0
173.0 212.0
37.0 132.0
34.0 141.0
241.0 64.0
63.0 136.0
4.0 218.0
222.0 38.0
156.0 120.0
36.0 94.0
124.0 167.0
185.0 79.0
150.0 209.0
204.0 72.0
121.0 59.0
105.0 77.0
117.0 174.0
246.0 15.0
32.0 37.0
135.0 157.0
231.0 118.0
130.0 152.0
250.0 79.0
87.0 95.0
99.0 206.0
51.0 147.0
69.0 121.0
154.0 55.0
227.0 133.0
212.0 190.0
106.0 152.0
35.0 75.0
176.0 141.0
80.0 161.0
215.0 174.0
95.0 187.0
31.0 189.0
233.0 248.0
44.0 126.0
184.0 55.0
56.0 173.0
173.0 122.0
75.0 172.0
234.0 235.0
165.0 53.0
245.0 73.0
53.0 205.0
15.0 202.0
84.0 29.0
14.0 203.0
156.0 217.0
175.0 6.0
68.0 121.0
241.0 82.0
52.0 132.0
187.0 192.0
64.0 51.0
85.0 208.0
198.0 6.0
71.0 94.0
189.0 27.0
136.0 175.0
14.0 191.0
37.0 154.0
138.0 82.0
181.0 157.0
70.0 112.0
146.0 107.0
160.0 63.0
60.0 94.0
136.0 18.0
140.0 185.0
227.0 173.0
237.0 188.0
235.0 81.0
45.0 204.0
9.0 168.0
222.0 109.0
83.0 230.0
186.0 161.0
43.0 100.0
212.0 13.0
15.0 83.0
234.0 204.0
209.0 223.0
74.0 9.0
44.0 109.0
158.0 128.0
154.0 188.0
47.0 198.0
177.0 138.0
216.0 240.0
19.0 158.0
46.0 156.0
92.0 105.0
89.0 243.0
114.0 205.0
175.0 243.0
83.0 141.0
64.0 246.0
149.0 129.0
92.0 102.0
115.0 146.0
114.0 36.0
159.0 63.0
96.0 235.0
145.0 210.0
13.0 238.0
238.0 248.0
47.0 20.0
56.0 16.0
104.0 225.0
213.0 88.0
20.0 57.0
101.0 91.0
110.0 171.0
136.0 134.0
45.0 198.0
217.0 40.0
91.0 105.0
206.0 94.0
67.0 163.0
94.0 127.0
187.0 103.0
10.0 21.0
6.0 90.0
120.0 87.0
22.0 238.0
204.0 27.0
30.0 163.0
73.0 39.0
136.0 167.0
0.0 178.0
177.0 186.0
192.0 130.0
71.0 217.0
103.0 165.0
200.0 223.0
0.0 24.0
2.0 116.0
199.0 147.0
244.0 192.0
0.0 126.0
8.0 230.0
138.0 137.0
9.0 24.0
124.0 154.0
141.0 174.0
185.0 40.0
246.0 22.0
57.0 195.0
138.0 199.0

137.0 218.0
236.0 39.0
57.0 242.0
51.0 121.0
191.0 217.0
143.0 171.0
21.0 217.0
150.0 25.0
87.0 193.0
113.0 58.0
193.0 74.0
111.0 248.0
47.0 108.0
191.0 241.0
59.0 167.0
126.0 177.0
126.0 215.0
87.0 19.0
50.0 5.0
171.0 198.0
56.0 103.0
246.0 244.0
93.0 174.0
158.0 111.0
89.0 13.0
141.0 163.0
210.0 101.0
131.0 214.0
115.0 88.0
149.0 227.0
214.0 59.0
116.0 119.0
227.0 154.0
149.0 220.0
184.0 8.0
14.0 196.0
102.0 175.0
234.0 71.0
28.0 179.0
129.0 64.0
78.0 214.0
119.0 253.0
83.0 242.0
252.0 163.0
28.0 125.0
145.0 118.0
71.0 228.0
140.0 136.0
181.0 203.0
32.0 56.0
57.0 21.0
28.0 51.0
10.0 81.0
180.0 102.0
53.0 116.0
46.0 173.0
58.0 98.0
232.0 111.0
81.0 187.0
178.0 72.0
65.0 121.0
212.0 136.0
163.0 166.0
118.0 43.0
50.0 156.0
125.0 115.0
26.0 160.0
159.0 113.0
201.0 107.0
174.0 18.0
189.0 97.0
254.0 90.0
194.0 78.0
182.0 61.0
67.0 229.0
80.0 227.0
91.0 114.0
109.0 106.0
184.0 100.0
42.0 143.0
163.0 190.0
38.0 151.0
138.0 139.0
37.0 155.0
37.0 165.0
17.0 241.0
211.0 209.0
133.0 82.0
23.0 221.0
107.0 234.0
204.0 11.0
29.0 202.0
13.0 24.0
34.0 232.0
156.0 235.0
173.0 225.0
55.0 124.0
53.0 99.0
88.0 41.0
164.0 130.0
13.0 62.0
161.0 179.0
79.0 27.0
59.0 26.0
135.0 227.0
38.0 60.0
134.0 49.0
205.0 144.0
218.0 172.0
62.0 78.0
152.0 21.0
243.0 81.0
176.0 176.0
64.0 93.0
154.0 61.0
133.0 182.0
211.0 8.0
166.0 252.0
141.0 125.0
101.0 190.0
134.0 206.0
99.0 50.0
199.0 225.0
88.0 13.0
24.0 32.0
95.0 97.0
223.0 154.0
134.0 8.0
76.0 218.0
31.0 195.0
150.0 26.0
49.0 153.0
236.0 122.0
135.0 134.0
80.0 78.0
205.0 222.0
63.0 172.0
187.0 30.0
114.0 57.0
150.0 94.0
125.0 242.0
47.0 130.0
100.0 87.0
99.0 73.0
96.0 40.0
159.0 188.0
120.0 138.0
236.0 90.0
160.0 185.0
160.0 24.0
99.0 222.0
148.0 167.0
117.0 64.0
185.0 161.0
165.0 196.0
51.0 8.0
28.0 108.0
51.0 170.0
140.0 45.0
178.0 113.0
79.0 102.0
113.0 59.0
29.0 252.0
183.0 249.0
231.0 155.0
21.0 142.0
131.0 161.0
233.0 217.0
78.0 244.0
149.0 199.0
173.0 191.0
96.0 218.0
6.0 119.0
146.0 104.0
22.0 18.0
162.0 244.0
50.0 42.0
199.0 11.0
206.0 115.0
233.0 111.0
51.0 176.0
133.0 241.0
25.0 29.0
225.0 232.0
19.0 7.0
247.0 242.0
159.0 243.0
157.0 31.0
48.0 192.0
233.0 244.0
185.0 26.0
36.0 127.0
171.0 193.0
64.0 231.0
57.0 134.0
32.0 137.0
30.0 72.0
236.0 122.0
236.0 242.0
59.0 235.0
237.0 90.0
216.0 251.0
70.0 218.0
139.0 121.0
40.0 194.0
255.0 66.0
33.0 136.0
169.0 218.0
182.0 75.0
144.0 141.0
232.0 136.0
229.0 15.0
89.0 128.0
90.0 131.0
37.0 10.0
30.0 176.0
215.0 182.0
49.0 45.0
202.0 149.0
167.0 21.0
220.0 191.0
152.0 227.0
127.0 205.0
17.0 23.0
98.0 171.0
103.0 153.0
101.0 111.0
162.0 187.0
87.0 69.0
181.0 174.0
201.0 91.0
233.0 187.0
46.0 178.0
198.0 68.0
159.0 246.0
32.0 135.0
127.0 212.0
57.0 68.0
122.0 141.0
58.0 114.0
151.0 165.0
36.0 180.0
173.0 239.0
61.0 95.0
33.0 93.0
150.0 218.0
198.0 51.0
20.0 94.0
151.0 187.0
7.0 145.0
35.0 153.0
136.0 253.0
35.0 247.0
240.0 128.0
231.0 174.0
242.0 135.0
241.0 219.0
155.0 145.0
57.0 137.0
235.0 183.0
17.0 122.0
252.0 57.0
144.0 25.0
182.0 169.0
205.0 43.0
175.0 236.0
125.0 210.0
190.0 51.0
159.0 15.0
49.0 145.0
150.0 95.0
193.0 56.0
121.0 213.0
247.0 238.0
153.0 113.0
32.0 170.0
173.0 48.0
40.0 69.0
244.0 219.0
156.0 145.0
101.0 60.0
183.0 198.0
108.0 205.0
151.0 99.0
91.0 218.0
109.0 64.0
14.0 24.0
148.0 178.0
112.0 21.0
108.0 171.0
94.0 187.0
13.0 52.0
108.0 6.0
76.0 213.0
242.0 169.0
211.0 214.0
123.0 40.0
248.0 43.0
250.0 135.0
185.0 128.0
252.0 47.0
19.0 59.0
93.0 169.0
149.0 155.0
25.0 8.0
239.0 190.0
200.0 90.0
172.0 101.0
105.0 122.0
106.0 48.0
103.0 6.0
154.0 46.0
160.0 32.0
24.0 188.0
92.0 217.0
88.0 24.0
87.0 193.0
41.0 16.0
235.0 81.0
242.0 234.0
123.0 28.0
49.0 79.0
163.0 20.0
108.0 134.0
65.0 27.0
25.0 243.0
230.0 204.0
7.0 40.0
147.0 92.0
35.0 222.0
152.0 132.0
253.0 95.0
255.0 100.0
61.0 63.0
54.0 161.0
178.0 29.0
53.0 211.0
45.0 175.0
248.0 150.0
234.0 19.0
206.0 108.0
55.0 66.0
134.0 90.0
230.0 78.0
252.0 32.0
133.0 167.0
118.0 51.0
101.0 80.0
81.0 233.0
6.0 67.0
148.0 166.0
95.0 13.0
60.0 190.0
29.0 114.0
239.0 149.0
221.0 174.0
7.0 26.0
206.0 172.0
151.0 105.0
138.0 49.0
82.0 191.0
178.0 218.0
42.0 137.0
39.0 147.0
246.0 70.0
68.0 141.0
10.0 224.0
227.0 43.0
161.0 125.0
40.0 98.0
130.0 171.0
190.0 84.0
155.0 214.0
209.0 78.0
127.0 63.0
110.0 81.0
122.0 179.0
252.0 21.0
38.0 41.0
140.0 162.0
236.0 123.0
135.0 157.0
254.0 84.0
91.0 100.0
105.0 211.0
56.0 151.0
74.0 126.0
158.0 60.0
232.0 137.0
218.0 194.0
111.0 156.0
40.0 80.0
181.0 146.0
84.0 166.0
220.0 180.0
100.0 192.0
36.0 194.0
237.0 254.0
50.0 130.0
189.0 60.0
62.0 179.0
177.0 128.0
79.0 176.0
239.0 241.0
169.0 58.0
250.0 79.0
57.0 210.0
20.0 207.0
89.0 35.0
20.0 208.0
161.0 222.0
180.0 10.0
72.0 126.0
247.0 87.0
57.0 137.0
192.0 197.0
70.0 56.0
90.0 212.0
203.0 11.0
76.0 99.0
195.0 32.0
141.0 179.0
18.0 196.0
42.0 160.0
143.0 86.0
186.0 163.0
76.0 117.0
151.0 113.0
166.0 68.0
65.0 98.0
141.0 23.0
144.0 190.0
232.0 177.0
242.0 193.0
239.0 86.0
51.0 210.0
14.0 173.0
228.0 113.0
88.0 235.0
192.0 166.0
49.0 105.0
218.0 17.0
20.0 87.0
240.0 210.0
215.0 228.0
78.0 14.0
48.0 114.0
163.0 133.0
159.0 192.0
51.0 204.0
182.0 143.0
220.0 245.0
23.0 162.0
50.0 162.0
97.0 110.0
93.0 247.0
118.0 210.0
180.0 249.0
87.0 146.0
70.0 252.0
154.0 135.0
97.0 107.0
120.0 150.0
120.0 40.0
163.0 67.0
101.0 239.0
150.0 215.0
18.0 243.0
243.0 253.0
51.0 25.0
61.0 21.0
109.0 230.0
217.0 92.0
26.0 62.0
106.0 96.0
115.0 176.0
140.0 140.0
49.0 203.0
221.0 46.0
96.0 110.0
211.0 100.0
72.0 167.0
100.0 133.0
191.0 107.0
15.0 27.0
10.0 94.0
124.0 93.0
26.0 244.0
210.0 32.0
35.0 167.0
78.0 44.0
141.0 172.0
5.0 183.0
183.0 191.0
197.0 135.0
75.0 223.0
107.0 169.0
206.0 229.0
6.0 30.0
6.0 122.0
204.0 153.0
250.0 197.0
4.0 131.0
14.0 235.0
142.0 143.0
14.0 29.0
129.0 158.0
146.0 178.0
190.0 44.0
252.0 27.0
62.0 200.0
143.0 205.0
