1
512 1 3.0 0.0 1000.0 3 160 240 100

6.5 13.5 29.3 58.5
13.0 27.0 58.5 117.0
19.5 40.5 87.8 175.5
26.0 54.0 117.0 234.0
39.0 81.0 175.5 351.0
52.0 108.0 234.0 468.0
58.5 121.5 263.3 526.5
65.0 135.0 292.5 585.0
78.0 162.0 351.0 702.0
0.0 180.0 390.0 780.0

2.0 5.0 8.0 11.0
5.0 8.0 11.0 14.0
9.0 12.0 15.0 18.0
11.0 14.0 17.0 20.0
15.0 18.0 21.0 24.0
18.0 21.0 24.0 27.0
20.0 23.0 26.0 29.0
25.0 28.0 31.0 34.0
29.0 32.0 35.0 38.0
0.0 34.0 37.0 40.0

132.0 129.0
193.0 218.0
59.0 155.0
93.0 239.0
89.0 198.0
46.0 143.0
224.0 183.0
243.0 61.0
140.0 194.0
214.0 194.0
234.0 245.0
184.0 169.0
91.0 71.0
212.0 182.0
128.0 103.0
163.0 120.0
220.0 130.0
98.0 200.0
217.0 168.0
16.0 175.0
29.0 181.0
162.0 32.0
40.0 42.0
200.0 104.0
186.0 248.0
93.0 137.0
64.0 165.0
118.0 128.0
27.0 182.0
234.0 77.0
24.0 182.0
94.0 115.0
1.0 72.0
61.0 13.0
2.0 171.0
132.0 162.0
170.0 64.0
6.0 155.0
137.0 93.0
82.0 186.0
158.0 226.0
244.0 24.0
85.0 96.0
89.0 146.0
158.0 74.0
87.0 170.0
104.0 47.0
202.0 33.0
124.0 139.0
86.0 203.0
144.0 167.0
6.0 227.0
36.0 201.0
232.0 26.0
58.0 143.0
174.0 131.0
94.0 61.0
128.0 135.0
67.0 89.0
38.0 177.0
230.0 226.0
5.0 118.0
97.0 242.0
80.0 94.0
61.0 141.0
204.0 226.0
125.0 7.0
194.0 62.0
147.0 77.0
13.0 138.0
143.0 223.0
115.0 121.0
198.0 67.0
209.0 45.0
127.0 43.0
120.0 217.0
85.0 2.0
207.0 189.0
128.0 37.0
147.0 4.0
49.0 20.0
172.0 215.0
123.0 141.0
187.0 34.0
212.0 58.0
231.0 221.0
228.0 92.0
90.0 199.0
38.0 192.0
147.0 132.0
178.0 216.0
148.0 66.0
99.0 151.0
98.0 17.0
169.0 184.0
91.0 210.0
36.0 110.0
165.0 232.0
209.0 132.0
106.0 190.0
75.0 154.0
172.0 2.0
92.0 250.0
26.0 31.0
242.0 32.0
244.0 82.0
125.0 228.0
40.0 85.0
134.0 72.0
210.0 108.0
229.0 179.0
65.0 158.0
128.0 144.0
221.0 26.0
42.0 162.0
150.0 18.0
162.0 28.0
224.0 208.0
148.0 188.0
40.0 159.0
194.0 82.0
138.0 148.0
54.0 72.0
12.0 202.0
228.0 65.0
147.0 101.0
51.0 14.0
134.0 54.0
35.0 9.0
192.0 44.0
65.0 38.0
41.0 202.0
176.0 250.0
71.0 77.0
143.0 155.0
129.0 14.0
225.0 2.0
2.0 159.0
186.0 122.0
24.0 171.0
45.0 97.0
35.0 25.0
58.0 191.0
216.0 117.0
11.0 10.0
182.0 186.0
197.0 203.0
214.0 132.0
39.0 55.0
139.0 118.0
101.0 157.0
120.0 170.0
64.0 117.0
233.0 27.0
65.0 140.0
228.0 82.0
67.0 52.0
211.0 55.0
48.0 227.0
33.0 92.0
55.0 123.0
245.0 65.0
32.0 238.0
20.0 159.0
92.0 105.0
40.0 115.0
16.0 221.0
114.0 105.0
29.0 180.0
155.0 4.0
7.0 33.0
158.0 115.0
42.0 243.0
172.0 23.0
138.0 161.0
51.0 2.0
105.0 2.0
82.0 13.0
32.0 129.0
167.0 107.0
36.0 242.0
19.0 133.0
53.0 150.0
181.0 206.0
225.0 126.0
209.0 191.0
46.0 113.0
181.0 49.0
174.0 169.0
23.0 171.0
211.0 61.0
179.0 161.0
231.0 242.0
237.0 88.0
224.0 17.0
164.0 26.0
132.0 248.0
147.0 34.0
237.0 33.0
55.0 26.0
237.0 84.0
149.0 45.0
125.0 103.0
187.0 21.0
76.0 24.0
164.0 165.0
111.0 38.0
213.0 181.0
82.0 133.0
36.0 86.0
145.0 207.0
21.0 204.0
140.0 104.0
19.0 226.0
154.0 1.0
78.0 47.0
78.0 132.0
238.0 137.0
46.0 144.0
40.0 34.0
210.0 201.0
244.0 98.0
88.0 244.0
30.0 225.0
83.0 166.0
40.0 43.0
36.0 180.0
190.0 172.0
23.0 245.0
197.0 177.0
143.0 232.0
150.0 183.0
131.0 53.0
194.0 160.0
165.0 57.0
18.0 212.0
83.0 54.0
102.0 249.0
243.0 139.0
35.0 21.0
125.0 46.0
237.0 249.0
38.0 96.0
12.0 214.0
132.0 70.0
158.0 167.0
241.0 217.0
169.0 38.0
97.0 100.0
135.0 189.0
83.0 95.0
10.0 61.0
193.0 155.0
212.0 93.0
224.0 242.0
108.0 116.0
19.0 197.0
235.0 0.0
138.0 55.0
163.0 122.0
161.0 199.0
236.0 53.0
129.0 9.0
230.0 167.0
190.0 244.0
24.0 182.0
95.0 206.0
215.0 227.0
225.0 48.0
129.0 56.0
170.0 146.0
44.0 137.0
180.0 19.0
212.0 110.0
113.0 104.0
98.0 207.0
85.0 231.0
70.0 21.0
79.0 237.0
67.0 82.0
82.0 191.0
114.0 247.0
136.0 37.0
82.0 248.0
246.0 13.0
188.0 23.0
159.0 16.0
5.0 45.0
84.0 146.0
107.0 167.0
228.0 243.0
247.0 54.0
110.0 2.0
47.0 95.0
148.0 110.0
3.0 8.0
97.0 132.0
142.0 143.0
222.0 194.0
8.0 72.0
148.0 70.0
191.0 97.0
150.0 106.0
208.0 144.0
204.0 207.0
70.0 42.0
177.0 186.0
210.0 33.0
116.0 91.0
250.0 147.0
122.0 176.0
139.0 143.0
158.0 8.0
29.0 39.0
151.0 249.0
32.0 54.0
98.0 235.0
111.0 109.0
181.0 13.0
127.0 92.0
210.0 79.0
151.0 143.0
33.0 115.0
202.0 52.0
103.0 80.0
151.0 153.0
214.0 82.0
57.0 168.0
232.0 11.0
70.0 26.0
193.0 249.0
32.0 221.0
228.0 33.0
31.0 119.0
62.0 183.0
185.0 153.0
165.0 148.0
1.0 178.0
189.0 192.0
1.0 70.0
135.0 64.0
57.0 200.0
6.0 77.0
7.0 249.0
23.0 98.0
132.0 118.0
39.0 221.0
169.0 28.0
85.0 2.0
96.0 182.0
72.0 172.0
199.0 211.0
216.0 67.0
67.0 162.0
56.0 64.0
139.0 103.0
39.0 151.0
58.0 248.0
147.0 26.0
110.0 48.0
173.0 244.0
99.0 16.0
245.0 184.0
85.0 114.0
71.0 202.0
198.0 99.0
155.0 154.0
76.0 24.0
44.0 11.0
31.0 171.0
9.0 122.0
99.0 229.0
95.0 228.0
216.0 131.0
49.0 161.0
46.0 234.0
201.0 203.0
67.0 113.0
176.0 152.0
92.0 64.0
146.0 222.0
183.0 180.0
113.0 175.0
10.0 232.0
57.0 189.0
13.0 102.0
79.0 6.0
13.0 100.0
237.0 215.0
18.0 72.0
79.0 96.0
6.0 234.0
200.0 13.0
41.0 1.0
204.0 147.0
126.0 160.0
15.0 190.0
38.0 248.0
53.0 164.0
175.0 116.0
85.0 96.0
14.0 182.0
151.0 118.0
103.0 197.0
243.0 74.0
64.0 186.0
6.0 78.0
135.0 246.0
37.0 6.0
127.0 231.0
152.0 200.0
183.0 146.0
79.0 28.0
90.0 149.0
80.0 190.0
169.0 106.0
76.0 28.0
107.0 225.0
160.0 126.0
130.0 89.0
184.0 64.0
17.0 238.0
198.0 0.0
223.0 246.0
42.0 66.0
228.0 68.0
239.0 117.0
22.0 232.0
128.0 211.0
199.0 9.0
246.0 221.0
215.0 36.0
42.0 84.0
138.0 139.0
32.0 223.0
86.0 192.0
118.0 3.0
49.0 154.0
64.0 155.0
158.0 243.0
206.0 135.0
245.0 3.0
25.0 231.0
107.0 101.0
35.0 26.0
208.0 242.0
244.0 129.0
99.0 157.0
3.0 177.0
170.0 186.0
135.0 134.0
143.0 22.0
35.0 25.0
32.0 26.0
2.0 247.0
114.0 41.0
126.0 222.0
12.0 7.0
107.0 161.0
53.0 172.0
207.0 78.0
132.0 58.0
101.0 201.0
121.0 139.0
183.0 38.0
174.0 235.0
220.0 125.0
93.0 211.0
53.0 82.0
236.0 121.0
94.0 147.0
2.0 243.0
203.0 162.0
1.0 40.0
64.0 72.0
69.0 99.0
22.0 49.0
107.0 220.0
125.0 144.0
39.0 83.0
205.0 230.0
232.0 25.0
119.0 9.0
51.0 6.0
113.0 212.0
26.0 138.0
49.0 151.0
163.0 13.0
81.0 119.0
13.0 59.0
154.0 179.0
158.0 38.0
32.0 204.0
86.0 53.0
102.0 94.0
13.0 27.0
36.0 150.0
225.0 173.0
187.0 157.0
143.0 32.0
174.0 37.0
53.0 218.0
151.0 238.0
61.0 77.0
98.0 101.0
122.0 26.0
6.0 8.0
57.0 150.0
154.0 153.0
32.0 202.0
238.0 125.0
48.0 205.0

137.0 135.0
198.0 223.0
64.0 160.0
98.0 244.0
95.0 203.0
51.0 148.0
229.0 189.0
248.0 65.0
145.0 200.0
219.0 199.0
240.0 249.0
190.0 174.0
97.0 75.0
217.0 187.0
133.0 109.0
169.0 125.0
225.0 135.0
102.0 204.0
223.0 173.0
22.0 181.0
35.0 187.0
168.0 36.0
44.0 46.0
205.0 109.0
190.0 253.0
99.0 142.0
68.0 170.0
122.0 133.0
32.0 188.0
240.0 83.0
29.0 186.0
99.0 120.0
6.0 77.0
67.0 19.0
6.0 176.0
138.0 167.0
176.0 68.0
12.0 161.0
142.0 98.0
87.0 191.0
163.0 232.0
248.0 29.0
91.0 101.0
94.0 152.0
163.0 79.0
92.0 175.0
110.0 52.0
207.0 39.0
129.0 145.0
91.0 208.0
149.0 173.0
10.0 232.0
40.0 206.0
237.0 30.0
63.0 148.0
180.0 135.0
99.0 65.0
133.0 139.0
72.0 94.0
43.0 183.0
236.0 230.0
10.0 123.0
102.0 246.0
85.0 99.0
66.0 145.0
209.0 231.0
130.0 13.0
200.0 67.0
151.0 82.0
18.0 144.0
149.0 228.0
121.0 125.0
202.0 73.0
214.0 50.0
132.0 48.0
125.0 223.0
90.0 7.0
213.0 193.0
133.0 42.0
153.0 9.0
54.0 26.0
178.0 220.0
129.0 145.0
192.0 40.0
216.0 62.0
236.0 225.0
233.0 96.0
95.0 204.0
43.0 198.0
152.0 137.0
184.0 221.0
152.0 71.0
105.0 157.0
103.0 22.0
174.0 190.0
97.0 215.0
41.0 114.0
170.0 238.0
213.0 137.0
112.0 194.0
80.0 159.0
177.0 7.0
96.0 255.0
31.0 36.0
247.0 37.0
248.0 86.0
130.0 234.0
45.0 89.0
140.0 77.0
215.0 112.0
233.0 184.0
71.0 164.0
132.0 149.0
227.0 31.0
47.0 167.0
154.0 23.0
167.0 33.0
229.0 213.0
152.0 193.0
45.0 163.0
199.0 86.0
143.0 153.0
60.0 77.0
18.0 207.0
234.0 70.0
152.0 105.0
56.0 19.0
139.0 59.0
40.0 15.0
196.0 50.0
70.0 43.0
46.0 207.0
182.0 254.0
76.0 82.0
149.0 160.0
135.0 18.0
231.0 7.0
6.0 163.0
191.0 126.0
29.0 175.0
51.0 102.0
40.0 30.0
62.0 195.0
221.0 122.0
17.0 15.0
188.0 190.0
202.0 208.0
218.0 137.0
44.0 61.0
144.0 123.0
105.0 163.0
124.0 175.0
70.0 122.0
238.0 31.0
69.0 145.0
233.0 87.0
73.0 58.0
216.0 59.0
53.0 232.0
37.0 97.0
60.0 129.0
250.0 70.0
36.0 243.0
25.0 165.0
98.0 110.0
45.0 121.0
22.0 225.0
120.0 110.0
34.0 185.0
161.0 10.0
11.0 39.0
162.0 121.0
46.0 249.0
177.0 29.0
144.0 167.0
56.0 7.0
111.0 7.0
86.0 18.0
37.0 133.0
171.0 112.0
40.0 247.0
23.0 138.0
58.0 155.0
187.0 210.0
231.0 132.0
215.0 197.0
50.0 118.0
186.0 54.0
178.0 174.0
29.0 176.0
216.0 66.0
184.0 165.0
237.0 248.0
242.0 93.0
229.0 23.0
169.0 32.0
137.0 253.0
152.0 39.0
242.0 39.0
60.0 31.0
242.0 88.0
154.0 49.0
131.0 109.0
193.0 27.0
81.0 30.0
168.0 170.0
115.0 42.0
217.0 185.0
87.0 137.0
41.0 90.0
150.0 212.0
27.0 210.0
145.0 108.0
24.0 231.0
159.0 6.0
83.0 51.0
82.0 138.0
243.0 142.0
51.0 149.0
45.0 38.0
216.0 206.0
249.0 103.0
92.0 248.0
34.0 230.0
87.0 171.0
45.0 48.0
41.0 185.0
195.0 177.0
28.0 250.0
201.0 181.0
148.0 237.0
154.0 189.0
136.0 58.0
200.0 164.0
171.0 61.0
24.0 217.0
88.0 58.0
106.0 255.0
248.0 144.0
39.0 27.0
130.0 52.0
242.0 255.0
42.0 102.0
17.0 220.0
138.0 75.0
163.0 172.0
247.0 223.0
174.0 43.0
101.0 104.0
140.0 193.0
88.0 101.0
15.0 66.0
198.0 159.0
218.0 98.0
230.0 247.0
114.0 121.0
23.0 201.0
239.0 4.0
143.0 60.0
168.0 126.0
166.0 205.0
241.0 57.0
134.0 14.0
234.0 173.0
194.0 249.0
29.0 188.0
100.0 210.0
220.0 232.0
229.0 52.0
133.0 60.0
174.0 151.0
48.0 142.0
184.0 25.0
216.0 116.0
118.0 109.0
104.0 213.0
90.0 235.0
74.0 25.0
84.0 241.0
72.0 88.0
87.0 196.0
119.0 252.0
140.0 42.0
87.0 253.0
251.0 17.0
192.0 29.0
163.0 21.0
11.0 49.0
90.0 151.0
112.0 171.0
233.0 248.0
253.0 59.0
115.0 8.0
52.0 100.0
152.0 115.0
8.0 13.0
102.0 137.0
148.0 148.0
227.0 199.0
13.0 77.0
153.0 74.0
197.0 103.0
156.0 112.0
214.0 150.0
209.0 211.0
75.0 47.0
182.0 191.0
214.0 38.0
121.0 97.0
254.0 152.0
127.0 181.0
145.0 148.0
163.0 14.0
34.0 43.0
155.0 255.0
38.0 60.0
104.0 240.0
116.0 114.0
186.0 18.0
132.0 98.0
215.0 83.0
156.0 147.0
39.0 120.0
206.0 58.0
107.0 84.0
155.0 158.0
219.0 87.0
62.0 174.0
238.0 17.0
75.0 31.0
198.0 254.0
38.0 226.0
232.0 38.0
36.0 124.0
66.0 188.0
191.0 158.0
169.0 153.0
5.0 183.0
194.0 196.0
6.0 75.0
139.0 68.0
63.0 205.0
11.0 81.0
11.0 253.0
29.0 104.0
136.0 124.0
43.0 226.0
174.0 33.0
89.0 7.0
102.0 187.0
76.0 178.0
204.0 216.0
221.0 72.0
72.0 167.0
61.0 68.0
144.0 108.0
43.0 157.0
62.0 253.0
153.0 30.0
115.0 53.0
178.0 249.0
104.0 21.0
250.0 190.0
91.0 119.0
76.0 208.0
203.0 105.0
159.0 158.0
81.0 30.0
49.0 17.0
36.0 176.0
15.0 127.0
104.0 234.0
100.0 233.0
221.0 135.0
54.0 166.0
50.0 238.0
205.0 209.0
73.0 118.0
180.0 156.0
97.0 69.0
152.0 227.0
188.0 186.0
118.0 181.0
15.0 238.0
62.0 195.0
18.0 106.0
84.0 11.0
18.0 106.0
242.0 219.0
24.0 77.0
83.0 100.0
10.0 239.0
205.0 17.0
46.0 7.0
210.0 151.0
131.0 166.0
19.0 195.0
42.0 254.0
59.0 169.0
180.0 120.0
90.0 102.0
18.0 186.0
156.0 123.0
109.0 202.0
247.0 80.0
69.0 190.0
10.0 82.0
141.0 250.0
42.0 10.0
133.0 237.0
157.0 204.0
189.0 151.0
83.0 32.0
95.0 153.0
85.0 195.0
175.0 110.0
80.0 34.0
112.0 229.0
166.0 131.0
136.0 95.0
189.0 69.0
22.0 242.0
203.0 5.0
228.0 252.0
48.0 71.0
232.0 72.0
244.0 121.0
28.0 237.0
134.0 217.0
203.0 13.0
251.0 225.0
220.0 41.0
46.0 89.0
144.0 145.0
38.0 227.0
91.0 198.0
123.0 8.0
54.0 159.0
70.0 160.0
162.0 248.0
210.0 140.0
250.0 7.0
30.0 236.0
112.0 107.0
40.0 30.0
213.0 248.0
249.0 134.0
103.0 161.0
9.0 182.0
175.0 191.0
139.0 138.0
148.0 27.0
41.0 29.0
38.0 30.0
7.0 252.0
120.0 45.0
131.0 228.0
16.0 13.0
112.0 166.0
58.0 177.0
212.0 83.0
138.0 62.0
106.0 205.0
127.0 143.0
188.0 43.0
180.0 240.0
226.0 131.0
98.0 215.0
58.0 87.0
241.0 126.0
99.0 153.0
8.0 248.0
208.0 167.0
6.0 46.0
68.0 78.0
73.0 105.0
27.0 54.0
112.0 225.0
130.0 148.0
44.0 89.0
209.0 235.0
237.0 29.0
124.0 14.0
57.0 10.0
119.0 217.0
32.0 142.0
54.0 155.0
168.0 17.0
86.0 123.0
17.0 64.0
160.0 184.0
164.0 44.0
36.0 210.0
90.0 59.0
106.0 99.0
19.0 33.0
41.0 154.0
231.0 179.0
193.0 161.0
148.0 38.0
179.0 43.0
58.0 222.0
157.0 243.0
66.0 82.0
103.0 106.0
127.0 31.0
12.0 13.0
61.0 155.0
159.0 157.0
37.0 207.0
243.0 130.0
52.0 209.0
