1
512 1 3.0 0.0 1000.0 3 160 240 100

6.5 13.5 29.3 58.5
13.0 27.0 58.5 117.0
19.5 40.5 87.8 175.5
26.0 54.0 117.0 234.0
39.0 81.0 175.5 351.0
52.0 108.0 234.0 468.0
58.5 121.5 263.3 526.5
65.0 135.0 292.5 585.0
78.0 162.0 351.0 702.0
0.0 180.0 390.0 780.0

2.0 5.0 8.0 11.0
5.0 8.0 11.0 14.0
9.0 12.0 15.0 18.0
11.0 14.0 17.0 20.0
15.0 18.0 21.0 24.0
18.0 21.0 24.0 27.0
20.0 23.0 26.0 29.0
25.0 28.0 31.0 34.0
29.0 32.0 35.0 38.0
0.0 34.0 37.0 40.0

200.0 88.0
91.0 92.0
75.0 154.0
39.0 94.0
218.0 175.0
212.0 127.0
60.0 181.0
164.0 223.0
195.0 212.0
83.0 167.0
157.0 128.0
116.0 142.0
113.0 190.0
243.0 160.0
228.0 73.0
217.0 227.0
29.0 65.0
188.0 17.0
136.0 234.0
167.0 119.0
79.0 175.0
63.0 22.0
194.0 20.0
80.0 22.0
169.0 186.0
77.0 68.0
132.0 166.0
57.0 149.0
226.0 214.0
11.0 79.0
169.0 110.0
160.0 166.0
140.0 229.0
193.0 11.0
101.0 216.0
172.0 25.0
23.0 130.0
73.0 51.0
10.0 225.0
14.0 53.0
150.0 106.0
13.0 129.0
224.0 59.0
194.0 181.0
218.0 162.0
174.0 135.0
151.0 104.0
161.0 170.0
39.0 190.0
124.0 202.0
121.0 93.0
195.0 234.0
55.0 197.0
37.0 184.0
91.0 218.0
203.0 164.0
31.0 81.0
114.0 214.0
120.0 97.0
44.0 85.0
68.0 67.0
102.0 196.0
198.0 211.0
14.0 230.0
54.0 184.0
24.0 130.0
95.0 202.0
117.0 84.0
176.0 160.0
13.0 124.0
73.0 145.0
235.0 54.0
122.0 100.0
108.0 231.0
108.0 169.0
86.0 6.0
98.0 91.0
155.0 237.0
230.0 66.0
88.0 72.0
28.0 81.0
163.0 11.0
122.0 236.0
3.0 88.0
77.0 188.0
20.0 57.0
86.0 128.0
245.0 39.0
99.0 41.0
166.0 140.0
20.0 21.0
210.0 137.0
166.0 37.0
122.0 98.0
12.0 35.0
21.0 163.0
17.0 140.0
228.0 238.0
191.0 246.0
52.0 188.0
83.0 94.0
233.0 169.0
202.0 32.0
112.0 53.0
197.0 173.0
104.0 211.0
178.0 13.0
158.0 235.0
116.0 105.0
175.0 245.0
97.0 227.0
166.0 222.0
233.0 22.0
22.0 146.0
131.0 152.0
36.0 18.0
103.0 91.0
178.0 145.0
129.0 212.0
150.0 161.0
154.0 172.0
72.0 29.0
89.0 127.0
222.0 124.0
217.0 148.0
55.0 25.0
21.0 1.0
39.0 223.0
241.0 41.0
157.0 13.0
53.0 2.0
1.0 156.0
69.0 51.0
177.0 182.0
157.0 30.0
59.0 64.0
159.0 121.0
5.0 7.0
141.0 227.0
187.0 205.0
115.0 182.0
25.0 174.0
3.0 222.0
7.0 156.0
152.0 179.0
250.0 74.0
44.0 227.0
210.0 139.0
136.0 12.0
43.0 246.0
104.0 108.0
116.0 106.0
47.0 24.0
65.0 140.0
48.0 63.0
29.0 210.0
22.0 146.0
61.0 76.0
133.0 20.0
244.0 36.0
73.0 87.0
119.0 22.0
118.0 148.0
89.0 213.0
126.0 186.0
25.0 77.0
9.0 87.0
121.0 35.0
243.0 59.0
87.0 12.0
46.0 32.0
108.0 216.0
168.0 153.0
47.0 19.0
73.0 50.0
164.0 159.0
47.0 98.0
228.0 24.0
157.0 240.0
168.0 98.0
221.0 218.0
7.0 202.0
79.0 135.0
94.0 8.0
208.0 90.0
24.0 58.0
85.0 185.0
117.0 149.0
240.0 5.0
225.0 206.0
250.0 244.0
128.0 107.0
1.0 232.0
131.0 221.0
105.0 133.0
35.0 238.0
164.0 193.0
197.0 189.0
136.0 203.0
220.0 101.0
133.0 171.0
143.0 67.0
30.0 235.0
20.0 39.0
81.0 195.0
134.0 9.0
51.0 75.0
130.0 13.0
190.0 206.0
170.0 242.0
169.0 122.0
24.0 68.0
198.0 141.0
77.0 153.0
58.0 37.0
42.0 65.0
138.0 56.0
222.0 195.0
102.0 62.0
7.0 37.0
134.0 171.0
61.0 229.0
22.0 63.0
249.0 61.0
145.0 189.0
167.0 205.0
9.0 176.0
160.0 15.0
14.0 50.0
99.0 21.0
227.0 181.0
158.0 84.0
212.0 208.0
240.0 216.0
73.0 225.0
180.0 161.0
138.0 87.0
230.0 105.0
56.0 30.0
91.0 250.0
115.0 62.0
122.0 234.0
184.0 196.0
113.0 7.0
198.0 121.0
125.0 32.0
225.0 238.0
168.0 33.0
164.0 54.0
77.0 38.0
215.0 217.0
6.0 63.0
73.0 66.0
5.0 68.0
95.0 110.0
234.0 147.0
16.0 175.0
157.0 208.0
101.0 21.0
131.0 232.0
173.0 25.0
128.0 250.0
28.0 127.0
116.0 239.0
63.0 243.0
210.0 204.0
242.0 226.0
7.0 33.0
105.0 207.0
80.0 2.0
73.0 9.0
176.0 149.0
121.0 106.0
212.0 23.0
206.0 185.0
245.0 146.0
146.0 164.0
134.0 68.0
201.0 90.0
188.0 231.0
187.0 157.0
153.0 153.0
7.0 137.0
206.0 8.0
32.0 89.0
173.0 1.0
111.0 7.0
25.0 237.0
10.0 165.0
240.0 101.0
182.0 180.0
211.0 231.0
55.0 174.0
169.0 220.0
94.0 200.0
155.0 8.0
217.0 164.0
158.0 227.0
196.0 47.0
77.0 78.0
229.0 33.0
229.0 126.0
212.0 223.0
202.0 237.0
14.0 157.0
151.0 145.0
143.0 207.0
204.0 1.0
11.0 187.0
203.0 34.0
38.0 121.0
70.0 38.0
183.0 132.0
157.0 180.0
25.0 16.0
234.0 245.0
92.0 110.0
105.0 164.0
209.0 117.0
129.0 76.0
160.0 138.0
10.0 147.0
80.0 189.0
15.0 10.0
245.0 88.0
96.0 196.0
40.0 113.0
213.0 20.0
158.0 180.0
208.0 184.0
183.0 80.0
131.0 181.0
237.0 144.0
25.0 136.0
205.0 1.0
181.0 41.0
116.0 169.0
231.0 149.0
55.0 27.0
245.0 114.0
54.0 20.0
42.0 1.0
225.0 40.0
37.0 142.0
203.0 191.0
191.0 87.0
31.0 6.0
3.0 238.0
190.0 226.0
17.0 53.0
24.0 44.0
123.0 34.0
137.0 81.0
22.0 247.0
149.0 106.0
2.0 221.0
245.0 147.0
19.0 114.0
38.0 131.0
111.0 88.0
65.0 67.0
3.0 173.0
43.0 52.0
67.0 199.0
87.0 217.0
115.0 176.0
152.0 34.0
65.0 85.0
10.0 224.0
79.0 100.0
155.0 57.0
95.0 58.0
80.0 155.0
227.0 81.0
183.0 232.0
66.0 44.0
121.0 238.0
2.0 167.0
4.0 222.0
211.0 44.0
117.0 9.0
51.0 20.0
186.0 132.0
148.0 103.0
248.0 235.0
34.0 189.0
23.0 10.0
231.0 171.0
224.0 17.0
39.0 80.0
71.0 71.0
44.0 211.0
70.0 170.0
206.0 245.0
203.0 24.0
195.0 202.0
218.0 30.0
199.0 118.0
27.0 130.0
248.0 141.0
39.0 36.0
150.0 74.0
57.0 105.0
207.0 187.0
187.0 245.0
195.0 185.0
16.0 9.0
139.0 57.0
135.0 123.0
233.0 40.0
134.0 233.0
91.0 62.0
22.0 4.0
25.0 24.0
75.0 214.0
164.0 148.0
187.0 99.0
14.0 152.0
111.0 1.0
108.0 70.0
21.0 153.0
246.0 120.0
179.0 54.0
91.0 76.0
3.0 155.0
1.0 153.0
184.0 142.0
235.0 229.0
50.0 210.0
26.0 71.0
175.0 213.0
67.0 231.0
61.0 200.0
234.0 164.0
30.0 128.0
4.0 131.0
16.0 108.0
249.0 17.0
14.0 114.0
239.0 51.0
20.0 136.0
171.0 154.0
81.0 73.0
163.0 34.0
158.0 235.0
183.0 132.0
63.0 115.0
195.0 158.0
36.0 178.0
136.0 204.0
102.0 202.0
139.0 33.0
143.0 46.0
216.0 178.0
212.0 6.0
207.0 53.0
142.0 2.0
91.0 99.0
92.0 134.0
67.0 37.0
232.0 235.0
149.0 125.0
60.0 71.0
48.0 122.0
194.0 192.0
205.0 225.0
245.0 227.0
133.0 52.0
2.0 222.0
54.0 77.0
149.0 215.0
107.0 209.0
124.0 13.0
246.0 31.0
216.0 230.0
231.0 41.0
134.0 195.0
197.0 20.0
21.0 152.0
83.0 245.0
13.0 232.0
33.0 50.0
211.0 7.0
175.0 81.0
14.0 225.0
15.0 122.0
79.0 152.0
228.0 200.0
218.0 13.0
198.0 239.0
129.0 65.0
232.0 96.0
146.0 183.0
168.0 102.0
22.0 109.0
160.0 84.0
68.0 121.0
14.0 126.0
24.0 151.0
215.0 142.0
122.0 229.0
139.0 160.0
79.0 160.0
236.0 25.0
119.0 184.0
35.0 20.0
128.0 155.0
134.0 9.0
165.0 108.0
162.0 221.0
65.0 129.0
237.0 144.0

205.0 93.0
96.0 97.0
80.0 160.0
45.0 99.0
223.0 180.0
217.0 132.0
64.0 186.0
169.0 229.0
200.0 216.0
88.0 171.0
161.0 133.0
121.0 148.0
117.0 196.0
248.0 165.0
234.0 78.0
221.0 231.0
35.0 69.0
192.0 22.0
142.0 239.0
172.0 123.0
85.0 180.0
68.0 27.0
199.0 24.0
85.0 27.0
174.0 191.0
82.0 72.0
137.0 172.0
63.0 153.0
231.0 220.0
17.0 85.0
174.0 115.0
165.0 171.0
145.0 234.0
197.0 16.0
105.0 221.0
177.0 30.0
27.0 135.0
77.0 57.0
14.0 231.0
18.0 59.0
156.0 112.0
18.0 134.0
230.0 64.0
198.0 186.0
223.0 167.0
178.0 139.0
156.0 109.0
166.0 175.0
44.0 195.0
128.0 208.0
126.0 98.0
199.0 240.0
60.0 203.0
42.0 189.0
96.0 223.0
208.0 170.0
35.0 87.0
120.0 219.0
125.0 101.0
50.0 89.0
73.0 71.0
108.0 202.0
204.0 216.0
19.0 235.0
60.0 189.0
30.0 135.0
100.0 207.0
121.0 89.0
181.0 165.0
17.0 130.0
78.0 150.0
240.0 59.0
127.0 105.0
113.0 235.0
112.0 175.0
91.0 10.0
103.0 95.0
160.0 243.0
234.0 72.0
93.0 76.0
32.0 87.0
169.0 16.0
127.0 242.0
8.0 93.0
82.0 194.0
25.0 62.0
91.0 133.0
250.0 44.0
103.0 45.0
170.0 145.0
26.0 26.0
216.0 143.0
171.0 43.0
127.0 104.0
18.0 41.0
27.0 168.0
21.0 144.0
232.0 243.0
196.0 252.0
56.0 193.0
88.0 100.0
238.0 174.0
207.0 37.0
118.0 57.0
202.0 178.0
109.0 215.0
184.0 17.0
164.0 239.0
121.0 110.0
180.0 250.0
102.0 231.0
171.0 227.0
237.0 28.0
28.0 151.0
135.0 157.0
42.0 23.0
108.0 95.0
182.0 151.0
134.0 217.0
155.0 167.0
160.0 178.0
78.0 33.0
94.0 132.0
228.0 129.0
223.0 153.0
59.0 31.0
27.0 5.0
44.0 229.0
246.0 45.0
162.0 17.0
59.0 7.0
7.0 161.0
73.0 55.0
181.0 186.0
162.0 36.0
64.0 69.0
164.0 125.0
10.0 12.0
146.0 232.0
191.0 210.0
120.0 187.0
30.0 178.0
7.0 227.0
11.0 161.0
157.0 184.0
254.0 79.0
48.0 231.0
216.0 143.0
142.0 16.0
48.0 251.0
108.0 112.0
121.0 111.0
51.0 29.0
70.0 144.0
53.0 67.0
33.0 214.0
26.0 151.0
66.0 81.0
139.0 24.0
249.0 41.0
79.0 93.0
124.0 27.0
123.0 154.0
93.0 218.0
131.0 192.0
30.0 83.0
14.0 93.0
125.0 40.0
248.0 64.0
91.0 17.0
52.0 38.0
113.0 222.0
174.0 158.0
52.0 24.0
79.0 55.0
169.0 164.0
51.0 104.0
233.0 30.0
163.0 245.0
174.0 103.0
225.0 224.0
11.0 208.0
85.0 140.0
98.0 14.0
213.0 95.0
29.0 63.0
89.0 190.0
122.0 155.0
245.0 10.0
231.0 211.0
256.0 249.0
133.0 113.0
6.0 237.0
136.0 225.0
110.0 139.0
40.0 244.0
169.0 198.0
201.0 194.0
141.0 207.0
225.0 106.0
137.0 175.0
148.0 72.0
36.0 239.0
24.0 45.0
85.0 199.0
138.0 14.0
57.0 80.0
134.0 19.0
194.0 211.0
175.0 246.0
175.0 128.0
29.0 73.0
203.0 146.0
82.0 158.0
62.0 43.0
47.0 70.0
142.0 61.0
226.0 200.0
107.0 68.0
11.0 42.0
140.0 176.0
66.0 233.0
27.0 68.0
254.0 65.0
151.0 194.0
172.0 210.0
13.0 180.0
166.0 19.0
19.0 56.0
103.0 26.0
232.0 186.0
164.0 89.0
216.0 214.0
245.0 221.0
79.0 229.0
185.0 166.0
143.0 91.0
236.0 110.0
61.0 35.0
96.0 254.0
121.0 68.0
127.0 239.0
189.0 201.0
119.0 12.0
203.0 126.0
131.0 38.0
231.0 243.0
174.0 37.0
170.0 59.0
82.0 43.0
219.0 222.0
11.0 69.0
77.0 70.0
9.0 73.0
99.0 114.0
239.0 152.0
21.0 180.0
162.0 212.0
106.0 26.0
136.0 237.0
179.0 30.0
133.0 255.0
34.0 133.0
120.0 245.0
68.0 249.0
216.0 210.0
246.0 230.0
13.0 37.0
111.0 212.0
85.0 8.0
77.0 14.0
181.0 155.0
125.0 112.0
216.0 29.0
211.0 191.0
249.0 151.0
150.0 168.0
138.0 74.0
207.0 94.0
193.0 236.0
193.0 161.0
158.0 158.0
12.0 142.0
210.0 13.0
37.0 94.0
179.0 6.0
116.0 11.0
30.0 241.0
15.0 170.0
245.0 107.0
188.0 185.0
216.0 236.0
59.0 179.0
173.0 226.0
100.0 205.0
161.0 14.0
223.0 169.0
162.0 233.0
201.0 52.0
83.0 83.0
234.0 38.0
234.0 131.0
217.0 228.0
206.0 242.0
19.0 161.0
156.0 149.0
149.0 211.0
208.0 5.0
16.0 191.0
209.0 40.0
43.0 127.0
74.0 43.0
188.0 137.0
162.0 184.0
31.0 21.0
238.0 250.0
98.0 115.0
109.0 169.0
214.0 122.0
135.0 81.0
165.0 143.0
15.0 152.0
84.0 195.0
20.0 14.0
249.0 93.0
102.0 201.0
46.0 119.0
218.0 26.0
163.0 185.0
213.0 190.0
188.0 85.0
136.0 185.0
242.0 149.0
30.0 140.0
209.0 6.0
186.0 46.0
122.0 174.0
236.0 154.0
60.0 31.0
250.0 118.0
58.0 26.0
47.0 5.0
231.0 44.0
42.0 147.0
209.0 197.0
195.0 92.0
37.0 12.0
7.0 243.0
196.0 232.0
23.0 57.0
29.0 50.0
128.0 40.0
141.0 87.0
28.0 251.0
154.0 112.0
6.0 227.0
249.0 152.0
24.0 119.0
43.0 136.0
117.0 93.0
71.0 72.0
8.0 178.0
47.0 58.0
72.0 205.0
91.0 223.0
121.0 181.0
157.0 38.0
70.0 90.0
16.0 230.0
84.0 106.0
160.0 62.0
100.0 62.0
84.0 160.0
231.0 86.0
187.0 237.0
71.0 49.0
126.0 243.0
8.0 171.0
10.0 227.0
216.0 49.0
123.0 13.0
56.0 26.0
191.0 138.0
153.0 107.0
253.0 239.0
40.0 194.0
27.0 16.0
236.0 176.0
228.0 21.0
45.0 85.0
76.0 76.0
48.0 216.0
75.0 175.0
211.0 250.0
207.0 29.0
200.0 206.0
222.0 35.0
204.0 123.0
33.0 136.0
252.0 147.0
43.0 41.0
156.0 79.0
61.0 111.0
212.0 192.0
192.0 251.0
200.0 190.0
21.0 14.0
145.0 62.0
140.0 127.0
238.0 45.0
140.0 237.0
96.0 67.0
27.0 9.0
30.0 29.0
80.0 220.0
169.0 154.0
192.0 105.0
20.0 157.0
117.0 5.0
113.0 75.0
25.0 158.0
252.0 125.0
183.0 58.0
96.0 81.0
7.0 159.0
6.0 158.0
190.0 147.0
241.0 234.0
55.0 215.0
31.0 75.0
179.0 217.0
73.0 235.0
67.0 205.0
238.0 170.0
35.0 134.0
9.0 137.0
22.0 114.0
253.0 23.0
19.0 120.0
244.0 57.0
25.0 142.0
177.0 158.0
85.0 78.0
167.0 39.0
163.0 241.0
188.0 136.0
68.0 120.0
199.0 162.0
41.0 183.0
141.0 208.0
107.0 208.0
145.0 39.0
148.0 51.0
222.0 183.0
217.0 11.0
213.0 59.0
147.0 7.0
96.0 104.0
97.0 139.0
71.0 42.0
236.0 239.0
155.0 129.0
64.0 75.0
53.0 126.0
199.0 197.0
211.0 230.0
250.0 232.0
138.0 57.0
7.0 228.0
58.0 83.0
153.0 219.0
111.0 214.0
129.0 17.0
250.0 37.0
220.0 234.0
236.0 45.0
139.0 201.0
202.0 25.0
26.0 157.0
88.0 249.0
18.0 236.0
37.0 55.0
216.0 12.0
180.0 87.0
18.0 230.0
21.0 128.0
85.0 156.0
233.0 205.0
223.0 18.0
203.0 244.0
134.0 70.0
237.0 100.0
150.0 187.0
172.0 108.0
26.0 115.0
164.0 90.0
73.0 126.0
19.0 131.0
29.0 156.0
220.0 146.0
127.0 233.0
145.0 166.0
85.0 164.0
240.0 30.0
125.0 190.0
40.0 25.0
132.0 160.0
139.0 13.0
169.0 114.0
166.0 226.0
71.0 135.0
242.0 149.0
