1
512 1 3.0 0.0 1000.0 3 160 240 100

6.5 13.5 29.3 58.5
13.0 27.0 58.5 117.0
19.5 40.5 87.8 175.5
26.0 54.0 117.0 234.0
39.0 81.0 175.5 351.0
52.0 108.0 234.0 468.0
58.5 121.5 263.3 526.5
65.0 135.0 292.5 585.0
78.0 162.0 351.0 702.0
0.0 180.0 390.0 780.0

2.0 5.0 8.0 11.0
5.0 8.0 11.0 14.0
9.0 12.0 15.0 18.0
11.0 14.0 17.0 20.0
15.0 18.0 21.0 24.0
18.0 21.0 24.0 27.0
20.0 23.0 26.0 29.0
25.0 28.0 31.0 34.0
29.0 32.0 35.0 38.0
0.0 34.0 37.0 40.0

130.0 243.0
215.0 210.0
164.0 65.0
44.0 105.0
209.0 120.0
95.0 89.0
71.0 69.0
117.0 135.0
242.0 11.0
222.0 206.0
228.0 42.0
29.0 148.0
50.0 70.0
81.0 107.0
163.0 77.0
96.0 189.0
121.0 56.0
144.0 125.0
120.0 171.0
165.0 14.0
113.0 247.0
62.0 45.0
13.0 23.0
152.0 148.0
44.0 140.0
80.0 84.0
136.0 174.0
114.0 72.0
47.0 68.0
42.0 67.0
240.0 132.0
222.0 173.0
61.0 109.0
121.0 180.0
123.0 93.0
25.0 76.0
85.0 159.0
138.0 162.0
81.0 144.0
112.0 231.0
125.0 40.0
108.0 74.0
125.0 67.0
63.0 143.0
201.0 30.0
125.0 12.0
65.0 123.0
57.0 99.0
40.0 184.0
216.0 141.0
94.0 182.0
5.0 40.0
89.0 59.0
46.0 176.0
6.0 87.0
98.0 184.0
212.0 242.0
85.0 181.0
158.0 120.0
137.0 37.0
200.0 36.0
129.0 74.0
57.0 192.0
12.0 159.0
221.0 186.0
28.0 191.0
207.0 135.0
227.0 71.0
87.0 26.0
23.0 52.0
72.0 231.0
66.0 159.0
202.0 156.0
41.0 202.0
43.0 80.0
54.0 223.0
75.0 43.0
91.0 242.0
36.0 204.0
72.0 33.0
34.0 158.0
130.0 182.0
83.0 3.0
249.0 8.0
230.0 28.0
18.0 244.0
55.0 184.0
17.0 172.0
103.0 81.0
201.0 238.0
135.0 51.0
197.0 225.0
147.0 151.0
231.0 122.0
162.0 11.0
241.0 138.0
117.0 28.0
12.0 149.0
233.0 194.0
9.0 123.0
53.0 171.0
134.0 201.0
176.0 41.0
194.0 111.0
236.0 207.0
184.0 196.0
29.0 1.0
47.0 125.0
216.0 104.0
148.0 193.0
136.0 205.0
240.0 146.0
19.0 129.0
31.0 65.0
7.0 238.0
22.0 124.0
173.0 214.0
75.0 122.0
40.0 142.0
31.0 243.0
176.0 130.0
196.0 54.0
4.0 22.0
139.0 75.0
15.0 54.0
14.0 68.0
144.0 128.0
198.0 233.0
139.0 195.0
103.0 99.0
40.0 40.0
74.0 169.0
235.0 77.0
93.0 220.0
84.0 82.0
92.0 220.0
195.0 104.0
224.0 112.0
221.0 84.0
249.0 51.0
146.0 61.0
18.0 246.0
50.0 128.0
101.0 92.0
174.0 130.0
150.0 125.0
192.0 140.0
171.0 119.0
102.0 91.0
178.0 224.0
24.0 217.0
19.0 90.0
213.0 55.0
234.0 5.0
166.0 48.0
93.0 116.0
35.0 109.0
65.0 128.0
91.0 69.0
236.0 190.0
65.0 5.0
41.0 227.0
249.0 219.0
227.0 50.0
56.0 17.0
9.0 140.0
47.0 171.0
231.0 51.0
240.0 82.0
114.0 208.0
96.0 169.0
24.0 171.0
119.0 108.0
220.0 15.0
79.0 89.0
137.0 23.0
190.0 74.0
46.0 209.0
114.0 108.0
17.0 7.0
241.0 44.0
148.0 10.0
7.0 95.0
112.0 215.0
72.0 218.0
122.0 44.0
237.0 105.0
224.0 219.0
45.0 155.0
152.0 126.0
86.0 104.0
28.0 129.0
61.0 29.0
22.0 104.0
7.0 46.0
118.0 14.0
107.0 51.0
233.0 165.0
122.0 174.0
214.0 107.0
236.0 190.0
79.0 194.0
224.0 177.0
151.0 121.0
117.0 41.0
79.0 96.0
148.0 70.0
22.0 89.0
19.0 6.0
114.0 179.0
153.0 187.0
104.0 81.0
108.0 118.0
174.0 236.0
168.0 137.0
197.0 181.0
186.0 172.0
65.0 200.0
49.0 125.0
234.0 100.0
239.0 8.0
216.0 242.0
207.0 240.0
63.0 42.0
179.0 96.0
198.0 194.0
237.0 109.0
245.0 211.0
146.0 27.0
100.0 164.0
177.0 12.0
24.0 74.0
246.0 47.0
114.0 229.0
10.0 116.0
67.0 4.0
108.0 7.0
217.0 66.0
55.0 170.0
122.0 187.0
126.0 102.0
78.0 159.0
91.0 70.0
198.0 161.0
16.0 25.0
55.0 203.0
125.0 136.0
162.0 114.0
60.0 164.0
160.0 78.0
150.0 1.0
108.0 62.0
164.0 206.0
124.0 15.0
31.0 227.0
145.0 45.0
108.0 43.0
180.0 96.0
143.0 17.0
206.0 197.0
101.0 79.0
188.0 182.0
138.0 159.0
21.0 77.0
32.0 93.0
231.0 178.0
205.0 77.0
120.0 141.0
35.0 0.0
59.0 238.0
216.0 101.0
244.0 215.0
236.0 168.0
248.0 39.0
112.0 94.0
39.0 100.0
68.0 136.0
205.0 8.0
177.0 58.0
152.0 198.0
25.0 136.0
148.0 109.0
51.0 87.0
118.0 5.0
227.0 15.0
171.0 92.0
128.0 55.0
147.0 129.0
174.0 209.0
37.0 51.0
204.0 150.0
194.0 181.0
66.0 130.0
61.0 179.0
240.0 140.0
194.0 175.0
56.0 83.0
215.0 103.0
146.0 236.0
67.0 71.0
76.0 117.0
81.0 155.0
170.0 192.0
137.0 67.0
88.0 142.0
12.0 223.0
54.0 246.0
89.0 29.0
164.0 236.0
153.0 40.0
56.0 51.0
66.0 179.0
238.0 222.0
169.0 52.0
228.0 193.0
72.0 168.0
187.0 171.0
77.0 227.0
69.0 204.0
6.0 157.0
90.0 193.0
42.0 187.0
176.0 163.0
3.0 28.0
55.0 137.0
20.0 39.0
28.0 34.0
164.0 113.0
230.0 94.0
120.0 18.0
10.0 102.0
77.0 47.0
137.0 51.0
59.0 93.0
77.0 137.0
242.0 137.0
183.0 94.0
94.0 126.0
156.0 159.0
32.0 108.0
244.0 21.0
38.0 236.0
180.0 189.0
56.0 115.0
178.0 2.0
3.0 241.0
124.0 90.0
60.0 134.0
161.0 141.0
237.0 30.0
166.0 144.0
228.0 113.0
207.0 96.0
179.0 23.0
96.0 229.0
23.0 7.0
249.0 98.0
109.0 63.0
103.0 225.0
178.0 71.0
164.0 18.0
18.0 142.0
67.0 20.0
229.0 41.0
106.0 99.0
72.0 63.0
220.0 245.0
190.0 65.0
33.0 223.0
49.0 179.0
61.0 111.0
27.0 26.0
43.0 101.0
115.0 78.0
150.0 225.0
29.0 122.0
149.0 245.0
78.0 87.0
147.0 7.0
212.0 75.0
120.0 112.0
224.0 223.0
232.0 86.0
135.0 107.0
11.0 30.0
138.0 215.0
25.0 45.0
241.0 41.0
249.0 47.0
107.0 226.0
128.0 148.0
114.0 168.0
168.0 69.0
2.0 141.0
175.0 168.0
12.0 243.0
102.0 155.0
247.0 55.0
0.0 193.0
55.0 242.0
162.0 111.0
12.0 79.0
64.0 28.0
205.0 5.0
88.0 246.0
3.0 93.0
0.0 89.0
145.0 129.0
29.0 170.0
215.0 78.0
167.0 135.0
191.0 9.0
142.0 248.0
35.0 130.0
73.0 232.0
114.0 123.0
126.0 108.0
64.0 57.0
54.0 78.0
245.0 209.0
72.0 56.0
33.0 169.0
74.0 40.0
229.0 205.0
3.0 28.0
186.0 136.0
33.0 58.0
75.0 57.0
223.0 214.0
15.0 45.0
193.0 19.0
102.0 56.0
106.0 220.0
205.0 32.0
113.0 233.0
170.0 42.0
201.0 142.0
183.0 102.0
200.0 140.0
69.0 126.0
23.0 183.0
131.0 27.0
23.0 120.0
195.0 43.0
160.0 187.0
94.0 188.0
243.0 24.0
122.0 15.0
63.0 204.0
63.0 236.0
49.0 68.0
217.0 244.0
155.0 233.0
143.0 207.0
218.0 193.0
158.0 170.0
128.0 243.0
202.0 196.0
178.0 37.0
230.0 107.0
50.0 120.0
106.0 240.0
193.0 131.0
40.0 143.0
163.0 143.0
177.0 13.0
57.0 195.0
248.0 167.0
245.0 132.0
250.0 222.0
151.0 165.0
221.0 162.0
158.0 139.0
187.0 75.0
17.0 71.0
208.0 128.0
213.0 43.0
2.0 188.0
43.0 145.0
179.0 14.0
220.0 194.0
195.0 74.0
157.0 27.0
191.0 32.0
102.0 224.0
183.0 71.0
150.0 201.0
165.0 238.0
201.0 135.0
202.0 94.0
240.0 36.0
196.0 233.0
143.0 69.0
52.0 79.0
18.0 50.0
16.0 138.0
144.0 105.0
64.0 7.0
149.0 30.0
239.0 188.0
128.0 228.0
162.0 116.0
191.0 127.0
23.0 98.0
36.0 84.0
139.0 187.0
166.0 55.0
250.0 56.0
196.0 153.0
34.0 30.0
17.0 17.0
124.0 221.0

135.0 248.0
220.0 216.0
169.0 71.0
49.0 110.0
213.0 125.0
100.0 94.0
76.0 74.0
123.0 140.0
248.0 17.0
227.0 211.0
234.0 47.0
33.0 154.0
56.0 76.0
87.0 112.0
168.0 83.0
101.0 194.0
125.0 62.0
149.0 129.0
126.0 177.0
170.0 18.0
118.0 253.0
68.0 51.0
19.0 28.0
157.0 153.0
50.0 144.0
84.0 89.0
142.0 179.0
118.0 76.0
52.0 72.0
46.0 71.0
245.0 137.0
228.0 178.0
66.0 113.0
126.0 185.0
129.0 98.0
29.0 82.0
89.0 164.0
142.0 167.0
86.0 150.0
116.0 236.0
129.0 45.0
113.0 80.0
129.0 72.0
68.0 148.0
207.0 35.0
131.0 17.0
70.0 128.0
62.0 104.0
45.0 189.0
222.0 147.0
100.0 187.0
10.0 45.0
94.0 65.0
52.0 180.0
12.0 91.0
104.0 190.0
217.0 246.0
90.0 187.0
163.0 125.0
142.0 43.0
205.0 40.0
134.0 80.0
63.0 196.0
17.0 163.0
227.0 191.0
34.0 195.0
211.0 140.0
232.0 76.0
92.0 30.0
29.0 56.0
77.0 236.0
72.0 163.0
207.0 161.0
45.0 207.0
47.0 85.0
59.0 228.0
80.0 47.0
95.0 247.0
40.0 209.0
77.0 39.0
38.0 163.0
135.0 186.0
89.0 8.0
253.0 13.0
235.0 33.0
24.0 248.0
59.0 189.0
23.0 178.0
108.0 85.0
207.0 244.0
139.0 57.0
202.0 230.0
152.0 156.0
236.0 127.0
166.0 16.0
247.0 143.0
123.0 32.0
16.0 155.0
238.0 199.0
14.0 129.0
57.0 176.0
139.0 206.0
181.0 46.0
199.0 116.0
241.0 212.0
190.0 201.0
34.0 6.0
51.0 130.0
220.0 109.0
153.0 198.0
140.0 211.0
245.0 151.0
24.0 134.0
36.0 70.0
12.0 243.0
26.0 129.0
178.0 220.0
79.0 126.0
46.0 147.0
36.0 248.0
181.0 135.0
202.0 59.0
9.0 28.0
145.0 81.0
21.0 59.0
20.0 73.0
150.0 132.0
204.0 238.0
144.0 199.0
107.0 103.0
45.0 44.0
78.0 174.0
241.0 82.0
99.0 225.0
89.0 86.0
98.0 225.0
200.0 110.0
230.0 117.0
227.0 89.0
253.0 57.0
150.0 66.0
24.0 252.0
56.0 133.0
107.0 97.0
179.0 135.0
155.0 130.0
196.0 144.0
175.0 124.0
107.0 96.0
183.0 229.0
29.0 223.0
25.0 95.0
217.0 60.0
239.0 10.0
172.0 53.0
99.0 121.0
40.0 114.0
71.0 133.0
96.0 74.0
242.0 195.0
70.0 10.0
45.0 231.0
254.0 224.0
231.0 55.0
60.0 22.0
14.0 144.0
52.0 177.0
235.0 56.0
244.0 88.0
118.0 214.0
100.0 174.0
29.0 176.0
123.0 112.0
225.0 19.0
85.0 94.0
143.0 27.0
194.0 78.0
51.0 213.0
118.0 114.0
23.0 12.0
245.0 49.0
154.0 16.0
13.0 99.0
117.0 220.0
77.0 223.0
127.0 49.0
242.0 110.0
229.0 224.0
51.0 159.0
156.0 132.0
91.0 109.0
34.0 135.0
66.0 35.0
28.0 108.0
12.0 50.0
123.0 19.0
111.0 56.0
237.0 170.0
126.0 180.0
218.0 113.0
241.0 195.0
85.0 199.0
228.0 182.0
156.0 126.0
122.0 45.0
84.0 102.0
153.0 75.0
26.0 94.0
24.0 12.0
120.0 185.0
157.0 191.0
110.0 85.0
113.0 123.0
179.0 242.0
173.0 141.0
203.0 187.0
191.0 178.0
70.0 205.0
55.0 129.0
239.0 105.0
245.0 13.0
222.0 246.0
212.0 245.0
67.0 48.0
185.0 101.0
203.0 200.0
242.0 114.0
251.0 216.0
151.0 32.0
105.0 169.0
182.0 17.0
29.0 79.0
251.0 51.0
119.0 234.0
15.0 122.0
73.0 9.0
112.0 12.0
221.0 70.0
61.0 175.0
127.0 192.0
130.0 108.0
82.0 164.0
95.0 74.0
204.0 166.0
21.0 30.0
60.0 209.0
130.0 140.0
167.0 119.0
64.0 169.0
165.0 84.0
154.0 6.0
113.0 66.0
168.0 211.0
128.0 19.0
36.0 232.0
149.0 50.0
112.0 47.0
186.0 101.0
147.0 22.0
211.0 201.0
107.0 84.0
193.0 187.0
144.0 163.0
25.0 81.0
38.0 98.0
236.0 182.0
209.0 81.0
126.0 145.0
40.0 5.0
63.0 243.0
220.0 106.0
249.0 219.0
241.0 173.0
253.0 44.0
116.0 99.0
45.0 105.0
72.0 141.0
209.0 13.0
183.0 64.0
157.0 203.0
31.0 140.0
153.0 114.0
57.0 93.0
122.0 11.0
232.0 19.0
176.0 97.0
133.0 61.0
153.0 134.0
179.0 214.0
41.0 55.0
210.0 155.0
198.0 185.0
71.0 134.0
65.0 184.0
245.0 145.0
200.0 180.0
61.0 88.0
219.0 108.0
151.0 241.0
71.0 76.0
80.0 121.0
86.0 160.0
176.0 196.0
143.0 72.0
93.0 147.0
16.0 229.0
58.0 251.0
94.0 33.0
169.0 241.0
157.0 45.0
61.0 55.0
72.0 185.0
243.0 227.0
173.0 58.0
232.0 197.0
77.0 173.0
193.0 175.0
83.0 232.0
73.0 209.0
10.0 161.0
94.0 198.0
48.0 192.0
182.0 169.0
7.0 33.0
60.0 143.0
26.0 44.0
33.0 38.0
170.0 119.0
235.0 98.0
126.0 23.0
15.0 106.0
81.0 53.0
142.0 57.0
64.0 97.0
82.0 143.0
247.0 142.0
189.0 98.0
99.0 132.0
160.0 165.0
38.0 113.0
249.0 25.0
43.0 240.0
185.0 194.0
61.0 120.0
184.0 8.0
7.0 246.0
129.0 94.0
64.0 139.0
166.0 147.0
241.0 35.0
171.0 150.0
233.0 119.0
212.0 100.0
184.0 28.0
101.0 234.0
29.0 11.0
255.0 103.0
114.0 67.0
107.0 230.0
183.0 75.0
168.0 24.0
24.0 148.0
72.0 26.0
233.0 47.0
111.0 105.0
77.0 68.0
225.0 250.0
194.0 70.0
38.0 228.0
55.0 184.0
66.0 117.0
31.0 31.0
49.0 106.0
120.0 82.0
155.0 231.0
33.0 126.0
155.0 250.0
82.0 92.0
152.0 13.0
216.0 81.0
125.0 117.0
229.0 229.0
238.0 92.0
141.0 111.0
16.0 36.0
143.0 219.0
31.0 50.0
245.0 46.0
254.0 51.0
113.0 230.0
133.0 153.0
119.0 172.0
174.0 73.0
7.0 147.0
180.0 173.0
16.0 249.0
106.0 160.0
252.0 59.0
5.0 198.0
59.0 247.0
167.0 116.0
16.0 84.0
70.0 32.0
209.0 10.0
94.0 251.0
7.0 98.0
4.0 93.0
149.0 134.0
34.0 175.0
220.0 82.0
171.0 140.0
197.0 13.0
148.0 254.0
40.0 135.0
78.0 236.0
119.0 128.0
131.0 113.0
69.0 61.0
58.0 83.0
250.0 214.0
76.0 62.0
37.0 174.0
78.0 45.0
233.0 209.0
8.0 33.0
191.0 141.0
37.0 63.0
80.0 62.0
229.0 219.0
21.0 50.0
198.0 25.0
108.0 62.0
110.0 226.0
211.0 36.0
118.0 238.0
174.0 48.0
206.0 146.0
189.0 107.0
205.0 145.0
73.0 130.0
28.0 188.0
136.0 32.0
27.0 124.0
199.0 48.0
166.0 192.0
99.0 193.0
247.0 29.0
127.0 19.0
67.0 208.0
68.0 240.0
53.0 72.0
223.0 250.0
159.0 237.0
148.0 213.0
224.0 197.0
163.0 175.0
132.0 248.0
207.0 202.0
183.0 42.0
234.0 112.0
55.0 125.0
110.0 245.0
199.0 136.0
45.0 148.0
168.0 149.0
183.0 17.0
62.0 201.0
253.0 173.0
250.0 138.0
255.0 226.0
155.0 169.0
227.0 166.0
163.0 143.0
192.0 79.0
22.0 75.0
214.0 133.0
218.0 48.0
7.0 194.0
49.0 150.0
184.0 18.0
224.0 200.0
201.0 79.0
161.0 32.0
197.0 36.0
107.0 229.0
188.0 76.0
155.0 206.0
170.0 243.0
207.0 141.0
206.0 99.0
246.0 41.0
201.0 238.0
148.0 73.0
57.0 85.0
22.0 56.0
21.0 144.0
149.0 110.0
70.0 12.0
154.0 35.0
244.0 192.0
133.0 234.0
168.0 121.0
196.0 131.0
29.0 104.0
40.0 89.0
144.0 193.0
172.0 61.0
255.0 60.0
201.0 158.0
39.0 34.0
22.0 23.0
130.0 227.0
