1
512 1 3.0 0.0 1000.0 3 160 240 100

6.5 13.5 29.3 58.5
13.0 27.0 58.5 117.0
19.5 40.5 87.8 175.5
26.0 54.0 117.0 234.0
39.0 81.0 175.5 351.0
52.0 108.0 234.0 468.0
58.5 121.5 263.3 526.5
65.0 135.0 292.5 585.0
78.0 162.0 351.0 702.0
0.0 180.0 390.0 780.0

2.0 5.0 8.0 11.0
5.0 8.0 11.0 14.0
9.0 12.0 15.0 18.0
11.0 14.0 17.0 20.0
15.0 18.0 21.0 24.0
18.0 21.0 24.0 27.0
20.0 23.0 26.0 29.0
25.0 28.0 31.0 34.0
29.0 32.0 35.0 38.0
0.0 34.0 37.0 40.0

97.0 90.0
213.0 238.0
5.0 218.0
226.0 191.0
175.0 111.0
203.0 116.0
138.0 181.0
171.0 122.0
79.0 86.0
149.0 113.0
102.0 144.0
214.0 40.0
158.0 29.0
105.0 187.0
141.0 143.0
146.0 203.0
238.0 170.0
109.0 128.0
149.0 105.0
159.0 5.0
130.0 111.0
126.0 221.0
129.0 138.0
139.0 23.0
63.0 32.0
214.0 228.0
146.0 178.0
234.0 214.0
190.0 57.0
26.0 67.0
160.0 108.0
83.0 110.0
33.0 162.0
43.0 58.0
112.0 230.0
71.0 148.0
234.0 248.0
143.0 121.0
129.0 224.0
0.0 16.0
3.0 250.0
146.0 43.0
235.0 193.0
35.0 119.0
122.0 167.0
196.0 191.0
190.0 204.0
61.0 72.0
143.0 129.0
123.0 44.0
74.0 163.0
70.0 58.0
148.0 131.0
139.0 177.0
2.0 186.0
208.0 210.0
196.0 51.0
11.0 61.0
88.0 55.0
102.0 117.0
85.0 92.0
79.0 64.0
31.0 165.0
92.0 95.0
49.0 7.0
236.0 16.0
214.0 69.0
4.0 85.0
26.0 244.0
14.0 228.0
163.0 245.0
68.0 70.0
108.0 125.0
128.0 79.0
20.0 227.0
130.0 114.0
54.0 197.0
124.0 50.0
134.0 201.0
10.0 167.0
249.0 117.0
243.0 76.0
159.0 214.0
154.0 6.0
213.0 209.0
130.0 101.0
21.0 103.0
182.0 175.0
68.0 50.0
10.0 195.0
144.0 33.0
226.0 69.0
45.0 235.0
214.0 129.0
43.0 6.0
172.0 21.0
203.0 171.0
173.0 10.0
179.0 227.0
186.0 27.0
191.0 38.0
3.0 118.0
178.0 198.0
144.0 222.0
214.0 48.0
64.0 67.0
60.0 159.0
98.0 1.0
53.0 108.0
112.0 155.0
90.0 14.0
147.0 138.0
27.0 28.0
171.0 37.0
130.0 105.0
90.0 45.0
19.0 147.0
1.0 105.0
120.0 212.0
237.0 41.0
190.0 245.0
33.0 171.0
55.0 162.0
6.0 249.0
3.0 120.0
151.0 112.0
91.0 160.0
166.0 5.0
191.0 206.0
190.0 78.0
153.0 219.0
127.0 153.0
37.0 109.0
38.0 147.0
168.0 84.0
127.0 95.0
90.0 176.0
194.0 57.0
46.0 234.0
201.0 226.0
194.0 239.0
185.0 127.0
43.0 135.0
66.0 128.0
211.0 136.0
190.0 3.0
116.0 79.0
29.0 150.0
53.0 162.0
17.0 98.0
168.0 11.0
57.0 243.0
152.0 46.0
50.0 108.0
28.0 200.0
126.0 179.0
244.0 103.0
32.0 222.0
66.0 146.0
234.0 34.0
97.0 172.0
80.0 146.0
61.0 82.0
186.0 48.0
43.0 220.0
32.0 88.0
189.0 210.0
44.0 246.0
205.0 233.0
28.0 49.0
13.0 34.0
109.0 199.0
36.0 28.0
170.0 74.0
102.0 173.0
55.0 32.0
46.0 98.0
165.0 62.0
149.0 28.0
98.0 77.0
94.0 129.0
56.0 31.0
218.0 176.0
77.0 26.0
114.0 53.0
173.0 201.0
233.0 112.0
58.0 224.0
161.0 15.0
180.0 23.0
106.0 225.0
103.0 221.0
140.0 134.0
93.0 30.0
105.0 124.0
67.0 199.0
103.0 174.0
140.0 134.0
104.0 187.0
54.0 170.0
227.0 12.0
94.0 244.0
81.0 223.0
155.0 50.0
118.0 12.0
194.0 82.0
246.0 102.0
91.0 243.0
40.0 199.0
45.0 68.0
163.0 240.0
144.0 110.0
216.0 88.0
109.0 152.0
5.0 63.0
238.0 195.0
65.0 64.0
159.0 220.0
57.0 75.0
55.0 89.0
3.0 164.0
89.0 189.0
95.0 149.0
65.0 49.0
178.0 162.0
187.0 184.0
13.0 173.0
74.0 250.0
30.0 60.0
4.0 150.0
84.0 176.0
192.0 47.0
24.0 124.0
191.0 45.0
214.0 52.0
80.0 125.0
209.0 80.0
184.0 222.0
77.0 14.0
96.0 151.0
210.0 107.0
111.0 139.0
244.0 149.0
239.0 62.0
34.0 242.0
31.0 6.0
201.0 205.0
234.0 117.0
65.0 68.0
161.0 13.0
103.0 224.0
160.0 73.0
121.0 81.0
183.0 1.0
163.0 158.0
231.0 129.0
204.0 85.0
29.0 201.0
42.0 82.0
108.0 248.0
57.0 6.0
4.0 171.0
111.0 144.0
125.0 242.0
163.0 249.0
137.0 57.0
215.0 103.0
36.0 236.0
60.0 218.0
122.0 49.0
66.0 112.0
182.0 144.0
89.0 123.0
224.0 156.0
132.0 85.0
177.0 28.0
209.0 204.0
41.0 178.0
159.0 61.0
16.0 219.0
250.0 249.0
227.0 4.0
185.0 153.0
199.0 65.0
227.0 23.0
61.0 98.0
187.0 234.0
26.0 191.0
99.0 234.0
240.0 63.0
227.0 224.0
169.0 147.0
82.0 174.0
9.0 150.0
225.0 108.0
146.0 58.0
160.0 138.0
22.0 85.0
226.0 45.0
87.0 163.0
151.0 16.0
36.0 98.0
57.0 217.0
151.0 109.0
219.0 175.0
79.0 14.0
219.0 28.0
225.0 131.0
193.0 0.0
221.0 54.0
167.0 22.0
35.0 241.0
79.0 233.0
48.0 193.0
85.0 166.0
32.0 47.0
135.0 219.0
247.0 224.0
39.0 99.0
195.0 90.0
130.0 200.0
149.0 141.0
130.0 244.0
103.0 51.0
175.0 17.0
128.0 213.0
23.0 140.0
179.0 231.0
233.0 106.0
204.0 138.0
231.0 128.0
205.0 153.0
195.0 160.0
8.0 137.0
16.0 17.0
249.0 183.0
156.0 75.0
205.0 123.0
50.0 101.0
122.0 24.0
232.0 71.0
17.0 61.0
198.0 153.0
248.0 230.0
88.0 91.0
211.0 157.0
52.0 25.0
58.0 94.0
15.0 128.0
191.0 235.0
90.0 217.0
46.0 55.0
203.0 79.0
45.0 195.0
89.0 59.0
106.0 223.0
72.0 24.0
205.0 154.0
164.0 115.0
28.0 184.0
45.0 41.0
59.0 172.0
52.0 190.0
24.0 170.0
134.0 187.0
170.0 169.0
27.0 62.0
162.0 248.0
215.0 15.0
210.0 155.0
71.0 75.0
82.0 138.0
114.0 16.0
237.0 173.0
156.0 200.0
118.0 46.0
135.0 87.0
198.0 48.0
45.0 203.0
209.0 123.0
145.0 179.0
20.0 92.0
204.0 40.0
207.0 186.0
109.0 221.0
172.0 123.0
224.0 107.0
221.0 79.0
177.0 220.0
77.0 188.0
114.0 211.0
125.0 27.0
212.0 147.0
237.0 100.0
102.0 150.0
89.0 145.0
141.0 234.0
207.0 176.0
50.0 21.0
20.0 186.0
227.0 70.0
36.0 48.0
132.0 120.0
39.0 186.0
174.0 100.0
55.0 159.0
132.0 85.0
110.0 110.0
154.0 180.0
136.0 98.0
243.0 131.0
203.0 140.0
157.0 28.0
37.0 114.0
244.0 13.0
119.0 210.0
27.0 234.0
230.0 214.0
177.0 98.0
88.0 188.0
62.0 170.0
65.0 200.0
148.0 156.0
31.0 54.0
50.0 197.0
154.0 31.0
135.0 14.0
103.0 226.0
119.0 39.0
101.0 127.0
162.0 175.0
142.0 128.0
32.0 192.0
206.0 2.0
235.0 49.0
153.0 158.0
36.0 249.0
7.0 83.0
147.0 159.0
192.0 154.0
152.0 19.0
44.0 110.0
36.0 199.0
43.0 247.0
38.0 56.0
220.0 227.0
68.0 69.0
44.0 224.0
23.0 233.0
130.0 144.0
121.0 13.0
196.0 25.0
220.0 223.0
233.0 246.0
100.0 236.0
186.0 246.0
70.0 33.0
248.0 29.0
243.0 120.0
181.0 28.0
204.0 188.0
139.0 221.0
64.0 173.0
40.0 203.0
233.0 218.0
79.0 232.0
36.0 73.0
54.0 77.0
118.0 51.0
243.0 54.0
161.0 200.0
89.0 219.0
213.0 200.0
90.0 219.0
33.0 7.0
18.0 135.0
132.0 119.0
225.0 217.0
31.0 134.0
56.0 199.0
48.0 87.0
237.0 228.0
7.0 108.0
132.0 221.0
58.0 19.0
130.0 52.0
113.0 36.0
159.0 19.0
238.0 66.0
225.0 109.0
111.0 142.0
98.0 133.0
10.0 118.0
158.0 138.0
77.0 29.0
168.0 36.0
195.0 114.0
90.0 218.0
91.0 52.0
98.0 242.0
133.0 6.0
25.0 226.0
63.0 165.0
29.0 159.0
243.0 13.0
83.0 132.0
56.0 115.0
202.0 90.0
139.0 46.0
131.0 225.0
233.0 122.0
50.0 231.0

101.0 95.0
218.0 243.0
10.0 223.0
232.0 195.0
180.0 115.0
209.0 121.0
143.0 186.0
176.0 128.0
84.0 92.0
154.0 118.0
106.0 149.0
218.0 46.0
164.0 35.0
109.0 193.0
145.0 148.0
150.0 209.0
243.0 175.0
115.0 133.0
153.0 109.0
163.0 10.0
136.0 115.0
130.0 226.0
134.0 143.0
144.0 28.0
68.0 37.0
219.0 234.0
151.0 184.0
240.0 218.0
195.0 62.0
32.0 72.0
165.0 113.0
89.0 115.0
38.0 167.0
49.0 64.0
117.0 236.0
77.0 154.0
240.0 253.0
148.0 126.0
134.0 229.0
5.0 21.0
8.0 255.0
151.0 48.0
240.0 199.0
41.0 124.0
126.0 171.0
202.0 196.0
195.0 209.0
66.0 77.0
149.0 135.0
129.0 49.0
79.0 167.0
74.0 62.0
152.0 136.0
144.0 182.0
7.0 192.0
213.0 215.0
201.0 56.0
16.0 67.0
93.0 61.0
106.0 122.0
89.0 98.0
83.0 70.0
37.0 171.0
97.0 100.0
55.0 11.0
242.0 22.0
220.0 73.0
10.0 89.0
31.0 249.0
18.0 234.0
168.0 249.0
73.0 75.0
113.0 129.0
134.0 84.0
25.0 232.0
135.0 119.0
58.0 201.0
130.0 55.0
139.0 206.0
15.0 173.0
253.0 123.0
248.0 80.0
164.0 220.0
158.0 11.0
219.0 215.0
134.0 106.0
27.0 108.0
187.0 181.0
74.0 56.0
15.0 201.0
149.0 38.0
232.0 74.0
50.0 241.0
219.0 133.0
49.0 12.0
177.0 26.0
207.0 176.0
179.0 16.0
184.0 231.0
192.0 32.0
196.0 42.0
8.0 124.0
182.0 204.0
150.0 227.0
219.0 52.0
70.0 71.0
66.0 164.0
103.0 7.0
58.0 113.0
117.0 160.0
95.0 20.0
152.0 144.0
32.0 33.0
176.0 43.0
135.0 109.0
95.0 50.0
25.0 151.0
6.0 111.0
126.0 217.0
242.0 46.0
195.0 251.0
39.0 175.0
59.0 168.0
12.0 253.0
7.0 125.0
156.0 118.0
96.0 165.0
171.0 10.0
195.0 212.0
194.0 84.0
158.0 224.0
132.0 158.0
43.0 113.0
43.0 153.0
173.0 89.0
132.0 101.0
95.0 180.0
199.0 63.0
51.0 239.0
206.0 230.0
199.0 243.0
190.0 133.0
47.0 141.0
71.0 134.0
216.0 142.0
196.0 7.0
121.0 84.0
34.0 156.0
57.0 168.0
23.0 103.0
173.0 17.0
61.0 248.0
157.0 50.0
56.0 113.0
34.0 205.0
131.0 183.0
249.0 107.0
37.0 227.0
70.0 151.0
238.0 39.0
102.0 177.0
84.0 152.0
65.0 86.0
190.0 53.0
49.0 224.0
37.0 94.0
195.0 214.0
48.0 252.0
211.0 238.0
33.0 54.0
19.0 39.0
114.0 204.0
40.0 33.0
175.0 78.0
107.0 177.0
60.0 38.0
51.0 104.0
170.0 66.0
154.0 34.0
104.0 81.0
99.0 133.0
62.0 36.0
223.0 181.0
81.0 32.0
118.0 58.0
177.0 207.0
239.0 117.0
62.0 229.0
166.0 19.0
185.0 28.0
111.0 229.0
108.0 227.0
146.0 138.0
98.0 34.0
109.0 129.0
72.0 203.0
108.0 179.0
144.0 140.0
109.0 192.0
58.0 176.0
231.0 17.0
100.0 250.0
86.0 228.0
159.0 55.0
122.0 18.0
199.0 87.0
250.0 107.0
95.0 248.0
45.0 205.0
49.0 74.0
168.0 244.0
148.0 116.0
222.0 93.0
114.0 157.0
9.0 69.0
244.0 199.0
70.0 68.0
163.0 224.0
62.0 79.0
60.0 93.0
9.0 168.0
93.0 194.0
101.0 153.0
70.0 54.0
183.0 168.0
192.0 190.0
19.0 179.0
80.0 255.0
35.0 65.0
10.0 156.0
90.0 180.0
198.0 52.0
29.0 129.0
197.0 50.0
220.0 57.0
85.0 130.0
215.0 85.0
189.0 228.0
82.0 18.0
100.0 156.0
215.0 112.0
117.0 144.0
249.0 154.0
244.0 67.0
39.0 247.0
36.0 11.0
206.0 210.0
239.0 122.0
70.0 73.0
166.0 17.0
109.0 229.0
164.0 78.0
127.0 85.0
189.0 7.0
168.0 163.0
237.0 135.0
209.0 91.0
35.0 205.0
47.0 87.0
113.0 253.0
61.0 10.0
9.0 176.0
116.0 148.0
130.0 247.0
167.0 255.0
141.0 62.0
220.0 109.0
41.0 242.0
64.0 223.0
126.0 54.0
72.0 117.0
187.0 149.0
95.0 129.0
230.0 161.0
137.0 89.0
182.0 33.0
215.0 208.0
47.0 182.0
165.0 65.0
21.0 223.0
256.0 253.0
232.0 9.0
190.0 157.0
204.0 70.0
233.0 28.0
66.0 103.0
192.0 238.0
31.0 195.0
104.0 238.0
244.0 67.0
231.0 229.0
174.0 152.0
87.0 180.0
14.0 155.0
230.0 113.0
150.0 63.0
165.0 144.0
26.0 90.0
230.0 51.0
92.0 169.0
155.0 21.0
41.0 103.0
62.0 222.0
156.0 115.0
224.0 181.0
85.0 19.0
223.0 33.0
231.0 135.0
197.0 5.0
226.0 59.0
173.0 28.0
41.0 247.0
84.0 239.0
53.0 199.0
90.0 171.0
38.0 52.0
141.0 225.0
251.0 230.0
44.0 105.0
200.0 95.0
136.0 205.0
154.0 145.0
135.0 249.0
108.0 56.0
180.0 21.0
134.0 219.0
29.0 145.0
184.0 236.0
238.0 112.0
208.0 142.0
236.0 134.0
210.0 158.0
199.0 165.0
14.0 142.0
21.0 22.0
254.0 188.0
160.0 80.0
210.0 129.0
56.0 106.0
127.0 29.0
236.0 76.0
22.0 65.0
203.0 158.0
253.0 235.0
94.0 97.0
216.0 162.0
57.0 30.0
62.0 100.0
20.0 133.0
195.0 241.0
95.0 222.0
50.0 59.0
209.0 85.0
50.0 200.0
95.0 63.0
111.0 227.0
77.0 29.0
211.0 159.0
169.0 120.0
32.0 188.0
50.0 46.0
64.0 178.0
57.0 194.0
28.0 176.0
139.0 192.0
176.0 174.0
33.0 66.0
167.0 253.0
220.0 19.0
215.0 160.0
76.0 79.0
87.0 144.0
119.0 21.0
243.0 178.0
161.0 205.0
123.0 51.0
141.0 93.0
203.0 54.0
51.0 209.0
214.0 129.0
149.0 184.0
26.0 96.0
210.0 44.0
212.0 191.0
115.0 227.0
177.0 128.0
229.0 113.0
226.0 84.0
182.0 225.0
81.0 194.0
118.0 216.0
131.0 31.0
218.0 153.0
243.0 105.0
107.0 156.0
93.0 151.0
146.0 239.0
212.0 180.0
55.0 26.0
25.0 191.0
232.0 74.0
41.0 53.0
138.0 125.0
44.0 191.0
179.0 104.0
60.0 164.0
136.0 89.0
116.0 115.0
160.0 186.0
140.0 103.0
248.0 135.0
208.0 145.0
162.0 32.0
42.0 119.0
248.0 19.0
123.0 214.0
33.0 240.0
236.0 220.0
182.0 103.0
93.0 192.0
68.0 174.0
70.0 206.0
153.0 160.0
35.0 58.0
56.0 203.0
159.0 36.0
141.0 18.0
109.0 230.0
125.0 44.0
106.0 131.0
167.0 181.0
148.0 133.0
36.0 197.0
211.0 8.0
241.0 54.0
158.0 163.0
42.0 254.0
13.0 88.0
151.0 164.0
196.0 160.0
157.0 23.0
49.0 115.0
41.0 204.0
48.0 252.0
43.0 62.0
225.0 232.0
72.0 74.0
49.0 230.0
29.0 238.0
136.0 149.0
126.0 18.0
201.0 30.0
225.0 228.0
237.0 250.0
105.0 241.0
191.0 252.0
76.0 38.0
253.0 33.0
247.0 125.0
185.0 33.0
208.0 193.0
144.0 226.0
68.0 177.0
46.0 208.0
239.0 223.0
83.0 238.0
42.0 78.0
59.0 82.0
123.0 56.0
247.0 59.0
166.0 205.0
94.0 224.0
219.0 206.0
96.0 224.0
38.0 12.0
24.0 140.0
137.0 123.0
230.0 221.0
37.0 139.0
61.0 205.0
53.0 93.0
243.0 233.0
12.0 114.0
137.0 225.0
63.0 24.0
134.0 58.0
117.0 41.0
165.0 24.0
242.0 70.0
230.0 115.0
115.0 148.0
104.0 138.0
14.0 122.0
164.0 143.0
83.0 33.0
173.0 42.0
201.0 119.0
95.0 224.0
96.0 56.0
103.0 247.0
137.0 11.0
29.0 230.0
68.0 170.0
35.0 165.0
249.0 17.0
88.0 137.0
61.0 119.0
206.0 96.0
145.0 50.0
135.0 230.0
239.0 126.0
55.0 235.0
