1
512 1 3.0 0.0 1000.0 3 160 240 100

6.5 13.5 29.3 58.5
13.0 27.0 58.5 117.0
19.5 40.5 87.8 175.5
26.0 54.0 117.0 234.0
39.0 81.0 175.5 351.0
52.0 108.0 234.0 468.0
58.5 121.5 263.3 526.5
65.0 135.0 292.5 585.0
78.0 162.0 351.0 702.0
0.0 180.0 390.0 780.0

2.0 5.0 8.0 11.0
5.0 8.0 11.0 14.0
9.0 12.0 15.0 18.0
11.0 14.0 17.0 20.0
15.0 18.0 21.0 24.0
18.0 21.0 24.0 27.0
20.0 23.0 26.0 29.0
25.0 28.0 31.0 34.0
29.0 32.0 35.0 38.0
0.0 34.0 37.0 40.0

91.0 101.0
21.0 82.0
135.0 21.0
226.0 200.0
105.0 116.0
102.0 61.0
173.0 83.0
131.0 160.0
164.0 232.0
217.0 177.0
63.0 82.0
246.0 165.0
178.0 229.0
177.0 15.0
240.0 157.0
217.0 164.0
233.0 218.0
167.0 55.0
115.0 89.0
111.0 176.0
100.0 62.0
186.0 83.0
34.0 89.0
199.0 92.0
170.0 72.0
216.0 172.0
232.0 190.0
27.0 113.0
212.0 126.0
221.0 109.0
164.0 121.0
147.0 206.0
59.0 79.0
135.0 147.0
91.0 34.0
122.0 176.0
122.0 81.0
175.0 200.0
39.0 198.0
192.0 13.0
76.0 190.0
137.0 105.0
5.0 60.0
227.0 115.0
122.0 154.0
36.0 94.0
51.0 24.0
79.0 18.0
182.0 222.0
204.0 69.0
131.0 86.0
222.0 17.0
158.0 130.0
248.0 91.0
64.0 196.0
46.0 42.0
130.0 124.0
220.0 175.0
240.0 220.0
186.0 162.0
119.0 145.0
130.0 44.0
216.0 136.0
7.0 111.0
35.0 59.0
181.0 195.0
54.0 75.0
118.0 183.0
189.0 46.0
104.0 165.0
38.0 93.0
50.0 148.0
1.0 39.0
203.0 122.0
142.0 50.0
211.0 44.0
6.0 65.0
249.0 142.0
126.0 206.0
249.0 232.0
68.0 136.0
98.0 71.0
128.0 179.0
201.0 81.0
139.0 51.0
149.0 70.0
137.0 128.0
39.0 167.0
219.0 239.0
20.0 239.0
213.0 33.0
15.0 101.0
124.0 18.0
72.0 189.0
88.0 214.0
146.0 119.0
194.0 141.0
156.0 177.0
11.0 191.0
243.0 50.0
64.0 8.0
196.0 195.0
226.0 26.0
92.0 55.0
125.0 172.0
249.0 129.0
194.0 20.0
166.0 235.0
45.0 6.0
157.0 106.0
200.0 135.0
0.0 9.0
230.0 159.0
169.0 178.0
201.0 20.0
95.0 118.0
104.0 182.0
158.0 187.0
57.0 9.0
224.0 146.0
66.0 188.0
55.0 210.0
10.0 231.0
30.0 165.0
22.0 183.0
135.0 199.0
42.0 191.0
26.0 149.0
99.0 183.0
13.0 187.0
225.0 202.0
126.0 11.0
173.0 246.0
244.0 199.0
214.0 53.0
84.0 162.0
86.0 48.0
134.0 229.0
219.0 20.0
219.0 187.0
182.0 119.0
154.0 162.0
125.0 110.0
44.0 49.0
19.0 120.0
67.0 20.0
94.0 158.0
174.0 159.0
157.0 42.0
155.0 155.0
58.0 144.0
149.0 217.0
127.0 183.0
161.0 12.0
204.0 127.0
33.0 181.0
219.0 51.0
79.0 86.0
85.0 139.0
174.0 245.0
201.0 49.0
163.0 205.0
238.0 199.0
239.0 206.0
109.0 82.0
30.0 5.0
174.0 37.0
171.0 81.0
220.0 198.0
234.0 228.0
118.0 187.0
159.0 117.0
94.0 147.0
182.0 220.0
127.0 45.0
34.0 51.0
46.0 230.0
25.0 241.0
207.0 38.0
180.0 14.0
195.0 64.0
137.0 231.0
62.0 14.0
119.0 181.0
182.0 133.0
68.0 144.0
83.0 241.0
112.0 66.0
224.0 8.0
92.0 222.0
222.0 126.0
182.0 73.0
87.0 109.0
222.0 102.0
117.0 44.0
157.0 176.0
136.0 122.0
74.0 111.0
87.0 142.0
128.0 112.0
62.0 218.0
194.0 132.0
130.0 239.0
185.0 207.0
185.0 183.0
236.0 173.0
53.0 218.0
66.0 212.0
187.0 80.0
108.0 249.0
92.0 3.0
79.0 21.0
157.0 91.0
212.0 218.0
171.0 29.0
191.0 146.0
84.0 137.0
151.0 180.0
150.0 54.0
140.0 82.0
152.0 167.0
38.0 83.0
206.0 205.0
213.0 174.0
231.0 238.0
18.0 136.0
211.0 123.0
50.0 121.0
183.0 9.0
137.0 186.0
242.0 84.0
108.0 239.0
96.0 26.0
181.0 148.0
85.0 232.0
156.0 108.0
94.0 169.0
111.0 147.0
120.0 24.0
178.0 227.0
77.0 142.0
214.0 217.0
202.0 42.0
60.0 50.0
29.0 130.0
102.0 213.0
174.0 26.0
177.0 36.0
12.0 240.0
179.0 25.0
125.0 6.0
23.0 82.0
223.0 112.0
206.0 5.0
32.0 174.0
241.0 210.0
244.0 68.0
81.0 206.0
141.0 90.0
185.0 141.0
100.0 176.0
215.0 70.0
237.0 135.0
144.0 133.0
7.0 106.0
131.0 186.0
154.0 53.0
91.0 189.0
187.0 147.0
154.0 249.0
169.0 223.0
99.0 39.0
115.0 21.0
72.0 81.0
144.0 41.0
32.0 248.0
86.0 100.0
142.0 109.0
40.0 20.0
143.0 82.0
218.0 181.0
67.0 155.0
192.0 247.0
207.0 10.0
15.0 156.0
63.0 181.0
196.0 68.0
62.0 217.0
124.0 238.0
152.0 97.0
61.0 125.0
181.0 245.0
154.0 91.0
46.0 21.0
229.0 117.0
147.0 149.0
180.0 12.0
250.0 106.0
95.0 174.0
170.0 32.0
62.0 11.0
13.0 71.0
160.0 190.0
0.0 90.0
210.0 200.0
245.0 40.0
176.0 32.0
132.0 44.0
148.0 83.0
34.0 94.0
177.0 205.0
160.0 76.0
29.0 141.0
124.0 126.0
248.0 134.0
170.0 153.0
209.0 84.0
250.0 163.0
187.0 165.0
36.0 105.0
6.0 140.0
178.0 236.0
149.0 176.0
1.0 94.0
30.0 11.0
104.0 219.0
184.0 157.0
160.0 81.0
196.0 115.0
12.0 221.0
10.0 152.0
234.0 190.0
49.0 2.0
135.0 186.0
175.0 167.0
243.0 70.0
36.0 47.0
127.0 59.0
211.0 195.0
214.0 145.0
79.0 71.0
88.0 151.0
171.0 203.0
51.0 123.0
98.0 245.0
55.0 70.0
159.0 234.0
175.0 140.0
93.0 156.0
85.0 108.0
241.0 232.0
89.0 158.0
161.0 176.0
62.0 187.0
112.0 215.0
206.0 2.0
82.0 228.0
102.0 13.0
126.0 184.0
101.0 155.0
89.0 108.0
163.0 42.0
88.0 128.0
33.0 182.0
208.0 211.0
20.0 149.0
167.0 10.0
132.0 167.0
26.0 57.0
194.0 115.0
63.0 105.0
111.0 37.0
34.0 221.0
232.0 58.0
47.0 62.0
145.0 137.0
151.0 61.0
207.0 195.0
2.0 76.0
24.0 191.0
62.0 109.0
61.0 34.0
93.0 27.0
215.0 30.0
250.0 2.0
167.0 154.0
185.0 235.0
208.0 192.0
81.0 74.0
242.0 174.0
140.0 179.0
21.0 36.0
91.0 248.0
218.0 36.0
110.0 77.0
230.0 243.0
77.0 82.0
220.0 1.0
212.0 191.0
162.0 69.0
126.0 110.0
6.0 199.0
199.0 236.0
123.0 239.0
214.0 101.0
6.0 140.0
11.0 11.0
25.0 93.0
238.0 103.0
75.0 33.0
72.0 144.0
50.0 120.0
115.0 153.0
99.0 63.0
219.0 49.0
224.0 3.0
66.0 30.0
61.0 229.0
128.0 2.0
15.0 38.0
217.0 167.0
214.0 140.0
116.0 179.0
98.0 73.0
134.0 114.0
211.0 118.0
196.0 59.0
144.0 75.0
179.0 154.0
85.0 11.0
5.0 47.0
21.0 209.0
45.0 214.0
204.0 68.0
238.0 206.0
27.0 44.0
111.0 192.0
63.0 15.0
203.0 204.0
27.0 27.0
234.0 77.0
47.0 197.0
129.0 133.0
125.0 82.0
107.0 224.0
44.0 177.0
98.0 37.0
243.0 228.0
44.0 178.0
21.0 144.0
233.0 51.0
232.0 68.0
98.0 163.0
199.0 22.0
7.0 20.0
139.0 50.0
99.0 104.0
196.0 156.0
56.0 216.0
8.0 99.0
15.0 70.0
18.0 185.0
113.0 32.0
88.0 22.0
2.0 9.0
11.0 242.0
202.0 32.0
72.0 30.0
10.0 137.0
169.0 96.0
198.0 226.0
243.0 36.0
90.0 132.0
155.0 123.0
145.0 199.0
154.0 74.0
248.0 230.0
168.0 216.0
199.0 219.0
216.0 232.0
3.0 121.0
29.0 17.0
65.0 191.0
62.0 219.0
1.0 4.0
112.0 100.0
73.0 95.0
81.0 189.0
66.0 181.0
249.0 220.0
242.0 27.0
215.0 202.0
68.0 72.0
223.0 10.0
227.0 213.0
184.0 188.0
229.0 17.0
232.0 2.0
16.0 126.0
229.0 51.0
242.0 241.0
206.0 92.0
4.0 86.0
17.0 28.0
78.0 111.0
79.0 75.0
62.0 205.0
79.0 185.0
105.0 58.0
170.0 126.0
241.0 66.0
152.0 164.0

96.0 105.0
27.0 88.0
141.0 27.0
231.0 206.0
109.0 121.0
107.0 66.0
178.0 87.0
136.0 165.0
169.0 237.0
222.0 182.0
68.0 87.0
250.0 170.0
182.0 234.0
181.0 20.0
246.0 162.0
223.0 169.0
238.0 222.0
172.0 61.0
120.0 94.0
117.0 181.0
106.0 67.0
192.0 89.0
38.0 93.0
203.0 98.0
176.0 77.0
221.0 177.0
237.0 195.0
33.0 119.0
217.0 130.0
226.0 115.0
168.0 127.0
152.0 211.0
64.0 85.0
140.0 153.0
97.0 39.0
127.0 181.0
126.0 86.0
180.0 205.0
43.0 204.0
197.0 19.0
80.0 195.0
142.0 110.0
10.0 65.0
233.0 119.0
128.0 160.0
41.0 98.0
56.0 30.0
83.0 24.0
186.0 228.0
209.0 74.0
135.0 90.0
228.0 23.0
163.0 136.0
253.0 96.0
69.0 202.0
52.0 47.0
135.0 129.0
225.0 180.0
244.0 226.0
192.0 167.0
123.0 149.0
135.0 49.0
220.0 142.0
13.0 117.0
40.0 63.0
185.0 200.0
60.0 81.0
123.0 189.0
194.0 50.0
110.0 170.0
44.0 98.0
56.0 152.0
6.0 43.0
208.0 126.0
147.0 54.0
217.0 49.0
11.0 70.0
254.0 148.0
130.0 211.0
253.0 237.0
74.0 141.0
102.0 76.0
134.0 184.0
206.0 86.0
144.0 56.0
155.0 75.0
141.0 133.0
44.0 171.0
225.0 244.0
25.0 245.0
218.0 37.0
20.0 106.0
129.0 24.0
77.0 194.0
93.0 220.0
151.0 123.0
199.0 145.0
161.0 182.0
16.0 196.0
248.0 55.0
69.0 13.0
200.0 200.0
230.0 31.0
97.0 59.0
130.0 177.0
254.0 133.0
199.0 25.0
172.0 239.0
50.0 12.0
161.0 112.0
205.0 140.0
5.0 13.0
236.0 165.0
174.0 182.0
207.0 25.0
100.0 124.0
109.0 187.0
162.0 193.0
63.0 14.0
229.0 150.0
71.0 193.0
60.0 216.0
15.0 236.0
35.0 169.0
27.0 188.0
139.0 203.0
47.0 196.0
31.0 155.0
103.0 187.0
18.0 193.0
230.0 208.0
131.0 16.0
179.0 252.0
249.0 205.0
219.0 57.0
89.0 166.0
91.0 53.0
140.0 235.0
225.0 25.0
224.0 192.0
187.0 125.0
160.0 168.0
129.0 116.0
50.0 54.0
24.0 125.0
71.0 25.0
100.0 164.0
178.0 163.0
162.0 48.0
161.0 161.0
63.0 150.0
155.0 223.0
132.0 188.0
167.0 18.0
208.0 132.0
37.0 186.0
225.0 57.0
84.0 91.0
91.0 143.0
179.0 251.0
206.0 53.0
168.0 211.0
243.0 203.0
245.0 210.0
113.0 86.0
35.0 10.0
179.0 41.0
177.0 86.0
224.0 204.0
239.0 232.0
123.0 191.0
164.0 122.0
100.0 153.0
187.0 225.0
133.0 49.0
39.0 56.0
51.0 234.0
30.0 246.0
212.0 44.0
184.0 18.0
200.0 69.0
142.0 237.0
67.0 20.0
125.0 187.0
187.0 138.0
73.0 149.0
87.0 246.0
116.0 72.0
228.0 12.0
96.0 226.0
227.0 131.0
187.0 78.0
92.0 113.0
227.0 106.0
122.0 48.0
163.0 180.0
141.0 127.0
79.0 115.0
92.0 146.0
132.0 116.0
67.0 224.0
199.0 138.0
135.0 243.0
189.0 212.0
191.0 189.0
241.0 179.0
58.0 223.0
71.0 218.0
191.0 85.0
113.0 255.0
98.0 9.0
84.0 26.0
161.0 96.0
217.0 223.0
176.0 34.0
195.0 152.0
89.0 142.0
156.0 185.0
156.0 58.0
145.0 88.0
158.0 172.0
44.0 89.0
211.0 210.0
217.0 179.0
236.0 242.0
23.0 142.0
215.0 128.0
55.0 125.0
189.0 14.0
141.0 191.0
248.0 88.0
113.0 244.0
101.0 31.0
185.0 152.0
91.0 238.0
160.0 113.0
100.0 174.0
115.0 152.0
125.0 29.0
183.0 232.0
82.0 148.0
220.0 221.0
207.0 47.0
64.0 56.0
35.0 135.0
108.0 218.0
179.0 31.0
182.0 41.0
17.0 246.0
183.0 30.0
130.0 10.0
28.0 86.0
228.0 118.0
211.0 10.0
38.0 178.0
245.0 215.0
249.0 73.0
87.0 211.0
147.0 95.0
191.0 147.0
105.0 181.0
219.0 74.0
242.0 140.0
148.0 138.0
13.0 112.0
136.0 190.0
158.0 57.0
97.0 193.0
192.0 153.0
159.0 254.0
173.0 229.0
105.0 45.0
120.0 27.0
76.0 85.0
149.0 46.0
37.0 253.0
92.0 104.0
147.0 114.0
45.0 24.0
147.0 87.0
222.0 186.0
72.0 160.0
196.0 251.0
212.0 15.0
19.0 161.0
68.0 186.0
201.0 74.0
67.0 222.0
128.0 242.0
158.0 102.0
65.0 130.0
186.0 250.0
158.0 96.0
51.0 26.0
233.0 123.0
153.0 155.0
185.0 17.0
254.0 111.0
99.0 178.0
175.0 36.0
66.0 15.0
19.0 76.0
165.0 196.0
4.0 95.0
215.0 205.0
251.0 46.0
182.0 38.0
137.0 49.0
153.0 87.0
38.0 99.0
183.0 209.0
166.0 80.0
33.0 146.0
130.0 131.0
253.0 139.0
176.0 158.0
213.0 88.0
254.0 167.0
193.0 170.0
42.0 110.0
11.0 146.0
182.0 240.0
154.0 181.0
7.0 99.0
35.0 17.0
109.0 224.0
189.0 163.0
165.0 86.0
202.0 120.0
17.0 227.0
14.0 156.0
238.0 195.0
53.0 6.0
140.0 190.0
181.0 173.0
248.0 75.0
41.0 52.0
132.0 64.0
217.0 201.0
218.0 151.0
85.0 75.0
94.0 156.0
177.0 209.0
56.0 128.0
103.0 250.0
59.0 76.0
164.0 239.0
179.0 144.0
98.0 160.0
89.0 114.0
247.0 236.0
94.0 163.0
165.0 181.0
68.0 191.0
117.0 219.0
210.0 8.0
87.0 233.0
108.0 18.0
130.0 189.0
105.0 160.0
94.0 114.0
169.0 47.0
92.0 133.0
37.0 187.0
212.0 217.0
26.0 154.0
172.0 15.0
136.0 172.0
32.0 62.0
198.0 121.0
68.0 110.0
117.0 42.0
40.0 226.0
236.0 64.0
53.0 67.0
150.0 143.0
156.0 66.0
211.0 199.0
6.0 81.0
29.0 195.0
67.0 114.0
66.0 38.0
98.0 31.0
220.0 34.0
255.0 8.0
172.0 159.0
189.0 240.0
213.0 197.0
86.0 78.0
247.0 179.0
146.0 183.0
26.0 42.0
96.0 252.0
222.0 40.0
115.0 82.0
235.0 247.0
83.0 87.0
226.0 7.0
216.0 195.0
166.0 75.0
131.0 114.0
10.0 204.0
203.0 241.0
129.0 245.0
218.0 105.0
11.0 145.0
16.0 17.0
29.0 98.0
244.0 108.0
81.0 38.0
77.0 148.0
55.0 124.0
119.0 159.0
105.0 68.0
224.0 54.0
229.0 9.0
71.0 35.0
66.0 235.0
133.0 8.0
19.0 43.0
223.0 172.0
219.0 145.0
121.0 185.0
104.0 78.0
139.0 120.0
217.0 124.0
202.0 64.0
148.0 80.0
184.0 158.0
89.0 17.0
10.0 52.0
26.0 215.0
50.0 220.0
209.0 74.0
243.0 212.0
32.0 48.0
116.0 196.0
68.0 21.0
209.0 210.0
31.0 32.0
239.0 82.0
51.0 202.0
133.0 137.0
129.0 87.0
111.0 229.0
48.0 181.0
103.0 42.0
249.0 233.0
48.0 183.0
26.0 149.0
238.0 57.0
236.0 74.0
103.0 168.0
205.0 26.0
12.0 25.0
145.0 55.0
104.0 109.0
200.0 161.0
60.0 221.0
13.0 103.0
20.0 74.0
23.0 190.0
118.0 36.0
94.0 26.0
8.0 15.0
17.0 248.0
206.0 36.0
77.0 35.0
14.0 143.0
174.0 102.0
203.0 231.0
248.0 41.0
96.0 137.0
161.0 128.0
150.0 203.0
158.0 80.0
253.0 234.0
173.0 221.0
203.0 223.0
221.0 237.0
7.0 127.0
33.0 22.0
69.0 195.0
67.0 224.0
6.0 8.0
118.0 104.0
77.0 100.0
86.0 193.0
70.0 186.0
253.0 224.0
247.0 31.0
221.0 207.0
73.0 77.0
229.0 16.0
233.0 219.0
189.0 192.0
234.0 22.0
238.0 6.0
22.0 132.0
235.0 55.0
247.0 245.0
210.0 96.0
10.0 92.0
22.0 33.0
84.0 116.0
84.0 80.0
68.0 210.0
84.0 190.0
109.0 63.0
176.0 132.0
247.0 72.0
157.0 169.0
