1
512 1 3.0 0.0 1000.0 3 160 240 100

6.5 13.5 29.3 58.5
13.0 27.0 58.5 117.0
19.5 40.5 87.8 175.5
26.0 54.0 117.0 234.0
39.0 81.0 175.5 351.0
52.0 108.0 234.0 468.0
58.5 121.5 263.3 526.5
65.0 135.0 292.5 585.0
78.0 162.0 351.0 702.0
0.0 180.0 390.0 780.0

2.0 5.0 8.0 11.0
5.0 8.0 11.0 14.0
9.0 12.0 15.0 18.0
11.0 14.0 17.0 20.0
15.0 18.0 21.0 24.0
18.0 21.0 24.0 27.0
20.0 23.0 26.0 29.0
25.0 28.0 31.0 34.0
29.0 32.0 35.0 38.0
0.0 34.0 37.0 40.0

222.0 27.0
42.0 36.0
181.0 82.0
166.0 139.0
228.0 6.0
199.0 238.0
246.0 23.0
118.0 8.0
158.0 58.0
64.0 180.0
82.0 83.0
182.0 98.0
152.0 230.0
237.0 58.0
17.0 96.0
65.0 132.0
76.0 223.0
200.0 1.0
94.0 46.0
92.0 121.0
147.0 182.0
146.0 106.0
143.0 224.0
124.0 53.0
1.0 22.0
9.0 47.0
119.0 6.0
248.0 205.0
73.0 167.0
101.0 126.0
59.0 94.0
133.0 214.0
157.0 87.0
211.0 145.0
34.0 115.0
160.0 35.0
45.0 244.0
59.0 232.0
240.0 202.0
219.0 156.0
91.0 76.0
203.0 229.0
80.0 169.0
28.0 200.0
94.0 153.0
60.0 31.0
127.0 168.0
114.0 28.0
122.0 119.0
131.0 246.0
81.0 203.0
81.0 238.0
141.0 48.0
82.0 51.0
115.0 110.0
23.0 159.0
93.0 92.0
35.0 116.0
208.0 152.0
234.0 239.0
32.0 44.0
212.0 231.0
111.0 83.0
62.0 187.0
196.0 191.0
44.0 0.0
67.0 66.0
54.0 3.0
145.0 78.0
127.0 230.0
146.0 75.0
6.0 9.0
94.0 72.0
145.0 144.0
94.0 140.0
42.0 24.0
45.0 79.0
142.0 41.0
51.0 76.0
102.0 37.0
122.0 59.0
8.0 23.0
18.0 63.0
218.0 25.0
211.0 204.0
65.0 174.0
205.0 200.0
188.0 18.0
41.0 155.0
122.0 53.0
127.0 170.0
36.0 60.0
77.0 135.0
119.0 143.0
78.0 122.0
132.0 168.0
105.0 122.0
0.0 114.0
106.0 164.0
91.0 181.0
126.0 188.0
173.0 30.0
107.0 80.0
80.0 117.0
193.0 124.0
193.0 138.0
183.0 147.0
156.0 162.0
57.0 235.0
40.0 93.0
114.0 186.0
14.0 168.0
5.0 176.0
113.0 8.0
88.0 210.0
18.0 39.0
9.0 192.0
79.0 201.0
53.0 52.0
130.0 117.0
64.0 164.0
176.0 15.0
74.0 96.0
137.0 213.0
94.0 59.0
123.0 76.0
62.0 231.0
20.0 135.0
37.0 173.0
249.0 137.0
4.0 164.0
113.0 112.0
3.0 38.0
206.0 99.0
76.0 209.0
171.0 216.0
116.0 124.0
168.0 122.0
245.0 174.0
213.0 172.0
167.0 198.0
110.0 171.0
8.0 229.0
28.0 181.0
211.0 231.0
64.0 137.0
126.0 127.0
212.0 120.0
226.0 214.0
220.0 153.0
236.0 154.0
113.0 4.0
207.0 17.0
247.0 232.0
213.0 176.0
54.0 82.0
76.0 163.0
201.0 101.0
160.0 166.0
217.0 191.0
32.0 140.0
165.0 108.0
144.0 90.0
60.0 244.0
211.0 132.0
223.0 72.0
65.0 8.0
140.0 226.0
37.0 36.0
162.0 209.0
20.0 41.0
216.0 78.0
138.0 143.0
11.0 245.0
48.0 52.0
12.0 82.0
192.0 119.0
56.0 116.0
121.0 194.0
10.0 136.0
102.0 136.0
199.0 97.0
13.0 171.0
156.0 37.0
91.0 54.0
31.0 13.0
172.0 114.0
88.0 145.0
125.0 15.0
5.0 146.0
217.0 177.0
31.0 60.0
18.0 77.0
82.0 207.0
183.0 238.0
219.0 177.0
102.0 10.0
210.0 9.0
143.0 75.0
227.0 7.0
83.0 140.0
35.0 214.0
89.0 151.0
80.0 124.0
216.0 98.0
202.0 17.0
173.0 119.0
27.0 127.0
163.0 116.0
122.0 160.0
215.0 186.0
91.0 235.0
165.0 236.0
89.0 142.0
78.0 196.0
30.0 134.0
157.0 60.0
116.0 243.0
45.0 76.0
76.0 221.0
193.0 162.0
114.0 248.0
75.0 3.0
87.0 91.0
57.0 43.0
39.0 0.0
57.0 176.0
226.0 169.0
195.0 1.0
139.0 136.0
191.0 59.0
49.0 100.0
78.0 38.0
169.0 153.0
120.0 241.0
127.0 17.0
129.0 188.0
194.0 169.0
188.0 8.0
75.0 70.0
99.0 127.0
122.0 1.0
201.0 26.0
109.0 94.0
239.0 204.0
77.0 196.0
57.0 249.0
14.0 27.0
176.0 13.0
238.0 131.0
139.0 184.0
143.0 221.0
92.0 123.0
31.0 51.0
71.0 124.0
78.0 5.0
102.0 104.0
33.0 195.0
231.0 243.0
63.0 130.0
181.0 218.0
225.0 101.0
146.0 166.0
103.0 236.0
45.0 147.0
214.0 245.0
123.0 134.0
93.0 184.0
84.0 139.0
47.0 119.0
24.0 162.0
101.0 162.0
239.0 189.0
2.0 132.0
25.0 33.0
189.0 169.0
191.0 142.0
213.0 210.0
13.0 31.0
137.0 5.0
238.0 84.0
26.0 215.0
229.0 21.0
197.0 150.0
239.0 141.0
189.0 57.0
37.0 9.0
12.0 147.0
239.0 80.0
20.0 136.0
196.0 53.0
63.0 126.0
166.0 64.0
168.0 222.0
4.0 151.0
18.0 78.0
209.0 205.0
90.0 158.0
199.0 235.0
122.0 18.0
18.0 27.0
125.0 16.0
232.0 140.0
240.0 155.0
82.0 220.0
38.0 63.0
37.0 174.0
181.0 199.0
179.0 66.0
163.0 180.0
190.0 168.0
184.0 171.0
12.0 139.0
3.0 108.0
54.0 130.0
180.0 101.0
155.0 188.0
192.0 125.0
56.0 120.0
215.0 236.0
194.0 51.0
161.0 58.0
221.0 237.0
155.0 127.0
174.0 230.0
158.0 236.0
72.0 74.0
48.0 228.0
243.0 17.0
238.0 13.0
37.0 35.0
19.0 129.0
101.0 27.0
90.0 243.0
232.0 117.0
68.0 47.0
141.0 22.0
90.0 65.0
239.0 61.0
156.0 198.0
158.0 151.0
203.0 149.0
18.0 215.0
196.0 185.0
239.0 236.0
89.0 1.0
66.0 10.0
72.0 13.0
219.0 208.0
74.0 222.0
201.0 157.0
76.0 113.0
78.0 99.0
75.0 83.0
102.0 201.0
115.0 7.0
150.0 192.0
124.0 51.0
214.0 49.0
79.0 222.0
19.0 208.0
118.0 132.0
168.0 107.0
0.0 95.0
231.0 166.0
156.0 163.0
69.0 133.0
105.0 84.0
190.0 23.0
100.0 176.0
33.0 204.0
160.0 212.0
124.0 239.0
225.0 202.0
107.0 156.0
214.0 22.0
235.0 128.0
98.0 160.0
184.0 123.0
139.0 164.0
163.0 118.0
44.0 174.0
48.0 62.0
57.0 243.0
140.0 65.0
88.0 225.0
163.0 121.0
68.0 45.0
205.0 215.0
231.0 247.0
103.0 241.0
125.0 32.0
110.0 221.0
209.0 38.0
211.0 111.0
191.0 209.0
39.0 68.0
91.0 125.0
156.0 93.0
62.0 12.0
14.0 35.0
90.0 195.0
227.0 9.0
209.0 66.0
115.0 81.0
233.0 223.0
6.0 150.0
38.0 215.0
140.0 10.0
236.0 178.0
44.0 138.0
179.0 178.0
78.0 64.0
237.0 162.0
163.0 16.0
180.0 214.0
16.0 44.0
234.0 134.0
8.0 195.0
238.0 175.0
118.0 100.0
135.0 71.0
221.0 119.0
78.0 66.0
36.0 67.0
11.0 206.0
127.0 40.0
129.0 234.0
136.0 209.0
208.0 208.0
31.0 19.0
90.0 75.0
162.0 3.0
167.0 186.0
31.0 30.0
44.0 115.0
215.0 91.0
96.0 139.0
194.0 38.0
217.0 109.0
170.0 24.0
109.0 224.0
243.0 183.0
28.0 16.0
157.0 165.0
212.0 227.0
113.0 194.0
39.0 237.0
228.0 138.0
4.0 99.0
13.0 145.0
195.0 235.0
88.0 187.0
230.0 192.0
110.0 204.0
213.0 167.0
19.0 77.0
44.0 62.0
215.0 220.0
10.0 146.0
113.0 164.0
127.0 225.0
100.0 47.0
34.0 13.0
193.0 248.0
20.0 229.0
56.0 215.0
129.0 243.0
49.0 95.0
46.0 171.0
86.0 85.0
59.0 110.0
114.0 1.0
213.0 43.0
96.0 97.0
56.0 236.0
203.0 14.0
207.0 16.0
210.0 6.0
41.0 147.0
186.0 207.0
96.0 50.0
88.0 212.0
107.0 218.0
230.0 102.0
148.0 199.0
119.0 71.0
179.0 116.0
230.0 149.0
96.0 234.0
117.0 64.0
191.0 143.0
44.0 108.0
16.0 222.0
141.0 179.0
178.0 68.0
179.0 226.0
168.0 164.0
66.0 162.0
151.0 114.0
36.0 83.0
177.0 88.0
29.0 238.0
122.0 183.0
86.0 218.0
192.0 208.0
132.0 178.0
171.0 233.0
120.0 180.0
134.0 36.0
11.0 108.0
161.0 153.0

226.0 32.0
48.0 40.0
185.0 86.0
171.0 145.0
232.0 12.0
204.0 243.0
252.0 29.0
123.0 12.0
163.0 62.0
69.0 185.0
86.0 89.0
187.0 103.0
156.0 235.0
243.0 63.0
22.0 101.0
70.0 138.0
80.0 228.0
205.0 5.0
100.0 51.0
97.0 126.0
153.0 186.0
151.0 111.0
147.0 229.0
129.0 59.0
5.0 27.0
13.0 52.0
123.0 11.0
252.0 209.0
79.0 173.0
105.0 132.0
63.0 100.0
138.0 218.0
161.0 91.0
217.0 150.0
39.0 120.0
165.0 40.0
50.0 248.0
64.0 237.0
244.0 206.0
225.0 162.0
95.0 82.0
208.0 235.0
86.0 175.0
32.0 206.0
99.0 157.0
65.0 36.0
132.0 173.0
118.0 32.0
126.0 125.0
137.0 251.0
85.0 208.0
86.0 242.0
146.0 53.0
87.0 55.0
121.0 116.0
28.0 163.0
98.0 98.0
40.0 122.0
213.0 157.0
239.0 243.0
37.0 49.0
217.0 236.0
117.0 89.0
68.0 191.0
201.0 195.0
48.0 4.0
72.0 72.0
59.0 8.0
150.0 84.0
132.0 235.0
151.0 80.0
11.0 13.0
99.0 77.0
149.0 149.0
100.0 145.0
46.0 30.0
49.0 83.0
147.0 45.0
56.0 81.0
106.0 42.0
128.0 65.0
13.0 28.0
24.0 69.0
223.0 31.0
216.0 209.0
69.0 180.0
210.0 206.0
194.0 24.0
45.0 159.0
127.0 58.0
132.0 175.0
40.0 64.0
83.0 140.0
123.0 149.0
84.0 127.0
136.0 172.0
111.0 127.0
6.0 120.0
112.0 169.0
97.0 187.0
131.0 194.0
179.0 36.0
113.0 84.0
84.0 122.0
199.0 128.0
197.0 142.0
189.0 151.0
162.0 167.0
63.0 240.0
45.0 98.0
119.0 191.0
20.0 172.0
10.0 181.0
118.0 12.0
92.0 215.0
24.0 45.0
13.0 197.0
84.0 206.0
59.0 58.0
135.0 122.0
69.0 169.0
182.0 19.0
80.0 100.0
142.0 219.0
99.0 65.0
128.0 81.0
66.0 235.0
26.0 139.0
43.0 179.0
255.0 142.0
10.0 169.0
117.0 118.0
8.0 43.0
211.0 104.0
82.0 215.0
176.0 221.0
121.0 129.0
173.0 128.0
250.0 179.0
218.0 176.0
173.0 203.0
115.0 176.0
13.0 234.0
33.0 185.0
216.0 236.0
70.0 141.0
131.0 132.0
216.0 125.0
230.0 220.0
225.0 158.0
240.0 159.0
118.0 10.0
212.0 22.0
252.0 237.0
219.0 182.0
59.0 86.0
81.0 167.0
207.0 106.0
166.0 170.0
223.0 196.0
37.0 145.0
170.0 114.0
150.0 95.0
64.0 249.0
216.0 137.0
228.0 78.0
71.0 14.0
145.0 232.0
41.0 41.0
166.0 213.0
26.0 47.0
222.0 83.0
144.0 147.0
16.0 251.0
53.0 58.0
18.0 88.0
198.0 124.0
61.0 121.0
125.0 199.0
15.0 140.0
108.0 140.0
204.0 102.0
18.0 177.0
160.0 42.0
96.0 59.0
36.0 17.0
177.0 120.0
93.0 149.0
130.0 20.0
9.0 152.0
221.0 182.0
36.0 65.0
23.0 81.0
86.0 212.0
188.0 242.0
224.0 183.0
107.0 14.0
215.0 15.0
149.0 81.0
233.0 12.0
89.0 145.0
41.0 219.0
94.0 156.0
84.0 130.0
221.0 104.0
208.0 23.0
178.0 125.0
32.0 131.0
168.0 121.0
127.0 166.0
220.0 190.0
95.0 239.0
171.0 241.0
93.0 147.0
83.0 202.0
36.0 138.0
162.0 66.0
121.0 248.0
49.0 80.0
81.0 226.0
199.0 167.0
119.0 253.0
80.0 8.0
92.0 95.0
62.0 48.0
45.0 6.0
62.0 181.0
230.0 174.0
200.0 7.0
144.0 140.0
196.0 64.0
54.0 106.0
83.0 43.0
175.0 158.0
124.0 245.0
131.0 21.0
133.0 193.0
199.0 174.0
192.0 13.0
81.0 75.0
103.0 132.0
128.0 6.0
207.0 30.0
114.0 98.0
245.0 209.0
82.0 201.0
62.0 255.0
20.0 33.0
182.0 18.0
243.0 135.0
145.0 188.0
148.0 226.0
97.0 129.0
37.0 56.0
75.0 129.0
84.0 11.0
107.0 108.0
38.0 200.0
237.0 249.0
69.0 135.0
186.0 222.0
229.0 107.0
150.0 171.0
107.0 241.0
50.0 152.0
219.0 251.0
128.0 138.0
98.0 188.0
90.0 145.0
52.0 124.0
30.0 166.0
106.0 167.0
245.0 193.0
7.0 138.0
30.0 38.0
193.0 174.0
195.0 147.0
218.0 214.0
18.0 37.0
142.0 10.0
243.0 89.0
31.0 220.0
234.0 26.0
202.0 155.0
243.0 145.0
194.0 63.0
43.0 15.0
16.0 153.0
243.0 84.0
25.0 141.0
202.0 59.0
67.0 131.0
171.0 69.0
172.0 228.0
9.0 156.0
24.0 83.0
214.0 209.0
95.0 162.0
204.0 240.0
128.0 22.0
23.0 31.0
130.0 21.0
237.0 145.0
246.0 159.0
87.0 224.0
43.0 68.0
41.0 178.0
186.0 205.0
183.0 70.0
168.0 185.0
195.0 172.0
188.0 175.0
16.0 144.0
8.0 114.0
59.0 135.0
185.0 105.0
160.0 193.0
197.0 129.0
61.0 125.0
221.0 241.0
198.0 55.0
165.0 64.0
226.0 242.0
160.0 133.0
180.0 236.0
162.0 241.0
78.0 79.0
52.0 233.0
248.0 21.0
243.0 18.0
43.0 41.0
23.0 134.0
107.0 32.0
95.0 247.0
237.0 123.0
73.0 52.0
147.0 28.0
95.0 69.0
244.0 66.0
162.0 203.0
163.0 155.0
207.0 153.0
23.0 221.0
201.0 191.0
245.0 241.0
94.0 5.0
71.0 14.0
78.0 17.0
225.0 213.0
79.0 226.0
207.0 163.0
82.0 119.0
82.0 104.0
80.0 88.0
108.0 206.0
121.0 11.0
156.0 197.0
129.0 56.0
219.0 54.0
83.0 228.0
24.0 212.0
123.0 136.0
173.0 112.0
4.0 101.0
237.0 170.0
162.0 169.0
73.0 137.0
111.0 89.0
195.0 29.0
104.0 182.0
37.0 210.0
164.0 218.0
129.0 244.0
231.0 208.0
112.0 161.0
218.0 28.0
240.0 133.0
103.0 164.0
189.0 128.0
145.0 168.0
168.0 122.0
48.0 179.0
53.0 67.0
61.0 248.0
146.0 70.0
92.0 230.0
167.0 125.0
73.0 50.0
210.0 220.0
237.0 253.0
108.0 246.0
130.0 36.0
115.0 227.0
215.0 44.0
216.0 115.0
196.0 214.0
44.0 73.0
96.0 131.0
161.0 97.0
67.0 16.0
19.0 41.0
96.0 201.0
233.0 13.0
214.0 71.0
120.0 85.0
239.0 228.0
10.0 155.0
43.0 220.0
146.0 14.0
241.0 184.0
49.0 142.0
185.0 183.0
84.0 70.0
241.0 168.0
167.0 21.0
186.0 219.0
22.0 49.0
238.0 138.0
12.0 200.0
244.0 180.0
123.0 106.0
139.0 76.0
227.0 124.0
83.0 70.0
41.0 73.0
17.0 212.0
132.0 46.0
133.0 239.0
140.0 215.0
214.0 214.0
35.0 23.0
95.0 80.0
167.0 8.0
173.0 190.0
36.0 36.0
50.0 119.0
220.0 96.0
101.0 145.0
200.0 43.0
221.0 114.0
175.0 29.0
113.0 229.0
249.0 188.0
33.0 21.0
163.0 170.0
216.0 231.0
118.0 200.0
44.0 242.0
233.0 143.0
10.0 103.0
19.0 150.0
199.0 239.0
94.0 192.0
235.0 198.0
115.0 209.0
219.0 172.0
24.0 82.0
50.0 66.0
220.0 225.0
15.0 152.0
118.0 169.0
131.0 229.0
105.0 51.0
38.0 18.0
199.0 252.0
26.0 234.0
62.0 221.0
134.0 247.0
54.0 100.0
51.0 175.0
90.0 91.0
65.0 115.0
120.0 6.0
219.0 47.0
101.0 102.0
60.0 240.0
209.0 18.0
212.0 20.0
215.0 12.0
46.0 152.0
192.0 212.0
101.0 55.0
93.0 218.0
112.0 223.0
236.0 107.0
152.0 204.0
123.0 76.0
185.0 122.0
235.0 154.0
100.0 239.0
122.0 68.0
197.0 147.0
49.0 114.0
20.0 226.0
146.0 184.0
183.0 74.0
183.0 231.0
174.0 169.0
70.0 168.0
157.0 120.0
41.0 88.0
182.0 93.0
35.0 243.0
127.0 188.0
90.0 223.0
197.0 214.0
138.0 183.0
176.0 239.0
125.0 186.0
139.0 42.0
16.0 113.0
167.0 159.0
