1
512 1 3.0 0.0 1000.0 3 160 240 100

6.5 13.5 29.3 58.5
13.0 27.0 58.5 117.0
19.5 40.5 87.8 175.5
26.0 54.0 117.0 234.0
39.0 81.0 175.5 351.0
52.0 108.0 234.0 468.0
58.5 121.5 263.3 526.5
65.0 135.0 292.5 585.0
78.0 162.0 351.0 702.0
0.0 180.0 390.0 780.0

2.0 5.0 8.0 11.0
5.0 8.0 11.0 14.0
9.0 12.0 15.0 18.0
11.0 14.0 17.0 20.0
15.0 18.0 21.0 24.0
18.0 21.0 24.0 27.0
20.0 23.0 26.0 29.0
25.0 28.0 31.0 34.0
29.0 32.0 35.0 38.0
0.0 34.0 37.0 40.0

190.0 49.0
114.0 91.0
28.0 32.0
76.0 43.0
50.0 103.0
197.0 182.0
118.0 160.0
29.0 70.0
38.0 69.0
21.0 186.0
177.0 6.0
183.0 91.0
239.0 52.0
42.0 132.0
220.0 241.0
170.0 136.0
101.0 21.0
145.0 97.0
173.0 201.0
100.0 208.0
186.0 220.0
94.0 114.0
79.0 179.0
98.0 86.0
115.0 118.0
188.0 156.0
54.0 71.0
123.0 12.0
65.0 33.0
22.0 66.0
120.0 244.0
196.0 142.0
216.0 32.0
216.0 51.0
36.0 13.0
159.0 128.0
6.0 6.0
233.0 132.0
9.0 91.0
91.0 205.0
72.0 36.0
174.0 158.0
155.0 147.0
7.0 169.0
9.0 162.0
165.0 22.0
82.0 82.0
214.0 109.0
69.0 209.0
212.0 193.0
230.0 165.0
200.0 24.0
167.0 14.0
152.0 197.0
82.0 149.0
176.0 198.0
78.0 200.0
74.0 170.0
131.0 231.0
159.0 210.0
202.0 115.0
86.0 106.0
217.0 244.0
202.0 203.0
13.0 58.0
48.0 176.0
118.0 203.0
162.0 35.0
70.0 169.0
155.0 246.0
21.0 79.0
126.0 191.0
220.0 119.0
234.0 210.0
234.0 167.0
118.0 76.0
116.0 200.0
138.0 28.0
35.0 195.0
210.0 72.0
167.0 216.0
114.0 77.0
14.0 24.0
168.0 221.0
57.0 37.0
8.0 205.0
45.0 85.0
8.0 172.0
201.0 188.0
196.0 102.0
9.0 156.0
80.0 14.0
13.0 112.0
108.0 118.0
139.0 132.0
59.0 111.0
115.0 213.0
216.0 153.0
120.0 136.0
223.0 77.0
108.0 72.0
129.0 246.0
66.0 111.0
132.0 3.0
31.0 197.0
146.0 227.0
243.0 15.0
94.0 79.0
135.0 195.0
160.0 78.0
171.0 247.0
37.0 212.0
93.0 227.0
28.0 100.0
228.0 165.0
160.0 34.0
29.0 131.0
40.0 41.0
130.0 95.0
247.0 172.0
225.0 87.0
106.0 35.0
156.0 183.0
11.0 145.0
155.0 195.0
33.0 242.0
7.0 228.0
89.0 23.0
195.0 90.0
32.0 59.0
164.0 114.0
80.0 222.0
156.0 230.0
57.0 24.0
116.0 231.0
234.0 54.0
249.0 213.0
128.0 48.0
100.0 229.0
172.0 161.0
118.0 23.0
234.0 84.0
203.0 21.0
17.0 212.0
57.0 53.0
215.0 126.0
229.0 121.0
55.0 227.0
44.0 49.0
240.0 150.0
182.0 219.0
53.0 170.0
214.0 95.0
246.0 125.0
4.0 110.0
113.0 162.0
141.0 10.0
233.0 225.0
190.0 89.0
176.0 216.0
62.0 37.0
15.0 109.0
150.0 213.0
66.0 95.0
167.0 197.0
82.0 145.0
204.0 34.0
187.0 191.0
71.0 181.0
165.0 212.0
65.0 178.0
0.0 23.0
101.0 163.0
161.0 191.0
217.0 165.0
165.0 5.0
30.0 141.0
17.0 34.0
24.0 71.0
205.0 95.0
110.0 209.0
211.0 23.0
229.0 173.0
88.0 200.0
57.0 103.0
208.0 106.0
201.0 190.0
83.0 219.0
90.0 177.0
4.0 171.0
51.0 15.0
24.0 89.0
164.0 156.0
144.0 157.0
8.0 31.0
114.0 223.0
14.0 64.0
82.0 90.0
167.0 169.0
124.0 198.0
140.0 184.0
12.0 209.0
238.0 66.0
136.0 83.0
100.0 191.0
47.0 26.0
168.0 192.0
184.0 24.0
246.0 66.0
109.0 217.0
23.0 93.0
185.0 211.0
26.0 188.0
172.0 199.0
236.0 99.0
20.0 108.0
216.0 197.0
225.0 38.0
111.0 141.0
153.0 61.0
226.0 43.0
70.0 44.0
201.0 47.0
154.0 169.0
83.0 60.0
103.0 197.0
193.0 184.0
3.0 37.0
237.0 210.0
177.0 13.0
156.0 88.0
58.0 42.0
52.0 122.0
196.0 231.0
56.0 181.0
48.0 225.0
109.0 33.0
46.0 199.0
134.0 232.0
222.0 197.0
200.0 35.0
247.0 81.0
41.0 160.0
42.0 179.0
134.0 227.0
205.0 9.0
99.0 70.0
20.0 49.0
231.0 154.0
176.0 57.0
60.0 135.0
91.0 25.0
130.0 177.0
80.0 161.0
248.0 214.0
150.0 101.0
40.0 113.0
33.0 111.0
188.0 66.0
112.0 125.0
43.0 51.0
224.0 238.0
128.0 45.0
132.0 130.0
99.0 214.0
11.0 172.0
51.0 146.0
115.0 51.0
107.0 217.0
113.0 52.0
64.0 28.0
117.0 202.0
151.0 136.0
21.0 47.0
43.0 142.0
48.0 130.0
71.0 229.0
5.0 80.0
148.0 86.0
13.0 240.0
212.0 199.0
85.0 128.0
94.0 56.0
200.0 40.0
238.0 126.0
109.0 202.0
43.0 37.0
167.0 157.0
142.0 188.0
34.0 170.0
3.0 87.0
165.0 227.0
59.0 40.0
68.0 7.0
98.0 98.0
117.0 51.0
26.0 248.0
21.0 127.0
90.0 167.0
126.0 131.0
50.0 119.0
5.0 161.0
27.0 191.0
150.0 216.0
118.0 89.0
103.0 48.0
147.0 57.0
195.0 228.0
17.0 11.0
130.0 85.0
148.0 74.0
179.0 207.0
97.0 246.0
121.0 38.0
219.0 247.0
67.0 128.0
91.0 160.0
157.0 202.0
187.0 29.0
173.0 231.0
133.0 163.0
162.0 34.0
179.0 181.0
237.0 240.0
79.0 168.0
44.0 235.0
143.0 107.0
162.0 83.0
24.0 81.0
63.0 143.0
134.0 37.0
32.0 1.0
127.0 216.0
32.0 82.0
216.0 195.0
42.0 162.0
132.0 242.0
245.0 33.0
125.0 67.0
201.0 164.0
193.0 50.0
2.0 241.0
48.0 141.0
201.0 40.0
146.0 155.0
97.0 154.0
158.0 10.0
67.0 151.0
87.0 23.0
153.0 52.0
26.0 190.0
206.0 89.0
146.0 174.0
180.0 3.0
30.0 55.0
0.0 213.0
67.0 212.0
225.0 6.0
146.0 236.0
48.0 187.0
236.0 139.0
240.0 216.0
231.0 129.0
193.0 162.0
7.0 84.0
50.0 108.0
193.0 132.0
206.0 215.0
237.0 79.0
34.0 215.0
151.0 233.0
3.0 160.0
116.0 236.0
159.0 61.0
230.0 70.0
18.0 136.0
195.0 230.0
221.0 168.0
101.0 105.0
108.0 64.0
229.0 186.0
199.0 5.0
152.0 14.0
118.0 124.0
197.0 110.0
60.0 13.0
151.0 186.0
223.0 102.0
154.0 237.0
171.0 73.0
50.0 202.0
183.0 11.0
3.0 164.0
177.0 46.0
23.0 154.0
129.0 86.0
90.0 150.0
221.0 11.0
142.0 209.0
248.0 43.0
239.0 211.0
139.0 69.0
50.0 12.0
15.0 215.0
94.0 123.0
247.0 102.0
9.0 73.0
71.0 205.0
155.0 217.0
96.0 98.0
201.0 4.0
135.0 166.0
125.0 93.0
75.0 167.0
152.0 232.0
78.0 98.0
193.0 120.0
230.0 142.0
163.0 74.0
23.0 15.0
139.0 97.0
183.0 111.0
107.0 23.0
106.0 139.0
116.0 219.0
17.0 34.0
237.0 154.0
20.0 210.0
6.0 188.0
5.0 46.0
118.0 246.0
213.0 68.0
204.0 131.0
60.0 85.0
51.0 8.0
122.0 111.0
230.0 174.0
32.0 219.0
136.0 40.0
57.0 18.0
10.0 57.0
220.0 40.0
76.0 135.0
129.0 96.0
240.0 165.0
235.0 6.0
113.0 69.0
74.0 148.0
175.0 104.0
74.0 105.0
214.0 238.0
115.0 218.0
239.0 181.0
49.0 214.0
127.0 23.0
232.0 91.0
66.0 185.0
175.0 31.0
196.0 9.0
209.0 187.0
115.0 75.0
164.0 202.0
49.0 182.0
92.0 206.0
213.0 216.0
129.0 17.0
36.0 222.0
181.0 158.0
168.0 19.0
138.0 58.0
44.0 38.0
175.0 156.0
68.0 133.0
235.0 165.0
59.0 137.0
103.0 84.0
144.0 46.0
61.0 94.0
116.0 237.0
157.0 36.0
73.0 223.0
187.0 7.0
231.0 222.0
64.0 127.0
90.0 167.0
45.0 147.0
229.0 77.0
109.0 71.0
43.0 12.0
84.0 92.0
57.0 180.0
196.0 138.0
11.0 38.0
12.0 201.0
232.0 68.0
62.0 123.0
107.0 219.0
12.0 133.0
39.0 51.0
24.0 195.0
98.0 195.0
56.0 64.0
100.0 63.0
131.0 11.0
213.0 24.0
179.0 220.0
201.0 109.0
110.0 205.0
14.0 105.0
111.0 113.0
237.0 192.0
198.0 145.0

194.0 53.0
118.0 96.0
33.0 36.0
82.0 48.0
54.0 108.0
202.0 186.0
123.0 165.0
33.0 75.0
44.0 73.0
27.0 191.0
182.0 11.0
187.0 96.0
243.0 58.0
46.0 138.0
224.0 247.0
175.0 140.0
106.0 26.0
150.0 103.0
179.0 207.0
105.0 214.0
192.0 224.0
100.0 119.0
84.0 184.0
103.0 92.0
120.0 123.0
194.0 162.0
60.0 76.0
129.0 16.0
71.0 38.0
28.0 71.0
125.0 248.0
200.0 147.0
221.0 38.0
221.0 57.0
41.0 17.0
164.0 133.0
11.0 10.0
238.0 137.0
14.0 96.0
97.0 210.0
78.0 41.0
180.0 163.0
160.0 153.0
12.0 174.0
15.0 167.0
169.0 28.0
87.0 87.0
220.0 114.0
74.0 214.0
217.0 199.0
236.0 171.0
205.0 29.0
172.0 19.0
157.0 202.0
86.0 154.0
181.0 202.0
84.0 206.0
79.0 175.0
135.0 237.0
164.0 215.0
207.0 119.0
90.0 111.0
221.0 250.0
206.0 207.0
18.0 63.0
53.0 180.0
122.0 208.0
167.0 40.0
75.0 174.0
160.0 251.0
26.0 84.0
131.0 196.0
225.0 123.0
239.0 216.0
238.0 172.0
123.0 82.0
121.0 206.0
144.0 32.0
40.0 201.0
216.0 76.0
173.0 221.0
120.0 82.0
18.0 30.0
174.0 225.0
61.0 43.0
13.0 211.0
50.0 90.0
12.0 178.0
206.0 194.0
201.0 106.0
13.0 162.0
85.0 19.0
17.0 118.0
113.0 123.0
143.0 138.0
65.0 115.0
121.0 219.0
222.0 158.0
124.0 141.0
227.0 82.0
113.0 76.0
134.0 251.0
71.0 116.0
136.0 8.0
37.0 201.0
151.0 231.0
249.0 19.0
99.0 84.0
141.0 201.0
164.0 84.0
175.0 252.0
41.0 216.0
97.0 232.0
33.0 104.0
232.0 169.0
164.0 40.0
33.0 136.0
45.0 45.0
135.0 99.0
252.0 176.0
229.0 93.0
111.0 40.0
161.0 187.0
16.0 149.0
161.0 201.0
38.0 247.0
12.0 233.0
95.0 29.0
200.0 94.0
37.0 64.0
169.0 119.0
86.0 227.0
161.0 235.0
63.0 28.0
120.0 237.0
239.0 58.0
254.0 218.0
132.0 53.0
105.0 233.0
177.0 166.0
122.0 27.0
240.0 88.0
208.0 25.0
22.0 216.0
61.0 59.0
221.0 132.0
234.0 125.0
59.0 233.0
49.0 55.0
245.0 154.0
188.0 225.0
57.0 175.0
219.0 99.0
252.0 129.0
9.0 115.0
118.0 167.0
145.0 15.0
237.0 230.0
196.0 94.0
182.0 221.0
66.0 41.0
20.0 114.0
154.0 218.0
71.0 101.0
171.0 201.0
87.0 150.0
210.0 40.0
193.0 195.0
75.0 186.0
171.0 218.0
71.0 183.0
4.0 28.0
106.0 169.0
166.0 195.0
221.0 171.0
171.0 10.0
36.0 146.0
22.0 38.0
30.0 75.0
210.0 101.0
114.0 214.0
216.0 28.0
233.0 179.0
93.0 205.0
62.0 108.0
214.0 111.0
205.0 195.0
88.0 224.0
94.0 182.0
8.0 176.0
55.0 20.0
29.0 94.0
169.0 162.0
148.0 161.0
13.0 37.0
119.0 228.0
20.0 69.0
88.0 94.0
172.0 173.0
128.0 204.0
145.0 189.0
18.0 213.0
244.0 72.0
141.0 87.0
105.0 197.0
52.0 31.0
172.0 197.0
189.0 29.0
251.0 71.0
113.0 222.0
28.0 98.0
191.0 215.0
31.0 194.0
177.0 204.0
241.0 105.0
26.0 113.0
221.0 203.0
229.0 44.0
116.0 145.0
158.0 67.0
231.0 48.0
74.0 49.0
207.0 52.0
159.0 173.0
88.0 65.0
108.0 202.0
198.0 189.0
9.0 43.0
243.0 214.0
181.0 19.0
160.0 92.0
63.0 46.0
57.0 128.0
201.0 236.0
61.0 186.0
54.0 230.0
115.0 38.0
51.0 203.0
139.0 238.0
227.0 201.0
204.0 40.0
252.0 86.0
46.0 164.0
48.0 185.0
140.0 231.0
211.0 14.0
105.0 75.0
26.0 55.0
236.0 159.0
182.0 62.0
66.0 140.0
96.0 30.0
135.0 182.0
86.0 165.0
253.0 220.0
155.0 106.0
46.0 117.0
38.0 117.0
193.0 70.0
116.0 130.0
47.0 55.0
229.0 243.0
132.0 51.0
138.0 134.0
104.0 219.0
16.0 177.0
57.0 152.0
119.0 57.0
112.0 222.0
117.0 56.0
69.0 34.0
122.0 207.0
155.0 141.0
26.0 52.0
48.0 147.0
53.0 135.0
77.0 234.0
10.0 85.0
152.0 91.0
19.0 246.0
216.0 205.0
90.0 133.0
99.0 60.0
206.0 45.0
243.0 131.0
114.0 207.0
48.0 42.0
173.0 162.0
146.0 193.0
39.0 176.0
7.0 93.0
171.0 232.0
65.0 44.0
72.0 12.0
103.0 103.0
122.0 56.0
31.0 252.0
25.0 132.0
95.0 172.0
131.0 137.0
56.0 124.0
11.0 166.0
32.0 197.0
155.0 221.0
123.0 94.0
109.0 54.0
152.0 62.0
200.0 234.0
22.0 16.0
135.0 90.0
152.0 78.0
184.0 212.0
102.0 251.0
127.0 43.0
224.0 252.0
71.0 134.0
95.0 165.0
162.0 206.0
191.0 35.0
179.0 236.0
137.0 168.0
166.0 39.0
183.0 187.0
242.0 246.0
84.0 174.0
49.0 241.0
147.0 112.0
166.0 89.0
29.0 86.0
68.0 149.0
139.0 41.0
36.0 5.0
132.0 222.0
36.0 87.0
221.0 200.0
47.0 167.0
136.0 247.0
250.0 38.0
130.0 73.0
206.0 168.0
197.0 54.0
7.0 246.0
53.0 146.0
207.0 46.0
150.0 161.0
102.0 158.0
163.0 16.0
73.0 155.0
92.0 27.0
158.0 57.0
31.0 194.0
211.0 94.0
151.0 179.0
186.0 8.0
34.0 61.0
6.0 219.0
73.0 216.0
230.0 12.0
151.0 242.0
52.0 192.0
242.0 143.0
246.0 221.0
236.0 135.0
197.0 166.0
11.0 89.0
55.0 112.0
198.0 138.0
211.0 219.0
242.0 84.0
38.0 219.0
156.0 238.0
9.0 165.0
121.0 242.0
163.0 67.0
234.0 76.0
23.0 142.0
201.0 235.0
226.0 172.0
106.0 110.0
113.0 68.0
234.0 191.0
204.0 10.0
157.0 18.0
124.0 128.0
201.0 115.0
65.0 18.0
156.0 190.0
229.0 107.0
158.0 242.0
176.0 77.0
55.0 208.0
187.0 16.0
9.0 169.0
182.0 51.0
28.0 160.0
134.0 90.0
94.0 154.0
226.0 16.0
147.0 214.0
253.0 48.0
243.0 216.0
144.0 74.0
54.0 16.0
20.0 220.0
98.0 128.0
252.0 107.0
15.0 77.0
75.0 209.0
159.0 222.0
101.0 103.0
205.0 9.0
140.0 170.0
131.0 98.0
80.0 172.0
157.0 238.0
82.0 103.0
197.0 124.0
236.0 148.0
168.0 79.0
27.0 21.0
143.0 103.0
188.0 115.0
111.0 29.0
111.0 144.0
121.0 224.0
23.0 40.0
243.0 159.0
24.0 214.0
10.0 193.0
9.0 51.0
123.0 251.0
219.0 73.0
209.0 137.0
66.0 89.0
56.0 13.0
127.0 115.0
234.0 179.0
37.0 224.0
142.0 45.0
63.0 22.0
14.0 62.0
225.0 44.0
81.0 140.0
134.0 100.0
244.0 170.0
239.0 11.0
118.0 74.0
78.0 152.0
179.0 110.0
78.0 111.0
218.0 244.0
119.0 222.0
245.0 186.0
54.0 218.0
132.0 29.0
237.0 96.0
70.0 191.0
180.0 37.0
202.0 13.0
213.0 192.0
120.0 80.0
170.0 208.0
54.0 187.0
97.0 211.0
218.0 220.0
134.0 22.0
40.0 227.0
186.0 163.0
173.0 24.0
142.0 64.0
48.0 44.0
180.0 161.0
73.0 139.0
240.0 171.0
65.0 142.0
109.0 89.0
150.0 51.0
66.0 98.0
122.0 242.0
161.0 41.0
78.0 227.0
191.0 12.0
235.0 226.0
69.0 132.0
95.0 172.0
51.0 153.0
234.0 82.0
114.0 76.0
49.0 16.0
88.0 97.0
63.0 184.0
200.0 143.0
15.0 44.0
16.0 207.0
236.0 74.0
66.0 128.0
112.0 223.0
17.0 138.0
43.0 57.0
29.0 200.0
103.0 199.0
60.0 69.0
106.0 67.0
136.0 17.0
217.0 30.0
184.0 224.0
206.0 114.0
114.0 211.0
19.0 110.0
115.0 117.0
242.0 197.0
203.0 149.0
