1
512 1 3.0 0.0 1000.0 3 160 240 100

6.5 13.5 29.3 58.5
13.0 27.0 58.5 117.0
19.5 40.5 87.8 175.5
26.0 54.0 117.0 234.0
39.0 81.0 175.5 351.0
52.0 108.0 234.0 468.0
58.5 121.5 263.3 526.5
65.0 135.0 292.5 585.0
78.0 162.0 351.0 702.0
0.0 180.0 390.0 780.0

2.0 5.0 8.0 11.0
5.0 8.0 11.0 14.0
9.0 12.0 15.0 18.0
11.0 14.0 17.0 20.0
15.0 18.0 21.0 24.0
18.0 21.0 24.0 27.0
20.0 23.0 26.0 29.0
25.0 28.0 31.0 34.0
29.0 32.0 35.0 38.0
0.0 34.0 37.0 40.0

184.0 166.0
143.0 116.0
83.0 101.0
75.0 145.0
63.0 72.0
22.0 41.0
152.0 94.0
232.0 179.0
184.0 178.0
36.0 121.0
3.0 104.0
227.0 101.0
84.0 204.0
235.0 27.0
72.0 88.0
117.0 238.0
69.0 42.0
229.0 1.0
48.0 158.0
246.0 99.0
90.0 35.0
247.0 141.0
205.0 0.0
163.0 51.0
59.0 59.0
185.0 4.0
233.0 144.0
59.0 136.0
227.0 12.0
229.0 166.0
195.0 208.0
127.0 146.0
4.0 98.0
215.0 90.0
235.0 248.0
189.0 76.0
84.0 24.0
73.0 199.0
161.0 85.0
244.0 91.0
20.0 239.0
244.0 18.0
35.0 235.0
36.0 128.0
101.0 81.0
191.0 12.0
128.0 66.0
38.0 0.0
180.0 227.0
133.0 245.0
134.0 53.0
215.0 140.0
49.0 42.0
120.0 237.0
10.0 22.0
195.0 102.0
20.0 236.0
76.0 138.0
65.0 232.0
219.0 194.0
60.0 166.0
193.0 105.0
173.0 197.0
1.0 124.0
111.0 199.0
42.0 245.0
238.0 104.0
125.0 24.0
234.0 220.0
23.0 5.0
41.0 208.0
88.0 239.0
183.0 197.0
46.0 135.0
78.0 87.0
134.0 243.0
47.0 151.0
46.0 96.0
31.0 111.0
244.0 72.0
77.0 167.0
224.0 42.0
238.0 29.0
156.0 132.0
78.0 73.0
130.0 242.0
39.0 21.0
40.0 22.0
244.0 159.0
217.0 80.0
122.0 112.0
216.0 240.0
46.0 60.0
243.0 250.0
246.0 54.0
13.0 143.0
69.0 175.0
131.0 16.0
216.0 72.0
174.0 50.0
157.0 9.0
190.0 179.0
231.0 75.0
163.0 93.0
249.0 51.0
43.0 105.0
237.0 232.0
2.0 208.0
22.0 63.0
154.0 206.0
151.0 12.0
18.0 136.0
236.0 166.0
80.0 239.0
92.0 93.0
125.0 55.0
126.0 89.0
57.0 53.0
231.0 230.0
5.0 220.0
247.0 205.0
63.0 158.0
148.0 243.0
79.0 239.0
120.0 235.0
225.0 235.0
64.0 220.0
133.0 106.0
78.0 239.0
198.0 225.0
69.0 78.0
224.0 120.0
167.0 30.0
129.0 110.0
232.0 99.0
247.0 61.0
239.0 115.0
101.0 12.0
210.0 76.0
28.0 2.0
108.0 64.0
170.0 248.0
230.0 172.0
84.0 123.0
144.0 159.0
116.0 196.0
78.0 148.0
155.0 171.0
183.0 217.0
45.0 113.0
207.0 57.0
150.0 166.0
121.0 193.0
208.0 24.0
103.0 44.0
121.0 248.0
73.0 208.0
164.0 54.0
21.0 125.0
151.0 34.0
225.0 111.0
165.0 84.0
224.0 67.0
13.0 101.0
244.0 207.0
133.0 106.0
101.0 247.0
247.0 238.0
127.0 25.0
109.0 141.0
32.0 110.0
14.0 72.0
117.0 3.0
47.0 114.0
128.0 110.0
108.0 213.0
51.0 212.0
74.0 40.0
231.0 247.0
0.0 20.0
33.0 242.0
101.0 161.0
26.0 89.0
41.0 139.0
31.0 134.0
146.0 159.0
163.0 140.0
193.0 167.0
50.0 222.0
9.0 57.0
9.0 188.0
172.0 75.0
234.0 16.0
162.0 193.0
138.0 8.0
124.0 18.0
38.0 3.0
235.0 146.0
206.0 38.0
199.0 151.0
86.0 234.0
225.0 230.0
80.0 160.0
169.0 83.0
91.0 79.0
42.0 177.0
81.0 210.0
197.0 82.0
217.0 22.0
33.0 157.0
240.0 87.0
137.0 171.0
2.0 116.0
95.0 228.0
176.0 91.0
247.0 231.0
220.0 236.0
12.0 119.0
218.0 118.0
177.0 236.0
54.0 243.0
134.0 202.0
166.0 72.0
118.0 249.0
215.0 184.0
25.0 41.0
42.0 141.0
239.0 49.0
115.0 166.0
207.0 131.0
223.0 46.0
18.0 18.0
235.0 13.0
127.0 215.0
70.0 136.0
114.0 165.0
54.0 89.0
213.0 43.0
191.0 223.0
150.0 156.0
165.0 166.0
151.0 202.0
196.0 12.0
17.0 223.0
211.0 200.0
11.0 144.0
83.0 7.0
92.0 93.0
1.0 149.0
89.0 36.0
123.0 23.0
243.0 39.0
192.0 213.0
92.0 56.0
127.0 177.0
229.0 200.0
167.0 103.0
48.0 7.0
199.0 228.0
140.0 26.0
212.0 234.0
57.0 129.0
136.0 145.0
249.0 237.0
147.0 203.0
12.0 238.0
60.0 30.0
131.0 167.0
10.0 182.0
167.0 50.0
186.0 15.0
209.0 109.0
181.0 105.0
170.0 90.0
91.0 15.0
61.0 56.0
74.0 17.0
197.0 30.0
104.0 206.0
154.0 188.0
14.0 215.0
52.0 120.0
199.0 109.0
98.0 1.0
178.0 48.0
110.0 43.0
21.0 146.0
58.0 195.0
223.0 17.0
234.0 108.0
146.0 52.0
204.0 187.0
232.0 32.0
34.0 130.0
240.0 15.0
65.0 147.0
92.0 213.0
98.0 138.0
196.0 171.0
161.0 152.0
194.0 104.0
64.0 20.0
163.0 65.0
54.0 114.0
60.0 178.0
164.0 1.0
72.0 232.0
166.0 77.0
46.0 6.0
114.0 57.0
31.0 238.0
15.0 39.0
223.0 222.0
222.0 156.0
231.0 91.0
232.0 140.0
80.0 140.0
91.0 193.0
225.0 111.0
229.0 123.0
156.0 175.0
40.0 250.0
200.0 167.0
157.0 174.0
247.0 171.0
124.0 44.0
136.0 138.0
19.0 19.0
40.0 21.0
122.0 208.0
214.0 220.0
57.0 154.0
72.0 203.0
114.0 6.0
91.0 221.0
62.0 90.0
113.0 106.0
39.0 131.0
186.0 198.0
201.0 225.0
128.0 16.0
87.0 187.0
89.0 81.0
10.0 230.0
167.0 151.0
66.0 5.0
221.0 141.0
170.0 63.0
72.0 105.0
115.0 146.0
113.0 194.0
179.0 248.0
124.0 83.0
133.0 228.0
203.0 151.0
74.0 34.0
247.0 49.0
53.0 201.0
237.0 47.0
43.0 62.0
161.0 173.0
90.0 192.0
192.0 175.0
80.0 171.0
90.0 178.0
79.0 46.0
59.0 195.0
46.0 207.0
160.0 242.0
33.0 187.0
135.0 96.0
6.0 217.0
113.0 56.0
52.0 179.0
190.0 138.0
230.0 157.0
209.0 175.0
193.0 107.0
132.0 142.0
224.0 224.0
187.0 34.0
188.0 148.0
55.0 11.0
165.0 207.0
172.0 2.0
136.0 226.0
26.0 103.0
125.0 216.0
140.0 104.0
34.0 101.0
13.0 81.0
197.0 170.0
73.0 33.0
29.0 36.0
47.0 115.0
154.0 170.0
175.0 74.0
19.0 158.0
30.0 63.0
16.0 132.0
34.0 70.0
217.0 142.0
23.0 3.0
148.0 50.0
87.0 52.0
63.0 88.0
174.0 242.0
20.0 25.0
35.0 164.0
108.0 225.0
147.0 184.0
241.0 165.0
59.0 243.0
240.0 54.0
165.0 163.0
7.0 10.0
234.0 200.0
129.0 67.0
69.0 142.0
81.0 77.0
5.0 59.0
18.0 164.0
241.0 130.0
173.0 173.0
94.0 36.0
236.0 135.0
36.0 206.0
112.0 83.0
234.0 40.0
50.0 94.0
86.0 20.0
169.0 29.0
79.0 204.0
244.0 231.0
105.0 144.0
163.0 1.0
180.0 90.0
34.0 12.0
71.0 155.0
227.0 100.0
158.0 178.0
212.0 201.0
162.0 69.0
103.0 22.0
181.0 23.0
130.0 75.0
58.0 247.0
96.0 40.0
129.0 202.0
150.0 213.0
8.0 161.0
60.0 127.0
84.0 175.0
197.0 231.0
11.0 138.0
40.0 86.0
243.0 183.0
26.0 88.0
6.0 196.0
198.0 61.0
157.0 71.0
85.0 89.0
181.0 122.0
147.0 64.0
152.0 140.0
98.0 204.0
40.0 140.0
61.0 124.0
64.0 167.0
244.0 96.0
91.0 65.0
204.0 210.0
165.0 222.0
50.0 203.0
36.0 56.0
228.0 22.0
150.0 139.0
141.0 31.0
90.0 95.0
136.0 53.0
63.0 38.0
195.0 14.0
46.0 74.0
26.0 30.0
42.0 250.0
1.0 62.0
219.0 101.0
245.0 111.0
237.0 45.0
236.0 195.0
144.0 169.0
65.0 222.0
63.0 16.0
90.0 110.0
142.0 45.0
31.0 147.0
123.0 4.0
98.0 77.0
141.0 11.0
77.0 7.0
205.0 195.0
84.0 29.0
129.0 90.0
59.0 243.0
215.0 245.0
61.0 223.0
97.0 115.0
69.0 235.0
169.0 82.0
234.0 100.0
117.0 35.0
148.0 180.0

189.0 172.0
149.0 120.0
89.0 106.0
79.0 150.0
67.0 77.0
27.0 45.0
157.0 99.0
237.0 184.0
188.0 184.0
40.0 126.0
7.0 109.0
232.0 106.0
90.0 210.0
239.0 32.0
76.0 93.0
122.0 242.0
73.0 48.0
234.0 7.0
52.0 163.0
251.0 105.0
96.0 40.0
253.0 147.0
211.0 4.0
169.0 56.0
63.0 64.0
190.0 9.0
237.0 150.0
64.0 141.0
233.0 16.0
235.0 171.0
199.0 213.0
131.0 150.0
10.0 103.0
220.0 95.0
241.0 253.0
194.0 82.0
88.0 29.0
78.0 203.0
166.0 90.0
250.0 96.0
25.0 243.0
250.0 23.0
39.0 240.0
40.0 133.0
105.0 86.0
196.0 18.0
132.0 72.0
43.0 6.0
184.0 233.0
139.0 249.0
139.0 58.0
220.0 145.0
54.0 47.0
125.0 241.0
15.0 26.0
200.0 107.0
26.0 240.0
80.0 143.0
70.0 238.0
223.0 198.0
65.0 171.0
197.0 110.0
178.0 201.0
6.0 130.0
115.0 204.0
47.0 251.0
242.0 109.0
130.0 30.0
240.0 224.0
29.0 11.0
46.0 213.0
92.0 244.0
188.0 203.0
51.0 139.0
82.0 92.0
139.0 247.0
53.0 156.0
50.0 102.0
36.0 115.0
250.0 77.0
81.0 171.0
230.0 48.0
243.0 34.0
161.0 136.0
83.0 78.0
136.0 248.0
45.0 26.0
45.0 27.0
248.0 164.0
222.0 85.0
126.0 117.0
221.0 246.0
51.0 66.0
249.0 255.0
251.0 58.0
17.0 148.0
75.0 180.0
136.0 21.0
221.0 77.0
179.0 56.0
161.0 14.0
195.0 185.0
235.0 81.0
169.0 98.0
253.0 57.0
48.0 111.0
243.0 237.0
7.0 213.0
28.0 69.0
160.0 211.0
157.0 17.0
23.0 141.0
241.0 170.0
85.0 244.0
96.0 97.0
130.0 61.0
130.0 95.0
62.0 58.0
235.0 235.0
10.0 225.0
252.0 210.0
67.0 164.0
153.0 248.0
84.0 243.0
126.0 240.0
231.0 239.0
69.0 225.0
138.0 112.0
83.0 243.0
204.0 231.0
74.0 83.0
230.0 126.0
173.0 35.0
133.0 114.0
237.0 104.0
252.0 65.0
244.0 120.0
106.0 16.0
215.0 81.0
33.0 7.0
112.0 68.0
176.0 253.0
235.0 178.0
88.0 128.0
149.0 164.0
121.0 201.0
84.0 154.0
160.0 177.0
187.0 222.0
49.0 119.0
211.0 62.0
155.0 171.0
125.0 198.0
212.0 29.0
109.0 48.0
126.0 252.0
78.0 214.0
168.0 58.0
26.0 130.0
157.0 38.0
230.0 116.0
169.0 88.0
228.0 71.0
19.0 106.0
248.0 213.0
138.0 111.0
106.0 252.0
251.0 243.0
131.0 30.0
113.0 147.0
37.0 114.0
18.0 77.0
122.0 7.0
52.0 118.0
133.0 116.0
113.0 218.0
55.0 217.0
79.0 44.0
235.0 253.0
5.0 25.0
37.0 247.0
105.0 165.0
32.0 94.0
45.0 144.0
36.0 140.0
151.0 163.0
169.0 145.0
197.0 173.0
56.0 227.0
13.0 62.0
13.0 193.0
178.0 79.0
240.0 20.0
166.0 198.0
144.0 13.0
128.0 24.0
43.0 7.0
240.0 151.0
211.0 43.0
204.0 155.0
91.0 239.0
230.0 234.0
84.0 164.0
173.0 89.0
95.0 84.0
47.0 181.0
86.0 214.0
202.0 88.0
221.0 27.0
38.0 163.0
245.0 92.0
142.0 175.0
8.0 121.0
100.0 233.0
181.0 95.0
253.0 236.0
224.0 240.0
17.0 124.0
222.0 123.0
181.0 240.0
60.0 248.0
139.0 207.0
172.0 76.0
122.0 254.0
219.0 188.0
31.0 47.0
47.0 146.0
244.0 55.0
120.0 172.0
212.0 135.0
228.0 51.0
23.0 24.0
241.0 18.0
132.0 221.0
75.0 142.0
119.0 169.0
59.0 95.0
219.0 49.0
196.0 229.0
155.0 162.0
170.0 171.0
156.0 207.0
200.0 16.0
21.0 229.0
215.0 206.0
17.0 149.0
88.0 11.0
96.0 97.0
7.0 154.0
93.0 41.0
129.0 29.0
248.0 44.0
198.0 218.0
96.0 61.0
131.0 182.0
234.0 204.0
172.0 109.0
53.0 12.0
204.0 232.0
144.0 31.0
218.0 239.0
63.0 135.0
141.0 150.0
253.0 242.0
152.0 208.0
17.0 242.0
66.0 34.0
135.0 173.0
15.0 187.0
172.0 55.0
191.0 20.0
214.0 114.0
186.0 111.0
175.0 96.0
97.0 19.0
66.0 62.0
79.0 22.0
202.0 35.0
108.0 210.0
159.0 193.0
19.0 220.0
57.0 125.0
204.0 115.0
103.0 7.0
184.0 54.0
116.0 47.0
26.0 152.0
63.0 200.0
228.0 21.0
240.0 112.0
150.0 57.0
210.0 191.0
237.0 36.0
40.0 135.0
245.0 21.0
71.0 152.0
96.0 219.0
103.0 144.0
201.0 176.0
165.0 158.0
198.0 109.0
69.0 25.0
167.0 70.0
59.0 119.0
66.0 182.0
170.0 7.0
77.0 236.0
171.0 82.0
51.0 11.0
118.0 63.0
35.0 242.0
20.0 44.0
228.0 227.0
227.0 161.0
237.0 97.0
237.0 145.0
86.0 146.0
96.0 198.0
231.0 116.0
234.0 128.0
161.0 180.0
45.0 255.0
204.0 172.0
162.0 178.0
253.0 176.0
130.0 49.0
141.0 144.0
23.0 24.0
44.0 26.0
128.0 214.0
220.0 224.0
62.0 160.0
78.0 208.0
118.0 11.0
97.0 226.0
67.0 95.0
119.0 111.0
43.0 135.0
191.0 202.0
206.0 229.0
133.0 22.0
92.0 193.0
95.0 85.0
14.0 236.0
173.0 156.0
72.0 11.0
226.0 146.0
176.0 68.0
77.0 110.0
120.0 152.0
117.0 199.0
184.0 253.0
129.0 88.0
137.0 233.0
209.0 156.0
79.0 39.0
253.0 55.0
57.0 206.0
242.0 52.0
48.0 68.0
166.0 178.0
96.0 198.0
196.0 180.0
86.0 177.0
96.0 183.0
85.0 50.0
65.0 201.0
50.0 212.0
166.0 247.0
39.0 191.0
139.0 100.0
11.0 222.0
117.0 61.0
57.0 185.0
195.0 143.0
235.0 162.0
214.0 179.0
198.0 111.0
136.0 146.0
229.0 230.0
191.0 39.0
194.0 153.0
60.0 16.0
171.0 212.0
177.0 7.0
140.0 232.0
32.0 107.0
130.0 221.0
144.0 109.0
39.0 106.0
17.0 87.0
203.0 176.0
77.0 38.0
34.0 42.0
52.0 120.0
160.0 174.0
180.0 79.0
25.0 164.0
34.0 69.0
20.0 136.0
39.0 75.0
221.0 146.0
28.0 9.0
153.0 55.0
92.0 58.0
69.0 93.0
179.0 248.0
25.0 31.0
40.0 169.0
114.0 230.0
151.0 188.0
247.0 170.0
63.0 249.0
245.0 58.0
170.0 167.0
12.0 14.0
240.0 205.0
134.0 72.0
74.0 147.0
86.0 82.0
10.0 65.0
22.0 170.0
245.0 136.0
178.0 179.0
99.0 40.0
240.0 139.0
41.0 211.0
117.0 87.0
239.0 45.0
55.0 100.0
91.0 24.0
174.0 34.0
83.0 210.0
248.0 236.0
110.0 150.0
168.0 6.0
185.0 95.0
39.0 17.0
77.0 159.0
233.0 105.0
162.0 184.0
217.0 206.0
167.0 74.0
109.0 27.0
186.0 27.0
135.0 80.0
63.0 253.0
101.0 45.0
134.0 207.0
156.0 218.0
14.0 167.0
65.0 131.0
89.0 179.0
202.0 236.0
16.0 143.0
44.0 92.0
248.0 188.0
30.0 94.0
11.0 201.0
203.0 65.0
162.0 75.0
91.0 93.0
186.0 128.0
152.0 69.0
157.0 144.0
104.0 208.0
45.0 146.0
66.0 129.0
69.0 172.0
249.0 101.0
96.0 71.0
208.0 215.0
169.0 228.0
54.0 208.0
42.0 60.0
233.0 26.0
154.0 145.0
146.0 36.0
96.0 100.0
141.0 58.0
68.0 44.0
200.0 18.0
51.0 78.0
31.0 36.0
47.0 255.0
6.0 67.0
224.0 106.0
250.0 117.0
241.0 50.0
241.0 199.0
149.0 174.0
70.0 226.0
68.0 21.0
95.0 114.0
146.0 51.0
37.0 151.0
128.0 9.0
103.0 81.0
147.0 15.0
82.0 12.0
211.0 199.0
90.0 33.0
135.0 94.0
64.0 248.0
220.0 250.0
66.0 228.0
102.0 121.0
74.0 239.0
173.0 87.0
239.0 104.0
121.0 40.0
152.0 184.0
