1
512 1 3.0 0.0 1000.0 3 160 240 100

6.5 13.5 29.3 58.5
13.0 27.0 58.5 117.0
19.5 40.5 87.8 175.5
26.0 54.0 117.0 234.0
39.0 81.0 175.5 351.0
52.0 108.0 234.0 468.0
58.5 121.5 263.3 526.5
65.0 135.0 292.5 585.0
78.0 162.0 351.0 702.0
0.0 180.0 390.0 780.0

2.0 5.0 8.0 11.0
5.0 8.0 11.0 14.0
9.0 12.0 15.0 18.0
11.0 14.0 17.0 20.0
15.0 18.0 21.0 24.0
18.0 21.0 24.0 27.0
20.0 23.0 26.0 29.0
25.0 28.0 31.0 34.0
29.0 32.0 35.0 38.0
0.0 34.0 37.0 40.0

31.0 87.0
240.0 195.0
129.0 117.0
226.0 245.0
120.0 113.0
125.0 65.0
66.0 160.0
96.0 47.0
80.0 72.0
238.0 60.0
15.0 29.0
213.0 41.0
65.0 212.0
145.0 111.0
43.0 142.0
100.0 186.0
151.0 192.0
246.0 89.0
125.0 67.0
97.0 241.0
211.0 123.0
92.0 89.0
218.0 192.0
21.0 198.0
231.0 145.0
174.0 44.0
103.0 246.0
113.0 92.0
192.0 163.0
55.0 20.0
83.0 41.0
141.0 81.0
130.0 139.0
220.0 93.0
193.0 74.0
31.0 147.0
22.0 29.0
31.0 172.0
40.0 103.0
160.0 63.0
106.0 30.0
133.0 137.0
131.0 77.0
181.0 244.0
7.0 223.0
225.0 179.0
87.0 41.0
3.0 102.0
64.0 24.0
36.0 212.0
106.0 148.0
54.0 41.0
214.0 35.0
154.0 222.0
50.0 142.0
198.0 209.0
61.0 196.0
70.0 202.0
33.0 201.0
196.0 125.0
16.0 94.0
69.0 19.0
139.0 3.0
56.0 83.0
122.0 68.0
92.0 111.0
135.0 143.0
183.0 169.0
189.0 223.0
189.0 130.0
66.0 32.0
174.0 54.0
124.0 245.0
192.0 149.0
93.0 150.0
149.0 161.0
70.0 114.0
241.0 77.0
218.0 13.0
243.0 94.0
237.0 124.0
15.0 131.0
0.0 16.0
124.0 198.0
40.0 60.0
73.0 21.0
153.0 228.0
172.0 133.0
184.0 160.0
153.0 189.0
139.0 59.0
192.0 80.0
55.0 6.0
73.0 7.0
147.0 144.0
26.0 198.0
55.0 189.0
97.0 42.0
62.0 86.0
209.0 229.0
248.0 155.0
150.0 17.0
67.0 168.0
21.0 101.0
192.0 75.0
249.0 90.0
240.0 179.0
80.0 167.0
91.0 142.0
30.0 88.0
39.0 207.0
85.0 206.0
129.0 157.0
248.0 53.0
21.0 39.0
101.0 52.0
121.0 19.0
114.0 242.0
200.0 41.0
235.0 240.0
101.0 21.0
111.0 190.0
151.0 136.0
115.0 30.0
226.0 49.0
148.0 229.0
241.0 14.0
8.0 187.0
113.0 77.0
185.0 69.0
109.0 187.0
231.0 152.0
246.0 71.0
205.0 81.0
27.0 34.0
213.0 221.0
67.0 195.0
156.0 152.0
5.0 183.0
97.0 100.0
134.0 166.0
232.0 230.0
27.0 134.0
240.0 226.0
211.0 164.0
131.0 198.0
36.0 229.0
250.0 223.0
181.0 147.0
155.0 187.0
49.0 99.0
182.0 108.0
140.0 208.0
25.0 220.0
13.0 211.0
13.0 143.0
55.0 102.0
51.0 37.0
48.0 152.0
25.0 182.0
118.0 57.0
11.0 11.0
188.0 4.0
220.0 167.0
150.0 6.0
132.0 241.0
240.0 205.0
142.0 118.0
208.0 99.0
36.0 230.0
157.0 9.0
236.0 16.0
246.0 143.0
35.0 3.0
26.0 173.0
106.0 195.0
217.0 73.0
145.0 49.0
66.0 249.0
60.0 111.0
239.0 90.0
187.0 204.0
241.0 99.0
63.0 126.0
199.0 92.0
122.0 116.0
135.0 19.0
219.0 176.0
172.0 14.0
217.0 142.0
197.0 87.0
166.0 191.0
26.0 216.0
191.0 79.0
238.0 112.0
244.0 156.0
92.0 31.0
197.0 84.0
56.0 61.0
78.0 179.0
20.0 100.0
31.0 169.0
57.0 94.0
192.0 188.0
205.0 131.0
181.0 140.0
6.0 69.0
26.0 147.0
142.0 189.0
99.0 104.0
32.0 154.0
243.0 144.0
105.0 158.0
64.0 185.0
250.0 165.0
181.0 245.0
5.0 239.0
21.0 45.0
141.0 6.0
103.0 231.0
64.0 112.0
5.0 110.0
58.0 91.0
88.0 93.0
185.0 144.0
46.0 121.0
229.0 111.0
221.0 158.0
124.0 6.0
157.0 120.0
137.0 34.0
170.0 229.0
109.0 79.0
54.0 19.0
156.0 206.0
68.0 108.0
17.0 36.0
210.0 105.0
56.0 180.0
34.0 119.0
244.0 199.0
138.0 127.0
10.0 149.0
232.0 32.0
136.0 72.0
6.0 68.0
234.0 99.0
95.0 226.0
106.0 158.0
240.0 248.0
121.0 77.0
67.0 0.0
72.0 198.0
202.0 118.0
0.0 175.0
15.0 140.0
75.0 188.0
103.0 126.0
153.0 123.0
165.0 113.0
217.0 76.0
4.0 28.0
201.0 109.0
198.0 29.0
31.0 236.0
35.0 27.0
246.0 197.0
132.0 231.0
172.0 117.0
216.0 97.0
135.0 232.0
103.0 144.0
42.0 173.0
237.0 142.0
227.0 84.0
186.0 13.0
227.0 215.0
94.0 84.0
37.0 132.0
116.0 140.0
127.0 53.0
188.0 45.0
130.0 95.0
52.0 18.0
144.0 46.0
17.0 199.0
139.0 89.0
235.0 209.0
66.0 200.0
99.0 220.0
35.0 40.0
188.0 119.0
8.0 175.0
221.0 157.0
27.0 73.0
70.0 25.0
40.0 89.0
178.0 144.0
207.0 6.0
60.0 233.0
139.0 230.0
91.0 47.0
75.0 65.0
153.0 3.0
68.0 59.0
205.0 189.0
63.0 207.0
234.0 104.0
71.0 135.0
23.0 13.0
185.0 173.0
61.0 121.0
15.0 70.0
170.0 79.0
189.0 134.0
33.0 160.0
83.0 159.0
91.0 243.0
85.0 75.0
105.0 49.0
164.0 39.0
226.0 167.0
174.0 26.0
1.0 178.0
53.0 25.0
30.0 25.0
201.0 19.0
71.0 98.0
91.0 226.0
203.0 22.0
11.0 154.0
186.0 4.0
118.0 82.0
31.0 118.0
81.0 134.0
40.0 226.0
114.0 188.0
182.0 72.0
52.0 162.0
229.0 102.0
152.0 38.0
103.0 177.0
137.0 56.0
1.0 112.0
45.0 49.0
138.0 72.0
31.0 225.0
20.0 147.0
49.0 11.0
236.0 248.0
196.0 116.0
48.0 33.0
12.0 71.0
136.0 124.0
148.0 18.0
163.0 194.0
78.0 133.0
139.0 73.0
119.0 90.0
120.0 66.0
88.0 51.0
102.0 13.0
219.0 246.0
10.0 154.0
40.0 230.0
32.0 205.0
226.0 11.0
64.0 92.0
236.0 23.0
141.0 109.0
128.0 239.0
249.0 85.0
247.0 47.0
6.0 194.0
37.0 47.0
10.0 117.0
63.0 23.0
185.0 72.0
107.0 111.0
59.0 38.0
57.0 52.0
193.0 71.0
76.0 185.0
55.0 158.0
140.0 166.0
186.0 132.0
63.0 224.0
79.0 228.0
225.0 46.0
246.0 159.0
236.0 233.0
11.0 183.0
134.0 40.0
135.0 174.0
232.0 222.0
187.0 8.0
66.0 80.0
139.0 188.0
206.0 134.0
219.0 126.0
1.0 157.0
137.0 131.0
130.0 127.0
90.0 158.0
176.0 193.0
17.0 227.0
214.0 88.0
167.0 202.0
240.0 220.0
52.0 203.0
82.0 242.0
231.0 236.0
226.0 209.0
127.0 175.0
76.0 245.0
180.0 41.0
214.0 202.0
190.0 125.0
52.0 123.0
4.0 246.0
55.0 97.0
39.0 63.0
65.0 198.0
169.0 138.0
32.0 234.0
83.0 8.0
42.0 107.0
36.0 109.0
87.0 140.0
200.0 177.0
89.0 53.0
186.0 104.0
238.0 62.0
58.0 233.0
48.0 159.0
26.0 208.0
54.0 174.0
37.0 236.0
178.0 49.0
54.0 242.0
73.0 61.0
122.0 164.0
87.0 29.0
153.0 237.0
33.0 132.0
130.0 131.0
41.0 249.0
48.0 177.0
39.0 62.0
171.0 174.0
25.0 217.0
39.0 116.0
47.0 155.0
192.0 235.0
178.0 38.0
147.0 56.0
33.0 246.0
248.0 225.0
230.0 8.0
34.0 215.0
228.0 15.0
115.0 17.0
62.0 187.0
91.0 48.0
39.0 95.0
122.0 26.0
25.0 67.0
51.0 150.0
38.0 95.0
79.0 224.0
125.0 228.0
8.0 173.0
133.0 160.0
175.0 234.0
216.0 90.0
226.0 127.0
60.0 194.0
221.0 120.0
65.0 142.0
97.0 181.0
56.0 135.0
108.0 237.0
171.0 28.0
135.0 112.0
100.0 129.0
118.0 46.0
207.0 108.0
128.0 247.0
90.0 5.0
198.0 233.0
218.0 119.0
70.0 54.0
91.0 161.0
82.0 34.0
187.0 69.0
1.0 230.0
6.0 242.0
131.0 132.0
108.0 228.0
132.0 179.0
77.0 229.0
18.0 239.0
185.0 101.0
122.0 245.0
65.0 75.0
136.0 16.0
31.0 4.0
139.0 85.0
245.0 247.0
93.0 177.0
237.0 109.0
85.0 43.0

35.0 92.0
245.0 199.0
133.0 123.0
231.0 250.0
124.0 118.0
130.0 70.0
71.0 164.0
100.0 52.0
85.0 76.0
242.0 66.0
20.0 34.0
218.0 46.0
71.0 216.0
150.0 117.0
49.0 148.0
106.0 192.0
156.0 198.0
251.0 94.0
130.0 72.0
103.0 246.0
216.0 128.0
98.0 94.0
224.0 198.0
26.0 204.0
236.0 150.0
179.0 48.0
108.0 251.0
118.0 98.0
198.0 169.0
59.0 25.0
87.0 46.0
147.0 86.0
135.0 144.0
225.0 99.0
198.0 79.0
35.0 151.0
28.0 33.0
36.0 177.0
46.0 108.0
164.0 67.0
112.0 36.0
138.0 142.0
137.0 83.0
187.0 250.0
12.0 227.0
230.0 185.0
92.0 46.0
8.0 108.0
68.0 29.0
41.0 218.0
111.0 153.0
59.0 45.0
219.0 40.0
160.0 227.0
55.0 148.0
203.0 215.0
66.0 202.0
74.0 206.0
38.0 205.0
202.0 130.0
21.0 99.0
75.0 23.0
145.0 9.0
61.0 89.0
127.0 73.0
97.0 116.0
140.0 148.0
187.0 175.0
193.0 227.0
194.0 135.0
71.0 37.0
179.0 58.0
130.0 250.0
198.0 153.0
98.0 156.0
154.0 167.0
75.0 120.0
247.0 82.0
222.0 18.0
248.0 99.0
243.0 129.0
20.0 136.0
5.0 20.0
130.0 203.0
45.0 65.0
78.0 27.0
158.0 232.0
177.0 138.0
188.0 164.0
158.0 193.0
144.0 65.0
196.0 85.0
61.0 11.0
78.0 11.0
152.0 150.0
32.0 202.0
60.0 193.0
103.0 47.0
68.0 92.0
215.0 233.0
253.0 160.0
155.0 23.0
71.0 173.0
26.0 107.0
197.0 79.0
253.0 94.0
245.0 185.0
85.0 171.0
95.0 147.0
35.0 92.0
45.0 212.0
89.0 211.0
134.0 161.0
252.0 57.0
27.0 43.0
106.0 57.0
126.0 24.0
119.0 247.0
205.0 46.0
239.0 245.0
105.0 27.0
116.0 195.0
156.0 141.0
119.0 36.0
232.0 53.0
152.0 235.0
245.0 18.0
13.0 193.0
118.0 82.0
190.0 74.0
114.0 191.0
237.0 157.0
251.0 76.0
211.0 87.0
31.0 38.0
217.0 226.0
72.0 200.0
160.0 157.0
10.0 187.0
103.0 106.0
138.0 171.0
237.0 236.0
32.0 138.0
245.0 232.0
216.0 168.0
136.0 203.0
41.0 234.0
255.0 227.0
186.0 152.0
160.0 192.0
55.0 105.0
187.0 114.0
145.0 212.0
30.0 226.0
17.0 215.0
18.0 148.0
61.0 108.0
56.0 41.0
52.0 157.0
31.0 187.0
122.0 63.0
16.0 15.0
193.0 9.0
225.0 172.0
154.0 11.0
137.0 245.0
245.0 210.0
147.0 123.0
213.0 105.0
42.0 235.0
161.0 15.0
240.0 20.0
251.0 149.0
40.0 7.0
30.0 178.0
111.0 200.0
222.0 78.0
149.0 53.0
70.0 254.0
66.0 115.0
244.0 95.0
192.0 210.0
247.0 103.0
67.0 131.0
204.0 98.0
128.0 121.0
140.0 25.0
224.0 180.0
176.0 19.0
221.0 146.0
202.0 92.0
172.0 196.0
31.0 222.0
196.0 83.0
243.0 117.0
249.0 162.0
97.0 37.0
201.0 89.0
61.0 65.0
84.0 184.0
24.0 105.0
36.0 174.0
63.0 98.0
196.0 193.0
210.0 135.0
186.0 145.0
11.0 74.0
31.0 151.0
147.0 195.0
104.0 110.0
36.0 159.0
249.0 148.0
110.0 163.0
68.0 190.0
254.0 170.0
185.0 251.0
11.0 244.0
26.0 51.0
147.0 12.0
108.0 237.0
69.0 117.0
10.0 115.0
63.0 97.0
93.0 97.0
190.0 149.0
50.0 127.0
235.0 117.0
226.0 163.0
128.0 11.0
162.0 125.0
143.0 38.0
175.0 234.0
114.0 85.0
59.0 23.0
162.0 211.0
72.0 114.0
23.0 42.0
215.0 110.0
60.0 186.0
39.0 124.0
248.0 204.0
143.0 133.0
14.0 155.0
236.0 37.0
141.0 76.0
10.0 72.0
239.0 103.0
99.0 231.0
111.0 163.0
244.0 252.0
125.0 81.0
71.0 5.0
76.0 203.0
206.0 122.0
5.0 179.0
21.0 145.0
80.0 192.0
109.0 132.0
158.0 128.0
170.0 118.0
222.0 81.0
10.0 34.0
205.0 115.0
204.0 33.0
36.0 242.0
41.0 32.0
251.0 202.0
138.0 236.0
177.0 123.0
220.0 102.0
141.0 237.0
108.0 149.0
47.0 177.0
241.0 148.0
232.0 89.0
191.0 18.0
231.0 220.0
99.0 89.0
41.0 137.0
122.0 145.0
132.0 59.0
194.0 50.0
135.0 101.0
56.0 23.0
149.0 52.0
23.0 204.0
145.0 95.0
240.0 213.0
72.0 205.0
103.0 226.0
40.0 44.0
193.0 124.0
13.0 179.0
225.0 162.0
32.0 78.0
76.0 30.0
45.0 95.0
184.0 149.0
211.0 11.0
65.0 237.0
145.0 234.0
96.0 53.0
80.0 71.0
157.0 8.0
74.0 64.0
209.0 194.0
68.0 213.0
240.0 110.0
77.0 141.0
27.0 18.0
190.0 177.0
66.0 127.0
20.0 76.0
176.0 84.0
195.0 139.0
38.0 165.0
88.0 164.0
96.0 248.0
91.0 80.0
111.0 54.0
169.0 44.0
231.0 172.0
179.0 32.0
6.0 183.0
58.0 31.0
35.0 31.0
207.0 25.0
77.0 103.0
95.0 231.0
208.0 27.0
16.0 160.0
191.0 9.0
124.0 86.0
35.0 123.0
86.0 138.0
45.0 232.0
119.0 193.0
188.0 77.0
58.0 168.0
235.0 107.0
157.0 43.0
108.0 183.0
143.0 60.0
6.0 118.0
50.0 54.0
143.0 77.0
36.0 230.0
24.0 151.0
53.0 15.0
242.0 254.0
201.0 121.0
52.0 39.0
17.0 76.0
141.0 129.0
154.0 23.0
167.0 199.0
83.0 138.0
144.0 78.0
124.0 94.0
125.0 70.0
93.0 56.0
107.0 18.0
223.0 251.0
15.0 159.0
44.0 236.0
36.0 211.0
230.0 17.0
69.0 97.0
242.0 28.0
147.0 113.0
133.0 244.0
255.0 90.0
251.0 52.0
11.0 199.0
42.0 53.0
15.0 121.0
67.0 28.0
190.0 77.0
112.0 117.0
65.0 43.0
62.0 58.0
198.0 76.0
82.0 189.0
60.0 163.0
144.0 171.0
190.0 136.0
68.0 230.0
85.0 234.0
231.0 51.0
251.0 165.0
240.0 238.0
17.0 187.0
139.0 46.0
141.0 179.0
237.0 227.0
193.0 14.0
71.0 85.0
144.0 194.0
211.0 139.0
224.0 131.0
6.0 162.0
142.0 136.0
136.0 132.0
95.0 164.0
182.0 197.0
21.0 232.0
220.0 93.0
172.0 207.0
244.0 225.0
57.0 208.0
87.0 247.0
235.0 240.0
231.0 214.0
133.0 181.0
81.0 250.0
185.0 47.0
219.0 207.0
195.0 131.0
57.0 128.0
9.0 250.0
59.0 102.0
44.0 69.0
71.0 203.0
175.0 142.0
37.0 239.0
88.0 13.0
47.0 111.0
41.0 113.0
92.0 146.0
205.0 182.0
94.0 59.0
191.0 108.0
244.0 67.0
63.0 237.0
53.0 164.0
32.0 213.0
60.0 178.0
43.0 241.0
183.0 53.0
58.0 247.0
77.0 67.0
126.0 168.0
92.0 35.0
158.0 242.0
37.0 137.0
135.0 137.0
46.0 255.0
53.0 183.0
44.0 67.0
176.0 179.0
30.0 222.0
44.0 121.0
52.0 160.0
198.0 239.0
183.0 42.0
152.0 61.0
38.0 252.0
254.0 230.0
234.0 12.0
40.0 219.0
233.0 21.0
121.0 21.0
67.0 192.0
95.0 54.0
44.0 100.0
126.0 30.0
31.0 72.0
56.0 155.0
44.0 101.0
85.0 229.0
130.0 233.0
12.0 178.0
138.0 165.0
181.0 239.0
220.0 95.0
231.0 132.0
65.0 200.0
226.0 125.0
70.0 147.0
102.0 186.0
61.0 141.0
113.0 241.0
176.0 32.0
139.0 117.0
106.0 133.0
123.0 50.0
212.0 112.0
134.0 253.0
94.0 10.0
203.0 238.0
223.0 124.0
74.0 59.0
95.0 166.0
87.0 39.0
192.0 74.0
5.0 236.0
10.0 247.0
136.0 138.0
114.0 234.0
137.0 184.0
82.0 233.0
24.0 244.0
191.0 106.0
127.0 249.0
70.0 79.0
140.0 22.0
36.0 9.0
144.0 90.0
251.0 253.0
99.0 182.0
242.0 113.0
91.0 49.0
