1
512 1 3.0 0.0 1000.0 3 160 240 100

6.5 13.5 29.3 58.5
13.0 27.0 58.5 117.0
19.5 40.5 87.8 175.5
26.0 54.0 117.0 234.0
39.0 81.0 175.5 351.0
52.0 108.0 234.0 468.0
58.5 121.5 263.3 526.5
65.0 135.0 292.5 585.0
78.0 162.0 351.0 702.0
0.0 180.0 390.0 780.0

2.0 5.0 8.0 11.0
5.0 8.0 11.0 14.0
9.0 12.0 15.0 18.0
11.0 14.0 17.0 20.0
15.0 18.0 21.0 24.0
18.0 21.0 24.0 27.0
20.0 23.0 26.0 29.0
25.0 28.0 31.0 34.0
29.0 32.0 35.0 38.0
0.0 34.0 37.0 40.0

198.0 0.0
229.0 39.0
63.0 102.0
181.0 196.0
129.0 145.0
65.0 102.0
185.0 131.0
48.0 222.0
208.0 132.0
234.0 115.0
200.0 170.0
58.0 149.0
197.0 102.0
215.0 241.0
195.0 206.0
167.0 82.0
74.0 181.0
82.0 125.0
146.0 133.0
102.0 150.0
35.0 136.0
202.0 53.0
126.0 49.0
143.0 68.0
186.0 83.0
146.0 180.0
9.0 147.0
197.0 69.0
48.0 102.0
197.0 211.0
50.0 86.0
23.0 107.0
243.0 144.0
75.0 148.0
226.0 217.0
242.0 189.0
6.0 101.0
13.0 240.0
185.0 35.0
6.0 212.0
125.0 174.0
47.0 244.0
216.0 230.0
189.0 189.0
202.0 144.0
154.0 144.0
75.0 222.0
2.0 235.0
95.0 196.0
106.0 179.0
83.0 44.0
125.0 180.0
181.0 144.0
174.0 80.0
80.0 205.0
6.0 195.0
50.0 209.0
44.0 117.0
143.0 152.0
184.0 54.0
22.0 206.0
91.0 102.0
176.0 215.0
32.0 153.0
91.0 18.0
105.0 205.0
2.0 146.0
13.0 156.0
192.0 243.0
127.0 219.0
77.0 150.0
114.0 163.0
154.0 124.0
246.0 152.0
209.0 250.0
47.0 2.0
210.0 146.0
247.0 6.0
156.0 144.0
114.0 30.0
206.0 176.0
221.0 135.0
213.0 161.0
105.0 74.0
115.0 15.0
24.0 41.0
190.0 189.0
98.0 126.0
246.0 239.0
209.0 4.0
131.0 212.0
46.0 172.0
9.0 211.0
49.0 143.0
161.0 72.0
20.0 30.0
128.0 124.0
26.0 60.0
88.0 85.0
232.0 74.0
157.0 215.0
173.0 176.0
124.0 130.0
220.0 215.0
192.0 22.0
130.0 138.0
112.0 95.0
59.0 17.0
145.0 47.0
47.0 171.0
129.0 54.0
236.0 65.0
204.0 217.0
204.0 8.0
89.0 34.0
51.0 233.0
109.0 4.0
232.0 4.0
220.0 25.0
177.0 189.0
115.0 92.0
43.0 85.0
42.0 77.0
10.0 55.0
20.0 204.0
117.0 135.0
229.0 142.0
159.0 57.0
130.0 216.0
2.0 204.0
209.0 1.0
239.0 76.0
37.0 198.0
155.0 167.0
150.0 181.0
52.0 194.0
87.0 229.0
15.0 203.0
193.0 217.0
66.0 132.0
163.0 141.0
155.0 214.0
61.0 148.0
42.0 191.0
152.0 47.0
169.0 76.0
170.0 112.0
192.0 84.0
228.0 30.0
140.0 77.0
116.0 165.0
3.0 21.0
75.0 130.0
91.0 182.0
161.0 209.0
87.0 177.0
169.0 243.0
19.0 240.0
99.0 147.0
187.0 176.0
7.0 57.0
155.0 16.0
117.0 134.0
217.0 199.0
137.0 158.0
68.0 171.0
39.0 63.0
215.0 111.0
136.0 170.0
239.0 52.0
65.0 148.0
67.0 212.0
150.0 69.0
227.0 195.0
138.0 239.0
145.0 3.0
123.0 25.0
58.0 134.0
65.0 237.0
232.0 86.0
79.0 172.0
205.0 168.0
10.0 239.0
90.0 69.0
114.0 158.0
46.0 192.0
237.0 27.0
78.0 107.0
177.0 114.0
153.0 226.0
237.0 51.0
158.0 201.0
58.0 165.0
64.0 16.0
92.0 246.0
203.0 136.0
180.0 101.0
143.0 83.0
231.0 89.0
196.0 164.0
84.0 93.0
160.0 89.0
176.0 6.0
220.0 89.0
224.0 70.0
218.0 153.0
167.0 3.0
104.0 97.0
201.0 140.0
147.0 237.0
36.0 151.0
97.0 226.0
65.0 173.0
247.0 227.0
215.0 54.0
207.0 92.0
48.0 175.0
242.0 91.0
235.0 160.0
64.0 2.0
118.0 77.0
92.0 221.0
104.0 57.0
193.0 72.0
216.0 65.0
14.0 111.0
191.0 118.0
76.0 231.0
59.0 71.0
99.0 221.0
227.0 125.0
107.0 235.0
129.0 62.0
154.0 170.0
70.0 245.0
96.0 62.0
231.0 237.0
135.0 113.0
77.0 233.0
166.0 67.0
235.0 14.0
47.0 205.0
248.0 241.0
188.0 22.0
129.0 189.0
197.0 1.0
231.0 98.0
127.0 162.0
17.0 126.0
160.0 177.0
84.0 197.0
166.0 115.0
176.0 117.0
89.0 207.0
160.0 111.0
231.0 98.0
55.0 35.0
250.0 96.0
248.0 56.0
66.0 235.0
82.0 146.0
146.0 73.0
86.0 89.0
194.0 143.0
164.0 211.0
119.0 102.0
125.0 150.0
177.0 147.0
1.0 10.0
34.0 81.0
169.0 89.0
21.0 5.0
83.0 150.0
196.0 124.0
19.0 42.0
125.0 21.0
9.0 37.0
105.0 29.0
240.0 34.0
127.0 157.0
233.0 145.0
177.0 79.0
178.0 185.0
37.0 39.0
137.0 192.0
70.0 26.0
108.0 146.0
27.0 216.0
33.0 114.0
221.0 156.0
127.0 136.0
1.0 55.0
228.0 194.0
231.0 47.0
176.0 202.0
79.0 144.0
36.0 241.0
219.0 146.0
63.0 92.0
101.0 76.0
92.0 180.0
24.0 48.0
114.0 94.0
51.0 1.0
117.0 179.0
119.0 91.0
69.0 234.0
4.0 48.0
235.0 195.0
128.0 150.0
107.0 203.0
237.0 19.0
235.0 63.0
61.0 0.0
128.0 130.0
118.0 208.0
146.0 238.0
137.0 129.0
151.0 89.0
150.0 233.0
246.0 93.0
86.0 117.0
217.0 206.0
56.0 250.0
144.0 120.0
39.0 219.0
173.0 241.0
14.0 177.0
37.0 174.0
143.0 10.0
196.0 28.0
172.0 51.0
45.0 137.0
15.0 234.0
206.0 137.0
79.0 143.0
220.0 116.0
169.0 219.0
19.0 145.0
143.0 210.0
133.0 57.0
42.0 244.0
133.0 126.0
244.0 1.0
137.0 153.0
228.0 219.0
9.0 248.0
133.0 150.0
200.0 163.0
69.0 70.0
235.0 105.0
239.0 80.0
177.0 21.0
210.0 190.0
187.0 135.0
5.0 34.0
143.0 115.0
246.0 88.0
63.0 31.0
129.0 119.0
162.0 98.0
96.0 107.0
174.0 245.0
100.0 237.0
129.0 122.0
217.0 94.0
109.0 224.0
121.0 18.0
37.0 107.0
36.0 135.0
146.0 0.0
83.0 141.0
69.0 177.0
234.0 239.0
51.0 250.0
186.0 164.0
124.0 134.0
238.0 93.0
109.0 216.0
94.0 235.0
154.0 101.0
71.0 17.0
55.0 101.0
249.0 63.0
196.0 203.0
165.0 229.0
231.0 66.0
217.0 25.0
208.0 159.0
12.0 72.0
140.0 204.0
186.0 32.0
104.0 171.0
53.0 50.0
239.0 117.0
7.0 19.0
96.0 225.0
141.0 65.0
107.0 225.0
132.0 211.0
224.0 179.0
239.0 227.0
128.0 170.0
87.0 8.0
203.0 21.0
204.0 106.0
28.0 201.0
107.0 134.0
208.0 165.0
44.0 55.0
186.0 167.0
46.0 173.0
220.0 162.0
24.0 240.0
50.0 224.0
201.0 109.0
59.0 200.0
230.0 223.0
72.0 162.0
162.0 249.0
240.0 19.0
241.0 9.0
9.0 193.0
74.0 163.0
6.0 120.0
11.0 154.0
221.0 103.0
177.0 248.0
178.0 136.0
101.0 68.0
110.0 126.0
11.0 56.0
201.0 238.0
130.0 151.0
44.0 172.0
143.0 4.0
240.0 218.0
66.0 112.0
167.0 33.0
55.0 94.0
227.0 102.0
247.0 113.0
207.0 194.0
72.0 19.0
212.0 179.0
234.0 119.0
157.0 111.0
183.0 19.0
160.0 78.0
144.0 52.0
212.0 108.0
157.0 132.0
58.0 248.0
72.0 158.0
80.0 235.0
60.0 197.0
208.0 240.0
235.0 184.0
43.0 244.0
52.0 243.0
88.0 144.0
210.0 5.0
144.0 27.0
99.0 134.0
149.0 74.0
143.0 75.0
128.0 171.0
209.0 103.0
177.0 61.0
50.0 69.0
3.0 229.0
82.0 40.0
89.0 242.0
91.0 104.0
109.0 101.0
37.0 167.0
53.0 211.0
185.0 143.0
58.0 140.0
99.0 218.0
31.0 160.0
101.0 236.0
176.0 109.0
117.0 7.0
150.0 188.0
133.0 198.0
74.0 119.0
43.0 3.0
4.0 144.0
10.0 108.0
215.0 166.0
235.0 38.0
19.0 141.0
132.0 10.0
110.0 146.0
175.0 25.0
11.0 107.0
45.0 179.0
15.0 228.0
218.0 59.0
52.0 2.0
245.0 86.0
4.0 196.0
243.0 28.0
31.0 77.0
213.0 188.0
42.0 150.0
94.0 105.0
20.0 40.0
35.0 156.0
183.0 179.0
170.0 4.0

204.0 5.0
235.0 44.0
69.0 106.0
187.0 201.0
135.0 150.0
70.0 107.0
190.0 136.0
54.0 226.0
214.0 136.0
238.0 120.0
204.0 175.0
64.0 153.0
202.0 107.0
220.0 246.0
201.0 210.0
172.0 88.0
79.0 187.0
87.0 129.0
151.0 137.0
107.0 156.0
40.0 141.0
207.0 59.0
131.0 55.0
147.0 73.0
190.0 87.0
151.0 186.0
13.0 152.0
201.0 74.0
53.0 107.0
202.0 217.0
55.0 91.0
29.0 112.0
249.0 148.0
80.0 153.0
231.0 223.0
248.0 193.0
10.0 106.0
17.0 245.0
190.0 39.0
11.0 217.0
130.0 179.0
51.0 248.0
221.0 236.0
194.0 194.0
207.0 148.0
159.0 149.0
80.0 227.0
7.0 240.0
100.0 200.0
111.0 185.0
88.0 50.0
129.0 185.0
185.0 149.0
178.0 85.0
85.0 210.0
12.0 201.0
55.0 214.0
49.0 122.0
149.0 157.0
188.0 60.0
28.0 211.0
97.0 108.0
180.0 220.0
36.0 158.0
96.0 23.0
109.0 209.0
7.0 150.0
18.0 160.0
197.0 248.0
132.0 225.0
81.0 156.0
119.0 168.0
159.0 129.0
252.0 157.0
215.0 254.0
52.0 7.0
215.0 150.0
251.0 12.0
161.0 149.0
120.0 35.0
212.0 182.0
227.0 140.0
219.0 166.0
110.0 79.0
120.0 19.0
29.0 46.0
196.0 194.0
102.0 131.0
250.0 244.0
214.0 9.0
136.0 218.0
52.0 176.0
13.0 217.0
54.0 148.0
167.0 78.0
24.0 36.0
133.0 129.0
31.0 65.0
93.0 91.0
236.0 79.0
162.0 220.0
177.0 180.0
130.0 134.0
224.0 220.0
198.0 27.0
134.0 142.0
117.0 100.0
64.0 22.0
150.0 51.0
52.0 177.0
133.0 59.0
241.0 70.0
208.0 223.0
209.0 12.0
93.0 39.0
55.0 237.0
114.0 9.0
237.0 8.0
224.0 29.0
182.0 194.0
121.0 97.0
47.0 91.0
47.0 83.0
14.0 60.0
25.0 208.0
121.0 141.0
233.0 148.0
163.0 61.0
136.0 222.0
8.0 208.0
214.0 6.0
244.0 82.0
41.0 204.0
159.0 172.0
156.0 186.0
58.0 199.0
92.0 235.0
20.0 208.0
198.0 222.0
72.0 137.0
168.0 146.0
160.0 220.0
66.0 152.0
48.0 195.0
156.0 52.0
175.0 80.0
175.0 116.0
196.0 88.0
233.0 35.0
144.0 81.0
122.0 169.0
9.0 25.0
81.0 135.0
96.0 187.0
166.0 214.0
91.0 182.0
173.0 248.0
23.0 245.0
104.0 153.0
193.0 180.0
12.0 62.0
160.0 20.0
122.0 139.0
222.0 205.0
141.0 162.0
73.0 177.0
44.0 68.0
219.0 116.0
140.0 176.0
244.0 56.0
70.0 153.0
73.0 217.0
156.0 75.0
232.0 199.0
143.0 245.0
150.0 9.0
127.0 31.0
64.0 139.0
71.0 243.0
237.0 91.0
85.0 178.0
209.0 172.0
14.0 245.0
94.0 73.0
118.0 164.0
50.0 196.0
242.0 32.0
83.0 112.0
183.0 119.0
158.0 231.0
242.0 55.0
163.0 206.0
63.0 171.0
69.0 21.0
97.0 250.0
209.0 140.0
186.0 107.0
147.0 88.0
236.0 94.0
201.0 168.0
89.0 97.0
164.0 94.0
181.0 10.0
224.0 94.0
228.0 74.0
223.0 157.0
171.0 8.0
110.0 102.0
205.0 144.0
151.0 242.0
41.0 157.0
101.0 230.0
70.0 179.0
252.0 233.0
220.0 59.0
212.0 98.0
52.0 179.0
247.0 96.0
240.0 166.0
70.0 7.0
123.0 81.0
97.0 226.0
109.0 62.0
198.0 78.0
222.0 70.0
18.0 115.0
197.0 124.0
80.0 235.0
64.0 76.0
104.0 227.0
231.0 130.0
112.0 240.0
135.0 67.0
158.0 176.0
75.0 251.0
102.0 67.0
235.0 242.0
141.0 118.0
82.0 238.0
170.0 71.0
240.0 19.0
51.0 209.0
254.0 245.0
193.0 28.0
134.0 195.0
203.0 6.0
236.0 102.0
131.0 166.0
21.0 131.0
165.0 181.0
90.0 202.0
171.0 120.0
181.0 121.0
94.0 212.0
164.0 116.0
237.0 102.0
61.0 41.0
254.0 102.0
253.0 61.0
71.0 241.0
87.0 152.0
151.0 78.0
91.0 94.0
199.0 149.0
168.0 215.0
123.0 106.0
129.0 154.0
183.0 152.0
6.0 15.0
40.0 85.0
174.0 94.0
26.0 11.0
88.0 155.0
202.0 128.0
24.0 46.0
130.0 26.0
15.0 41.0
110.0 34.0
244.0 39.0
132.0 162.0
237.0 151.0
182.0 83.0
183.0 190.0
41.0 43.0
142.0 197.0
75.0 31.0
113.0 151.0
32.0 221.0
39.0 119.0
226.0 161.0
132.0 142.0
7.0 61.0
232.0 199.0
237.0 51.0
181.0 207.0
85.0 149.0
41.0 245.0
224.0 150.0
69.0 97.0
107.0 81.0
97.0 184.0
30.0 53.0
120.0 99.0
56.0 6.0
122.0 184.0
124.0 97.0
74.0 239.0
9.0 52.0
240.0 201.0
133.0 156.0
112.0 207.0
243.0 24.0
240.0 68.0
67.0 5.0
132.0 136.0
122.0 212.0
150.0 244.0
141.0 134.0
155.0 94.0
155.0 238.0
252.0 97.0
90.0 123.0
222.0 211.0
62.0 255.0
148.0 125.0
44.0 225.0
179.0 246.0
19.0 183.0
41.0 180.0
147.0 15.0
200.0 33.0
178.0 55.0
50.0 142.0
21.0 238.0
210.0 143.0
85.0 148.0
226.0 121.0
174.0 224.0
24.0 149.0
148.0 216.0
139.0 62.0
48.0 248.0
137.0 131.0
249.0 6.0
142.0 157.0
233.0 224.0
13.0 254.0
138.0 155.0
204.0 168.0
75.0 74.0
240.0 111.0
245.0 86.0
182.0 26.0
215.0 196.0
192.0 141.0
10.0 39.0
148.0 120.0
250.0 93.0
67.0 36.0
133.0 125.0
168.0 103.0
101.0 111.0
179.0 251.0
105.0 241.0
134.0 127.0
222.0 99.0
115.0 228.0
126.0 23.0
42.0 111.0
41.0 140.0
150.0 6.0
87.0 145.0
74.0 182.0
239.0 243.0
56.0 256.0
191.0 169.0
130.0 139.0
243.0 99.0
114.0 222.0
99.0 240.0
158.0 106.0
76.0 23.0
60.0 107.0
253.0 69.0
202.0 207.0
171.0 233.0
236.0 71.0
223.0 30.0
214.0 165.0
17.0 76.0
145.0 209.0
191.0 37.0
110.0 175.0
58.0 55.0
245.0 121.0
13.0 24.0
101.0 231.0
145.0 70.0
112.0 229.0
138.0 217.0
229.0 185.0
244.0 233.0
133.0 175.0
92.0 13.0
207.0 27.0
209.0 111.0
33.0 207.0
113.0 138.0
214.0 170.0
48.0 59.0
190.0 172.0
50.0 178.0
225.0 167.0
29.0 245.0
54.0 230.0
205.0 114.0
64.0 206.0
234.0 228.0
77.0 167.0
167.0 254.0
246.0 23.0
245.0 14.0
13.0 198.0
79.0 167.0
12.0 125.0
15.0 159.0
225.0 108.0
182.0 252.0
183.0 142.0
105.0 73.0
115.0 132.0
16.0 61.0
206.0 243.0
136.0 156.0
50.0 177.0
148.0 10.0
245.0 224.0
71.0 118.0
172.0 38.0
59.0 98.0
231.0 107.0
252.0 119.0
212.0 199.0
78.0 24.0
217.0 185.0
238.0 124.0
163.0 117.0
187.0 23.0
165.0 84.0
150.0 58.0
218.0 113.0
161.0 138.0
62.0 254.0
77.0 163.0
85.0 240.0
66.0 203.0
214.0 246.0
239.0 189.0
49.0 248.0
57.0 248.0
93.0 148.0
215.0 10.0
149.0 32.0
105.0 138.0
155.0 79.0
147.0 79.0
132.0 176.0
214.0 108.0
181.0 67.0
54.0 73.0
9.0 234.0
87.0 46.0
95.0 248.0
96.0 108.0
114.0 107.0
43.0 173.0
57.0 216.0
190.0 148.0
63.0 145.0
104.0 222.0
36.0 165.0
106.0 240.0
180.0 114.0
122.0 12.0
155.0 193.0
139.0 202.0
78.0 125.0
49.0 9.0
8.0 149.0
16.0 112.0
220.0 172.0
240.0 42.0
25.0 145.0
137.0 14.0
115.0 151.0
181.0 30.0
16.0 111.0
51.0 185.0
21.0 232.0
223.0 63.0
56.0 6.0
250.0 92.0
10.0 201.0
248.0 33.0
36.0 83.0
219.0 194.0
48.0 155.0
99.0 111.0
25.0 44.0
39.0 161.0
187.0 183.0
174.0 8.0
