1
512 1 3.0 0.0 1000.0 3 160 240 100

6.5 13.5 29.3 58.5
13.0 27.0 58.5 117.0
19.5 40.5 87.8 175.5
26.0 54.0 117.0 234.0
39.0 81.0 175.5 351.0
52.0 108.0 234.0 468.0
58.5 121.5 263.3 526.5
65.0 135.0 292.5 585.0
78.0 162.0 351.0 702.0
0.0 180.0 390.0 780.0

2.0 5.0 8.0 11.0
5.0 8.0 11.0 14.0
9.0 12.0 15.0 18.0
11.0 14.0 17.0 20.0
15.0 18.0 21.0 24.0
18.0 21.0 24.0 27.0
20.0 23.0 26.0 29.0
25.0 28.0 31.0 34.0
29.0 32.0 35.0 38.0
0.0 34.0 37.0 40.0

231.0 135.0
34.0 183.0
2.0 162.0
132.0 46.0
125.0 67.0
174.0 229.0
85.0 116.0
24.0 104.0
42.0 114.0
200.0 220.0
139.0 3.0
245.0 226.0
227.0 217.0
120.0 87.0
14.0 231.0
184.0 28.0
200.0 41.0
94.0 235.0
3.0 108.0
54.0 144.0
0.0 140.0
129.0 198.0
52.0 134.0
177.0 35.0
134.0 154.0
239.0 124.0
209.0 150.0
57.0 173.0
75.0 181.0
205.0 203.0
215.0 205.0
106.0 243.0
206.0 182.0
53.0 165.0
79.0 30.0
149.0 225.0
74.0 52.0
124.0 226.0
43.0 244.0
98.0 231.0
85.0 236.0
117.0 107.0
37.0 153.0
144.0 232.0
15.0 3.0
225.0 244.0
23.0 34.0
118.0 43.0
198.0 15.0
244.0 71.0
71.0 22.0
124.0 183.0
43.0 59.0
21.0 9.0
84.0 215.0
90.0 11.0
229.0 69.0
126.0 7.0
3.0 148.0
89.0 226.0
216.0 64.0
118.0 49.0
150.0 224.0
82.0 140.0
194.0 126.0
29.0 219.0
72.0 17.0
177.0 80.0
101.0 42.0
196.0 219.0
2.0 41.0
57.0 49.0
68.0 238.0
59.0 204.0
84.0 122.0
189.0 18.0
191.0 123.0
57.0 67.0
210.0 6.0
182.0 233.0
230.0 230.0
241.0 46.0
119.0 56.0
188.0 150.0
129.0 19.0
233.0 18.0
119.0 192.0
202.0 131.0
219.0 218.0
154.0 130.0
54.0 169.0
148.0 27.0
241.0 81.0
152.0 112.0
157.0 94.0
124.0 12.0
52.0 186.0
136.0 168.0
145.0 38.0
173.0 58.0
144.0 150.0
124.0 62.0
197.0 128.0
219.0 166.0
107.0 128.0
43.0 28.0
177.0 246.0
26.0 232.0
150.0 235.0
137.0 121.0
237.0 196.0
78.0 167.0
64.0 0.0
82.0 141.0
170.0 230.0
222.0 160.0
246.0 245.0
211.0 10.0
138.0 56.0
239.0 191.0
163.0 239.0
194.0 207.0
152.0 184.0
181.0 179.0
130.0 36.0
72.0 163.0
178.0 16.0
123.0 147.0
22.0 87.0
8.0 219.0
244.0 28.0
196.0 10.0
59.0 24.0
132.0 31.0
171.0 182.0
28.0 128.0
18.0 234.0
107.0 51.0
57.0 193.0
214.0 241.0
16.0 100.0
36.0 199.0
139.0 19.0
196.0 164.0
230.0 23.0
98.0 107.0
149.0 210.0
175.0 114.0
180.0 122.0
17.0 64.0
56.0 228.0
180.0 45.0
197.0 213.0
10.0 28.0
48.0 122.0
168.0 125.0
214.0 210.0
71.0 83.0
151.0 183.0
34.0 205.0
235.0 60.0
236.0 222.0
88.0 197.0
149.0 192.0
120.0 101.0
183.0 72.0
24.0 181.0
61.0 164.0
67.0 203.0
54.0 195.0
52.0 215.0
220.0 129.0
144.0 78.0
128.0 78.0
69.0 8.0
121.0 38.0
20.0 126.0
202.0 202.0
135.0 59.0
219.0 186.0
6.0 201.0
77.0 54.0
223.0 58.0
7.0 113.0
29.0 165.0
11.0 209.0
212.0 122.0
127.0 151.0
184.0 104.0
15.0 108.0
11.0 26.0
131.0 220.0
206.0 90.0
116.0 163.0
177.0 24.0
35.0 14.0
19.0 105.0
226.0 51.0
166.0 157.0
20.0 190.0
219.0 250.0
213.0 83.0
83.0 150.0
173.0 196.0
119.0 129.0
87.0 19.0
55.0 57.0
128.0 104.0
238.0 17.0
137.0 204.0
109.0 236.0
249.0 83.0
94.0 192.0
178.0 151.0
172.0 71.0
209.0 120.0
194.0 61.0
3.0 193.0
77.0 31.0
110.0 134.0
84.0 198.0
197.0 84.0
188.0 218.0
5.0 99.0
90.0 173.0
154.0 169.0
35.0 12.0
204.0 42.0
115.0 48.0
200.0 3.0
67.0 193.0
240.0 58.0
138.0 158.0
178.0 39.0
158.0 169.0
111.0 209.0
9.0 63.0
138.0 14.0
245.0 179.0
185.0 175.0
201.0 37.0
233.0 151.0
205.0 98.0
134.0 42.0
108.0 219.0
222.0 69.0
121.0 223.0
27.0 105.0
49.0 64.0
185.0 0.0
40.0 156.0
206.0 46.0
65.0 195.0
88.0 213.0
110.0 172.0
62.0 122.0
177.0 56.0
62.0 4.0
217.0 182.0
105.0 244.0
189.0 227.0
33.0 135.0
4.0 177.0
183.0 57.0
188.0 29.0
65.0 91.0
128.0 26.0
234.0 155.0
110.0 39.0
57.0 38.0
157.0 0.0
199.0 60.0
235.0 155.0
148.0 97.0
209.0 147.0
214.0 78.0
5.0 69.0
225.0 68.0
221.0 146.0
207.0 168.0
26.0 29.0
151.0 225.0
216.0 14.0
36.0 197.0
133.0 23.0
82.0 56.0
199.0 43.0
24.0 192.0
145.0 244.0
9.0 73.0
55.0 81.0
32.0 246.0
185.0 230.0
141.0 73.0
64.0 50.0
189.0 159.0
184.0 34.0
10.0 216.0
182.0 62.0
151.0 234.0
200.0 66.0
172.0 50.0
182.0 15.0
22.0 68.0
181.0 225.0
123.0 108.0
60.0 33.0
53.0 235.0
33.0 189.0
66.0 203.0
56.0 150.0
248.0 219.0
133.0 5.0
140.0 41.0
182.0 80.0
11.0 241.0
149.0 85.0
2.0 31.0
127.0 224.0
183.0 87.0
59.0 250.0
122.0 168.0
156.0 24.0
132.0 74.0
221.0 179.0
178.0 115.0
143.0 55.0
231.0 23.0
137.0 162.0
166.0 94.0
99.0 201.0
133.0 115.0
37.0 4.0
110.0 240.0
81.0 79.0
196.0 8.0
141.0 229.0
234.0 17.0
98.0 53.0
187.0 90.0
236.0 191.0
238.0 75.0
144.0 225.0
155.0 229.0
201.0 234.0
35.0 196.0
233.0 39.0
73.0 176.0
83.0 10.0
94.0 163.0
59.0 100.0
145.0 207.0
121.0 89.0
234.0 222.0
158.0 102.0
144.0 164.0
77.0 235.0
38.0 225.0
195.0 238.0
157.0 245.0
11.0 222.0
210.0 103.0
0.0 200.0
110.0 183.0
112.0 63.0
51.0 32.0
239.0 169.0
204.0 185.0
228.0 31.0
136.0 166.0
69.0 150.0
127.0 244.0
199.0 97.0
96.0 80.0
190.0 38.0
186.0 229.0
135.0 153.0
116.0 15.0
127.0 35.0
202.0 88.0
6.0 150.0
31.0 86.0
158.0 46.0
82.0 74.0
168.0 37.0
138.0 54.0
224.0 174.0
160.0 101.0
207.0 97.0
101.0 42.0
232.0 199.0
197.0 105.0
217.0 90.0
86.0 78.0
95.0 151.0
173.0 43.0
144.0 50.0
225.0 80.0
158.0 121.0
221.0 151.0
69.0 127.0
68.0 167.0
119.0 163.0
105.0 84.0
52.0 94.0
110.0 157.0
77.0 181.0
102.0 62.0
167.0 140.0
55.0 149.0
88.0 170.0
163.0 158.0
99.0 83.0
165.0 41.0
82.0 177.0
236.0 87.0
177.0 121.0
81.0 124.0
47.0 122.0
116.0 129.0
229.0 249.0
239.0 122.0
78.0 89.0
209.0 70.0
116.0 210.0
7.0 50.0
184.0 232.0
73.0 13.0
83.0 125.0
164.0 25.0
216.0 142.0
115.0 210.0
51.0 143.0
100.0 140.0
46.0 80.0
76.0 20.0
218.0 28.0
113.0 43.0
128.0 179.0
171.0 131.0
101.0 19.0
170.0 77.0
54.0 8.0
7.0 159.0
145.0 111.0
19.0 127.0
237.0 101.0
162.0 13.0
9.0 129.0
19.0 32.0
94.0 99.0
49.0 144.0
181.0 214.0
59.0 193.0
112.0 116.0
181.0 42.0
19.0 98.0
209.0 5.0
157.0 203.0
221.0 130.0
112.0 46.0
200.0 237.0
158.0 51.0
194.0 162.0
74.0 87.0
137.0 224.0
53.0 33.0
219.0 248.0
161.0 161.0
52.0 19.0
96.0 232.0
164.0 150.0
67.0 57.0
174.0 102.0
181.0 69.0
68.0 203.0
36.0 11.0
46.0 50.0
24.0 163.0
234.0 248.0
165.0 102.0
115.0 13.0
113.0 32.0
92.0 197.0
20.0 53.0
159.0 151.0
26.0 35.0
228.0 110.0
188.0 85.0
194.0 130.0
244.0 159.0
191.0 150.0
141.0 172.0
215.0 70.0
104.0 34.0
208.0 55.0
49.0 96.0
163.0 69.0
243.0 53.0
185.0 237.0
141.0 164.0
237.0 160.0
169.0 217.0
104.0 143.0
17.0 214.0
175.0 106.0
86.0 86.0
218.0 248.0
17.0 36.0
123.0 123.0
91.0 200.0
141.0 58.0

235.0 139.0
39.0 187.0
6.0 168.0
138.0 51.0
129.0 71.0
178.0 234.0
90.0 120.0
29.0 109.0
47.0 119.0
204.0 226.0
145.0 8.0
251.0 230.0
233.0 222.0
125.0 92.0
19.0 235.0
189.0 34.0
205.0 47.0
99.0 240.0
9.0 113.0
58.0 149.0
5.0 144.0
134.0 202.0
56.0 138.0
182.0 41.0
138.0 158.0
245.0 129.0
215.0 154.0
63.0 178.0
79.0 185.0
211.0 208.0
221.0 210.0
111.0 248.0
211.0 186.0
58.0 171.0
83.0 35.0
154.0 230.0
79.0 58.0
130.0 231.0
49.0 248.0
102.0 237.0
90.0 241.0
122.0 112.0
42.0 159.0
150.0 237.0
20.0 8.0
230.0 250.0
27.0 39.0
122.0 49.0
203.0 20.0
250.0 77.0
76.0 27.0
130.0 188.0
49.0 64.0
27.0 13.0
89.0 219.0
94.0 16.0
234.0 74.0
130.0 13.0
9.0 152.0
95.0 231.0
222.0 68.0
124.0 54.0
154.0 228.0
87.0 144.0
199.0 130.0
33.0 224.0
78.0 22.0
181.0 85.0
106.0 47.0
201.0 224.0
7.0 47.0
61.0 55.0
72.0 243.0
64.0 210.0
89.0 127.0
194.0 23.0
196.0 128.0
62.0 71.0
215.0 11.0
186.0 238.0
234.0 235.0
246.0 52.0
124.0 61.0
192.0 155.0
134.0 23.0
237.0 24.0
123.0 197.0
206.0 137.0
224.0 223.0
160.0 135.0
60.0 173.0
153.0 32.0
247.0 86.0
157.0 118.0
162.0 99.0
130.0 17.0
58.0 191.0
141.0 172.0
151.0 44.0
179.0 64.0
149.0 155.0
129.0 67.0
202.0 133.0
224.0 171.0
112.0 132.0
49.0 34.0
182.0 251.0
30.0 237.0
154.0 241.0
143.0 126.0
242.0 201.0
83.0 171.0
69.0 6.0
86.0 146.0
175.0 236.0
226.0 165.0
250.0 251.0
217.0 15.0
144.0 61.0
244.0 195.0
167.0 244.0
199.0 213.0
157.0 190.0
187.0 183.0
135.0 42.0
77.0 168.0
184.0 20.0
127.0 153.0
26.0 91.0
13.0 224.0
249.0 33.0
200.0 14.0
63.0 29.0
138.0 35.0
176.0 188.0
33.0 133.0
24.0 239.0
112.0 56.0
63.0 199.0
219.0 247.0
22.0 106.0
40.0 204.0
145.0 24.0
201.0 169.0
234.0 29.0
104.0 112.0
154.0 214.0
180.0 119.0
184.0 126.0
22.0 69.0
60.0 234.0
185.0 50.0
201.0 218.0
16.0 33.0
53.0 127.0
173.0 131.0
220.0 216.0
76.0 88.0
157.0 188.0
39.0 210.0
241.0 65.0
240.0 228.0
94.0 201.0
153.0 198.0
125.0 105.0
189.0 77.0
29.0 187.0
65.0 169.0
73.0 209.0
59.0 200.0
56.0 220.0
226.0 133.0
149.0 84.0
134.0 83.0
73.0 14.0
126.0 44.0
25.0 132.0
207.0 207.0
141.0 65.0
223.0 191.0
12.0 206.0
81.0 60.0
229.0 63.0
12.0 118.0
34.0 169.0
16.0 213.0
216.0 128.0
131.0 156.0
188.0 109.0
20.0 113.0
16.0 32.0
135.0 224.0
212.0 96.0
121.0 168.0
182.0 29.0
41.0 20.0
24.0 110.0
231.0 55.0
171.0 162.0
25.0 195.0
223.0 254.0
219.0 89.0
89.0 155.0
178.0 202.0
123.0 134.0
93.0 25.0
59.0 63.0
133.0 109.0
243.0 22.0
142.0 210.0
113.0 242.0
254.0 89.0
99.0 196.0
182.0 157.0
178.0 76.0
214.0 125.0
200.0 65.0
8.0 197.0
82.0 35.0
116.0 138.0
89.0 203.0
202.0 89.0
194.0 223.0
10.0 105.0
95.0 179.0
159.0 175.0
39.0 17.0
208.0 47.0
120.0 53.0
206.0 8.0
72.0 199.0
245.0 62.0
142.0 163.0
182.0 44.0
163.0 175.0
115.0 215.0
15.0 68.0
143.0 18.0
250.0 184.0
190.0 179.0
206.0 42.0
239.0 157.0
211.0 103.0
140.0 47.0
113.0 224.0
227.0 74.0
126.0 227.0
31.0 111.0
53.0 68.0
189.0 4.0
45.0 162.0
211.0 51.0
71.0 199.0
92.0 218.0
115.0 178.0
66.0 128.0
182.0 61.0
66.0 9.0
222.0 186.0
111.0 249.0
193.0 231.0
37.0 139.0
9.0 183.0
188.0 62.0
194.0 34.0
69.0 97.0
133.0 32.0
238.0 160.0
114.0 44.0
62.0 42.0
163.0 4.0
204.0 64.0
240.0 159.0
153.0 102.0
213.0 152.0
219.0 84.0
10.0 75.0
230.0 73.0
227.0 151.0
211.0 173.0
32.0 35.0
155.0 231.0
221.0 18.0
41.0 202.0
138.0 28.0
87.0 62.0
203.0 49.0
30.0 197.0
150.0 249.0
14.0 78.0
59.0 86.0
38.0 251.0
190.0 234.0
145.0 79.0
68.0 55.0
194.0 165.0
189.0 39.0
15.0 220.0
186.0 67.0
156.0 240.0
206.0 71.0
177.0 56.0
186.0 20.0
26.0 74.0
186.0 230.0
128.0 114.0
65.0 38.0
58.0 239.0
37.0 194.0
71.0 209.0
60.0 155.0
252.0 224.0
138.0 11.0
144.0 46.0
187.0 86.0
16.0 245.0
155.0 89.0
6.0 35.0
131.0 228.0
188.0 92.0
65.0 256.0
128.0 173.0
161.0 29.0
136.0 79.0
226.0 183.0
182.0 120.0
148.0 60.0
235.0 28.0
143.0 166.0
170.0 99.0
103.0 206.0
137.0 120.0
41.0 8.0
116.0 246.0
87.0 83.0
200.0 13.0
147.0 235.0
240.0 23.0
103.0 57.0
192.0 95.0
241.0 197.0
242.0 81.0
149.0 230.0
160.0 234.0
206.0 239.0
40.0 202.0
238.0 44.0
78.0 181.0
87.0 15.0
100.0 168.0
64.0 104.0
149.0 211.0
125.0 94.0
238.0 228.0
163.0 108.0
148.0 168.0
83.0 239.0
43.0 230.0
201.0 243.0
163.0 250.0
16.0 227.0
216.0 107.0
6.0 205.0
116.0 189.0
118.0 67.0
57.0 37.0
245.0 174.0
209.0 189.0
233.0 37.0
142.0 170.0
74.0 155.0
131.0 250.0
204.0 101.0
102.0 85.0
194.0 43.0
192.0 234.0
140.0 157.0
122.0 19.0
133.0 40.0
208.0 93.0
12.0 155.0
36.0 92.0
163.0 51.0
87.0 79.0
174.0 41.0
144.0 59.0
230.0 178.0
166.0 107.0
211.0 103.0
107.0 47.0
237.0 204.0
201.0 111.0
221.0 95.0
92.0 84.0
100.0 156.0
178.0 48.0
149.0 55.0
230.0 85.0
162.0 125.0
226.0 155.0
75.0 133.0
73.0 172.0
123.0 168.0
110.0 90.0
57.0 98.0
115.0 161.0
83.0 186.0
107.0 66.0
171.0 145.0
59.0 153.0
93.0 174.0
168.0 164.0
103.0 89.0
171.0 47.0
87.0 182.0
241.0 92.0
181.0 127.0
85.0 130.0
51.0 128.0
120.0 135.0
235.0 254.0
245.0 126.0
84.0 95.0
214.0 75.0
122.0 216.0
13.0 55.0
189.0 237.0
78.0 17.0
88.0 130.0
169.0 30.0
221.0 147.0
120.0 216.0
56.0 147.0
106.0 144.0
51.0 85.0
81.0 26.0
224.0 34.0
119.0 49.0
133.0 184.0
176.0 136.0
105.0 24.0
175.0 82.0
59.0 12.0
11.0 164.0
150.0 115.0
23.0 132.0
242.0 106.0
167.0 18.0
14.0 134.0
25.0 36.0
100.0 103.0
54.0 150.0
187.0 219.0
63.0 197.0
117.0 121.0
186.0 48.0
25.0 104.0
214.0 11.0
163.0 208.0
226.0 134.0
117.0 51.0
204.0 242.0
163.0 57.0
198.0 168.0
79.0 91.0
142.0 230.0
58.0 39.0
225.0 253.0
166.0 165.0
57.0 23.0
100.0 238.0
169.0 155.0
72.0 62.0
179.0 107.0
186.0 74.0
73.0 207.0
40.0 15.0
52.0 54.0
29.0 168.0
239.0 253.0
169.0 107.0
119.0 18.0
119.0 38.0
98.0 203.0
25.0 59.0
165.0 156.0
32.0 39.0
234.0 116.0
194.0 90.0
200.0 136.0
249.0 164.0
196.0 155.0
145.0 177.0
221.0 76.0
110.0 38.0
212.0 60.0
55.0 101.0
168.0 74.0
249.0 57.0
191.0 242.0
145.0 169.0
243.0 166.0
175.0 223.0
109.0 148.0
21.0 218.0
179.0 111.0
91.0 90.0
222.0 254.0
21.0 41.0
128.0 128.0
97.0 205.0
146.0 64.0
