1
512 1 3.0 0.0 1000.0 3 160 240 100

6.5 13.5 29.3 58.5
13.0 27.0 58.5 117.0
19.5 40.5 87.8 175.5
26.0 54.0 117.0 234.0
39.0 81.0 175.5 351.0
52.0 108.0 234.0 468.0
58.5 121.5 263.3 526.5
65.0 135.0 292.5 585.0
78.0 162.0 351.0 702.0
0.0 180.0 390.0 780.0

2.0 5.0 8.0 11.0
5.0 8.0 11.0 14.0
9.0 12.0 15.0 18.0
11.0 14.0 17.0 20.0
15.0 18.0 21.0 24.0
18.0 21.0 24.0 27.0
20.0 23.0 26.0 29.0
25.0 28.0 31.0 34.0
29.0 32.0 35.0 38.0
0.0 34.0 37.0 40.0

174.0 1.0
170.0 48.0
49.0 105.0
76.0 66.0
231.0 167.0
125.0 219.0
108.0 204.0
239.0 232.0
124.0 100.0
102.0 168.0
220.0 52.0
36.0 78.0
198.0 35.0
162.0 197.0
8.0 209.0
133.0 120.0
20.0 247.0
57.0 237.0
181.0 141.0
247.0 243.0
0.0 88.0
54.0 135.0
105.0 136.0
59.0 125.0
214.0 66.0
221.0 11.0
140.0 72.0
162.0 57.0
28.0 83.0
56.0 60.0
93.0 164.0
160.0 13.0
163.0 222.0
98.0 177.0
179.0 65.0
54.0 105.0
82.0 189.0
114.0 28.0
107.0 189.0
30.0 54.0
53.0 56.0
24.0 191.0
160.0 143.0
37.0 35.0
36.0 160.0
159.0 245.0
158.0 133.0
17.0 35.0
249.0 46.0
243.0 176.0
175.0 225.0
165.0 99.0
58.0 73.0
219.0 239.0
118.0 76.0
104.0 76.0
47.0 65.0
46.0 131.0
74.0 32.0
83.0 7.0
152.0 120.0
88.0 112.0
23.0 188.0
89.0 16.0
243.0 215.0
223.0 207.0
49.0 61.0
241.0 88.0
5.0 221.0
53.0 88.0
191.0 233.0
87.0 106.0
18.0 215.0
75.0 43.0
28.0 107.0
182.0 18.0
149.0 197.0
199.0 132.0
151.0 128.0
87.0 18.0
127.0 107.0
242.0 165.0
134.0 117.0
127.0 109.0
188.0 1.0
7.0 131.0
128.0 74.0
79.0 169.0
156.0 18.0
91.0 195.0
209.0 90.0
129.0 161.0
85.0 16.0
31.0 138.0
101.0 236.0
239.0 97.0
94.0 242.0
171.0 126.0
149.0 49.0
47.0 129.0
11.0 170.0
128.0 171.0
169.0 2.0
175.0 163.0
209.0 129.0
221.0 161.0
47.0 71.0
69.0 94.0
5.0 99.0
2.0 88.0
222.0 37.0
241.0 57.0
245.0 39.0
0.0 105.0
156.0 131.0
56.0 58.0
205.0 139.0
64.0 13.0
191.0 165.0
158.0 116.0
178.0 106.0
176.0 84.0
157.0 9.0
197.0 40.0
129.0 120.0
102.0 75.0
95.0 53.0
199.0 211.0
33.0 71.0
25.0 62.0
246.0 11.0
227.0 249.0
29.0 226.0
10.0 221.0
156.0 214.0
191.0 190.0
16.0 168.0
199.0 182.0
32.0 246.0
203.0 50.0
53.0 168.0
90.0 77.0
231.0 66.0
73.0 137.0
208.0 80.0
48.0 162.0
241.0 225.0
101.0 12.0
215.0 167.0
152.0 131.0
49.0 62.0
19.0 193.0
70.0 203.0
13.0 6.0
244.0 11.0
217.0 6.0
191.0 1.0
190.0 222.0
15.0 123.0
126.0 187.0
14.0 226.0
73.0 31.0
136.0 197.0
134.0 119.0
159.0 120.0
112.0 101.0
79.0 141.0
158.0 84.0
29.0 23.0
13.0 198.0
135.0 179.0
3.0 134.0
221.0 58.0
35.0 43.0
155.0 41.0
115.0 242.0
132.0 102.0
248.0 15.0
43.0 4.0
135.0 65.0
121.0 176.0
144.0 28.0
123.0 158.0
95.0 233.0
117.0 125.0
212.0 246.0
13.0 28.0
155.0 11.0
34.0 208.0
112.0 235.0
122.0 171.0
241.0 225.0
128.0 236.0
62.0 187.0
140.0 130.0
220.0 70.0
167.0 118.0
81.0 96.0
171.0 107.0
230.0 178.0
38.0 200.0
189.0 249.0
100.0 248.0
45.0 68.0
171.0 21.0
210.0 164.0
97.0 151.0
91.0 104.0
145.0 105.0
43.0 107.0
115.0 222.0
1.0 93.0
116.0 172.0
28.0 42.0
22.0 22.0
73.0 133.0
175.0 134.0
28.0 165.0
223.0 200.0
13.0 102.0
27.0 12.0
111.0 126.0
169.0 164.0
84.0 152.0
103.0 138.0
197.0 76.0
110.0 104.0
34.0 84.0
236.0 24.0
57.0 159.0
227.0 240.0
189.0 244.0
31.0 26.0
21.0 78.0
11.0 169.0
68.0 35.0
42.0 160.0
39.0 101.0
27.0 199.0
168.0 203.0
138.0 224.0
210.0 146.0
167.0 28.0
16.0 248.0
188.0 71.0
155.0 56.0
37.0 152.0
143.0 99.0
178.0 185.0
108.0 200.0
94.0 127.0
79.0 167.0
146.0 159.0
104.0 16.0
158.0 57.0
11.0 164.0
54.0 223.0
139.0 129.0
173.0 186.0
225.0 49.0
220.0 182.0
167.0 165.0
97.0 219.0
196.0 236.0
197.0 147.0
74.0 130.0
42.0 238.0
221.0 189.0
206.0 178.0
248.0 247.0
40.0 107.0
203.0 18.0
12.0 221.0
108.0 103.0
57.0 217.0
221.0 216.0
117.0 202.0
240.0 248.0
143.0 223.0
250.0 149.0
131.0 175.0
246.0 115.0
65.0 118.0
173.0 186.0
220.0 120.0
188.0 133.0
87.0 47.0
195.0 84.0
232.0 39.0
6.0 170.0
235.0 215.0
37.0 5.0
140.0 218.0
24.0 157.0
193.0 29.0
42.0 46.0
173.0 25.0
184.0 51.0
207.0 90.0
62.0 149.0
15.0 127.0
114.0 229.0
99.0 159.0
247.0 26.0
183.0 241.0
178.0 213.0
51.0 233.0
128.0 207.0
227.0 57.0
112.0 91.0
249.0 90.0
93.0 109.0
117.0 197.0
130.0 249.0
39.0 193.0
155.0 231.0
187.0 91.0
132.0 64.0
200.0 71.0
125.0 107.0
28.0 141.0
124.0 158.0
228.0 48.0
64.0 151.0
185.0 50.0
234.0 101.0
235.0 206.0
148.0 1.0
47.0 195.0
203.0 187.0
109.0 190.0
60.0 3.0
52.0 159.0
213.0 154.0
41.0 8.0
41.0 202.0
75.0 61.0
193.0 226.0
62.0 164.0
224.0 216.0
135.0 38.0
211.0 103.0
199.0 32.0
126.0 120.0
40.0 35.0
93.0 20.0
133.0 78.0
167.0 215.0
87.0 244.0
134.0 2.0
238.0 57.0
106.0 50.0
216.0 89.0
27.0 194.0
114.0 70.0
246.0 87.0
212.0 131.0
139.0 131.0
2.0 88.0
62.0 114.0
104.0 5.0
6.0 87.0
193.0 90.0
96.0 53.0
130.0 27.0
175.0 113.0
73.0 170.0
17.0 19.0
127.0 87.0
8.0 153.0
160.0 247.0
218.0 14.0
2.0 213.0
93.0 98.0
18.0 11.0
56.0 131.0
131.0 169.0
112.0 170.0
181.0 210.0
138.0 145.0
69.0 223.0
65.0 248.0
187.0 173.0
11.0 106.0
209.0 199.0
204.0 15.0
131.0 182.0
124.0 68.0
247.0 203.0
68.0 51.0
79.0 69.0
213.0 84.0
82.0 127.0
238.0 1.0
243.0 176.0
208.0 71.0
43.0 82.0
178.0 182.0
24.0 26.0
51.0 199.0
39.0 109.0
62.0 22.0
64.0 115.0
40.0 152.0
31.0 60.0
177.0 184.0
168.0 164.0
94.0 152.0
194.0 22.0
61.0 19.0
229.0 237.0
33.0 119.0
135.0 150.0
225.0 212.0
30.0 78.0
29.0 88.0
58.0 45.0
104.0 0.0
44.0 59.0
82.0 5.0
233.0 43.0
93.0 88.0
115.0 93.0
157.0 45.0
166.0 48.0
60.0 130.0
134.0 165.0
99.0 45.0
67.0 26.0
204.0 166.0
94.0 75.0
207.0 213.0
23.0 44.0
124.0 123.0
149.0 47.0
97.0 213.0
218.0 219.0
246.0 15.0
43.0 56.0
206.0 4.0
109.0 209.0
206.0 212.0
42.0 12.0
99.0 77.0
145.0 120.0
89.0 160.0
247.0 171.0
166.0 184.0
198.0 204.0
131.0 166.0
147.0 148.0
108.0 213.0
34.0 218.0
19.0 135.0
63.0 160.0
82.0 67.0
240.0 74.0
158.0 127.0
79.0 113.0
128.0 179.0
207.0 161.0
33.0 105.0
104.0 180.0
245.0 29.0
52.0 195.0
47.0 12.0
191.0 220.0
14.0 56.0
104.0 244.0
194.0 41.0
221.0 180.0
113.0 70.0
78.0 40.0
209.0 223.0
98.0 100.0
123.0 51.0
64.0 204.0
57.0 216.0
63.0 90.0
245.0 206.0
204.0 12.0
149.0 166.0
11.0 169.0
32.0 160.0
178.0 80.0
145.0 9.0
189.0 69.0
54.0 158.0
139.0 82.0
233.0 96.0
133.0 157.0
67.0 145.0
200.0 138.0
248.0 20.0
247.0 69.0
114.0 112.0
114.0 241.0
16.0 7.0
117.0 206.0
143.0 72.0
22.0 100.0
33.0 5.0
214.0 209.0
37.0 42.0
131.0 19.0
127.0 98.0
89.0 26.0
175.0 166.0
212.0 196.0
206.0 113.0
200.0 217.0
154.0 89.0

179.0 6.0
175.0 54.0
55.0 109.0
82.0 72.0
237.0 171.0
130.0 225.0
114.0 210.0
245.0 237.0
129.0 105.0
106.0 172.0
225.0 57.0
41.0 83.0
203.0 39.0
168.0 202.0
13.0 214.0
137.0 126.0
26.0 252.0
61.0 242.0
185.0 146.0
253.0 248.0
5.0 93.0
59.0 140.0
110.0 141.0
64.0 130.0
218.0 72.0
226.0 15.0
144.0 78.0
166.0 61.0
32.0 88.0
61.0 64.0
98.0 169.0
165.0 19.0
167.0 226.0
103.0 182.0
184.0 70.0
60.0 110.0
86.0 195.0
118.0 33.0
112.0 194.0
36.0 59.0
58.0 60.0
28.0 196.0
166.0 148.0
42.0 41.0
41.0 165.0
163.0 251.0
163.0 137.0
23.0 41.0
253.0 51.0
248.0 180.0
180.0 231.0
170.0 104.0
63.0 77.0
224.0 244.0
122.0 80.0
108.0 82.0
52.0 69.0
51.0 136.0
80.0 38.0
89.0 13.0
157.0 124.0
92.0 117.0
27.0 193.0
94.0 21.0
248.0 220.0
228.0 212.0
55.0 66.0
246.0 94.0
9.0 226.0
58.0 94.0
196.0 238.0
92.0 111.0
22.0 220.0
80.0 49.0
32.0 112.0
188.0 23.0
154.0 203.0
204.0 138.0
156.0 134.0
92.0 24.0
132.0 111.0
247.0 170.0
139.0 121.0
133.0 114.0
193.0 7.0
12.0 136.0
133.0 79.0
84.0 175.0
161.0 23.0
95.0 200.0
215.0 96.0
134.0 167.0
90.0 22.0
37.0 143.0
106.0 241.0
244.0 101.0
100.0 247.0
177.0 131.0
154.0 54.0
53.0 134.0
15.0 175.0
134.0 176.0
174.0 7.0
179.0 169.0
214.0 134.0
227.0 166.0
52.0 75.0
73.0 100.0
11.0 104.0
8.0 93.0
226.0 42.0
245.0 61.0
250.0 44.0
5.0 110.0
161.0 136.0
61.0 62.0
209.0 145.0
69.0 17.0
196.0 170.0
163.0 121.0
184.0 112.0
182.0 89.0
161.0 13.0
202.0 45.0
134.0 126.0
107.0 79.0
101.0 58.0
205.0 217.0
38.0 75.0
30.0 66.0
250.0 15.0
231.0 254.0
35.0 232.0
15.0 227.0
160.0 219.0
197.0 195.0
20.0 172.0
203.0 188.0
38.0 250.0
209.0 56.0
58.0 173.0
96.0 81.0
235.0 71.0
78.0 142.0
214.0 85.0
52.0 166.0
246.0 229.0
107.0 18.0
220.0 172.0
158.0 135.0
54.0 68.0
25.0 198.0
74.0 208.0
18.0 10.0
249.0 16.0
222.0 12.0
196.0 6.0
195.0 227.0
19.0 129.0
130.0 192.0
20.0 232.0
78.0 35.0
140.0 201.0
138.0 125.0
164.0 125.0
117.0 106.0
84.0 147.0
163.0 89.0
33.0 28.0
18.0 202.0
140.0 185.0
9.0 139.0
225.0 63.0
41.0 48.0
161.0 46.0
121.0 246.0
136.0 106.0
253.0 20.0
48.0 10.0
140.0 70.0
126.0 181.0
150.0 32.0
129.0 162.0
100.0 238.0
122.0 130.0
218.0 251.0
17.0 33.0
159.0 16.0
40.0 213.0
117.0 240.0
127.0 176.0
246.0 229.0
133.0 241.0
68.0 191.0
145.0 134.0
226.0 74.0
172.0 122.0
86.0 101.0
177.0 112.0
236.0 183.0
44.0 205.0
194.0 253.0
105.0 253.0
50.0 72.0
176.0 25.0
214.0 169.0
103.0 156.0
96.0 108.0
150.0 110.0
48.0 111.0
120.0 228.0
5.0 98.0
120.0 178.0
32.0 47.0
28.0 26.0
78.0 138.0
179.0 140.0
33.0 170.0
227.0 205.0
19.0 107.0
33.0 17.0
117.0 132.0
175.0 170.0
90.0 158.0
108.0 143.0
202.0 81.0
115.0 110.0
40.0 88.0
241.0 29.0
63.0 164.0
232.0 245.0
194.0 250.0
36.0 31.0
25.0 83.0
16.0 174.0
73.0 40.0
46.0 165.0
43.0 107.0
31.0 204.0
174.0 207.0
144.0 229.0
215.0 152.0
172.0 34.0
21.0 252.0
193.0 76.0
160.0 62.0
43.0 157.0
148.0 103.0
182.0 190.0
113.0 204.0
98.0 133.0
84.0 172.0
151.0 164.0
110.0 20.0
163.0 62.0
15.0 169.0
58.0 229.0
144.0 133.0
177.0 191.0
230.0 53.0
226.0 188.0
171.0 169.0
103.0 223.0
201.0 241.0
202.0 152.0
79.0 136.0
47.0 243.0
227.0 193.0
210.0 182.0
253.0 252.0
44.0 112.0
209.0 22.0
18.0 227.0
114.0 108.0
61.0 222.0
227.0 221.0
122.0 208.0
245.0 254.0
149.0 227.0
256.0 153.0
136.0 180.0
251.0 120.0
71.0 123.0
178.0 190.0
226.0 125.0
194.0 138.0
93.0 51.0
200.0 89.0
237.0 45.0
11.0 175.0
240.0 220.0
41.0 10.0
146.0 222.0
29.0 162.0
197.0 34.0
47.0 51.0
177.0 30.0
188.0 56.0
213.0 95.0
68.0 154.0
21.0 131.0
119.0 235.0
105.0 164.0
252.0 31.0
189.0 245.0
183.0 218.0
56.0 238.0
133.0 212.0
231.0 63.0
118.0 95.0
254.0 95.0
99.0 114.0
123.0 201.0
135.0 253.0
45.0 198.0
160.0 237.0
192.0 97.0
137.0 69.0
206.0 76.0
130.0 113.0
33.0 145.0
129.0 163.0
232.0 53.0
69.0 156.0
190.0 56.0
240.0 106.0
241.0 211.0
153.0 7.0
52.0 200.0
208.0 191.0
113.0 194.0
65.0 8.0
57.0 163.0
218.0 159.0
46.0 14.0
47.0 207.0
81.0 65.0
198.0 230.0
68.0 169.0
229.0 221.0
141.0 43.0
215.0 107.0
203.0 38.0
131.0 125.0
46.0 40.0
97.0 25.0
138.0 83.0
172.0 220.0
91.0 250.0
139.0 7.0
244.0 61.0
111.0 54.0
220.0 94.0
33.0 199.0
119.0 74.0
251.0 93.0
216.0 136.0
143.0 135.0
6.0 94.0
66.0 120.0
109.0 11.0
10.0 93.0
197.0 96.0
101.0 58.0
135.0 33.0
180.0 119.0
79.0 174.0
22.0 23.0
132.0 92.0
12.0 158.0
166.0 251.0
223.0 19.0
6.0 217.0
97.0 103.0
23.0 16.0
61.0 137.0
136.0 175.0
118.0 175.0
185.0 216.0
143.0 151.0
74.0 228.0
70.0 254.0
191.0 179.0
16.0 110.0
214.0 204.0
208.0 21.0
136.0 187.0
129.0 73.0
251.0 207.0
72.0 56.0
85.0 73.0
218.0 88.0
88.0 131.0
244.0 6.0
248.0 180.0
214.0 75.0
49.0 88.0
182.0 188.0
29.0 31.0
55.0 203.0
44.0 115.0
68.0 27.0
69.0 120.0
45.0 157.0
37.0 66.0
182.0 189.0
173.0 169.0
99.0 158.0
198.0 28.0
66.0 24.0
235.0 242.0
37.0 124.0
140.0 154.0
230.0 217.0
34.0 83.0
34.0 93.0
63.0 50.0
110.0 6.0
49.0 65.0
86.0 10.0
237.0 49.0
98.0 92.0
121.0 99.0
162.0 50.0
171.0 53.0
65.0 134.0
138.0 170.0
105.0 50.0
73.0 32.0
210.0 170.0
98.0 80.0
212.0 219.0
27.0 50.0
129.0 128.0
155.0 53.0
102.0 218.0
223.0 224.0
251.0 20.0
48.0 60.0
211.0 10.0
115.0 214.0
211.0 216.0
47.0 17.0
105.0 82.0
150.0 126.0
93.0 164.0
251.0 176.0
171.0 190.0
203.0 209.0
137.0 171.0
151.0 153.0
114.0 218.0
40.0 223.0
23.0 139.0
68.0 164.0
86.0 73.0
245.0 80.0
164.0 133.0
84.0 118.0
134.0 185.0
213.0 166.0
39.0 111.0
108.0 186.0
250.0 33.0
56.0 200.0
52.0 17.0
195.0 225.0
19.0 60.0
109.0 248.0
200.0 46.0
226.0 184.0
117.0 75.0
84.0 46.0
215.0 228.0
103.0 104.0
128.0 56.0
69.0 208.0
61.0 221.0
69.0 95.0
249.0 211.0
210.0 18.0
154.0 172.0
16.0 174.0
37.0 165.0
184.0 86.0
150.0 13.0
195.0 74.0
59.0 163.0
145.0 87.0
239.0 100.0
138.0 162.0
72.0 151.0
204.0 142.0
252.0 25.0
252.0 74.0
119.0 117.0
120.0 246.0
21.0 12.0
123.0 211.0
148.0 78.0
28.0 106.0
37.0 10.0
218.0 214.0
42.0 47.0
136.0 24.0
133.0 103.0
94.0 30.0
180.0 172.0
218.0 201.0
212.0 118.0
204.0 223.0
159.0 94.0
