1
512 1 3.0 0.0 1000.0 3 160 240 100

6.5 13.5 29.3 58.5
13.0 27.0 58.5 117.0
19.5 40.5 87.8 175.5
26.0 54.0 117.0 234.0
39.0 81.0 175.5 351.0
52.0 108.0 234.0 468.0
58.5 121.5 263.3 526.5
65.0 135.0 292.5 585.0
78.0 162.0 351.0 702.0
0.0 180.0 390.0 780.0

2.0 5.0 8.0 11.0
5.0 8.0 11.0 14.0
9.0 12.0 15.0 18.0
11.0 14.0 17.0 20.0
15.0 18.0 21.0 24.0
18.0 21.0 24.0 27.0
20.0 23.0 26.0 29.0
25.0 28.0 31.0 34.0
29.0 32.0 35.0 38.0
0.0 34.0 37.0 40.0

184.0 40.0
32.0 176.0
3.0 4.0
205.0 50.0
159.0 28.0
203.0 198.0
203.0 77.0
232.0 239.0
232.0 212.0
122.0 166.0
69.0 154.0
186.0 108.0
114.0 102.0
114.0 137.0
107.0 5.0
197.0 53.0
142.0 245.0
225.0 174.0
58.0 53.0
227.0 211.0
151.0 8.0
40.0 122.0
224.0 37.0
229.0 134.0
39.0 163.0
225.0 223.0
53.0 35.0
93.0 107.0
148.0 120.0
153.0 165.0
94.0 205.0
249.0 219.0
83.0 217.0
14.0 206.0
206.0 141.0
50.0 69.0
84.0 163.0
4.0 247.0
140.0 194.0
64.0 236.0
106.0 26.0
1.0 221.0
129.0 154.0
148.0 122.0
193.0 136.0
68.0 183.0
94.0 156.0
177.0 67.0
54.0 28.0
191.0 220.0
108.0 190.0
59.0 84.0
195.0 47.0
102.0 53.0
236.0 86.0
157.0 116.0
243.0 248.0
76.0 219.0
121.0 105.0
238.0 165.0
82.0 207.0
68.0 192.0
201.0 7.0
82.0 191.0
177.0 124.0
79.0 76.0
175.0 217.0
131.0 133.0
215.0 93.0
109.0 248.0
93.0 224.0
30.0 202.0
179.0 153.0
78.0 70.0
202.0 82.0
214.0 42.0
241.0 18.0
101.0 48.0
162.0 134.0
143.0 167.0
87.0 86.0
223.0 58.0
17.0 93.0
77.0 17.0
64.0 118.0
7.0 28.0
43.0 100.0
0.0 34.0
6.0 203.0
82.0 179.0
91.0 133.0
85.0 111.0
134.0 145.0
48.0 225.0
63.0 144.0
55.0 63.0
132.0 134.0
88.0 132.0
135.0 48.0
90.0 217.0
48.0 82.0
186.0 83.0
105.0 192.0
130.0 23.0
127.0 4.0
55.0 10.0
246.0 174.0
214.0 43.0
209.0 60.0
168.0 71.0
32.0 140.0
230.0 199.0
67.0 137.0
3.0 200.0
117.0 183.0
190.0 155.0
55.0 97.0
136.0 108.0
186.0 225.0
166.0 211.0
197.0 67.0
50.0 94.0
60.0 241.0
14.0 75.0
92.0 141.0
44.0 64.0
180.0 220.0
240.0 150.0
249.0 122.0
107.0 112.0
86.0 224.0
167.0 199.0
247.0 183.0
142.0 56.0
25.0 176.0
243.0 22.0
74.0 61.0
152.0 38.0
58.0 1.0
141.0 20.0
31.0 176.0
25.0 73.0
48.0 242.0
14.0 8.0
83.0 29.0
45.0 171.0
143.0 30.0
30.0 172.0
10.0 24.0
234.0 151.0
138.0 34.0
68.0 30.0
8.0 74.0
175.0 32.0
90.0 10.0
191.0 27.0
96.0 126.0
179.0 115.0
50.0 78.0
29.0 139.0
217.0 222.0
160.0 141.0
60.0 104.0
200.0 111.0
145.0 233.0
124.0 140.0
14.0 57.0
127.0 207.0
94.0 121.0
108.0 104.0
26.0 218.0
145.0 84.0
120.0 127.0
229.0 111.0
172.0 123.0
12.0 188.0
236.0 243.0
194.0 8.0
231.0 98.0
205.0 23.0
66.0 101.0
159.0 57.0
59.0 28.0
123.0 186.0
208.0 150.0
54.0 135.0
206.0 231.0
65.0 30.0
146.0 5.0
5.0 144.0
164.0 54.0
128.0 91.0
110.0 73.0
228.0 234.0
112.0 71.0
126.0 143.0
243.0 110.0
14.0 227.0
42.0 18.0
172.0 20.0
211.0 52.0
182.0 109.0
129.0 65.0
39.0 62.0
121.0 26.0
136.0 220.0
239.0 83.0
183.0 79.0
138.0 139.0
130.0 16.0
171.0 249.0
43.0 192.0
150.0 190.0
134.0 25.0
39.0 136.0
1.0 184.0
138.0 166.0
172.0 125.0
152.0 155.0
124.0 241.0
94.0 160.0
249.0 23.0
13.0 222.0
61.0 190.0
142.0 71.0
249.0 44.0
78.0 30.0
228.0 136.0
209.0 227.0
185.0 132.0
134.0 46.0
142.0 90.0
148.0 40.0
155.0 155.0
185.0 114.0
45.0 250.0
159.0 85.0
157.0 172.0
206.0 35.0
178.0 22.0
164.0 210.0
113.0 10.0
155.0 242.0
95.0 191.0
235.0 68.0
244.0 45.0
106.0 215.0
128.0 90.0
215.0 186.0
164.0 48.0
135.0 241.0
138.0 155.0
150.0 196.0
63.0 231.0
83.0 148.0
168.0 245.0
161.0 117.0
120.0 114.0
69.0 154.0
138.0 86.0
131.0 34.0
249.0 87.0
129.0 181.0
186.0 233.0
78.0 89.0
75.0 45.0
101.0 24.0
46.0 159.0
89.0 115.0
0.0 217.0
151.0 8.0
89.0 105.0
200.0 78.0
236.0 71.0
28.0 232.0
135.0 64.0
85.0 174.0
189.0 157.0
217.0 51.0
183.0 29.0
181.0 216.0
57.0 27.0
75.0 157.0
164.0 112.0
128.0 195.0
27.0 107.0
105.0 139.0
107.0 185.0
154.0 117.0
192.0 124.0
226.0 144.0
86.0 146.0
14.0 21.0
54.0 246.0
170.0 15.0
76.0 200.0
122.0 22.0
11.0 34.0
127.0 37.0
85.0 19.0
247.0 29.0
177.0 93.0
22.0 148.0
200.0 163.0
146.0 249.0
175.0 44.0
38.0 21.0
162.0 134.0
9.0 107.0
30.0 191.0
17.0 105.0
100.0 191.0
100.0 209.0
23.0 12.0
110.0 31.0
44.0 45.0
199.0 210.0
147.0 96.0
58.0 240.0
100.0 66.0
244.0 237.0
27.0 145.0
216.0 216.0
149.0 121.0
32.0 213.0
190.0 183.0
213.0 196.0
218.0 177.0
103.0 231.0
52.0 80.0
100.0 228.0
116.0 26.0
202.0 87.0
248.0 17.0
140.0 216.0
237.0 31.0
160.0 106.0
187.0 37.0
85.0 58.0
145.0 1.0
108.0 132.0
194.0 26.0
83.0 19.0
66.0 72.0
113.0 58.0
130.0 29.0
93.0 200.0
157.0 225.0
139.0 23.0
102.0 1.0
167.0 238.0
187.0 64.0
192.0 146.0
141.0 136.0
234.0 113.0
3.0 222.0
25.0 174.0
232.0 143.0
19.0 170.0
146.0 36.0
42.0 177.0
56.0 89.0
199.0 8.0
3.0 92.0
1.0 153.0
78.0 189.0
197.0 86.0
117.0 43.0
167.0 168.0
113.0 172.0
220.0 189.0
28.0 48.0
26.0 174.0
221.0 85.0
176.0 112.0
23.0 232.0
184.0 103.0
90.0 180.0
91.0 210.0
164.0 19.0
80.0 139.0
250.0 232.0
152.0 162.0
227.0 230.0
143.0 18.0
10.0 195.0
3.0 96.0
172.0 64.0
5.0 2.0
247.0 39.0
162.0 190.0
22.0 85.0
158.0 138.0
151.0 172.0
193.0 121.0
20.0 99.0
172.0 186.0
80.0 43.0
6.0 2.0
199.0 28.0
100.0 81.0
123.0 85.0
149.0 155.0
227.0 185.0
202.0 70.0
13.0 86.0
240.0 131.0
168.0 41.0
103.0 126.0
10.0 143.0
135.0 68.0
15.0 134.0
11.0 38.0
124.0 59.0
232.0 29.0
141.0 239.0
134.0 38.0
66.0 59.0
23.0 201.0
26.0 166.0
150.0 87.0
37.0 207.0
21.0 60.0
137.0 69.0
122.0 212.0
235.0 138.0
190.0 148.0
102.0 143.0
224.0 248.0
219.0 245.0
0.0 69.0
34.0 68.0
155.0 125.0
224.0 177.0
231.0 96.0
131.0 104.0
117.0 71.0
89.0 42.0
156.0 1.0
199.0 179.0
232.0 101.0
141.0 174.0
224.0 237.0
193.0 119.0
23.0 175.0
183.0 107.0
120.0 98.0
171.0 137.0
83.0 142.0
198.0 104.0
71.0 233.0
34.0 202.0
55.0 103.0
144.0 149.0
36.0 139.0
162.0 168.0
53.0 65.0
227.0 1.0
139.0 249.0
95.0 38.0
149.0 250.0
10.0 193.0
236.0 10.0
113.0 239.0
41.0 209.0
1.0 112.0
225.0 47.0
101.0 23.0
44.0 89.0
76.0 11.0
235.0 75.0
71.0 137.0
10.0 198.0
129.0 105.0
70.0 142.0
217.0 116.0
68.0 229.0
63.0 109.0
26.0 117.0
124.0 96.0
51.0 24.0
3.0 94.0
203.0 21.0
15.0 1.0
236.0 14.0
100.0 42.0
205.0 86.0
148.0 245.0
21.0 181.0
63.0 223.0
79.0 174.0
4.0 67.0
166.0 202.0
21.0 20.0
141.0 163.0
121.0 118.0
229.0 123.0
124.0 67.0
43.0 191.0
223.0 194.0
52.0 200.0
221.0 97.0
223.0 133.0
243.0 218.0
198.0 31.0
17.0 94.0
101.0 166.0
141.0 109.0
198.0 104.0
75.0 158.0
157.0 76.0
122.0 159.0

189.0 45.0
38.0 182.0
9.0 8.0
209.0 54.0
165.0 33.0
209.0 204.0
209.0 83.0
237.0 244.0
237.0 217.0
128.0 172.0
74.0 160.0
191.0 113.0
119.0 107.0
119.0 141.0
111.0 11.0
202.0 58.0
146.0 249.0
231.0 179.0
64.0 59.0
232.0 215.0
156.0 14.0
44.0 128.0
228.0 43.0
234.0 140.0
45.0 168.0
231.0 228.0
57.0 40.0
98.0 112.0
152.0 125.0
158.0 170.0
99.0 210.0
254.0 224.0
88.0 222.0
19.0 210.0
211.0 146.0
55.0 73.0
89.0 167.0
10.0 252.0
145.0 200.0
69.0 241.0
111.0 31.0
6.0 226.0
134.0 159.0
152.0 127.0
199.0 141.0
72.0 188.0
100.0 162.0
182.0 73.0
59.0 33.0
195.0 225.0
114.0 194.0
64.0 89.0
200.0 52.0
108.0 58.0
240.0 90.0
161.0 120.0
247.0 253.0
81.0 224.0
125.0 111.0
244.0 171.0
88.0 211.0
74.0 196.0
206.0 11.0
86.0 196.0
182.0 130.0
84.0 81.0
181.0 221.0
137.0 138.0
220.0 98.0
114.0 253.0
99.0 229.0
36.0 207.0
184.0 159.0
83.0 75.0
207.0 86.0
220.0 47.0
246.0 23.0
107.0 52.0
167.0 139.0
147.0 173.0
92.0 90.0
228.0 64.0
22.0 98.0
83.0 21.0
69.0 123.0
12.0 32.0
47.0 105.0
5.0 38.0
10.0 209.0
87.0 184.0
96.0 138.0
90.0 117.0
140.0 150.0
54.0 231.0
68.0 149.0
61.0 68.0
138.0 139.0
94.0 137.0
141.0 54.0
95.0 223.0
52.0 87.0
191.0 89.0
110.0 198.0
134.0 29.0
131.0 9.0
59.0 14.0
252.0 178.0
218.0 48.0
214.0 66.0
173.0 77.0
37.0 145.0
235.0 204.0
72.0 142.0
8.0 204.0
122.0 188.0
194.0 161.0
60.0 102.0
141.0 113.0
191.0 231.0
172.0 217.0
202.0 73.0
56.0 99.0
65.0 247.0
19.0 81.0
97.0 146.0
48.0 69.0
184.0 224.0
246.0 155.0
255.0 127.0
111.0 117.0
91.0 229.0
173.0 205.0
252.0 189.0
148.0 60.0
29.0 181.0
249.0 27.0
79.0 65.0
157.0 43.0
63.0 5.0
146.0 26.0
37.0 181.0
30.0 77.0
53.0 248.0
19.0 12.0
89.0 33.0
51.0 175.0
148.0 34.0
35.0 177.0
16.0 30.0
239.0 156.0
143.0 39.0
72.0 35.0
14.0 78.0
180.0 38.0
95.0 15.0
196.0 33.0
102.0 132.0
184.0 121.0
55.0 82.0
33.0 143.0
222.0 228.0
164.0 147.0
65.0 109.0
206.0 116.0
150.0 237.0
130.0 145.0
19.0 61.0
131.0 212.0
98.0 127.0
112.0 109.0
30.0 223.0
149.0 90.0
125.0 131.0
234.0 116.0
177.0 127.0
17.0 192.0
241.0 249.0
198.0 13.0
236.0 103.0
209.0 27.0
70.0 106.0
164.0 62.0
64.0 32.0
128.0 191.0
213.0 156.0
59.0 139.0
211.0 236.0
69.0 35.0
151.0 9.0
9.0 148.0
169.0 59.0
132.0 96.0
115.0 79.0
234.0 239.0
116.0 76.0
132.0 149.0
249.0 115.0
20.0 232.0
47.0 24.0
177.0 24.0
215.0 56.0
187.0 115.0
134.0 70.0
44.0 67.0
126.0 30.0
141.0 226.0
245.0 88.0
189.0 83.0
143.0 144.0
135.0 20.0
176.0 254.0
47.0 196.0
155.0 195.0
139.0 30.0
43.0 141.0
6.0 188.0
144.0 171.0
177.0 131.0
156.0 161.0
129.0 245.0
99.0 165.0
254.0 28.0
18.0 227.0
65.0 195.0
147.0 76.0
254.0 50.0
83.0 35.0
234.0 141.0
213.0 232.0
191.0 138.0
139.0 52.0
147.0 94.0
152.0 46.0
159.0 160.0
190.0 119.0
50.0 255.0
163.0 90.0
161.0 177.0
211.0 40.0
183.0 27.0
169.0 216.0
117.0 14.0
161.0 248.0
100.0 196.0
240.0 73.0
248.0 50.0
110.0 220.0
133.0 94.0
220.0 191.0
169.0 52.0
140.0 247.0
143.0 160.0
154.0 200.0
68.0 236.0
88.0 152.0
173.0 249.0
166.0 122.0
124.0 120.0
74.0 158.0
142.0 92.0
135.0 40.0
253.0 92.0
134.0 185.0
191.0 237.0
84.0 93.0
81.0 49.0
105.0 28.0
51.0 164.0
95.0 121.0
5.0 223.0
157.0 14.0
95.0 110.0
206.0 83.0
242.0 76.0
32.0 237.0
140.0 69.0
89.0 179.0
194.0 162.0
223.0 55.0
189.0 33.0
185.0 220.0
63.0 31.0
80.0 162.0
169.0 117.0
133.0 199.0
33.0 113.0
110.0 144.0
111.0 190.0
160.0 122.0
197.0 129.0
230.0 148.0
92.0 150.0
20.0 26.0
59.0 252.0
174.0 21.0
81.0 205.0
126.0 27.0
15.0 40.0
132.0 42.0
90.0 25.0
252.0 35.0
183.0 98.0
27.0 153.0
206.0 168.0
150.0 254.0
180.0 50.0
42.0 26.0
166.0 139.0
15.0 112.0
35.0 196.0
21.0 109.0
106.0 195.0
106.0 213.0
28.0 17.0
114.0 37.0
49.0 49.0
205.0 216.0
153.0 102.0
63.0 245.0
105.0 71.0
250.0 241.0
32.0 150.0
220.0 222.0
154.0 125.0
38.0 217.0
196.0 188.0
218.0 201.0
222.0 183.0
107.0 236.0
58.0 86.0
105.0 233.0
122.0 30.0
208.0 91.0
253.0 21.0
146.0 222.0
243.0 37.0
164.0 111.0
193.0 43.0
90.0 64.0
149.0 6.0
114.0 138.0
199.0 30.0
87.0 23.0
71.0 77.0
118.0 63.0
134.0 34.0
98.0 205.0
161.0 230.0
143.0 28.0
107.0 6.0
172.0 242.0
192.0 70.0
198.0 152.0
147.0 141.0
239.0 118.0
8.0 228.0
31.0 180.0
237.0 149.0
25.0 174.0
152.0 42.0
47.0 182.0
62.0 95.0
204.0 13.0
8.0 97.0
6.0 157.0
83.0 195.0
203.0 92.0
122.0 48.0
173.0 173.0
118.0 178.0
224.0 194.0
34.0 53.0
32.0 179.0
226.0 89.0
181.0 117.0
29.0 237.0
188.0 108.0
95.0 185.0
96.0 215.0
170.0 23.0
85.0 145.0
255.0 236.0
157.0 167.0
231.0 236.0
147.0 23.0
16.0 200.0
9.0 101.0
176.0 69.0
10.0 8.0
253.0 43.0
168.0 195.0
28.0 90.0
162.0 144.0
156.0 178.0
197.0 127.0
26.0 104.0
176.0 191.0
86.0 47.0
12.0 6.0
204.0 33.0
106.0 86.0
128.0 90.0
153.0 161.0
233.0 190.0
206.0 74.0
17.0 91.0
244.0 135.0
174.0 46.0
109.0 130.0
16.0 148.0
141.0 74.0
20.0 138.0
16.0 43.0
130.0 63.0
236.0 34.0
147.0 245.0
139.0 43.0
70.0 64.0
28.0 206.0
31.0 170.0
154.0 91.0
43.0 212.0
26.0 64.0
141.0 74.0
128.0 216.0
241.0 144.0
196.0 154.0
107.0 149.0
230.0 252.0
225.0 250.0
6.0 74.0
39.0 72.0
160.0 129.0
229.0 183.0
236.0 102.0
135.0 109.0
122.0 76.0
93.0 46.0
161.0 6.0
205.0 183.0
237.0 106.0
146.0 179.0
228.0 243.0
199.0 123.0
28.0 180.0
187.0 113.0
124.0 102.0
177.0 143.0
88.0 148.0
203.0 109.0
76.0 237.0
39.0 206.0
60.0 108.0
150.0 153.0
41.0 145.0
166.0 173.0
57.0 70.0
232.0 6.0
145.0 254.0
99.0 44.0
154.0 255.0
14.0 197.0
241.0 14.0
119.0 245.0
46.0 214.0
7.0 118.0
230.0 53.0
105.0 27.0
48.0 95.0
81.0 17.0
240.0 79.0
77.0 142.0
15.0 203.0
135.0 110.0
74.0 147.0
222.0 120.0
74.0 235.0
68.0 114.0
31.0 122.0
129.0 100.0
56.0 29.0
8.0 98.0
209.0 26.0
20.0 5.0
241.0 19.0
105.0 48.0
210.0 92.0
152.0 250.0
26.0 186.0
69.0 228.0
84.0 179.0
8.0 73.0
171.0 206.0
26.0 26.0
145.0 169.0
126.0 122.0
235.0 129.0
128.0 72.0
48.0 195.0
227.0 198.0
57.0 206.0
226.0 103.0
228.0 139.0
247.0 223.0
202.0 37.0
22.0 99.0
106.0 172.0
147.0 113.0
202.0 108.0
80.0 164.0
161.0 82.0
128.0 164.0
