1
512 1 3.0 0.0 1000.0 3 160 240 100

6.5 13.5 29.3 58.5
13.0 27.0 58.5 117.0
19.5 40.5 87.8 175.5
26.0 54.0 117.0 234.0
39.0 81.0 175.5 351.0
52.0 108.0 234.0 468.0
58.5 121.5 263.3 526.5
65.0 135.0 292.5 585.0
78.0 162.0 351.0 702.0
0.0 180.0 390.0 780.0

2.0 5.0 8.0 11.0
5.0 8.0 11.0 14.0
9.0 12.0 15.0 18.0
11.0 14.0 17.0 20.0
15.0 18.0 21.0 24.0
18.0 21.0 24.0 27.0
20.0 23.0 26.0 29.0
25.0 28.0 31.0 34.0
29.0 32.0 35.0 38.0
0.0 34.0 37.0 40.0

192.0 172.0
124.0 172.0
62.0 156.0
81.0 58.0
154.0 233.0
44.0 12.0
138.0 196.0
151.0 225.0
215.0 24.0
63.0 235.0
12.0 86.0
40.0 90.0
134.0 115.0
44.0 46.0
145.0 121.0
171.0 4.0
44.0 229.0
13.0 201.0
111.0 241.0
112.0 232.0
87.0 28.0
231.0 49.0
179.0 189.0
244.0 137.0
224.0 188.0
230.0 135.0
141.0 40.0
204.0 237.0
114.0 144.0
196.0 2.0
22.0 189.0
235.0 36.0
183.0 120.0
72.0 67.0
41.0 206.0
74.0 226.0
4.0 78.0
4.0 193.0
186.0 158.0
238.0 152.0
115.0 206.0
9.0 76.0
59.0 44.0
104.0 166.0
152.0 66.0
236.0 90.0
82.0 196.0
134.0 229.0
169.0 42.0
199.0 189.0
209.0 39.0
144.0 159.0
27.0 192.0
101.0 18.0
16.0 84.0
220.0 127.0
210.0 152.0
130.0 90.0
40.0 9.0
169.0 46.0
217.0 191.0
103.0 154.0
243.0 231.0
137.0 208.0
133.0 70.0
70.0 148.0
226.0 75.0
242.0 67.0
22.0 55.0
25.0 80.0
76.0 168.0
127.0 24.0
248.0 228.0
78.0 250.0
206.0 193.0
44.0 93.0
121.0 207.0
224.0 150.0
73.0 111.0
88.0 83.0
222.0 161.0
84.0 201.0
149.0 248.0
220.0 160.0
45.0 236.0
239.0 172.0
18.0 91.0
197.0 166.0
83.0 24.0
29.0 184.0
223.0 210.0
29.0 75.0
215.0 193.0
210.0 148.0
233.0 136.0
99.0 209.0
43.0 165.0
62.0 34.0
178.0 104.0
64.0 79.0
39.0 200.0
111.0 80.0
187.0 23.0
156.0 249.0
127.0 24.0
56.0 76.0
246.0 41.0
29.0 72.0
81.0 124.0
48.0 91.0
175.0 95.0
1.0 187.0
114.0 79.0
186.0 22.0
100.0 60.0
84.0 155.0
27.0 60.0
112.0 96.0
62.0 129.0
170.0 99.0
47.0 116.0
67.0 181.0
120.0 38.0
248.0 229.0
230.0 130.0
51.0 55.0
81.0 29.0
31.0 128.0
51.0 57.0
201.0 236.0
235.0 156.0
115.0 164.0
57.0 89.0
6.0 20.0
205.0 75.0
38.0 175.0
211.0 98.0
1.0 77.0
64.0 183.0
135.0 20.0
49.0 3.0
50.0 6.0
67.0 236.0
35.0 158.0
20.0 168.0
105.0 201.0
131.0 69.0
205.0 90.0
149.0 226.0
51.0 171.0
206.0 43.0
137.0 82.0
131.0 187.0
27.0 174.0
129.0 98.0
77.0 2.0
241.0 206.0
89.0 56.0
119.0 29.0
159.0 176.0
180.0 152.0
97.0 153.0
11.0 115.0
69.0 129.0
242.0 85.0
191.0 145.0
126.0 229.0
119.0 80.0
161.0 23.0
236.0 225.0
134.0 49.0
99.0 72.0
25.0 129.0
123.0 224.0
47.0 242.0
45.0 112.0
127.0 180.0
23.0 50.0
216.0 12.0
26.0 195.0
134.0 210.0
1.0 71.0
195.0 108.0
102.0 85.0
190.0 185.0
89.0 79.0
114.0 205.0
54.0 229.0
80.0 100.0
210.0 190.0
175.0 243.0
26.0 187.0
92.0 112.0
68.0 74.0
151.0 135.0
199.0 184.0
183.0 86.0
135.0 122.0
5.0 191.0
121.0 183.0
87.0 189.0
108.0 194.0
18.0 149.0
71.0 79.0
239.0 139.0
209.0 56.0
38.0 186.0
74.0 166.0
133.0 1.0
204.0 144.0
231.0 25.0
210.0 227.0
246.0 147.0
19.0 18.0
207.0 28.0
71.0 134.0
150.0 4.0
77.0 139.0
152.0 132.0
249.0 91.0
187.0 218.0
226.0 103.0
76.0 21.0
241.0 120.0
85.0 106.0
136.0 174.0
75.0 146.0
124.0 197.0
133.0 31.0
47.0 38.0
206.0 222.0
149.0 135.0
47.0 56.0
233.0 109.0
122.0 82.0
107.0 109.0
153.0 18.0
55.0 46.0
81.0 4.0
109.0 182.0
250.0 146.0
245.0 75.0
203.0 141.0
146.0 221.0
43.0 89.0
28.0 26.0
104.0 182.0
55.0 70.0
15.0 233.0
211.0 176.0
35.0 112.0
21.0 107.0
108.0 187.0
127.0 47.0
142.0 201.0
231.0 55.0
95.0 60.0
34.0 19.0
230.0 95.0
63.0 186.0
16.0 144.0
125.0 150.0
150.0 134.0
184.0 26.0
51.0 150.0
244.0 49.0
189.0 28.0
178.0 198.0
208.0 100.0
204.0 218.0
90.0 249.0
79.0 21.0
198.0 12.0
75.0 195.0
63.0 37.0
193.0 244.0
125.0 246.0
61.0 157.0
181.0 129.0
70.0 43.0
111.0 151.0
104.0 85.0
22.0 87.0
12.0 140.0
242.0 113.0
77.0 134.0
193.0 112.0
238.0 196.0
193.0 153.0
201.0 65.0
94.0 203.0
80.0 76.0
173.0 186.0
54.0 135.0
69.0 45.0
86.0 129.0
56.0 70.0
47.0 42.0
55.0 3.0
161.0 98.0
76.0 73.0
6.0 83.0
100.0 90.0
103.0 43.0
214.0 126.0
206.0 124.0
145.0 40.0
186.0 143.0
137.0 244.0
18.0 17.0
167.0 104.0
135.0 13.0
91.0 234.0
14.0 89.0
86.0 208.0
151.0 146.0
98.0 74.0
168.0 82.0
41.0 76.0
73.0 122.0
90.0 73.0
34.0 155.0
168.0 214.0
89.0 198.0
114.0 206.0
7.0 90.0
3.0 123.0
97.0 154.0
219.0 229.0
67.0 66.0
142.0 107.0
97.0 29.0
161.0 219.0
106.0 131.0
18.0 62.0
244.0 106.0
42.0 147.0
230.0 242.0
184.0 121.0
179.0 42.0
16.0 117.0
161.0 6.0
226.0 24.0
24.0 2.0
180.0 150.0
94.0 238.0
165.0 86.0
150.0 170.0
36.0 124.0
167.0 220.0
249.0 151.0
110.0 33.0
130.0 14.0
134.0 22.0
234.0 142.0
102.0 34.0
16.0 41.0
148.0 34.0
51.0 91.0
85.0 248.0
148.0 112.0
247.0 55.0
216.0 23.0
186.0 177.0
97.0 175.0
203.0 87.0
120.0 62.0
4.0 66.0
192.0 116.0
75.0 196.0
70.0 150.0
203.0 97.0
242.0 67.0
115.0 72.0
205.0 229.0
14.0 92.0
178.0 10.0
143.0 158.0
163.0 40.0
9.0 102.0
24.0 41.0
16.0 229.0
123.0 139.0
44.0 3.0
47.0 174.0
65.0 36.0
101.0 22.0
228.0 224.0
225.0 66.0
127.0 153.0
121.0 223.0
50.0 242.0
149.0 22.0
53.0 140.0
131.0 19.0
38.0 197.0
247.0 175.0
49.0 157.0
56.0 107.0
78.0 29.0
185.0 202.0
247.0 144.0
92.0 142.0
10.0 241.0
90.0 202.0
119.0 205.0
134.0 241.0
137.0 177.0
211.0 120.0
103.0 51.0
196.0 100.0
11.0 173.0
137.0 78.0
85.0 153.0
216.0 82.0
132.0 229.0
212.0 9.0
92.0 209.0
105.0 163.0
174.0 61.0
5.0 190.0
84.0 55.0
178.0 98.0
118.0 153.0
228.0 78.0
217.0 156.0
81.0 197.0
174.0 208.0
207.0 54.0
192.0 31.0
96.0 77.0
103.0 96.0
51.0 209.0
88.0 12.0
196.0 10.0
74.0 190.0
126.0 49.0
26.0 192.0
229.0 8.0
179.0 211.0
227.0 228.0
62.0 194.0
100.0 3.0
228.0 205.0
54.0 215.0
168.0 141.0
78.0 11.0
203.0 34.0
131.0 230.0
192.0 189.0
109.0 143.0
245.0 241.0
40.0 113.0
148.0 19.0
249.0 96.0
46.0 184.0
90.0 221.0
243.0 137.0
102.0 245.0
25.0 49.0
54.0 245.0
236.0 130.0
131.0 217.0
157.0 119.0
85.0 70.0
20.0 236.0
226.0 63.0
93.0 186.0
211.0 41.0
53.0 115.0
137.0 155.0
180.0 208.0
1.0 29.0
2.0 195.0
171.0 197.0
13.0 114.0
59.0 154.0
238.0 199.0
5.0 199.0
147.0 110.0
198.0 55.0
47.0 15.0
5.0 65.0
95.0 117.0
178.0 71.0
185.0 242.0
168.0 152.0
221.0 224.0
140.0 209.0
156.0 72.0
68.0 183.0
182.0 24.0
93.0 35.0
83.0 110.0
176.0 140.0
9.0 198.0
95.0 99.0
48.0 17.0
182.0 6.0
239.0 2.0
248.0 28.0
28.0 102.0
192.0 238.0
185.0 244.0
131.0 157.0
50.0 233.0
175.0 88.0
8.0 156.0
44.0 73.0
190.0 194.0
41.0 159.0
176.0 24.0

198.0 178.0
130.0 177.0
66.0 161.0
86.0 63.0
159.0 238.0
48.0 17.0
142.0 201.0
157.0 231.0
221.0 29.0
68.0 239.0
16.0 91.0
46.0 95.0
140.0 120.0
49.0 51.0
150.0 125.0
176.0 9.0
50.0 234.0
19.0 205.0
115.0 246.0
117.0 238.0
91.0 34.0
236.0 53.0
185.0 195.0
250.0 142.0
229.0 193.0
234.0 139.0
146.0 45.0
210.0 242.0
119.0 149.0
201.0 6.0
27.0 194.0
240.0 40.0
188.0 125.0
77.0 72.0
46.0 211.0
79.0 232.0
8.0 82.0
9.0 198.0
191.0 164.0
243.0 157.0
120.0 211.0
13.0 82.0
65.0 48.0
108.0 171.0
156.0 71.0
241.0 94.0
87.0 201.0
138.0 233.0
174.0 48.0
204.0 194.0
215.0 45.0
148.0 165.0
33.0 197.0
106.0 23.0
21.0 90.0
224.0 132.0
214.0 157.0
135.0 95.0
46.0 15.0
174.0 52.0
222.0 197.0
107.0 159.0
249.0 236.0
142.0 214.0
137.0 75.0
76.0 152.0
232.0 79.0
247.0 71.0
27.0 59.0
29.0 85.0
80.0 173.0
133.0 28.0
252.0 232.0
83.0 255.0
210.0 198.0
50.0 98.0
127.0 211.0
230.0 156.0
78.0 116.0
92.0 87.0
227.0 165.0
88.0 206.0
154.0 253.0
226.0 165.0
49.0 240.0
245.0 177.0
22.0 96.0
202.0 171.0
88.0 29.0
34.0 188.0
228.0 215.0
33.0 80.0
219.0 198.0
215.0 154.0
237.0 142.0
105.0 214.0
47.0 171.0
66.0 39.0
183.0 108.0
69.0 83.0
44.0 205.0
115.0 84.0
193.0 28.0
161.0 253.0
133.0 29.0
60.0 81.0
252.0 45.0
34.0 77.0
86.0 129.0
53.0 96.0
179.0 101.0
6.0 192.0
118.0 84.0
191.0 27.0
104.0 65.0
89.0 160.0
33.0 64.0
116.0 102.0
67.0 134.0
175.0 105.0
52.0 121.0
72.0 187.0
125.0 43.0
253.0 234.0
235.0 135.0
55.0 61.0
86.0 34.0
35.0 133.0
57.0 61.0
206.0 242.0
240.0 161.0
120.0 168.0
62.0 95.0
11.0 25.0
211.0 80.0
43.0 180.0
216.0 103.0
7.0 81.0
69.0 188.0
140.0 25.0
54.0 7.0
54.0 10.0
73.0 242.0
39.0 163.0
26.0 173.0
110.0 205.0
135.0 74.0
210.0 95.0
154.0 231.0
55.0 176.0
212.0 48.0
142.0 87.0
136.0 192.0
32.0 179.0
133.0 103.0
83.0 7.0
245.0 212.0
93.0 61.0
123.0 34.0
164.0 182.0
184.0 157.0
101.0 158.0
17.0 119.0
75.0 134.0
247.0 90.0
195.0 150.0
130.0 234.0
125.0 84.0
166.0 28.0
240.0 229.0
138.0 54.0
105.0 76.0
31.0 134.0
128.0 228.0
53.0 246.0
50.0 118.0
132.0 184.0
29.0 54.0
221.0 16.0
32.0 199.0
139.0 216.0
5.0 77.0
200.0 114.0
108.0 91.0
195.0 190.0
94.0 85.0
119.0 209.0
59.0 234.0
85.0 105.0
215.0 195.0
179.0 247.0
32.0 193.0
98.0 116.0
74.0 79.0
155.0 139.0
205.0 188.0
189.0 90.0
141.0 128.0
11.0 196.0
126.0 188.0
92.0 195.0
113.0 199.0
23.0 153.0
77.0 84.0
244.0 144.0
213.0 62.0
42.0 191.0
78.0 171.0
137.0 6.0
209.0 148.0
236.0 29.0
216.0 233.0
250.0 151.0
24.0 23.0
211.0 34.0
77.0 139.0
155.0 8.0
81.0 145.0
156.0 136.0
254.0 97.0
192.0 223.0
231.0 108.0
82.0 26.0
247.0 126.0
91.0 111.0
141.0 179.0
80.0 150.0
129.0 203.0
139.0 36.0
53.0 43.0
211.0 227.0
154.0 139.0
52.0 62.0
239.0 114.0
127.0 87.0
112.0 113.0
158.0 24.0
61.0 52.0
87.0 8.0
114.0 187.0
254.0 152.0
251.0 81.0
207.0 147.0
151.0 226.0
47.0 93.0
33.0 30.0
109.0 187.0
60.0 75.0
19.0 238.0
215.0 181.0
39.0 117.0
25.0 111.0
112.0 191.0
132.0 53.0
146.0 206.0
235.0 61.0
100.0 64.0
39.0 23.0
234.0 100.0
67.0 191.0
22.0 150.0
131.0 156.0
156.0 138.0
188.0 31.0
56.0 155.0
248.0 54.0
193.0 33.0
183.0 203.0
214.0 105.0
209.0 222.0
94.0 254.0
85.0 27.0
203.0 17.0
79.0 200.0
69.0 41.0
197.0 249.0
131.0 252.0
66.0 161.0
187.0 134.0
76.0 48.0
116.0 156.0
110.0 91.0
28.0 92.0
18.0 145.0
246.0 119.0
83.0 139.0
198.0 117.0
243.0 201.0
198.0 158.0
207.0 70.0
100.0 208.0
85.0 81.0
178.0 192.0
60.0 140.0
74.0 49.0
91.0 134.0
61.0 74.0
52.0 48.0
60.0 8.0
167.0 103.0
81.0 78.0
11.0 88.0
105.0 96.0
109.0 48.0
218.0 132.0
211.0 129.0
150.0 44.0
191.0 149.0
142.0 249.0
23.0 22.0
171.0 109.0
139.0 18.0
96.0 238.0
20.0 93.0
91.0 212.0
156.0 151.0
103.0 79.0
174.0 87.0
46.0 81.0
77.0 127.0
94.0 77.0
38.0 159.0
173.0 219.0
93.0 202.0
118.0 211.0
11.0 95.0
8.0 129.0
103.0 160.0
223.0 235.0
72.0 71.0
147.0 112.0
102.0 35.0
165.0 224.0
111.0 135.0
24.0 67.0
249.0 111.0
47.0 152.0
235.0 246.0
189.0 126.0
183.0 46.0
21.0 122.0
166.0 11.0
232.0 28.0
30.0 8.0
184.0 155.0
99.0 242.0
170.0 92.0
154.0 175.0
41.0 129.0
172.0 226.0
255.0 156.0
115.0 37.0
134.0 18.0
139.0 28.0
239.0 148.0
107.0 38.0
20.0 46.0
153.0 39.0
56.0 96.0
90.0 252.0
152.0 117.0
252.0 59.0
221.0 28.0
190.0 182.0
103.0 179.0
209.0 92.0
125.0 68.0
9.0 72.0
198.0 122.0
81.0 201.0
76.0 155.0
208.0 102.0
247.0 73.0
120.0 78.0
210.0 233.0
19.0 97.0
184.0 15.0
148.0 164.0
169.0 45.0
13.0 106.0
29.0 46.0
20.0 234.0
128.0 145.0
49.0 8.0
53.0 179.0
70.0 41.0
107.0 28.0
233.0 229.0
230.0 71.0
132.0 159.0
125.0 228.0
55.0 247.0
153.0 28.0
59.0 146.0
136.0 23.0
44.0 202.0
251.0 180.0
54.0 162.0
62.0 113.0
82.0 35.0
190.0 207.0
252.0 149.0
96.0 147.0
16.0 247.0
96.0 207.0
125.0 211.0
139.0 246.0
141.0 182.0
215.0 126.0
107.0 57.0
201.0 105.0
16.0 178.0
141.0 84.0
90.0 158.0
220.0 87.0
138.0 234.0
216.0 14.0
97.0 214.0
110.0 168.0
179.0 66.0
11.0 196.0
90.0 60.0
183.0 103.0
123.0 158.0
234.0 82.0
222.0 160.0
85.0 202.0
178.0 213.0
213.0 58.0
198.0 35.0
102.0 82.0
109.0 101.0
55.0 214.0
93.0 18.0
202.0 16.0
80.0 195.0
130.0 55.0
31.0 197.0
235.0 12.0
184.0 217.0
232.0 233.0
67.0 199.0
106.0 8.0
233.0 211.0
59.0 220.0
173.0 146.0
82.0 17.0
209.0 40.0
137.0 235.0
197.0 193.0
115.0 148.0
250.0 246.0
45.0 117.0
153.0 24.0
254.0 101.0
52.0 190.0
94.0 225.0
248.0 142.0
107.0 249.0
29.0 53.0
58.0 251.0
242.0 135.0
136.0 221.0
161.0 123.0
89.0 75.0
24.0 240.0
230.0 69.0
97.0 192.0
216.0 46.0
59.0 121.0
143.0 160.0
184.0 212.0
6.0 34.0
8.0 201.0
175.0 201.0
18.0 118.0
65.0 160.0
242.0 204.0
9.0 204.0
152.0 116.0
203.0 59.0
52.0 20.0
11.0 69.0
101.0 123.0
184.0 77.0
191.0 247.0
172.0 158.0
226.0 229.0
145.0 213.0
161.0 77.0
73.0 187.0
187.0 30.0
99.0 39.0
88.0 116.0
181.0 145.0
13.0 203.0
99.0 104.0
53.0 21.0
187.0 12.0
243.0 7.0
253.0 32.0
32.0 107.0
197.0 243.0
189.0 250.0
136.0 162.0
55.0 237.0
181.0 93.0
13.0 161.0
49.0 78.0
196.0 199.0
45.0 164.0
181.0 30.0
