1
512 1 3.0 0.0 1000.0 3 160 240 100

6.5 13.5 29.3 58.5
13.0 27.0 58.5 117.0
19.5 40.5 87.8 175.5
26.0 54.0 117.0 234.0
39.0 81.0 175.5 351.0
52.0 108.0 234.0 468.0
58.5 121.5 263.3 526.5
65.0 135.0 292.5 585.0
78.0 162.0 351.0 702.0
0.0 180.0 390.0 780.0

2.0 5.0 8.0 11.0
5.0 8.0 11.0 14.0
9.0 12.0 15.0 18.0
11.0 14.0 17.0 20.0
15.0 18.0 21.0 24.0
18.0 21.0 24.0 27.0
20.0 23.0 26.0 29.0
25.0 28.0 31.0 34.0
29.0 32.0 35.0 38.0
0.0 34.0 37.0 40.0

33.0 21.0
108.0 221.0
49.0 203.0
127.0 32.0
229.0 4.0
170.0 16.0
13.0 43.0
184.0 57.0
36.0 28.0
189.0 97.0
229.0 19.0
190.0 237.0
96.0 211.0
125.0 120.0
153.0 155.0
134.0 47.0
118.0 155.0
12.0 103.0
228.0 140.0
250.0 115.0
126.0 114.0
148.0 80.0
89.0 120.0
46.0 29.0
151.0 190.0
5.0 83.0
23.0 88.0
131.0 31.0
236.0 202.0
242.0 77.0
45.0 9.0
189.0 209.0
126.0 97.0
177.0 201.0
237.0 44.0
239.0 82.0
21.0 17.0
115.0 217.0
204.0 1.0
50.0 191.0
28.0 164.0
135.0 29.0
35.0 137.0
90.0 70.0
161.0 77.0
229.0 141.0
139.0 193.0
135.0 233.0
40.0 200.0
159.0 197.0
81.0 28.0
152.0 39.0
149.0 113.0
156.0 207.0
47.0 228.0
99.0 69.0
37.0 56.0
93.0 104.0
59.0 75.0
1.0 133.0
77.0 113.0
249.0 235.0
61.0 233.0
181.0 41.0
166.0 196.0
44.0 189.0
12.0 48.0
35.0 5.0
238.0 182.0
122.0 58.0
106.0 66.0
199.0 46.0
218.0 97.0
148.0 23.0
235.0 160.0
8.0 45.0
35.0 216.0
201.0 141.0
85.0 131.0
112.0 42.0
77.0 197.0
142.0 200.0
233.0 164.0
119.0 173.0
208.0 136.0
73.0 14.0
114.0 6.0
149.0 119.0
224.0 160.0
12.0 53.0
247.0 7.0
168.0 184.0
122.0 184.0
167.0 8.0
79.0 125.0
234.0 133.0
57.0 208.0
182.0 179.0
87.0 48.0
19.0 168.0
114.0 33.0
225.0 65.0
248.0 32.0
244.0 153.0
19.0 10.0
41.0 20.0
23.0 95.0
137.0 236.0
159.0 210.0
107.0 106.0
201.0 192.0
64.0 215.0
46.0 133.0
7.0 17.0
5.0 240.0
174.0 55.0
91.0 79.0
144.0 205.0
69.0 119.0
215.0 146.0
70.0 63.0
177.0 68.0
173.0 25.0
125.0 207.0
145.0 142.0
57.0 89.0
90.0 59.0
34.0 194.0
88.0 31.0
21.0 51.0
201.0 155.0
46.0 95.0
52.0 141.0
193.0 187.0
221.0 247.0
178.0 228.0
44.0 150.0
147.0 163.0
188.0 31.0
83.0 179.0
204.0 240.0
68.0 0.0
68.0 212.0
180.0 242.0
23.0 126.0
131.0 69.0
118.0 94.0
63.0 5.0
129.0 1.0
226.0 33.0
124.0 158.0
75.0 178.0
5.0 17.0
152.0 109.0
135.0 232.0
152.0 67.0
27.0 186.0
158.0 30.0
78.0 149.0
87.0 56.0
185.0 65.0
197.0 75.0
123.0 249.0
67.0 214.0
122.0 115.0
34.0 40.0
172.0 111.0
123.0 173.0
106.0 87.0
69.0 46.0
104.0 144.0
109.0 130.0
72.0 88.0
2.0 25.0
137.0 144.0
89.0 111.0
97.0 176.0
223.0 39.0
199.0 211.0
5.0 122.0
194.0 122.0
41.0 42.0
176.0 145.0
8.0 54.0
36.0 218.0
143.0 215.0
149.0 187.0
61.0 223.0
4.0 242.0
133.0 241.0
24.0 249.0
211.0 174.0
163.0 221.0
55.0 160.0
147.0 230.0
131.0 107.0
63.0 100.0
247.0 163.0
59.0 79.0
80.0 76.0
216.0 208.0
181.0 214.0
238.0 193.0
142.0 62.0
145.0 137.0
132.0 110.0
231.0 56.0
114.0 57.0
119.0 163.0
75.0 123.0
26.0 221.0
192.0 34.0
203.0 75.0
175.0 76.0
54.0 27.0
49.0 173.0
243.0 55.0
1.0 2.0
195.0 161.0
203.0 225.0
167.0 212.0
75.0 239.0
156.0 203.0
44.0 127.0
223.0 163.0
146.0 105.0
98.0 23.0
134.0 11.0
34.0 29.0
67.0 13.0
147.0 155.0
179.0 211.0
86.0 217.0
125.0 163.0
147.0 19.0
16.0 165.0
37.0 117.0
228.0 171.0
46.0 131.0
20.0 64.0
202.0 99.0
61.0 33.0
28.0 154.0
39.0 148.0
118.0 157.0
77.0 21.0
23.0 182.0
236.0 247.0
32.0 113.0
223.0 159.0
219.0 131.0
212.0 214.0
214.0 220.0
247.0 147.0
198.0 96.0
39.0 118.0
200.0 62.0
231.0 95.0
75.0 73.0
74.0 67.0
108.0 124.0
219.0 219.0
11.0 149.0
180.0 37.0
128.0 138.0
63.0 92.0
227.0 51.0
229.0 94.0
92.0 111.0
115.0 106.0
148.0 170.0
12.0 116.0
221.0 126.0
137.0 245.0
39.0 184.0
184.0 153.0
190.0 75.0
59.0 58.0
30.0 165.0
112.0 45.0
131.0 168.0
200.0 206.0
130.0 36.0
7.0 173.0
197.0 115.0
93.0 198.0
120.0 4.0
216.0 222.0
71.0 95.0
24.0 208.0
207.0 96.0
41.0 71.0
30.0 142.0
164.0 78.0
35.0 173.0
220.0 199.0
200.0 66.0
177.0 150.0
215.0 50.0
186.0 224.0
134.0 49.0
166.0 43.0
223.0 86.0
237.0 193.0
62.0 19.0
93.0 246.0
45.0 132.0
237.0 15.0
217.0 200.0
46.0 165.0
208.0 207.0
223.0 150.0
94.0 192.0
217.0 235.0
53.0 24.0
45.0 180.0
27.0 224.0
232.0 233.0
140.0 244.0
163.0 137.0
197.0 196.0
200.0 158.0
149.0 82.0
228.0 223.0
211.0 127.0
106.0 59.0
160.0 144.0
67.0 29.0
114.0 160.0
169.0 189.0
187.0 112.0
204.0 145.0
220.0 212.0
55.0 96.0
80.0 159.0
34.0 23.0
124.0 182.0
50.0 40.0
184.0 216.0
32.0 230.0
37.0 63.0
79.0 114.0
122.0 219.0
121.0 205.0
50.0 97.0
205.0 168.0
80.0 201.0
66.0 151.0
217.0 96.0
207.0 198.0
220.0 121.0
33.0 186.0
76.0 52.0
140.0 47.0
84.0 41.0
173.0 129.0
232.0 164.0
233.0 51.0
139.0 28.0
119.0 44.0
128.0 150.0
12.0 11.0
61.0 166.0
12.0 165.0
134.0 232.0
11.0 109.0
150.0 35.0
184.0 85.0
68.0 152.0
209.0 145.0
246.0 53.0
126.0 75.0
35.0 111.0
60.0 222.0
20.0 40.0
110.0 163.0
202.0 243.0
239.0 1.0
16.0 132.0
97.0 97.0
138.0 6.0
239.0 150.0
69.0 183.0
45.0 63.0
94.0 111.0
180.0 120.0
224.0 5.0
12.0 48.0
90.0 121.0
224.0 113.0
31.0 98.0
150.0 195.0
201.0 86.0
195.0 119.0
92.0 227.0
246.0 58.0
145.0 90.0
58.0 160.0
233.0 225.0
158.0 104.0
67.0 96.0
107.0 90.0
175.0 154.0
47.0 105.0
136.0 201.0
5.0 102.0
87.0 185.0
250.0 39.0
76.0 181.0
40.0 57.0
132.0 93.0
198.0 119.0
15.0 202.0
224.0 0.0
144.0 216.0
238.0 88.0
22.0 72.0
118.0 7.0
57.0 27.0
231.0 144.0
203.0 157.0
246.0 222.0
205.0 177.0
67.0 122.0
242.0 83.0
231.0 220.0
128.0 143.0
204.0 67.0
249.0 115.0
26.0 61.0
2.0 106.0
122.0 54.0
55.0 61.0
112.0 170.0
68.0 176.0
48.0 156.0
59.0 102.0
45.0 162.0
190.0 100.0
104.0 157.0
25.0 156.0
222.0 237.0
163.0 68.0
218.0 162.0
181.0 160.0
235.0 20.0
146.0 1.0
214.0 203.0
21.0 145.0
205.0 229.0
99.0 185.0
161.0 236.0
155.0 215.0
205.0 29.0
88.0 142.0
152.0 149.0
107.0 78.0
151.0 219.0
106.0 97.0
96.0 150.0
176.0 239.0
44.0 103.0
2.0 169.0
179.0 157.0
229.0 228.0
173.0 194.0
172.0 177.0
105.0 91.0
68.0 246.0
174.0 105.0
129.0 157.0
239.0 154.0
224.0 106.0
45.0 16.0
60.0 1.0
39.0 12.0
73.0 79.0
19.0 88.0
24.0 53.0
143.0 221.0
137.0 42.0
151.0 194.0
143.0 74.0
234.0 46.0
199.0 27.0
244.0 103.0
169.0 175.0
70.0 36.0
105.0 75.0
6.0 225.0
54.0 105.0
40.0 232.0
133.0 243.0
42.0 64.0
147.0 22.0
129.0 135.0
47.0 156.0
74.0 234.0
140.0 106.0
165.0 55.0
217.0 228.0
247.0 178.0
139.0 157.0
227.0 226.0
174.0 164.0
163.0 197.0
239.0 44.0
78.0 47.0
233.0 133.0
3.0 189.0
223.0 134.0
12.0 83.0

39.0 25.0
113.0 225.0
54.0 208.0
133.0 36.0
233.0 10.0
174.0 20.0
18.0 48.0
188.0 61.0
40.0 33.0
194.0 101.0
233.0 23.0
195.0 242.0
100.0 216.0
130.0 125.0
157.0 161.0
140.0 51.0
123.0 160.0
17.0 109.0
233.0 145.0
256.0 121.0
131.0 118.0
154.0 84.0
94.0 125.0
50.0 34.0
156.0 195.0
11.0 87.0
28.0 93.0
136.0 36.0
241.0 206.0
246.0 83.0
50.0 14.0
194.0 215.0
131.0 102.0
183.0 205.0
242.0 49.0
244.0 88.0
27.0 22.0
119.0 222.0
208.0 6.0
55.0 196.0
32.0 168.0
140.0 34.0
41.0 143.0
94.0 76.0
167.0 82.0
234.0 147.0
145.0 198.0
140.0 237.0
45.0 205.0
164.0 201.0
87.0 33.0
156.0 45.0
153.0 118.0
162.0 212.0
52.0 232.0
103.0 73.0
42.0 62.0
97.0 109.0
63.0 81.0
6.0 138.0
82.0 117.0
254.0 240.0
66.0 239.0
185.0 46.0
170.0 200.0
49.0 193.0
17.0 53.0
41.0 10.0
243.0 187.0
127.0 63.0
111.0 72.0
205.0 50.0
223.0 101.0
153.0 29.0
240.0 166.0
13.0 50.0
41.0 221.0
205.0 145.0
91.0 136.0
118.0 48.0
82.0 203.0
148.0 205.0
237.0 169.0
124.0 178.0
213.0 141.0
78.0 19.0
120.0 11.0
155.0 124.0
229.0 165.0
18.0 58.0
252.0 11.0
173.0 190.0
126.0 189.0
171.0 13.0
83.0 129.0
238.0 138.0
61.0 213.0
187.0 183.0
92.0 54.0
23.0 174.0
119.0 38.0
230.0 70.0
253.0 36.0
248.0 158.0
25.0 15.0
46.0 25.0
28.0 101.0
141.0 241.0
163.0 216.0
111.0 111.0
207.0 197.0
69.0 219.0
51.0 139.0
13.0 22.0
9.0 245.0
179.0 59.0
97.0 84.0
150.0 209.0
74.0 124.0
219.0 150.0
75.0 69.0
182.0 74.0
177.0 30.0
130.0 212.0
150.0 148.0
62.0 94.0
95.0 63.0
40.0 199.0
92.0 37.0
26.0 56.0
206.0 160.0
51.0 101.0
57.0 147.0
198.0 192.0
227.0 252.0
183.0 234.0
50.0 154.0
153.0 168.0
194.0 36.0
87.0 184.0
209.0 245.0
73.0 5.0
72.0 217.0
185.0 247.0
29.0 132.0
137.0 75.0
124.0 98.0
69.0 9.0
134.0 5.0
232.0 39.0
129.0 163.0
79.0 184.0
10.0 22.0
157.0 113.0
139.0 238.0
156.0 73.0
32.0 192.0
162.0 36.0
82.0 155.0
92.0 60.0
190.0 71.0
201.0 80.0
128.0 254.0
73.0 219.0
127.0 121.0
38.0 45.0
176.0 115.0
128.0 177.0
112.0 91.0
74.0 50.0
110.0 148.0
115.0 135.0
76.0 93.0
7.0 29.0
143.0 148.0
94.0 116.0
101.0 182.0
227.0 43.0
204.0 215.0
9.0 127.0
198.0 126.0
45.0 47.0
182.0 150.0
12.0 60.0
42.0 222.0
148.0 220.0
155.0 191.0
65.0 229.0
8.0 246.0
137.0 247.0
29.0 253.0
215.0 179.0
169.0 226.0
59.0 165.0
153.0 236.0
135.0 111.0
68.0 104.0
253.0 167.0
65.0 85.0
85.0 81.0
221.0 214.0
186.0 219.0
243.0 198.0
147.0 67.0
149.0 143.0
136.0 115.0
236.0 61.0
119.0 62.0
124.0 169.0
80.0 128.0
31.0 225.0
198.0 38.0
208.0 79.0
179.0 81.0
59.0 31.0
55.0 178.0
247.0 60.0
7.0 7.0
199.0 166.0
209.0 230.0
171.0 218.0
81.0 244.0
161.0 208.0
48.0 131.0
227.0 168.0
151.0 109.0
102.0 28.0
139.0 16.0
38.0 33.0
73.0 18.0
153.0 160.0
183.0 216.0
90.0 222.0
130.0 167.0
151.0 24.0
20.0 169.0
41.0 123.0
233.0 176.0
51.0 135.0
24.0 69.0
206.0 104.0
66.0 38.0
33.0 159.0
44.0 153.0
122.0 162.0
82.0 26.0
27.0 187.0
241.0 253.0
36.0 118.0
228.0 163.0
223.0 135.0
218.0 218.0
218.0 225.0
251.0 152.0
203.0 101.0
44.0 122.0
205.0 67.0
236.0 100.0
81.0 79.0
79.0 72.0
113.0 128.0
224.0 225.0
16.0 155.0
186.0 42.0
133.0 143.0
69.0 97.0
232.0 55.0
234.0 99.0
96.0 115.0
120.0 112.0
153.0 175.0
17.0 122.0
226.0 132.0
142.0 249.0
44.0 188.0
190.0 157.0
195.0 81.0
65.0 63.0
34.0 169.0
117.0 51.0
136.0 172.0
205.0 210.0
135.0 42.0
12.0 178.0
202.0 120.0
97.0 203.0
125.0 9.0
221.0 226.0
76.0 99.0
28.0 213.0
211.0 100.0
47.0 77.0
34.0 147.0
169.0 83.0
40.0 179.0
226.0 205.0
206.0 70.0
182.0 154.0
219.0 56.0
191.0 229.0
139.0 54.0
171.0 48.0
228.0 91.0
242.0 198.0
66.0 24.0
98.0 252.0
50.0 137.0
243.0 21.0
222.0 205.0
51.0 171.0
213.0 212.0
228.0 154.0
98.0 197.0
222.0 240.0
59.0 30.0
49.0 186.0
32.0 230.0
237.0 237.0
145.0 249.0
169.0 141.0
201.0 201.0
205.0 164.0
153.0 87.0
233.0 229.0
217.0 133.0
112.0 63.0
165.0 149.0
72.0 35.0
120.0 165.0
174.0 194.0
191.0 118.0
208.0 151.0
226.0 217.0
61.0 101.0
85.0 163.0
40.0 29.0
128.0 187.0
55.0 46.0
189.0 220.0
36.0 234.0
41.0 69.0
84.0 119.0
128.0 224.0
125.0 209.0
56.0 101.0
209.0 172.0
86.0 206.0
70.0 156.0
222.0 101.0
211.0 202.0
225.0 127.0
37.0 191.0
80.0 58.0
145.0 52.0
89.0 45.0
177.0 133.0
237.0 168.0
239.0 56.0
143.0 34.0
124.0 49.0
134.0 155.0
17.0 16.0
66.0 171.0
18.0 171.0
139.0 237.0
17.0 113.0
154.0 40.0
189.0 89.0
72.0 157.0
214.0 150.0
251.0 59.0
132.0 80.0
40.0 116.0
65.0 227.0
25.0 45.0
114.0 168.0
206.0 249.0
244.0 5.0
20.0 138.0
103.0 102.0
142.0 10.0
244.0 154.0
75.0 188.0
51.0 69.0
99.0 115.0
185.0 124.0
229.0 11.0
17.0 53.0
95.0 126.0
229.0 118.0
36.0 103.0
156.0 200.0
207.0 90.0
200.0 124.0
97.0 231.0
250.0 64.0
150.0 94.0
63.0 166.0
237.0 230.0
163.0 110.0
72.0 100.0
112.0 95.0
180.0 159.0
53.0 110.0
142.0 205.0
10.0 106.0
92.0 191.0
255.0 45.0
81.0 186.0
46.0 62.0
137.0 98.0
203.0 125.0
19.0 207.0
230.0 5.0
148.0 221.0
243.0 93.0
27.0 77.0
122.0 13.0
62.0 32.0
237.0 150.0
208.0 162.0
252.0 227.0
210.0 182.0
72.0 127.0
246.0 89.0
237.0 226.0
132.0 148.0
209.0 72.0
253.0 120.0
32.0 65.0
8.0 110.0
127.0 60.0
60.0 65.0
118.0 175.0
73.0 181.0
53.0 162.0
63.0 106.0
50.0 166.0
195.0 105.0
109.0 161.0
29.0 161.0
228.0 241.0
168.0 73.0
223.0 167.0
187.0 165.0
239.0 26.0
150.0 6.0
218.0 207.0
26.0 151.0
210.0 235.0
104.0 190.0
166.0 241.0
159.0 219.0
211.0 33.0
93.0 147.0
157.0 155.0
111.0 82.0
157.0 224.0
112.0 102.0
101.0 156.0
181.0 244.0
48.0 109.0
8.0 174.0
184.0 162.0
233.0 233.0
178.0 200.0
176.0 182.0
111.0 95.0
73.0 251.0
178.0 110.0
134.0 163.0
244.0 158.0
229.0 111.0
49.0 20.0
65.0 5.0
44.0 17.0
77.0 83.0
24.0 92.0
28.0 58.0
148.0 227.0
143.0 46.0
155.0 198.0
148.0 79.0
239.0 50.0
205.0 32.0
248.0 107.0
175.0 180.0
75.0 42.0
110.0 80.0
11.0 230.0
59.0 110.0
45.0 236.0
138.0 249.0
46.0 68.0
152.0 27.0
135.0 141.0
51.0 162.0
79.0 239.0
145.0 111.0
170.0 60.0
221.0 232.0
251.0 182.0
144.0 162.0
232.0 231.0
180.0 169.0
169.0 202.0
244.0 48.0
83.0 53.0
239.0 137.0
8.0 195.0
229.0 140.0
17.0 88.0
