1
16 1 3.0 0.0 1000.0 3 160 240 100

6.5 13.5 29.3 58.5
13.0 27.0 58.5 117.0
19.5 40.5 87.8 175.5
26.0 54.0 117.0 234.0
39.0 81.0 175.5 351.0
52.0 108.0 234.0 468.0
58.5 121.5 263.3 526.5
65.0 135.0 292.5 585.0
78.0 162.0 351.0 702.0
0.0 180.0 390.0 780.0

2.0 5.0 8.0 11.0
5.0 8.0 11.0 14.0
9.0 12.0 15.0 18.0
11.0 14.0 17.0 20.0
15.0 18.0 21.0 24.0
18.0 21.0 24.0 27.0
20.0 23.0 26.0 29.0
25.0 28.0 31.0 34.0
29.0 32.0 35.0 38.0
0.0 34.0 37.0 40.0

6783.0 2390.0
3524.0 7539.0
8163.0 404.0
1061.0 1490.0
7094.0 4716.0
7620.0 7532.0
9497.0 2547.0
8527.0 8101.0
8285.0 8624.0
1705.0 4265.0
2055.0 3294.0
1919.0 89.0
3725.0 6110.0
2955.0 1238.0
5713.0 8055.0
5573.0 2238.0

6788.0 2395.0
3529.0 7545.0
8169.0 409.0
1067.0 1496.0
7099.0 4720.0
7625.0 7538.0
9502.0 2551.0
8532.0 8106.0
8290.0 8630.0
1710.0 4271.0
2061.0 3298.0
1923.0 93.0
3730.0 6116.0
2960.0 1243.0
5718.0 8061.0
5577.0 2243.0
