1
16 1 3.0 0.0 1000.0 3 160 240 100

6.5 13.5 29.3 58.5
13.0 27.0 58.5 117.0
19.5 40.5 87.8 175.5
26.0 54.0 117.0 234.0
39.0 81.0 175.5 351.0
52.0 108.0 234.0 468.0
58.5 121.5 263.3 526.5
65.0 135.0 292.5 585.0
78.0 162.0 351.0 702.0
0.0 180.0 390.0 780.0

2.0 5.0 8.0 11.0
5.0 8.0 11.0 14.0
9.0 12.0 15.0 18.0
11.0 14.0 17.0 20.0
15.0 18.0 21.0 24.0
18.0 21.0 24.0 27.0
20.0 23.0 26.0 29.0
25.0 28.0 31.0 34.0
29.0 32.0 35.0 38.0
0.0 34.0 37.0 40.0

248.0 2345.0
3147.0 5579.0
8514.0 367.0
1995.0 6778.0
7851.0 4164.0
9877.0 2665.0
6689.0 199.0
3557.0 969.0
1629.0 9926.0
6734.0 1258.0
4251.0 8013.0
3504.0 4252.0
5062.0 729.0
6935.0 75.0
1169.0 7655.0
617.0 9849.0

253.0 2349.0
3153.0 5583.0
8518.0 372.0
2000.0 6784.0
7855.0 4169.0
9881.0 2671.0
6694.0 204.0
3561.0 974.0
1633.0 9931.0
6739.0 1264.0
4256.0 8018.0
3509.0 4257.0
5066.0 734.0
6939.0 79.0
1174.0 7661.0
622.0 9853.0
