1
16 1 3.0 0.0 1000.0 3 160 240 100

6.5 13.5 29.3 58.5
13.0 27.0 58.5 117.0
19.5 40.5 87.8 175.5
26.0 54.0 117.0 234.0
39.0 81.0 175.5 351.0
52.0 108.0 234.0 468.0
58.5 121.5 263.3 526.5
65.0 135.0 292.5 585.0
78.0 162.0 351.0 702.0
0.0 180.0 390.0 780.0

2.0 5.0 8.0 11.0
5.0 8.0 11.0 14.0
9.0 12.0 15.0 18.0
11.0 14.0 17.0 20.0
15.0 18.0 21.0 24.0
18.0 21.0 24.0 27.0
20.0 23.0 26.0 29.0
25.0 28.0 31.0 34.0
29.0 32.0 35.0 38.0
0.0 34.0 37.0 40.0

2276.0 453.0
8609.0 3372.0
3647.0 5052.0
7412.0 338.0
2045.0 7545.0
2421.0 323.0
5430.0 9199.0
6521.0 1476.0
5741.0 1582.0
1887.0 2606.0
2631.0 3773.0
525.0 7906.0
9636.0 7558.0
5230.0 8402.0
9400.0 3748.0
8838.0 4567.0

2281.0 458.0
8613.0 3377.0
3652.0 5058.0
7417.0 343.0
2049.0 7551.0
2426.0 328.0
5436.0 9204.0
6525.0 1481.0
5747.0 1587.0
1892.0 2611.0
2636.0 3779.0
529.0 7911.0
9640.0 7564.0
5234.0 8406.0
9405.0 3752.0
8843.0 4572.0
