1
16 1 3.0 0.0 1000.0 3 160 240 100

6.5 13.5 29.3 58.5
13.0 27.0 58.5 117.0
19.5 40.5 87.8 175.5
26.0 54.0 117.0 234.0
39.0 81.0 175.5 351.0
52.0 108.0 234.0 468.0
58.5 121.5 263.3 526.5
65.0 135.0 292.5 585.0
78.0 162.0 351.0 702.0
0.0 180.0 390.0 780.0

2.0 5.0 8.0 11.0
5.0 8.0 11.0 14.0
9.0 12.0 15.0 18.0
11.0 14.0 17.0 20.0
15.0 18.0 21.0 24.0
18.0 21.0 24.0 27.0
20.0 23.0 26.0 29.0
25.0 28.0 31.0 34.0
29.0 32.0 35.0 38.0
0.0 34.0 37.0 40.0

5663.0 4616.0
1106.0 6136.0
2355.0 9703.0
2136.0 6762.0
3704.0 24.0
9235.0 5778.0
3187.0 5262.0
7205.0 509.0
1749.0 8462.0
1057.0 823.0
2255.0 6110.0
6490.0 4679.0
9820.0 7123.0
4222.0 1351.0
4620.0 3923.0
6055.0 6761.0

5667.0 4621.0
1112.0 6141.0
2361.0 9707.0
2141.0 6767.0
3708.0 30.0
9239.0 5784.0
3192.0 5268.0
7209.0 514.0
1755.0 8467.0
1061.0 829.0
2260.0 6115.0
6495.0 4684.0
9825.0 7127.0
4227.0 1356.0
4624.0 3928.0
6060.0 6766.0
