1
16 1 3.0 0.0 1000.0 3 160 240 100

6.5 13.5 29.3 58.5
13.0 27.0 58.5 117.0
19.5 40.5 87.8 175.5
26.0 54.0 117.0 234.0
39.0 81.0 175.5 351.0
52.0 108.0 234.0 468.0
58.5 121.5 263.3 526.5
65.0 135.0 292.5 585.0
78.0 162.0 351.0 702.0
0.0 180.0 390.0 780.0

2.0 5.0 8.0 11.0
5.0 8.0 11.0 14.0
9.0 12.0 15.0 18.0
11.0 14.0 17.0 20.0
15.0 18.0 21.0 24.0
18.0 21.0 24.0 27.0
20.0 23.0 26.0 29.0
25.0 28.0 31.0 34.0
29.0 32.0 35.0 38.0
0.0 34.0 37.0 40.0

9199.0 7656.0
3119.0 7316.0
4793.0 5786.0
9871.0 624.0
6847.0 5236.0
7816.0 3077.0
6183.0 75.0
1657.0 4467.0
1468.0 1579.0
8149.0 4779.0
8468.0 2801.0
5122.0 7985.0
2678.0 9555.0
1877.0 1015.0
1945.0 980.0
8797.0 2318.0

9203.0 7662.0
3124.0 7322.0
4798.0 5791.0
9875.0 629.0
6852.0 5241.0
7822.0 3082.0
6188.0 80.0
1662.0 4472.0
1474.0 1584.0
8153.0 4783.0
8472.0 2805.0
5128.0 7989.0
2682.0 9561.0
1881.0 1020.0
1949.0 984.0
8801.0 2322.0
