1
16 1 3.0 0.0 1000.0 3 160 240 100

6.5 13.5 29.3 58.5
13.0 27.0 58.5 117.0
19.5 40.5 87.8 175.5
26.0 54.0 117.0 234.0
39.0 81.0 175.5 351.0
52.0 108.0 234.0 468.0
58.5 121.5 263.3 526.5
65.0 135.0 292.5 585.0
78.0 162.0 351.0 702.0
0.0 180.0 390.0 780.0

2.0 5.0 8.0 11.0
5.0 8.0 11.0 14.0
9.0 12.0 15.0 18.0
11.0 14.0 17.0 20.0
15.0 18.0 21.0 24.0
18.0 21.0 24.0 27.0
20.0 23.0 26.0 29.0
25.0 28.0 31.0 34.0
29.0 32.0 35.0 38.0
0.0 34.0 37.0 40.0

2857.0 3127.0
5699.0 9154.0
5862.0 362.0
8311.0 2997.0
77.0 8074.0
8574.0 4737.0
5361.0 6978.0
1481.0 9885.0
4077.0 5003.0
426.0 3058.0
4744.0 6298.0
5163.0 1984.0
3137.0 3225.0
5193.0 3253.0
7425.0 4477.0
6429.0 4235.0

2863.0 3131.0
5704.0 9159.0
5867.0 368.0
8316.0 3002.0
82.0 8079.0
8578.0 4743.0
5366.0 6982.0
1487.0 9890.0
4081.0 5008.0
431.0 3064.0
4749.0 6304.0
5167.0 1990.0
3142.0 3230.0
5197.0 3258.0
7430.0 4481.0
6434.0 4239.0
