1
16 1 3.0 0.0 1000.0 3 160 240 100

6.5 13.5 29.3 58.5
13.0 27.0 58.5 117.0
19.5 40.5 87.8 175.5
26.0 54.0 117.0 234.0
39.0 81.0 175.5 351.0
52.0 108.0 234.0 468.0
58.5 121.5 263.3 526.5
65.0 135.0 292.5 585.0
78.0 162.0 351.0 702.0
0.0 180.0 390.0 780.0

2.0 5.0 8.0 11.0
5.0 8.0 11.0 14.0
9.0 12.0 15.0 18.0
11.0 14.0 17.0 20.0
15.0 18.0 21.0 24.0
18.0 21.0 24.0 27.0
20.0 23.0 26.0 29.0
25.0 28.0 31.0 34.0
29.0 32.0 35.0 38.0
0.0 34.0 37.0 40.0

9490.0 5446.0
275.0 8639.0
7543.0 7923.0
9465.0 8918.0
1807.0 1371.0
9334.0 3231.0
6268.0 8403.0
5822.0 4572.0
7419.0 5793.0
1655.0 8280.0
7247.0 6777.0
1293.0 3239.0
3987.0 9133.0
1629.0 7637.0
7226.0 2221.0
6281.0 3694.0

9495.0 5451.0
279.0 8644.0
7549.0 7927.0
9469.0 8924.0
1811.0 1376.0
9340.0 3237.0
6274.0 8409.0
5828.0 4577.0
7425.0 5797.0
1660.0 8285.0
7252.0 6783.0
1297.0 3244.0
3992.0 9138.0
1635.0 7641.0
7231.0 2226.0
6286.0 3699.0
