1
16 1 3.0 0.0 1000.0 3 160 240 100

6.5 13.5 29.3 58.5
13.0 27.0 58.5 117.0
19.5 40.5 87.8 175.5
26.0 54.0 117.0 234.0
39.0 81.0 175.5 351.0
52.0 108.0 234.0 468.0
58.5 121.5 263.3 526.5
65.0 135.0 292.5 585.0
78.0 162.0 351.0 702.0
0.0 180.0 390.0 780.0

2.0 5.0 8.0 11.0
5.0 8.0 11.0 14.0
9.0 12.0 15.0 18.0
11.0 14.0 17.0 20.0
15.0 18.0 21.0 24.0
18.0 21.0 24.0 27.0
20.0 23.0 26.0 29.0
25.0 28.0 31.0 34.0
29.0 32.0 35.0 38.0
0.0 34.0 37.0 40.0

5565.0 9842.0
2742.0 9098.0
6733.0 403.0
6972.0 8732.0
8419.0 7623.0
493.0 120.0
2557.0 6927.0
3805.0 8461.0
3977.0 5830.0
2751.0 9466.0
9894.0 3121.0
5283.0 5257.0
7778.0 9458.0
4583.0 448.0
8201.0 2532.0
6414.0 2819.0

5571.0 9846.0
2746.0 9102.0
6738.0 408.0
6977.0 8737.0
8424.0 7627.0
499.0 125.0
2561.0 6931.0
3811.0 8466.0
3982.0 5835.0
2757.0 9471.0
9899.0 3127.0
5288.0 5263.0
7782.0 9463.0
4588.0 452.0
8205.0 2537.0
6419.0 2824.0
