1
16 1 3.0 0.0 1000.0 3 160 240 100

6.5 13.5 29.3 58.5
13.0 27.0 58.5 117.0
19.5 40.5 87.8 175.5
26.0 54.0 117.0 234.0
39.0 81.0 175.5 351.0
52.0 108.0 234.0 468.0
58.5 121.5 263.3 526.5
65.0 135.0 292.5 585.0
78.0 162.0 351.0 702.0
0.0 180.0 390.0 780.0

2.0 5.0 8.0 11.0
5.0 8.0 11.0 14.0
9.0 12.0 15.0 18.0
11.0 14.0 17.0 20.0
15.0 18.0 21.0 24.0
18.0 21.0 24.0 27.0
20.0 23.0 26.0 29.0
25.0 28.0 31.0 34.0
29.0 32.0 35.0 38.0
0.0 34.0 37.0 40.0

7247.0 1895.0
7335.0 9087.0
9484.0 9548.0
8301.0 420.0
4381.0 9725.0
6640.0 6431.0
6422.0 3247.0
7434.0 5064.0
4212.0 4335.0
3212.0 8366.0
4847.0 2483.0
1846.0 7335.0
9164.0 8252.0
3308.0 9441.0
4478.0 6131.0
3151.0 3247.0

7251.0 1901.0
7340.0 9091.0
9489.0 9553.0
8307.0 425.0
4386.0 9731.0
6645.0 6435.0
6426.0 3253.0
7440.0 5069.0
4217.0 4339.0
3218.0 8371.0
4853.0 2489.0
1850.0 7340.0
9169.0 8257.0
3312.0 9446.0
4483.0 6136.0
3157.0 3253.0
