1
16 1 3.0 0.0 1000.0 3 160 240 100

6.5 13.5 29.3 58.5
13.0 27.0 58.5 117.0
19.5 40.5 87.8 175.5
26.0 54.0 117.0 234.0
39.0 81.0 175.5 351.0
52.0 108.0 234.0 468.0
58.5 121.5 263.3 526.5
65.0 135.0 292.5 585.0
78.0 162.0 351.0 702.0
0.0 180.0 390.0 780.0

2.0 5.0 8.0 11.0
5.0 8.0 11.0 14.0
9.0 12.0 15.0 18.0
11.0 14.0 17.0 20.0
15.0 18.0 21.0 24.0
18.0 21.0 24.0 27.0
20.0 23.0 26.0 29.0
25.0 28.0 31.0 34.0
29.0 32.0 35.0 38.0
0.0 34.0 37.0 40.0

758.0 8073.0
1603.0 9311.0
9995.0 2058.0
7018.0 8198.0
2374.0 4987.0
9348.0 8872.0
2025.0 9328.0
7281.0 1580.0
2681.0 5430.0
2801.0 1102.0
753.0 2011.0
8722.0 8654.0
1157.0 7458.0
6964.0 3352.0
2493.0 5054.0
5416.0 7642.0

762.0 8077.0
1609.0 9316.0
10000.0 2064.0
7024.0 8202.0
2380.0 4992.0
9354.0 8877.0
2029.0 9334.0
7286.0 1585.0
2685.0 5435.0
2805.0 1108.0
757.0 2017.0
8727.0 8660.0
1162.0 7462.0
6968.0 3357.0
2497.0 5058.0
5420.0 7647.0
