1
16 1 3.0 0.0 1000.0 3 160 240 100

6.5 13.5 29.3 58.5
13.0 27.0 58.5 117.0
19.5 40.5 87.8 175.5
26.0 54.0 117.0 234.0
39.0 81.0 175.5 351.0
52.0 108.0 234.0 468.0
58.5 121.5 263.3 526.5
65.0 135.0 292.5 585.0
78.0 162.0 351.0 702.0
0.0 180.0 390.0 780.0

2.0 5.0 8.0 11.0
5.0 8.0 11.0 14.0
9.0 12.0 15.0 18.0
11.0 14.0 17.0 20.0
15.0 18.0 21.0 24.0
18.0 21.0 24.0 27.0
20.0 23.0 26.0 29.0
25.0 28.0 31.0 34.0
29.0 32.0 35.0 38.0
0.0 34.0 37.0 40.0

1524.0 6360.0
8788.0 2254.0
6951.0 8542.0
4073.0 637.0
757.0 8683.0
2229.0 874.0
9074.0 9440.0
4156.0 3183.0
1843.0 8769.0
7077.0 6695.0
6038.0 6834.0
7233.0 2761.0
1650.0 3696.0
3311.0 7820.0
7030.0 962.0
8468.0 237.0

1530.0 6364.0
8793.0 2259.0
6956.0 8547.0
4077.0 641.0
761.0 8687.0
2235.0 879.0
9079.0 9445.0
4160.0 3188.0
1848.0 8773.0
7081.0 6700.0
6042.0 6840.0
7239.0 2766.0
1655.0 3701.0
3316.0 7825.0
7036.0 967.0
8473.0 242.0
