1
16 1 3.0 0.0 1000.0 3 160 240 100

6.5 13.5 29.3 58.5
13.0 27.0 58.5 117.0
19.5 40.5 87.8 175.5
26.0 54.0 117.0 234.0
39.0 81.0 175.5 351.0
52.0 108.0 234.0 468.0
58.5 121.5 263.3 526.5
65.0 135.0 292.5 585.0
78.0 162.0 351.0 702.0
0.0 180.0 390.0 780.0

2.0 5.0 8.0 11.0
5.0 8.0 11.0 14.0
9.0 12.0 15.0 18.0
11.0 14.0 17.0 20.0
15.0 18.0 21.0 24.0
18.0 21.0 24.0 27.0
20.0 23.0 26.0 29.0
25.0 28.0 31.0 34.0
29.0 32.0 35.0 38.0
0.0 34.0 37.0 40.0

6198.0 8503.0
4981.0 1672.0
3933.0 7987.0
2575.0 6976.0
9206.0 5152.0
1131.0 1590.0
239.0 3561.0
3015.0 167.0
2674.0 254.0
2509.0 4583.0
3785.0 1213.0
8549.0 7380.0
7574.0 751.0
6331.0 7885.0
7351.0 7965.0
5636.0 5421.0

6202.0 8509.0
4986.0 1676.0
3937.0 7992.0
2581.0 6982.0
9212.0 5157.0
1135.0 1596.0
244.0 3566.0
3021.0 171.0
2679.0 260.0
2514.0 4589.0
3790.0 1218.0
8554.0 7385.0
7579.0 755.0
6336.0 7889.0
7356.0 7970.0
5642.0 5425.0
