1
16 1 3.0 0.0 1000.0 3 160 240 100

6.5 13.5 29.3 58.5
13.0 27.0 58.5 117.0
19.5 40.5 87.8 175.5
26.0 54.0 117.0 234.0
39.0 81.0 175.5 351.0
52.0 108.0 234.0 468.0
58.5 121.5 263.3 526.5
65.0 135.0 292.5 585.0
78.0 162.0 351.0 702.0
0.0 180.0 390.0 780.0

2.0 5.0 8.0 11.0
5.0 8.0 11.0 14.0
9.0 12.0 15.0 18.0
11.0 14.0 17.0 20.0
15.0 18.0 21.0 24.0
18.0 21.0 24.0 27.0
20.0 23.0 26.0 29.0
25.0 28.0 31.0 34.0
29.0 32.0 35.0 38.0
0.0 34.0 37.0 40.0

2411.0 9912.0
7030.0 8249.0
9002.0 7862.0
9372.0 7233.0
9457.0 7084.0
9361.0 3944.0
1956.0 63.0
7336.0 1038.0
1381.0 873.0
3448.0 7890.0
2471.0 3878.0
7771.0 3207.0
728.0 8222.0
6155.0 2188.0
7673.0 1273.0
9672.0 2660.0

2416.0 9917.0
7036.0 8254.0
9008.0 7867.0
9377.0 7238.0
9462.0 7089.0
9366.0 3948.0
1960.0 68.0
7341.0 1042.0
1386.0 878.0
3452.0 7895.0
2476.0 3882.0
7776.0 3212.0
732.0 8227.0
6160.0 2193.0
7678.0 1278.0
9676.0 2666.0
