1
16 1 3.0 0.0 1000.0 3 160 240 100

6.5 13.5 29.3 58.5
13.0 27.0 58.5 117.0
19.5 40.5 87.8 175.5
26.0 54.0 117.0 234.0
39.0 81.0 175.5 351.0
52.0 108.0 234.0 468.0
58.5 121.5 263.3 526.5
65.0 135.0 292.5 585.0
78.0 162.0 351.0 702.0
0.0 180.0 390.0 780.0

2.0 5.0 8.0 11.0
5.0 8.0 11.0 14.0
9.0 12.0 15.0 18.0
11.0 14.0 17.0 20.0
15.0 18.0 21.0 24.0
18.0 21.0 24.0 27.0
20.0 23.0 26.0 29.0
25.0 28.0 31.0 34.0
29.0 32.0 35.0 38.0
0.0 34.0 37.0 40.0

4556.0 5734.0
1005.0 899.0
3514.0 3083.0
2501.0 6702.0
8948.0 5873.0
538.0 9162.0
1047.0 8962.0
2386.0 6202.0
7286.0 9509.0
2035.0 1606.0
2910.0 4713.0
6997.0 1044.0
7907.0 4101.0
9616.0 1401.0
7096.0 9512.0
706.0 7836.0

4562.0 5739.0
1010.0 904.0
3519.0 3089.0
2505.0 6707.0
8953.0 5877.0
543.0 9167.0
1051.0 8967.0
2391.0 6208.0
7290.0 9515.0
2039.0 1612.0
2916.0 4717.0
7002.0 1049.0
7911.0 4106.0
9621.0 1406.0
7101.0 9517.0
711.0 7841.0
