1
16 1 3.0 0.0 1000.0 3 160 240 100

6.5 13.5 29.3 58.5
13.0 27.0 58.5 117.0
19.5 40.5 87.8 175.5
26.0 54.0 117.0 234.0
39.0 81.0 175.5 351.0
52.0 108.0 234.0 468.0
58.5 121.5 263.3 526.5
65.0 135.0 292.5 585.0
78.0 162.0 351.0 702.0
0.0 180.0 390.0 780.0

2.0 5.0 8.0 11.0
5.0 8.0 11.0 14.0
9.0 12.0 15.0 18.0
11.0 14.0 17.0 20.0
15.0 18.0 21.0 24.0
18.0 21.0 24.0 27.0
20.0 23.0 26.0 29.0
25.0 28.0 31.0 34.0
29.0 32.0 35.0 38.0
0.0 34.0 37.0 40.0

7323.0 5563.0
5672.0 4001.0
1442.0 7974.0
1920.0 8795.0
6495.0 4344.0
3127.0 8438.0
2885.0 9322.0
5681.0 1733.0
8954.0 5420.0
2463.0 6624.0
6580.0 8069.0
8516.0 7281.0
768.0 2703.0
8720.0 1980.0
9860.0 7050.0
5300.0 6218.0

7329.0 5568.0
5677.0 4005.0
1448.0 7980.0
1926.0 8800.0
6501.0 4348.0
3133.0 8443.0
2891.0 9327.0
5686.0 1738.0
8959.0 5425.0
2468.0 6629.0
6585.0 8074.0
8521.0 7286.0
773.0 2708.0
8725.0 1986.0
9865.0 7054.0
5305.0 6223.0
