1
16 1 3.0 0.0 1000.0 3 160 240 100

6.5 13.5 29.3 58.5
13.0 27.0 58.5 117.0
19.5 40.5 87.8 175.5
26.0 54.0 117.0 234.0
39.0 81.0 175.5 351.0
52.0 108.0 234.0 468.0
58.5 121.5 263.3 526.5
65.0 135.0 292.5 585.0
78.0 162.0 351.0 702.0
0.0 180.0 390.0 780.0

2.0 5.0 8.0 11.0
5.0 8.0 11.0 14.0
9.0 12.0 15.0 18.0
11.0 14.0 17.0 20.0
15.0 18.0 21.0 24.0
18.0 21.0 24.0 27.0
20.0 23.0 26.0 29.0
25.0 28.0 31.0 34.0
29.0 32.0 35.0 38.0
0.0 34.0 37.0 40.0

5714.0 9303.0
8392.0 2048.0
9145.0 8041.0
1166.0 3644.0
4097.0 3020.0
838.0 4569.0
4522.0 1939.0
8470.0 1260.0
571.0 4664.0
4941.0 3789.0
7919.0 6003.0
2547.0 355.0
5479.0 9897.0
2977.0 1958.0
8101.0 8178.0
9502.0 1670.0

5718.0 9308.0
8396.0 2052.0
9149.0 8046.0
1171.0 3649.0
4102.0 3024.0
842.0 4574.0
4526.0 1943.0
8476.0 1264.0
576.0 4669.0
4947.0 3794.0
7925.0 6008.0
2552.0 360.0
5483.0 9902.0
2982.0 1963.0
8106.0 8183.0
9507.0 1675.0
