1
16 1 3.0 0.0 1000.0 3 160 240 100

6.5 13.5 29.3 58.5
13.0 27.0 58.5 117.0
19.5 40.5 87.8 175.5
26.0 54.0 117.0 234.0
39.0 81.0 175.5 351.0
52.0 108.0 234.0 468.0
58.5 121.5 263.3 526.5
65.0 135.0 292.5 585.0
78.0 162.0 351.0 702.0
0.0 180.0 390.0 780.0

2.0 5.0 8.0 11.0
5.0 8.0 11.0 14.0
9.0 12.0 15.0 18.0
11.0 14.0 17.0 20.0
15.0 18.0 21.0 24.0
18.0 21.0 24.0 27.0
20.0 23.0 26.0 29.0
25.0 28.0 31.0 34.0
29.0 32.0 35.0 38.0
0.0 34.0 37.0 40.0

2150.0 7611.0
112.0 2126.0
2412.0 7323.0
7409.0 6713.0
846.0 1048.0
8886.0 4319.0
1911.0 7897.0
6291.0 3857.0
9934.0 6897.0
8835.0 7957.0
6083.0 1618.0
1815.0 3684.0
2467.0 4966.0
340.0 2198.0
9963.0 7306.0
6040.0 1749.0

2154.0 7616.0
116.0 2130.0
2418.0 7328.0
7413.0 6719.0
852.0 1054.0
8891.0 4324.0
1917.0 7902.0
6295.0 3862.0
9939.0 6902.0
8839.0 7963.0
6088.0 1624.0
1819.0 3689.0
2473.0 4972.0
345.0 2204.0
9968.0 7311.0
6046.0 1753.0
