1
16 1 3.0 0.0 1000.0 3 160 240 100

6.5 13.5 29.3 58.5
13.0 27.0 58.5 117.0
19.5 40.5 87.8 175.5
26.0 54.0 117.0 234.0
39.0 81.0 175.5 351.0
52.0 108.0 234.0 468.0
58.5 121.5 263.3 526.5
65.0 135.0 292.5 585.0
78.0 162.0 351.0 702.0
0.0 180.0 390.0 780.0

2.0 5.0 8.0 11.0
5.0 8.0 11.0 14.0
9.0 12.0 15.0 18.0
11.0 14.0 17.0 20.0
15.0 18.0 21.0 24.0
18.0 21.0 24.0 27.0
20.0 23.0 26.0 29.0
25.0 28.0 31.0 34.0
29.0 32.0 35.0 38.0
0.0 34.0 37.0 40.0

6455.0 5008.0
1503.0 8055.0
2787.0 5920.0
6550.0 1064.0
4570.0 4995.0
9832.0 4712.0
2875.0 1004.0
50.0 6222.0
3578.0 7488.0
4695.0 5011.0
5389.0 4156.0
1292.0 4233.0
8143.0 6570.0
6883.0 9397.0
7949.0 7282.0
3610.0 8440.0

6459.0 5013.0
1507.0 8061.0
2792.0 5925.0
6555.0 1068.0
4575.0 4999.0
9838.0 4716.0
2881.0 1009.0
56.0 6227.0
3583.0 7493.0
4700.0 5017.0
5395.0 4162.0
1297.0 4238.0
8147.0 6576.0
6888.0 9401.0
7954.0 7287.0
3614.0 8445.0
