1
16 1 3.0 0.0 1000.0 3 160 240 100

6.5 13.5 29.3 58.5
13.0 27.0 58.5 117.0
19.5 40.5 87.8 175.5
26.0 54.0 117.0 234.0
39.0 81.0 175.5 351.0
52.0 108.0 234.0 468.0
58.5 121.5 263.3 526.5
65.0 135.0 292.5 585.0
78.0 162.0 351.0 702.0
0.0 180.0 390.0 780.0

2.0 5.0 8.0 11.0
5.0 8.0 11.0 14.0
9.0 12.0 15.0 18.0
11.0 14.0 17.0 20.0
15.0 18.0 21.0 24.0
18.0 21.0 24.0 27.0
20.0 23.0 26.0 29.0
25.0 28.0 31.0 34.0
29.0 32.0 35.0 38.0
0.0 34.0 37.0 40.0

3340.0 9576.0
3736.0 5409.0
3926.0 7127.0
9821.0 3646.0
2.0 4646.0
1388.0 5941.0
7762.0 5434.0
9139.0 2735.0
3573.0 8884.0
9406.0 1309.0
5187.0 3142.0
6547.0 5316.0
4148.0 4496.0
4512.0 9816.0
5989.0 6652.0
5445.0 6209.0

3344.0 9582.0
3741.0 5414.0
3931.0 7132.0
9826.0 3650.0
6.0 4651.0
1394.0 5946.0
7767.0 5439.0
9144.0 2739.0
3578.0 8889.0
9412.0 1314.0
5192.0 3148.0
6552.0 5320.0
4152.0 4501.0
4518.0 9820.0
5994.0 6657.0
5449.0 6214.0
