1
16 1 3.0 0.0 1000.0 3 160 240 100

6.5 13.5 29.3 58.5
13.0 27.0 58.5 117.0
19.5 40.5 87.8 175.5
26.0 54.0 117.0 234.0
39.0 81.0 175.5 351.0
52.0 108.0 234.0 468.0
58.5 121.5 263.3 526.5
65.0 135.0 292.5 585.0
78.0 162.0 351.0 702.0
0.0 180.0 390.0 780.0

2.0 5.0 8.0 11.0
5.0 8.0 11.0 14.0
9.0 12.0 15.0 18.0
11.0 14.0 17.0 20.0
15.0 18.0 21.0 24.0
18.0 21.0 24.0 27.0
20.0 23.0 26.0 29.0
25.0 28.0 31.0 34.0
29.0 32.0 35.0 38.0
0.0 34.0 37.0 40.0

9575.0 6677.0
8008.0 7098.0
1221.0 5191.0
9653.0 9939.0
8862.0 8965.0
4245.0 2116.0
8912.0 2426.0
4904.0 7210.0
1515.0 5431.0
928.0 6149.0
576.0 6863.0
3688.0 9861.0
4357.0 9317.0
1079.0 1792.0
3251.0 8058.0
8376.0 4711.0

9579.0 6681.0
8013.0 7103.0
1226.0 5195.0
9659.0 9944.0
8867.0 8970.0
4250.0 2122.0
8916.0 2432.0
4908.0 7216.0
1519.0 5435.0
933.0 6155.0
581.0 6867.0
3692.0 9866.0
4363.0 9322.0
1084.0 1797.0
3256.0 8063.0
8382.0 4716.0
