1
16 1 3.0 0.0 1000.0 3 160 240 100

6.5 13.5 29.3 58.5
13.0 27.0 58.5 117.0
19.5 40.5 87.8 175.5
26.0 54.0 117.0 234.0
39.0 81.0 175.5 351.0
52.0 108.0 234.0 468.0
58.5 121.5 263.3 526.5
65.0 135.0 292.5 585.0
78.0 162.0 351.0 702.0
0.0 180.0 390.0 780.0

2.0 5.0 8.0 11.0
5.0 8.0 11.0 14.0
9.0 12.0 15.0 18.0
11.0 14.0 17.0 20.0
15.0 18.0 21.0 24.0
18.0 21.0 24.0 27.0
20.0 23.0 26.0 29.0
25.0 28.0 31.0 34.0
29.0 32.0 35.0 38.0
0.0 34.0 37.0 40.0

3811.0 9900.0
5856.0 8708.0
663.0 177.0
6019.0 9809.0
387.0 8475.0
5778.0 1108.0
3976.0 6278.0
1463.0 845.0
6966.0 2199.0
6981.0 4334.0
8849.0 2957.0
8003.0 9157.0
5863.0 774.0
7510.0 5544.0
3765.0 334.0
568.0 6341.0

3816.0 9906.0
5862.0 8713.0
669.0 183.0
6024.0 9814.0
393.0 8481.0
5783.0 1114.0
3981.0 6282.0
1468.0 849.0
6971.0 2203.0
6985.0 4339.0
8854.0 2962.0
8009.0 9161.0
5867.0 779.0
7515.0 5549.0
3770.0 339.0
574.0 6346.0
