1
16 1 3.0 0.0 1000.0 3 160 240 100

6.5 13.5 29.3 58.5
13.0 27.0 58.5 117.0
19.5 40.5 87.8 175.5
26.0 54.0 117.0 234.0
39.0 81.0 175.5 351.0
52.0 108.0 234.0 468.0
58.5 121.5 263.3 526.5
65.0 135.0 292.5 585.0
78.0 162.0 351.0 702.0
0.0 180.0 390.0 780.0

2.0 5.0 8.0 11.0
5.0 8.0 11.0 14.0
9.0 12.0 15.0 18.0
11.0 14.0 17.0 20.0
15.0 18.0 21.0 24.0
18.0 21.0 24.0 27.0
20.0 23.0 26.0 29.0
25.0 28.0 31.0 34.0
29.0 32.0 35.0 38.0
0.0 34.0 37.0 40.0

2124.0 1970.0
9254.0 6714.0
148.0 5611.0
9824.0 120.0
3346.0 7786.0
7631.0 1237.0
6124.0 783.0
3225.0 8847.0
3978.0 2823.0
5914.0 6658.0
4208.0 417.0
8313.0 1438.0
8127.0 258.0
375.0 9460.0
1390.0 3816.0
778.0 5658.0

2128.0 1975.0
9259.0 6719.0
154.0 5616.0
9828.0 125.0
3351.0 7791.0
7635.0 1242.0
6130.0 787.0
3231.0 8852.0
3983.0 2828.0
5920.0 6663.0
4212.0 423.0
8318.0 1442.0
8132.0 263.0
379.0 9464.0
1396.0 3821.0
783.0 5664.0
