1
16 1 3.0 0.0 1000.0 3 160 240 100

6.5 13.5 29.3 58.5
13.0 27.0 58.5 117.0
19.5 40.5 87.8 175.5
26.0 54.0 117.0 234.0
39.0 81.0 175.5 351.0
52.0 108.0 234.0 468.0
58.5 121.5 263.3 526.5
65.0 135.0 292.5 585.0
78.0 162.0 351.0 702.0
0.0 180.0 390.0 780.0

2.0 5.0 8.0 11.0
5.0 8.0 11.0 14.0
9.0 12.0 15.0 18.0
11.0 14.0 17.0 20.0
15.0 18.0 21.0 24.0
18.0 21.0 24.0 27.0
20.0 23.0 26.0 29.0
25.0 28.0 31.0 34.0
29.0 32.0 35.0 38.0
0.0 34.0 37.0 40.0

6288.0 1237.0
2998.0 7801.0
1486.0 818.0
8325.0 5099.0
8773.0 2715.0
895.0 6109.0
7355.0 6294.0
6607.0 2954.0
8825.0 6640.0
8328.0 1946.0
3490.0 4529.0
7149.0 4166.0
5400.0 618.0
322.0 9059.0
2655.0 7026.0
3734.0 5421.0

6293.0 1241.0
3003.0 7805.0
1490.0 822.0
8330.0 5104.0
8777.0 2719.0
900.0 6114.0
7359.0 6298.0
6612.0 2959.0
8831.0 6645.0
8333.0 1951.0
3495.0 4534.0
7154.0 4171.0
5405.0 623.0
327.0 9064.0
2660.0 7032.0
3739.0 5426.0
