1
16 1 3.0 0.0 1000.0 3 160 240 100

6.5 13.5 29.3 58.5
13.0 27.0 58.5 117.0
19.5 40.5 87.8 175.5
26.0 54.0 117.0 234.0
39.0 81.0 175.5 351.0
52.0 108.0 234.0 468.0
58.5 121.5 263.3 526.5
65.0 135.0 292.5 585.0
78.0 162.0 351.0 702.0
0.0 180.0 390.0 780.0

2.0 5.0 8.0 11.0
5.0 8.0 11.0 14.0
9.0 12.0 15.0 18.0
11.0 14.0 17.0 20.0
15.0 18.0 21.0 24.0
18.0 21.0 24.0 27.0
20.0 23.0 26.0 29.0
25.0 28.0 31.0 34.0
29.0 32.0 35.0 38.0
0.0 34.0 37.0 40.0

4953.0 2677.0
714.0 8055.0
2532.0 7606.0
1287.0 8446.0
5506.0 9106.0
877.0 5646.0
1017.0 204.0
6239.0 3780.0
644.0 8472.0
4316.0 3028.0
6574.0 9591.0
8340.0 8813.0
6468.0 5139.0
612.0 3978.0
3622.0 7760.0
9817.0 8371.0

4959.0 2682.0
719.0 8060.0
2536.0 7612.0
1293.0 8451.0
5511.0 9111.0
881.0 5651.0
1022.0 210.0
6244.0 3785.0
649.0 8478.0
4321.0 3034.0
6579.0 9595.0
8344.0 8817.0
6474.0 5144.0
617.0 3983.0
3628.0 7764.0
9822.0 8376.0
