1
256 1 3.0 0.0 1000.0 3 160 240 100

6.5 13.5 29.3 58.5
13.0 27.0 58.5 117.0
19.5 40.5 87.8 175.5
26.0 54.0 117.0 234.0
39.0 81.0 175.5 351.0
52.0 108.0 234.0 468.0
58.5 121.5 263.3 526.5
65.0 135.0 292.5 585.0
78.0 162.0 351.0 702.0
0.0 180.0 390.0 780.0

2.0 5.0 8.0 11.0
5.0 8.0 11.0 14.0
9.0 12.0 15.0 18.0
11.0 14.0 17.0 20.0
15.0 18.0 21.0 24.0
18.0 21.0 24.0 27.0
20.0 23.0 26.0 29.0
25.0 28.0 31.0 34.0
29.0 32.0 35.0 38.0
0.0 34.0 37.0 40.0

227.0 99.0
24.0 80.0
17.0 89.0
91.0 229.0
216.0 231.0
12.0 186.0
213.0 74.0
210.0 137.0
50.0 54.0
221.0 187.0
60.0 179.0
49.0 118.0
49.0 184.0
229.0 240.0
227.0 164.0
63.0 167.0
129.0 76.0
57.0 134.0
99.0 245.0
163.0 67.0
202.0 115.0
227.0 151.0
9.0 35.0
114.0 230.0
9.0 176.0
41.0 164.0
204.0 6.0
214.0 95.0
12.0 31.0
184.0 124.0
185.0 117.0
117.0 225.0
209.0 224.0
50.0 35.0
40.0 225.0
183.0 204.0
13.0 44.0
150.0 69.0
143.0 143.0
224.0 233.0
53.0 213.0
231.0 167.0
95.0 242.0
34.0 37.0
43.0 173.0
234.0 28.0
40.0 205.0
57.0 208.0
65.0 88.0
215.0 97.0
212.0 62.0
83.0 112.0
175.0 196.0
97.0 169.0
116.0 134.0
98.0 237.0
176.0 129.0
144.0 7.0
187.0 11.0
153.0 101.0
205.0 75.0
12.0 82.0
76.0 182.0
137.0 102.0
247.0 162.0
15.0 55.0
179.0 203.0
66.0 182.0
203.0 186.0
234.0 152.0
29.0 19.0
34.0 171.0
145.0 62.0
77.0 21.0
186.0 69.0
177.0 206.0
122.0 113.0
187.0 232.0
243.0 47.0
44.0 81.0
145.0 87.0
51.0 16.0
77.0 200.0
237.0 165.0
233.0 10.0
207.0 137.0
213.0 24.0
203.0 2.0
132.0 16.0
153.0 8.0
191.0 2.0
55.0 233.0
103.0 17.0
103.0 193.0
40.0 244.0
30.0 201.0
122.0 96.0
190.0 150.0
0.0 160.0
235.0 119.0
155.0 243.0
27.0 106.0
118.0 42.0
34.0 177.0
97.0 61.0
207.0 181.0
76.0 173.0
213.0 220.0
27.0 65.0
159.0 138.0
146.0 101.0
43.0 100.0
143.0 206.0
204.0 135.0
132.0 190.0
118.0 105.0
248.0 232.0
203.0 99.0
188.0 76.0
91.0 70.0
168.0 26.0
165.0 110.0
118.0 167.0
187.0 50.0
229.0 35.0
194.0 149.0
55.0 31.0
114.0 187.0
161.0 168.0
146.0 106.0
129.0 86.0
246.0 135.0
60.0 42.0
123.0 162.0
248.0 184.0
213.0 178.0
31.0 194.0
179.0 168.0
133.0 232.0
5.0 158.0
129.0 141.0
117.0 157.0
209.0 221.0
233.0 93.0
248.0 159.0
238.0 98.0
1.0 36.0
162.0 110.0
43.0 151.0
188.0 36.0
139.0 171.0
143.0 62.0
53.0 247.0
12.0 225.0
109.0 230.0
71.0 214.0
118.0 237.0
41.0 140.0
127.0 85.0
240.0 112.0
228.0 227.0
1.0 241.0
247.0 63.0
224.0 22.0
183.0 146.0
196.0 110.0
94.0 42.0
159.0 49.0
175.0 213.0
165.0 94.0
90.0 81.0
45.0 78.0
188.0 4.0
168.0 69.0
43.0 203.0
200.0 150.0
64.0 241.0
140.0 204.0
236.0 218.0
242.0 146.0
135.0 169.0
221.0 110.0
129.0 190.0
212.0 171.0
37.0 159.0
15.0 227.0
54.0 203.0
229.0 241.0
65.0 153.0
168.0 100.0
35.0 18.0
42.0 166.0
232.0 79.0
174.0 145.0
92.0 26.0
105.0 237.0
108.0 109.0
0.0 48.0
168.0 96.0
53.0 115.0
112.0 139.0
195.0 160.0
52.0 216.0
199.0 21.0
96.0 117.0
65.0 26.0
160.0 34.0
189.0 122.0
112.0 81.0
71.0 153.0
74.0 184.0
171.0 225.0
242.0 51.0
65.0 166.0
184.0 20.0
121.0 166.0
95.0 138.0
230.0 207.0
85.0 129.0
187.0 7.0
125.0 244.0
117.0 212.0
85.0 6.0
190.0 174.0
119.0 237.0
132.0 192.0
210.0 4.0
143.0 158.0
245.0 221.0
122.0 133.0
73.0 202.0
172.0 152.0
27.0 15.0
165.0 158.0
242.0 44.0
213.0 7.0
132.0 245.0
201.0 52.0
222.0 141.0
103.0 123.0
82.0 140.0
118.0 48.0
181.0 109.0
204.0 151.0
25.0 177.0
188.0 236.0
43.0 52.0
165.0 140.0
184.0 204.0
202.0 220.0
79.0 91.0
221.0 240.0
112.0 142.0
195.0 153.0
108.0 41.0
133.0 101.0

232.0 104.0
30.0 85.0
21.0 93.0
97.0 235.0
221.0 236.0
17.0 191.0
218.0 80.0
215.0 142.0
55.0 59.0
226.0 191.0
64.0 184.0
54.0 123.0
55.0 188.0
235.0 244.0
232.0 168.0
67.0 172.0
134.0 81.0
62.0 139.0
103.0 250.0
168.0 72.0
207.0 121.0
233.0 156.0
14.0 39.0
118.0 234.0
14.0 181.0
47.0 169.0
209.0 11.0
220.0 100.0
16.0 36.0
189.0 129.0
190.0 121.0
122.0 229.0
214.0 228.0
56.0 40.0
45.0 230.0
188.0 209.0
18.0 49.0
155.0 75.0
148.0 148.0
229.0 237.0
58.0 218.0
236.0 171.0
100.0 248.0
39.0 43.0
48.0 177.0
239.0 33.0
46.0 210.0
63.0 214.0
69.0 94.0
221.0 101.0
217.0 68.0
89.0 118.0
180.0 200.0
102.0 174.0
121.0 139.0
102.0 241.0
181.0 135.0
148.0 11.0
193.0 16.0
158.0 106.0
210.0 81.0
17.0 86.0
81.0 186.0
142.0 107.0
252.0 166.0
19.0 60.0
184.0 209.0
71.0 188.0
209.0 191.0
238.0 158.0
35.0 24.0
40.0 176.0
150.0 67.0
82.0 27.0
191.0 74.0
182.0 211.0
127.0 118.0
192.0 238.0
248.0 51.0
48.0 85.0
149.0 93.0
56.0 21.0
83.0 206.0
242.0 171.0
238.0 16.0
212.0 141.0
218.0 30.0
208.0 7.0
137.0 21.0
158.0 13.0
197.0 7.0
61.0 238.0
109.0 22.0
108.0 199.0
45.0 250.0
36.0 205.0
128.0 101.0
196.0 155.0
5.0 166.0
240.0 125.0
160.0 248.0
32.0 111.0
123.0 46.0
39.0 182.0
102.0 65.0
212.0 185.0
81.0 177.0
218.0 226.0
31.0 70.0
164.0 143.0
151.0 107.0
48.0 106.0
148.0 212.0
209.0 139.0
137.0 196.0
123.0 110.0
252.0 237.0
208.0 105.0
193.0 82.0
95.0 74.0
173.0 30.0
171.0 115.0
123.0 172.0
191.0 56.0
234.0 41.0
198.0 154.0
60.0 37.0
119.0 191.0
166.0 173.0
152.0 111.0
133.0 90.0
251.0 140.0
66.0 47.0
129.0 167.0
253.0 188.0
218.0 183.0
36.0 198.0
184.0 173.0
138.0 237.0
11.0 163.0
134.0 146.0
122.0 163.0
213.0 226.0
238.0 97.0
252.0 165.0
243.0 102.0
6.0 42.0
167.0 115.0
48.0 156.0
194.0 40.0
145.0 176.0
148.0 66.0
57.0 252.0
17.0 230.0
114.0 235.0
75.0 219.0
123.0 242.0
46.0 145.0
131.0 91.0
245.0 116.0
233.0 232.0
5.0 246.0
251.0 68.0
230.0 27.0
189.0 150.0
201.0 115.0
98.0 47.0
165.0 54.0
181.0 218.0
169.0 99.0
95.0 87.0
50.0 83.0
193.0 9.0
174.0 73.0
47.0 208.0
204.0 156.0
70.0 247.0
145.0 209.0
241.0 224.0
248.0 150.0
140.0 173.0
226.0 115.0
134.0 196.0
217.0 177.0
43.0 164.0
21.0 232.0
59.0 209.0
234.0 245.0
70.0 158.0
174.0 105.0
41.0 24.0
47.0 170.0
237.0 85.0
180.0 150.0
97.0 30.0
109.0 241.0
113.0 115.0
5.0 54.0
174.0 101.0
58.0 120.0
116.0 144.0
200.0 165.0
58.0 222.0
205.0 27.0
100.0 123.0
70.0 32.0
164.0 40.0
194.0 126.0
116.0 86.0
76.0 158.0
79.0 188.0
176.0 229.0
247.0 56.0
71.0 171.0
189.0 25.0
125.0 172.0
100.0 143.0
235.0 213.0
90.0 133.0
192.0 12.0
130.0 249.0
123.0 216.0
90.0 12.0
196.0 178.0
124.0 243.0
138.0 197.0
216.0 9.0
147.0 163.0
249.0 225.0
128.0 137.0
77.0 206.0
176.0 157.0
33.0 20.0
170.0 163.0
247.0 50.0
217.0 12.0
136.0 250.0
205.0 58.0
228.0 146.0
109.0 127.0
87.0 146.0
123.0 54.0
185.0 114.0
209.0 157.0
29.0 181.0
192.0 241.0
48.0 58.0
170.0 145.0
189.0 209.0
208.0 224.0
85.0 95.0
226.0 244.0
118.0 147.0
200.0 159.0
112.0 47.0
139.0 105.0
