1
256 1 3.0 0.0 1000.0 3 160 240 100

6.5 13.5 29.3 58.5
13.0 27.0 58.5 117.0
19.5 40.5 87.8 175.5
26.0 54.0 117.0 234.0
39.0 81.0 175.5 351.0
52.0 108.0 234.0 468.0
58.5 121.5 263.3 526.5
65.0 135.0 292.5 585.0
78.0 162.0 351.0 702.0
0.0 180.0 390.0 780.0

2.0 5.0 8.0 11.0
5.0 8.0 11.0 14.0
9.0 12.0 15.0 18.0
11.0 14.0 17.0 20.0
15.0 18.0 21.0 24.0
18.0 21.0 24.0 27.0
20.0 23.0 26.0 29.0
25.0 28.0 31.0 34.0
29.0 32.0 35.0 38.0
0.0 34.0 37.0 40.0

94.0 14.0
81.0 1.0
26.0 192.0
70.0 99.0
247.0 197.0
146.0 155.0
206.0 227.0
180.0 246.0
21.0 59.0
171.0 18.0
175.0 216.0
44.0 38.0
23.0 80.0
151.0 0.0
32.0 10.0
198.0 91.0
25.0 61.0
125.0 161.0
226.0 213.0
42.0 137.0
241.0 96.0
113.0 192.0
162.0 247.0
126.0 241.0
39.0 3.0
15.0 147.0
45.0 193.0
194.0 78.0
199.0 107.0
93.0 43.0
92.0 40.0
136.0 146.0
112.0 243.0
171.0 225.0
240.0 224.0
216.0 47.0
28.0 99.0
166.0 88.0
220.0 59.0
188.0 201.0
238.0 31.0
83.0 70.0
126.0 216.0
205.0 135.0
58.0 226.0
102.0 7.0
102.0 101.0
105.0 191.0
1.0 79.0
117.0 244.0
19.0 12.0
243.0 71.0
243.0 170.0
119.0 122.0
21.0 215.0
207.0 49.0
34.0 205.0
41.0 216.0
74.0 39.0
66.0 9.0
151.0 60.0
185.0 196.0
113.0 137.0
15.0 169.0
39.0 35.0
115.0 195.0
204.0 28.0
44.0 120.0
11.0 208.0
140.0 48.0
59.0 40.0
10.0 46.0
117.0 12.0
247.0 32.0
50.0 45.0
227.0 16.0
82.0 148.0
136.0 234.0
91.0 92.0
210.0 211.0
165.0 226.0
204.0 172.0
13.0 80.0
195.0 215.0
77.0 248.0
125.0 35.0
56.0 81.0
53.0 243.0
81.0 54.0
140.0 182.0
107.0 203.0
232.0 184.0
148.0 129.0
175.0 12.0
50.0 101.0
99.0 83.0
37.0 108.0
189.0 83.0
117.0 30.0
54.0 185.0
192.0 148.0
87.0 117.0
102.0 47.0
43.0 168.0
59.0 0.0
115.0 244.0
71.0 3.0
101.0 191.0
213.0 193.0
78.0 129.0
186.0 183.0
37.0 127.0
169.0 171.0
28.0 97.0
27.0 235.0
148.0 110.0
245.0 41.0
33.0 136.0
32.0 7.0
79.0 29.0
101.0 27.0
163.0 152.0
173.0 160.0
215.0 70.0
95.0 27.0
58.0 93.0
9.0 193.0
211.0 211.0
61.0 139.0
215.0 86.0
230.0 1.0
56.0 22.0
143.0 28.0
103.0 187.0
64.0 85.0
31.0 154.0
65.0 14.0
248.0 140.0
183.0 51.0
195.0 148.0
201.0 8.0
149.0 12.0
226.0 11.0
19.0 175.0
81.0 162.0
158.0 74.0
63.0 17.0
39.0 92.0
197.0 123.0
199.0 64.0
177.0 155.0
172.0 187.0
241.0 243.0
197.0 194.0
44.0 169.0
40.0 241.0
156.0 147.0
91.0 40.0
125.0 242.0
205.0 19.0
104.0 13.0
67.0 180.0
104.0 61.0
177.0 82.0
4.0 199.0
118.0 206.0
248.0 37.0
64.0 38.0
242.0 90.0
73.0 240.0
1.0 60.0
3.0 105.0
185.0 40.0
211.0 74.0
203.0 157.0
245.0 106.0
136.0 31.0
84.0 63.0
52.0 188.0
247.0 37.0
81.0 182.0
185.0 141.0
183.0 193.0
187.0 72.0
129.0 220.0
66.0 94.0
237.0 25.0
233.0 124.0
2.0 56.0
53.0 197.0
55.0 143.0
221.0 104.0
203.0 70.0
168.0 118.0
108.0 179.0
110.0 233.0
242.0 248.0
139.0 183.0
48.0 168.0
77.0 58.0
51.0 36.0
124.0 155.0
7.0 62.0
147.0 12.0
187.0 39.0
18.0 126.0
5.0 144.0
214.0 181.0
232.0 191.0
223.0 172.0
109.0 234.0
89.0 119.0
241.0 17.0
9.0 125.0
205.0 42.0
203.0 112.0
122.0 118.0
82.0 102.0
15.0 60.0
73.0 4.0
69.0 247.0
239.0 156.0
236.0 109.0
179.0 203.0
185.0 109.0
238.0 180.0
164.0 170.0
109.0 13.0
145.0 1.0
5.0 186.0
192.0 120.0
103.0 147.0
56.0 177.0
50.0 88.0
54.0 248.0
125.0 51.0
113.0 54.0
218.0 104.0
175.0 186.0
84.0 175.0
188.0 138.0
164.0 167.0
30.0 114.0
72.0 51.0
221.0 45.0
144.0 206.0
110.0 129.0
17.0 61.0
53.0 243.0
41.0 185.0
132.0 138.0
92.0 19.0
50.0 140.0
211.0 5.0
126.0 167.0
36.0 190.0

99.0 19.0
86.0 6.0
31.0 198.0
75.0 103.0
251.0 202.0
150.0 160.0
212.0 232.0
184.0 251.0
26.0 64.0
176.0 22.0
180.0 221.0
48.0 43.0
28.0 85.0
156.0 5.0
38.0 15.0
203.0 97.0
31.0 67.0
130.0 166.0
231.0 218.0
46.0 142.0
246.0 102.0
117.0 197.0
166.0 252.0
130.0 246.0
44.0 8.0
19.0 151.0
50.0 198.0
199.0 84.0
205.0 112.0
98.0 48.0
96.0 45.0
141.0 151.0
117.0 248.0
177.0 231.0
246.0 230.0
222.0 51.0
34.0 105.0
171.0 93.0
225.0 63.0
192.0 207.0
242.0 35.0
88.0 76.0
130.0 220.0
209.0 140.0
64.0 230.0
107.0 12.0
107.0 106.0
109.0 197.0
7.0 85.0
122.0 249.0
25.0 16.0
249.0 76.0
248.0 175.0
124.0 126.0
25.0 220.0
212.0 53.0
38.0 210.0
47.0 220.0
80.0 44.0
72.0 14.0
157.0 65.0
190.0 201.0
119.0 143.0
19.0 174.0
44.0 41.0
120.0 200.0
208.0 34.0
50.0 126.0
16.0 214.0
146.0 52.0
64.0 45.0
15.0 52.0
122.0 16.0
252.0 37.0
55.0 50.0
232.0 21.0
87.0 153.0
141.0 240.0
96.0 98.0
216.0 217.0
169.0 230.0
209.0 176.0
18.0 85.0
199.0 220.0
82.0 253.0
130.0 41.0
60.0 86.0
59.0 248.0
86.0 58.0
145.0 187.0
112.0 209.0
238.0 189.0
153.0 133.0
180.0 17.0
56.0 105.0
104.0 89.0
42.0 112.0
194.0 89.0
121.0 35.0
59.0 190.0
198.0 153.0
92.0 121.0
108.0 52.0
48.0 173.0
63.0 6.0
120.0 250.0
75.0 7.0
105.0 196.0
218.0 198.0
83.0 134.0
190.0 187.0
41.0 132.0
173.0 175.0
34.0 101.0
32.0 240.0
153.0 115.0
250.0 46.0
37.0 141.0
37.0 12.0
84.0 33.0
107.0 31.0
168.0 157.0
177.0 164.0
221.0 75.0
99.0 33.0
62.0 98.0
14.0 199.0
217.0 216.0
67.0 144.0
221.0 91.0
234.0 6.0
60.0 27.0
147.0 33.0
108.0 192.0
68.0 90.0
35.0 159.0
69.0 19.0
252.0 145.0
188.0 56.0
201.0 153.0
206.0 13.0
155.0 17.0
232.0 16.0
23.0 180.0
86.0 167.0
164.0 79.0
67.0 22.0
43.0 96.0
202.0 128.0
204.0 70.0
182.0 159.0
177.0 192.0
246.0 248.0
202.0 198.0
49.0 174.0
44.0 245.0
160.0 152.0
96.0 46.0
131.0 246.0
209.0 23.0
108.0 18.0
71.0 186.0
108.0 65.0
181.0 86.0
8.0 203.0
124.0 212.0
253.0 42.0
68.0 43.0
247.0 95.0
78.0 245.0
5.0 65.0
7.0 110.0
189.0 45.0
216.0 78.0
209.0 162.0
249.0 111.0
142.0 36.0
90.0 67.0
57.0 193.0
253.0 43.0
86.0 188.0
190.0 146.0
187.0 199.0
192.0 78.0
134.0 226.0
72.0 100.0
241.0 30.0
237.0 129.0
8.0 61.0
59.0 202.0
60.0 147.0
226.0 109.0
208.0 75.0
173.0 123.0
112.0 185.0
115.0 238.0
248.0 254.0
144.0 188.0
53.0 173.0
82.0 63.0
57.0 40.0
129.0 160.0
12.0 67.0
152.0 17.0
193.0 44.0
23.0 130.0
11.0 150.0
219.0 186.0
237.0 196.0
228.0 177.0
114.0 238.0
93.0 123.0
246.0 22.0
14.0 131.0
211.0 48.0
208.0 116.0
127.0 122.0
87.0 107.0
20.0 65.0
79.0 9.0
73.0 251.0
244.0 161.0
241.0 113.0
184.0 208.0
190.0 114.0
243.0 185.0
168.0 175.0
115.0 18.0
150.0 7.0
11.0 191.0
196.0 125.0
109.0 151.0
62.0 183.0
55.0 92.0
60.0 253.0
131.0 55.0
117.0 60.0
223.0 109.0
180.0 190.0
90.0 181.0
193.0 142.0
168.0 172.0
35.0 118.0
78.0 56.0
227.0 49.0
149.0 210.0
115.0 133.0
21.0 67.0
59.0 248.0
47.0 191.0
138.0 142.0
96.0 24.0
54.0 145.0
216.0 9.0
131.0 172.0
42.0 196.0
