1
256 1 3.0 0.0 1000.0 3 160 240 100

6.5 13.5 29.3 58.5
13.0 27.0 58.5 117.0
19.5 40.5 87.8 175.5
26.0 54.0 117.0 234.0
39.0 81.0 175.5 351.0
52.0 108.0 234.0 468.0
58.5 121.5 263.3 526.5
65.0 135.0 292.5 585.0
78.0 162.0 351.0 702.0
0.0 180.0 390.0 780.0

2.0 5.0 8.0 11.0
5.0 8.0 11.0 14.0
9.0 12.0 15.0 18.0
11.0 14.0 17.0 20.0
15.0 18.0 21.0 24.0
18.0 21.0 24.0 27.0
20.0 23.0 26.0 29.0
25.0 28.0 31.0 34.0
29.0 32.0 35.0 38.0
0.0 34.0 37.0 40.0

119.0 47.0
85.0 51.0
161.0 30.0
194.0 124.0
83.0 72.0
141.0 149.0
5.0 32.0
198.0 70.0
179.0 129.0
132.0 183.0
28.0 149.0
158.0 103.0
122.0 240.0
230.0 209.0
18.0 80.0
122.0 116.0
221.0 10.0
94.0 85.0
73.0 72.0
232.0 48.0
212.0 152.0
120.0 12.0
14.0 39.0
63.0 166.0
39.0 239.0
147.0 75.0
43.0 219.0
230.0 150.0
169.0 49.0
10.0 162.0
22.0 239.0
160.0 119.0
110.0 124.0
44.0 132.0
240.0 205.0
121.0 229.0
215.0 182.0
184.0 113.0
49.0 211.0
162.0 199.0
179.0 244.0
18.0 45.0
249.0 116.0
75.0 152.0
89.0 104.0
190.0 104.0
80.0 245.0
0.0 154.0
151.0 26.0
249.0 122.0
221.0 104.0
67.0 52.0
226.0 28.0
95.0 142.0
145.0 17.0
174.0 13.0
48.0 137.0
137.0 210.0
223.0 39.0
48.0 118.0
244.0 246.0
34.0 60.0
197.0 23.0
203.0 151.0
35.0 180.0
149.0 32.0
144.0 228.0
171.0 194.0
245.0 114.0
90.0 132.0
58.0 75.0
138.0 171.0
243.0 211.0
215.0 82.0
174.0 194.0
91.0 193.0
179.0 97.0
221.0 1.0
168.0 118.0
135.0 102.0
170.0 67.0
197.0 85.0
85.0 20.0
63.0 70.0
19.0 125.0
11.0 165.0
153.0 97.0
93.0 147.0
137.0 2.0
165.0 16.0
78.0 248.0
117.0 109.0
1.0 13.0
228.0 37.0
209.0 145.0
104.0 9.0
58.0 138.0
238.0 190.0
199.0 101.0
32.0 26.0
174.0 195.0
191.0 56.0
36.0 83.0
211.0 18.0
20.0 233.0
236.0 152.0
57.0 13.0
137.0 127.0
13.0 21.0
212.0 116.0
96.0 228.0
239.0 77.0
181.0 4.0
146.0 143.0
110.0 216.0
160.0 37.0
97.0 109.0
85.0 55.0
182.0 18.0
176.0 166.0
226.0 15.0
146.0 115.0
14.0 151.0
149.0 233.0
96.0 21.0
147.0 214.0
42.0 198.0
125.0 162.0
134.0 132.0
201.0 70.0
35.0 178.0
204.0 149.0
72.0 242.0
151.0 42.0
75.0 68.0
67.0 218.0
17.0 34.0
211.0 204.0
18.0 113.0
18.0 85.0
93.0 227.0
199.0 35.0
82.0 42.0
184.0 211.0
6.0 41.0
227.0 120.0
174.0 63.0
233.0 180.0
160.0 9.0
237.0 219.0
85.0 23.0
246.0 244.0
216.0 3.0
232.0 94.0
181.0 87.0
109.0 204.0
193.0 116.0
115.0 206.0
206.0 90.0
60.0 215.0
11.0 249.0
224.0 165.0
89.0 158.0
5.0 157.0
84.0 58.0
210.0 59.0
106.0 245.0
234.0 200.0
91.0 105.0
127.0 27.0
47.0 195.0
170.0 177.0
60.0 119.0
106.0 219.0
242.0 221.0
0.0 146.0
128.0 215.0
248.0 242.0
87.0 154.0
101.0 19.0
109.0 216.0
93.0 247.0
182.0 110.0
100.0 126.0
236.0 187.0
62.0 8.0
221.0 183.0
213.0 93.0
219.0 70.0
226.0 128.0
237.0 47.0
237.0 160.0
227.0 37.0
46.0 248.0
104.0 91.0
64.0 60.0
177.0 186.0
193.0 131.0
148.0 208.0
88.0 91.0
204.0 208.0
85.0 1.0
4.0 122.0
152.0 247.0
187.0 150.0
5.0 246.0
93.0 118.0
125.0 36.0
202.0 145.0
188.0 137.0
89.0 54.0
21.0 121.0
40.0 238.0
237.0 163.0
5.0 31.0
5.0 135.0
144.0 183.0
10.0 124.0
24.0 99.0
179.0 77.0
108.0 82.0
87.0 88.0
197.0 111.0
18.0 126.0
110.0 249.0
200.0 115.0
133.0 120.0
77.0 38.0
141.0 158.0
2.0 95.0
59.0 178.0
100.0 219.0
174.0 126.0
48.0 94.0
120.0 165.0
153.0 117.0
134.0 77.0
108.0 67.0
55.0 27.0
156.0 47.0
46.0 31.0
200.0 85.0
105.0 52.0
189.0 90.0
249.0 193.0
204.0 176.0
48.0 42.0
199.0 167.0
27.0 1.0
189.0 174.0
223.0 30.0
228.0 187.0
57.0 27.0
78.0 191.0
174.0 139.0
46.0 129.0

125.0 53.0
89.0 57.0
165.0 35.0
199.0 129.0
87.0 78.0
146.0 154.0
10.0 36.0
204.0 75.0
185.0 133.0
138.0 187.0
32.0 154.0
163.0 108.0
126.0 244.0
235.0 215.0
23.0 86.0
127.0 121.0
226.0 16.0
99.0 91.0
78.0 77.0
236.0 53.0
217.0 157.0
125.0 17.0
18.0 44.0
68.0 172.0
44.0 243.0
152.0 79.0
48.0 224.0
235.0 156.0
173.0 54.0
16.0 167.0
28.0 243.0
165.0 125.0
115.0 129.0
49.0 136.0
246.0 210.0
127.0 233.0
219.0 186.0
189.0 119.0
54.0 215.0
167.0 204.0
183.0 249.0
23.0 50.0
255.0 122.0
80.0 156.0
93.0 108.0
195.0 110.0
85.0 251.0
5.0 158.0
157.0 30.0
253.0 127.0
226.0 110.0
71.0 58.0
231.0 32.0
100.0 146.0
149.0 21.0
178.0 17.0
52.0 142.0
143.0 215.0
228.0 45.0
53.0 123.0
249.0 251.0
39.0 66.0
202.0 28.0
209.0 156.0
40.0 184.0
154.0 37.0
149.0 232.0
177.0 198.0
249.0 119.0
95.0 137.0
64.0 79.0
142.0 176.0
247.0 217.0
219.0 88.0
180.0 200.0
97.0 199.0
184.0 102.0
226.0 6.0
174.0 124.0
139.0 107.0
175.0 72.0
202.0 90.0
90.0 25.0
69.0 75.0
24.0 129.0
16.0 170.0
158.0 102.0
98.0 151.0
141.0 8.0
170.0 21.0
82.0 252.0
121.0 115.0
6.0 18.0
234.0 42.0
214.0 150.0
109.0 14.0
63.0 142.0
243.0 194.0
205.0 106.0
37.0 31.0
179.0 201.0
195.0 61.0
40.0 88.0
216.0 22.0
25.0 237.0
240.0 157.0
61.0 19.0
143.0 132.0
19.0 26.0
217.0 120.0
102.0 234.0
244.0 81.0
185.0 9.0
151.0 148.0
115.0 221.0
164.0 41.0
101.0 114.0
90.0 59.0
187.0 23.0
181.0 170.0
232.0 21.0
151.0 121.0
20.0 157.0
154.0 239.0
101.0 25.0
151.0 219.0
48.0 202.0
131.0 167.0
139.0 137.0
206.0 76.0
41.0 183.0
210.0 153.0
76.0 247.0
156.0 46.0
79.0 72.0
71.0 223.0
22.0 40.0
215.0 208.0
24.0 118.0
23.0 90.0
97.0 233.0
204.0 41.0
86.0 47.0
189.0 216.0
12.0 46.0
231.0 126.0
180.0 68.0
238.0 184.0
166.0 13.0
243.0 224.0
91.0 28.0
251.0 249.0
221.0 7.0
236.0 100.0
187.0 92.0
113.0 209.0
198.0 120.0
120.0 211.0
210.0 94.0
65.0 220.0
16.0 255.0
228.0 170.0
93.0 163.0
10.0 163.0
89.0 63.0
215.0 65.0
111.0 251.0
239.0 205.0
95.0 109.0
131.0 32.0
52.0 200.0
176.0 182.0
65.0 124.0
111.0 223.0
247.0 227.0
4.0 152.0
132.0 220.0
254.0 246.0
93.0 160.0
106.0 23.0
113.0 220.0
98.0 251.0
188.0 115.0
105.0 131.0
241.0 193.0
67.0 14.0
227.0 187.0
217.0 99.0
224.0 76.0
231.0 133.0
243.0 52.0
243.0 165.0
231.0 42.0
52.0 252.0
110.0 97.0
68.0 64.0
182.0 191.0
197.0 136.0
153.0 212.0
93.0 97.0
210.0 212.0
90.0 6.0
10.0 127.0
157.0 253.0
193.0 155.0
10.0 251.0
98.0 122.0
130.0 42.0
206.0 150.0
193.0 143.0
95.0 58.0
27.0 125.0
45.0 243.0
241.0 168.0
9.0 36.0
10.0 139.0
149.0 188.0
15.0 129.0
29.0 103.0
185.0 82.0
113.0 87.0
92.0 94.0
203.0 117.0
22.0 132.0
115.0 254.0
204.0 120.0
138.0 125.0
81.0 42.0
147.0 164.0
8.0 100.0
64.0 183.0
106.0 225.0
179.0 132.0
54.0 99.0
125.0 170.0
157.0 122.0
138.0 82.0
112.0 72.0
60.0 31.0
161.0 53.0
52.0 36.0
205.0 90.0
110.0 57.0
195.0 95.0
254.0 198.0
208.0 181.0
54.0 46.0
204.0 171.0
32.0 7.0
194.0 178.0
228.0 36.0
232.0 191.0
62.0 31.0
83.0 197.0
180.0 144.0
51.0 135.0
