1
256 1 3.0 0.0 1000.0 3 160 240 100

6.5 13.5 29.3 58.5
13.0 27.0 58.5 117.0
19.5 40.5 87.8 175.5
26.0 54.0 117.0 234.0
39.0 81.0 175.5 351.0
52.0 108.0 234.0 468.0
58.5 121.5 263.3 526.5
65.0 135.0 292.5 585.0
78.0 162.0 351.0 702.0
0.0 180.0 390.0 780.0

2.0 5.0 8.0 11.0
5.0 8.0 11.0 14.0
9.0 12.0 15.0 18.0
11.0 14.0 17.0 20.0
15.0 18.0 21.0 24.0
18.0 21.0 24.0 27.0
20.0 23.0 26.0 29.0
25.0 28.0 31.0 34.0
29.0 32.0 35.0 38.0
0.0 34.0 37.0 40.0

180.0 11.0
221.0 67.0
82.0 157.0
198.0 233.0
237.0 113.0
13.0 14.0
187.0 136.0
114.0 246.0
143.0 204.0
165.0 94.0
143.0 207.0
116.0 10.0
133.0 228.0
90.0 151.0
164.0 192.0
84.0 96.0
217.0 238.0
241.0 232.0
203.0 237.0
48.0 21.0
22.0 173.0
120.0 131.0
123.0 183.0
30.0 33.0
59.0 110.0
230.0 176.0
104.0 224.0
151.0 194.0
54.0 107.0
128.0 153.0
164.0 218.0
150.0 161.0
200.0 15.0
181.0 221.0
187.0 30.0
171.0 27.0
223.0 137.0
161.0 208.0
49.0 40.0
192.0 99.0
123.0 105.0
58.0 159.0
11.0 174.0
246.0 247.0
226.0 107.0
220.0 6.0
206.0 94.0
21.0 179.0
161.0 71.0
211.0 240.0
139.0 177.0
5.0 40.0
146.0 211.0
7.0 215.0
44.0 143.0
10.0 196.0
203.0 26.0
148.0 191.0
237.0 220.0
239.0 82.0
183.0 159.0
235.0 15.0
87.0 211.0
239.0 234.0
214.0 211.0
130.0 48.0
231.0 104.0
133.0 143.0
211.0 163.0
250.0 216.0
160.0 76.0
6.0 40.0
66.0 7.0
69.0 61.0
36.0 38.0
57.0 248.0
138.0 229.0
211.0 180.0
146.0 83.0
154.0 222.0
184.0 10.0
248.0 145.0
84.0 222.0
169.0 153.0
84.0 18.0
91.0 69.0
55.0 18.0
203.0 6.0
5.0 175.0
93.0 156.0
178.0 9.0
91.0 131.0
118.0 13.0
232.0 141.0
148.0 40.0
55.0 51.0
245.0 10.0
17.0 222.0
149.0 118.0
132.0 72.0
61.0 4.0
220.0 120.0
131.0 185.0
3.0 80.0
231.0 96.0
74.0 144.0
80.0 165.0
88.0 147.0
97.0 132.0
64.0 123.0
161.0 172.0
54.0 79.0
48.0 162.0
169.0 102.0
93.0 3.0
89.0 29.0
200.0 245.0
198.0 150.0
159.0 30.0
72.0 46.0
246.0 221.0
89.0 179.0
192.0 132.0
26.0 186.0
125.0 75.0
36.0 135.0
192.0 30.0
219.0 65.0
108.0 26.0
91.0 191.0
179.0 158.0
29.0 225.0
204.0 210.0
93.0 65.0
166.0 185.0
224.0 185.0
233.0 80.0
60.0 90.0
125.0 79.0
5.0 59.0
215.0 150.0
173.0 158.0
74.0 64.0
203.0 113.0
183.0 214.0
216.0 168.0
152.0 125.0
1.0 130.0
55.0 155.0
109.0 99.0
69.0 159.0
51.0 221.0
186.0 226.0
147.0 81.0
38.0 161.0
120.0 195.0
226.0 174.0
79.0 98.0
90.0 74.0
134.0 115.0
159.0 84.0
149.0 184.0
119.0 158.0
247.0 178.0
144.0 70.0
221.0 2.0
54.0 27.0
58.0 16.0
41.0 185.0
125.0 173.0
19.0 216.0
101.0 81.0
243.0 171.0
72.0 226.0
112.0 154.0
240.0 201.0
184.0 187.0
53.0 53.0
182.0 164.0
83.0 211.0
157.0 124.0
59.0 241.0
213.0 135.0
46.0 14.0
63.0 145.0
16.0 151.0
219.0 208.0
196.0 213.0
209.0 67.0
63.0 127.0
235.0 133.0
238.0 179.0
46.0 213.0
35.0 204.0
72.0 151.0
29.0 176.0
207.0 111.0
37.0 191.0
174.0 37.0
241.0 186.0
225.0 158.0
228.0 8.0
232.0 173.0
48.0 39.0
62.0 134.0
191.0 143.0
153.0 28.0
213.0 233.0
62.0 185.0
21.0 120.0
31.0 171.0
199.0 70.0
214.0 143.0
240.0 85.0
234.0 196.0
183.0 230.0
94.0 78.0
180.0 140.0
233.0 166.0
83.0 153.0
116.0 187.0
207.0 67.0
49.0 232.0
1.0 119.0
207.0 153.0
146.0 36.0
197.0 18.0
179.0 134.0
42.0 98.0
53.0 202.0
243.0 174.0
103.0 8.0
212.0 15.0
191.0 46.0
104.0 205.0
142.0 241.0
192.0 29.0
103.0 93.0
224.0 215.0
77.0 109.0
246.0 142.0
133.0 135.0
234.0 169.0
158.0 50.0
128.0 65.0
47.0 72.0
235.0 81.0
59.0 249.0
227.0 21.0
110.0 16.0
72.0 216.0
111.0 29.0
4.0 144.0
248.0 7.0
229.0 214.0
178.0 186.0

185.0 17.0
226.0 72.0
87.0 162.0
203.0 237.0
242.0 118.0
17.0 18.0
191.0 140.0
118.0 251.0
149.0 209.0
171.0 98.0
148.0 212.0
122.0 15.0
139.0 234.0
96.0 157.0
169.0 196.0
90.0 100.0
222.0 243.0
246.0 236.0
207.0 242.0
54.0 27.0
27.0 177.0
125.0 136.0
127.0 189.0
34.0 38.0
64.0 116.0
235.0 180.0
109.0 229.0
155.0 199.0
60.0 112.0
133.0 159.0
170.0 224.0
155.0 167.0
205.0 20.0
185.0 227.0
191.0 35.0
176.0 31.0
228.0 143.0
166.0 212.0
54.0 46.0
197.0 103.0
128.0 110.0
63.0 165.0
15.0 179.0
250.0 252.0
231.0 112.0
225.0 10.0
211.0 100.0
26.0 185.0
166.0 77.0
216.0 245.0
144.0 182.0
11.0 45.0
150.0 216.0
12.0 219.0
49.0 149.0
16.0 200.0
207.0 30.0
154.0 196.0
241.0 225.0
245.0 86.0
188.0 165.0
239.0 21.0
92.0 216.0
244.0 239.0
219.0 217.0
134.0 54.0
235.0 109.0
139.0 148.0
217.0 168.0
256.0 221.0
165.0 81.0
11.0 45.0
72.0 13.0
74.0 65.0
41.0 42.0
63.0 253.0
144.0 234.0
216.0 184.0
150.0 88.0
158.0 226.0
190.0 16.0
252.0 149.0
88.0 227.0
173.0 157.0
89.0 22.0
96.0 75.0
60.0 24.0
208.0 12.0
9.0 181.0
98.0 161.0
183.0 14.0
97.0 136.0
123.0 17.0
236.0 146.0
152.0 44.0
61.0 56.0
250.0 14.0
23.0 228.0
153.0 124.0
137.0 77.0
66.0 8.0
224.0 126.0
135.0 190.0
8.0 84.0
237.0 101.0
79.0 148.0
84.0 170.0
94.0 153.0
103.0 137.0
68.0 129.0
165.0 176.0
59.0 83.0
53.0 167.0
174.0 107.0
98.0 9.0
94.0 35.0
204.0 249.0
203.0 155.0
164.0 34.0
78.0 51.0
252.0 226.0
93.0 184.0
198.0 137.0
32.0 192.0
129.0 79.0
42.0 139.0
196.0 35.0
225.0 70.0
112.0 31.0
96.0 197.0
185.0 163.0
34.0 230.0
210.0 214.0
99.0 71.0
171.0 189.0
230.0 190.0
239.0 84.0
66.0 94.0
130.0 83.0
10.0 63.0
219.0 154.0
178.0 163.0
78.0 69.0
208.0 118.0
189.0 218.0
220.0 174.0
157.0 130.0
7.0 135.0
60.0 160.0
115.0 104.0
74.0 164.0
57.0 226.0
191.0 232.0
153.0 86.0
42.0 167.0
126.0 200.0
232.0 178.0
84.0 103.0
95.0 80.0
140.0 121.0
163.0 89.0
154.0 188.0
124.0 163.0
251.0 184.0
150.0 75.0
225.0 6.0
60.0 32.0
64.0 21.0
46.0 190.0
131.0 178.0
23.0 221.0
105.0 85.0
248.0 175.0
77.0 231.0
116.0 159.0
245.0 206.0
189.0 193.0
57.0 58.0
188.0 169.0
88.0 216.0
163.0 128.0
65.0 245.0
218.0 140.0
51.0 18.0
68.0 149.0
22.0 157.0
223.0 214.0
200.0 219.0
214.0 72.0
69.0 132.0
239.0 138.0
243.0 184.0
51.0 219.0
40.0 210.0
77.0 155.0
34.0 181.0
213.0 116.0
41.0 195.0
179.0 41.0
245.0 190.0
230.0 164.0
233.0 13.0
237.0 177.0
52.0 43.0
66.0 140.0
196.0 148.0
157.0 33.0
219.0 238.0
66.0 190.0
26.0 126.0
35.0 176.0
203.0 75.0
219.0 148.0
246.0 90.0
239.0 200.0
187.0 235.0
99.0 84.0
185.0 145.0
238.0 171.0
89.0 157.0
122.0 192.0
212.0 72.0
54.0 238.0
7.0 124.0
213.0 158.0
151.0 41.0
203.0 22.0
184.0 139.0
48.0 103.0
58.0 208.0
248.0 179.0
108.0 12.0
217.0 20.0
196.0 50.0
109.0 209.0
147.0 247.0
196.0 33.0
107.0 97.0
229.0 221.0
81.0 113.0
252.0 148.0
138.0 140.0
240.0 173.0
164.0 54.0
134.0 71.0
52.0 78.0
239.0 87.0
64.0 254.0
231.0 26.0
115.0 21.0
77.0 221.0
115.0 33.0
9.0 149.0
252.0 12.0
234.0 219.0
183.0 191.0
