1
256 1 3.0 0.0 1000.0 3 160 240 100

6.5 13.5 29.3 58.5
13.0 27.0 58.5 117.0
19.5 40.5 87.8 175.5
26.0 54.0 117.0 234.0
39.0 81.0 175.5 351.0
52.0 108.0 234.0 468.0
58.5 121.5 263.3 526.5
65.0 135.0 292.5 585.0
78.0 162.0 351.0 702.0
0.0 180.0 390.0 780.0

2.0 5.0 8.0 11.0
5.0 8.0 11.0 14.0
9.0 12.0 15.0 18.0
11.0 14.0 17.0 20.0
15.0 18.0 21.0 24.0
18.0 21.0 24.0 27.0
20.0 23.0 26.0 29.0
25.0 28.0 31.0 34.0
29.0 32.0 35.0 38.0
0.0 34.0 37.0 40.0

248.0 204.0
244.0 145.0
9.0 73.0
19.0 232.0
88.0 217.0
86.0 217.0
75.0 176.0
184.0 39.0
207.0 183.0
152.0 153.0
179.0 127.0
89.0 193.0
16.0 231.0
230.0 230.0
185.0 220.0
236.0 192.0
199.0 94.0
196.0 94.0
38.0 162.0
170.0 246.0
240.0 73.0
201.0 239.0
124.0 128.0
248.0 235.0
131.0 225.0
73.0 236.0
106.0 108.0
195.0 243.0
137.0 143.0
45.0 91.0
148.0 157.0
54.0 17.0
241.0 207.0
207.0 98.0
111.0 175.0
156.0 2.0
141.0 181.0
39.0 73.0
136.0 100.0
248.0 54.0
184.0 28.0
152.0 91.0
209.0 129.0
139.0 221.0
100.0 69.0
126.0 89.0
95.0 97.0
2.0 218.0
172.0 113.0
52.0 232.0
22.0 140.0
190.0 203.0
207.0 183.0
164.0 148.0
223.0 10.0
210.0 0.0
188.0 208.0
178.0 165.0
234.0 181.0
222.0 139.0
236.0 65.0
228.0 174.0
44.0 104.0
180.0 73.0
247.0 85.0
7.0 245.0
5.0 249.0
5.0 217.0
92.0 158.0
241.0 114.0
95.0 51.0
152.0 174.0
238.0 54.0
134.0 181.0
187.0 142.0
204.0 23.0
180.0 95.0
147.0 120.0
180.0 236.0
118.0 48.0
59.0 40.0
233.0 2.0
119.0 51.0
237.0 26.0
74.0 66.0
166.0 38.0
191.0 134.0
212.0 207.0
83.0 223.0
82.0 74.0
214.0 218.0
191.0 109.0
8.0 229.0
100.0 213.0
234.0 243.0
160.0 244.0
171.0 237.0
160.0 186.0
129.0 149.0
57.0 169.0
182.0 198.0
201.0 101.0
70.0 85.0
37.0 216.0
10.0 187.0
43.0 194.0
232.0 145.0
16.0 36.0
116.0 85.0
111.0 201.0
121.0 13.0
99.0 89.0
3.0 221.0
122.0 236.0
140.0 143.0
52.0 188.0
85.0 113.0
103.0 42.0
35.0 89.0
161.0 241.0
228.0 176.0
130.0 247.0
66.0 124.0
118.0 47.0
102.0 29.0
143.0 239.0
67.0 15.0
57.0 35.0
209.0 20.0
233.0 49.0
230.0 77.0
114.0 72.0
221.0 92.0
10.0 105.0
20.0 136.0
141.0 196.0
246.0 124.0
183.0 242.0
79.0 28.0
183.0 177.0
151.0 115.0
230.0 82.0
248.0 247.0
119.0 7.0
64.0 86.0
29.0 169.0
79.0 134.0
66.0 204.0
182.0 77.0
73.0 230.0
224.0 218.0
185.0 62.0
13.0 117.0
150.0 184.0
56.0 88.0
19.0 206.0
171.0 36.0
110.0 31.0
168.0 179.0
218.0 89.0
96.0 246.0
92.0 239.0
109.0 82.0
47.0 54.0
95.0 119.0
88.0 4.0
241.0 19.0
43.0 80.0
45.0 83.0
221.0 25.0
85.0 93.0
193.0 96.0
166.0 64.0
109.0 132.0
45.0 199.0
12.0 232.0
219.0 145.0
189.0 189.0
111.0 218.0
147.0 130.0
6.0 75.0
130.0 104.0
193.0 118.0
133.0 203.0
59.0 243.0
209.0 101.0
193.0 84.0
163.0 194.0
131.0 247.0
21.0 115.0
189.0 59.0
23.0 186.0
113.0 188.0
151.0 188.0
128.0 63.0
38.0 165.0
11.0 48.0
185.0 238.0
116.0 177.0
174.0 33.0
109.0 51.0
186.0 84.0
225.0 50.0
160.0 172.0
175.0 109.0
244.0 95.0
143.0 69.0
18.0 205.0
110.0 241.0
8.0 86.0
91.0 59.0
107.0 69.0
143.0 88.0
34.0 99.0
89.0 141.0
73.0 23.0
214.0 143.0
110.0 176.0
230.0 123.0
71.0 225.0
159.0 86.0
162.0 12.0
57.0 46.0
138.0 240.0
77.0 72.0
122.0 109.0
200.0 14.0
87.0 121.0
249.0 133.0
133.0 54.0
119.0 182.0
55.0 169.0
244.0 33.0
216.0 52.0
92.0 22.0
74.0 15.0
77.0 230.0
27.0 83.0
77.0 3.0
36.0 131.0
46.0 50.0
69.0 54.0
58.0 46.0
194.0 165.0
128.0 209.0
249.0 88.0
23.0 143.0
47.0 206.0
54.0 54.0
142.0 57.0
165.0 1.0
17.0 117.0
190.0 151.0
90.0 240.0
224.0 100.0
9.0 56.0

253.0 208.0
248.0 150.0
14.0 77.0
25.0 238.0
93.0 222.0
91.0 223.0
80.0 180.0
190.0 45.0
213.0 188.0
157.0 157.0
184.0 133.0
95.0 198.0
21.0 236.0
235.0 236.0
189.0 226.0
241.0 197.0
204.0 99.0
202.0 99.0
43.0 167.0
176.0 251.0
244.0 78.0
206.0 244.0
129.0 133.0
252.0 240.0
137.0 230.0
79.0 241.0
111.0 113.0
199.0 247.0
141.0 147.0
50.0 96.0
152.0 162.0
58.0 22.0
245.0 213.0
212.0 103.0
115.0 180.0
160.0 7.0
147.0 186.0
44.0 77.0
141.0 105.0
253.0 60.0
190.0 33.0
157.0 96.0
213.0 133.0
143.0 227.0
106.0 73.0
130.0 94.0
99.0 102.0
6.0 222.0
177.0 117.0
56.0 238.0
27.0 145.0
195.0 208.0
212.0 188.0
169.0 153.0
229.0 15.0
216.0 5.0
194.0 213.0
182.0 171.0
238.0 185.0
226.0 144.0
242.0 69.0
232.0 179.0
49.0 109.0
185.0 78.0
252.0 90.0
11.0 251.0
11.0 254.0
10.0 223.0
98.0 163.0
246.0 120.0
100.0 56.0
156.0 179.0
243.0 58.0
139.0 186.0
192.0 146.0
209.0 28.0
186.0 99.0
152.0 125.0
184.0 242.0
123.0 54.0
65.0 44.0
238.0 6.0
124.0 55.0
241.0 32.0
80.0 71.0
171.0 43.0
196.0 139.0
217.0 212.0
89.0 228.0
88.0 79.0
219.0 223.0
196.0 114.0
13.0 235.0
104.0 219.0
239.0 249.0
165.0 249.0
176.0 241.0
164.0 191.0
134.0 154.0
61.0 174.0
186.0 203.0
205.0 106.0
75.0 89.0
43.0 221.0
14.0 192.0
48.0 200.0
238.0 150.0
21.0 40.0
120.0 90.0
116.0 206.0
126.0 17.0
104.0 95.0
8.0 227.0
127.0 241.0
146.0 147.0
58.0 192.0
90.0 117.0
108.0 48.0
39.0 94.0
167.0 246.0
232.0 182.0
136.0 252.0
72.0 130.0
122.0 51.0
107.0 34.0
147.0 245.0
73.0 20.0
63.0 40.0
213.0 26.0
238.0 55.0
234.0 82.0
119.0 76.0
226.0 96.0
14.0 110.0
25.0 141.0
146.0 200.0
251.0 129.0
187.0 246.0
84.0 34.0
189.0 181.0
156.0 120.0
234.0 87.0
254.0 251.0
124.0 12.0
68.0 90.0
34.0 174.0
83.0 138.0
71.0 209.0
187.0 81.0
78.0 235.0
229.0 223.0
191.0 67.0
19.0 122.0
154.0 190.0
61.0 94.0
23.0 211.0
176.0 41.0
116.0 36.0
172.0 184.0
223.0 94.0
101.0 251.0
97.0 244.0
113.0 87.0
53.0 58.0
101.0 125.0
94.0 8.0
247.0 23.0
48.0 86.0
51.0 88.0
225.0 31.0
89.0 98.0
198.0 101.0
170.0 68.0
114.0 137.0
50.0 203.0
16.0 236.0
224.0 149.0
193.0 195.0
116.0 222.0
152.0 135.0
11.0 80.0
135.0 110.0
198.0 122.0
139.0 208.0
65.0 248.0
213.0 107.0
198.0 88.0
169.0 198.0
136.0 252.0
25.0 120.0
193.0 64.0
28.0 191.0
119.0 192.0
157.0 192.0
134.0 68.0
43.0 171.0
17.0 53.0
190.0 244.0
121.0 181.0
180.0 37.0
113.0 57.0
192.0 88.0
230.0 55.0
164.0 176.0
180.0 115.0
248.0 99.0
149.0 74.0
23.0 210.0
114.0 245.0
12.0 90.0
96.0 64.0
112.0 75.0
147.0 92.0
38.0 105.0
94.0 147.0
78.0 28.0
219.0 148.0
115.0 180.0
234.0 127.0
77.0 229.0
164.0 91.0
166.0 17.0
62.0 50.0
142.0 245.0
82.0 78.0
127.0 115.0
204.0 18.0
93.0 126.0
254.0 138.0
138.0 58.0
125.0 186.0
59.0 173.0
250.0 39.0
221.0 57.0
97.0 27.0
80.0 19.0
82.0 236.0
31.0 88.0
82.0 8.0
42.0 136.0
51.0 54.0
75.0 59.0
63.0 51.0
198.0 170.0
134.0 214.0
253.0 93.0
28.0 148.0
53.0 210.0
58.0 58.0
146.0 61.0
170.0 6.0
23.0 122.0
196.0 157.0
96.0 244.0
228.0 106.0
15.0 62.0
