1
256 1 3.0 0.0 1000.0 3 160 240 100

6.5 13.5 29.3 58.5
13.0 27.0 58.5 117.0
19.5 40.5 87.8 175.5
26.0 54.0 117.0 234.0
39.0 81.0 175.5 351.0
52.0 108.0 234.0 468.0
58.5 121.5 263.3 526.5
65.0 135.0 292.5 585.0
78.0 162.0 351.0 702.0
0.0 180.0 390.0 780.0

2.0 5.0 8.0 11.0
5.0 8.0 11.0 14.0
9.0 12.0 15.0 18.0
11.0 14.0 17.0 20.0
15.0 18.0 21.0 24.0
18.0 21.0 24.0 27.0
20.0 23.0 26.0 29.0
25.0 28.0 31.0 34.0
29.0 32.0 35.0 38.0
0.0 34.0 37.0 40.0

189.0 158.0
201.0 195.0
7.0 11.0
164.0 187.0
222.0 79.0
108.0 110.0
150.0 65.0
22.0 48.0
132.0 197.0
158.0 39.0
174.0 146.0
28.0 186.0
142.0 156.0
101.0 122.0
213.0 166.0
175.0 130.0
47.0 34.0
203.0 75.0
39.0 30.0
172.0 73.0
242.0 62.0
182.0 169.0
162.0 196.0
217.0 90.0
183.0 55.0
105.0 210.0
172.0 17.0
52.0 164.0
149.0 199.0
124.0 141.0
207.0 244.0
163.0 149.0
187.0 49.0
171.0 157.0
159.0 56.0
248.0 54.0
110.0 125.0
244.0 179.0
246.0 249.0
99.0 5.0
183.0 227.0
150.0 92.0
81.0 212.0
247.0 29.0
101.0 98.0
90.0 103.0
112.0 55.0
7.0 26.0
167.0 49.0
199.0 104.0
46.0 18.0
54.0 45.0
3.0 186.0
182.0 155.0
148.0 43.0
144.0 10.0
215.0 106.0
156.0 223.0
35.0 123.0
110.0 7.0
91.0 184.0
77.0 47.0
81.0 60.0
3.0 1.0
1.0 82.0
135.0 1.0
68.0 9.0
20.0 128.0
85.0 100.0
234.0 84.0
213.0 171.0
65.0 168.0
133.0 6.0
177.0 161.0
173.0 26.0
99.0 85.0
15.0 197.0
202.0 84.0
181.0 219.0
129.0 3.0
43.0 90.0
214.0 54.0
170.0 228.0
228.0 248.0
142.0 104.0
117.0 123.0
17.0 196.0
199.0 75.0
197.0 110.0
98.0 182.0
24.0 31.0
18.0 213.0
206.0 232.0
6.0 87.0
30.0 182.0
178.0 96.0
116.0 109.0
189.0 31.0
1.0 178.0
47.0 156.0
215.0 11.0
165.0 39.0
250.0 92.0
138.0 58.0
204.0 164.0
11.0 221.0
143.0 21.0
146.0 244.0
70.0 182.0
86.0 144.0
177.0 237.0
138.0 171.0
147.0 209.0
214.0 211.0
51.0 110.0
12.0 107.0
231.0 158.0
208.0 161.0
102.0 196.0
114.0 122.0
120.0 174.0
102.0 73.0
237.0 100.0
121.0 132.0
215.0 189.0
225.0 246.0
234.0 4.0
79.0 143.0
53.0 191.0
227.0 77.0
32.0 218.0
211.0 54.0
139.0 100.0
206.0 68.0
142.0 148.0
131.0 143.0
217.0 101.0
34.0 85.0
56.0 40.0
75.0 126.0
89.0 82.0
30.0 236.0
11.0 131.0
34.0 149.0
118.0 35.0
84.0 12.0
10.0 86.0
165.0 91.0
40.0 55.0
132.0 41.0
204.0 90.0
97.0 65.0
202.0 54.0
77.0 100.0
18.0 222.0
13.0 218.0
104.0 80.0
61.0 5.0
146.0 238.0
131.0 238.0
129.0 94.0
192.0 247.0
40.0 131.0
210.0 154.0
71.0 99.0
105.0 3.0
15.0 108.0
206.0 93.0
101.0 237.0
242.0 157.0
96.0 87.0
200.0 85.0
29.0 229.0
217.0 185.0
242.0 114.0
228.0 71.0
9.0 35.0
138.0 50.0
49.0 51.0
134.0 211.0
38.0 115.0
21.0 219.0
83.0 178.0
74.0 140.0
141.0 147.0
166.0 181.0
202.0 75.0
41.0 34.0
116.0 104.0
115.0 94.0
245.0 162.0
43.0 113.0
200.0 42.0
77.0 177.0
214.0 19.0
55.0 209.0
46.0 230.0
190.0 236.0
79.0 116.0
118.0 24.0
135.0 13.0
241.0 182.0
67.0 77.0
214.0 202.0
234.0 3.0
223.0 185.0
81.0 92.0
40.0 80.0
42.0 4.0
111.0 67.0
103.0 125.0
58.0 20.0
138.0 21.0
214.0 84.0
215.0 16.0
193.0 160.0
113.0 247.0
0.0 199.0
123.0 123.0
54.0 245.0
5.0 139.0
250.0 236.0
37.0 121.0
58.0 136.0
163.0 216.0
174.0 32.0
49.0 79.0
73.0 137.0
172.0 202.0
122.0 217.0
135.0 199.0
220.0 6.0
205.0 138.0
249.0 245.0
141.0 84.0
185.0 40.0
181.0 89.0
17.0 52.0
141.0 162.0
197.0 85.0
104.0 71.0
163.0 209.0
39.0 149.0
14.0 116.0
205.0 72.0
4.0 210.0
39.0 161.0
73.0 11.0
24.0 44.0
198.0 3.0
107.0 113.0
154.0 125.0
34.0 237.0
100.0 153.0
51.0 25.0
200.0 66.0

194.0 163.0
206.0 200.0
13.0 15.0
168.0 191.0
228.0 85.0
112.0 116.0
154.0 70.0
26.0 53.0
136.0 202.0
163.0 44.0
179.0 151.0
34.0 191.0
147.0 162.0
106.0 126.0
218.0 170.0
181.0 136.0
52.0 38.0
208.0 79.0
44.0 35.0
177.0 78.0
247.0 66.0
186.0 174.0
166.0 202.0
221.0 95.0
188.0 60.0
110.0 214.0
177.0 22.0
57.0 168.0
154.0 205.0
129.0 146.0
212.0 249.0
168.0 155.0
192.0 54.0
175.0 161.0
164.0 62.0
253.0 60.0
115.0 130.0
250.0 183.0
251.0 254.0
104.0 9.0
188.0 232.0
155.0 97.0
86.0 217.0
252.0 34.0
106.0 103.0
95.0 108.0
117.0 61.0
12.0 31.0
172.0 54.0
204.0 109.0
52.0 24.0
60.0 50.0
8.0 192.0
187.0 161.0
152.0 48.0
149.0 15.0
220.0 111.0
162.0 228.0
41.0 129.0
115.0 12.0
96.0 189.0
82.0 53.0
86.0 66.0
8.0 5.0
6.0 86.0
140.0 6.0
74.0 15.0
25.0 134.0
89.0 106.0
239.0 88.0
218.0 177.0
70.0 172.0
139.0 11.0
181.0 166.0
178.0 30.0
104.0 91.0
20.0 201.0
207.0 89.0
185.0 223.0
133.0 8.0
48.0 95.0
219.0 60.0
175.0 234.0
232.0 252.0
148.0 109.0
121.0 127.0
23.0 200.0
205.0 80.0
202.0 114.0
103.0 187.0
30.0 36.0
23.0 218.0
210.0 238.0
10.0 91.0
35.0 187.0
183.0 101.0
121.0 114.0
194.0 37.0
7.0 183.0
52.0 161.0
221.0 15.0
170.0 44.0
255.0 97.0
143.0 63.0
208.0 169.0
16.0 226.0
149.0 25.0
150.0 249.0
75.0 187.0
90.0 150.0
181.0 242.0
144.0 177.0
152.0 214.0
219.0 216.0
56.0 114.0
18.0 112.0
236.0 162.0
213.0 166.0
107.0 201.0
120.0 127.0
125.0 179.0
107.0 78.0
242.0 106.0
127.0 137.0
220.0 193.0
230.0 252.0
240.0 9.0
84.0 147.0
58.0 197.0
233.0 81.0
37.0 222.0
216.0 59.0
144.0 105.0
211.0 72.0
148.0 153.0
136.0 148.0
222.0 105.0
40.0 90.0
61.0 46.0
80.0 131.0
93.0 87.0
35.0 241.0
16.0 136.0
39.0 153.0
123.0 39.0
89.0 17.0
16.0 90.0
169.0 96.0
45.0 60.0
137.0 45.0
210.0 96.0
102.0 69.0
207.0 59.0
81.0 105.0
24.0 226.0
19.0 223.0
109.0 85.0
66.0 10.0
150.0 242.0
137.0 243.0
134.0 99.0
196.0 252.0
46.0 136.0
215.0 160.0
76.0 105.0
110.0 8.0
20.0 113.0
212.0 98.0
107.0 241.0
247.0 162.0
102.0 91.0
205.0 89.0
34.0 234.0
222.0 191.0
247.0 119.0
233.0 77.0
13.0 40.0
144.0 55.0
53.0 56.0
139.0 217.0
43.0 120.0
26.0 223.0
88.0 182.0
79.0 145.0
145.0 152.0
172.0 186.0
207.0 80.0
47.0 38.0
120.0 108.0
120.0 99.0
251.0 167.0
48.0 117.0
204.0 47.0
81.0 183.0
219.0 23.0
61.0 214.0
50.0 235.0
196.0 241.0
84.0 121.0
124.0 29.0
139.0 17.0
245.0 188.0
72.0 82.0
218.0 208.0
238.0 8.0
228.0 191.0
86.0 97.0
46.0 85.0
47.0 10.0
117.0 72.0
109.0 130.0
63.0 24.0
142.0 25.0
218.0 90.0
220.0 21.0
198.0 165.0
118.0 251.0
5.0 204.0
128.0 128.0
60.0 251.0
10.0 144.0
256.0 242.0
41.0 125.0
64.0 141.0
168.0 221.0
178.0 36.0
55.0 83.0
78.0 142.0
178.0 206.0
128.0 221.0
139.0 204.0
224.0 10.0
209.0 143.0
255.0 250.0
146.0 89.0
189.0 44.0
185.0 95.0
21.0 57.0
146.0 167.0
202.0 90.0
109.0 76.0
169.0 215.0
43.0 153.0
19.0 122.0
210.0 78.0
9.0 216.0
44.0 166.0
78.0 16.0
30.0 48.0
202.0 7.0
111.0 118.0
159.0 130.0
38.0 243.0
104.0 158.0
57.0 30.0
205.0 70.0
