1
256 1 3.0 0.0 1000.0 3 160 240 100

6.5 13.5 29.3 58.5
13.0 27.0 58.5 117.0
19.5 40.5 87.8 175.5
26.0 54.0 117.0 234.0
39.0 81.0 175.5 351.0
52.0 108.0 234.0 468.0
58.5 121.5 263.3 526.5
65.0 135.0 292.5 585.0
78.0 162.0 351.0 702.0
0.0 180.0 390.0 780.0

2.0 5.0 8.0 11.0
5.0 8.0 11.0 14.0
9.0 12.0 15.0 18.0
11.0 14.0 17.0 20.0
15.0 18.0 21.0 24.0
18.0 21.0 24.0 27.0
20.0 23.0 26.0 29.0
25.0 28.0 31.0 34.0
29.0 32.0 35.0 38.0
0.0 34.0 37.0 40.0

196.0 155.0
198.0 239.0
55.0 43.0
9.0 43.0
115.0 219.0
123.0 213.0
140.0 242.0
83.0 141.0
99.0 60.0
107.0 131.0
106.0 212.0
71.0 233.0
54.0 119.0
71.0 59.0
98.0 246.0
39.0 130.0
26.0 237.0
184.0 154.0
51.0 191.0
104.0 169.0
163.0 59.0
243.0 75.0
234.0 193.0
137.0 109.0
112.0 160.0
4.0 157.0
33.0 229.0
7.0 100.0
219.0 12.0
107.0 199.0
99.0 45.0
218.0 86.0
161.0 171.0
207.0 11.0
242.0 126.0
69.0 18.0
134.0 65.0
199.0 83.0
198.0 73.0
218.0 12.0
225.0 243.0
147.0 6.0
129.0 13.0
14.0 66.0
77.0 221.0
57.0 20.0
2.0 168.0
238.0 218.0
4.0 55.0
108.0 60.0
200.0 199.0
107.0 15.0
144.0 249.0
218.0 182.0
12.0 216.0
185.0 174.0
52.0 137.0
80.0 240.0
108.0 67.0
69.0 52.0
98.0 110.0
25.0 179.0
136.0 32.0
218.0 57.0
43.0 63.0
104.0 97.0
64.0 50.0
63.0 126.0
172.0 185.0
1.0 167.0
134.0 107.0
13.0 132.0
108.0 221.0
167.0 65.0
64.0 153.0
234.0 116.0
180.0 75.0
30.0 30.0
119.0 174.0
84.0 197.0
226.0 137.0
174.0 165.0
170.0 51.0
64.0 53.0
194.0 204.0
105.0 122.0
127.0 75.0
174.0 86.0
184.0 116.0
223.0 32.0
110.0 240.0
42.0 154.0
34.0 243.0
137.0 66.0
242.0 200.0
201.0 240.0
97.0 189.0
192.0 244.0
186.0 3.0
143.0 181.0
67.0 89.0
76.0 122.0
44.0 236.0
21.0 89.0
238.0 131.0
148.0 225.0
3.0 196.0
125.0 91.0
70.0 165.0
95.0 115.0
104.0 226.0
5.0 244.0
183.0 38.0
57.0 199.0
246.0 80.0
129.0 23.0
158.0 22.0
84.0 174.0
61.0 193.0
172.0 0.0
20.0 212.0
62.0 214.0
34.0 235.0
101.0 77.0
23.0 14.0
214.0 37.0
241.0 75.0
141.0 162.0
118.0 114.0
76.0 226.0
78.0 22.0
25.0 166.0
231.0 27.0
52.0 165.0
109.0 227.0
141.0 171.0
210.0 130.0
183.0 244.0
156.0 114.0
207.0 181.0
91.0 28.0
1.0 170.0
13.0 225.0
88.0 47.0
36.0 146.0
101.0 43.0
145.0 88.0
143.0 213.0
77.0 167.0
42.0 55.0
9.0 246.0
221.0 148.0
50.0 185.0
214.0 183.0
120.0 76.0
178.0 91.0
68.0 204.0
44.0 20.0
233.0 0.0
49.0 237.0
193.0 111.0
158.0 93.0
18.0 240.0
239.0 233.0
149.0 237.0
136.0 73.0
100.0 229.0
117.0 114.0
223.0 143.0
225.0 219.0
105.0 45.0
131.0 56.0
223.0 249.0
140.0 212.0
53.0 17.0
77.0 58.0
110.0 180.0
79.0 232.0
16.0 101.0
140.0 202.0
191.0 214.0
69.0 163.0
129.0 167.0
80.0 86.0
243.0 189.0
33.0 51.0
102.0 72.0
201.0 78.0
186.0 18.0
184.0 184.0
94.0 133.0
216.0 16.0
199.0 160.0
139.0 177.0
88.0 139.0
132.0 202.0
127.0 195.0
115.0 180.0
127.0 18.0
38.0 106.0
79.0 117.0
89.0 89.0
48.0 32.0
171.0 116.0
80.0 217.0
46.0 131.0
81.0 137.0
126.0 241.0
149.0 193.0
185.0 202.0
191.0 120.0
90.0 113.0
187.0 102.0
213.0 82.0
44.0 141.0
231.0 192.0
47.0 25.0
109.0 144.0
208.0 67.0
105.0 23.0
153.0 89.0
209.0 199.0
224.0 199.0
220.0 186.0
56.0 199.0
20.0 83.0
180.0 48.0
113.0 61.0
45.0 117.0
107.0 129.0
135.0 1.0
91.0 31.0
184.0 16.0
204.0 130.0
56.0 31.0
232.0 244.0
161.0 120.0
147.0 185.0
104.0 63.0
46.0 69.0
60.0 70.0
37.0 43.0
183.0 116.0
156.0 112.0
199.0 135.0
225.0 78.0
88.0 107.0
127.0 173.0
139.0 136.0
17.0 4.0
160.0 190.0
76.0 15.0
2.0 224.0
211.0 228.0
52.0 242.0
169.0 71.0

202.0 159.0
203.0 244.0
60.0 48.0
14.0 49.0
121.0 224.0
128.0 219.0
145.0 247.0
87.0 147.0
104.0 65.0
112.0 135.0
110.0 216.0
77.0 239.0
60.0 124.0
75.0 64.0
103.0 250.0
43.0 136.0
32.0 241.0
188.0 159.0
56.0 196.0
109.0 175.0
169.0 63.0
248.0 81.0
240.0 198.0
141.0 115.0
117.0 165.0
8.0 163.0
38.0 235.0
12.0 105.0
224.0 17.0
112.0 204.0
103.0 49.0
224.0 90.0
165.0 177.0
213.0 15.0
247.0 131.0
75.0 23.0
138.0 71.0
203.0 88.0
203.0 79.0
222.0 16.0
230.0 248.0
151.0 10.0
135.0 17.0
20.0 72.0
82.0 225.0
63.0 24.0
7.0 173.0
243.0 223.0
9.0 60.0
114.0 65.0
205.0 205.0
112.0 20.0
149.0 253.0
223.0 187.0
17.0 222.0
190.0 179.0
57.0 143.0
84.0 245.0
112.0 72.0
74.0 56.0
104.0 115.0
31.0 184.0
141.0 37.0
222.0 62.0
47.0 69.0
109.0 103.0
69.0 56.0
69.0 131.0
177.0 189.0
7.0 172.0
140.0 112.0
17.0 137.0
113.0 226.0
172.0 70.0
69.0 158.0
238.0 121.0
185.0 80.0
35.0 35.0
123.0 180.0
89.0 202.0
231.0 143.0
180.0 171.0
174.0 57.0
70.0 57.0
199.0 208.0
110.0 126.0
132.0 79.0
180.0 91.0
188.0 122.0
229.0 38.0
116.0 246.0
47.0 159.0
40.0 249.0
143.0 70.0
248.0 205.0
205.0 245.0
102.0 193.0
198.0 248.0
192.0 8.0
147.0 186.0
72.0 94.0
80.0 126.0
50.0 240.0
26.0 94.0
242.0 137.0
152.0 230.0
7.0 201.0
130.0 96.0
75.0 170.0
100.0 119.0
109.0 230.0
10.0 249.0
187.0 43.0
63.0 204.0
250.0 84.0
133.0 29.0
162.0 28.0
89.0 180.0
66.0 197.0
177.0 6.0
25.0 216.0
68.0 220.0
40.0 240.0
105.0 82.0
28.0 19.0
220.0 43.0
246.0 79.0
146.0 167.0
124.0 119.0
81.0 231.0
83.0 26.0
30.0 170.0
237.0 32.0
57.0 170.0
115.0 232.0
147.0 177.0
215.0 136.0
188.0 249.0
161.0 119.0
211.0 185.0
95.0 34.0
5.0 176.0
18.0 229.0
92.0 51.0
40.0 150.0
106.0 48.0
151.0 94.0
148.0 217.0
83.0 172.0
47.0 60.0
14.0 251.0
227.0 152.0
55.0 191.0
219.0 188.0
126.0 82.0
182.0 97.0
72.0 209.0
48.0 24.0
238.0 5.0
54.0 241.0
197.0 116.0
164.0 98.0
23.0 246.0
243.0 238.0
154.0 242.0
141.0 77.0
106.0 234.0
122.0 119.0
228.0 148.0
229.0 225.0
110.0 50.0
136.0 60.0
229.0 254.0
144.0 216.0
58.0 22.0
82.0 64.0
115.0 185.0
85.0 238.0
21.0 107.0
145.0 207.0
197.0 219.0
75.0 168.0
134.0 173.0
85.0 90.0
247.0 194.0
39.0 56.0
106.0 77.0
207.0 83.0
191.0 22.0
190.0 189.0
98.0 139.0
221.0 21.0
205.0 166.0
144.0 182.0
93.0 143.0
137.0 206.0
133.0 200.0
120.0 186.0
132.0 22.0
44.0 112.0
84.0 122.0
94.0 95.0
53.0 36.0
175.0 121.0
86.0 223.0
51.0 137.0
86.0 141.0
131.0 245.0
153.0 198.0
189.0 207.0
195.0 124.0
95.0 119.0
193.0 107.0
218.0 87.0
49.0 146.0
236.0 196.0
51.0 29.0
113.0 150.0
213.0 71.0
110.0 28.0
159.0 94.0
214.0 204.0
229.0 204.0
225.0 191.0
60.0 203.0
25.0 88.0
186.0 52.0
118.0 65.0
51.0 121.0
113.0 134.0
141.0 6.0
95.0 36.0
190.0 22.0
209.0 135.0
61.0 36.0
237.0 249.0
166.0 126.0
151.0 189.0
109.0 68.0
51.0 74.0
66.0 74.0
42.0 47.0
187.0 121.0
161.0 118.0
204.0 140.0
230.0 82.0
92.0 111.0
133.0 177.0
145.0 141.0
22.0 10.0
164.0 195.0
82.0 20.0
8.0 229.0
215.0 233.0
58.0 247.0
175.0 76.0
