1
256 1 3.0 0.0 1000.0 3 160 240 100

6.5 13.5 29.3 58.5
13.0 27.0 58.5 117.0
19.5 40.5 87.8 175.5
26.0 54.0 117.0 234.0
39.0 81.0 175.5 351.0
52.0 108.0 234.0 468.0
58.5 121.5 263.3 526.5
65.0 135.0 292.5 585.0
78.0 162.0 351.0 702.0
0.0 180.0 390.0 780.0

2.0 5.0 8.0 11.0
5.0 8.0 11.0 14.0
9.0 12.0 15.0 18.0
11.0 14.0 17.0 20.0
15.0 18.0 21.0 24.0
18.0 21.0 24.0 27.0
20.0 23.0 26.0 29.0
25.0 28.0 31.0 34.0
29.0 32.0 35.0 38.0
0.0 34.0 37.0 40.0

127.0 75.0
97.0 131.0
183.0 5.0
115.0 171.0
220.0 181.0
20.0 37.0
237.0 124.0
226.0 133.0
107.0 70.0
53.0 203.0
171.0 156.0
162.0 199.0
126.0 49.0
202.0 1.0
161.0 79.0
125.0 56.0
92.0 222.0
210.0 53.0
47.0 97.0
132.0 109.0
86.0 206.0
243.0 206.0
194.0 205.0
32.0 194.0
151.0 66.0
36.0 20.0
79.0 30.0
64.0 100.0
64.0 96.0
129.0 116.0
12.0 78.0
56.0 40.0
27.0 74.0
64.0 37.0
86.0 26.0
147.0 177.0
169.0 100.0
170.0 229.0
8.0 153.0
161.0 95.0
226.0 170.0
54.0 26.0
162.0 64.0
9.0 73.0
24.0 79.0
189.0 7.0
46.0 74.0
233.0 62.0
154.0 56.0
201.0 107.0
206.0 114.0
80.0 213.0
186.0 235.0
11.0 108.0
27.0 52.0
221.0 103.0
79.0 102.0
166.0 120.0
28.0 44.0
3.0 14.0
138.0 31.0
30.0 199.0
19.0 45.0
86.0 160.0
152.0 45.0
166.0 210.0
3.0 92.0
119.0 223.0
90.0 170.0
73.0 65.0
197.0 11.0
60.0 79.0
232.0 6.0
124.0 221.0
46.0 139.0
12.0 86.0
92.0 146.0
91.0 39.0
101.0 216.0
225.0 61.0
39.0 64.0
138.0 160.0
148.0 54.0
108.0 72.0
209.0 96.0
148.0 242.0
198.0 109.0
148.0 165.0
107.0 145.0
7.0 213.0
223.0 98.0
99.0 159.0
10.0 224.0
234.0 137.0
13.0 6.0
77.0 126.0
54.0 225.0
68.0 86.0
19.0 142.0
172.0 186.0
121.0 31.0
138.0 143.0
72.0 89.0
211.0 238.0
166.0 93.0
104.0 145.0
90.0 196.0
52.0 11.0
87.0 112.0
127.0 64.0
155.0 218.0
16.0 45.0
40.0 178.0
55.0 128.0
83.0 250.0
106.0 242.0
47.0 14.0
195.0 79.0
112.0 53.0
116.0 100.0
42.0 186.0
48.0 170.0
84.0 180.0
17.0 19.0
223.0 156.0
124.0 47.0
243.0 240.0
244.0 32.0
78.0 55.0
234.0 130.0
29.0 214.0
7.0 115.0
223.0 57.0
102.0 118.0
239.0 159.0
250.0 176.0
172.0 214.0
197.0 245.0
179.0 212.0
135.0 103.0
153.0 139.0
155.0 165.0
188.0 235.0
178.0 19.0
116.0 163.0
159.0 84.0
152.0 8.0
153.0 75.0
42.0 80.0
151.0 23.0
139.0 63.0
153.0 205.0
176.0 114.0
17.0 75.0
23.0 66.0
171.0 180.0
82.0 233.0
101.0 43.0
233.0 91.0
81.0 104.0
109.0 184.0
180.0 82.0
235.0 193.0
141.0 227.0
179.0 114.0
34.0 205.0
143.0 120.0
156.0 192.0
246.0 170.0
218.0 58.0
67.0 73.0
148.0 97.0
66.0 191.0
180.0 49.0
81.0 113.0
192.0 246.0
142.0 117.0
83.0 2.0
179.0 106.0
17.0 214.0
231.0 245.0
218.0 163.0
111.0 72.0
6.0 98.0
26.0 208.0
131.0 230.0
200.0 66.0
230.0 86.0
149.0 40.0
81.0 238.0
32.0 220.0
116.0 208.0
73.0 221.0
217.0 211.0
143.0 63.0
157.0 155.0
94.0 56.0
83.0 180.0
66.0 0.0
6.0 38.0
241.0 36.0
95.0 211.0
128.0 76.0
103.0 206.0
241.0 33.0
97.0 45.0
114.0 139.0
199.0 4.0
159.0 217.0
132.0 6.0
168.0 46.0
156.0 96.0
100.0 77.0
53.0 21.0
73.0 17.0
143.0 225.0
88.0 146.0
89.0 151.0
14.0 27.0
111.0 38.0
1.0 85.0
2.0 237.0
215.0 104.0
164.0 96.0
190.0 228.0
208.0 63.0
68.0 156.0
202.0 202.0
146.0 225.0
229.0 126.0
128.0 210.0
223.0 166.0
110.0 154.0
115.0 172.0
105.0 180.0
138.0 129.0
224.0 229.0
193.0 102.0
219.0 44.0
245.0 84.0
123.0 226.0
38.0 127.0
57.0 52.0
217.0 203.0
82.0 5.0
21.0 54.0
34.0 89.0
3.0 105.0
87.0 249.0
80.0 68.0
114.0 80.0
239.0 190.0
220.0 53.0
66.0 146.0
135.0 37.0
69.0 157.0

133.0 80.0
101.0 136.0
189.0 11.0
119.0 176.0
224.0 186.0
25.0 42.0
241.0 129.0
231.0 138.0
112.0 75.0
59.0 207.0
176.0 161.0
167.0 204.0
131.0 54.0
207.0 5.0
167.0 83.0
130.0 62.0
96.0 227.0
215.0 58.0
53.0 101.0
137.0 114.0
91.0 211.0
249.0 211.0
199.0 209.0
37.0 199.0
157.0 72.0
41.0 24.0
85.0 35.0
69.0 106.0
69.0 102.0
133.0 120.0
17.0 83.0
61.0 45.0
32.0 80.0
69.0 41.0
91.0 30.0
151.0 181.0
173.0 104.0
174.0 235.0
14.0 158.0
165.0 99.0
231.0 176.0
59.0 32.0
167.0 70.0
14.0 78.0
30.0 83.0
195.0 12.0
50.0 80.0
238.0 67.0
158.0 61.0
205.0 112.0
211.0 118.0
86.0 218.0
191.0 240.0
16.0 113.0
33.0 57.0
226.0 108.0
84.0 108.0
171.0 124.0
34.0 48.0
7.0 18.0
142.0 35.0
34.0 205.0
25.0 50.0
92.0 165.0
157.0 50.0
170.0 216.0
7.0 97.0
124.0 229.0
96.0 175.0
77.0 70.0
203.0 15.0
65.0 84.0
238.0 10.0
128.0 226.0
51.0 145.0
16.0 91.0
96.0 152.0
96.0 44.0
107.0 222.0
230.0 67.0
43.0 70.0
143.0 164.0
152.0 59.0
113.0 77.0
213.0 101.0
152.0 247.0
202.0 115.0
153.0 170.0
111.0 151.0
11.0 218.0
228.0 104.0
103.0 163.0
14.0 228.0
239.0 142.0
17.0 10.0
81.0 132.0
60.0 231.0
73.0 91.0
23.0 147.0
178.0 191.0
126.0 35.0
144.0 148.0
77.0 95.0
215.0 243.0
170.0 99.0
109.0 150.0
96.0 201.0
57.0 15.0
91.0 117.0
132.0 69.0
160.0 223.0
21.0 51.0
44.0 183.0
59.0 132.0
88.0 255.0
110.0 247.0
52.0 18.0
200.0 83.0
117.0 58.0
120.0 106.0
46.0 191.0
53.0 176.0
88.0 185.0
23.0 23.0
228.0 161.0
129.0 52.0
249.0 245.0
250.0 38.0
83.0 60.0
240.0 135.0
34.0 219.0
12.0 121.0
229.0 61.0
108.0 123.0
245.0 163.0
256.0 181.0
177.0 219.0
202.0 250.0
185.0 216.0
141.0 107.0
157.0 145.0
160.0 170.0
193.0 240.0
183.0 24.0
122.0 168.0
164.0 88.0
157.0 12.0
158.0 81.0
46.0 84.0
157.0 29.0
143.0 68.0
158.0 210.0
182.0 118.0
22.0 79.0
28.0 72.0
175.0 186.0
87.0 238.0
106.0 49.0
239.0 95.0
86.0 109.0
115.0 188.0
186.0 88.0
239.0 199.0
146.0 233.0
185.0 119.0
38.0 211.0
148.0 126.0
162.0 197.0
252.0 175.0
222.0 62.0
72.0 79.0
153.0 103.0
70.0 197.0
185.0 54.0
86.0 117.0
198.0 250.0
148.0 122.0
88.0 8.0
184.0 110.0
23.0 219.0
236.0 250.0
223.0 168.0
115.0 76.0
11.0 102.0
31.0 212.0
136.0 235.0
204.0 71.0
236.0 90.0
155.0 44.0
86.0 244.0
37.0 225.0
121.0 213.0
79.0 226.0
221.0 216.0
147.0 68.0
162.0 160.0
99.0 61.0
87.0 184.0
72.0 5.0
11.0 44.0
246.0 42.0
100.0 217.0
134.0 81.0
107.0 211.0
246.0 39.0
102.0 50.0
120.0 145.0
205.0 9.0
164.0 222.0
137.0 11.0
174.0 51.0
161.0 100.0
104.0 83.0
57.0 25.0
78.0 22.0
147.0 231.0
94.0 151.0
94.0 156.0
18.0 32.0
116.0 42.0
6.0 90.0
6.0 241.0
220.0 109.0
168.0 101.0
195.0 233.0
212.0 68.0
72.0 162.0
208.0 206.0
150.0 231.0
235.0 130.0
133.0 214.0
228.0 171.0
114.0 158.0
120.0 177.0
109.0 186.0
144.0 133.0
229.0 233.0
199.0 108.0
224.0 49.0
250.0 90.0
127.0 232.0
44.0 133.0
62.0 58.0
222.0 208.0
87.0 10.0
27.0 58.0
39.0 94.0
8.0 110.0
92.0 253.0
85.0 73.0
120.0 86.0
244.0 194.0
224.0 59.0
71.0 151.0
139.0 41.0
73.0 161.0
