1
256 1 3.0 0.0 1000.0 3 160 240 100

6.5 13.5 29.3 58.5
13.0 27.0 58.5 117.0
19.5 40.5 87.8 175.5
26.0 54.0 117.0 234.0
39.0 81.0 175.5 351.0
52.0 108.0 234.0 468.0
58.5 121.5 263.3 526.5
65.0 135.0 292.5 585.0
78.0 162.0 351.0 702.0
0.0 180.0 390.0 780.0

2.0 5.0 8.0 11.0
5.0 8.0 11.0 14.0
9.0 12.0 15.0 18.0
11.0 14.0 17.0 20.0
15.0 18.0 21.0 24.0
18.0 21.0 24.0 27.0
20.0 23.0 26.0 29.0
25.0 28.0 31.0 34.0
29.0 32.0 35.0 38.0
0.0 34.0 37.0 40.0

217.0 228.0
63.0 212.0
133.0 150.0
236.0 89.0
87.0 201.0
32.0 183.0
39.0 34.0
75.0 223.0
163.0 136.0
179.0 248.0
109.0 2.0
22.0 40.0
199.0 148.0
152.0 39.0
230.0 248.0
37.0 35.0
159.0 239.0
204.0 45.0
214.0 70.0
40.0 56.0
59.0 73.0
190.0 150.0
216.0 235.0
246.0 80.0
229.0 233.0
28.0 179.0
140.0 142.0
35.0 53.0
151.0 55.0
246.0 63.0
166.0 130.0
211.0 167.0
205.0 199.0
243.0 11.0
16.0 75.0
37.0 204.0
240.0 53.0
131.0 52.0
96.0 141.0
175.0 61.0
61.0 114.0
47.0 86.0
124.0 70.0
147.0 99.0
233.0 207.0
46.0 50.0
128.0 115.0
191.0 173.0
57.0 179.0
208.0 96.0
190.0 21.0
150.0 224.0
107.0 189.0
83.0 135.0
53.0 155.0
3.0 69.0
196.0 208.0
93.0 144.0
227.0 166.0
178.0 244.0
148.0 127.0
30.0 86.0
211.0 61.0
3.0 40.0
247.0 77.0
6.0 87.0
202.0 53.0
194.0 104.0
250.0 89.0
247.0 244.0
183.0 76.0
235.0 227.0
71.0 240.0
93.0 175.0
250.0 73.0
35.0 193.0
30.0 124.0
93.0 198.0
48.0 198.0
229.0 70.0
22.0 57.0
54.0 14.0
217.0 48.0
14.0 66.0
4.0 122.0
180.0 16.0
193.0 51.0
126.0 64.0
150.0 180.0
174.0 90.0
5.0 138.0
94.0 235.0
75.0 234.0
176.0 56.0
197.0 73.0
140.0 75.0
225.0 5.0
162.0 98.0
233.0 60.0
114.0 15.0
85.0 105.0
180.0 76.0
25.0 13.0
61.0 220.0
63.0 186.0
51.0 91.0
207.0 110.0
83.0 190.0
177.0 170.0
153.0 166.0
24.0 244.0
83.0 66.0
177.0 213.0
167.0 191.0
211.0 16.0
40.0 235.0
221.0 7.0
166.0 234.0
247.0 133.0
189.0 132.0
232.0 50.0
155.0 108.0
98.0 83.0
215.0 104.0
56.0 14.0
209.0 64.0
80.0 227.0
104.0 208.0
62.0 84.0
67.0 228.0
209.0 165.0
16.0 81.0
36.0 136.0
62.0 176.0
181.0 7.0
55.0 238.0
9.0 143.0
18.0 3.0
86.0 192.0
68.0 192.0
147.0 165.0
228.0 11.0
240.0 191.0
93.0 9.0
60.0 69.0
149.0 167.0
16.0 15.0
73.0 178.0
181.0 91.0
180.0 165.0
39.0 112.0
234.0 164.0
59.0 111.0
156.0 5.0
125.0 58.0
223.0 35.0
226.0 32.0
171.0 193.0
86.0 152.0
157.0 15.0
226.0 121.0
127.0 188.0
35.0 37.0
185.0 113.0
217.0 205.0
104.0 230.0
53.0 241.0
214.0 177.0
239.0 72.0
200.0 167.0
96.0 237.0
142.0 27.0
48.0 231.0
214.0 161.0
34.0 168.0
8.0 10.0
127.0 132.0
23.0 137.0
163.0 105.0
150.0 134.0
0.0 237.0
68.0 117.0
108.0 205.0
27.0 126.0
232.0 55.0
34.0 53.0
197.0 158.0
54.0 67.0
228.0 29.0
124.0 27.0
221.0 40.0
95.0 206.0
222.0 132.0
49.0 219.0
176.0 194.0
222.0 91.0
63.0 73.0
97.0 232.0
127.0 26.0
133.0 136.0
182.0 204.0
168.0 184.0
66.0 76.0
85.0 7.0
123.0 41.0
148.0 164.0
139.0 247.0
235.0 193.0
248.0 238.0
239.0 198.0
111.0 72.0
246.0 135.0
246.0 167.0
131.0 85.0
202.0 133.0
53.0 57.0
75.0 216.0
133.0 237.0
173.0 12.0
145.0 96.0
217.0 172.0
145.0 143.0
16.0 152.0
248.0 129.0
99.0 90.0
86.0 87.0
150.0 0.0
40.0 163.0
82.0 241.0
163.0 237.0
229.0 55.0
2.0 159.0
123.0 40.0
103.0 239.0
194.0 200.0
54.0 175.0
1.0 68.0
214.0 189.0
195.0 190.0
90.0 192.0
212.0 56.0
170.0 99.0
1.0 173.0
27.0 9.0
180.0 222.0
123.0 244.0
37.0 120.0
20.0 73.0
146.0 73.0
34.0 10.0
153.0 34.0
184.0 122.0
107.0 56.0
81.0 116.0
25.0 66.0
231.0 19.0

221.0 234.0
68.0 218.0
139.0 155.0
241.0 93.0
92.0 207.0
36.0 187.0
44.0 38.0
79.0 229.0
167.0 142.0
185.0 252.0
113.0 7.0
28.0 45.0
205.0 153.0
156.0 45.0
235.0 253.0
43.0 39.0
163.0 244.0
209.0 51.0
218.0 74.0
45.0 61.0
64.0 78.0
194.0 155.0
221.0 240.0
251.0 86.0
233.0 239.0
34.0 185.0
145.0 147.0
39.0 57.0
155.0 60.0
252.0 67.0
171.0 135.0
216.0 173.0
211.0 204.0
249.0 15.0
21.0 80.0
41.0 209.0
246.0 58.0
137.0 56.0
101.0 146.0
179.0 67.0
66.0 119.0
52.0 90.0
128.0 75.0
152.0 103.0
238.0 211.0
50.0 56.0
134.0 120.0
195.0 178.0
61.0 183.0
213.0 101.0
195.0 26.0
156.0 228.0
111.0 194.0
87.0 140.0
59.0 160.0
9.0 75.0
201.0 212.0
97.0 149.0
232.0 172.0
183.0 250.0
153.0 133.0
35.0 90.0
215.0 66.0
8.0 44.0
252.0 83.0
10.0 93.0
207.0 58.0
199.0 109.0
255.0 93.0
253.0 248.0
187.0 82.0
240.0 233.0
77.0 245.0
98.0 179.0
254.0 78.0
40.0 198.0
35.0 128.0
99.0 204.0
54.0 203.0
234.0 75.0
28.0 62.0
60.0 18.0
222.0 53.0
19.0 70.0
9.0 128.0
185.0 21.0
199.0 56.0
132.0 70.0
156.0 185.0
180.0 95.0
10.0 143.0
99.0 240.0
79.0 240.0
180.0 61.0
202.0 78.0
145.0 79.0
231.0 10.0
168.0 102.0
238.0 64.0
120.0 19.0
90.0 111.0
184.0 82.0
29.0 17.0
66.0 225.0
68.0 191.0
55.0 96.0
211.0 114.0
87.0 195.0
181.0 175.0
159.0 171.0
29.0 250.0
88.0 70.0
182.0 218.0
172.0 197.0
216.0 21.0
44.0 241.0
226.0 12.0
171.0 239.0
251.0 138.0
194.0 136.0
237.0 54.0
160.0 112.0
104.0 88.0
219.0 108.0
61.0 18.0
214.0 69.0
86.0 231.0
109.0 214.0
67.0 89.0
72.0 232.0
213.0 169.0
22.0 87.0
40.0 141.0
66.0 181.0
185.0 12.0
61.0 244.0
13.0 148.0
22.0 9.0
91.0 197.0
72.0 197.0
152.0 169.0
232.0 15.0
245.0 197.0
97.0 14.0
64.0 75.0
153.0 173.0
21.0 21.0
79.0 184.0
186.0 96.0
185.0 169.0
44.0 116.0
240.0 168.0
65.0 117.0
162.0 11.0
129.0 63.0
229.0 39.0
230.0 37.0
177.0 197.0
90.0 157.0
162.0 20.0
231.0 126.0
133.0 194.0
39.0 43.0
190.0 118.0
221.0 210.0
108.0 235.0
58.0 246.0
219.0 182.0
244.0 77.0
204.0 172.0
101.0 243.0
146.0 32.0
53.0 236.0
218.0 166.0
38.0 174.0
13.0 16.0
132.0 137.0
28.0 142.0
168.0 110.0
154.0 139.0
6.0 242.0
72.0 122.0
113.0 211.0
32.0 130.0
237.0 60.0
39.0 59.0
202.0 162.0
59.0 72.0
232.0 35.0
129.0 31.0
227.0 45.0
100.0 210.0
228.0 137.0
53.0 224.0
181.0 199.0
228.0 96.0
68.0 78.0
103.0 238.0
131.0 30.0
137.0 142.0
187.0 209.0
173.0 189.0
70.0 81.0
90.0 13.0
127.0 46.0
154.0 169.0
144.0 253.0
241.0 198.0
254.0 244.0
245.0 204.0
115.0 78.0
251.0 139.0
250.0 173.0
136.0 90.0
207.0 137.0
59.0 62.0
80.0 220.0
138.0 241.0
179.0 17.0
150.0 101.0
221.0 177.0
151.0 148.0
21.0 157.0
253.0 134.0
104.0 94.0
92.0 92.0
155.0 6.0
45.0 169.0
87.0 246.0
168.0 242.0
234.0 60.0
8.0 163.0
128.0 46.0
107.0 245.0
198.0 205.0
59.0 179.0
7.0 72.0
219.0 193.0
201.0 195.0
96.0 196.0
217.0 60.0
175.0 104.0
6.0 179.0
32.0 14.0
185.0 227.0
128.0 249.0
43.0 124.0
25.0 77.0
150.0 78.0
39.0 14.0
158.0 38.0
190.0 126.0
112.0 61.0
86.0 122.0
30.0 72.0
236.0 23.0
