1
256 1 3.0 0.0 1000.0 3 160 240 100

6.5 13.5 29.3 58.5
13.0 27.0 58.5 117.0
19.5 40.5 87.8 175.5
26.0 54.0 117.0 234.0
39.0 81.0 175.5 351.0
52.0 108.0 234.0 468.0
58.5 121.5 263.3 526.5
65.0 135.0 292.5 585.0
78.0 162.0 351.0 702.0
0.0 180.0 390.0 780.0

2.0 5.0 8.0 11.0
5.0 8.0 11.0 14.0
9.0 12.0 15.0 18.0
11.0 14.0 17.0 20.0
15.0 18.0 21.0 24.0
18.0 21.0 24.0 27.0
20.0 23.0 26.0 29.0
25.0 28.0 31.0 34.0
29.0 32.0 35.0 38.0
0.0 34.0 37.0 40.0

82.0 162.0
21.0 92.0
208.0 245.0
197.0 198.0
184.0 17.0
26.0 105.0
177.0 72.0
82.0 50.0
41.0 57.0
5.0 16.0
241.0 123.0
35.0 128.0
84.0 83.0
232.0 141.0
187.0 67.0
139.0 105.0
200.0 27.0
130.0 65.0
71.0 10.0
76.0 19.0
10.0 166.0
206.0 124.0
67.0 53.0
152.0 233.0
79.0 60.0
200.0 135.0
67.0 142.0
97.0 212.0
177.0 81.0
69.0 249.0
140.0 63.0
17.0 240.0
222.0 171.0
184.0 60.0
242.0 225.0
118.0 200.0
36.0 177.0
112.0 86.0
41.0 105.0
76.0 37.0
20.0 174.0
116.0 5.0
229.0 211.0
192.0 44.0
146.0 125.0
231.0 11.0
218.0 221.0
186.0 79.0
117.0 5.0
63.0 179.0
61.0 138.0
18.0 97.0
96.0 32.0
169.0 196.0
3.0 112.0
112.0 124.0
106.0 109.0
150.0 104.0
22.0 40.0
102.0 40.0
243.0 110.0
81.0 160.0
236.0 72.0
225.0 52.0
59.0 144.0
152.0 201.0
57.0 157.0
242.0 234.0
15.0 154.0
149.0 135.0
209.0 235.0
10.0 246.0
101.0 244.0
144.0 183.0
244.0 222.0
71.0 130.0
23.0 94.0
21.0 246.0
172.0 141.0
147.0 32.0
61.0 97.0
219.0 21.0
83.0 47.0
158.0 246.0
240.0 95.0
55.0 249.0
145.0 102.0
141.0 191.0
175.0 80.0
14.0 208.0
87.0 181.0
186.0 204.0
233.0 237.0
127.0 86.0
53.0 144.0
29.0 23.0
108.0 214.0
52.0 100.0
200.0 127.0
170.0 78.0
221.0 236.0
5.0 249.0
162.0 4.0
134.0 229.0
35.0 179.0
141.0 58.0
13.0 119.0
11.0 57.0
185.0 0.0
30.0 207.0
88.0 187.0
146.0 106.0
37.0 134.0
91.0 158.0
57.0 216.0
98.0 174.0
46.0 229.0
115.0 152.0
110.0 94.0
5.0 54.0
58.0 113.0
245.0 216.0
142.0 206.0
222.0 85.0
151.0 90.0
51.0 43.0
50.0 205.0
103.0 140.0
173.0 223.0
61.0 119.0
26.0 73.0
64.0 178.0
75.0 197.0
130.0 231.0
217.0 79.0
43.0 235.0
175.0 159.0
22.0 223.0
132.0 29.0
234.0 229.0
235.0 155.0
80.0 129.0
158.0 163.0
218.0 202.0
213.0 29.0
100.0 59.0
85.0 100.0
125.0 128.0
68.0 173.0
58.0 207.0
227.0 167.0
191.0 156.0
4.0 244.0
30.0 112.0
61.0 36.0
88.0 170.0
13.0 227.0
213.0 45.0
212.0 248.0
154.0 33.0
102.0 219.0
152.0 148.0
198.0 29.0
154.0 150.0
71.0 50.0
53.0 196.0
29.0 10.0
180.0 215.0
230.0 137.0
64.0 114.0
65.0 235.0
83.0 27.0
162.0 171.0
133.0 116.0
224.0 65.0
54.0 234.0
175.0 28.0
88.0 97.0
201.0 125.0
221.0 152.0
52.0 26.0
48.0 153.0
41.0 153.0
158.0 17.0
242.0 152.0
46.0 96.0
213.0 132.0
161.0 50.0
94.0 128.0
243.0 101.0
50.0 82.0
171.0 213.0
31.0 206.0
99.0 104.0
184.0 126.0
231.0 24.0
27.0 48.0
135.0 67.0
92.0 224.0
80.0 69.0
12.0 84.0
154.0 8.0
147.0 184.0
33.0 66.0
90.0 211.0
47.0 144.0
27.0 77.0
4.0 127.0
174.0 208.0
72.0 46.0
121.0 191.0
53.0 81.0
197.0 5.0
203.0 159.0
56.0 136.0
84.0 228.0
231.0 162.0
205.0 81.0
210.0 238.0
72.0 174.0
179.0 200.0
38.0 217.0
100.0 82.0
178.0 82.0
140.0 147.0
226.0 181.0
9.0 94.0
153.0 4.0
81.0 180.0
66.0 74.0
236.0 28.0
128.0 145.0
188.0 241.0
40.0 19.0
82.0 232.0
185.0 190.0
26.0 239.0
72.0 63.0
210.0 79.0
79.0 71.0
131.0 230.0
244.0 84.0
244.0 171.0
230.0 43.0
146.0 188.0
99.0 80.0
244.0 208.0
120.0 208.0
156.0 245.0
156.0 197.0
161.0 134.0
203.0 95.0
63.0 27.0
11.0 144.0
173.0 192.0
233.0 176.0

87.0 166.0
26.0 97.0
213.0 251.0
201.0 204.0
190.0 22.0
30.0 111.0
181.0 76.0
87.0 54.0
46.0 62.0
11.0 21.0
247.0 127.0
40.0 133.0
88.0 88.0
238.0 146.0
192.0 72.0
144.0 110.0
205.0 33.0
135.0 70.0
76.0 15.0
80.0 24.0
16.0 171.0
211.0 129.0
72.0 58.0
158.0 238.0
85.0 65.0
205.0 139.0
72.0 146.0
101.0 216.0
183.0 85.0
74.0 255.0
145.0 67.0
22.0 244.0
227.0 176.0
190.0 65.0
246.0 231.0
123.0 204.0
40.0 183.0
117.0 90.0
46.0 109.0
80.0 42.0
24.0 180.0
121.0 9.0
233.0 216.0
196.0 50.0
151.0 129.0
236.0 16.0
223.0 227.0
191.0 85.0
121.0 10.0
69.0 184.0
65.0 144.0
23.0 101.0
102.0 38.0
174.0 202.0
9.0 117.0
117.0 129.0
112.0 113.0
155.0 108.0
27.0 45.0
107.0 45.0
248.0 114.0
87.0 165.0
241.0 77.0
230.0 57.0
64.0 150.0
158.0 205.0
62.0 162.0
246.0 240.0
20.0 159.0
153.0 140.0
213.0 240.0
15.0 251.0
106.0 248.0
150.0 188.0
250.0 228.0
77.0 136.0
28.0 99.0
26.0 251.0
176.0 146.0
153.0 38.0
65.0 101.0
223.0 26.0
88.0 51.0
164.0 251.0
244.0 100.0
60.0 255.0
149.0 107.0
146.0 195.0
180.0 86.0
19.0 213.0
91.0 187.0
190.0 209.0
238.0 241.0
132.0 90.0
57.0 149.0
35.0 29.0
114.0 219.0
56.0 104.0
205.0 132.0
175.0 83.0
226.0 241.0
10.0 254.0
167.0 8.0
139.0 234.0
40.0 185.0
147.0 64.0
18.0 125.0
17.0 63.0
190.0 5.0
35.0 212.0
93.0 191.0
151.0 112.0
42.0 138.0
95.0 163.0
62.0 221.0
103.0 178.0
51.0 235.0
120.0 158.0
114.0 100.0
10.0 59.0
63.0 117.0
250.0 221.0
146.0 212.0
227.0 90.0
156.0 95.0
57.0 47.0
55.0 211.0
108.0 144.0
178.0 228.0
65.0 124.0
31.0 79.0
69.0 183.0
80.0 201.0
134.0 236.0
223.0 84.0
49.0 241.0
180.0 165.0
26.0 229.0
137.0 34.0
238.0 234.0
240.0 161.0
86.0 135.0
162.0 167.0
222.0 207.0
218.0 35.0
104.0 65.0
91.0 105.0
130.0 133.0
73.0 178.0
63.0 212.0
231.0 172.0
197.0 162.0
9.0 248.0
35.0 116.0
66.0 41.0
94.0 176.0
18.0 232.0
218.0 51.0
216.0 253.0
159.0 38.0
108.0 224.0
157.0 153.0
204.0 34.0
159.0 154.0
76.0 56.0
58.0 202.0
34.0 16.0
185.0 221.0
235.0 142.0
70.0 119.0
70.0 241.0
89.0 33.0
167.0 177.0
138.0 122.0
230.0 69.0
59.0 238.0
180.0 32.0
93.0 101.0
207.0 130.0
227.0 158.0
57.0 31.0
52.0 159.0
47.0 158.0
163.0 23.0
248.0 156.0
50.0 100.0
217.0 137.0
166.0 55.0
100.0 133.0
248.0 107.0
55.0 86.0
175.0 218.0
36.0 211.0
103.0 108.0
189.0 130.0
235.0 28.0
32.0 53.0
140.0 72.0
97.0 229.0
84.0 74.0
18.0 89.0
158.0 13.0
152.0 189.0
39.0 71.0
95.0 217.0
53.0 149.0
31.0 83.0
10.0 132.0
178.0 213.0
77.0 51.0
127.0 196.0
58.0 86.0
202.0 11.0
207.0 163.0
62.0 140.0
90.0 233.0
237.0 167.0
210.0 87.0
215.0 243.0
76.0 178.0
184.0 206.0
43.0 222.0
105.0 87.0
183.0 87.0
145.0 153.0
232.0 187.0
14.0 99.0
158.0 9.0
86.0 185.0
71.0 79.0
241.0 33.0
133.0 150.0
194.0 245.0
44.0 24.0
87.0 237.0
190.0 195.0
32.0 244.0
78.0 67.0
214.0 84.0
84.0 75.0
137.0 235.0
248.0 89.0
249.0 176.0
236.0 49.0
151.0 192.0
104.0 85.0
248.0 213.0
125.0 213.0
161.0 251.0
161.0 202.0
167.0 138.0
208.0 101.0
69.0 32.0
15.0 149.0
178.0 198.0
237.0 181.0
