1
256 1 3.0 0.0 1000.0 3 160 240 100

6.5 13.5 29.3 58.5
13.0 27.0 58.5 117.0
19.5 40.5 87.8 175.5
26.0 54.0 117.0 234.0
39.0 81.0 175.5 351.0
52.0 108.0 234.0 468.0
58.5 121.5 263.3 526.5
65.0 135.0 292.5 585.0
78.0 162.0 351.0 702.0
0.0 180.0 390.0 780.0

2.0 5.0 8.0 11.0
5.0 8.0 11.0 14.0
9.0 12.0 15.0 18.0
11.0 14.0 17.0 20.0
15.0 18.0 21.0 24.0
18.0 21.0 24.0 27.0
20.0 23.0 26.0 29.0
25.0 28.0 31.0 34.0
29.0 32.0 35.0 38.0
0.0 34.0 37.0 40.0

131.0 173.0
141.0 27.0
202.0 127.0
152.0 79.0
74.0 12.0
225.0 81.0
246.0 97.0
141.0 132.0
208.0 152.0
79.0 218.0
3.0 132.0
209.0 36.0
209.0 205.0
112.0 41.0
42.0 147.0
5.0 28.0
77.0 211.0
40.0 145.0
156.0 139.0
32.0 22.0
98.0 40.0
16.0 34.0
158.0 180.0
110.0 11.0
239.0 22.0
209.0 36.0
156.0 203.0
112.0 26.0
100.0 157.0
231.0 98.0
212.0 185.0
107.0 47.0
48.0 63.0
18.0 78.0
228.0 121.0
16.0 213.0
151.0 1.0
55.0 168.0
215.0 148.0
179.0 231.0
48.0 131.0
55.0 63.0
48.0 208.0
186.0 91.0
126.0 113.0
229.0 10.0
83.0 113.0
115.0 226.0
117.0 169.0
22.0 102.0
32.0 142.0
39.0 230.0
18.0 246.0
177.0 208.0
195.0 54.0
191.0 20.0
172.0 152.0
18.0 141.0
184.0 117.0
141.0 55.0
174.0 27.0
68.0 216.0
28.0 63.0
130.0 249.0
191.0 43.0
127.0 47.0
3.0 60.0
181.0 193.0
99.0 194.0
189.0 226.0
97.0 98.0
103.0 71.0
45.0 54.0
70.0 5.0
207.0 160.0
21.0 133.0
65.0 138.0
124.0 97.0
210.0 42.0
60.0 115.0
139.0 222.0
170.0 231.0
21.0 212.0
48.0 208.0
41.0 15.0
5.0 89.0
31.0 76.0
118.0 235.0
128.0 50.0
132.0 235.0
22.0 21.0
91.0 124.0
180.0 164.0
70.0 175.0
215.0 120.0
4.0 80.0
176.0 206.0
131.0 165.0
50.0 117.0
157.0 66.0
119.0 87.0
31.0 149.0
95.0 72.0
73.0 223.0
47.0 41.0
214.0 196.0
183.0 36.0
217.0 107.0
96.0 248.0
12.0 59.0
187.0 130.0
130.0 107.0
246.0 160.0
17.0 244.0
18.0 164.0
69.0 184.0
122.0 180.0
42.0 194.0
9.0 155.0
67.0 46.0
225.0 64.0
41.0 235.0
25.0 136.0
250.0 136.0
221.0 155.0
117.0 138.0
207.0 114.0
64.0 53.0
156.0 102.0
244.0 191.0
200.0 62.0
20.0 52.0
232.0 163.0
70.0 138.0
250.0 73.0
97.0 212.0
10.0 233.0
190.0 127.0
45.0 45.0
156.0 185.0
172.0 213.0
1.0 28.0
180.0 14.0
18.0 125.0
206.0 104.0
19.0 7.0
100.0 34.0
56.0 178.0
161.0 189.0
33.0 221.0
182.0 202.0
188.0 169.0
64.0 189.0
221.0 20.0
40.0 221.0
155.0 97.0
162.0 15.0
108.0 15.0
213.0 123.0
178.0 66.0
77.0 236.0
227.0 161.0
88.0 13.0
161.0 35.0
30.0 145.0
121.0 203.0
192.0 234.0
29.0 7.0
241.0 40.0
60.0 130.0
234.0 56.0
96.0 23.0
130.0 106.0
93.0 4.0
4.0 23.0
80.0 105.0
206.0 10.0
56.0 39.0
26.0 84.0
148.0 4.0
7.0 100.0
177.0 56.0
69.0 131.0
102.0 144.0
224.0 63.0
134.0 187.0
163.0 68.0
96.0 122.0
127.0 184.0
208.0 212.0
219.0 39.0
249.0 152.0
176.0 75.0
140.0 139.0
157.0 186.0
35.0 71.0
182.0 245.0
81.0 163.0
141.0 65.0
69.0 30.0
152.0 143.0
250.0 128.0
58.0 99.0
171.0 5.0
195.0 46.0
181.0 112.0
128.0 177.0
78.0 244.0
96.0 164.0
183.0 12.0
236.0 48.0
179.0 20.0
206.0 89.0
132.0 13.0
151.0 114.0
150.0 85.0
11.0 221.0
230.0 46.0
230.0 6.0
117.0 181.0
2.0 29.0
102.0 130.0
236.0 73.0
213.0 236.0
233.0 39.0
95.0 215.0
159.0 145.0
161.0 131.0
174.0 160.0
179.0 146.0
151.0 208.0
11.0 151.0
9.0 241.0
45.0 133.0
197.0 113.0
145.0 249.0
225.0 209.0
52.0 93.0
167.0 188.0
183.0 1.0
145.0 185.0
127.0 249.0
103.0 133.0
168.0 124.0
3.0 193.0
8.0 96.0
122.0 74.0
144.0 181.0
212.0 92.0
195.0 124.0
73.0 149.0
12.0 97.0
182.0 93.0
240.0 169.0
49.0 2.0
37.0 125.0

136.0 177.0
147.0 32.0
207.0 132.0
158.0 84.0
78.0 16.0
229.0 85.0
250.0 102.0
145.0 138.0
213.0 158.0
84.0 222.0
8.0 137.0
213.0 42.0
214.0 210.0
116.0 46.0
48.0 151.0
10.0 33.0
82.0 216.0
46.0 151.0
161.0 144.0
37.0 28.0
103.0 44.0
21.0 39.0
163.0 185.0
116.0 17.0
244.0 26.0
214.0 42.0
162.0 208.0
117.0 32.0
106.0 163.0
236.0 103.0
217.0 190.0
112.0 51.0
53.0 69.0
22.0 84.0
233.0 126.0
20.0 217.0
156.0 5.0
60.0 172.0
220.0 153.0
184.0 236.0
53.0 135.0
60.0 68.0
53.0 213.0
190.0 95.0
131.0 118.0
235.0 14.0
89.0 118.0
119.0 231.0
122.0 175.0
26.0 108.0
37.0 146.0
44.0 235.0
24.0 251.0
182.0 213.0
200.0 58.0
195.0 25.0
178.0 158.0
22.0 145.0
190.0 122.0
145.0 59.0
180.0 31.0
73.0 222.0
33.0 67.0
136.0 254.0
196.0 47.0
133.0 53.0
8.0 64.0
185.0 198.0
104.0 199.0
193.0 230.0
103.0 103.0
108.0 76.0
51.0 59.0
74.0 11.0
211.0 166.0
26.0 139.0
70.0 144.0
128.0 101.0
215.0 47.0
65.0 120.0
144.0 227.0
174.0 235.0
26.0 216.0
52.0 213.0
46.0 20.0
9.0 94.0
36.0 80.0
124.0 240.0
133.0 54.0
137.0 241.0
26.0 26.0
96.0 128.0
185.0 168.0
76.0 180.0
220.0 124.0
10.0 85.0
180.0 211.0
137.0 170.0
55.0 122.0
162.0 71.0
125.0 93.0
37.0 154.0
99.0 78.0
79.0 229.0
52.0 46.0
219.0 201.0
188.0 41.0
221.0 113.0
101.0 253.0
18.0 64.0
192.0 136.0
135.0 113.0
251.0 165.0
22.0 248.0
22.0 170.0
73.0 189.0
127.0 184.0
47.0 199.0
14.0 159.0
73.0 50.0
230.0 69.0
46.0 240.0
30.0 142.0
254.0 141.0
226.0 159.0
123.0 143.0
213.0 120.0
69.0 58.0
160.0 106.0
250.0 196.0
204.0 68.0
25.0 57.0
237.0 168.0
76.0 142.0
254.0 78.0
102.0 217.0
15.0 239.0
195.0 133.0
49.0 50.0
161.0 191.0
177.0 218.0
5.0 33.0
185.0 20.0
22.0 131.0
212.0 109.0
24.0 11.0
106.0 40.0
61.0 182.0
166.0 194.0
39.0 225.0
188.0 206.0
192.0 174.0
69.0 194.0
226.0 25.0
45.0 225.0
160.0 103.0
167.0 21.0
114.0 20.0
218.0 128.0
183.0 71.0
83.0 240.0
231.0 167.0
93.0 19.0
166.0 39.0
35.0 150.0
125.0 207.0
196.0 239.0
34.0 11.0
246.0 44.0
66.0 135.0
239.0 61.0
101.0 28.0
136.0 110.0
97.0 9.0
9.0 28.0
85.0 111.0
212.0 14.0
62.0 43.0
31.0 89.0
154.0 9.0
12.0 106.0
183.0 61.0
74.0 137.0
106.0 149.0
229.0 68.0
138.0 193.0
168.0 74.0
101.0 128.0
133.0 189.0
212.0 216.0
225.0 44.0
254.0 157.0
181.0 80.0
145.0 144.0
163.0 191.0
40.0 76.0
187.0 250.0
86.0 169.0
146.0 71.0
74.0 34.0
157.0 149.0
254.0 133.0
64.0 104.0
175.0 10.0
200.0 51.0
187.0 118.0
134.0 181.0
84.0 250.0
102.0 169.0
187.0 18.0
240.0 54.0
185.0 24.0
212.0 93.0
136.0 17.0
155.0 119.0
156.0 90.0
16.0 226.0
235.0 51.0
236.0 11.0
123.0 186.0
7.0 33.0
107.0 135.0
240.0 77.0
218.0 240.0
238.0 43.0
100.0 221.0
163.0 150.0
167.0 136.0
178.0 165.0
184.0 152.0
155.0 213.0
16.0 156.0
15.0 246.0
51.0 137.0
201.0 118.0
151.0 254.0
230.0 215.0
58.0 99.0
173.0 193.0
188.0 7.0
150.0 189.0
132.0 253.0
108.0 137.0
173.0 130.0
7.0 199.0
13.0 101.0
127.0 79.0
150.0 187.0
217.0 98.0
199.0 128.0
78.0 153.0
17.0 101.0
186.0 98.0
245.0 174.0
55.0 7.0
43.0 130.0
