1
256 1 3.0 0.0 1000.0 3 160 240 100

6.5 13.5 29.3 58.5
13.0 27.0 58.5 117.0
19.5 40.5 87.8 175.5
26.0 54.0 117.0 234.0
39.0 81.0 175.5 351.0
52.0 108.0 234.0 468.0
58.5 121.5 263.3 526.5
65.0 135.0 292.5 585.0
78.0 162.0 351.0 702.0
0.0 180.0 390.0 780.0

2.0 5.0 8.0 11.0
5.0 8.0 11.0 14.0
9.0 12.0 15.0 18.0
11.0 14.0 17.0 20.0
15.0 18.0 21.0 24.0
18.0 21.0 24.0 27.0
20.0 23.0 26.0 29.0
25.0 28.0 31.0 34.0
29.0 32.0 35.0 38.0
0.0 34.0 37.0 40.0

39.0 177.0
236.0 68.0
17.0 84.0
168.0 231.0
6.0 29.0
29.0 91.0
107.0 147.0
198.0 113.0
19.0 13.0
94.0 33.0
40.0 93.0
207.0 195.0
247.0 28.0
220.0 102.0
46.0 30.0
178.0 4.0
88.0 16.0
227.0 174.0
116.0 126.0
44.0 39.0
132.0 110.0
87.0 206.0
40.0 118.0
153.0 176.0
61.0 11.0
15.0 154.0
190.0 84.0
249.0 131.0
100.0 206.0
135.0 16.0
171.0 137.0
120.0 116.0
144.0 157.0
120.0 127.0
216.0 141.0
1.0 51.0
202.0 83.0
157.0 77.0
199.0 90.0
140.0 222.0
10.0 214.0
136.0 134.0
136.0 20.0
132.0 248.0
210.0 138.0
166.0 42.0
66.0 70.0
156.0 240.0
198.0 118.0
58.0 65.0
160.0 88.0
233.0 18.0
43.0 6.0
144.0 165.0
213.0 132.0
135.0 25.0
68.0 122.0
55.0 176.0
116.0 10.0
72.0 42.0
6.0 232.0
95.0 103.0
207.0 229.0
19.0 107.0
71.0 244.0
64.0 177.0
109.0 216.0
77.0 234.0
93.0 250.0
176.0 29.0
186.0 210.0
229.0 75.0
83.0 34.0
189.0 126.0
246.0 178.0
124.0 152.0
98.0 181.0
120.0 66.0
110.0 134.0
1.0 16.0
46.0 149.0
170.0 142.0
171.0 5.0
149.0 228.0
40.0 191.0
240.0 20.0
79.0 138.0
11.0 24.0
182.0 242.0
156.0 173.0
161.0 98.0
61.0 49.0
156.0 158.0
234.0 189.0
213.0 125.0
83.0 20.0
4.0 165.0
52.0 81.0
37.0 114.0
225.0 212.0
199.0 159.0
60.0 225.0
92.0 14.0
199.0 129.0
157.0 228.0
162.0 42.0
141.0 249.0
7.0 235.0
50.0 11.0
116.0 65.0
12.0 51.0
70.0 128.0
55.0 32.0
163.0 0.0
113.0 76.0
125.0 28.0
148.0 131.0
236.0 168.0
50.0 176.0
28.0 198.0
94.0 105.0
128.0 192.0
249.0 203.0
72.0 186.0
226.0 206.0
3.0 69.0
193.0 219.0
220.0 248.0
169.0 101.0
116.0 233.0
152.0 240.0
94.0 87.0
111.0 177.0
118.0 248.0
31.0 138.0
127.0 38.0
7.0 68.0
77.0 8.0
211.0 75.0
233.0 52.0
91.0 29.0
83.0 52.0
10.0 89.0
130.0 131.0
63.0 22.0
65.0 139.0
135.0 221.0
184.0 72.0
88.0 155.0
198.0 191.0
1.0 42.0
155.0 145.0
223.0 86.0
16.0 248.0
50.0 216.0
215.0 95.0
148.0 23.0
120.0 37.0
176.0 219.0
118.0 71.0
80.0 193.0
90.0 49.0
159.0 93.0
142.0 127.0
242.0 158.0
236.0 241.0
201.0 97.0
186.0 156.0
12.0 98.0
68.0 239.0
217.0 158.0
129.0 142.0
128.0 190.0
93.0 162.0
239.0 211.0
105.0 95.0
76.0 206.0
76.0 209.0
65.0 84.0
38.0 57.0
29.0 207.0
147.0 107.0
21.0 32.0
85.0 38.0
220.0 208.0
105.0 69.0
227.0 62.0
100.0 22.0
120.0 182.0
73.0 130.0
219.0 153.0
249.0 159.0
47.0 38.0
103.0 227.0
72.0 22.0
147.0 19.0
80.0 198.0
132.0 156.0
141.0 35.0
147.0 37.0
153.0 131.0
131.0 38.0
38.0 160.0
152.0 21.0
206.0 249.0
109.0 151.0
237.0 70.0
77.0 98.0
17.0 3.0
71.0 16.0
163.0 31.0
87.0 222.0
87.0 94.0
59.0 114.0
160.0 201.0
227.0 123.0
211.0 138.0
163.0 99.0
188.0 203.0
90.0 69.0
95.0 182.0
114.0 135.0
151.0 113.0
119.0 66.0
168.0 191.0
88.0 241.0
213.0 224.0
197.0 118.0
184.0 127.0
102.0 4.0
228.0 226.0
125.0 184.0
16.0 0.0
120.0 53.0
173.0 154.0
133.0 190.0
3.0 11.0
239.0 144.0
190.0 10.0
39.0 233.0
223.0 166.0
98.0 14.0
124.0 152.0
172.0 101.0
77.0 236.0
117.0 97.0
183.0 104.0
215.0 223.0
52.0 186.0
197.0 246.0
86.0 136.0
50.0 195.0
39.0 198.0
16.0 82.0
81.0 7.0
18.0 233.0

44.0 181.0
241.0 72.0
21.0 90.0
173.0 236.0
12.0 34.0
35.0 96.0
112.0 152.0
202.0 118.0
25.0 19.0
99.0 38.0
46.0 99.0
211.0 201.0
252.0 32.0
224.0 107.0
50.0 34.0
183.0 9.0
92.0 20.0
232.0 178.0
121.0 132.0
50.0 45.0
136.0 115.0
92.0 211.0
46.0 124.0
158.0 181.0
66.0 17.0
19.0 159.0
194.0 88.0
253.0 136.0
105.0 212.0
140.0 22.0
177.0 143.0
125.0 121.0
150.0 163.0
125.0 133.0
221.0 147.0
7.0 57.0
207.0 88.0
163.0 82.0
203.0 94.0
145.0 227.0
15.0 220.0
141.0 139.0
142.0 25.0
137.0 253.0
215.0 142.0
171.0 47.0
71.0 76.0
160.0 244.0
204.0 122.0
63.0 70.0
165.0 92.0
238.0 23.0
48.0 11.0
148.0 171.0
218.0 138.0
140.0 30.0
74.0 126.0
59.0 181.0
120.0 14.0
77.0 48.0
10.0 238.0
99.0 108.0
212.0 234.0
23.0 112.0
76.0 249.0
69.0 182.0
114.0 221.0
82.0 239.0
99.0 256.0
182.0 35.0
192.0 216.0
235.0 80.0
88.0 39.0
194.0 130.0
251.0 183.0
130.0 157.0
104.0 186.0
126.0 71.0
116.0 140.0
6.0 21.0
52.0 155.0
176.0 146.0
175.0 10.0
154.0 234.0
45.0 196.0
244.0 25.0
84.0 143.0
16.0 30.0
187.0 247.0
161.0 178.0
165.0 103.0
66.0 53.0
162.0 162.0
240.0 194.0
218.0 130.0
88.0 26.0
9.0 170.0
57.0 86.0
43.0 119.0
230.0 216.0
203.0 163.0
64.0 229.0
98.0 18.0
204.0 135.0
162.0 234.0
167.0 48.0
146.0 254.0
11.0 241.0
54.0 16.0
120.0 69.0
18.0 55.0
75.0 133.0
61.0 38.0
169.0 5.0
117.0 81.0
131.0 33.0
152.0 136.0
242.0 173.0
55.0 181.0
33.0 203.0
100.0 110.0
134.0 197.0
255.0 208.0
76.0 192.0
232.0 211.0
7.0 74.0
199.0 224.0
225.0 253.0
174.0 106.0
121.0 237.0
157.0 244.0
99.0 92.0
116.0 181.0
124.0 252.0
36.0 143.0
133.0 42.0
11.0 72.0
83.0 13.0
215.0 81.0
238.0 57.0
97.0 34.0
87.0 58.0
16.0 94.0
135.0 136.0
68.0 26.0
70.0 144.0
140.0 226.0
190.0 78.0
92.0 160.0
204.0 196.0
5.0 48.0
161.0 150.0
227.0 92.0
22.0 254.0
55.0 222.0
220.0 101.0
153.0 29.0
126.0 42.0
181.0 225.0
124.0 77.0
85.0 197.0
95.0 54.0
164.0 99.0
146.0 132.0
247.0 162.0
240.0 246.0
206.0 102.0
192.0 161.0
17.0 104.0
74.0 243.0
222.0 164.0
134.0 148.0
133.0 195.0
98.0 166.0
244.0 216.0
111.0 100.0
81.0 211.0
81.0 215.0
71.0 89.0
43.0 63.0
35.0 212.0
151.0 111.0
26.0 37.0
91.0 43.0
224.0 213.0
111.0 73.0
232.0 67.0
105.0 27.0
124.0 187.0
77.0 136.0
224.0 159.0
254.0 164.0
53.0 44.0
107.0 232.0
78.0 26.0
151.0 25.0
86.0 202.0
136.0 162.0
146.0 40.0
152.0 41.0
159.0 136.0
136.0 42.0
42.0 165.0
157.0 26.0
210.0 254.0
114.0 156.0
242.0 75.0
81.0 104.0
22.0 8.0
76.0 22.0
168.0 37.0
91.0 227.0
92.0 99.0
65.0 119.0
165.0 205.0
233.0 129.0
217.0 143.0
168.0 104.0
192.0 209.0
95.0 73.0
100.0 186.0
120.0 141.0
155.0 118.0
125.0 71.0
172.0 196.0
93.0 246.0
217.0 229.0
202.0 123.0
190.0 131.0
107.0 9.0
233.0 231.0
129.0 188.0
20.0 6.0
124.0 58.0
178.0 159.0
139.0 195.0
8.0 16.0
244.0 150.0
196.0 15.0
43.0 237.0
229.0 171.0
102.0 19.0
129.0 157.0
178.0 107.0
81.0 240.0
122.0 101.0
188.0 110.0
220.0 229.0
57.0 191.0
202.0 252.0
90.0 142.0
55.0 200.0
44.0 203.0
22.0 87.0
87.0 12.0
22.0 238.0
