1
256 1 3.0 0.0 1000.0 3 160 240 100

6.5 13.5 29.3 58.5
13.0 27.0 58.5 117.0
19.5 40.5 87.8 175.5
26.0 54.0 117.0 234.0
39.0 81.0 175.5 351.0
52.0 108.0 234.0 468.0
58.5 121.5 263.3 526.5
65.0 135.0 292.5 585.0
78.0 162.0 351.0 702.0
0.0 180.0 390.0 780.0

2.0 5.0 8.0 11.0
5.0 8.0 11.0 14.0
9.0 12.0 15.0 18.0
11.0 14.0 17.0 20.0
15.0 18.0 21.0 24.0
18.0 21.0 24.0 27.0
20.0 23.0 26.0 29.0
25.0 28.0 31.0 34.0
29.0 32.0 35.0 38.0
0.0 34.0 37.0 40.0

66.0 6.0
250.0 9.0
151.0 52.0
124.0 106.0
68.0 80.0
221.0 89.0
117.0 182.0
248.0 189.0
179.0 55.0
93.0 247.0
198.0 199.0
157.0 99.0
213.0 67.0
134.0 66.0
140.0 209.0
224.0 98.0
36.0 23.0
41.0 227.0
181.0 17.0
76.0 12.0
87.0 63.0
122.0 238.0
139.0 189.0
116.0 195.0
91.0 248.0
200.0 162.0
19.0 146.0
79.0 53.0
70.0 93.0
94.0 224.0
220.0 167.0
226.0 15.0
37.0 64.0
63.0 168.0
245.0 166.0
74.0 55.0
249.0 181.0
97.0 237.0
23.0 135.0
16.0 165.0
137.0 73.0
154.0 162.0
228.0 118.0
224.0 134.0
38.0 147.0
1.0 15.0
216.0 87.0
190.0 18.0
121.0 214.0
1.0 74.0
206.0 103.0
54.0 169.0
99.0 213.0
247.0 59.0
72.0 141.0
72.0 215.0
142.0 158.0
156.0 116.0
138.0 183.0
116.0 85.0
81.0 173.0
149.0 185.0
89.0 230.0
64.0 240.0
48.0 6.0
41.0 114.0
114.0 96.0
223.0 205.0
172.0 127.0
23.0 146.0
188.0 98.0
149.0 47.0
208.0 55.0
99.0 162.0
74.0 41.0
240.0 163.0
214.0 24.0
118.0 50.0
214.0 107.0
226.0 5.0
165.0 122.0
8.0 73.0
97.0 18.0
190.0 126.0
124.0 22.0
109.0 110.0
4.0 117.0
236.0 153.0
88.0 184.0
207.0 157.0
247.0 228.0
175.0 85.0
141.0 156.0
162.0 191.0
17.0 167.0
120.0 19.0
42.0 82.0
241.0 51.0
236.0 46.0
101.0 201.0
117.0 73.0
50.0 177.0
21.0 225.0
77.0 3.0
74.0 30.0
161.0 118.0
143.0 50.0
226.0 223.0
137.0 76.0
91.0 150.0
103.0 248.0
137.0 68.0
102.0 195.0
236.0 157.0
203.0 108.0
16.0 205.0
197.0 230.0
141.0 129.0
233.0 57.0
54.0 246.0
128.0 85.0
236.0 171.0
153.0 37.0
60.0 50.0
183.0 36.0
155.0 125.0
143.0 21.0
248.0 210.0
5.0 1.0
19.0 206.0
144.0 71.0
51.0 107.0
183.0 160.0
56.0 4.0
19.0 54.0
73.0 151.0
18.0 47.0
183.0 243.0
209.0 136.0
82.0 84.0
93.0 230.0
172.0 166.0
4.0 181.0
137.0 225.0
31.0 215.0
34.0 163.0
57.0 195.0
1.0 23.0
47.0 194.0
231.0 36.0
18.0 157.0
193.0 55.0
194.0 13.0
111.0 11.0
162.0 152.0
76.0 85.0
153.0 237.0
169.0 118.0
133.0 151.0
84.0 56.0
212.0 177.0
27.0 87.0
181.0 71.0
230.0 154.0
46.0 19.0
0.0 107.0
17.0 1.0
10.0 58.0
178.0 175.0
121.0 91.0
169.0 201.0
82.0 248.0
250.0 217.0
5.0 70.0
189.0 18.0
98.0 7.0
217.0 43.0
175.0 80.0
122.0 73.0
52.0 239.0
105.0 131.0
223.0 185.0
82.0 114.0
41.0 216.0
193.0 15.0
188.0 242.0
72.0 149.0
32.0 149.0
6.0 107.0
13.0 46.0
177.0 234.0
48.0 188.0
231.0 232.0
220.0 228.0
244.0 46.0
112.0 243.0
201.0 20.0
173.0 26.0
189.0 109.0
104.0 241.0
47.0 2.0
43.0 53.0
35.0 60.0
130.0 193.0
160.0 66.0
126.0 205.0
79.0 61.0
48.0 208.0
92.0 124.0
105.0 51.0
45.0 9.0
20.0 56.0
246.0 123.0
165.0 113.0
111.0 132.0
206.0 189.0
13.0 33.0
58.0 146.0
175.0 139.0
238.0 57.0
205.0 170.0
13.0 32.0
239.0 14.0
91.0 123.0
170.0 248.0
101.0 192.0
41.0 93.0
234.0 190.0
218.0 19.0
193.0 109.0
46.0 53.0
169.0 165.0
219.0 135.0
128.0 113.0
192.0 184.0
5.0 133.0
14.0 109.0
213.0 37.0
246.0 57.0
178.0 131.0
4.0 236.0
195.0 119.0
152.0 242.0
193.0 221.0
45.0 118.0
61.0 43.0
4.0 168.0
19.0 8.0
20.0 154.0
51.0 220.0
8.0 20.0
6.0 230.0
226.0 128.0
14.0 196.0
63.0 50.0
202.0 17.0

72.0 11.0
255.0 13.0
156.0 56.0
129.0 110.0
74.0 86.0
225.0 94.0
121.0 186.0
253.0 195.0
183.0 61.0
98.0 252.0
202.0 204.0
163.0 103.0
218.0 73.0
139.0 71.0
145.0 214.0
228.0 103.0
41.0 27.0
46.0 233.0
186.0 23.0
81.0 17.0
93.0 69.0
127.0 244.0
143.0 193.0
121.0 201.0
97.0 253.0
205.0 168.0
24.0 150.0
84.0 57.0
75.0 98.0
99.0 229.0
225.0 172.0
232.0 19.0
41.0 70.0
68.0 172.0
250.0 170.0
79.0 60.0
253.0 185.0
103.0 241.0
28.0 140.0
21.0 171.0
141.0 78.0
159.0 168.0
234.0 124.0
229.0 140.0
43.0 152.0
7.0 20.0
221.0 92.0
195.0 23.0
126.0 220.0
5.0 78.0
211.0 108.0
59.0 174.0
104.0 218.0
251.0 64.0
78.0 146.0
78.0 221.0
148.0 162.0
160.0 121.0
143.0 187.0
122.0 91.0
86.0 178.0
155.0 190.0
94.0 235.0
70.0 245.0
54.0 11.0
46.0 120.0
119.0 101.0
228.0 209.0
178.0 133.0
28.0 151.0
192.0 103.0
154.0 51.0
213.0 59.0
105.0 167.0
79.0 46.0
244.0 167.0
218.0 29.0
122.0 55.0
220.0 112.0
231.0 10.0
170.0 128.0
13.0 78.0
102.0 23.0
195.0 132.0
130.0 27.0
114.0 115.0
10.0 122.0
241.0 158.0
92.0 190.0
211.0 162.0
252.0 232.0
180.0 91.0
145.0 162.0
166.0 196.0
22.0 172.0
126.0 23.0
47.0 88.0
246.0 55.0
241.0 51.0
106.0 206.0
122.0 78.0
55.0 182.0
26.0 229.0
82.0 8.0
79.0 34.0
165.0 124.0
148.0 55.0
231.0 228.0
142.0 81.0
96.0 155.0
108.0 254.0
141.0 73.0
107.0 200.0
242.0 162.0
208.0 113.0
21.0 210.0
203.0 235.0
147.0 134.0
239.0 63.0
60.0 251.0
133.0 89.0
240.0 176.0
159.0 41.0
65.0 55.0
188.0 41.0
161.0 130.0
148.0 26.0
253.0 214.0
10.0 5.0
24.0 211.0
149.0 76.0
55.0 112.0
188.0 165.0
61.0 9.0
24.0 58.0
77.0 155.0
22.0 53.0
188.0 248.0
214.0 141.0
87.0 90.0
98.0 236.0
178.0 172.0
9.0 186.0
141.0 230.0
35.0 220.0
40.0 167.0
61.0 200.0
6.0 27.0
51.0 199.0
237.0 42.0
24.0 161.0
198.0 60.0
199.0 18.0
117.0 15.0
168.0 158.0
81.0 89.0
157.0 241.0
174.0 123.0
139.0 155.0
89.0 60.0
217.0 182.0
33.0 91.0
186.0 76.0
235.0 158.0
52.0 24.0
4.0 112.0
22.0 7.0
15.0 62.0
182.0 179.0
127.0 96.0
174.0 207.0
87.0 253.0
255.0 221.0
10.0 75.0
194.0 22.0
104.0 13.0
223.0 48.0
181.0 85.0
127.0 78.0
58.0 244.0
110.0 136.0
227.0 190.0
87.0 118.0
47.0 221.0
198.0 19.0
194.0 248.0
77.0 154.0
36.0 153.0
10.0 111.0
19.0 50.0
182.0 239.0
54.0 192.0
236.0 237.0
224.0 233.0
249.0 51.0
116.0 249.0
207.0 26.0
179.0 31.0
194.0 115.0
109.0 246.0
53.0 7.0
48.0 58.0
40.0 64.0
136.0 198.0
165.0 71.0
132.0 209.0
84.0 67.0
54.0 212.0
97.0 129.0
110.0 55.0
50.0 14.0
26.0 62.0
251.0 128.0
169.0 117.0
115.0 136.0
211.0 194.0
17.0 38.0
64.0 151.0
179.0 143.0
243.0 62.0
209.0 174.0
19.0 37.0
244.0 20.0
96.0 128.0
176.0 253.0
107.0 197.0
47.0 98.0
238.0 195.0
223.0 24.0
198.0 113.0
52.0 59.0
175.0 171.0
223.0 139.0
134.0 118.0
197.0 188.0
10.0 138.0
18.0 114.0
217.0 42.0
251.0 62.0
182.0 136.0
10.0 241.0
201.0 125.0
157.0 247.0
199.0 227.0
50.0 123.0
65.0 48.0
9.0 173.0
23.0 14.0
24.0 159.0
55.0 224.0
12.0 26.0
10.0 235.0
232.0 133.0
18.0 201.0
68.0 54.0
208.0 22.0
