1
256 1 3.0 0.0 1000.0 3 160 240 100

6.5 13.5 29.3 58.5
13.0 27.0 58.5 117.0
19.5 40.5 87.8 175.5
26.0 54.0 117.0 234.0
39.0 81.0 175.5 351.0
52.0 108.0 234.0 468.0
58.5 121.5 263.3 526.5
65.0 135.0 292.5 585.0
78.0 162.0 351.0 702.0
0.0 180.0 390.0 780.0

2.0 5.0 8.0 11.0
5.0 8.0 11.0 14.0
9.0 12.0 15.0 18.0
11.0 14.0 17.0 20.0
15.0 18.0 21.0 24.0
18.0 21.0 24.0 27.0
20.0 23.0 26.0 29.0
25.0 28.0 31.0 34.0
29.0 32.0 35.0 38.0
0.0 34.0 37.0 40.0

121.0 97.0
176.0 240.0
214.0 236.0
66.0 134.0
120.0 37.0
111.0 163.0
64.0 22.0
70.0 241.0
30.0 42.0
198.0 83.0
91.0 230.0
58.0 224.0
37.0 146.0
21.0 134.0
2.0 185.0
197.0 241.0
80.0 77.0
75.0 14.0
4.0 154.0
203.0 35.0
3.0 108.0
83.0 81.0
33.0 36.0
243.0 26.0
135.0 112.0
14.0 212.0
223.0 74.0
112.0 214.0
187.0 221.0
190.0 34.0
247.0 240.0
57.0 17.0
61.0 200.0
118.0 152.0
146.0 132.0
124.0 176.0
236.0 170.0
136.0 11.0
30.0 47.0
164.0 97.0
63.0 46.0
43.0 1.0
22.0 74.0
99.0 9.0
135.0 76.0
52.0 194.0
67.0 99.0
97.0 55.0
75.0 90.0
210.0 78.0
238.0 95.0
21.0 203.0
135.0 104.0
156.0 169.0
159.0 58.0
25.0 91.0
223.0 138.0
85.0 124.0
167.0 241.0
171.0 187.0
239.0 130.0
57.0 229.0
100.0 34.0
207.0 137.0
89.0 70.0
14.0 139.0
73.0 130.0
104.0 178.0
5.0 228.0
130.0 242.0
122.0 94.0
6.0 236.0
47.0 102.0
132.0 26.0
93.0 225.0
194.0 93.0
159.0 212.0
197.0 73.0
148.0 62.0
208.0 236.0
158.0 112.0
74.0 51.0
15.0 182.0
237.0 25.0
22.0 245.0
26.0 82.0
106.0 150.0
163.0 46.0
123.0 26.0
4.0 116.0
128.0 3.0
124.0 30.0
246.0 7.0
138.0 174.0
62.0 141.0
234.0 207.0
58.0 25.0
205.0 94.0
135.0 1.0
69.0 227.0
117.0 182.0
178.0 159.0
160.0 136.0
58.0 18.0
74.0 56.0
232.0 220.0
121.0 81.0
149.0 208.0
169.0 249.0
100.0 191.0
125.0 118.0
119.0 234.0
170.0 158.0
125.0 57.0
94.0 82.0
165.0 16.0
108.0 91.0
163.0 248.0
82.0 71.0
140.0 71.0
196.0 101.0
189.0 16.0
78.0 183.0
61.0 184.0
53.0 166.0
242.0 191.0
183.0 170.0
26.0 25.0
113.0 89.0
84.0 187.0
26.0 116.0
146.0 77.0
83.0 240.0
193.0 128.0
50.0 27.0
131.0 1.0
87.0 22.0
224.0 238.0
42.0 200.0
147.0 64.0
108.0 180.0
45.0 91.0
29.0 3.0
80.0 8.0
123.0 75.0
248.0 126.0
168.0 181.0
61.0 234.0
34.0 62.0
240.0 28.0
6.0 79.0
157.0 167.0
31.0 82.0
44.0 116.0
229.0 137.0
71.0 192.0
14.0 95.0
194.0 104.0
36.0 46.0
3.0 26.0
191.0 244.0
87.0 116.0
247.0 192.0
29.0 152.0
238.0 99.0
171.0 70.0
37.0 248.0
131.0 194.0
134.0 137.0
98.0 74.0
160.0 52.0
1.0 103.0
54.0 51.0
212.0 187.0
41.0 146.0
246.0 32.0
191.0 42.0
1.0 187.0
110.0 91.0
118.0 30.0
139.0 195.0
134.0 217.0
11.0 192.0
137.0 162.0
199.0 83.0
209.0 174.0
41.0 8.0
248.0 207.0
244.0 210.0
89.0 231.0
223.0 13.0
121.0 34.0
18.0 178.0
206.0 107.0
108.0 45.0
227.0 44.0
237.0 194.0
186.0 216.0
205.0 160.0
61.0 56.0
117.0 53.0
206.0 62.0
150.0 15.0
147.0 247.0
221.0 209.0
172.0 12.0
242.0 167.0
184.0 40.0
217.0 70.0
116.0 75.0
227.0 143.0
220.0 47.0
210.0 137.0
180.0 45.0
193.0 178.0
225.0 207.0
246.0 112.0
60.0 163.0
216.0 225.0
188.0 235.0
119.0 101.0
39.0 135.0
119.0 130.0
119.0 6.0
114.0 38.0
226.0 164.0
224.0 89.0
61.0 11.0
59.0 200.0
143.0 107.0
225.0 3.0
19.0 243.0
43.0 197.0
13.0 127.0
56.0 129.0
152.0 150.0
207.0 52.0
139.0 225.0
116.0 127.0
117.0 28.0
207.0 3.0
247.0 24.0
6.0 145.0
191.0 223.0
230.0 150.0
166.0 176.0
112.0 61.0
35.0 28.0
198.0 71.0
212.0 22.0
202.0 1.0
239.0 137.0
22.0 35.0
172.0 128.0
126.0 24.0
17.0 39.0

127.0 103.0
180.0 246.0
220.0 240.0
71.0 138.0
124.0 42.0
117.0 168.0
68.0 27.0
75.0 246.0
35.0 48.0
203.0 87.0
96.0 235.0
64.0 229.0
42.0 151.0
27.0 139.0
7.0 191.0
203.0 247.0
85.0 82.0
80.0 19.0
8.0 158.0
208.0 40.0
8.0 114.0
88.0 86.0
38.0 41.0
248.0 32.0
139.0 117.0
19.0 218.0
228.0 79.0
118.0 220.0
193.0 226.0
196.0 40.0
251.0 245.0
61.0 22.0
67.0 204.0
123.0 157.0
151.0 138.0
128.0 181.0
240.0 176.0
141.0 15.0
34.0 53.0
169.0 103.0
68.0 51.0
49.0 6.0
26.0 79.0
104.0 15.0
141.0 81.0
57.0 198.0
72.0 105.0
102.0 61.0
80.0 94.0
215.0 83.0
243.0 101.0
25.0 208.0
140.0 109.0
162.0 175.0
164.0 62.0
31.0 96.0
228.0 144.0
90.0 129.0
171.0 246.0
176.0 192.0
244.0 135.0
62.0 233.0
104.0 40.0
212.0 141.0
94.0 74.0
20.0 144.0
79.0 136.0
110.0 184.0
9.0 234.0
135.0 247.0
128.0 99.0
11.0 240.0
52.0 106.0
136.0 31.0
98.0 229.0
200.0 98.0
164.0 217.0
202.0 78.0
153.0 66.0
214.0 241.0
162.0 117.0
78.0 56.0
20.0 187.0
242.0 30.0
28.0 251.0
32.0 88.0
111.0 156.0
168.0 51.0
127.0 31.0
9.0 121.0
134.0 8.0
128.0 35.0
252.0 11.0
143.0 178.0
67.0 146.0
240.0 213.0
62.0 30.0
209.0 99.0
141.0 7.0
73.0 232.0
122.0 186.0
183.0 163.0
164.0 140.0
62.0 23.0
80.0 61.0
238.0 226.0
125.0 86.0
154.0 213.0
174.0 253.0
104.0 195.0
130.0 123.0
124.0 238.0
175.0 164.0
131.0 63.0
99.0 87.0
170.0 21.0
113.0 96.0
169.0 253.0
86.0 76.0
145.0 77.0
201.0 107.0
194.0 22.0
83.0 187.0
66.0 188.0
58.0 171.0
246.0 196.0
188.0 176.0
31.0 31.0
117.0 93.0
89.0 191.0
32.0 122.0
150.0 82.0
88.0 244.0
199.0 134.0
55.0 31.0
136.0 6.0
91.0 27.0
228.0 243.0
48.0 205.0
153.0 69.0
113.0 186.0
50.0 96.0
34.0 8.0
86.0 13.0
128.0 80.0
253.0 130.0
173.0 186.0
66.0 238.0
39.0 67.0
246.0 33.0
11.0 84.0
161.0 173.0
37.0 87.0
48.0 121.0
235.0 142.0
76.0 197.0
20.0 100.0
199.0 109.0
41.0 51.0
9.0 31.0
197.0 249.0
91.0 122.0
252.0 197.0
33.0 157.0
242.0 103.0
176.0 75.0
42.0 253.0
136.0 200.0
138.0 142.0
102.0 79.0
165.0 57.0
7.0 109.0
59.0 57.0
216.0 193.0
45.0 151.0
250.0 37.0
195.0 47.0
6.0 192.0
114.0 96.0
123.0 36.0
145.0 199.0
140.0 221.0
16.0 196.0
142.0 167.0
205.0 89.0
213.0 179.0
46.0 13.0
253.0 213.0
250.0 215.0
94.0 236.0
228.0 18.0
125.0 38.0
23.0 183.0
211.0 113.0
113.0 51.0
232.0 50.0
242.0 199.0
190.0 221.0
211.0 165.0
66.0 62.0
123.0 57.0
211.0 68.0
154.0 19.0
151.0 252.0
227.0 214.0
177.0 17.0
247.0 171.0
189.0 45.0
222.0 76.0
120.0 80.0
232.0 148.0
225.0 52.0
214.0 142.0
184.0 49.0
198.0 184.0
231.0 213.0
252.0 118.0
66.0 168.0
221.0 230.0
194.0 240.0
124.0 106.0
45.0 140.0
125.0 136.0
125.0 11.0
119.0 44.0
230.0 170.0
229.0 93.0
66.0 17.0
64.0 205.0
147.0 112.0
230.0 7.0
25.0 248.0
47.0 202.0
19.0 131.0
61.0 133.0
157.0 155.0
213.0 58.0
144.0 231.0
121.0 133.0
122.0 33.0
212.0 8.0
252.0 30.0
10.0 150.0
197.0 228.0
234.0 154.0
171.0 181.0
116.0 67.0
41.0 32.0
202.0 76.0
217.0 27.0
208.0 6.0
244.0 142.0
28.0 40.0
176.0 132.0
132.0 30.0
22.0 45.0
