1
256 1 3.0 0.0 1000.0 3 160 240 100

6.5 13.5 29.3 58.5
13.0 27.0 58.5 117.0
19.5 40.5 87.8 175.5
26.0 54.0 117.0 234.0
39.0 81.0 175.5 351.0
52.0 108.0 234.0 468.0
58.5 121.5 263.3 526.5
65.0 135.0 292.5 585.0
78.0 162.0 351.0 702.0
0.0 180.0 390.0 780.0

2.0 5.0 8.0 11.0
5.0 8.0 11.0 14.0
9.0 12.0 15.0 18.0
11.0 14.0 17.0 20.0
15.0 18.0 21.0 24.0
18.0 21.0 24.0 27.0
20.0 23.0 26.0 29.0
25.0 28.0 31.0 34.0
29.0 32.0 35.0 38.0
0.0 34.0 37.0 40.0

207.0 6.0
73.0 2.0
95.0 109.0
155.0 26.0
129.0 212.0
140.0 205.0
72.0 12.0
209.0 55.0
49.0 91.0
95.0 20.0
110.0 93.0
61.0 145.0
233.0 220.0
208.0 225.0
182.0 111.0
85.0 2.0
247.0 197.0
128.0 26.0
155.0 186.0
19.0 141.0
49.0 178.0
137.0 104.0
205.0 176.0
53.0 152.0
7.0 119.0
112.0 156.0
224.0 80.0
195.0 50.0
228.0 124.0
67.0 62.0
94.0 104.0
29.0 44.0
63.0 6.0
164.0 55.0
210.0 3.0
6.0 134.0
170.0 197.0
62.0 17.0
117.0 87.0
130.0 138.0
8.0 123.0
221.0 22.0
136.0 0.0
165.0 39.0
136.0 180.0
51.0 12.0
118.0 170.0
249.0 13.0
192.0 175.0
13.0 218.0
183.0 25.0
30.0 27.0
177.0 112.0
69.0 206.0
78.0 129.0
195.0 120.0
175.0 201.0
84.0 185.0
38.0 94.0
32.0 5.0
120.0 206.0
69.0 176.0
247.0 151.0
138.0 101.0
1.0 21.0
136.0 189.0
61.0 4.0
148.0 133.0
120.0 81.0
39.0 31.0
84.0 87.0
122.0 171.0
29.0 1.0
180.0 106.0
0.0 111.0
196.0 230.0
24.0 56.0
193.0 95.0
12.0 11.0
142.0 60.0
74.0 131.0
2.0 139.0
33.0 175.0
194.0 2.0
45.0 14.0
208.0 143.0
236.0 90.0
30.0 23.0
119.0 163.0
191.0 86.0
110.0 9.0
24.0 80.0
4.0 63.0
43.0 205.0
119.0 28.0
152.0 154.0
86.0 60.0
226.0 176.0
118.0 201.0
165.0 116.0
128.0 27.0
52.0 182.0
126.0 56.0
171.0 18.0
160.0 15.0
134.0 216.0
102.0 143.0
235.0 202.0
164.0 236.0
172.0 24.0
79.0 246.0
126.0 98.0
195.0 23.0
200.0 46.0
50.0 119.0
98.0 86.0
56.0 134.0
169.0 222.0
219.0 136.0
61.0 46.0
160.0 21.0
246.0 66.0
243.0 216.0
31.0 219.0
185.0 202.0
195.0 105.0
92.0 163.0
230.0 7.0
169.0 92.0
223.0 70.0
161.0 34.0
207.0 95.0
164.0 189.0
162.0 214.0
235.0 163.0
110.0 246.0
56.0 224.0
111.0 137.0
211.0 221.0
235.0 173.0
209.0 156.0
173.0 224.0
182.0 181.0
219.0 92.0
23.0 140.0
138.0 97.0
11.0 64.0
16.0 94.0
61.0 86.0
21.0 185.0
32.0 95.0
10.0 197.0
96.0 189.0
50.0 49.0
235.0 140.0
166.0 223.0
224.0 54.0
246.0 79.0
75.0 50.0
67.0 102.0
147.0 41.0
211.0 197.0
25.0 37.0
239.0 248.0
20.0 205.0
8.0 181.0
239.0 209.0
115.0 118.0
223.0 205.0
248.0 244.0
218.0 133.0
28.0 90.0
196.0 56.0
18.0 238.0
87.0 62.0
101.0 22.0
194.0 106.0
19.0 105.0
123.0 187.0
165.0 131.0
106.0 100.0
38.0 211.0
140.0 50.0
74.0 59.0
206.0 223.0
140.0 175.0
128.0 242.0
42.0 250.0
198.0 227.0
187.0 77.0
3.0 0.0
137.0 16.0
207.0 39.0
76.0 166.0
104.0 96.0
40.0 172.0
62.0 205.0
63.0 194.0
56.0 124.0
212.0 99.0
23.0 57.0
43.0 3.0
129.0 77.0
75.0 132.0
48.0 226.0
178.0 232.0
210.0 78.0
108.0 127.0
7.0 125.0
223.0 33.0
26.0 141.0
201.0 98.0
189.0 18.0
202.0 157.0
225.0 91.0
166.0 39.0
245.0 75.0
39.0 46.0
210.0 19.0
28.0 61.0
189.0 7.0
26.0 42.0
85.0 142.0
201.0 215.0
75.0 177.0
3.0 110.0
95.0 191.0
205.0 132.0
229.0 56.0
128.0 175.0
191.0 215.0
18.0 101.0
169.0 148.0
108.0 219.0
73.0 161.0
213.0 207.0
73.0 8.0
11.0 244.0
118.0 109.0
236.0 159.0
181.0 233.0
51.0 248.0
42.0 50.0
218.0 188.0
1.0 44.0
198.0 70.0
180.0 58.0
174.0 119.0
199.0 92.0
8.0 232.0
12.0 3.0
241.0 25.0
42.0 103.0
39.0 167.0
56.0 169.0
52.0 50.0

211.0 11.0
78.0 6.0
99.0 115.0
160.0 30.0
134.0 217.0
145.0 209.0
76.0 17.0
213.0 59.0
54.0 96.0
100.0 26.0
115.0 99.0
66.0 151.0
238.0 224.0
213.0 229.0
187.0 116.0
91.0 6.0
251.0 203.0
133.0 32.0
160.0 191.0
23.0 147.0
54.0 184.0
142.0 109.0
210.0 182.0
58.0 156.0
12.0 123.0
118.0 160.0
230.0 86.0
200.0 55.0
234.0 129.0
71.0 67.0
99.0 110.0
35.0 49.0
68.0 11.0
170.0 59.0
216.0 8.0
12.0 139.0
174.0 203.0
67.0 21.0
122.0 92.0
136.0 143.0
14.0 128.0
227.0 27.0
140.0 4.0
171.0 43.0
141.0 185.0
55.0 16.0
123.0 174.0
253.0 18.0
197.0 179.0
17.0 223.0
187.0 31.0
34.0 33.0
182.0 117.0
75.0 211.0
82.0 134.0
201.0 126.0
179.0 205.0
89.0 191.0
43.0 99.0
37.0 11.0
125.0 211.0
75.0 180.0
252.0 156.0
143.0 107.0
6.0 26.0
141.0 194.0
66.0 10.0
154.0 139.0
125.0 86.0
45.0 36.0
90.0 91.0
128.0 176.0
35.0 7.0
184.0 110.0
4.0 116.0
201.0 234.0
30.0 62.0
198.0 100.0
17.0 17.0
147.0 65.0
79.0 135.0
7.0 145.0
37.0 180.0
200.0 7.0
50.0 18.0
213.0 147.0
241.0 96.0
36.0 28.0
123.0 167.0
196.0 91.0
114.0 14.0
28.0 86.0
9.0 68.0
49.0 209.0
125.0 33.0
156.0 158.0
91.0 65.0
232.0 181.0
123.0 206.0
170.0 121.0
133.0 31.0
58.0 186.0
132.0 62.0
175.0 23.0
165.0 20.0
139.0 221.0
106.0 147.0
240.0 207.0
169.0 242.0
177.0 29.0
84.0 252.0
130.0 103.0
199.0 28.0
205.0 51.0
56.0 125.0
102.0 92.0
61.0 139.0
174.0 228.0
224.0 142.0
66.0 50.0
165.0 26.0
251.0 72.0
247.0 222.0
36.0 223.0
190.0 207.0
200.0 110.0
98.0 169.0
235.0 11.0
173.0 97.0
229.0 75.0
167.0 40.0
213.0 100.0
170.0 195.0
166.0 219.0
240.0 169.0
114.0 250.0
60.0 230.0
115.0 142.0
217.0 226.0
240.0 178.0
215.0 162.0
179.0 229.0
187.0 186.0
224.0 97.0
28.0 145.0
143.0 102.0
15.0 69.0
21.0 99.0
67.0 91.0
26.0 189.0
37.0 101.0
16.0 202.0
102.0 195.0
55.0 54.0
240.0 146.0
171.0 227.0
230.0 59.0
250.0 85.0
79.0 56.0
73.0 107.0
151.0 46.0
215.0 202.0
30.0 42.0
244.0 253.0
26.0 209.0
14.0 185.0
244.0 214.0
119.0 123.0
228.0 211.0
252.0 249.0
222.0 138.0
33.0 95.0
202.0 61.0
23.0 242.0
92.0 68.0
106.0 27.0
198.0 111.0
23.0 110.0
128.0 192.0
171.0 135.0
110.0 105.0
44.0 216.0
145.0 56.0
79.0 63.0
211.0 227.0
145.0 179.0
134.0 248.0
47.0 256.0
202.0 232.0
191.0 83.0
8.0 5.0
142.0 22.0
212.0 43.0
81.0 171.0
109.0 102.0
46.0 177.0
66.0 210.0
69.0 199.0
62.0 128.0
217.0 103.0
27.0 62.0
49.0 7.0
135.0 82.0
80.0 138.0
54.0 231.0
184.0 238.0
215.0 83.0
112.0 132.0
12.0 130.0
229.0 38.0
31.0 146.0
207.0 103.0
193.0 22.0
206.0 163.0
230.0 96.0
172.0 44.0
250.0 79.0
43.0 52.0
214.0 24.0
32.0 65.0
194.0 12.0
31.0 47.0
91.0 147.0
206.0 220.0
80.0 183.0
7.0 115.0
100.0 195.0
210.0 137.0
234.0 61.0
133.0 181.0
196.0 219.0
23.0 106.0
174.0 152.0
113.0 225.0
78.0 166.0
217.0 212.0
78.0 12.0
17.0 250.0
123.0 114.0
242.0 164.0
185.0 237.0
55.0 253.0
46.0 55.0
224.0 192.0
5.0 48.0
203.0 76.0
185.0 62.0
179.0 125.0
205.0 97.0
14.0 238.0
16.0 8.0
246.0 29.0
47.0 109.0
45.0 171.0
62.0 174.0
58.0 54.0
