1
256 1 3.0 0.0 1000.0 3 160 240 100

6.5 13.5 29.3 58.5
13.0 27.0 58.5 117.0
19.5 40.5 87.8 175.5
26.0 54.0 117.0 234.0
39.0 81.0 175.5 351.0
52.0 108.0 234.0 468.0
58.5 121.5 263.3 526.5
65.0 135.0 292.5 585.0
78.0 162.0 351.0 702.0
0.0 180.0 390.0 780.0

2.0 5.0 8.0 11.0
5.0 8.0 11.0 14.0
9.0 12.0 15.0 18.0
11.0 14.0 17.0 20.0
15.0 18.0 21.0 24.0
18.0 21.0 24.0 27.0
20.0 23.0 26.0 29.0
25.0 28.0 31.0 34.0
29.0 32.0 35.0 38.0
0.0 34.0 37.0 40.0

149.0 212.0
155.0 101.0
8.0 12.0
94.0 207.0
194.0 176.0
117.0 9.0
133.0 106.0
53.0 242.0
25.0 118.0
85.0 105.0
194.0 144.0
14.0 225.0
117.0 20.0
99.0 89.0
66.0 139.0
194.0 13.0
128.0 86.0
218.0 40.0
149.0 160.0
52.0 210.0
241.0 17.0
13.0 205.0
35.0 212.0
136.0 198.0
183.0 14.0
33.0 40.0
166.0 135.0
191.0 222.0
50.0 119.0
97.0 132.0
107.0 170.0
174.0 172.0
68.0 29.0
55.0 116.0
68.0 55.0
40.0 170.0
151.0 4.0
138.0 220.0
40.0 25.0
179.0 106.0
148.0 246.0
9.0 59.0
176.0 99.0
127.0 226.0
139.0 121.0
164.0 64.0
39.0 19.0
176.0 166.0
167.0 99.0
34.0 148.0
97.0 228.0
6.0 49.0
21.0 47.0
182.0 6.0
77.0 247.0
225.0 14.0
205.0 229.0
209.0 169.0
73.0 92.0
171.0 71.0
207.0 160.0
244.0 175.0
15.0 93.0
126.0 129.0
201.0 181.0
149.0 2.0
136.0 247.0
42.0 100.0
59.0 119.0
61.0 114.0
52.0 228.0
179.0 187.0
34.0 175.0
148.0 20.0
89.0 182.0
6.0 230.0
7.0 158.0
194.0 200.0
225.0 172.0
8.0 5.0
164.0 178.0
155.0 41.0
33.0 164.0
20.0 66.0
222.0 198.0
46.0 139.0
227.0 164.0
199.0 48.0
95.0 43.0
43.0 108.0
221.0 141.0
34.0 12.0
107.0 13.0
171.0 15.0
36.0 102.0
246.0 247.0
142.0 211.0
203.0 65.0
216.0 209.0
218.0 121.0
96.0 216.0
148.0 160.0
105.0 39.0
70.0 129.0
13.0 226.0
197.0 212.0
114.0 142.0
9.0 5.0
20.0 50.0
11.0 80.0
118.0 243.0
85.0 13.0
203.0 61.0
219.0 9.0
81.0 234.0
211.0 65.0
30.0 1.0
250.0 194.0
59.0 71.0
92.0 14.0
205.0 5.0
129.0 97.0
196.0 203.0
170.0 22.0
87.0 214.0
114.0 138.0
84.0 158.0
225.0 111.0
26.0 117.0
38.0 137.0
118.0 161.0
248.0 23.0
15.0 227.0
240.0 133.0
220.0 160.0
213.0 31.0
20.0 238.0
212.0 202.0
54.0 136.0
123.0 48.0
112.0 17.0
78.0 158.0
115.0 67.0
206.0 190.0
34.0 69.0
37.0 240.0
49.0 174.0
138.0 139.0
74.0 104.0
144.0 194.0
106.0 78.0
160.0 202.0
115.0 59.0
49.0 92.0
77.0 236.0
224.0 183.0
241.0 228.0
77.0 29.0
99.0 36.0
37.0 192.0
29.0 106.0
20.0 78.0
208.0 169.0
129.0 18.0
139.0 76.0
9.0 116.0
7.0 172.0
70.0 186.0
93.0 71.0
112.0 147.0
78.0 233.0
212.0 89.0
101.0 78.0
1.0 9.0
11.0 173.0
81.0 44.0
72.0 107.0
95.0 78.0
176.0 195.0
46.0 176.0
186.0 16.0
36.0 99.0
117.0 51.0
127.0 226.0
134.0 43.0
121.0 12.0
187.0 232.0
91.0 183.0
175.0 194.0
81.0 167.0
46.0 77.0
189.0 102.0
119.0 91.0
65.0 27.0
161.0 150.0
170.0 233.0
116.0 171.0
209.0 4.0
167.0 36.0
193.0 91.0
125.0 104.0
178.0 42.0
226.0 162.0
15.0 86.0
191.0 54.0
29.0 81.0
4.0 30.0
79.0 98.0
150.0 159.0
52.0 19.0
133.0 230.0
123.0 108.0
141.0 109.0
186.0 48.0
55.0 107.0
191.0 24.0
49.0 190.0
150.0 243.0
96.0 219.0
170.0 65.0
3.0 177.0
166.0 30.0
168.0 193.0
223.0 85.0
55.0 193.0
139.0 149.0
207.0 117.0
248.0 216.0
164.0 162.0
172.0 248.0
234.0 92.0
235.0 189.0
111.0 237.0
51.0 223.0
157.0 62.0
153.0 230.0
222.0 69.0
56.0 192.0
191.0 50.0
226.0 134.0
15.0 45.0
243.0 210.0
23.0 183.0
244.0 160.0
163.0 121.0
61.0 117.0
92.0 120.0
19.0 111.0
127.0 128.0
177.0 135.0
115.0 9.0
111.0 229.0
101.0 170.0
139.0 90.0
230.0 107.0
212.0 25.0

154.0 216.0
160.0 107.0
13.0 18.0
100.0 213.0
200.0 180.0
123.0 14.0
138.0 111.0
58.0 247.0
30.0 123.0
91.0 109.0
198.0 150.0
19.0 229.0
121.0 25.0
105.0 95.0
71.0 144.0
198.0 19.0
133.0 92.0
224.0 45.0
154.0 164.0
56.0 216.0
247.0 22.0
17.0 210.0
41.0 217.0
141.0 203.0
188.0 20.0
38.0 45.0
171.0 139.0
196.0 227.0
55.0 124.0
102.0 137.0
112.0 174.0
179.0 177.0
72.0 35.0
60.0 120.0
72.0 59.0
45.0 175.0
157.0 10.0
142.0 225.0
45.0 29.0
184.0 111.0
152.0 251.0
15.0 65.0
180.0 103.0
132.0 230.0
144.0 127.0
168.0 69.0
44.0 24.0
181.0 170.0
172.0 104.0
38.0 153.0
102.0 234.0
11.0 54.0
26.0 52.0
187.0 12.0
82.0 252.0
231.0 18.0
210.0 233.0
215.0 175.0
78.0 98.0
177.0 77.0
212.0 165.0
250.0 180.0
20.0 99.0
130.0 135.0
207.0 185.0
154.0 6.0
141.0 251.0
46.0 106.0
63.0 124.0
66.0 120.0
56.0 232.0
185.0 192.0
40.0 181.0
154.0 25.0
94.0 187.0
10.0 235.0
13.0 163.0
199.0 204.0
230.0 178.0
13.0 10.0
169.0 182.0
161.0 45.0
38.0 169.0
26.0 71.0
227.0 203.0
51.0 145.0
231.0 170.0
204.0 53.0
100.0 47.0
49.0 113.0
226.0 146.0
38.0 17.0
112.0 19.0
176.0 20.0
41.0 106.0
251.0 252.0
147.0 216.0
209.0 70.0
220.0 214.0
223.0 125.0
100.0 220.0
154.0 165.0
111.0 43.0
75.0 135.0
19.0 232.0
203.0 218.0
119.0 147.0
15.0 10.0
26.0 55.0
17.0 86.0
122.0 248.0
90.0 17.0
208.0 66.0
225.0 14.0
86.0 238.0
216.0 70.0
35.0 7.0
256.0 199.0
64.0 76.0
97.0 20.0
210.0 10.0
134.0 101.0
201.0 207.0
176.0 26.0
92.0 218.0
119.0 144.0
89.0 162.0
230.0 116.0
30.0 122.0
42.0 142.0
123.0 165.0
252.0 29.0
20.0 233.0
245.0 138.0
225.0 164.0
218.0 35.0
26.0 243.0
217.0 208.0
59.0 141.0
127.0 52.0
117.0 22.0
83.0 163.0
120.0 73.0
211.0 195.0
38.0 74.0
42.0 244.0
55.0 179.0
144.0 145.0
78.0 110.0
149.0 199.0
110.0 83.0
166.0 207.0
120.0 64.0
54.0 97.0
81.0 241.0
229.0 188.0
246.0 233.0
82.0 34.0
104.0 41.0
42.0 196.0
34.0 112.0
25.0 83.0
213.0 173.0
134.0 23.0
144.0 81.0
15.0 120.0
11.0 178.0
74.0 192.0
98.0 76.0
117.0 152.0
83.0 239.0
218.0 94.0
105.0 82.0
7.0 15.0
16.0 177.0
86.0 49.0
77.0 113.0
99.0 84.0
180.0 200.0
51.0 181.0
190.0 21.0
41.0 104.0
122.0 56.0
132.0 232.0
138.0 48.0
126.0 18.0
192.0 236.0
96.0 188.0
180.0 199.0
86.0 172.0
50.0 82.0
193.0 108.0
123.0 96.0
70.0 33.0
166.0 156.0
174.0 237.0
121.0 175.0
213.0 8.0
172.0 41.0
197.0 96.0
130.0 109.0
182.0 48.0
231.0 167.0
20.0 91.0
195.0 59.0
35.0 86.0
9.0 34.0
85.0 103.0
156.0 164.0
57.0 24.0
137.0 234.0
127.0 112.0
146.0 114.0
191.0 53.0
60.0 112.0
195.0 28.0
55.0 195.0
154.0 248.0
102.0 224.0
176.0 71.0
8.0 182.0
172.0 36.0
173.0 197.0
228.0 90.0
60.0 197.0
143.0 155.0
212.0 122.0
254.0 222.0
169.0 167.0
177.0 253.0
239.0 97.0
240.0 195.0
115.0 243.0
56.0 229.0
163.0 66.0
158.0 235.0
227.0 74.0
61.0 197.0
196.0 55.0
231.0 139.0
21.0 49.0
248.0 216.0
28.0 189.0
249.0 165.0
168.0 127.0
65.0 122.0
97.0 124.0
24.0 115.0
131.0 133.0
181.0 141.0
120.0 14.0
115.0 235.0
106.0 174.0
145.0 95.0
235.0 111.0
217.0 29.0
