1
256 1 3.0 0.0 1000.0 3 160 240 100

6.5 13.5 29.3 58.5
13.0 27.0 58.5 117.0
19.5 40.5 87.8 175.5
26.0 54.0 117.0 234.0
39.0 81.0 175.5 351.0
52.0 108.0 234.0 468.0
58.5 121.5 263.3 526.5
65.0 135.0 292.5 585.0
78.0 162.0 351.0 702.0
0.0 180.0 390.0 780.0

2.0 5.0 8.0 11.0
5.0 8.0 11.0 14.0
9.0 12.0 15.0 18.0
11.0 14.0 17.0 20.0
15.0 18.0 21.0 24.0
18.0 21.0 24.0 27.0
20.0 23.0 26.0 29.0
25.0 28.0 31.0 34.0
29.0 32.0 35.0 38.0
0.0 34.0 37.0 40.0

213.0 71.0
157.0 46.0
104.0 101.0
204.0 15.0
63.0 96.0
204.0 112.0
48.0 24.0
154.0 130.0
156.0 158.0
56.0 116.0
237.0 7.0
69.0 185.0
180.0 80.0
238.0 56.0
76.0 28.0
14.0 132.0
237.0 1.0
116.0 248.0
163.0 158.0
60.0 49.0
55.0 31.0
21.0 240.0
80.0 59.0
0.0 43.0
137.0 123.0
77.0 234.0
176.0 14.0
87.0 215.0
212.0 46.0
134.0 124.0
213.0 119.0
169.0 59.0
114.0 70.0
144.0 44.0
18.0 245.0
107.0 186.0
223.0 249.0
135.0 36.0
240.0 176.0
78.0 220.0
81.0 176.0
144.0 223.0
105.0 9.0
169.0 26.0
67.0 78.0
237.0 104.0
45.0 226.0
107.0 106.0
3.0 138.0
240.0 101.0
59.0 42.0
19.0 81.0
62.0 150.0
60.0 239.0
200.0 162.0
95.0 91.0
107.0 158.0
210.0 64.0
56.0 68.0
17.0 20.0
95.0 177.0
185.0 197.0
91.0 216.0
44.0 161.0
146.0 141.0
35.0 137.0
239.0 12.0
118.0 182.0
182.0 197.0
32.0 187.0
110.0 201.0
124.0 48.0
236.0 211.0
51.0 133.0
190.0 30.0
167.0 240.0
74.0 125.0
35.0 52.0
161.0 77.0
5.0 173.0
247.0 35.0
168.0 112.0
214.0 103.0
2.0 173.0
189.0 107.0
145.0 9.0
226.0 71.0
237.0 148.0
13.0 217.0
143.0 149.0
187.0 188.0
125.0 60.0
96.0 189.0
137.0 204.0
241.0 114.0
204.0 101.0
104.0 244.0
173.0 174.0
218.0 190.0
180.0 172.0
69.0 52.0
231.0 74.0
42.0 89.0
134.0 52.0
151.0 1.0
47.0 116.0
122.0 237.0
248.0 138.0
199.0 57.0
26.0 27.0
119.0 143.0
176.0 109.0
249.0 100.0
111.0 109.0
203.0 23.0
202.0 171.0
71.0 101.0
246.0 182.0
179.0 59.0
33.0 224.0
156.0 18.0
44.0 21.0
104.0 215.0
126.0 104.0
250.0 39.0
49.0 174.0
26.0 190.0
163.0 9.0
71.0 46.0
201.0 31.0
216.0 168.0
46.0 239.0
86.0 166.0
149.0 15.0
8.0 212.0
45.0 122.0
212.0 54.0
14.0 29.0
152.0 204.0
220.0 10.0
76.0 11.0
249.0 26.0
14.0 180.0
245.0 207.0
208.0 72.0
205.0 78.0
33.0 206.0
249.0 211.0
37.0 197.0
38.0 76.0
44.0 156.0
62.0 150.0
64.0 171.0
70.0 178.0
85.0 22.0
239.0 26.0
100.0 109.0
249.0 134.0
87.0 139.0
222.0 149.0
174.0 170.0
61.0 110.0
47.0 180.0
37.0 137.0
5.0 128.0
31.0 138.0
68.0 68.0
139.0 96.0
154.0 149.0
193.0 73.0
149.0 169.0
24.0 130.0
221.0 175.0
134.0 168.0
91.0 133.0
246.0 18.0
241.0 23.0
11.0 152.0
143.0 32.0
214.0 224.0
117.0 72.0
151.0 190.0
18.0 144.0
125.0 84.0
247.0 183.0
113.0 84.0
153.0 21.0
183.0 58.0
200.0 205.0
83.0 108.0
88.0 220.0
210.0 175.0
78.0 200.0
242.0 92.0
86.0 60.0
39.0 37.0
173.0 16.0
206.0 130.0
118.0 37.0
47.0 13.0
69.0 81.0
190.0 37.0
101.0 28.0
222.0 248.0
39.0 39.0
4.0 193.0
247.0 139.0
122.0 107.0
128.0 105.0
12.0 122.0
152.0 101.0
110.0 186.0
36.0 17.0
172.0 210.0
12.0 60.0
243.0 8.0
190.0 205.0
51.0 166.0
76.0 157.0
180.0 36.0
116.0 62.0
165.0 115.0
220.0 11.0
243.0 125.0
242.0 172.0
35.0 187.0
11.0 238.0
249.0 29.0
7.0 146.0
79.0 234.0
145.0 126.0
243.0 110.0
153.0 169.0
220.0 51.0
118.0 88.0
9.0 99.0
68.0 144.0
77.0 213.0
29.0 28.0
222.0 51.0
66.0 57.0
115.0 178.0
112.0 237.0
135.0 113.0
217.0 187.0
141.0 3.0
149.0 196.0
156.0 227.0
110.0 33.0
1.0 67.0
115.0 161.0
206.0 153.0
172.0 89.0
126.0 170.0
198.0 155.0
221.0 175.0

219.0 77.0
162.0 51.0
110.0 107.0
209.0 21.0
67.0 100.0
208.0 118.0
53.0 30.0
159.0 134.0
160.0 163.0
61.0 121.0
241.0 12.0
74.0 191.0
185.0 84.0
243.0 60.0
81.0 33.0
20.0 137.0
242.0 5.0
121.0 252.0
168.0 162.0
65.0 54.0
59.0 36.0
26.0 246.0
85.0 64.0
4.0 49.0
142.0 128.0
81.0 238.0
181.0 18.0
91.0 220.0
218.0 50.0
139.0 129.0
217.0 124.0
174.0 65.0
119.0 74.0
149.0 49.0
24.0 250.0
111.0 192.0
227.0 253.0
140.0 40.0
245.0 181.0
84.0 226.0
86.0 182.0
149.0 229.0
109.0 14.0
174.0 31.0
72.0 83.0
242.0 109.0
50.0 230.0
112.0 111.0
8.0 142.0
244.0 107.0
63.0 48.0
24.0 85.0
67.0 154.0
66.0 244.0
205.0 167.0
101.0 96.0
112.0 163.0
215.0 69.0
62.0 74.0
22.0 25.0
100.0 183.0
190.0 203.0
97.0 220.0
49.0 166.0
151.0 147.0
41.0 143.0
245.0 18.0
124.0 187.0
186.0 202.0
37.0 191.0
115.0 206.0
130.0 53.0
241.0 216.0
55.0 137.0
196.0 35.0
171.0 245.0
79.0 130.0
40.0 57.0
165.0 82.0
9.0 178.0
253.0 40.0
172.0 116.0
219.0 108.0
7.0 177.0
194.0 113.0
149.0 15.0
230.0 76.0
241.0 153.0
18.0 221.0
148.0 155.0
191.0 192.0
131.0 65.0
101.0 194.0
141.0 209.0
246.0 119.0
208.0 105.0
109.0 249.0
178.0 179.0
223.0 196.0
186.0 178.0
74.0 57.0
237.0 78.0
47.0 94.0
138.0 56.0
156.0 6.0
52.0 121.0
128.0 241.0
254.0 142.0
204.0 62.0
31.0 31.0
123.0 147.0
181.0 115.0
254.0 104.0
116.0 114.0
208.0 28.0
206.0 176.0
75.0 106.0
250.0 186.0
184.0 64.0
38.0 229.0
161.0 23.0
48.0 27.0
108.0 220.0
131.0 110.0
255.0 45.0
54.0 179.0
31.0 195.0
167.0 15.0
76.0 50.0
207.0 36.0
222.0 173.0
51.0 243.0
90.0 171.0
155.0 21.0
13.0 216.0
51.0 127.0
216.0 58.0
19.0 34.0
158.0 208.0
224.0 14.0
82.0 17.0
253.0 32.0
18.0 185.0
250.0 213.0
213.0 77.0
210.0 82.0
37.0 211.0
254.0 216.0
43.0 202.0
43.0 81.0
50.0 161.0
67.0 154.0
69.0 177.0
75.0 184.0
89.0 27.0
245.0 31.0
105.0 114.0
254.0 139.0
93.0 144.0
227.0 154.0
179.0 176.0
65.0 115.0
51.0 185.0
41.0 141.0
10.0 134.0
35.0 142.0
73.0 73.0
143.0 101.0
160.0 154.0
198.0 78.0
154.0 175.0
29.0 135.0
226.0 180.0
139.0 172.0
96.0 139.0
251.0 24.0
246.0 27.0
16.0 156.0
148.0 36.0
220.0 229.0
123.0 76.0
157.0 195.0
22.0 149.0
131.0 90.0
251.0 188.0
119.0 89.0
158.0 26.0
189.0 64.0
206.0 211.0
88.0 112.0
93.0 225.0
215.0 180.0
84.0 204.0
247.0 98.0
92.0 66.0
44.0 43.0
178.0 21.0
210.0 135.0
123.0 42.0
53.0 18.0
74.0 86.0
196.0 42.0
106.0 34.0
226.0 252.0
44.0 43.0
8.0 199.0
252.0 143.0
127.0 113.0
133.0 110.0
17.0 127.0
157.0 106.0
115.0 191.0
40.0 22.0
178.0 216.0
16.0 66.0
248.0 14.0
195.0 211.0
56.0 172.0
82.0 162.0
186.0 41.0
121.0 68.0
170.0 120.0
226.0 16.0
248.0 129.0
247.0 177.0
40.0 191.0
15.0 242.0
255.0 34.0
11.0 151.0
84.0 239.0
149.0 132.0
247.0 115.0
158.0 173.0
225.0 57.0
123.0 92.0
15.0 105.0
72.0 148.0
82.0 219.0
34.0 33.0
227.0 57.0
72.0 62.0
119.0 183.0
117.0 241.0
140.0 117.0
221.0 192.0
147.0 9.0
155.0 200.0
161.0 231.0
115.0 38.0
5.0 72.0
119.0 166.0
210.0 157.0
177.0 94.0
132.0 175.0
203.0 159.0
226.0 180.0
