1
256 1 3.0 0.0 1000.0 3 160 240 100

6.5 13.5 29.3 58.5
13.0 27.0 58.5 117.0
19.5 40.5 87.8 175.5
26.0 54.0 117.0 234.0
39.0 81.0 175.5 351.0
52.0 108.0 234.0 468.0
58.5 121.5 263.3 526.5
65.0 135.0 292.5 585.0
78.0 162.0 351.0 702.0
0.0 180.0 390.0 780.0

2.0 5.0 8.0 11.0
5.0 8.0 11.0 14.0
9.0 12.0 15.0 18.0
11.0 14.0 17.0 20.0
15.0 18.0 21.0 24.0
18.0 21.0 24.0 27.0
20.0 23.0 26.0 29.0
25.0 28.0 31.0 34.0
29.0 32.0 35.0 38.0
0.0 34.0 37.0 40.0

31.0 95.0
23.0 92.0
33.0 242.0
54.0 189.0
88.0 245.0
122.0 94.0
32.0 9.0
86.0 111.0
170.0 161.0
88.0 116.0
242.0 6.0
239.0 91.0
194.0 205.0
18.0 6.0
195.0 184.0
98.0 108.0
144.0 158.0
113.0 20.0
239.0 159.0
241.0 78.0
226.0 65.0
237.0 177.0
19.0 153.0
140.0 191.0
200.0 47.0
196.0 107.0
195.0 207.0
83.0 61.0
20.0 204.0
92.0 41.0
28.0 58.0
1.0 73.0
153.0 245.0
148.0 34.0
220.0 46.0
72.0 28.0
202.0 203.0
115.0 81.0
102.0 181.0
211.0 243.0
216.0 133.0
142.0 216.0
89.0 239.0
102.0 204.0
48.0 141.0
236.0 6.0
233.0 15.0
115.0 159.0
148.0 139.0
179.0 29.0
29.0 110.0
5.0 29.0
162.0 200.0
35.0 241.0
90.0 129.0
9.0 2.0
208.0 121.0
117.0 87.0
60.0 148.0
218.0 194.0
214.0 91.0
44.0 234.0
151.0 109.0
94.0 246.0
177.0 73.0
8.0 72.0
164.0 223.0
18.0 240.0
240.0 32.0
126.0 66.0
141.0 54.0
233.0 41.0
189.0 135.0
6.0 134.0
249.0 117.0
62.0 221.0
9.0 43.0
151.0 132.0
39.0 140.0
28.0 152.0
125.0 174.0
75.0 99.0
193.0 113.0
244.0 179.0
194.0 58.0
249.0 130.0
144.0 237.0
206.0 220.0
74.0 168.0
22.0 241.0
187.0 155.0
111.0 184.0
113.0 89.0
114.0 117.0
204.0 100.0
70.0 77.0
99.0 162.0
86.0 113.0
144.0 61.0
98.0 176.0
32.0 215.0
129.0 121.0
106.0 118.0
7.0 130.0
70.0 27.0
88.0 200.0
178.0 52.0
67.0 137.0
26.0 122.0
47.0 71.0
134.0 119.0
69.0 52.0
59.0 42.0
150.0 123.0
132.0 97.0
165.0 59.0
155.0 213.0
239.0 36.0
30.0 250.0
104.0 38.0
50.0 28.0
220.0 162.0
183.0 66.0
242.0 236.0
203.0 28.0
2.0 29.0
129.0 158.0
207.0 129.0
204.0 52.0
161.0 94.0
246.0 195.0
81.0 108.0
230.0 228.0
180.0 124.0
47.0 240.0
235.0 85.0
194.0 190.0
158.0 82.0
202.0 120.0
191.0 180.0
185.0 136.0
101.0 131.0
188.0 205.0
127.0 83.0
100.0 106.0
179.0 143.0
180.0 216.0
164.0 242.0
79.0 101.0
68.0 86.0
56.0 195.0
44.0 226.0
116.0 184.0
4.0 161.0
155.0 2.0
92.0 160.0
230.0 161.0
173.0 59.0
140.0 223.0
68.0 103.0
68.0 240.0
65.0 229.0
113.0 108.0
50.0 223.0
59.0 32.0
164.0 14.0
99.0 168.0
213.0 180.0
0.0 25.0
99.0 42.0
18.0 55.0
134.0 56.0
203.0 149.0
132.0 241.0
24.0 91.0
249.0 236.0
64.0 60.0
111.0 106.0
99.0 96.0
74.0 95.0
195.0 24.0
6.0 92.0
248.0 103.0
91.0 124.0
232.0 18.0
157.0 9.0
202.0 123.0
145.0 125.0
200.0 170.0
112.0 39.0
228.0 54.0
248.0 86.0
61.0 181.0
177.0 10.0
193.0 131.0
153.0 130.0
65.0 80.0
45.0 37.0
237.0 30.0
83.0 138.0
31.0 203.0
152.0 179.0
190.0 0.0
227.0 204.0
185.0 21.0
102.0 201.0
115.0 164.0
140.0 9.0
184.0 181.0
68.0 111.0
88.0 85.0
170.0 26.0
180.0 146.0
26.0 49.0
92.0 9.0
29.0 151.0
85.0 52.0
195.0 196.0
166.0 122.0
137.0 150.0
126.0 161.0
72.0 51.0
161.0 227.0
126.0 54.0
91.0 37.0
175.0 205.0
244.0 195.0
105.0 102.0
118.0 60.0
121.0 249.0
21.0 80.0
85.0 133.0
182.0 162.0
173.0 182.0
152.0 13.0
173.0 42.0
122.0 166.0
115.0 185.0
84.0 249.0
166.0 165.0
107.0 79.0
97.0 159.0
24.0 6.0
168.0 240.0
158.0 244.0
59.0 135.0
38.0 202.0
113.0 47.0
92.0 205.0
124.0 175.0
137.0 229.0
56.0 116.0
36.0 167.0
73.0 169.0
230.0 132.0
113.0 119.0

36.0 100.0
28.0 98.0
38.0 247.0
60.0 195.0
92.0 251.0
127.0 98.0
36.0 15.0
91.0 117.0
175.0 166.0
93.0 121.0
247.0 11.0
245.0 97.0
200.0 211.0
24.0 11.0
199.0 188.0
102.0 113.0
150.0 164.0
119.0 25.0
244.0 163.0
247.0 83.0
230.0 70.0
241.0 183.0
24.0 159.0
145.0 197.0
206.0 53.0
201.0 111.0
200.0 213.0
88.0 66.0
25.0 208.0
98.0 47.0
33.0 62.0
6.0 79.0
158.0 251.0
154.0 38.0
225.0 51.0
76.0 34.0
207.0 208.0
119.0 86.0
107.0 186.0
217.0 247.0
221.0 138.0
146.0 221.0
93.0 245.0
107.0 209.0
53.0 146.0
241.0 11.0
238.0 20.0
119.0 164.0
152.0 144.0
184.0 35.0
33.0 114.0
10.0 34.0
167.0 205.0
41.0 247.0
96.0 134.0
15.0 8.0
212.0 126.0
122.0 92.0
65.0 154.0
222.0 198.0
218.0 97.0
50.0 240.0
155.0 113.0
99.0 252.0
182.0 79.0
13.0 78.0
169.0 229.0
24.0 244.0
245.0 37.0
131.0 71.0
146.0 59.0
238.0 46.0
194.0 141.0
10.0 139.0
255.0 122.0
68.0 226.0
14.0 48.0
155.0 136.0
45.0 144.0
34.0 157.0
130.0 180.0
79.0 104.0
198.0 118.0
249.0 184.0
200.0 64.0
254.0 134.0
149.0 241.0
211.0 225.0
80.0 174.0
27.0 246.0
191.0 160.0
116.0 189.0
119.0 93.0
120.0 122.0
210.0 104.0
75.0 82.0
105.0 167.0
90.0 117.0
149.0 67.0
103.0 180.0
36.0 221.0
134.0 126.0
110.0 123.0
12.0 136.0
75.0 32.0
94.0 205.0
182.0 58.0
73.0 141.0
32.0 127.0
53.0 77.0
139.0 123.0
73.0 56.0
63.0 46.0
155.0 129.0
137.0 102.0
169.0 64.0
161.0 219.0
244.0 42.0
35.0 256.0
109.0 43.0
56.0 33.0
225.0 168.0
188.0 71.0
247.0 241.0
208.0 34.0
7.0 34.0
135.0 162.0
212.0 134.0
209.0 56.0
166.0 100.0
251.0 199.0
86.0 114.0
236.0 233.0
185.0 129.0
53.0 244.0
239.0 89.0
199.0 194.0
163.0 88.0
207.0 126.0
195.0 185.0
189.0 141.0
106.0 137.0
193.0 210.0
132.0 88.0
105.0 111.0
183.0 149.0
186.0 220.0
169.0 246.0
84.0 105.0
72.0 91.0
61.0 200.0
48.0 231.0
120.0 189.0
8.0 166.0
160.0 8.0
97.0 165.0
235.0 166.0
178.0 65.0
145.0 228.0
72.0 109.0
73.0 245.0
70.0 235.0
118.0 113.0
55.0 227.0
65.0 38.0
169.0 20.0
104.0 173.0
218.0 184.0
6.0 29.0
105.0 48.0
23.0 61.0
139.0 62.0
208.0 154.0
136.0 246.0
28.0 97.0
253.0 242.0
70.0 66.0
115.0 112.0
104.0 102.0
79.0 101.0
200.0 30.0
12.0 97.0
252.0 109.0
97.0 130.0
237.0 24.0
162.0 15.0
207.0 129.0
150.0 130.0
206.0 175.0
118.0 44.0
233.0 59.0
253.0 90.0
66.0 186.0
182.0 14.0
198.0 135.0
157.0 136.0
70.0 84.0
50.0 43.0
242.0 35.0
87.0 143.0
37.0 208.0
157.0 184.0
194.0 5.0
231.0 208.0
190.0 25.0
107.0 207.0
119.0 169.0
146.0 14.0
190.0 187.0
74.0 117.0
92.0 89.0
174.0 31.0
186.0 150.0
31.0 53.0
97.0 14.0
33.0 156.0
89.0 58.0
201.0 202.0
170.0 127.0
143.0 156.0
131.0 166.0
77.0 56.0
165.0 232.0
131.0 59.0
95.0 41.0
181.0 210.0
248.0 200.0
110.0 107.0
123.0 65.0
126.0 255.0
27.0 85.0
90.0 138.0
187.0 168.0
178.0 186.0
158.0 18.0
179.0 48.0
128.0 171.0
120.0 191.0
89.0 253.0
172.0 171.0
112.0 85.0
102.0 163.0
30.0 10.0
174.0 244.0
163.0 248.0
64.0 140.0
42.0 206.0
118.0 53.0
98.0 210.0
128.0 180.0
142.0 235.0
62.0 122.0
41.0 172.0
78.0 175.0
235.0 137.0
118.0 124.0
