1
256 1 3.0 0.0 1000.0 3 160 240 100

6.5 13.5 29.3 58.5
13.0 27.0 58.5 117.0
19.5 40.5 87.8 175.5
26.0 54.0 117.0 234.0
39.0 81.0 175.5 351.0
52.0 108.0 234.0 468.0
58.5 121.5 263.3 526.5
65.0 135.0 292.5 585.0
78.0 162.0 351.0 702.0
0.0 180.0 390.0 780.0

2.0 5.0 8.0 11.0
5.0 8.0 11.0 14.0
9.0 12.0 15.0 18.0
11.0 14.0 17.0 20.0
15.0 18.0 21.0 24.0
18.0 21.0 24.0 27.0
20.0 23.0 26.0 29.0
25.0 28.0 31.0 34.0
29.0 32.0 35.0 38.0
0.0 34.0 37.0 40.0

28.0 53.0
25.0 55.0
214.0 187.0
64.0 220.0
214.0 211.0
208.0 112.0
6.0 106.0
229.0 35.0
107.0 210.0
15.0 156.0
234.0 148.0
30.0 72.0
154.0 83.0
90.0 78.0
141.0 102.0
197.0 245.0
59.0 67.0
197.0 162.0
128.0 114.0
120.0 48.0
244.0 11.0
93.0 4.0
49.0 184.0
66.0 203.0
249.0 245.0
112.0 177.0
240.0 198.0
166.0 126.0
178.0 52.0
88.0 24.0
168.0 118.0
50.0 82.0
84.0 107.0
239.0 205.0
80.0 195.0
14.0 147.0
160.0 7.0
138.0 111.0
14.0 104.0
78.0 119.0
100.0 26.0
146.0 43.0
51.0 101.0
73.0 232.0
27.0 212.0
182.0 2.0
194.0 89.0
124.0 61.0
99.0 205.0
206.0 242.0
231.0 216.0
164.0 1.0
167.0 148.0
34.0 190.0
221.0 136.0
89.0 165.0
115.0 69.0
124.0 125.0
222.0 42.0
193.0 117.0
11.0 109.0
190.0 227.0
138.0 115.0
3.0 23.0
178.0 217.0
30.0 128.0
59.0 1.0
131.0 132.0
84.0 189.0
197.0 91.0
217.0 197.0
37.0 187.0
148.0 184.0
126.0 189.0
187.0 218.0
55.0 151.0
117.0 73.0
94.0 111.0
207.0 168.0
77.0 119.0
110.0 19.0
155.0 214.0
240.0 106.0
5.0 53.0
227.0 146.0
150.0 209.0
155.0 50.0
110.0 192.0
82.0 175.0
180.0 93.0
147.0 29.0
154.0 36.0
149.0 164.0
177.0 205.0
32.0 37.0
176.0 12.0
31.0 207.0
170.0 39.0
33.0 14.0
36.0 208.0
42.0 235.0
152.0 178.0
178.0 245.0
126.0 45.0
212.0 37.0
153.0 231.0
201.0 30.0
90.0 6.0
103.0 118.0
150.0 147.0
52.0 21.0
201.0 65.0
55.0 34.0
187.0 27.0
160.0 83.0
16.0 168.0
238.0 73.0
89.0 63.0
52.0 67.0
167.0 159.0
129.0 147.0
129.0 231.0
228.0 118.0
194.0 20.0
55.0 40.0
39.0 106.0
143.0 128.0
12.0 44.0
158.0 112.0
231.0 181.0
191.0 237.0
163.0 78.0
166.0 115.0
98.0 58.0
49.0 233.0
212.0 199.0
104.0 212.0
40.0 145.0
23.0 232.0
167.0 207.0
46.0 101.0
67.0 226.0
5.0 17.0
53.0 57.0
61.0 106.0
116.0 30.0
176.0 168.0
6.0 100.0
210.0 110.0
206.0 183.0
77.0 84.0
19.0 16.0
216.0 214.0
55.0 153.0
175.0 48.0
210.0 62.0
205.0 235.0
35.0 74.0
40.0 198.0
241.0 3.0
114.0 175.0
84.0 74.0
28.0 24.0
13.0 111.0
159.0 35.0
211.0 226.0
69.0 30.0
8.0 104.0
241.0 104.0
209.0 248.0
203.0 176.0
155.0 142.0
144.0 79.0
207.0 83.0
241.0 221.0
95.0 14.0
174.0 173.0
182.0 228.0
157.0 108.0
228.0 147.0
101.0 51.0
62.0 190.0
107.0 250.0
145.0 37.0
31.0 249.0
33.0 190.0
189.0 99.0
101.0 9.0
82.0 174.0
190.0 249.0
68.0 126.0
123.0 156.0
245.0 92.0
150.0 17.0
99.0 74.0
150.0 97.0
47.0 191.0
247.0 236.0
65.0 131.0
73.0 167.0
146.0 126.0
193.0 196.0
159.0 127.0
47.0 180.0
231.0 158.0
71.0 75.0
86.0 136.0
200.0 119.0
104.0 7.0
50.0 25.0
153.0 120.0
121.0 151.0
68.0 56.0
172.0 133.0
232.0 219.0
247.0 71.0
240.0 19.0
119.0 137.0
218.0 83.0
21.0 66.0
179.0 209.0
47.0 18.0
96.0 105.0
203.0 162.0
190.0 21.0
149.0 85.0
11.0 185.0
203.0 242.0
177.0 15.0
45.0 199.0
203.0 161.0
62.0 242.0
192.0 213.0
138.0 235.0
180.0 8.0
216.0 172.0
24.0 245.0
57.0 181.0
17.0 209.0
147.0 64.0
229.0 212.0
55.0 230.0
145.0 145.0
65.0 246.0
212.0 146.0
7.0 248.0
6.0 150.0
245.0 40.0
238.0 189.0
109.0 5.0
203.0 99.0
123.0 41.0
2.0 115.0
167.0 14.0
20.0 147.0
60.0 63.0

33.0 58.0
29.0 60.0
219.0 193.0
70.0 224.0
219.0 216.0
212.0 116.0
10.0 111.0
234.0 40.0
113.0 215.0
20.0 162.0
239.0 154.0
34.0 76.0
159.0 89.0
94.0 83.0
146.0 107.0
202.0 250.0
63.0 72.0
202.0 166.0
134.0 119.0
125.0 53.0
250.0 16.0
99.0 8.0
53.0 189.0
70.0 208.0
254.0 251.0
117.0 181.0
246.0 202.0
171.0 132.0
184.0 58.0
92.0 30.0
174.0 123.0
55.0 88.0
90.0 112.0
245.0 210.0
85.0 199.0
19.0 152.0
166.0 13.0
143.0 116.0
19.0 109.0
83.0 124.0
104.0 32.0
151.0 47.0
55.0 107.0
79.0 237.0
32.0 217.0
186.0 8.0
198.0 93.0
129.0 67.0
104.0 209.0
212.0 246.0
236.0 222.0
169.0 6.0
172.0 153.0
39.0 196.0
226.0 141.0
93.0 170.0
120.0 73.0
128.0 130.0
228.0 48.0
197.0 122.0
17.0 113.0
194.0 232.0
144.0 120.0
8.0 28.0
182.0 221.0
35.0 132.0
65.0 5.0
136.0 138.0
88.0 193.0
202.0 96.0
222.0 202.0
43.0 192.0
153.0 189.0
131.0 194.0
191.0 223.0
61.0 156.0
122.0 78.0
99.0 117.0
212.0 173.0
82.0 125.0
115.0 23.0
161.0 218.0
245.0 110.0
10.0 59.0
231.0 151.0
156.0 214.0
160.0 55.0
114.0 197.0
86.0 180.0
184.0 98.0
153.0 34.0
159.0 41.0
154.0 169.0
182.0 210.0
37.0 43.0
180.0 17.0
36.0 213.0
175.0 44.0
38.0 18.0
40.0 213.0
47.0 239.0
157.0 183.0
183.0 250.0
131.0 49.0
218.0 42.0
157.0 236.0
205.0 35.0
96.0 12.0
108.0 122.0
155.0 152.0
57.0 26.0
206.0 71.0
61.0 40.0
192.0 32.0
165.0 87.0
21.0 173.0
242.0 78.0
95.0 68.0
57.0 71.0
172.0 165.0
133.0 153.0
134.0 235.0
234.0 123.0
199.0 26.0
60.0 44.0
45.0 111.0
147.0 134.0
17.0 49.0
163.0 116.0
236.0 185.0
195.0 243.0
168.0 83.0
170.0 121.0
103.0 63.0
55.0 238.0
218.0 204.0
109.0 216.0
45.0 151.0
28.0 236.0
172.0 213.0
50.0 106.0
73.0 231.0
11.0 21.0
58.0 62.0
66.0 111.0
121.0 35.0
181.0 173.0
12.0 104.0
215.0 115.0
211.0 187.0
83.0 88.0
25.0 22.0
220.0 220.0
59.0 158.0
181.0 53.0
215.0 67.0
209.0 240.0
39.0 80.0
46.0 203.0
246.0 7.0
119.0 180.0
89.0 80.0
32.0 29.0
19.0 116.0
164.0 40.0
216.0 232.0
74.0 34.0
14.0 110.0
247.0 109.0
213.0 252.0
208.0 182.0
159.0 148.0
148.0 85.0
213.0 89.0
247.0 225.0
100.0 19.0
178.0 178.0
186.0 232.0
161.0 112.0
234.0 153.0
106.0 57.0
67.0 195.0
113.0 256.0
151.0 42.0
36.0 253.0
38.0 195.0
195.0 104.0
106.0 14.0
87.0 180.0
194.0 254.0
72.0 131.0
129.0 161.0
250.0 98.0
154.0 22.0
104.0 80.0
155.0 102.0
52.0 197.0
252.0 240.0
71.0 135.0
78.0 172.0
150.0 131.0
199.0 201.0
164.0 133.0
53.0 185.0
235.0 162.0
76.0 80.0
92.0 140.0
206.0 125.0
108.0 12.0
55.0 30.0
159.0 124.0
125.0 156.0
73.0 60.0
178.0 137.0
237.0 224.0
252.0 76.0
244.0 25.0
125.0 142.0
223.0 88.0
27.0 70.0
183.0 214.0
51.0 23.0
102.0 110.0
208.0 167.0
196.0 26.0
154.0 90.0
16.0 191.0
208.0 246.0
182.0 19.0
51.0 204.0
209.0 165.0
68.0 247.0
198.0 218.0
144.0 239.0
185.0 13.0
221.0 177.0
29.0 250.0
62.0 186.0
22.0 213.0
151.0 69.0
235.0 217.0
59.0 234.0
151.0 150.0
71.0 250.0
217.0 151.0
13.0 252.0
12.0 154.0
250.0 44.0
244.0 195.0
115.0 10.0
207.0 103.0
128.0 47.0
6.0 120.0
171.0 20.0
25.0 153.0
65.0 68.0
