1
256 1 3.0 0.0 1000.0 3 160 240 100

6.5 13.5 29.3 58.5
13.0 27.0 58.5 117.0
19.5 40.5 87.8 175.5
26.0 54.0 117.0 234.0
39.0 81.0 175.5 351.0
52.0 108.0 234.0 468.0
58.5 121.5 263.3 526.5
65.0 135.0 292.5 585.0
78.0 162.0 351.0 702.0
0.0 180.0 390.0 780.0

2.0 5.0 8.0 11.0
5.0 8.0 11.0 14.0
9.0 12.0 15.0 18.0
11.0 14.0 17.0 20.0
15.0 18.0 21.0 24.0
18.0 21.0 24.0 27.0
20.0 23.0 26.0 29.0
25.0 28.0 31.0 34.0
29.0 32.0 35.0 38.0
0.0 34.0 37.0 40.0

67.0 47.0
237.0 232.0
25.0 64.0
226.0 123.0
19.0 38.0
230.0 13.0
112.0 23.0
108.0 27.0
51.0 239.0
200.0 19.0
237.0 235.0
83.0 126.0
122.0 143.0
161.0 35.0
229.0 49.0
45.0 48.0
35.0 88.0
25.0 66.0
44.0 186.0
204.0 200.0
159.0 160.0
227.0 4.0
57.0 235.0
50.0 170.0
66.0 66.0
57.0 44.0
91.0 185.0
91.0 191.0
239.0 105.0
86.0 229.0
67.0 112.0
241.0 45.0
202.0 105.0
47.0 240.0
155.0 148.0
231.0 28.0
205.0 206.0
57.0 73.0
30.0 112.0
172.0 108.0
98.0 113.0
54.0 203.0
128.0 165.0
140.0 138.0
247.0 195.0
57.0 135.0
24.0 131.0
159.0 20.0
146.0 50.0
161.0 203.0
43.0 95.0
216.0 168.0
75.0 168.0
93.0 239.0
250.0 156.0
165.0 174.0
188.0 64.0
2.0 4.0
175.0 219.0
162.0 25.0
163.0 4.0
73.0 235.0
162.0 192.0
249.0 15.0
29.0 200.0
104.0 198.0
205.0 208.0
212.0 222.0
46.0 100.0
178.0 118.0
160.0 18.0
83.0 168.0
24.0 152.0
35.0 103.0
189.0 152.0
177.0 46.0
186.0 160.0
44.0 204.0
89.0 247.0
18.0 135.0
223.0 103.0
124.0 218.0
93.0 152.0
49.0 28.0
146.0 61.0
12.0 120.0
61.0 194.0
230.0 48.0
75.0 103.0
236.0 248.0
144.0 224.0
171.0 232.0
79.0 18.0
182.0 108.0
82.0 69.0
162.0 242.0
199.0 25.0
113.0 189.0
237.0 19.0
218.0 106.0
29.0 66.0
36.0 142.0
244.0 219.0
40.0 131.0
220.0 79.0
25.0 223.0
160.0 96.0
236.0 143.0
48.0 109.0
126.0 101.0
228.0 192.0
198.0 155.0
157.0 140.0
237.0 176.0
131.0 23.0
3.0 106.0
114.0 25.0
63.0 15.0
122.0 110.0
212.0 34.0
136.0 131.0
37.0 44.0
140.0 25.0
195.0 65.0
130.0 85.0
81.0 114.0
50.0 106.0
102.0 89.0
158.0 232.0
74.0 72.0
118.0 201.0
114.0 249.0
214.0 191.0
159.0 198.0
114.0 68.0
91.0 121.0
178.0 136.0
12.0 155.0
150.0 58.0
238.0 205.0
73.0 164.0
199.0 58.0
145.0 205.0
184.0 105.0
7.0 134.0
243.0 45.0
21.0 99.0
70.0 25.0
171.0 107.0
29.0 225.0
26.0 166.0
51.0 198.0
12.0 246.0
170.0 124.0
53.0 230.0
59.0 135.0
220.0 73.0
209.0 14.0
65.0 230.0
228.0 55.0
139.0 179.0
39.0 235.0
24.0 225.0
81.0 139.0
235.0 48.0
151.0 148.0
188.0 49.0
128.0 210.0
246.0 85.0
99.0 84.0
139.0 7.0
231.0 238.0
140.0 247.0
54.0 179.0
196.0 216.0
119.0 23.0
247.0 141.0
63.0 196.0
61.0 240.0
181.0 202.0
202.0 219.0
152.0 234.0
81.0 129.0
155.0 183.0
68.0 189.0
136.0 185.0
13.0 233.0
94.0 155.0
14.0 22.0
20.0 64.0
150.0 186.0
230.0 27.0
169.0 183.0
108.0 93.0
189.0 157.0
111.0 181.0
45.0 199.0
199.0 162.0
224.0 27.0
140.0 172.0
124.0 207.0
1.0 34.0
224.0 75.0
138.0 229.0
12.0 81.0
123.0 187.0
137.0 97.0
54.0 208.0
18.0 49.0
39.0 150.0
231.0 33.0
204.0 93.0
45.0 137.0
125.0 212.0
56.0 21.0
154.0 204.0
153.0 93.0
175.0 141.0
148.0 216.0
132.0 199.0
184.0 150.0
238.0 19.0
106.0 35.0
84.0 28.0
66.0 16.0
179.0 90.0
151.0 165.0
14.0 200.0
174.0 197.0
69.0 220.0
67.0 241.0
211.0 227.0
117.0 54.0
41.0 117.0
123.0 54.0
11.0 146.0
85.0 192.0
233.0 179.0
123.0 162.0
200.0 219.0
127.0 79.0
189.0 84.0
192.0 36.0
201.0 202.0
231.0 1.0
100.0 12.0
184.0 116.0
151.0 52.0
89.0 240.0
11.0 118.0
79.0 144.0
6.0 191.0
164.0 103.0
103.0 130.0
8.0 157.0
48.0 220.0

72.0 52.0
243.0 238.0
29.0 69.0
232.0 128.0
24.0 42.0
235.0 17.0
116.0 28.0
113.0 33.0
56.0 244.0
205.0 24.0
242.0 240.0
87.0 131.0
127.0 147.0
165.0 39.0
235.0 54.0
50.0 54.0
39.0 93.0
30.0 71.0
48.0 192.0
209.0 205.0
165.0 166.0
232.0 8.0
61.0 240.0
55.0 174.0
72.0 71.0
62.0 48.0
95.0 191.0
96.0 196.0
244.0 110.0
92.0 234.0
71.0 116.0
246.0 50.0
208.0 109.0
53.0 246.0
159.0 153.0
236.0 33.0
211.0 211.0
63.0 77.0
34.0 117.0
178.0 114.0
103.0 118.0
59.0 208.0
134.0 169.0
144.0 143.0
251.0 199.0
63.0 140.0
29.0 137.0
163.0 24.0
151.0 54.0
165.0 208.0
47.0 99.0
221.0 174.0
80.0 173.0
99.0 245.0
254.0 160.0
170.0 179.0
192.0 68.0
7.0 10.0
180.0 224.0
168.0 30.0
169.0 10.0
77.0 240.0
168.0 197.0
254.0 20.0
34.0 206.0
109.0 202.0
210.0 213.0
217.0 228.0
50.0 105.0
184.0 124.0
164.0 23.0
88.0 172.0
28.0 157.0
39.0 108.0
195.0 156.0
182.0 52.0
190.0 166.0
49.0 209.0
94.0 252.0
23.0 140.0
228.0 108.0
129.0 223.0
98.0 157.0
54.0 32.0
151.0 67.0
17.0 124.0
66.0 198.0
236.0 52.0
80.0 108.0
242.0 252.0
149.0 229.0
177.0 236.0
84.0 23.0
188.0 113.0
86.0 75.0
167.0 248.0
204.0 29.0
118.0 193.0
243.0 24.0
223.0 111.0
34.0 71.0
40.0 148.0
249.0 223.0
46.0 136.0
225.0 83.0
29.0 228.0
166.0 101.0
242.0 149.0
53.0 113.0
131.0 106.0
233.0 196.0
202.0 161.0
162.0 146.0
242.0 182.0
136.0 28.0
8.0 110.0
120.0 30.0
67.0 21.0
127.0 114.0
216.0 39.0
141.0 136.0
42.0 49.0
145.0 29.0
200.0 70.0
134.0 90.0
87.0 119.0
55.0 110.0
108.0 94.0
163.0 236.0
79.0 76.0
123.0 206.0
120.0 254.0
218.0 195.0
163.0 204.0
119.0 73.0
97.0 127.0
184.0 140.0
17.0 159.0
154.0 63.0
244.0 209.0
78.0 170.0
204.0 63.0
151.0 209.0
190.0 111.0
11.0 138.0
248.0 51.0
25.0 105.0
75.0 30.0
177.0 111.0
34.0 230.0
30.0 170.0
56.0 203.0
17.0 252.0
175.0 130.0
58.0 236.0
64.0 139.0
225.0 78.0
214.0 19.0
70.0 235.0
234.0 60.0
145.0 184.0
43.0 239.0
30.0 230.0
86.0 144.0
239.0 52.0
157.0 153.0
193.0 54.0
132.0 215.0
251.0 90.0
104.0 89.0
144.0 13.0
236.0 243.0
146.0 252.0
59.0 184.0
202.0 221.0
124.0 27.0
251.0 147.0
69.0 202.0
65.0 245.0
185.0 208.0
208.0 223.0
157.0 239.0
87.0 135.0
161.0 189.0
73.0 194.0
141.0 190.0
19.0 237.0
98.0 161.0
19.0 28.0
24.0 68.0
155.0 191.0
236.0 31.0
175.0 189.0
114.0 98.0
193.0 163.0
117.0 187.0
50.0 204.0
203.0 167.0
229.0 32.0
145.0 176.0
129.0 212.0
6.0 40.0
228.0 79.0
142.0 234.0
17.0 85.0
127.0 192.0
141.0 101.0
59.0 213.0
24.0 55.0
45.0 155.0
236.0 38.0
210.0 99.0
49.0 141.0
130.0 217.0
60.0 27.0
159.0 210.0
157.0 98.0
179.0 147.0
152.0 221.0
137.0 203.0
188.0 156.0
244.0 24.0
111.0 39.0
88.0 34.0
72.0 20.0
183.0 95.0
156.0 171.0
20.0 204.0
180.0 202.0
74.0 226.0
72.0 245.0
215.0 232.0
122.0 58.0
47.0 122.0
127.0 58.0
17.0 152.0
89.0 197.0
238.0 184.0
128.0 167.0
204.0 224.0
131.0 85.0
193.0 88.0
196.0 41.0
205.0 207.0
235.0 5.0
105.0 16.0
188.0 121.0
156.0 56.0
94.0 244.0
15.0 122.0
85.0 149.0
12.0 197.0
169.0 109.0
108.0 136.0
13.0 161.0
54.0 225.0
