1
256 1 3.0 0.0 1000.0 3 160 240 100

6.5 13.5 29.3 58.5
13.0 27.0 58.5 117.0
19.5 40.5 87.8 175.5
26.0 54.0 117.0 234.0
39.0 81.0 175.5 351.0
52.0 108.0 234.0 468.0
58.5 121.5 263.3 526.5
65.0 135.0 292.5 585.0
78.0 162.0 351.0 702.0
0.0 180.0 390.0 780.0

2.0 5.0 8.0 11.0
5.0 8.0 11.0 14.0
9.0 12.0 15.0 18.0
11.0 14.0 17.0 20.0
15.0 18.0 21.0 24.0
18.0 21.0 24.0 27.0
20.0 23.0 26.0 29.0
25.0 28.0 31.0 34.0
29.0 32.0 35.0 38.0
0.0 34.0 37.0 40.0

224.0 121.0
100.0 197.0
242.0 145.0
159.0 216.0
105.0 206.0
62.0 124.0
161.0 213.0
58.0 226.0
48.0 76.0
106.0 212.0
66.0 159.0
93.0 52.0
99.0 198.0
11.0 6.0
33.0 214.0
57.0 30.0
168.0 28.0
179.0 247.0
187.0 34.0
188.0 157.0
59.0 230.0
63.0 101.0
59.0 9.0
193.0 56.0
173.0 112.0
72.0 136.0
176.0 106.0
50.0 1.0
30.0 158.0
50.0 181.0
30.0 119.0
208.0 134.0
204.0 28.0
229.0 180.0
28.0 205.0
59.0 242.0
80.0 153.0
7.0 174.0
76.0 69.0
67.0 226.0
34.0 53.0
196.0 41.0
137.0 191.0
161.0 133.0
164.0 242.0
103.0 96.0
175.0 201.0
37.0 122.0
215.0 115.0
78.0 208.0
80.0 44.0
227.0 1.0
46.0 166.0
139.0 36.0
218.0 45.0
72.0 196.0
36.0 186.0
72.0 14.0
218.0 16.0
218.0 35.0
42.0 50.0
105.0 216.0
135.0 6.0
11.0 223.0
40.0 230.0
54.0 221.0
101.0 101.0
167.0 131.0
69.0 141.0
52.0 101.0
92.0 113.0
92.0 15.0
109.0 220.0
236.0 166.0
196.0 65.0
223.0 60.0
10.0 94.0
28.0 79.0
241.0 77.0
25.0 107.0
107.0 213.0
124.0 224.0
171.0 35.0
5.0 190.0
137.0 87.0
71.0 202.0
38.0 167.0
131.0 19.0
88.0 236.0
53.0 74.0
240.0 155.0
22.0 22.0
103.0 237.0
20.0 236.0
123.0 146.0
39.0 74.0
65.0 243.0
22.0 38.0
78.0 55.0
153.0 44.0
240.0 87.0
136.0 33.0
10.0 17.0
202.0 26.0
94.0 124.0
99.0 226.0
40.0 127.0
189.0 138.0
176.0 146.0
34.0 201.0
91.0 85.0
214.0 6.0
168.0 36.0
134.0 244.0
200.0 121.0
190.0 61.0
6.0 0.0
183.0 99.0
208.0 81.0
205.0 29.0
172.0 36.0
40.0 218.0
194.0 45.0
156.0 227.0
38.0 231.0
211.0 141.0
22.0 97.0
37.0 59.0
155.0 40.0
130.0 127.0
135.0 135.0
249.0 60.0
85.0 151.0
29.0 158.0
215.0 83.0
63.0 143.0
165.0 78.0
20.0 199.0
86.0 136.0
98.0 153.0
85.0 93.0
13.0 77.0
237.0 162.0
209.0 106.0
138.0 129.0
96.0 121.0
89.0 139.0
144.0 248.0
27.0 27.0
3.0 165.0
127.0 247.0
103.0 52.0
108.0 5.0
40.0 63.0
23.0 242.0
66.0 20.0
183.0 220.0
107.0 76.0
138.0 234.0
29.0 187.0
227.0 52.0
171.0 8.0
5.0 9.0
6.0 176.0
169.0 227.0
80.0 222.0
184.0 243.0
188.0 199.0
100.0 167.0
95.0 152.0
117.0 9.0
118.0 120.0
48.0 180.0
248.0 197.0
90.0 185.0
22.0 202.0
173.0 122.0
174.0 110.0
194.0 150.0
166.0 176.0
17.0 151.0
14.0 19.0
159.0 131.0
103.0 239.0
195.0 204.0
50.0 192.0
167.0 87.0
202.0 125.0
133.0 68.0
160.0 184.0
52.0 250.0
77.0 105.0
239.0 167.0
240.0 233.0
225.0 191.0
37.0 58.0
128.0 200.0
220.0 31.0
231.0 57.0
184.0 227.0
31.0 244.0
32.0 245.0
41.0 74.0
41.0 36.0
9.0 202.0
168.0 168.0
212.0 223.0
75.0 103.0
94.0 224.0
204.0 118.0
51.0 184.0
246.0 61.0
243.0 220.0
157.0 214.0
130.0 199.0
204.0 66.0
212.0 92.0
53.0 151.0
59.0 209.0
14.0 123.0
244.0 65.0
85.0 103.0
120.0 153.0
25.0 97.0
190.0 231.0
231.0 129.0
143.0 45.0
18.0 40.0
172.0 195.0
210.0 199.0
8.0 214.0
4.0 207.0
194.0 183.0
150.0 225.0
129.0 71.0
38.0 127.0
45.0 6.0
91.0 221.0
67.0 37.0
195.0 130.0
142.0 228.0
199.0 205.0
127.0 249.0
61.0 167.0
171.0 195.0
76.0 238.0
81.0 176.0
127.0 84.0
164.0 22.0
17.0 203.0
127.0 21.0
205.0 201.0
131.0 178.0
117.0 219.0
224.0 19.0
249.0 82.0

230.0 126.0
106.0 201.0
248.0 150.0
163.0 220.0
109.0 211.0
68.0 129.0
165.0 219.0
63.0 231.0
54.0 80.0
111.0 218.0
72.0 164.0
98.0 57.0
105.0 203.0
15.0 12.0
38.0 220.0
62.0 35.0
173.0 33.0
184.0 251.0
192.0 38.0
192.0 162.0
64.0 235.0
68.0 106.0
64.0 15.0
197.0 62.0
179.0 116.0
76.0 141.0
180.0 111.0
56.0 6.0
36.0 164.0
56.0 185.0
35.0 124.0
213.0 139.0
209.0 32.0
235.0 184.0
33.0 210.0
64.0 246.0
86.0 158.0
13.0 179.0
82.0 74.0
72.0 231.0
40.0 58.0
201.0 45.0
141.0 197.0
166.0 137.0
170.0 248.0
108.0 101.0
179.0 206.0
41.0 127.0
220.0 119.0
83.0 213.0
86.0 48.0
231.0 5.0
50.0 170.0
145.0 42.0
222.0 50.0
77.0 200.0
41.0 191.0
76.0 20.0
223.0 20.0
224.0 39.0
47.0 54.0
109.0 222.0
139.0 10.0
16.0 227.0
46.0 235.0
59.0 226.0
107.0 106.0
172.0 137.0
74.0 145.0
56.0 106.0
97.0 118.0
98.0 21.0
113.0 225.0
242.0 170.0
200.0 69.0
229.0 65.0
15.0 99.0
34.0 84.0
246.0 82.0
30.0 112.0
112.0 218.0
129.0 229.0
175.0 40.0
9.0 195.0
142.0 91.0
76.0 206.0
42.0 172.0
137.0 24.0
93.0 242.0
59.0 78.0
245.0 160.0
28.0 26.0
107.0 243.0
25.0 241.0
128.0 150.0
45.0 80.0
70.0 247.0
26.0 43.0
83.0 61.0
158.0 50.0
246.0 92.0
140.0 38.0
14.0 23.0
208.0 32.0
98.0 129.0
105.0 230.0
45.0 132.0
195.0 142.0
182.0 152.0
38.0 206.0
96.0 91.0
218.0 11.0
174.0 40.0
139.0 248.0
205.0 127.0
195.0 65.0
11.0 4.0
189.0 104.0
213.0 86.0
211.0 34.0
176.0 41.0
45.0 223.0
200.0 50.0
162.0 232.0
43.0 236.0
217.0 147.0
26.0 102.0
43.0 64.0
160.0 46.0
136.0 132.0
139.0 141.0
254.0 64.0
89.0 156.0
33.0 163.0
219.0 87.0
69.0 149.0
171.0 83.0
26.0 203.0
90.0 141.0
102.0 158.0
90.0 98.0
18.0 83.0
242.0 167.0
215.0 110.0
144.0 134.0
102.0 126.0
95.0 144.0
148.0 253.0
32.0 32.0
9.0 169.0
132.0 251.0
107.0 58.0
114.0 10.0
46.0 67.0
27.0 247.0
71.0 24.0
187.0 224.0
112.0 82.0
142.0 240.0
35.0 192.0
232.0 58.0
177.0 13.0
11.0 14.0
11.0 181.0
175.0 231.0
85.0 226.0
189.0 248.0
194.0 205.0
105.0 171.0
100.0 156.0
121.0 13.0
124.0 124.0
53.0 185.0
253.0 203.0
95.0 191.0
26.0 207.0
178.0 127.0
179.0 114.0
199.0 155.0
170.0 182.0
21.0 156.0
20.0 24.0
163.0 137.0
107.0 245.0
200.0 208.0
55.0 197.0
171.0 92.0
206.0 131.0
137.0 74.0
166.0 188.0
58.0 255.0
82.0 110.0
243.0 171.0
246.0 238.0
229.0 196.0
41.0 63.0
133.0 204.0
225.0 36.0
236.0 61.0
189.0 233.0
35.0 250.0
38.0 250.0
46.0 79.0
45.0 42.0
13.0 206.0
172.0 174.0
217.0 227.0
81.0 109.0
100.0 230.0
209.0 123.0
55.0 188.0
250.0 66.0
248.0 225.0
163.0 220.0
136.0 203.0
209.0 70.0
216.0 96.0
58.0 155.0
64.0 214.0
19.0 129.0
248.0 70.0
90.0 107.0
124.0 157.0
30.0 101.0
194.0 237.0
235.0 135.0
148.0 49.0
22.0 44.0
177.0 200.0
214.0 203.0
14.0 219.0
10.0 212.0
199.0 187.0
155.0 231.0
135.0 76.0
42.0 132.0
50.0 11.0
97.0 226.0
71.0 43.0
200.0 136.0
147.0 233.0
204.0 211.0
131.0 253.0
66.0 171.0
177.0 201.0
82.0 244.0
86.0 182.0
132.0 88.0
169.0 28.0
21.0 208.0
131.0 26.0
211.0 207.0
135.0 183.0
122.0 223.0
230.0 23.0
253.0 87.0
