1
256 1 3.0 0.0 1000.0 3 160 240 100

6.5 13.5 29.3 58.5
13.0 27.0 58.5 117.0
19.5 40.5 87.8 175.5
26.0 54.0 117.0 234.0
39.0 81.0 175.5 351.0
52.0 108.0 234.0 468.0
58.5 121.5 263.3 526.5
65.0 135.0 292.5 585.0
78.0 162.0 351.0 702.0
0.0 180.0 390.0 780.0

2.0 5.0 8.0 11.0
5.0 8.0 11.0 14.0
9.0 12.0 15.0 18.0
11.0 14.0 17.0 20.0
15.0 18.0 21.0 24.0
18.0 21.0 24.0 27.0
20.0 23.0 26.0 29.0
25.0 28.0 31.0 34.0
29.0 32.0 35.0 38.0
0.0 34.0 37.0 40.0

108.0 177.0
36.0 110.0
76.0 74.0
182.0 84.0
160.0 151.0
16.0 15.0
102.0 204.0
54.0 38.0
203.0 115.0
127.0 82.0
209.0 57.0
58.0 219.0
136.0 49.0
171.0 234.0
204.0 117.0
98.0 227.0
150.0 194.0
169.0 156.0
217.0 154.0
219.0 232.0
201.0 209.0
240.0 213.0
249.0 226.0
70.0 130.0
150.0 41.0
183.0 116.0
195.0 208.0
142.0 4.0
215.0 146.0
152.0 217.0
3.0 229.0
157.0 28.0
105.0 177.0
37.0 51.0
62.0 146.0
228.0 186.0
206.0 19.0
187.0 7.0
220.0 166.0
171.0 174.0
199.0 39.0
94.0 249.0
34.0 10.0
91.0 117.0
237.0 185.0
159.0 13.0
149.0 227.0
119.0 232.0
43.0 52.0
177.0 156.0
160.0 45.0
169.0 42.0
80.0 47.0
158.0 79.0
101.0 127.0
98.0 39.0
132.0 18.0
100.0 152.0
168.0 108.0
139.0 154.0
208.0 232.0
115.0 14.0
74.0 43.0
236.0 168.0
115.0 71.0
4.0 129.0
127.0 132.0
149.0 189.0
93.0 71.0
172.0 208.0
200.0 110.0
211.0 62.0
127.0 185.0
11.0 143.0
170.0 157.0
109.0 96.0
69.0 140.0
112.0 59.0
246.0 232.0
68.0 228.0
185.0 7.0
192.0 121.0
27.0 171.0
51.0 3.0
11.0 125.0
109.0 215.0
183.0 208.0
115.0 240.0
142.0 240.0
89.0 132.0
128.0 16.0
41.0 11.0
71.0 238.0
37.0 126.0
61.0 165.0
113.0 62.0
212.0 99.0
61.0 223.0
6.0 104.0
168.0 41.0
230.0 199.0
87.0 159.0
206.0 57.0
47.0 175.0
48.0 72.0
181.0 65.0
28.0 196.0
78.0 247.0
162.0 32.0
208.0 29.0
220.0 226.0
193.0 24.0
138.0 248.0
206.0 161.0
174.0 246.0
87.0 240.0
159.0 176.0
96.0 34.0
48.0 24.0
9.0 21.0
12.0 205.0
101.0 120.0
138.0 53.0
95.0 126.0
119.0 149.0
7.0 113.0
111.0 4.0
84.0 118.0
12.0 211.0
132.0 240.0
238.0 230.0
70.0 107.0
100.0 35.0
130.0 210.0
243.0 160.0
149.0 181.0
127.0 240.0
15.0 154.0
139.0 233.0
88.0 142.0
181.0 30.0
14.0 200.0
197.0 243.0
151.0 192.0
133.0 46.0
135.0 41.0
138.0 204.0
190.0 172.0
136.0 44.0
72.0 134.0
212.0 136.0
142.0 248.0
51.0 54.0
72.0 146.0
9.0 123.0
50.0 155.0
179.0 128.0
136.0 34.0
143.0 34.0
229.0 134.0
172.0 60.0
189.0 115.0
172.0 26.0
208.0 173.0
8.0 202.0
78.0 19.0
150.0 198.0
80.0 202.0
133.0 246.0
38.0 142.0
155.0 37.0
109.0 86.0
173.0 103.0
243.0 225.0
203.0 12.0
6.0 66.0
66.0 3.0
72.0 179.0
138.0 207.0
213.0 11.0
2.0 189.0
202.0 46.0
153.0 107.0
95.0 107.0
50.0 76.0
176.0 204.0
46.0 169.0
158.0 111.0
85.0 14.0
51.0 194.0
103.0 48.0
160.0 43.0
140.0 11.0
5.0 60.0
212.0 107.0
248.0 190.0
80.0 58.0
39.0 54.0
106.0 83.0
1.0 56.0
189.0 169.0
135.0 99.0
96.0 35.0
238.0 111.0
75.0 21.0
0.0 122.0
168.0 200.0
233.0 242.0
249.0 55.0
31.0 143.0
78.0 135.0
198.0 14.0
13.0 182.0
101.0 238.0
63.0 5.0
170.0 113.0
27.0 203.0
74.0 2.0
47.0 168.0
173.0 111.0
183.0 72.0
146.0 142.0
213.0 154.0
24.0 165.0
155.0 133.0
150.0 64.0
68.0 186.0
169.0 30.0
16.0 201.0
202.0 92.0
130.0 103.0
168.0 12.0
20.0 109.0
53.0 186.0
101.0 65.0
198.0 231.0
204.0 106.0
32.0 36.0
169.0 169.0
213.0 78.0
162.0 219.0
201.0 156.0
39.0 94.0
126.0 228.0
125.0 211.0
91.0 107.0
97.0 153.0
139.0 102.0
229.0 12.0
162.0 217.0
55.0 132.0
99.0 128.0
78.0 243.0
84.0 177.0
220.0 26.0
1.0 208.0

114.0 182.0
40.0 114.0
81.0 79.0
187.0 89.0
166.0 157.0
20.0 21.0
106.0 208.0
60.0 43.0
208.0 120.0
132.0 88.0
213.0 63.0
63.0 223.0
140.0 54.0
175.0 239.0
210.0 122.0
104.0 232.0
155.0 199.0
174.0 161.0
223.0 159.0
224.0 236.0
205.0 214.0
246.0 217.0
254.0 230.0
76.0 135.0
154.0 45.0
188.0 121.0
200.0 213.0
147.0 8.0
221.0 151.0
156.0 223.0
9.0 234.0
161.0 33.0
110.0 181.0
43.0 56.0
68.0 150.0
233.0 191.0
212.0 23.0
191.0 13.0
225.0 170.0
176.0 178.0
205.0 43.0
100.0 255.0
39.0 14.0
96.0 123.0
242.0 190.0
165.0 17.0
155.0 233.0
125.0 236.0
47.0 56.0
182.0 162.0
165.0 49.0
174.0 46.0
86.0 51.0
163.0 83.0
106.0 132.0
103.0 45.0
137.0 22.0
106.0 158.0
174.0 112.0
144.0 158.0
213.0 238.0
120.0 20.0
79.0 48.0
240.0 173.0
120.0 75.0
9.0 133.0
133.0 137.0
155.0 194.0
98.0 76.0
176.0 213.0
205.0 116.0
217.0 67.0
131.0 189.0
15.0 148.0
175.0 162.0
114.0 101.0
74.0 145.0
117.0 65.0
250.0 238.0
72.0 233.0
190.0 12.0
197.0 125.0
31.0 176.0
55.0 9.0
16.0 129.0
114.0 221.0
189.0 212.0
119.0 246.0
147.0 245.0
94.0 137.0
134.0 20.0
47.0 16.0
76.0 244.0
41.0 130.0
67.0 171.0
119.0 67.0
217.0 105.0
66.0 227.0
11.0 109.0
173.0 46.0
234.0 203.0
92.0 164.0
211.0 62.0
53.0 181.0
53.0 78.0
186.0 70.0
33.0 202.0
83.0 253.0
168.0 37.0
213.0 35.0
225.0 231.0
198.0 29.0
143.0 252.0
211.0 167.0
179.0 251.0
91.0 245.0
163.0 181.0
101.0 40.0
53.0 30.0
14.0 26.0
16.0 211.0
106.0 125.0
144.0 59.0
101.0 132.0
123.0 154.0
12.0 118.0
116.0 8.0
89.0 124.0
17.0 215.0
137.0 245.0
243.0 234.0
76.0 111.0
105.0 39.0
136.0 216.0
249.0 165.0
153.0 187.0
133.0 245.0
21.0 160.0
143.0 238.0
93.0 147.0
186.0 36.0
20.0 206.0
201.0 249.0
156.0 198.0
138.0 50.0
140.0 45.0
142.0 210.0
196.0 176.0
141.0 49.0
78.0 140.0
218.0 141.0
148.0 253.0
56.0 60.0
76.0 151.0
15.0 128.0
55.0 160.0
184.0 133.0
141.0 39.0
148.0 38.0
234.0 140.0
178.0 65.0
193.0 120.0
178.0 31.0
212.0 178.0
12.0 208.0
83.0 25.0
154.0 203.0
85.0 207.0
137.0 251.0
42.0 147.0
159.0 42.0
114.0 92.0
177.0 107.0
248.0 230.0
207.0 17.0
11.0 72.0
72.0 8.0
77.0 183.0
143.0 213.0
218.0 16.0
7.0 195.0
206.0 52.0
158.0 112.0
100.0 112.0
55.0 82.0
180.0 209.0
51.0 174.0
163.0 116.0
90.0 19.0
57.0 199.0
109.0 52.0
166.0 49.0
145.0 16.0
9.0 66.0
216.0 111.0
253.0 194.0
84.0 63.0
43.0 59.0
112.0 87.0
6.0 61.0
194.0 174.0
139.0 104.0
101.0 39.0
242.0 116.0
81.0 27.0
5.0 126.0
172.0 204.0
238.0 247.0
254.0 60.0
35.0 148.0
84.0 140.0
204.0 20.0
17.0 187.0
107.0 242.0
69.0 9.0
175.0 117.0
33.0 208.0
79.0 8.0
53.0 172.0
178.0 116.0
187.0 77.0
152.0 147.0
218.0 158.0
29.0 171.0
161.0 138.0
154.0 69.0
73.0 191.0
174.0 35.0
20.0 207.0
207.0 97.0
135.0 108.0
173.0 17.0
25.0 114.0
58.0 191.0
106.0 69.0
204.0 237.0
209.0 112.0
36.0 41.0
173.0 174.0
218.0 83.0
167.0 225.0
206.0 161.0
44.0 100.0
131.0 234.0
130.0 216.0
96.0 111.0
101.0 158.0
144.0 107.0
235.0 17.0
167.0 221.0
60.0 136.0
105.0 132.0
84.0 247.0
90.0 183.0
225.0 32.0
7.0 212.0
