1
256 1 3.0 0.0 1000.0 3 160 240 100

6.5 13.5 29.3 58.5
13.0 27.0 58.5 117.0
19.5 40.5 87.8 175.5
26.0 54.0 117.0 234.0
39.0 81.0 175.5 351.0
52.0 108.0 234.0 468.0
58.5 121.5 263.3 526.5
65.0 135.0 292.5 585.0
78.0 162.0 351.0 702.0
0.0 180.0 390.0 780.0

2.0 5.0 8.0 11.0
5.0 8.0 11.0 14.0
9.0 12.0 15.0 18.0
11.0 14.0 17.0 20.0
15.0 18.0 21.0 24.0
18.0 21.0 24.0 27.0
20.0 23.0 26.0 29.0
25.0 28.0 31.0 34.0
29.0 32.0 35.0 38.0
0.0 34.0 37.0 40.0

193.0 10.0
60.0 72.0
180.0 225.0
151.0 161.0
232.0 162.0
243.0 109.0
98.0 76.0
134.0 53.0
125.0 25.0
68.0 140.0
50.0 35.0
3.0 9.0
100.0 223.0
92.0 127.0
89.0 169.0
81.0 35.0
2.0 135.0
158.0 146.0
140.0 48.0
113.0 34.0
199.0 233.0
196.0 240.0
221.0 171.0
159.0 138.0
164.0 148.0
2.0 27.0
167.0 195.0
26.0 113.0
116.0 72.0
97.0 175.0
220.0 52.0
88.0 198.0
85.0 139.0
44.0 139.0
105.0 111.0
140.0 9.0
41.0 138.0
115.0 18.0
235.0 241.0
141.0 134.0
198.0 212.0
153.0 159.0
151.0 158.0
246.0 37.0
127.0 137.0
36.0 146.0
86.0 184.0
219.0 150.0
44.0 79.0
90.0 36.0
16.0 24.0
138.0 38.0
165.0 194.0
102.0 215.0
85.0 220.0
237.0 236.0
227.0 195.0
34.0 19.0
20.0 121.0
29.0 167.0
77.0 21.0
77.0 213.0
164.0 17.0
76.0 236.0
185.0 214.0
171.0 240.0
3.0 57.0
33.0 243.0
214.0 152.0
110.0 77.0
64.0 68.0
93.0 232.0
22.0 247.0
101.0 110.0
49.0 164.0
205.0 157.0
218.0 236.0
176.0 119.0
95.0 4.0
195.0 235.0
152.0 196.0
49.0 27.0
21.0 90.0
153.0 106.0
204.0 147.0
70.0 17.0
197.0 215.0
229.0 193.0
9.0 136.0
141.0 151.0
156.0 201.0
198.0 119.0
240.0 152.0
214.0 119.0
71.0 37.0
177.0 60.0
63.0 21.0
1.0 235.0
230.0 53.0
112.0 168.0
156.0 142.0
30.0 60.0
123.0 2.0
172.0 175.0
154.0 194.0
148.0 25.0
29.0 169.0
157.0 70.0
153.0 184.0
125.0 184.0
215.0 145.0
69.0 205.0
138.0 218.0
211.0 214.0
133.0 128.0
192.0 221.0
229.0 121.0
35.0 41.0
231.0 132.0
86.0 157.0
92.0 12.0
210.0 220.0
14.0 226.0
92.0 127.0
170.0 246.0
34.0 187.0
212.0 190.0
249.0 187.0
85.0 52.0
144.0 15.0
200.0 188.0
226.0 7.0
99.0 36.0
9.0 48.0
39.0 112.0
157.0 241.0
10.0 137.0
142.0 27.0
245.0 199.0
3.0 204.0
92.0 192.0
137.0 103.0
195.0 62.0
57.0 242.0
230.0 212.0
181.0 93.0
12.0 246.0
229.0 160.0
99.0 3.0
139.0 118.0
77.0 200.0
228.0 98.0
33.0 12.0
114.0 236.0
27.0 23.0
19.0 205.0
189.0 12.0
84.0 205.0
128.0 122.0
181.0 21.0
154.0 10.0
6.0 247.0
134.0 148.0
35.0 154.0
96.0 248.0
10.0 183.0
24.0 100.0
175.0 158.0
105.0 179.0
42.0 80.0
221.0 193.0
24.0 220.0
84.0 26.0
110.0 8.0
185.0 151.0
36.0 35.0
72.0 75.0
235.0 65.0
3.0 22.0
176.0 243.0
124.0 50.0
231.0 14.0
86.0 155.0
47.0 62.0
120.0 218.0
212.0 178.0
123.0 203.0
43.0 222.0
132.0 83.0
174.0 213.0
139.0 43.0
148.0 102.0
217.0 50.0
47.0 124.0
59.0 218.0
17.0 166.0
21.0 185.0
76.0 165.0
132.0 45.0
195.0 102.0
60.0 195.0
169.0 235.0
100.0 247.0
125.0 10.0
60.0 2.0
85.0 153.0
237.0 1.0
39.0 38.0
224.0 36.0
73.0 181.0
129.0 9.0
136.0 83.0
57.0 127.0
111.0 174.0
73.0 233.0
156.0 170.0
120.0 107.0
99.0 236.0
222.0 162.0
226.0 154.0
93.0 19.0
136.0 242.0
89.0 232.0
106.0 108.0
12.0 38.0
22.0 119.0
59.0 30.0
212.0 24.0
72.0 238.0
81.0 2.0
2.0 157.0
35.0 200.0
99.0 77.0
207.0 137.0
144.0 122.0
91.0 194.0
89.0 235.0
243.0 163.0
50.0 143.0
8.0 217.0
164.0 159.0
70.0 145.0
96.0 230.0
151.0 85.0
102.0 215.0
39.0 233.0
67.0 178.0
139.0 116.0
27.0 50.0
107.0 68.0
241.0 84.0
136.0 81.0
174.0 56.0
68.0 72.0
100.0 35.0
46.0 105.0

197.0 15.0
66.0 78.0
184.0 231.0
156.0 165.0
237.0 167.0
247.0 114.0
103.0 81.0
139.0 57.0
130.0 29.0
73.0 144.0
55.0 40.0
8.0 13.0
106.0 228.0
98.0 131.0
93.0 175.0
86.0 40.0
6.0 139.0
164.0 151.0
146.0 53.0
119.0 39.0
204.0 237.0
202.0 244.0
226.0 175.0
165.0 143.0
168.0 153.0
7.0 32.0
172.0 201.0
31.0 117.0
121.0 77.0
102.0 180.0
225.0 57.0
93.0 204.0
90.0 145.0
48.0 144.0
110.0 116.0
145.0 15.0
45.0 143.0
121.0 23.0
240.0 245.0
146.0 139.0
204.0 217.0
157.0 163.0
155.0 164.0
251.0 43.0
132.0 142.0
42.0 150.0
90.0 188.0
223.0 156.0
48.0 83.0
96.0 42.0
21.0 28.0
144.0 43.0
170.0 199.0
107.0 219.0
90.0 224.0
243.0 240.0
232.0 200.0
40.0 24.0
24.0 126.0
34.0 172.0
82.0 25.0
82.0 217.0
169.0 21.0
81.0 240.0
190.0 218.0
177.0 246.0
8.0 61.0
38.0 248.0
219.0 158.0
115.0 82.0
69.0 73.0
97.0 236.0
27.0 251.0
106.0 114.0
54.0 168.0
209.0 161.0
223.0 242.0
181.0 124.0
100.0 9.0
199.0 240.0
158.0 201.0
54.0 31.0
25.0 96.0
159.0 111.0
210.0 151.0
75.0 23.0
202.0 221.0
234.0 198.0
13.0 141.0
146.0 157.0
162.0 205.0
203.0 124.0
244.0 158.0
220.0 123.0
76.0 43.0
182.0 64.0
69.0 25.0
6.0 240.0
234.0 58.0
118.0 174.0
161.0 147.0
35.0 65.0
128.0 8.0
178.0 179.0
158.0 199.0
154.0 29.0
34.0 173.0
161.0 75.0
158.0 189.0
129.0 189.0
219.0 150.0
75.0 211.0
143.0 223.0
217.0 219.0
138.0 134.0
197.0 226.0
233.0 126.0
40.0 47.0
237.0 137.0
91.0 161.0
97.0 18.0
215.0 225.0
19.0 230.0
97.0 132.0
175.0 251.0
40.0 192.0
218.0 196.0
255.0 192.0
90.0 58.0
149.0 19.0
204.0 193.0
231.0 12.0
104.0 41.0
13.0 54.0
45.0 118.0
163.0 246.0
15.0 142.0
146.0 31.0
249.0 204.0
7.0 208.0
97.0 197.0
142.0 108.0
200.0 66.0
63.0 248.0
235.0 217.0
186.0 99.0
17.0 251.0
233.0 165.0
103.0 8.0
144.0 122.0
82.0 206.0
232.0 104.0
38.0 18.0
119.0 241.0
33.0 29.0
25.0 210.0
194.0 16.0
89.0 209.0
132.0 127.0
185.0 25.0
158.0 15.0
11.0 251.0
139.0 154.0
41.0 159.0
101.0 253.0
16.0 188.0
28.0 104.0
179.0 164.0
109.0 184.0
48.0 86.0
226.0 198.0
29.0 226.0
90.0 31.0
115.0 13.0
190.0 156.0
40.0 40.0
77.0 79.0
241.0 70.0
7.0 28.0
180.0 249.0
130.0 55.0
236.0 18.0
92.0 160.0
51.0 66.0
125.0 224.0
218.0 182.0
127.0 207.0
49.0 228.0
137.0 88.0
179.0 218.0
144.0 47.0
154.0 108.0
223.0 56.0
52.0 130.0
64.0 223.0
23.0 170.0
26.0 191.0
80.0 169.0
138.0 50.0
200.0 107.0
65.0 199.0
174.0 240.0
105.0 251.0
129.0 15.0
65.0 6.0
90.0 158.0
241.0 5.0
44.0 44.0
230.0 41.0
78.0 186.0
133.0 13.0
142.0 88.0
63.0 131.0
115.0 179.0
78.0 238.0
160.0 175.0
124.0 113.0
105.0 240.0
226.0 168.0
232.0 159.0
98.0 25.0
141.0 247.0
94.0 238.0
111.0 113.0
17.0 44.0
27.0 123.0
64.0 36.0
218.0 30.0
77.0 244.0
87.0 6.0
6.0 161.0
39.0 205.0
105.0 83.0
212.0 142.0
148.0 127.0
95.0 199.0
94.0 240.0
248.0 168.0
56.0 148.0
12.0 222.0
168.0 163.0
75.0 150.0
101.0 236.0
156.0 90.0
106.0 221.0
44.0 238.0
71.0 182.0
143.0 121.0
32.0 56.0
113.0 74.0
245.0 89.0
141.0 87.0
180.0 61.0
72.0 77.0
104.0 41.0
51.0 109.0
