1
256 1 3.0 0.0 1000.0 3 160 240 100

6.5 13.5 29.3 58.5
13.0 27.0 58.5 117.0
19.5 40.5 87.8 175.5
26.0 54.0 117.0 234.0
39.0 81.0 175.5 351.0
52.0 108.0 234.0 468.0
58.5 121.5 263.3 526.5
65.0 135.0 292.5 585.0
78.0 162.0 351.0 702.0
0.0 180.0 390.0 780.0

2.0 5.0 8.0 11.0
5.0 8.0 11.0 14.0
9.0 12.0 15.0 18.0
11.0 14.0 17.0 20.0
15.0 18.0 21.0 24.0
18.0 21.0 24.0 27.0
20.0 23.0 26.0 29.0
25.0 28.0 31.0 34.0
29.0 32.0 35.0 38.0
0.0 34.0 37.0 40.0

168.0 136.0
48.0 175.0
3.0 199.0
246.0 127.0
71.0 24.0
136.0 91.0
250.0 164.0
19.0 190.0
175.0 113.0
109.0 80.0
113.0 220.0
64.0 131.0
7.0 188.0
104.0 61.0
154.0 187.0
170.0 123.0
235.0 200.0
169.0 211.0
44.0 9.0
144.0 92.0
10.0 41.0
17.0 9.0
230.0 133.0
150.0 246.0
236.0 45.0
227.0 22.0
90.0 160.0
72.0 165.0
147.0 80.0
51.0 79.0
213.0 163.0
29.0 76.0
63.0 114.0
168.0 189.0
165.0 26.0
157.0 198.0
204.0 120.0
30.0 83.0
126.0 201.0
49.0 20.0
180.0 207.0
172.0 13.0
26.0 242.0
216.0 145.0
46.0 92.0
107.0 174.0
34.0 245.0
197.0 73.0
24.0 38.0
179.0 125.0
60.0 73.0
189.0 42.0
46.0 149.0
11.0 91.0
108.0 239.0
91.0 70.0
215.0 119.0
160.0 9.0
132.0 65.0
50.0 42.0
75.0 88.0
107.0 209.0
7.0 9.0
181.0 7.0
71.0 213.0
216.0 85.0
242.0 12.0
41.0 16.0
48.0 80.0
18.0 156.0
67.0 12.0
12.0 171.0
196.0 98.0
223.0 110.0
3.0 237.0
213.0 216.0
41.0 219.0
54.0 241.0
59.0 150.0
47.0 84.0
120.0 145.0
53.0 129.0
171.0 185.0
36.0 247.0
215.0 123.0
216.0 195.0
3.0 135.0
51.0 8.0
9.0 205.0
97.0 7.0
248.0 73.0
63.0 109.0
58.0 112.0
247.0 220.0
45.0 182.0
48.0 18.0
184.0 60.0
109.0 5.0
138.0 113.0
163.0 43.0
182.0 187.0
9.0 112.0
154.0 6.0
75.0 125.0
202.0 190.0
104.0 181.0
124.0 38.0
62.0 196.0
190.0 73.0
165.0 181.0
123.0 131.0
11.0 228.0
4.0 95.0
78.0 97.0
150.0 193.0
200.0 93.0
98.0 81.0
175.0 246.0
134.0 13.0
215.0 114.0
119.0 188.0
32.0 92.0
171.0 192.0
152.0 176.0
78.0 25.0
103.0 188.0
141.0 229.0
219.0 30.0
185.0 242.0
64.0 117.0
61.0 136.0
103.0 156.0
5.0 207.0
244.0 63.0
59.0 221.0
248.0 65.0
32.0 160.0
21.0 129.0
89.0 139.0
147.0 170.0
75.0 210.0
52.0 33.0
19.0 111.0
40.0 88.0
75.0 46.0
214.0 54.0
204.0 171.0
137.0 11.0
225.0 5.0
137.0 104.0
185.0 71.0
233.0 11.0
24.0 96.0
195.0 54.0
128.0 216.0
108.0 163.0
129.0 127.0
80.0 181.0
132.0 10.0
66.0 103.0
150.0 50.0
98.0 117.0
25.0 234.0
6.0 150.0
240.0 149.0
44.0 180.0
39.0 74.0
139.0 122.0
122.0 203.0
42.0 197.0
216.0 194.0
231.0 202.0
164.0 235.0
219.0 210.0
193.0 203.0
241.0 11.0
146.0 238.0
95.0 180.0
219.0 165.0
241.0 225.0
76.0 242.0
58.0 64.0
53.0 8.0
231.0 150.0
180.0 105.0
52.0 150.0
93.0 221.0
226.0 92.0
215.0 143.0
95.0 15.0
133.0 205.0
245.0 180.0
194.0 233.0
24.0 229.0
105.0 157.0
80.0 241.0
183.0 10.0
60.0 191.0
193.0 112.0
202.0 127.0
12.0 35.0
94.0 216.0
194.0 18.0
202.0 89.0
59.0 57.0
64.0 245.0
240.0 214.0
130.0 103.0
199.0 241.0
29.0 56.0
15.0 194.0
99.0 3.0
73.0 250.0
97.0 101.0
97.0 31.0
54.0 56.0
24.0 33.0
56.0 101.0
32.0 73.0
52.0 95.0
99.0 225.0
88.0 4.0
34.0 58.0
196.0 94.0
226.0 248.0
207.0 204.0
177.0 5.0
99.0 61.0
200.0 23.0
22.0 135.0
205.0 11.0
235.0 111.0
97.0 141.0
219.0 110.0
80.0 86.0
79.0 105.0
247.0 133.0
127.0 42.0
156.0 140.0
132.0 234.0
130.0 212.0
248.0 165.0
94.0 0.0
235.0 155.0
91.0 101.0
120.0 128.0
141.0 97.0
18.0 78.0
221.0 95.0
147.0 93.0
155.0 169.0
135.0 154.0
55.0 200.0
14.0 205.0
249.0 131.0
142.0 65.0

173.0 141.0
53.0 179.0
7.0 204.0
252.0 132.0
77.0 30.0
140.0 96.0
256.0 170.0
23.0 195.0
181.0 118.0
114.0 85.0
117.0 224.0
68.0 136.0
12.0 193.0
108.0 66.0
159.0 193.0
174.0 127.0
240.0 205.0
174.0 216.0
48.0 14.0
149.0 97.0
16.0 47.0
21.0 14.0
236.0 137.0
155.0 250.0
242.0 51.0
232.0 28.0
95.0 164.0
76.0 170.0
153.0 86.0
56.0 85.0
218.0 169.0
33.0 82.0
67.0 119.0
173.0 195.0
170.0 31.0
162.0 203.0
209.0 125.0
35.0 89.0
131.0 205.0
55.0 26.0
185.0 212.0
176.0 17.0
31.0 248.0
221.0 150.0
52.0 97.0
112.0 179.0
39.0 250.0
201.0 78.0
28.0 43.0
185.0 130.0
65.0 79.0
194.0 46.0
50.0 153.0
16.0 95.0
113.0 244.0
96.0 74.0
220.0 124.0
165.0 13.0
138.0 70.0
56.0 47.0
79.0 92.0
113.0 215.0
12.0 14.0
185.0 12.0
75.0 217.0
220.0 89.0
248.0 17.0
46.0 21.0
54.0 86.0
23.0 161.0
73.0 18.0
18.0 176.0
202.0 104.0
228.0 116.0
7.0 242.0
218.0 222.0
47.0 224.0
60.0 246.0
64.0 156.0
51.0 90.0
124.0 150.0
59.0 134.0
175.0 190.0
40.0 251.0
220.0 128.0
221.0 201.0
8.0 140.0
55.0 12.0
14.0 211.0
101.0 11.0
254.0 78.0
68.0 115.0
63.0 118.0
251.0 225.0
49.0 187.0
53.0 23.0
190.0 65.0
113.0 10.0
143.0 118.0
168.0 49.0
187.0 193.0
14.0 116.0
158.0 10.0
81.0 130.0
207.0 195.0
109.0 186.0
129.0 43.0
67.0 200.0
195.0 77.0
170.0 187.0
128.0 137.0
16.0 234.0
9.0 101.0
82.0 101.0
155.0 197.0
204.0 97.0
102.0 85.0
181.0 250.0
139.0 18.0
220.0 118.0
124.0 192.0
37.0 97.0
175.0 198.0
156.0 181.0
83.0 29.0
109.0 194.0
146.0 234.0
223.0 35.0
190.0 248.0
68.0 122.0
66.0 141.0
108.0 160.0
10.0 211.0
249.0 68.0
65.0 225.0
254.0 69.0
38.0 166.0
25.0 134.0
94.0 144.0
151.0 176.0
81.0 215.0
57.0 39.0
24.0 116.0
46.0 93.0
79.0 52.0
219.0 59.0
209.0 177.0
142.0 15.0
230.0 9.0
142.0 109.0
191.0 76.0
237.0 15.0
28.0 101.0
201.0 58.0
134.0 222.0
113.0 169.0
133.0 133.0
85.0 185.0
137.0 15.0
72.0 109.0
154.0 56.0
102.0 122.0
31.0 239.0
11.0 155.0
246.0 153.0
49.0 185.0
44.0 79.0
144.0 127.0
128.0 208.0
47.0 203.0
221.0 198.0
236.0 206.0
168.0 240.0
225.0 215.0
197.0 208.0
246.0 16.0
152.0 243.0
99.0 185.0
224.0 169.0
246.0 229.0
80.0 247.0
64.0 70.0
59.0 14.0
237.0 156.0
185.0 111.0
57.0 154.0
98.0 226.0
230.0 96.0
220.0 148.0
100.0 20.0
138.0 211.0
249.0 185.0
199.0 238.0
29.0 235.0
111.0 162.0
84.0 247.0
189.0 14.0
66.0 195.0
198.0 117.0
207.0 132.0
16.0 39.0
100.0 222.0
199.0 22.0
207.0 94.0
63.0 62.0
70.0 249.0
246.0 218.0
135.0 108.0
203.0 245.0
35.0 61.0
21.0 200.0
104.0 8.0
78.0 255.0
102.0 105.0
103.0 37.0
59.0 61.0
28.0 38.0
61.0 105.0
37.0 77.0
57.0 100.0
104.0 231.0
93.0 9.0
39.0 63.0
200.0 99.0
232.0 253.0
212.0 208.0
182.0 9.0
105.0 66.0
204.0 29.0
26.0 140.0
209.0 17.0
239.0 117.0
103.0 147.0
224.0 115.0
84.0 91.0
85.0 110.0
253.0 138.0
132.0 47.0
160.0 145.0
138.0 238.0
136.0 216.0
254.0 169.0
99.0 5.0
240.0 161.0
96.0 107.0
125.0 133.0
146.0 103.0
22.0 84.0
225.0 100.0
151.0 98.0
161.0 173.0
141.0 160.0
59.0 205.0
19.0 210.0
253.0 136.0
147.0 71.0
