1
256 1 3.0 0.0 1000.0 3 160 240 100

6.5 13.5 29.3 58.5
13.0 27.0 58.5 117.0
19.5 40.5 87.8 175.5
26.0 54.0 117.0 234.0
39.0 81.0 175.5 351.0
52.0 108.0 234.0 468.0
58.5 121.5 263.3 526.5
65.0 135.0 292.5 585.0
78.0 162.0 351.0 702.0
0.0 180.0 390.0 780.0

2.0 5.0 8.0 11.0
5.0 8.0 11.0 14.0
9.0 12.0 15.0 18.0
11.0 14.0 17.0 20.0
15.0 18.0 21.0 24.0
18.0 21.0 24.0 27.0
20.0 23.0 26.0 29.0
25.0 28.0 31.0 34.0
29.0 32.0 35.0 38.0
0.0 34.0 37.0 40.0

21.0 0.0
224.0 191.0
7.0 153.0
141.0 63.0
30.0 114.0
86.0 104.0
238.0 172.0
0.0 238.0
230.0 115.0
164.0 36.0
47.0 152.0
154.0 205.0
213.0 43.0
23.0 181.0
28.0 226.0
138.0 134.0
97.0 50.0
231.0 20.0
175.0 12.0
0.0 137.0
183.0 248.0
166.0 176.0
111.0 48.0
205.0 106.0
32.0 14.0
43.0 17.0
59.0 11.0
54.0 115.0
110.0 152.0
20.0 140.0
179.0 94.0
16.0 11.0
104.0 14.0
21.0 99.0
153.0 160.0
73.0 65.0
48.0 224.0
148.0 18.0
128.0 60.0
220.0 72.0
129.0 117.0
44.0 191.0
168.0 230.0
241.0 247.0
46.0 24.0
109.0 75.0
57.0 193.0
126.0 77.0
57.0 28.0
163.0 21.0
109.0 97.0
24.0 225.0
73.0 62.0
204.0 137.0
87.0 161.0
87.0 130.0
186.0 229.0
127.0 150.0
121.0 146.0
90.0 161.0
7.0 216.0
30.0 144.0
240.0 243.0
204.0 222.0
178.0 179.0
227.0 51.0
151.0 237.0
38.0 160.0
190.0 218.0
107.0 15.0
132.0 76.0
85.0 114.0
140.0 79.0
195.0 8.0
171.0 234.0
191.0 183.0
35.0 196.0
59.0 75.0
224.0 214.0
170.0 26.0
26.0 200.0
171.0 75.0
212.0 99.0
202.0 25.0
206.0 32.0
111.0 49.0
142.0 1.0
119.0 146.0
83.0 16.0
230.0 95.0
213.0 46.0
225.0 98.0
108.0 34.0
148.0 111.0
52.0 12.0
9.0 198.0
133.0 164.0
221.0 41.0
181.0 7.0
139.0 34.0
182.0 168.0
86.0 1.0
108.0 45.0
98.0 76.0
145.0 200.0
173.0 154.0
163.0 162.0
100.0 96.0
27.0 103.0
54.0 205.0
199.0 185.0
151.0 31.0
135.0 182.0
5.0 158.0
34.0 33.0
139.0 153.0
66.0 67.0
146.0 191.0
20.0 177.0
72.0 183.0
124.0 52.0
58.0 32.0
94.0 134.0
85.0 218.0
45.0 20.0
223.0 217.0
203.0 111.0
108.0 89.0
155.0 95.0
184.0 91.0
224.0 192.0
44.0 45.0
76.0 135.0
38.0 192.0
1.0 171.0
110.0 118.0
125.0 196.0
146.0 133.0
117.0 177.0
191.0 48.0
4.0 93.0
171.0 108.0
50.0 196.0
105.0 155.0
184.0 173.0
87.0 152.0
56.0 139.0
129.0 18.0
83.0 192.0
21.0 27.0
182.0 52.0
186.0 97.0
187.0 157.0
55.0 106.0
16.0 119.0
53.0 165.0
214.0 15.0
119.0 136.0
56.0 69.0
212.0 179.0
218.0 55.0
93.0 1.0
73.0 112.0
235.0 217.0
245.0 166.0
248.0 112.0
95.0 38.0
64.0 101.0
169.0 54.0
144.0 42.0
128.0 96.0
64.0 82.0
86.0 62.0
125.0 50.0
248.0 26.0
228.0 221.0
137.0 202.0
14.0 88.0
190.0 129.0
154.0 73.0
135.0 41.0
152.0 203.0
49.0 242.0
174.0 66.0
130.0 47.0
149.0 175.0
228.0 246.0
9.0 194.0
17.0 35.0
219.0 37.0
1.0 228.0
63.0 145.0
89.0 85.0
227.0 99.0
75.0 183.0
8.0 244.0
133.0 49.0
78.0 92.0
15.0 109.0
3.0 84.0
216.0 30.0
60.0 67.0
159.0 152.0
196.0 223.0
24.0 209.0
29.0 166.0
165.0 146.0
124.0 66.0
124.0 134.0
58.0 151.0
32.0 187.0
137.0 63.0
48.0 116.0
163.0 51.0
7.0 118.0
219.0 92.0
40.0 81.0
7.0 64.0
221.0 43.0
88.0 162.0
120.0 23.0
173.0 86.0
203.0 2.0
191.0 46.0
76.0 183.0
162.0 239.0
135.0 170.0
226.0 235.0
9.0 60.0
223.0 26.0
219.0 224.0
63.0 75.0
63.0 150.0
145.0 233.0
44.0 236.0
190.0 224.0
205.0 32.0
135.0 216.0
72.0 220.0
57.0 37.0
194.0 163.0
162.0 179.0
109.0 222.0
192.0 27.0
94.0 30.0
133.0 85.0
153.0 55.0
225.0 4.0
231.0 13.0
32.0 63.0
231.0 78.0
178.0 33.0
195.0 97.0
151.0 196.0
103.0 117.0
155.0 80.0

26.0 5.0
229.0 196.0
13.0 158.0
146.0 67.0
34.0 118.0
92.0 109.0
243.0 177.0
5.0 242.0
234.0 120.0
170.0 41.0
52.0 156.0
160.0 209.0
218.0 49.0
28.0 187.0
33.0 230.0
144.0 138.0
102.0 55.0
235.0 25.0
180.0 18.0
5.0 143.0
188.0 253.0
172.0 180.0
117.0 52.0
210.0 111.0
38.0 18.0
48.0 23.0
64.0 16.0
59.0 120.0
114.0 158.0
26.0 145.0
183.0 99.0
20.0 16.0
109.0 19.0
26.0 104.0
158.0 166.0
78.0 70.0
53.0 228.0
153.0 22.0
133.0 64.0
225.0 76.0
134.0 122.0
49.0 197.0
173.0 236.0
247.0 252.0
51.0 30.0
113.0 79.0
61.0 197.0
130.0 82.0
63.0 33.0
168.0 26.0
114.0 102.0
28.0 230.0
78.0 68.0
209.0 143.0
92.0 166.0
91.0 134.0
191.0 234.0
133.0 156.0
125.0 152.0
94.0 165.0
12.0 222.0
36.0 150.0
245.0 248.0
210.0 227.0
182.0 184.0
233.0 57.0
157.0 242.0
43.0 164.0
194.0 224.0
112.0 20.0
137.0 82.0
91.0 120.0
145.0 84.0
199.0 14.0
175.0 239.0
196.0 189.0
40.0 201.0
65.0 79.0
230.0 219.0
174.0 31.0
31.0 205.0
176.0 80.0
218.0 105.0
208.0 30.0
212.0 37.0
117.0 55.0
147.0 5.0
123.0 150.0
88.0 20.0
236.0 101.0
218.0 51.0
230.0 104.0
113.0 39.0
154.0 115.0
56.0 18.0
15.0 203.0
138.0 169.0
226.0 46.0
186.0 13.0
144.0 39.0
187.0 173.0
91.0 6.0
113.0 49.0
103.0 81.0
151.0 205.0
178.0 159.0
168.0 168.0
104.0 101.0
32.0 109.0
59.0 209.0
203.0 190.0
156.0 35.0
139.0 187.0
11.0 163.0
39.0 38.0
144.0 158.0
72.0 73.0
152.0 196.0
25.0 182.0
78.0 188.0
128.0 57.0
63.0 38.0
100.0 138.0
89.0 222.0
50.0 25.0
227.0 222.0
207.0 116.0
113.0 93.0
160.0 100.0
189.0 97.0
230.0 197.0
48.0 51.0
82.0 141.0
43.0 196.0
5.0 177.0
116.0 123.0
130.0 201.0
151.0 138.0
122.0 181.0
197.0 54.0
9.0 97.0
175.0 112.0
55.0 200.0
109.0 160.0
190.0 178.0
92.0 158.0
61.0 144.0
134.0 23.0
87.0 197.0
25.0 33.0
186.0 57.0
192.0 103.0
191.0 163.0
61.0 112.0
20.0 123.0
58.0 170.0
219.0 20.0
124.0 141.0
61.0 75.0
218.0 184.0
222.0 59.0
97.0 7.0
77.0 117.0
239.0 223.0
250.0 171.0
253.0 117.0
99.0 43.0
68.0 106.0
174.0 59.0
149.0 48.0
133.0 101.0
69.0 87.0
91.0 66.0
131.0 56.0
252.0 32.0
232.0 226.0
143.0 208.0
18.0 94.0
195.0 134.0
160.0 79.0
139.0 47.0
156.0 207.0
55.0 247.0
179.0 71.0
135.0 51.0
155.0 179.0
232.0 250.0
13.0 200.0
23.0 40.0
225.0 42.0
7.0 232.0
68.0 151.0
94.0 91.0
232.0 104.0
79.0 188.0
13.0 248.0
137.0 54.0
84.0 96.0
19.0 114.0
7.0 88.0
221.0 34.0
65.0 72.0
163.0 157.0
202.0 227.0
29.0 213.0
35.0 171.0
171.0 152.0
130.0 71.0
128.0 139.0
63.0 156.0
37.0 192.0
143.0 68.0
52.0 122.0
169.0 56.0
11.0 123.0
224.0 97.0
44.0 86.0
12.0 69.0
226.0 49.0
93.0 167.0
125.0 27.0
178.0 91.0
207.0 7.0
197.0 51.0
81.0 188.0
167.0 244.0
141.0 174.0
231.0 239.0
13.0 64.0
228.0 31.0
224.0 230.0
69.0 80.0
68.0 155.0
149.0 237.0
50.0 241.0
195.0 230.0
211.0 36.0
140.0 221.0
78.0 225.0
63.0 43.0
199.0 169.0
167.0 185.0
113.0 227.0
196.0 32.0
99.0 35.0
137.0 91.0
159.0 59.0
230.0 9.0
236.0 18.0
36.0 68.0
237.0 83.0
182.0 38.0
200.0 103.0
157.0 200.0
109.0 122.0
160.0 85.0
