1
1024 1 3.0 0.0 1000.0 3 160 240 100

6.5 13.5 29.3 58.5
13.0 27.0 58.5 117.0
19.5 40.5 87.8 175.5
26.0 54.0 117.0 234.0
39.0 81.0 175.5 351.0
52.0 108.0 234.0 468.0
58.5 121.5 263.3 526.5
65.0 135.0 292.5 585.0
78.0 162.0 351.0 702.0
0.0 180.0 390.0 780.0

2.0 5.0 8.0 11.0
5.0 8.0 11.0 14.0
9.0 12.0 15.0 18.0
11.0 14.0 17.0 20.0
15.0 18.0 21.0 24.0
18.0 21.0 24.0 27.0
20.0 23.0 26.0 29.0
25.0 28.0 31.0 34.0
29.0 32.0 35.0 38.0
0.0 34.0 37.0 40.0

162.0 139.0
22.0 4.0
22.0 56.0
98.0 10.0
51.0 246.0
61.0 210.0
32.0 182.0
58.0 172.0
3.0 21.0
77.0 123.0
173.0 58.0
62.0 76.0
159.0 122.0
96.0 41.0
125.0 162.0
163.0 29.0
230.0 155.0
31.0 83.0
105.0 223.0
132.0 167.0
130.0 200.0
141.0 38.0
109.0 169.0
216.0 46.0
236.0 85.0
2.0 109.0
84.0 131.0
232.0 197.0
127.0 35.0
130.0 183.0
150.0 137.0
118.0 25.0
193.0 58.0
116.0 15.0
248.0 112.0
72.0 175.0
232.0 217.0
162.0 177.0
90.0 61.0
137.0 229.0
160.0 139.0
142.0 173.0
40.0 68.0
131.0 134.0
211.0 150.0
47.0 72.0
36.0 224.0
30.0 208.0
1.0 155.0
208.0 52.0
203.0 115.0
184.0 120.0
82.0 142.0
167.0 215.0
8.0 248.0
239.0 204.0
111.0 185.0
61.0 63.0
90.0 31.0
150.0 244.0
4.0 61.0
157.0 249.0
155.0 195.0
141.0 101.0
211.0 125.0
155.0 226.0
30.0 19.0
6.0 48.0
223.0 48.0
137.0 186.0
34.0 242.0
114.0 203.0
202.0 57.0
39.0 140.0
15.0 35.0
2.0 178.0
87.0 47.0
14.0 35.0
195.0 156.0
167.0 62.0
82.0 186.0
69.0 20.0
192.0 170.0
200.0 127.0
116.0 147.0
96.0 241.0
87.0 94.0
126.0 124.0
178.0 85.0
173.0 44.0
175.0 108.0
72.0 38.0
139.0 235.0
13.0 197.0
16.0 204.0
145.0 192.0
184.0 7.0
183.0 22.0
160.0 134.0
153.0 64.0
242.0 209.0
211.0 55.0
178.0 52.0
15.0 191.0
19.0 7.0
229.0 108.0
114.0 211.0
21.0 48.0
31.0 13.0
245.0 110.0
246.0 95.0
43.0 6.0
244.0 124.0
196.0 98.0
15.0 116.0
76.0 15.0
204.0 222.0
145.0 242.0
18.0 232.0
246.0 123.0
38.0 133.0
243.0 20.0
162.0 144.0
139.0 216.0
186.0 199.0
94.0 171.0
136.0 157.0
101.0 91.0
248.0 101.0
133.0 52.0
47.0 119.0
111.0 2.0
78.0 58.0
158.0 24.0
113.0 29.0
114.0 43.0
235.0 12.0
126.0 241.0
34.0 218.0
193.0 246.0
172.0 197.0
94.0 216.0
165.0 204.0
193.0 25.0
47.0 198.0
188.0 42.0
109.0 113.0
176.0 80.0
16.0 135.0
207.0 140.0
121.0 30.0
93.0 146.0
146.0 92.0
9.0 165.0
183.0 165.0
30.0 203.0
59.0 169.0
29.0 178.0
133.0 200.0
169.0 34.0
202.0 33.0
82.0 239.0
217.0 194.0
72.0 242.0
94.0 86.0
51.0 13.0
202.0 178.0
188.0 110.0
197.0 138.0
100.0 35.0
152.0 51.0
180.0 180.0
20.0 195.0
30.0 9.0
19.0 173.0
214.0 166.0
92.0 243.0
160.0 250.0
154.0 4.0
83.0 93.0
168.0 166.0
97.0 160.0
118.0 189.0
39.0 14.0
56.0 144.0
34.0 108.0
174.0 193.0
204.0 206.0
181.0 186.0
184.0 87.0
83.0 129.0
195.0 196.0
11.0 157.0
247.0 22.0
67.0 140.0
75.0 7.0
221.0 172.0
9.0 112.0
85.0 215.0
17.0 249.0
232.0 245.0
224.0 67.0
26.0 72.0
51.0 169.0
223.0 52.0
130.0 134.0
212.0 218.0
17.0 45.0
21.0 199.0
245.0 15.0
74.0 67.0
101.0 45.0
221.0 104.0
54.0 74.0
127.0 5.0
81.0 181.0
179.0 136.0
214.0 187.0
127.0 247.0
153.0 219.0
235.0 113.0
162.0 129.0
28.0 144.0
219.0 192.0
55.0 59.0
239.0 110.0
111.0 41.0
2.0 118.0
216.0 81.0
203.0 90.0
175.0 72.0
128.0 68.0
145.0 232.0
27.0 246.0
145.0 16.0
33.0 192.0
61.0 12.0
83.0 222.0
234.0 82.0
78.0 90.0
16.0 108.0
93.0 25.0
36.0 11.0
5.0 151.0
186.0 2.0
237.0 206.0
170.0 109.0
94.0 224.0
27.0 84.0
22.0 193.0
91.0 87.0
151.0 18.0
160.0 136.0
51.0 148.0
219.0 93.0
214.0 79.0
130.0 56.0
58.0 229.0
231.0 43.0
81.0 245.0
152.0 213.0
97.0 138.0
162.0 146.0
54.0 180.0
219.0 42.0
241.0 61.0
179.0 236.0
10.0 137.0
198.0 19.0
187.0 141.0
161.0 35.0
185.0 49.0
48.0 120.0
119.0 108.0
202.0 227.0
39.0 95.0
18.0 170.0
232.0 181.0
165.0 223.0
77.0 101.0
215.0 171.0
13.0 127.0
170.0 224.0
4.0 164.0
157.0 16.0
172.0 100.0
123.0 229.0
95.0 105.0
197.0 190.0
99.0 126.0
179.0 97.0
135.0 151.0
179.0 104.0
207.0 125.0
8.0 46.0
75.0 200.0
212.0 161.0
53.0 83.0
229.0 208.0
24.0 51.0
182.0 211.0
101.0 249.0
159.0 123.0
191.0 232.0
131.0 239.0
7.0 240.0
223.0 41.0
166.0 35.0
119.0 183.0
47.0 171.0
182.0 158.0
156.0 149.0
210.0 247.0
68.0 194.0
24.0 159.0
53.0 3.0
185.0 86.0
85.0 55.0
165.0 205.0
216.0 207.0
132.0 238.0
146.0 65.0
73.0 215.0
80.0 200.0
15.0 177.0
95.0 93.0
200.0 96.0
224.0 246.0
113.0 116.0
103.0 215.0
77.0 25.0
24.0 141.0
196.0 179.0
97.0 140.0
229.0 169.0
12.0 16.0
66.0 72.0
207.0 38.0
249.0 210.0
71.0 100.0
87.0 124.0
111.0 152.0
190.0 63.0
84.0 79.0
82.0 79.0
149.0 55.0
119.0 143.0
168.0 166.0
212.0 4.0
83.0 195.0
234.0 76.0
119.0 14.0
227.0 203.0
127.0 80.0
153.0 214.0
181.0 101.0
201.0 241.0
123.0 10.0
1.0 84.0
37.0 190.0
137.0 227.0
238.0 191.0
186.0 154.0
117.0 23.0
55.0 211.0
55.0 145.0
210.0 22.0
128.0 94.0
196.0 83.0
185.0 14.0
170.0 175.0
157.0 143.0
218.0 89.0
29.0 146.0
56.0 178.0
239.0 235.0
6.0 101.0
48.0 79.0
227.0 169.0
4.0 66.0
216.0 1.0
196.0 63.0
182.0 49.0
33.0 96.0
188.0 69.0
110.0 224.0
23.0 220.0
45.0 159.0
99.0 240.0
199.0 18.0
199.0 13.0
48.0 156.0
229.0 105.0
6.0 74.0
199.0 180.0
67.0 222.0
211.0 42.0
215.0 83.0
28.0 59.0
82.0 225.0
155.0 89.0
176.0 74.0
120.0 60.0
48.0 235.0
4.0 185.0
77.0 227.0
50.0 80.0
127.0 87.0
7.0 166.0
136.0 90.0
175.0 227.0
248.0 154.0
181.0 131.0
191.0 66.0
73.0 231.0
128.0 212.0
137.0 51.0
57.0 68.0
158.0 166.0
124.0 27.0
143.0 4.0
30.0 184.0
105.0 99.0
45.0 23.0
58.0 154.0
162.0 12.0
191.0 59.0
46.0 174.0
247.0 108.0
180.0 12.0
196.0 182.0
232.0 232.0
115.0 13.0
179.0 17.0
226.0 172.0
88.0 173.0
132.0 27.0
204.0 20.0
89.0 187.0
128.0 233.0
214.0 42.0
112.0 117.0
99.0 52.0
119.0 162.0
105.0 22.0
67.0 225.0
181.0 133.0
12.0 63.0
112.0 92.0
70.0 201.0
152.0 45.0
215.0 206.0
88.0 249.0
122.0 3.0
55.0 22.0
64.0 172.0
24.0 71.0
165.0 232.0
168.0 118.0
133.0 223.0
132.0 41.0
163.0 226.0
65.0 71.0
248.0 5.0
42.0 131.0
212.0 36.0
110.0 248.0
91.0 223.0
237.0 244.0
35.0 199.0
240.0 6.0
0.0 149.0
108.0 165.0
6.0 150.0
187.0 123.0
117.0 108.0
240.0 124.0
61.0 169.0
245.0 166.0
232.0 41.0
65.0 114.0
144.0 233.0
217.0 155.0
212.0 42.0
11.0 79.0
28.0 141.0
161.0 177.0
146.0 237.0
4.0 94.0
176.0 43.0
65.0 52.0
64.0 123.0
219.0 174.0
236.0 6.0
73.0 182.0
116.0 0.0
188.0 77.0
60.0 218.0
136.0 212.0
90.0 124.0
151.0 227.0
116.0 237.0
220.0 130.0
126.0 190.0
24.0 139.0
176.0 130.0
184.0 168.0
29.0 45.0
99.0 212.0
146.0 145.0
213.0 142.0
22.0 226.0
114.0 22.0
164.0 41.0
181.0 104.0
101.0 229.0
60.0 231.0
99.0 191.0
57.0 173.0
81.0 106.0
103.0 4.0
64.0 85.0
0.0 180.0
233.0 37.0
244.0 36.0
84.0 122.0
243.0 246.0
135.0 238.0
98.0 85.0
22.0 44.0
162.0 169.0
89.0 87.0
152.0 123.0
164.0 159.0
147.0 246.0
16.0 89.0
149.0 234.0
61.0 207.0
143.0 157.0
169.0 59.0
206.0 136.0
29.0 8.0
250.0 27.0
58.0 143.0
43.0 198.0
160.0 22.0
243.0 58.0
216.0 57.0
205.0 81.0
234.0 171.0
155.0 82.0
160.0 169.0
151.0 124.0
150.0 79.0
21.0 189.0
193.0 37.0
78.0 107.0
250.0 80.0
187.0 23.0
166.0 55.0
106.0 249.0
168.0 139.0
40.0 155.0
63.0 45.0
213.0 95.0
73.0 39.0
37.0 126.0
57.0 207.0
23.0 138.0
178.0 237.0
171.0 55.0
137.0 22.0
92.0 65.0
153.0 229.0
227.0 187.0
202.0 4.0
49.0 4.0
51.0 91.0
221.0 239.0
233.0 165.0
237.0 137.0
132.0 25.0
140.0 192.0
176.0 69.0
211.0 70.0
209.0 78.0
108.0 136.0
152.0 107.0
225.0 62.0
139.0 127.0
106.0 50.0
135.0 104.0
88.0 13.0
81.0 20.0
113.0 144.0
204.0 154.0
6.0 66.0
157.0 2.0
55.0 133.0
9.0 33.0
39.0 207.0
124.0 31.0
181.0 76.0
64.0 89.0
46.0 247.0
198.0 139.0
232.0 139.0
5.0 214.0
246.0 32.0
149.0 181.0
48.0 178.0
176.0 36.0
20.0 47.0
37.0 120.0
220.0 3.0
173.0 205.0
68.0 248.0
222.0 216.0
170.0 200.0
226.0 137.0
73.0 29.0
17.0 243.0
34.0 137.0
32.0 103.0
208.0 180.0
114.0 101.0
219.0 36.0
177.0 39.0
148.0 216.0
156.0 220.0
18.0 220.0
12.0 185.0
192.0 213.0
74.0 110.0
142.0 176.0
115.0 200.0
119.0 248.0
77.0 184.0
63.0 52.0
209.0 116.0
165.0 105.0
158.0 246.0
29.0 214.0
161.0 3.0
237.0 93.0
244.0 249.0
131.0 231.0
197.0 226.0
240.0 109.0
123.0 209.0
49.0 179.0
189.0 178.0
146.0 81.0
10.0 148.0
95.0 125.0
160.0 86.0
172.0 153.0
135.0 186.0
192.0 170.0
114.0 49.0
204.0 242.0
231.0 170.0
141.0 176.0
80.0 157.0
80.0 94.0
35.0 196.0
80.0 57.0
236.0 80.0
118.0 211.0
192.0 169.0
231.0 249.0
241.0 247.0
247.0 25.0
173.0 7.0
85.0 244.0
151.0 242.0
144.0 193.0
94.0 130.0
131.0 54.0
44.0 36.0
219.0 144.0
51.0 103.0
15.0 243.0
224.0 191.0
100.0 241.0
104.0 49.0
250.0 129.0
137.0 152.0
225.0 194.0
28.0 226.0
104.0 65.0
120.0 5.0
183.0 98.0
216.0 124.0
39.0 133.0
104.0 74.0
155.0 209.0
91.0 222.0
75.0 168.0
155.0 237.0
111.0 103.0
177.0 15.0
209.0 201.0
219.0 83.0
105.0 72.0
182.0 205.0
7.0 221.0
203.0 31.0
70.0 151.0
228.0 157.0
4.0 117.0
11.0 41.0
228.0 137.0
100.0 25.0
22.0 180.0
168.0 46.0
225.0 229.0
147.0 141.0
46.0 41.0
143.0 217.0
154.0 168.0
197.0 64.0
25.0 172.0
18.0 199.0
42.0 250.0
119.0 159.0
226.0 59.0
102.0 187.0
220.0 81.0
155.0 74.0
14.0 201.0
135.0 215.0
175.0 211.0
154.0 5.0
181.0 33.0
201.0 40.0
11.0 8.0
65.0 98.0
204.0 159.0
220.0 240.0
164.0 159.0
82.0 148.0
59.0 26.0
149.0 150.0
213.0 166.0
66.0 186.0
204.0 150.0
18.0 21.0
198.0 216.0
97.0 107.0
117.0 30.0
173.0 11.0
35.0 45.0
60.0 188.0
15.0 126.0
102.0 146.0
186.0 175.0
121.0 147.0
118.0 12.0
215.0 126.0
183.0 152.0
223.0 97.0
91.0 96.0
218.0 91.0
144.0 149.0
231.0 32.0
44.0 21.0
181.0 225.0
157.0 74.0
91.0 215.0
202.0 128.0
198.0 89.0
145.0 41.0
144.0 95.0
128.0 104.0
5.0 28.0
104.0 98.0
202.0 126.0
124.0 183.0
178.0 57.0
75.0 70.0
22.0 115.0
187.0 41.0
35.0 80.0
234.0 148.0
52.0 228.0
131.0 247.0
134.0 82.0
214.0 111.0
76.0 13.0
27.0 141.0
215.0 151.0
51.0 29.0
116.0 89.0
53.0 36.0
232.0 227.0
114.0 103.0
248.0 105.0
159.0 92.0
92.0 187.0
147.0 240.0
175.0 103.0
147.0 6.0
230.0 144.0
55.0 11.0
198.0 168.0
68.0 135.0
134.0 89.0
53.0 95.0
214.0 216.0
29.0 179.0
209.0 249.0
51.0 106.0
101.0 75.0
63.0 47.0
102.0 38.0
158.0 158.0
127.0 210.0
171.0 33.0
100.0 215.0
173.0 57.0
10.0 233.0
169.0 181.0
246.0 146.0
189.0 239.0
236.0 58.0
207.0 200.0
34.0 21.0
189.0 82.0
35.0 92.0
95.0 75.0
59.0 165.0
3.0 207.0
120.0 77.0
54.0 228.0
4.0 68.0
10.0 166.0
76.0 209.0
13.0 120.0
85.0 3.0
194.0 110.0
13.0 159.0
95.0 160.0
80.0 107.0
201.0 91.0
123.0 129.0
143.0 46.0
58.0 61.0
4.0 108.0
5.0 53.0
177.0 170.0
201.0 226.0
55.0 23.0
125.0 81.0
155.0 208.0
81.0 127.0
60.0 225.0
66.0 215.0
161.0 13.0
17.0 153.0
230.0 169.0
155.0 227.0
138.0 201.0
141.0 87.0
161.0 156.0
125.0 222.0
54.0 39.0
51.0 121.0
193.0 241.0
157.0 237.0
119.0 23.0
165.0 192.0
136.0 138.0
212.0 241.0
179.0 16.0
167.0 47.0
237.0 238.0
240.0 162.0
159.0 63.0
153.0 143.0
10.0 137.0
170.0 69.0
183.0 23.0
112.0 16.0
52.0 30.0
43.0 131.0
0.0 137.0
118.0 237.0
232.0 97.0
165.0 230.0
84.0 145.0
104.0 88.0
109.0 21.0
158.0 105.0
32.0 102.0
90.0 75.0
221.0 245.0
26.0 141.0
148.0 239.0
248.0 160.0
111.0 106.0
122.0 195.0
68.0 22.0
177.0 82.0
218.0 216.0
133.0 76.0
70.0 9.0
4.0 145.0
4.0 208.0
212.0 42.0
182.0 150.0
201.0 93.0
203.0 239.0
127.0 213.0
219.0 142.0
226.0 209.0
49.0 110.0
60.0 8.0
116.0 221.0
131.0 245.0
126.0 132.0
175.0 228.0
196.0 12.0
1.0 76.0
207.0 117.0
78.0 183.0
236.0 62.0
93.0 188.0
201.0 114.0
55.0 205.0
205.0 190.0
68.0 138.0
93.0 18.0
196.0 203.0
65.0 8.0
178.0 102.0
5.0 175.0
48.0 112.0
236.0 20.0
33.0 137.0
231.0 112.0
160.0 128.0
121.0 135.0
78.0 37.0
151.0 12.0
145.0 88.0
57.0 9.0
155.0 152.0
128.0 56.0
146.0 137.0
64.0 54.0
21.0 52.0
16.0 26.0
64.0 40.0
27.0 24.0
197.0 152.0
164.0 12.0
186.0 31.0
169.0 18.0
28.0 178.0
31.0 133.0
83.0 56.0
214.0 57.0
78.0 106.0
39.0 117.0
154.0 52.0
92.0 89.0
225.0 184.0
40.0 136.0
186.0 127.0
77.0 52.0
101.0 169.0
30.0 10.0
66.0 14.0
218.0 125.0
225.0 165.0
213.0 158.0
12.0 186.0
212.0 39.0
235.0 163.0
69.0 172.0
193.0 242.0
58.0 68.0
65.0 185.0
27.0 139.0
132.0 204.0
160.0 87.0
213.0 133.0
129.0 83.0
238.0 81.0
214.0 55.0
212.0 237.0
61.0 152.0
126.0 103.0
29.0 67.0
189.0 212.0
169.0 184.0
69.0 213.0
155.0 84.0
128.0 12.0
96.0 15.0
228.0 231.0
174.0 227.0
214.0 45.0
148.0 158.0
23.0 33.0
58.0 250.0
146.0 232.0
37.0 235.0
30.0 145.0
193.0 79.0
17.0 31.0
98.0 23.0
18.0 99.0
209.0 33.0
165.0 49.0
138.0 2.0
6.0 213.0
236.0 102.0
102.0 124.0
9.0 29.0
225.0 130.0
215.0 162.0
149.0 248.0

167.0 145.0
27.0 9.0
27.0 62.0
102.0 15.0
56.0 251.0
67.0 214.0
38.0 186.0
64.0 177.0
7.0 25.0
82.0 127.0
179.0 62.0
67.0 80.0
164.0 128.0
100.0 45.0
129.0 167.0
167.0 35.0
235.0 161.0
35.0 88.0
110.0 227.0
137.0 173.0
136.0 206.0
146.0 43.0
115.0 174.0
222.0 51.0
240.0 90.0
7.0 114.0
89.0 135.0
236.0 201.0
131.0 39.0
135.0 188.0
156.0 143.0
123.0 31.0
197.0 62.0
121.0 19.0
254.0 116.0
77.0 179.0
237.0 221.0
166.0 181.0
95.0 65.0
142.0 234.0
164.0 144.0
147.0 178.0
45.0 74.0
135.0 138.0
216.0 154.0
53.0 77.0
41.0 230.0
35.0 214.0
5.0 160.0
213.0 57.0
207.0 119.0
190.0 125.0
87.0 147.0
173.0 221.0
13.0 254.0
243.0 210.0
117.0 189.0
67.0 67.0
96.0 37.0
155.0 250.0
9.0 66.0
162.0 254.0
159.0 200.0
145.0 106.0
215.0 130.0
159.0 231.0
35.0 24.0
10.0 53.0
229.0 52.0
143.0 190.0
38.0 247.0
119.0 209.0
208.0 63.0
43.0 145.0
21.0 40.0
7.0 184.0
92.0 51.0
20.0 40.0
201.0 162.0
172.0 66.0
88.0 191.0
74.0 25.0
198.0 174.0
206.0 132.0
120.0 152.0
100.0 245.0
92.0 99.0
131.0 128.0
183.0 91.0
179.0 49.0
181.0 113.0
77.0 43.0
144.0 240.0
18.0 202.0
21.0 210.0
151.0 196.0
190.0 11.0
188.0 27.0
165.0 140.0
159.0 69.0
248.0 214.0
216.0 60.0
183.0 56.0
20.0 197.0
24.0 12.0
234.0 112.0
118.0 217.0
26.0 53.0
35.0 19.0
251.0 115.0
251.0 99.0
48.0 10.0
248.0 130.0
200.0 103.0
20.0 121.0
82.0 19.0
209.0 226.0
151.0 247.0
24.0 236.0
250.0 128.0
43.0 137.0
247.0 25.0
166.0 148.0
144.0 222.0
192.0 204.0
99.0 176.0
141.0 163.0
107.0 97.0
253.0 106.0
137.0 57.0
53.0 124.0
116.0 6.0
83.0 64.0
163.0 29.0
119.0 35.0
119.0 48.0
240.0 18.0
130.0 245.0
39.0 222.0
198.0 252.0
177.0 202.0
99.0 221.0
170.0 209.0
198.0 30.0
53.0 202.0
193.0 47.0
114.0 118.0
182.0 85.0
20.0 139.0
211.0 144.0
127.0 36.0
98.0 151.0
151.0 96.0
13.0 171.0
188.0 170.0
35.0 209.0
64.0 175.0
34.0 184.0
138.0 205.0
174.0 39.0
206.0 38.0
86.0 243.0
221.0 199.0
78.0 247.0
99.0 90.0
56.0 19.0
206.0 183.0
192.0 116.0
202.0 143.0
105.0 41.0
157.0 56.0
186.0 184.0
24.0 201.0
35.0 14.0
24.0 177.0
219.0 172.0
98.0 247.0
164.0 254.0
159.0 10.0
88.0 97.0
173.0 170.0
101.0 164.0
123.0 195.0
44.0 20.0
60.0 149.0
38.0 113.0
178.0 198.0
208.0 211.0
186.0 191.0
189.0 91.0
87.0 135.0
200.0 200.0
16.0 162.0
251.0 26.0
71.0 145.0
80.0 12.0
226.0 176.0
15.0 118.0
89.0 221.0
22.0 254.0
237.0 249.0
230.0 71.0
31.0 77.0
55.0 173.0
228.0 57.0
134.0 139.0
217.0 223.0
22.0 50.0
26.0 203.0
250.0 19.0
79.0 73.0
106.0 50.0
226.0 109.0
60.0 79.0
133.0 11.0
86.0 186.0
184.0 140.0
219.0 191.0
132.0 252.0
157.0 224.0
240.0 118.0
166.0 134.0
34.0 150.0
225.0 197.0
59.0 65.0
244.0 116.0
117.0 47.0
7.0 124.0
220.0 86.0
208.0 95.0
180.0 77.0
133.0 72.0
150.0 238.0
32.0 252.0
149.0 21.0
38.0 196.0
67.0 17.0
88.0 226.0
239.0 87.0
84.0 95.0
20.0 113.0
97.0 30.0
40.0 15.0
10.0 156.0
191.0 7.0
243.0 210.0
175.0 114.0
100.0 229.0
33.0 90.0
27.0 199.0
95.0 92.0
157.0 23.0
166.0 140.0
55.0 153.0
223.0 98.0
219.0 84.0
134.0 60.0
63.0 233.0
237.0 47.0
86.0 251.0
157.0 219.0
101.0 142.0
167.0 150.0
58.0 185.0
223.0 47.0
246.0 67.0
184.0 241.0
14.0 142.0
202.0 23.0
192.0 146.0
165.0 39.0
189.0 54.0
52.0 125.0
125.0 113.0
207.0 231.0
45.0 99.0
23.0 175.0
237.0 186.0
170.0 228.0
81.0 105.0
220.0 175.0
18.0 132.0
175.0 229.0
9.0 168.0
162.0 21.0
178.0 104.0
128.0 234.0
101.0 111.0
201.0 194.0
103.0 132.0
184.0 101.0
141.0 155.0
183.0 108.0
211.0 131.0
12.0 51.0
79.0 204.0
216.0 167.0
58.0 87.0
233.0 212.0
29.0 57.0
187.0 215.0
106.0 254.0
164.0 127.0
195.0 237.0
136.0 244.0
12.0 244.0
229.0 46.0
171.0 40.0
125.0 189.0
52.0 176.0
186.0 163.0
161.0 153.0
215.0 252.0
73.0 199.0
28.0 163.0
59.0 7.0
190.0 91.0
90.0 60.0
171.0 211.0
221.0 211.0
137.0 244.0
151.0 69.0
78.0 220.0
84.0 205.0
21.0 183.0
99.0 97.0
204.0 102.0
228.0 250.0
119.0 121.0
107.0 219.0
82.0 29.0
28.0 146.0
201.0 185.0
102.0 145.0
234.0 175.0
17.0 21.0
72.0 77.0
211.0 43.0
253.0 214.0
76.0 105.0
92.0 130.0
116.0 157.0
195.0 67.0
88.0 83.0
87.0 84.0
155.0 60.0
124.0 148.0
173.0 170.0
217.0 9.0
88.0 199.0
239.0 82.0
124.0 19.0
233.0 208.0
132.0 85.0
158.0 220.0
186.0 106.0
205.0 245.0
127.0 15.0
6.0 90.0
42.0 195.0
142.0 231.0
243.0 196.0
191.0 160.0
123.0 28.0
59.0 217.0
61.0 150.0
214.0 27.0
133.0 99.0
200.0 89.0
190.0 18.0
175.0 180.0
161.0 149.0
223.0 94.0
34.0 151.0
60.0 182.0
244.0 239.0
11.0 107.0
54.0 84.0
233.0 174.0
9.0 71.0
220.0 5.0
200.0 68.0
186.0 53.0
37.0 101.0
192.0 74.0
114.0 229.0
28.0 225.0
50.0 164.0
104.0 245.0
204.0 23.0
204.0 17.0
53.0 161.0
234.0 110.0
10.0 79.0
204.0 185.0
71.0 227.0
217.0 48.0
219.0 87.0
34.0 65.0
87.0 230.0
160.0 93.0
182.0 79.0
125.0 65.0
52.0 240.0
9.0 189.0
82.0 233.0
55.0 85.0
132.0 92.0
12.0 170.0
141.0 96.0
181.0 233.0
254.0 159.0
186.0 135.0
197.0 72.0
78.0 237.0
133.0 218.0
142.0 57.0
63.0 73.0
163.0 172.0
129.0 32.0
149.0 9.0
34.0 190.0
110.0 104.0
50.0 27.0
64.0 159.0
166.0 18.0
196.0 64.0
50.0 179.0
253.0 114.0
186.0 18.0
201.0 188.0
236.0 236.0
120.0 18.0
184.0 22.0
230.0 177.0
92.0 178.0
136.0 33.0
210.0 26.0
94.0 192.0
134.0 239.0
219.0 47.0
117.0 122.0
104.0 57.0
124.0 168.0
111.0 28.0
71.0 230.0
187.0 138.0
16.0 68.0
118.0 98.0
76.0 207.0
157.0 51.0
221.0 211.0
93.0 254.0
127.0 8.0
59.0 28.0
69.0 178.0
29.0 76.0
171.0 237.0
172.0 123.0
138.0 229.0
137.0 46.0
168.0 230.0
70.0 75.0
253.0 11.0
47.0 136.0
217.0 40.0
114.0 252.0
96.0 228.0
242.0 250.0
40.0 204.0
244.0 11.0
5.0 155.0
113.0 170.0
11.0 156.0
193.0 127.0
122.0 112.0
245.0 129.0
67.0 173.0
250.0 170.0
236.0 47.0
71.0 119.0
149.0 238.0
222.0 160.0
216.0 47.0
15.0 83.0
32.0 147.0
165.0 183.0
150.0 242.0
9.0 98.0
181.0 47.0
70.0 58.0
69.0 128.0
223.0 179.0
241.0 12.0
77.0 187.0
121.0 5.0
193.0 82.0
66.0 222.0
141.0 217.0
95.0 130.0
157.0 232.0
120.0 242.0
225.0 135.0
132.0 195.0
29.0 144.0
181.0 134.0
190.0 173.0
35.0 50.0
103.0 217.0
150.0 149.0
217.0 147.0
27.0 231.0
119.0 27.0
169.0 46.0
186.0 108.0
105.0 235.0
65.0 235.0
103.0 197.0
63.0 179.0
86.0 111.0
107.0 9.0
69.0 90.0
5.0 184.0
237.0 42.0
249.0 42.0
89.0 127.0
247.0 252.0
140.0 242.0
103.0 90.0
27.0 50.0
166.0 174.0
95.0 93.0
157.0 128.0
170.0 165.0
152.0 251.0
20.0 94.0
153.0 239.0
67.0 212.0
149.0 162.0
174.0 64.0
211.0 141.0
34.0 12.0
256.0 33.0
62.0 148.0
47.0 203.0
165.0 26.0
248.0 64.0
221.0 62.0
211.0 86.0
239.0 176.0
161.0 87.0
164.0 175.0
155.0 128.0
155.0 85.0
26.0 194.0
198.0 42.0
83.0 111.0
255.0 84.0
191.0 29.0
170.0 59.0
111.0 253.0
172.0 143.0
45.0 161.0
68.0 51.0
217.0 100.0
78.0 44.0
41.0 132.0
62.0 211.0
29.0 143.0
184.0 242.0
177.0 59.0
141.0 28.0
97.0 70.0
158.0 234.0
232.0 192.0
206.0 8.0
55.0 8.0
56.0 96.0
226.0 245.0
237.0 171.0
242.0 143.0
138.0 31.0
144.0 196.0
181.0 73.0
216.0 75.0
214.0 84.0
113.0 140.0
157.0 112.0
231.0 66.0
144.0 131.0
110.0 54.0
140.0 109.0
92.0 17.0
86.0 25.0
118.0 149.0
210.0 159.0
12.0 71.0
161.0 7.0
59.0 137.0
15.0 38.0
44.0 212.0
128.0 36.0
187.0 82.0
69.0 95.0
51.0 251.0
203.0 143.0
238.0 145.0
10.0 218.0
250.0 38.0
153.0 185.0
53.0 183.0
180.0 40.0
26.0 53.0
42.0 124.0
225.0 8.0
177.0 210.0
72.0 254.0
227.0 222.0
175.0 205.0
230.0 142.0
78.0 34.0
22.0 249.0
38.0 142.0
38.0 108.0
212.0 184.0
118.0 106.0
224.0 41.0
183.0 43.0
153.0 220.0
161.0 226.0
23.0 224.0
16.0 189.0
196.0 219.0
80.0 115.0
148.0 180.0
120.0 205.0
123.0 253.0
82.0 189.0
69.0 57.0
214.0 120.0
171.0 109.0
162.0 250.0
35.0 218.0
166.0 7.0
243.0 97.0
250.0 254.0
136.0 236.0
202.0 232.0
246.0 115.0
128.0 213.0
54.0 185.0
194.0 182.0
152.0 86.0
16.0 152.0
101.0 130.0
166.0 92.0
178.0 158.0
140.0 192.0
197.0 174.0
118.0 55.0
208.0 247.0
235.0 174.0
146.0 180.0
85.0 162.0
85.0 99.0
40.0 201.0
85.0 63.0
242.0 85.0
124.0 217.0
198.0 174.0
237.0 254.0
246.0 252.0
252.0 30.0
177.0 13.0
89.0 250.0
156.0 247.0
150.0 198.0
98.0 135.0
135.0 58.0
49.0 42.0
224.0 148.0
56.0 108.0
21.0 248.0
228.0 197.0
106.0 247.0
108.0 53.0
254.0 134.0
141.0 157.0
231.0 198.0
32.0 230.0
108.0 70.0
125.0 11.0
188.0 103.0
221.0 128.0
44.0 139.0
109.0 79.0
160.0 214.0
97.0 226.0
79.0 173.0
159.0 243.0
116.0 107.0
182.0 19.0
214.0 207.0
224.0 87.0
110.0 78.0
187.0 211.0
11.0 227.0
208.0 37.0
75.0 156.0
232.0 162.0
8.0 122.0
17.0 45.0
233.0 141.0
105.0 30.0
27.0 186.0
174.0 51.0
230.0 234.0
152.0 147.0
51.0 45.0
149.0 223.0
159.0 172.0
201.0 68.0
31.0 177.0
24.0 204.0
47.0 255.0
125.0 163.0
231.0 64.0
108.0 192.0
225.0 86.0
160.0 78.0
20.0 206.0
140.0 219.0
179.0 216.0
160.0 9.0
185.0 38.0
206.0 45.0
15.0 14.0
70.0 103.0
209.0 165.0
225.0 246.0
169.0 164.0
88.0 153.0
64.0 30.0
153.0 155.0
217.0 170.0
70.0 191.0
209.0 154.0
23.0 25.0
202.0 221.0
102.0 112.0
122.0 34.0
178.0 16.0
41.0 50.0
66.0 192.0
20.0 132.0
108.0 151.0
190.0 179.0
126.0 152.0
124.0 17.0
220.0 131.0
187.0 156.0
228.0 103.0
96.0 101.0
224.0 95.0
148.0 155.0
236.0 37.0
49.0 26.0
185.0 229.0
163.0 78.0
96.0 219.0
206.0 133.0
202.0 94.0
151.0 45.0
148.0 100.0
133.0 108.0
9.0 32.0
109.0 102.0
206.0 130.0
130.0 187.0
182.0 62.0
80.0 75.0
27.0 120.0
192.0 47.0
40.0 84.0
239.0 152.0
56.0 233.0
137.0 252.0
140.0 87.0
218.0 117.0
80.0 17.0
32.0 146.0
219.0 157.0
56.0 34.0
122.0 93.0
59.0 41.0
236.0 232.0
120.0 109.0
252.0 111.0
163.0 96.0
97.0 191.0
153.0 244.0
180.0 108.0
153.0 12.0
236.0 150.0
59.0 15.0
202.0 173.0
73.0 139.0
138.0 94.0
59.0 100.0
218.0 221.0
34.0 183.0
214.0 253.0
55.0 111.0
106.0 79.0
67.0 51.0
108.0 42.0
163.0 163.0
131.0 215.0
177.0 37.0
106.0 220.0
178.0 63.0
16.0 237.0
173.0 185.0
252.0 151.0
193.0 244.0
242.0 63.0
212.0 204.0
40.0 27.0
194.0 86.0
39.0 97.0
100.0 80.0
64.0 171.0
8.0 211.0
124.0 82.0
60.0 234.0
8.0 73.0
15.0 170.0
81.0 214.0
18.0 124.0
91.0 8.0
198.0 116.0
17.0 163.0
101.0 164.0
84.0 111.0
206.0 96.0
128.0 134.0
149.0 51.0
62.0 65.0
9.0 113.0
10.0 57.0
182.0 175.0
206.0 232.0
60.0 29.0
130.0 86.0
159.0 212.0
86.0 133.0
66.0 229.0
72.0 221.0
165.0 18.0
22.0 159.0
235.0 175.0
160.0 232.0
143.0 206.0
146.0 93.0
166.0 160.0
130.0 228.0
60.0 45.0
56.0 127.0
199.0 247.0
162.0 241.0
123.0 28.0
170.0 196.0
141.0 142.0
218.0 246.0
184.0 22.0
173.0 52.0
241.0 243.0
244.0 167.0
165.0 69.0
158.0 148.0
14.0 142.0
175.0 74.0
188.0 29.0
118.0 21.0
57.0 35.0
47.0 136.0
5.0 142.0
122.0 242.0
238.0 101.0
170.0 235.0
89.0 151.0
110.0 94.0
113.0 25.0
163.0 111.0
36.0 108.0
95.0 79.0
226.0 250.0
31.0 146.0
154.0 244.0
254.0 165.0
115.0 110.0
127.0 199.0
74.0 27.0
183.0 87.0
222.0 221.0
137.0 82.0
75.0 14.0
10.0 150.0
9.0 213.0
217.0 47.0
186.0 156.0
207.0 99.0
208.0 243.0
133.0 219.0
223.0 148.0
231.0 213.0
53.0 116.0
66.0 14.0
122.0 227.0
137.0 249.0
130.0 138.0
181.0 233.0
200.0 18.0
6.0 82.0
211.0 122.0
82.0 188.0
241.0 68.0
99.0 193.0
207.0 120.0
60.0 211.0
210.0 194.0
74.0 143.0
99.0 23.0
202.0 207.0
70.0 13.0
182.0 107.0
9.0 181.0
54.0 118.0
241.0 25.0
37.0 142.0
237.0 117.0
164.0 133.0
126.0 140.0
83.0 41.0
155.0 16.0
151.0 93.0
61.0 14.0
161.0 157.0
132.0 61.0
151.0 142.0
68.0 58.0
25.0 58.0
21.0 31.0
69.0 45.0
33.0 29.0
201.0 158.0
169.0 17.0
191.0 35.0
173.0 23.0
34.0 183.0
36.0 139.0
88.0 60.0
219.0 61.0
82.0 111.0
44.0 123.0
158.0 57.0
98.0 94.0
231.0 189.0
45.0 142.0
191.0 132.0
82.0 57.0
107.0 173.0
35.0 14.0
70.0 18.0
223.0 131.0
230.0 169.0
217.0 162.0
18.0 190.0
217.0 45.0
240.0 168.0
75.0 178.0
197.0 248.0
63.0 73.0
71.0 190.0
32.0 143.0
137.0 209.0
165.0 93.0
219.0 137.0
134.0 87.0
243.0 86.0
219.0 61.0
216.0 243.0
67.0 158.0
131.0 108.0
34.0 73.0
193.0 218.0
174.0 189.0
73.0 219.0
160.0 90.0
134.0 18.0
101.0 21.0
234.0 235.0
180.0 232.0
218.0 50.0
152.0 163.0
28.0 38.0
63.0 254.0
151.0 236.0
42.0 240.0
36.0 150.0
199.0 85.0
21.0 36.0
103.0 28.0
22.0 104.0
213.0 39.0
170.0 55.0
143.0 6.0
12.0 218.0
241.0 107.0
107.0 130.0
13.0 34.0
231.0 136.0
219.0 166.0
154.0 252.0
