1
1024 1 3.0 0.0 1000.0 3 160 240 100

6.5 13.5 29.3 58.5
13.0 27.0 58.5 117.0
19.5 40.5 87.8 175.5
26.0 54.0 117.0 234.0
39.0 81.0 175.5 351.0
52.0 108.0 234.0 468.0
58.5 121.5 263.3 526.5
65.0 135.0 292.5 585.0
78.0 162.0 351.0 702.0
0.0 180.0 390.0 780.0

2.0 5.0 8.0 11.0
5.0 8.0 11.0 14.0
9.0 12.0 15.0 18.0
11.0 14.0 17.0 20.0
15.0 18.0 21.0 24.0
18.0 21.0 24.0 27.0
20.0 23.0 26.0 29.0
25.0 28.0 31.0 34.0
29.0 32.0 35.0 38.0
0.0 34.0 37.0 40.0

53.0 96.0
113.0 247.0
14.0 100.0
196.0 148.0
205.0 82.0
118.0 128.0
122.0 150.0
87.0 55.0
93.0 70.0
60.0 45.0
235.0 82.0
147.0 190.0
227.0 134.0
89.0 127.0
243.0 78.0
52.0 135.0
182.0 177.0
51.0 23.0
192.0 77.0
126.0 121.0
231.0 216.0
197.0 248.0
29.0 227.0
104.0 121.0
102.0 149.0
147.0 177.0
19.0 140.0
222.0 159.0
221.0 151.0
20.0 70.0
218.0 85.0
18.0 203.0
70.0 72.0
67.0 246.0
124.0 235.0
220.0 30.0
30.0 198.0
207.0 46.0
126.0 106.0
85.0 183.0
98.0 14.0
86.0 183.0
130.0 51.0
76.0 137.0
78.0 89.0
23.0 139.0
241.0 191.0
245.0 63.0
156.0 206.0
237.0 195.0
116.0 151.0
200.0 53.0
194.0 117.0
212.0 11.0
121.0 235.0
29.0 188.0
155.0 42.0
85.0 88.0
172.0 162.0
56.0 72.0
4.0 40.0
178.0 29.0
111.0 231.0
59.0 205.0
236.0 133.0
53.0 182.0
26.0 47.0
65.0 75.0
129.0 44.0
214.0 83.0
115.0 188.0
112.0 85.0
127.0 188.0
70.0 32.0
224.0 172.0
83.0 204.0
196.0 29.0
58.0 215.0
192.0 117.0
6.0 203.0
59.0 191.0
24.0 216.0
122.0 202.0
183.0 106.0
161.0 190.0
6.0 64.0
201.0 72.0
32.0 237.0
248.0 154.0
34.0 183.0
199.0 45.0
2.0 229.0
195.0 180.0
81.0 117.0
19.0 7.0
210.0 125.0
184.0 173.0
27.0 165.0
175.0 118.0
149.0 192.0
134.0 69.0
27.0 33.0
68.0 197.0
109.0 85.0
237.0 50.0
138.0 151.0
194.0 173.0
181.0 210.0
238.0 129.0
105.0 14.0
150.0 217.0
219.0 200.0
76.0 234.0
159.0 173.0
68.0 184.0
133.0 83.0
17.0 168.0
209.0 8.0
102.0 239.0
144.0 62.0
147.0 60.0
64.0 155.0
89.0 45.0
118.0 246.0
112.0 190.0
38.0 206.0
12.0 135.0
108.0 231.0
213.0 63.0
87.0 73.0
144.0 88.0
234.0 140.0
249.0 105.0
84.0 114.0
239.0 150.0
15.0 8.0
215.0 102.0
118.0 182.0
151.0 154.0
37.0 132.0
248.0 15.0
184.0 182.0
8.0 133.0
81.0 12.0
183.0 41.0
154.0 49.0
56.0 234.0
78.0 8.0
96.0 47.0
130.0 244.0
61.0 78.0
27.0 84.0
218.0 249.0
76.0 155.0
136.0 167.0
245.0 24.0
82.0 13.0
95.0 28.0
118.0 235.0
75.0 237.0
37.0 157.0
224.0 53.0
123.0 154.0
175.0 22.0
249.0 122.0
124.0 222.0
156.0 26.0
20.0 184.0
72.0 136.0
43.0 96.0
137.0 85.0
228.0 105.0
151.0 10.0
176.0 100.0
247.0 29.0
105.0 166.0
143.0 173.0
39.0 218.0
179.0 173.0
16.0 127.0
178.0 82.0
246.0 221.0
211.0 20.0
214.0 102.0
183.0 128.0
49.0 40.0
191.0 159.0
6.0 247.0
194.0 165.0
32.0 179.0
80.0 82.0
123.0 43.0
34.0 37.0
69.0 22.0
174.0 72.0
176.0 39.0
232.0 223.0
179.0 174.0
122.0 20.0
67.0 194.0
50.0 236.0
152.0 198.0
125.0 55.0
236.0 175.0
7.0 136.0
73.0 140.0
183.0 100.0
116.0 2.0
13.0 47.0
111.0 201.0
26.0 3.0
166.0 160.0
240.0 41.0
210.0 189.0
88.0 86.0
119.0 44.0
115.0 24.0
41.0 123.0
160.0 15.0
58.0 134.0
43.0 238.0
114.0 116.0
103.0 100.0
205.0 241.0
250.0 14.0
146.0 165.0
224.0 154.0
33.0 240.0
116.0 151.0
82.0 214.0
216.0 40.0
99.0 126.0
117.0 30.0
136.0 122.0
16.0 24.0
203.0 48.0
11.0 113.0
227.0 160.0
221.0 65.0
2.0 177.0
138.0 182.0
184.0 161.0
178.0 160.0
214.0 45.0
205.0 201.0
97.0 200.0
124.0 134.0
27.0 217.0
190.0 177.0
191.0 173.0
7.0 224.0
89.0 188.0
233.0 142.0
93.0 160.0
104.0 116.0
208.0 116.0
143.0 131.0
121.0 186.0
71.0 21.0
137.0 18.0
141.0 32.0
214.0 12.0
40.0 208.0
62.0 66.0
219.0 188.0
142.0 85.0
146.0 75.0
177.0 86.0
241.0 110.0
102.0 5.0
103.0 170.0
217.0 163.0
155.0 203.0
87.0 153.0
209.0 13.0
70.0 195.0
193.0 100.0
155.0 102.0
154.0 112.0
105.0 53.0
187.0 247.0
215.0 166.0
248.0 22.0
70.0 198.0
130.0 117.0
206.0 244.0
210.0 108.0
213.0 140.0
90.0 159.0
51.0 56.0
128.0 104.0
226.0 117.0
119.0 130.0
4.0 162.0
220.0 111.0
151.0 107.0
31.0 170.0
21.0 135.0
29.0 157.0
114.0 66.0
160.0 245.0
20.0 8.0
156.0 187.0
27.0 248.0
240.0 92.0
168.0 130.0
188.0 114.0
112.0 244.0
18.0 39.0
57.0 47.0
160.0 57.0
141.0 115.0
238.0 61.0
161.0 35.0
208.0 137.0
3.0 236.0
106.0 221.0
175.0 165.0
13.0 206.0
235.0 229.0
129.0 98.0
135.0 18.0
179.0 137.0
131.0 124.0
183.0 94.0
179.0 183.0
160.0 49.0
62.0 94.0
204.0 232.0
78.0 150.0
111.0 93.0
127.0 169.0
113.0 83.0
167.0 240.0
47.0 167.0
12.0 35.0
109.0 183.0
41.0 185.0
175.0 196.0
187.0 48.0
196.0 79.0
147.0 235.0
26.0 97.0
52.0 94.0
77.0 113.0
155.0 167.0
18.0 47.0
175.0 158.0
44.0 89.0
209.0 79.0
67.0 192.0
231.0 237.0
217.0 181.0
215.0 82.0
128.0 166.0
30.0 225.0
37.0 208.0
13.0 18.0
35.0 37.0
246.0 124.0
118.0 169.0
72.0 90.0
19.0 74.0
237.0 238.0
82.0 138.0
86.0 10.0
29.0 185.0
67.0 194.0
20.0 165.0
86.0 58.0
226.0 178.0
113.0 186.0
183.0 40.0
193.0 166.0
34.0 196.0
131.0 58.0
42.0 63.0
152.0 156.0
113.0 220.0
154.0 106.0
84.0 179.0
2.0 8.0
136.0 248.0
95.0 211.0
224.0 117.0
25.0 26.0
243.0 43.0
192.0 203.0
209.0 143.0
79.0 38.0
46.0 54.0
150.0 51.0
130.0 69.0
216.0 247.0
60.0 162.0
122.0 27.0
180.0 125.0
184.0 113.0
191.0 94.0
148.0 210.0
19.0 83.0
202.0 129.0
139.0 159.0
178.0 205.0
137.0 7.0
135.0 141.0
116.0 160.0
47.0 204.0
73.0 239.0
186.0 55.0
235.0 124.0
40.0 5.0
126.0 20.0
233.0 86.0
197.0 210.0
161.0 137.0
186.0 96.0
187.0 149.0
163.0 178.0
237.0 188.0
45.0 207.0
249.0 36.0
169.0 43.0
226.0 227.0
76.0 64.0
180.0 245.0
224.0 41.0
117.0 195.0
156.0 202.0
226.0 82.0
211.0 24.0
28.0 133.0
195.0 85.0
52.0 175.0
205.0 171.0
141.0 130.0
160.0 72.0
87.0 10.0
104.0 131.0
96.0 105.0
212.0 138.0
122.0 120.0
182.0 220.0
218.0 65.0
81.0 217.0
67.0 58.0
191.0 64.0
201.0 192.0
56.0 40.0
221.0 16.0
146.0 40.0
124.0 156.0
215.0 93.0
192.0 232.0
154.0 161.0
176.0 11.0
19.0 75.0
86.0 36.0
180.0 12.0
217.0 64.0
142.0 232.0
88.0 188.0
104.0 129.0
42.0 80.0
174.0 176.0
69.0 116.0
210.0 182.0
228.0 202.0
50.0 90.0
87.0 174.0
230.0 93.0
197.0 217.0
105.0 172.0
153.0 64.0
59.0 215.0
102.0 32.0
115.0 199.0
154.0 32.0
20.0 198.0
175.0 245.0
199.0 98.0
33.0 215.0
67.0 155.0
160.0 180.0
210.0 129.0
125.0 20.0
28.0 28.0
203.0 13.0
249.0 69.0
10.0 156.0
28.0 249.0
72.0 115.0
156.0 21.0
8.0 191.0
220.0 93.0
88.0 233.0
125.0 214.0
201.0 15.0
182.0 90.0
139.0 138.0
52.0 178.0
94.0 83.0
125.0 118.0
150.0 119.0
1.0 170.0
52.0 57.0
23.0 62.0
141.0 183.0
157.0 215.0
131.0 229.0
46.0 150.0
233.0 102.0
147.0 149.0
174.0 97.0
170.0 106.0
248.0 180.0
92.0 30.0
64.0 219.0
88.0 231.0
12.0 98.0
35.0 52.0
234.0 222.0
50.0 47.0
239.0 237.0
98.0 77.0
84.0 85.0
250.0 125.0
129.0 89.0
7.0 161.0
162.0 80.0
144.0 226.0
39.0 125.0
109.0 211.0
242.0 239.0
70.0 116.0
128.0 21.0
1.0 131.0
172.0 226.0
42.0 207.0
65.0 82.0
143.0 92.0
119.0 234.0
96.0 113.0
212.0 15.0
98.0 53.0
87.0 37.0
67.0 36.0
133.0 174.0
246.0 147.0
72.0 75.0
161.0 68.0
58.0 133.0
124.0 74.0
243.0 182.0
208.0 68.0
185.0 230.0
1.0 104.0
24.0 104.0
217.0 210.0
191.0 211.0
67.0 86.0
185.0 161.0
109.0 104.0
69.0 73.0
109.0 78.0
87.0 192.0
244.0 89.0
180.0 11.0
58.0 218.0
192.0 153.0
136.0 93.0
137.0 76.0
19.0 227.0
227.0 241.0
209.0 179.0
141.0 173.0
164.0 148.0
106.0 176.0
240.0 143.0
158.0 27.0
125.0 218.0
10.0 6.0
94.0 54.0
48.0 237.0
239.0 227.0
227.0 65.0
144.0 97.0
32.0 53.0
36.0 7.0
147.0 220.0
237.0 111.0
114.0 229.0
95.0 162.0
18.0 4.0
88.0 173.0
84.0 113.0
137.0 177.0
108.0 43.0
229.0 124.0
234.0 55.0
231.0 13.0
125.0 126.0
133.0 160.0
154.0 48.0
237.0 91.0
47.0 61.0
135.0 93.0
234.0 206.0
123.0 5.0
207.0 176.0
37.0 186.0
8.0 198.0
9.0 115.0
39.0 107.0
12.0 165.0
190.0 36.0
83.0 145.0
81.0 233.0
184.0 40.0
61.0 72.0
4.0 138.0
132.0 141.0
8.0 117.0
52.0 88.0
170.0 166.0
178.0 247.0
81.0 62.0
163.0 98.0
225.0 167.0
208.0 192.0
4.0 152.0
91.0 245.0
177.0 16.0
61.0 140.0
166.0 90.0
192.0 165.0
13.0 231.0
157.0 113.0
85.0 250.0
146.0 186.0
168.0 170.0
7.0 214.0
176.0 229.0
215.0 246.0
244.0 97.0
116.0 147.0
63.0 93.0
193.0 155.0
84.0 5.0
152.0 125.0
82.0 171.0
210.0 67.0
92.0 47.0
20.0 63.0
68.0 43.0
223.0 47.0
162.0 231.0
195.0 173.0
86.0 83.0
104.0 103.0
100.0 220.0
213.0 91.0
199.0 188.0
181.0 55.0
161.0 142.0
168.0 148.0
174.0 63.0
112.0 127.0
68.0 15.0
122.0 181.0
236.0 198.0
220.0 124.0
158.0 173.0
17.0 240.0
242.0 147.0
155.0 76.0
2.0 59.0
247.0 72.0
170.0 244.0
19.0 224.0
152.0 23.0
245.0 17.0
24.0 135.0
75.0 223.0
121.0 234.0
211.0 170.0
42.0 231.0
158.0 183.0
229.0 92.0
121.0 209.0
90.0 234.0
174.0 176.0
187.0 16.0
120.0 240.0
92.0 90.0
58.0 85.0
45.0 224.0
196.0 55.0
153.0 4.0
58.0 170.0
134.0 135.0
241.0 162.0
223.0 137.0
238.0 224.0
115.0 21.0
136.0 220.0
191.0 119.0
50.0 189.0
23.0 32.0
236.0 1.0
31.0 239.0
129.0 126.0
170.0 212.0
115.0 12.0
126.0 199.0
158.0 138.0
46.0 146.0
217.0 133.0
142.0 51.0
200.0 138.0
73.0 92.0
20.0 173.0
76.0 193.0
111.0 85.0
107.0 250.0
103.0 190.0
112.0 54.0
153.0 63.0
50.0 14.0
223.0 227.0
153.0 81.0
205.0 64.0
202.0 106.0
50.0 65.0
146.0 166.0
170.0 128.0
230.0 202.0
160.0 140.0
94.0 135.0
217.0 185.0
121.0 182.0
185.0 229.0
118.0 161.0
236.0 249.0
3.0 125.0
225.0 46.0
188.0 249.0
120.0 67.0
206.0 179.0
159.0 112.0
165.0 147.0
10.0 118.0
184.0 177.0
227.0 31.0
19.0 71.0
122.0 72.0
178.0 123.0
6.0 43.0
89.0 114.0
24.0 95.0
245.0 179.0
157.0 233.0
32.0 210.0
11.0 112.0
21.0 18.0
70.0 11.0
66.0 40.0
175.0 170.0
106.0 184.0
23.0 5.0
144.0 242.0
66.0 9.0
180.0 63.0
245.0 225.0
178.0 58.0
53.0 230.0
240.0 106.0
241.0 136.0
186.0 40.0
28.0 175.0
73.0 179.0
20.0 1.0
249.0 191.0
60.0 147.0
91.0 148.0
90.0 139.0
139.0 163.0
135.0 100.0
164.0 101.0
96.0 200.0
249.0 144.0
104.0 167.0
53.0 54.0
234.0 100.0
201.0 51.0
215.0 154.0
99.0 34.0
57.0 234.0
6.0 160.0
102.0 126.0
12.0 164.0
53.0 88.0
150.0 44.0
104.0 204.0
157.0 113.0
113.0 135.0
232.0 193.0
48.0 214.0
201.0 44.0
33.0 131.0
31.0 201.0
109.0 37.0
4.0 187.0
143.0 186.0
116.0 133.0
135.0 63.0
117.0 161.0
227.0 250.0
149.0 196.0
47.0 102.0
25.0 160.0
65.0 111.0
222.0 108.0
203.0 141.0
2.0 141.0
21.0 60.0
131.0 11.0
92.0 63.0
205.0 139.0
4.0 80.0
202.0 85.0
237.0 209.0
134.0 69.0
217.0 181.0
40.0 203.0
182.0 159.0
79.0 157.0
36.0 28.0
78.0 41.0
185.0 95.0
182.0 117.0
175.0 210.0
63.0 229.0
244.0 137.0
240.0 197.0
233.0 38.0
77.0 197.0
85.0 22.0
122.0 227.0
20.0 9.0
4.0 81.0
227.0 237.0
169.0 35.0
27.0 28.0
33.0 57.0
7.0 9.0
220.0 111.0
163.0 53.0
95.0 241.0
196.0 246.0
115.0 143.0
139.0 8.0
101.0 19.0
55.0 78.0
71.0 55.0
127.0 95.0
109.0 191.0
247.0 111.0
45.0 156.0
59.0 150.0
36.0 44.0
184.0 22.0
206.0 47.0
197.0 134.0
53.0 240.0
225.0 119.0
157.0 147.0
102.0 166.0
29.0 135.0
74.0 242.0
7.0 211.0
121.0 204.0
154.0 159.0
10.0 132.0
200.0 225.0
20.0 2.0
110.0 133.0
79.0 139.0
189.0 49.0
135.0 225.0
174.0 136.0
114.0 145.0
114.0 180.0
174.0 90.0
114.0 73.0
221.0 77.0
90.0 9.0
35.0 160.0
24.0 35.0
89.0 143.0
227.0 206.0
23.0 170.0
202.0 106.0
12.0 148.0
27.0 100.0
81.0 245.0
204.0 223.0
249.0 35.0
12.0 177.0
176.0 166.0
207.0 226.0
79.0 10.0
215.0 82.0
197.0 19.0
42.0 208.0
206.0 139.0
167.0 237.0
3.0 134.0
31.0 66.0
106.0 30.0
243.0 211.0
241.0 175.0
4.0 90.0
218.0 236.0
248.0 205.0
58.0 10.0
111.0 7.0
87.0 245.0
119.0 47.0
86.0 225.0
67.0 72.0
94.0 185.0
116.0 41.0
70.0 183.0
195.0 96.0
141.0 128.0
124.0 81.0
17.0 218.0
149.0 37.0
170.0 97.0
199.0 124.0
241.0 123.0
182.0 24.0
141.0 177.0
227.0 166.0
182.0 31.0
103.0 187.0
92.0 79.0
68.0 92.0
110.0 76.0
21.0 176.0
154.0 57.0
71.0 16.0
115.0 214.0
28.0 239.0
160.0 31.0
70.0 250.0
227.0 64.0
178.0 233.0
196.0 59.0
6.0 15.0
66.0 157.0
140.0 195.0
245.0 15.0
26.0 29.0
138.0 209.0
162.0 96.0
43.0 120.0
204.0 89.0
145.0 57.0
201.0 160.0
3.0 179.0
246.0 23.0
193.0 108.0
114.0 112.0
115.0 160.0
66.0 143.0
26.0 209.0
17.0 235.0
164.0 248.0
97.0 70.0
148.0 29.0
206.0 121.0
164.0 223.0
211.0 55.0
220.0 105.0
245.0 216.0
125.0 75.0
143.0 167.0
99.0 163.0
110.0 65.0
26.0 187.0
12.0 239.0
153.0 91.0
14.0 106.0
117.0 7.0
94.0 176.0
215.0 194.0
22.0 154.0
189.0 37.0
202.0 15.0
62.0 97.0
107.0 191.0
167.0 60.0
62.0 107.0
38.0 181.0
248.0 97.0
168.0 193.0
44.0 45.0
198.0 169.0
208.0 179.0
140.0 161.0
141.0 213.0
97.0 244.0
112.0 149.0
202.0 161.0
58.0 82.0
98.0 68.0
207.0 149.0
81.0 196.0
39.0 133.0
82.0 76.0
166.0 218.0
247.0 241.0

57.0 101.0
118.0 252.0
19.0 104.0
202.0 153.0
211.0 88.0
123.0 133.0
128.0 155.0
92.0 61.0
99.0 75.0
65.0 49.0
240.0 87.0
153.0 194.0
233.0 139.0
95.0 131.0
248.0 83.0
58.0 140.0
188.0 182.0
56.0 28.0
197.0 83.0
132.0 126.0
237.0 221.0
202.0 254.0
34.0 232.0
110.0 125.0
108.0 155.0
151.0 182.0
23.0 145.0
226.0 164.0
226.0 156.0
24.0 74.0
224.0 89.0
23.0 208.0
76.0 78.0
72.0 250.0
129.0 239.0
225.0 36.0
36.0 202.0
211.0 51.0
131.0 112.0
90.0 189.0
103.0 18.0
90.0 188.0
135.0 56.0
80.0 142.0
82.0 94.0
28.0 144.0
246.0 196.0
250.0 68.0
160.0 211.0
242.0 200.0
120.0 156.0
205.0 57.0
198.0 123.0
217.0 17.0
125.0 241.0
34.0 193.0
160.0 46.0
89.0 93.0
177.0 166.0
61.0 78.0
10.0 45.0
183.0 33.0
117.0 236.0
65.0 209.0
241.0 137.0
57.0 186.0
31.0 52.0
69.0 80.0
134.0 48.0
218.0 88.0
121.0 194.0
118.0 90.0
132.0 194.0
75.0 37.0
230.0 177.0
89.0 208.0
200.0 35.0
63.0 220.0
197.0 122.0
12.0 208.0
63.0 197.0
29.0 220.0
128.0 208.0
187.0 111.0
166.0 195.0
10.0 68.0
206.0 78.0
36.0 243.0
253.0 159.0
38.0 188.0
203.0 50.0
6.0 233.0
200.0 185.0
86.0 123.0
25.0 11.0
215.0 130.0
189.0 178.0
32.0 169.0
181.0 123.0
154.0 197.0
138.0 75.0
31.0 39.0
73.0 203.0
114.0 90.0
243.0 55.0
143.0 156.0
199.0 178.0
187.0 215.0
243.0 133.0
109.0 18.0
154.0 222.0
224.0 206.0
81.0 239.0
164.0 179.0
73.0 189.0
139.0 88.0
22.0 172.0
214.0 13.0
107.0 244.0
150.0 68.0
153.0 65.0
70.0 161.0
94.0 51.0
123.0 250.0
118.0 196.0
44.0 211.0
17.0 140.0
113.0 236.0
218.0 68.0
92.0 78.0
150.0 92.0
238.0 144.0
255.0 110.0
88.0 119.0
244.0 156.0
19.0 13.0
220.0 107.0
123.0 186.0
156.0 159.0
41.0 136.0
253.0 21.0
189.0 187.0
13.0 139.0
86.0 17.0
189.0 47.0
158.0 54.0
61.0 239.0
83.0 13.0
101.0 52.0
136.0 249.0
67.0 84.0
32.0 89.0
224.0 253.0
82.0 159.0
140.0 172.0
250.0 29.0
88.0 18.0
100.0 33.0
124.0 241.0
81.0 241.0
41.0 162.0
229.0 58.0
127.0 158.0
180.0 27.0
253.0 127.0
129.0 227.0
161.0 31.0
25.0 189.0
78.0 141.0
48.0 101.0
142.0 90.0
233.0 110.0
156.0 14.0
181.0 105.0
252.0 35.0
111.0 172.0
148.0 178.0
43.0 223.0
185.0 179.0
21.0 132.0
184.0 88.0
251.0 225.0
215.0 25.0
219.0 106.0
188.0 132.0
55.0 46.0
196.0 163.0
10.0 252.0
200.0 170.0
37.0 185.0
84.0 86.0
128.0 48.0
39.0 41.0
73.0 28.0
179.0 76.0
181.0 44.0
236.0 228.0
184.0 179.0
126.0 25.0
72.0 200.0
56.0 240.0
157.0 203.0
129.0 59.0
241.0 180.0
12.0 142.0
79.0 144.0
189.0 104.0
120.0 6.0
17.0 51.0
117.0 205.0
30.0 9.0
170.0 166.0
244.0 46.0
216.0 193.0
93.0 92.0
125.0 50.0
119.0 30.0
47.0 128.0
164.0 19.0
62.0 140.0
48.0 244.0
119.0 121.0
107.0 105.0
209.0 246.0
255.0 20.0
151.0 171.0
229.0 159.0
38.0 245.0
121.0 156.0
87.0 219.0
222.0 45.0
105.0 132.0
122.0 36.0
141.0 127.0
22.0 29.0
207.0 54.0
17.0 119.0
233.0 165.0
227.0 71.0
7.0 181.0
142.0 187.0
188.0 165.0
183.0 166.0
218.0 50.0
210.0 206.0
101.0 205.0
128.0 139.0
33.0 222.0
196.0 181.0
196.0 178.0
13.0 228.0
93.0 193.0
239.0 147.0
97.0 165.0
110.0 121.0
214.0 121.0
147.0 136.0
127.0 191.0
76.0 25.0
142.0 23.0
147.0 37.0
218.0 17.0
46.0 214.0
66.0 71.0
224.0 192.0
148.0 91.0
151.0 79.0
181.0 91.0
246.0 115.0
107.0 10.0
107.0 175.0
222.0 169.0
161.0 209.0
91.0 158.0
213.0 19.0
75.0 199.0
197.0 106.0
160.0 107.0
160.0 117.0
109.0 57.0
193.0 252.0
220.0 170.0
253.0 27.0
74.0 204.0
136.0 122.0
210.0 249.0
216.0 114.0
218.0 146.0
95.0 165.0
56.0 62.0
133.0 110.0
231.0 123.0
123.0 135.0
9.0 167.0
226.0 116.0
157.0 112.0
36.0 174.0
25.0 140.0
33.0 162.0
120.0 72.0
164.0 249.0
25.0 12.0
162.0 192.0
33.0 252.0
245.0 97.0
173.0 135.0
193.0 119.0
117.0 250.0
24.0 43.0
62.0 53.0
166.0 62.0
146.0 119.0
244.0 66.0
167.0 39.0
212.0 143.0
9.0 241.0
110.0 227.0
180.0 170.0
18.0 211.0
239.0 234.0
134.0 102.0
140.0 22.0
184.0 142.0
136.0 129.0
189.0 99.0
184.0 188.0
165.0 55.0
66.0 98.0
208.0 236.0
83.0 156.0
115.0 97.0
132.0 173.0
118.0 87.0
172.0 245.0
53.0 171.0
16.0 40.0
114.0 189.0
45.0 189.0
179.0 201.0
192.0 53.0
200.0 84.0
152.0 240.0
30.0 103.0
56.0 99.0
82.0 118.0
160.0 173.0
23.0 52.0
180.0 163.0
50.0 95.0
214.0 85.0
72.0 198.0
237.0 243.0
222.0 186.0
220.0 87.0
132.0 171.0
35.0 230.0
42.0 213.0
18.0 24.0
40.0 42.0
250.0 129.0
124.0 173.0
77.0 94.0
24.0 79.0
243.0 242.0
88.0 144.0
91.0 16.0
33.0 190.0
72.0 199.0
24.0 170.0
90.0 63.0
232.0 184.0
117.0 191.0
189.0 46.0
198.0 171.0
38.0 202.0
135.0 62.0
48.0 67.0
158.0 161.0
118.0 226.0
160.0 112.0
88.0 185.0
7.0 13.0
142.0 254.0
101.0 217.0
229.0 122.0
29.0 31.0
247.0 48.0
197.0 207.0
214.0 149.0
85.0 43.0
51.0 59.0
155.0 56.0
134.0 74.0
221.0 253.0
65.0 168.0
126.0 31.0
185.0 130.0
189.0 119.0
196.0 98.0
153.0 216.0
24.0 88.0
207.0 134.0
144.0 164.0
183.0 211.0
142.0 11.0
140.0 147.0
120.0 164.0
51.0 209.0
78.0 244.0
192.0 60.0
241.0 130.0
46.0 10.0
131.0 24.0
238.0 90.0
201.0 215.0
166.0 142.0
192.0 100.0
193.0 155.0
168.0 183.0
242.0 193.0
50.0 212.0
253.0 41.0
175.0 48.0
230.0 232.0
82.0 70.0
184.0 250.0
229.0 45.0
122.0 199.0
160.0 206.0
230.0 88.0
216.0 28.0
32.0 138.0
201.0 89.0
56.0 180.0
211.0 176.0
146.0 134.0
166.0 78.0
92.0 15.0
108.0 136.0
101.0 110.0
217.0 143.0
128.0 124.0
186.0 226.0
223.0 69.0
86.0 222.0
71.0 63.0
197.0 69.0
206.0 197.0
61.0 45.0
226.0 22.0
151.0 44.0
130.0 161.0
220.0 98.0
197.0 238.0
160.0 166.0
182.0 17.0
23.0 80.0
92.0 41.0
184.0 18.0
222.0 69.0
148.0 237.0
93.0 193.0
108.0 134.0
47.0 85.0
179.0 181.0
74.0 120.0
215.0 187.0
233.0 208.0
56.0 94.0
91.0 179.0
235.0 97.0
201.0 221.0
111.0 178.0
157.0 68.0
63.0 221.0
106.0 37.0
121.0 204.0
160.0 36.0
24.0 203.0
180.0 250.0
204.0 104.0
37.0 221.0
71.0 160.0
165.0 186.0
215.0 133.0
131.0 25.0
33.0 33.0
208.0 18.0
254.0 75.0
15.0 161.0
32.0 255.0
77.0 119.0
161.0 26.0
12.0 197.0
224.0 98.0
94.0 238.0
131.0 219.0
207.0 20.0
187.0 95.0
144.0 142.0
58.0 183.0
99.0 89.0
131.0 124.0
156.0 124.0
7.0 175.0
58.0 62.0
28.0 66.0
145.0 188.0
162.0 221.0
136.0 235.0
52.0 155.0
238.0 107.0
152.0 153.0
178.0 102.0
174.0 111.0
253.0 186.0
97.0 35.0
68.0 223.0
93.0 237.0
17.0 103.0
40.0 56.0
239.0 227.0
55.0 52.0
244.0 241.0
102.0 82.0
90.0 90.0
255.0 129.0
134.0 94.0
12.0 166.0
166.0 84.0
148.0 231.0
44.0 130.0
114.0 216.0
247.0 244.0
75.0 122.0
134.0 26.0
6.0 137.0
176.0 231.0
48.0 212.0
71.0 87.0
148.0 97.0
124.0 239.0
101.0 117.0
217.0 21.0
102.0 57.0
92.0 43.0
73.0 40.0
139.0 179.0
251.0 153.0
76.0 80.0
167.0 74.0
62.0 138.0
129.0 79.0
248.0 188.0
213.0 73.0
190.0 236.0
6.0 108.0
30.0 109.0
222.0 215.0
196.0 216.0
72.0 92.0
190.0 166.0
114.0 108.0
75.0 79.0
114.0 83.0
93.0 198.0
249.0 94.0
185.0 17.0
63.0 222.0
198.0 158.0
141.0 98.0
143.0 82.0
23.0 233.0
232.0 246.0
215.0 184.0
147.0 178.0
168.0 154.0
110.0 181.0
246.0 149.0
163.0 32.0
129.0 222.0
16.0 11.0
99.0 60.0
53.0 241.0
243.0 232.0
232.0 69.0
150.0 102.0
38.0 58.0
41.0 12.0
151.0 225.0
241.0 115.0
118.0 234.0
100.0 167.0
23.0 8.0
93.0 177.0
88.0 118.0
143.0 182.0
113.0 48.0
235.0 128.0
240.0 60.0
235.0 18.0
130.0 131.0
138.0 165.0
159.0 53.0
242.0 97.0
52.0 66.0
140.0 99.0
238.0 211.0
128.0 10.0
211.0 181.0
41.0 192.0
13.0 203.0
14.0 120.0
44.0 111.0
18.0 170.0
195.0 41.0
87.0 150.0
86.0 238.0
188.0 44.0
67.0 77.0
9.0 143.0
137.0 147.0
12.0 121.0
58.0 94.0
175.0 171.0
184.0 252.0
86.0 67.0
168.0 103.0
229.0 171.0
214.0 197.0
8.0 158.0
97.0 250.0
182.0 21.0
67.0 146.0
171.0 96.0
197.0 171.0
18.0 235.0
162.0 117.0
89.0 254.0
151.0 191.0
173.0 176.0
12.0 220.0
182.0 234.0
219.0 250.0
249.0 101.0
122.0 153.0
68.0 99.0
198.0 159.0
89.0 10.0
157.0 129.0
88.0 177.0
215.0 72.0
98.0 53.0
25.0 68.0
72.0 48.0
228.0 52.0
167.0 237.0
200.0 179.0
91.0 89.0
109.0 108.0
104.0 224.0
219.0 97.0
205.0 193.0
186.0 60.0
166.0 148.0
173.0 153.0
179.0 68.0
117.0 132.0
72.0 21.0
126.0 186.0
241.0 204.0
224.0 129.0
164.0 179.0
22.0 245.0
246.0 151.0
159.0 82.0
8.0 63.0
252.0 77.0
175.0 249.0
25.0 229.0
156.0 28.0
250.0 22.0
30.0 141.0
81.0 229.0
125.0 239.0
215.0 175.0
47.0 237.0
164.0 189.0
234.0 97.0
127.0 213.0
95.0 239.0
179.0 181.0
193.0 20.0
125.0 245.0
97.0 96.0
64.0 90.0
49.0 229.0
201.0 60.0
157.0 9.0
63.0 175.0
138.0 139.0
246.0 167.0
229.0 141.0
243.0 229.0
121.0 26.0
142.0 226.0
196.0 123.0
55.0 194.0
28.0 37.0
241.0 5.0
36.0 244.0
133.0 131.0
174.0 217.0
119.0 17.0
132.0 203.0
162.0 143.0
51.0 150.0
223.0 139.0
148.0 56.0
206.0 142.0
78.0 97.0
25.0 178.0
81.0 199.0
116.0 90.0
112.0 254.0
107.0 196.0
116.0 58.0
159.0 69.0
54.0 19.0
228.0 232.0
158.0 86.0
211.0 69.0
207.0 111.0
56.0 70.0
151.0 171.0
174.0 134.0
235.0 208.0
165.0 145.0
98.0 140.0
223.0 190.0
126.0 187.0
191.0 233.0
123.0 166.0
241.0 255.0
8.0 129.0
230.0 51.0
194.0 255.0
125.0 73.0
212.0 184.0
165.0 117.0
169.0 151.0
16.0 124.0
189.0 183.0
232.0 35.0
23.0 77.0
127.0 77.0
184.0 128.0
11.0 48.0
95.0 118.0
29.0 100.0
250.0 184.0
163.0 238.0
37.0 215.0
17.0 118.0
27.0 22.0
76.0 17.0
70.0 45.0
179.0 174.0
110.0 188.0
27.0 11.0
148.0 247.0
70.0 15.0
186.0 68.0
250.0 230.0
182.0 62.0
57.0 236.0
245.0 110.0
246.0 141.0
191.0 45.0
33.0 179.0
77.0 184.0
24.0 7.0
253.0 195.0
65.0 151.0
97.0 153.0
96.0 144.0
144.0 168.0
140.0 105.0
168.0 105.0
101.0 206.0
255.0 149.0
108.0 171.0
59.0 58.0
240.0 106.0
205.0 56.0
221.0 158.0
104.0 38.0
61.0 238.0
11.0 164.0
108.0 130.0
16.0 169.0
58.0 93.0
155.0 50.0
109.0 209.0
163.0 119.0
118.0 140.0
236.0 197.0
53.0 218.0
206.0 49.0
39.0 135.0
35.0 205.0
114.0 42.0
9.0 192.0
148.0 190.0
122.0 138.0
140.0 68.0
122.0 167.0
231.0 256.0
153.0 200.0
53.0 106.0
30.0 166.0
71.0 116.0
227.0 113.0
207.0 146.0
7.0 145.0
26.0 65.0
136.0 16.0
97.0 69.0
210.0 145.0
9.0 85.0
207.0 90.0
242.0 214.0
138.0 74.0
221.0 185.0
45.0 207.0
186.0 163.0
85.0 162.0
41.0 33.0
83.0 45.0
190.0 99.0
187.0 121.0
181.0 215.0
67.0 233.0
250.0 141.0
245.0 202.0
239.0 43.0
82.0 203.0
90.0 28.0
127.0 232.0
24.0 13.0
10.0 86.0
232.0 241.0
174.0 40.0
31.0 34.0
38.0 61.0
13.0 14.0
225.0 115.0
168.0 58.0
100.0 245.0
201.0 251.0
120.0 148.0
143.0 14.0
106.0 24.0
61.0 83.0
77.0 59.0
132.0 99.0
113.0 195.0
253.0 116.0
51.0 162.0
64.0 154.0
40.0 49.0
189.0 27.0
211.0 52.0
202.0 140.0
57.0 245.0
230.0 125.0
163.0 153.0
107.0 171.0
35.0 140.0
80.0 247.0
13.0 216.0
127.0 209.0
160.0 165.0
15.0 136.0
206.0 230.0
25.0 7.0
115.0 137.0
85.0 145.0
194.0 53.0
139.0 230.0
179.0 140.0
119.0 151.0
120.0 185.0
179.0 96.0
118.0 79.0
225.0 81.0
95.0 15.0
40.0 165.0
29.0 40.0
94.0 148.0
232.0 211.0
27.0 174.0
207.0 112.0
17.0 153.0
31.0 106.0
87.0 250.0
209.0 229.0
255.0 41.0
17.0 181.0
182.0 172.0
212.0 232.0
85.0 16.0
221.0 88.0
202.0 25.0
46.0 213.0
211.0 144.0
172.0 242.0
8.0 139.0
36.0 72.0
111.0 35.0
249.0 216.0
245.0 181.0
9.0 95.0
224.0 242.0
253.0 210.0
63.0 16.0
117.0 11.0
92.0 251.0
123.0 52.0
91.0 229.0
72.0 78.0
100.0 190.0
120.0 47.0
76.0 188.0
200.0 101.0
146.0 132.0
128.0 86.0
23.0 223.0
155.0 42.0
175.0 103.0
204.0 130.0
247.0 128.0
188.0 29.0
145.0 181.0
231.0 170.0
187.0 37.0
108.0 191.0
97.0 85.0
73.0 97.0
114.0 81.0
26.0 180.0
159.0 62.0
76.0 21.0
120.0 219.0
32.0 244.0
165.0 36.0
75.0 255.0
232.0 69.0
183.0 237.0
201.0 64.0
11.0 20.0
71.0 162.0
145.0 201.0
249.0 19.0
31.0 35.0
144.0 215.0
167.0 102.0
49.0 125.0
208.0 93.0
149.0 62.0
206.0 164.0
7.0 184.0
251.0 29.0
197.0 112.0
120.0 117.0
120.0 165.0
71.0 148.0
32.0 215.0
21.0 241.0
170.0 253.0
103.0 75.0
152.0 33.0
211.0 126.0
169.0 229.0
217.0 60.0
225.0 111.0
249.0 221.0
130.0 79.0
149.0 173.0
103.0 168.0
114.0 69.0
30.0 193.0
17.0 245.0
157.0 97.0
19.0 110.0
123.0 11.0
99.0 180.0
220.0 199.0
27.0 159.0
194.0 42.0
208.0 20.0
67.0 102.0
112.0 196.0
172.0 64.0
67.0 112.0
43.0 187.0
253.0 102.0
172.0 199.0
50.0 50.0
203.0 175.0
213.0 185.0
145.0 165.0
147.0 218.0
102.0 249.0
116.0 155.0
207.0 165.0
62.0 87.0
103.0 72.0
211.0 155.0
85.0 200.0
45.0 138.0
87.0 82.0
170.0 223.0
253.0 247.0
