1
1024 1 3.0 0.0 1000.0 3 160 240 100

6.5 13.5 29.3 58.5
13.0 27.0 58.5 117.0
19.5 40.5 87.8 175.5
26.0 54.0 117.0 234.0
39.0 81.0 175.5 351.0
52.0 108.0 234.0 468.0
58.5 121.5 263.3 526.5
65.0 135.0 292.5 585.0
78.0 162.0 351.0 702.0
0.0 180.0 390.0 780.0

2.0 5.0 8.0 11.0
5.0 8.0 11.0 14.0
9.0 12.0 15.0 18.0
11.0 14.0 17.0 20.0
15.0 18.0 21.0 24.0
18.0 21.0 24.0 27.0
20.0 23.0 26.0 29.0
25.0 28.0 31.0 34.0
29.0 32.0 35.0 38.0
0.0 34.0 37.0 40.0

74.0 121.0
242.0 110.0
66.0 131.0
102.0 102.0
44.0 239.0
139.0 135.0
70.0 29.0
114.0 47.0
60.0 242.0
23.0 73.0
161.0 143.0
164.0 123.0
195.0 51.0
43.0 145.0
13.0 85.0
89.0 24.0
155.0 212.0
247.0 12.0
32.0 20.0
77.0 15.0
171.0 176.0
31.0 117.0
95.0 115.0
170.0 22.0
4.0 65.0
115.0 184.0
224.0 44.0
114.0 185.0
187.0 79.0
163.0 237.0
57.0 176.0
159.0 9.0
131.0 128.0
172.0 29.0
247.0 85.0
187.0 227.0
223.0 105.0
7.0 1.0
162.0 225.0
65.0 3.0
37.0 144.0
207.0 138.0
11.0 184.0
62.0 104.0
32.0 6.0
187.0 105.0
28.0 107.0
236.0 160.0
121.0 209.0
208.0 41.0
70.0 188.0
149.0 137.0
217.0 32.0
245.0 128.0
32.0 95.0
43.0 164.0
159.0 16.0
126.0 59.0
178.0 200.0
96.0 55.0
113.0 86.0
64.0 44.0
26.0 249.0
137.0 191.0
97.0 169.0
212.0 210.0
163.0 90.0
199.0 108.0
239.0 188.0
111.0 36.0
109.0 83.0
16.0 177.0
153.0 50.0
159.0 187.0
108.0 75.0
125.0 0.0
55.0 6.0
231.0 128.0
220.0 51.0
151.0 150.0
237.0 9.0
59.0 143.0
95.0 105.0
196.0 123.0
40.0 195.0
15.0 127.0
38.0 87.0
174.0 130.0
181.0 108.0
167.0 40.0
16.0 62.0
234.0 110.0
76.0 52.0
221.0 128.0
198.0 210.0
138.0 81.0
27.0 183.0
240.0 59.0
191.0 24.0
225.0 203.0
145.0 231.0
11.0 80.0
63.0 201.0
78.0 188.0
139.0 214.0
175.0 78.0
51.0 91.0
34.0 174.0
93.0 23.0
7.0 170.0
68.0 77.0
139.0 187.0
111.0 10.0
218.0 202.0
135.0 22.0
196.0 71.0
199.0 194.0
147.0 13.0
120.0 139.0
18.0 10.0
6.0 211.0
231.0 118.0
147.0 186.0
11.0 14.0
67.0 143.0
114.0 157.0
62.0 78.0
218.0 246.0
143.0 91.0
26.0 3.0
75.0 75.0
199.0 65.0
69.0 115.0
69.0 150.0
199.0 142.0
112.0 160.0
201.0 183.0
6.0 248.0
124.0 128.0
130.0 150.0
110.0 229.0
208.0 173.0
136.0 122.0
71.0 26.0
139.0 217.0
121.0 247.0
215.0 123.0
102.0 53.0
198.0 72.0
119.0 232.0
185.0 143.0
157.0 23.0
175.0 112.0
141.0 241.0
39.0 121.0
188.0 214.0
84.0 100.0
209.0 159.0
71.0 20.0
123.0 195.0
79.0 41.0
233.0 235.0
178.0 235.0
152.0 96.0
206.0 106.0
192.0 185.0
217.0 182.0
231.0 218.0
24.0 48.0
106.0 217.0
40.0 203.0
162.0 111.0
204.0 245.0
137.0 67.0
77.0 148.0
130.0 239.0
8.0 236.0
218.0 199.0
100.0 24.0
81.0 112.0
240.0 131.0
82.0 31.0
38.0 73.0
46.0 15.0
80.0 17.0
46.0 62.0
214.0 163.0
62.0 190.0
138.0 236.0
210.0 29.0
139.0 108.0
35.0 125.0
136.0 163.0
163.0 218.0
234.0 58.0
205.0 43.0
77.0 105.0
87.0 53.0
94.0 63.0
49.0 242.0
21.0 190.0
136.0 86.0
192.0 202.0
33.0 150.0
108.0 140.0
206.0 19.0
128.0 145.0
64.0 214.0
195.0 32.0
230.0 126.0
50.0 26.0
25.0 14.0
224.0 185.0
109.0 208.0
136.0 249.0
21.0 210.0
216.0 45.0
178.0 191.0
250.0 102.0
209.0 210.0
245.0 186.0
54.0 19.0
143.0 63.0
79.0 177.0
32.0 66.0
13.0 184.0
90.0 153.0
78.0 1.0
21.0 150.0
7.0 43.0
77.0 240.0
182.0 114.0
82.0 33.0
209.0 36.0
157.0 134.0
58.0 18.0
188.0 180.0
192.0 184.0
117.0 131.0
183.0 155.0
218.0 170.0
140.0 238.0
68.0 112.0
43.0 245.0
243.0 59.0
198.0 108.0
86.0 75.0
40.0 211.0
181.0 237.0
96.0 195.0
31.0 225.0
240.0 72.0
184.0 163.0
164.0 249.0
169.0 8.0
66.0 180.0
146.0 89.0
120.0 135.0
217.0 189.0
85.0 163.0
201.0 167.0
7.0 121.0
192.0 132.0
246.0 220.0
75.0 43.0
144.0 80.0
189.0 125.0
206.0 127.0
193.0 81.0
227.0 204.0
206.0 148.0
112.0 81.0
135.0 74.0
200.0 137.0
150.0 197.0
215.0 14.0
91.0 88.0
20.0 130.0
141.0 46.0
190.0 248.0
176.0 49.0
190.0 96.0
248.0 64.0
49.0 113.0
239.0 198.0
199.0 198.0
21.0 219.0
247.0 155.0
27.0 48.0
214.0 88.0
201.0 141.0
134.0 66.0
99.0 213.0
186.0 179.0
239.0 122.0
109.0 198.0
97.0 230.0
213.0 63.0
226.0 174.0
105.0 47.0
9.0 8.0
59.0 209.0
147.0 15.0
40.0 76.0
44.0 20.0
181.0 73.0
36.0 129.0
90.0 3.0
3.0 119.0
167.0 221.0
208.0 248.0
182.0 182.0
5.0 104.0
179.0 123.0
147.0 145.0
59.0 201.0
206.0 150.0
53.0 208.0
209.0 122.0
59.0 63.0
136.0 244.0
165.0 83.0
248.0 42.0
229.0 96.0
22.0 236.0
192.0 33.0
39.0 59.0
139.0 190.0
221.0 144.0
144.0 160.0
136.0 148.0
40.0 9.0
152.0 73.0
42.0 68.0
26.0 79.0
218.0 41.0
84.0 139.0
118.0 185.0
210.0 190.0
190.0 114.0
167.0 10.0
156.0 128.0
91.0 102.0
106.0 249.0
74.0 193.0
109.0 211.0
29.0 241.0
229.0 239.0
139.0 199.0
107.0 234.0
210.0 46.0
131.0 57.0
101.0 203.0
237.0 177.0
181.0 234.0
218.0 236.0
95.0 67.0
224.0 173.0
192.0 2.0
208.0 91.0
249.0 127.0
118.0 130.0
217.0 38.0
204.0 152.0
27.0 88.0
145.0 134.0
19.0 214.0
213.0 193.0
184.0 170.0
64.0 10.0
149.0 94.0
4.0 221.0
211.0 129.0
178.0 149.0
244.0 122.0
175.0 65.0
142.0 23.0
109.0 2.0
3.0 120.0
48.0 167.0
100.0 100.0
226.0 95.0
210.0 221.0
30.0 230.0
215.0 182.0
85.0 196.0
192.0 117.0
45.0 66.0
17.0 174.0
25.0 16.0
71.0 229.0
187.0 50.0
209.0 66.0
20.0 59.0
199.0 201.0
197.0 26.0
168.0 62.0
193.0 2.0
138.0 68.0
153.0 62.0
62.0 201.0
88.0 226.0
72.0 238.0
241.0 173.0
215.0 105.0
93.0 130.0
22.0 159.0
230.0 122.0
71.0 220.0
135.0 93.0
232.0 43.0
40.0 206.0
163.0 180.0
11.0 220.0
108.0 29.0
10.0 114.0
184.0 170.0
6.0 233.0
92.0 147.0
248.0 12.0
57.0 161.0
138.0 153.0
74.0 229.0
197.0 217.0
110.0 138.0
190.0 118.0
242.0 118.0
26.0 88.0
246.0 203.0
124.0 1.0
231.0 67.0
233.0 247.0
228.0 180.0
26.0 156.0
193.0 201.0
81.0 36.0
201.0 80.0
189.0 219.0
179.0 153.0
239.0 44.0
76.0 76.0
222.0 39.0
186.0 21.0
10.0 114.0
157.0 90.0
50.0 152.0
17.0 2.0
16.0 183.0
134.0 133.0
187.0 153.0
60.0 90.0
212.0 96.0
57.0 18.0
156.0 99.0
122.0 205.0
114.0 248.0
185.0 61.0
173.0 58.0
188.0 137.0
107.0 206.0
66.0 169.0
238.0 198.0
235.0 165.0
209.0 161.0
232.0 157.0
233.0 17.0
220.0 247.0
174.0 102.0
142.0 206.0
175.0 114.0
117.0 135.0
44.0 79.0
224.0 51.0
237.0 99.0
141.0 56.0
44.0 181.0
173.0 55.0
165.0 46.0
10.0 75.0
179.0 104.0
101.0 18.0
210.0 88.0
144.0 18.0
163.0 190.0
179.0 120.0
216.0 47.0
163.0 77.0
62.0 50.0
148.0 99.0
218.0 211.0
59.0 230.0
12.0 159.0
65.0 63.0
193.0 149.0
174.0 91.0
153.0 32.0
163.0 37.0
77.0 169.0
101.0 71.0
140.0 133.0
203.0 143.0
181.0 61.0
140.0 222.0
115.0 106.0
186.0 21.0
124.0 241.0
178.0 147.0
14.0 233.0
61.0 123.0
164.0 171.0
121.0 85.0
72.0 230.0
41.0 1.0
47.0 189.0
8.0 62.0
177.0 10.0
158.0 230.0
7.0 112.0
168.0 226.0
168.0 34.0
190.0 56.0
27.0 241.0
58.0 237.0
221.0 131.0
68.0 190.0
8.0 148.0
158.0 101.0
197.0 156.0
153.0 81.0
196.0 117.0
32.0 51.0
68.0 114.0
249.0 67.0
14.0 110.0
201.0 124.0
49.0 131.0
235.0 32.0
157.0 137.0
184.0 40.0
71.0 131.0
179.0 165.0
91.0 156.0
101.0 20.0
205.0 108.0
71.0 239.0
62.0 126.0
189.0 161.0
171.0 121.0
48.0 245.0
13.0 86.0
133.0 247.0
58.0 115.0
227.0 28.0
8.0 141.0
69.0 119.0
121.0 221.0
29.0 52.0
65.0 224.0
134.0 227.0
41.0 141.0
120.0 152.0
245.0 8.0
199.0 249.0
18.0 1.0
91.0 162.0
151.0 107.0
151.0 136.0
66.0 39.0
247.0 43.0
189.0 167.0
104.0 223.0
150.0 19.0
143.0 127.0
224.0 245.0
157.0 20.0
25.0 226.0
227.0 117.0
11.0 87.0
87.0 62.0
159.0 183.0
229.0 198.0
18.0 186.0
80.0 203.0
113.0 208.0
157.0 153.0
23.0 240.0
158.0 206.0
8.0 183.0
39.0 100.0
103.0 145.0
138.0 28.0
197.0 165.0
26.0 221.0
143.0 134.0
33.0 159.0
19.0 222.0
234.0 123.0
244.0 199.0
243.0 146.0
15.0 92.0
200.0 183.0
153.0 166.0
185.0 183.0
219.0 76.0
80.0 28.0
79.0 43.0
214.0 125.0
172.0 9.0
208.0 2.0
41.0 30.0
224.0 68.0
249.0 205.0
148.0 11.0
104.0 51.0
55.0 116.0
211.0 236.0
103.0 114.0
138.0 193.0
71.0 201.0
84.0 181.0
73.0 232.0
224.0 167.0
42.0 91.0
240.0 219.0
123.0 113.0
77.0 181.0
207.0 207.0
72.0 176.0
133.0 157.0
117.0 86.0
129.0 129.0
120.0 180.0
176.0 249.0
61.0 176.0
234.0 150.0
28.0 16.0
125.0 209.0
157.0 18.0
155.0 29.0
220.0 78.0
130.0 238.0
193.0 181.0
240.0 42.0
144.0 42.0
75.0 238.0
150.0 1.0
126.0 227.0
235.0 121.0
166.0 131.0
124.0 240.0
233.0 176.0
208.0 42.0
240.0 46.0
141.0 33.0
55.0 27.0
59.0 109.0
201.0 5.0
3.0 228.0
140.0 5.0
146.0 238.0
186.0 231.0
18.0 13.0
109.0 148.0
231.0 74.0
109.0 203.0
4.0 195.0
112.0 99.0
109.0 86.0
173.0 86.0
192.0 0.0
76.0 76.0
185.0 239.0
21.0 150.0
148.0 35.0
142.0 155.0
142.0 144.0
104.0 72.0
85.0 24.0
140.0 236.0
66.0 40.0
177.0 223.0
204.0 201.0
4.0 73.0
149.0 248.0
32.0 89.0
175.0 223.0
224.0 227.0
108.0 209.0
91.0 182.0
142.0 248.0
242.0 94.0
180.0 249.0
242.0 74.0
117.0 30.0
136.0 107.0
77.0 169.0
36.0 176.0
153.0 178.0
234.0 2.0
27.0 69.0
128.0 148.0
158.0 183.0
37.0 12.0
21.0 243.0
78.0 45.0
229.0 106.0
57.0 133.0
138.0 61.0
146.0 89.0
133.0 39.0
216.0 62.0
88.0 174.0
192.0 194.0
58.0 227.0
171.0 204.0
80.0 192.0
76.0 104.0
11.0 206.0
181.0 104.0
153.0 208.0
167.0 33.0
231.0 108.0
168.0 200.0
83.0 26.0
92.0 175.0
7.0 234.0
59.0 0.0
9.0 242.0
96.0 215.0
8.0 36.0
75.0 75.0
130.0 31.0
150.0 208.0
11.0 123.0
58.0 235.0
120.0 30.0
163.0 205.0
152.0 177.0
229.0 12.0
119.0 189.0
188.0 4.0
69.0 137.0
248.0 85.0
186.0 205.0
246.0 147.0
71.0 51.0
204.0 3.0
85.0 178.0
132.0 35.0
191.0 188.0
149.0 103.0
25.0 109.0
90.0 50.0
26.0 70.0
64.0 232.0
236.0 108.0
226.0 34.0
206.0 23.0
129.0 157.0
7.0 196.0
34.0 35.0
148.0 135.0
163.0 31.0
46.0 74.0
163.0 151.0
194.0 238.0
122.0 44.0
62.0 231.0
49.0 146.0
23.0 48.0
21.0 137.0
168.0 20.0
35.0 167.0
215.0 85.0
155.0 150.0
247.0 69.0
102.0 222.0
78.0 236.0
4.0 23.0
153.0 167.0
95.0 24.0
120.0 111.0
183.0 191.0
117.0 233.0
63.0 81.0
47.0 37.0
72.0 31.0
238.0 3.0
80.0 164.0
154.0 95.0
245.0 0.0
175.0 62.0
193.0 17.0
233.0 49.0
82.0 77.0
189.0 83.0
96.0 188.0
135.0 58.0
175.0 140.0
119.0 167.0
180.0 112.0
91.0 41.0
165.0 159.0
213.0 143.0
66.0 63.0
192.0 74.0
131.0 66.0
156.0 207.0
0.0 105.0
124.0 179.0
153.0 188.0
181.0 32.0
244.0 159.0
64.0 156.0
181.0 114.0
139.0 215.0
78.0 80.0
85.0 58.0
76.0 121.0
157.0 194.0
37.0 87.0
213.0 198.0
208.0 39.0
247.0 250.0
21.0 211.0
0.0 57.0
224.0 165.0
2.0 228.0
138.0 100.0
249.0 226.0
124.0 126.0
247.0 101.0
162.0 76.0
248.0 244.0
11.0 37.0
28.0 246.0
230.0 64.0
166.0 220.0
143.0 107.0
54.0 61.0
159.0 21.0
204.0 105.0
161.0 42.0
223.0 52.0
242.0 231.0
147.0 243.0
123.0 144.0
111.0 7.0
168.0 103.0
194.0 76.0
205.0 210.0
34.0 134.0
176.0 86.0
169.0 130.0
217.0 122.0
80.0 48.0
71.0 84.0
17.0 146.0
35.0 244.0
214.0 214.0
240.0 245.0
184.0 250.0
89.0 5.0
96.0 235.0
16.0 242.0
26.0 16.0
27.0 39.0
231.0 110.0
49.0 177.0
106.0 67.0
185.0 9.0
79.0 76.0
25.0 239.0
18.0 72.0
224.0 250.0
243.0 168.0
135.0 225.0
106.0 26.0
79.0 80.0
119.0 124.0
158.0 63.0
196.0 176.0
79.0 186.0
128.0 249.0
22.0 205.0
232.0 239.0
121.0 187.0
158.0 123.0
245.0 19.0
180.0 8.0
17.0 7.0
83.0 29.0
107.0 53.0
78.0 246.0
150.0 184.0
250.0 213.0
180.0 43.0
99.0 232.0
50.0 239.0
35.0 117.0
114.0 46.0
24.0 81.0
24.0 225.0
124.0 202.0
21.0 71.0
223.0 221.0
214.0 96.0
110.0 231.0
105.0 78.0
38.0 149.0
206.0 247.0
62.0 151.0
159.0 227.0
180.0 88.0
64.0 123.0
168.0 186.0
47.0 250.0
33.0 173.0
168.0 13.0
91.0 19.0
51.0 67.0
216.0 40.0
228.0 143.0
153.0 197.0
206.0 27.0
49.0 197.0
102.0 220.0
234.0 118.0
7.0 143.0
33.0 38.0
34.0 20.0
248.0 244.0
91.0 201.0
234.0 153.0
202.0 170.0
79.0 140.0
49.0 120.0
178.0 20.0
187.0 236.0
100.0 249.0
215.0 172.0
150.0 243.0
247.0 247.0
153.0 235.0
77.0 216.0
3.0 185.0
16.0 27.0
104.0 64.0
171.0 37.0
129.0 130.0
6.0 215.0
115.0 157.0
96.0 196.0
181.0 99.0
34.0 87.0
247.0 25.0
14.0 244.0
205.0 195.0
202.0 72.0
12.0 227.0
14.0 183.0
37.0 99.0
54.0 74.0
23.0 64.0
215.0 58.0
97.0 101.0
37.0 224.0
88.0 97.0
239.0 31.0
197.0 21.0
129.0 195.0
149.0 140.0
166.0 92.0
9.0 177.0
33.0 209.0
168.0 90.0
105.0 7.0
38.0 236.0
38.0 86.0
104.0 225.0
8.0 144.0
247.0 109.0
184.0 249.0
95.0 90.0
94.0 42.0
208.0 245.0
103.0 16.0
223.0 105.0
15.0 104.0
137.0 197.0
166.0 101.0
236.0 4.0
134.0 38.0
211.0 98.0
52.0 149.0
107.0 249.0
43.0 168.0
20.0 166.0
119.0 229.0
46.0 31.0
198.0 242.0
48.0 109.0
206.0 120.0
98.0 234.0
40.0 117.0
46.0 57.0
232.0 37.0
197.0 246.0
228.0 181.0
173.0 150.0
225.0 172.0
58.0 232.0
121.0 159.0
39.0 159.0
149.0 159.0
18.0 246.0
110.0 156.0
12.0 246.0
162.0 108.0
219.0 64.0
203.0 81.0
174.0 21.0
176.0 68.0
247.0 106.0

80.0 125.0
247.0 115.0
70.0 136.0
108.0 107.0
49.0 244.0
143.0 139.0
75.0 35.0
119.0 51.0
66.0 247.0
29.0 78.0
165.0 148.0
168.0 128.0
199.0 57.0
47.0 151.0
19.0 90.0
94.0 29.0
161.0 217.0
251.0 17.0
37.0 26.0
81.0 20.0
176.0 180.0
37.0 123.0
100.0 120.0
175.0 27.0
8.0 69.0
119.0 189.0
230.0 49.0
119.0 190.0
192.0 85.0
169.0 242.0
63.0 181.0
164.0 15.0
135.0 133.0
177.0 33.0
253.0 91.0
191.0 232.0
228.0 109.0
11.0 5.0
167.0 229.0
70.0 8.0
43.0 149.0
211.0 144.0
15.0 190.0
67.0 109.0
37.0 11.0
193.0 109.0
34.0 112.0
241.0 166.0
125.0 214.0
214.0 46.0
74.0 194.0
154.0 142.0
223.0 38.0
250.0 133.0
37.0 100.0
48.0 169.0
163.0 21.0
131.0 63.0
183.0 206.0
101.0 60.0
119.0 92.0
69.0 49.0
31.0 254.0
143.0 197.0
102.0 174.0
217.0 216.0
169.0 95.0
205.0 114.0
245.0 193.0
117.0 40.0
114.0 88.0
21.0 182.0
159.0 56.0
165.0 192.0
112.0 79.0
131.0 5.0
59.0 11.0
236.0 132.0
226.0 57.0
156.0 155.0
242.0 14.0
64.0 149.0
100.0 111.0
200.0 127.0
44.0 200.0
19.0 133.0
44.0 92.0
179.0 136.0
187.0 112.0
172.0 45.0
22.0 67.0
239.0 116.0
81.0 57.0
226.0 134.0
202.0 215.0
143.0 85.0
31.0 187.0
244.0 64.0
197.0 28.0
230.0 208.0
150.0 237.0
16.0 85.0
68.0 207.0
83.0 193.0
143.0 220.0
180.0 82.0
55.0 96.0
38.0 179.0
97.0 27.0
12.0 176.0
74.0 81.0
143.0 192.0
116.0 14.0
223.0 208.0
141.0 26.0
201.0 77.0
205.0 199.0
151.0 18.0
125.0 145.0
22.0 16.0
12.0 217.0
236.0 122.0
151.0 191.0
16.0 19.0
71.0 149.0
119.0 163.0
67.0 83.0
223.0 252.0
148.0 97.0
31.0 8.0
81.0 79.0
204.0 70.0
74.0 121.0
74.0 156.0
204.0 146.0
117.0 165.0
205.0 188.0
11.0 253.0
130.0 133.0
135.0 155.0
114.0 234.0
213.0 177.0
141.0 128.0
75.0 30.0
145.0 222.0
127.0 252.0
220.0 128.0
106.0 59.0
203.0 77.0
124.0 238.0
191.0 148.0
162.0 27.0
181.0 118.0
146.0 245.0
45.0 126.0
193.0 219.0
88.0 105.0
213.0 163.0
77.0 25.0
128.0 200.0
83.0 46.0
238.0 240.0
182.0 240.0
156.0 100.0
211.0 112.0
197.0 189.0
222.0 187.0
236.0 224.0
29.0 54.0
111.0 222.0
46.0 207.0
168.0 115.0
209.0 251.0
142.0 72.0
81.0 152.0
134.0 244.0
12.0 241.0
224.0 204.0
105.0 29.0
86.0 116.0
245.0 135.0
86.0 36.0
43.0 77.0
50.0 19.0
85.0 21.0
52.0 67.0
220.0 168.0
67.0 194.0
142.0 240.0
215.0 34.0
144.0 113.0
39.0 129.0
142.0 169.0
168.0 223.0
240.0 63.0
210.0 48.0
83.0 110.0
91.0 59.0
99.0 67.0
55.0 246.0
25.0 196.0
141.0 91.0
198.0 208.0
38.0 155.0
113.0 146.0
210.0 24.0
133.0 149.0
68.0 219.0
200.0 37.0
235.0 130.0
54.0 31.0
31.0 19.0
230.0 190.0
114.0 213.0
142.0 253.0
25.0 214.0
222.0 50.0
183.0 195.0
255.0 107.0
214.0 215.0
251.0 192.0
59.0 25.0
149.0 68.0
85.0 181.0
37.0 70.0
17.0 189.0
94.0 157.0
83.0 5.0
27.0 154.0
12.0 48.0
82.0 245.0
188.0 119.0
87.0 37.0
213.0 41.0
162.0 140.0
64.0 22.0
193.0 185.0
198.0 190.0
123.0 137.0
189.0 161.0
224.0 174.0
145.0 243.0
73.0 116.0
48.0 251.0
248.0 64.0
202.0 113.0
90.0 81.0
45.0 217.0
186.0 242.0
102.0 200.0
35.0 229.0
245.0 78.0
190.0 168.0
169.0 253.0
175.0 13.0
71.0 186.0
151.0 95.0
126.0 141.0
221.0 194.0
90.0 167.0
207.0 172.0
11.0 125.0
197.0 137.0
251.0 226.0
81.0 49.0
148.0 85.0
194.0 131.0
210.0 132.0
198.0 86.0
232.0 210.0
210.0 153.0
117.0 87.0
139.0 79.0
206.0 141.0
156.0 201.0
220.0 20.0
96.0 92.0
25.0 136.0
146.0 51.0
196.0 253.0
181.0 54.0
195.0 101.0
253.0 70.0
54.0 118.0
244.0 204.0
204.0 203.0
27.0 224.0
252.0 160.0
32.0 53.0
220.0 92.0
206.0 146.0
138.0 70.0
105.0 217.0
191.0 183.0
244.0 127.0
114.0 203.0
101.0 235.0
218.0 68.0
231.0 179.0
110.0 52.0
15.0 12.0
63.0 213.0
153.0 19.0
45.0 81.0
48.0 25.0
187.0 77.0
42.0 134.0
95.0 9.0
8.0 125.0
172.0 226.0
212.0 253.0
186.0 187.0
10.0 109.0
184.0 128.0
151.0 150.0
63.0 206.0
211.0 155.0
58.0 213.0
215.0 127.0
65.0 68.0
141.0 250.0
170.0 88.0
253.0 48.0
234.0 102.0
28.0 240.0
197.0 39.0
45.0 64.0
144.0 195.0
227.0 149.0
149.0 165.0
141.0 153.0
46.0 15.0
158.0 77.0
48.0 72.0
30.0 83.0
224.0 46.0
88.0 143.0
123.0 189.0
214.0 194.0
195.0 120.0
173.0 15.0
161.0 134.0
97.0 108.0
111.0 253.0
79.0 198.0
114.0 216.0
34.0 245.0
235.0 244.0
144.0 204.0
112.0 240.0
215.0 52.0
136.0 62.0
107.0 209.0
242.0 183.0
186.0 239.0
223.0 241.0
100.0 73.0
229.0 177.0
197.0 7.0
213.0 97.0
254.0 132.0
123.0 135.0
222.0 42.0
210.0 157.0
32.0 93.0
151.0 139.0
24.0 218.0
218.0 198.0
189.0 175.0
68.0 15.0
154.0 99.0
8.0 225.0
216.0 134.0
183.0 153.0
249.0 128.0
179.0 71.0
147.0 29.0
114.0 8.0
8.0 126.0
54.0 172.0
104.0 106.0
232.0 99.0
214.0 227.0
35.0 234.0
219.0 188.0
90.0 200.0
196.0 122.0
51.0 71.0
22.0 178.0
30.0 22.0
76.0 233.0
191.0 55.0
214.0 70.0
24.0 63.0
205.0 205.0
203.0 31.0
172.0 67.0
199.0 8.0
144.0 72.0
158.0 67.0
68.0 206.0
94.0 232.0
77.0 244.0
246.0 179.0
220.0 109.0
99.0 135.0
28.0 164.0
235.0 128.0
76.0 224.0
140.0 97.0
237.0 47.0
44.0 210.0
168.0 184.0
17.0 225.0
113.0 35.0
16.0 119.0
190.0 176.0
12.0 238.0
97.0 152.0
253.0 17.0
61.0 166.0
144.0 159.0
79.0 234.0
201.0 222.0
114.0 143.0
194.0 124.0
247.0 123.0
31.0 92.0
251.0 207.0
129.0 5.0
235.0 71.0
238.0 253.0
234.0 184.0
31.0 161.0
198.0 206.0
86.0 41.0
206.0 85.0
194.0 225.0
184.0 157.0
244.0 49.0
81.0 80.0
227.0 44.0
190.0 27.0
16.0 119.0
162.0 94.0
56.0 157.0
22.0 7.0
22.0 187.0
138.0 139.0
193.0 159.0
66.0 96.0
218.0 100.0
62.0 22.0
160.0 104.0
128.0 210.0
119.0 254.0
190.0 65.0
178.0 64.0
193.0 142.0
112.0 211.0
70.0 174.0
243.0 202.0
239.0 169.0
215.0 165.0
238.0 162.0
238.0 22.0
225.0 253.0
179.0 108.0
147.0 210.0
179.0 118.0
122.0 139.0
50.0 84.0
229.0 57.0
241.0 104.0
147.0 61.0
50.0 185.0
177.0 60.0
170.0 51.0
14.0 80.0
184.0 110.0
107.0 23.0
215.0 93.0
149.0 23.0
168.0 195.0
183.0 126.0
220.0 53.0
168.0 83.0
67.0 54.0
154.0 104.0
223.0 217.0
65.0 236.0
17.0 165.0
70.0 69.0
199.0 154.0
179.0 95.0
157.0 38.0
167.0 42.0
82.0 174.0
107.0 76.0
145.0 137.0
208.0 147.0
186.0 66.0
146.0 228.0
119.0 112.0
191.0 26.0
130.0 247.0
184.0 151.0
19.0 238.0
66.0 128.0
169.0 177.0
126.0 90.0
78.0 235.0
46.0 6.0
52.0 194.0
14.0 68.0
182.0 14.0
163.0 236.0
12.0 117.0
173.0 230.0
174.0 39.0
194.0 62.0
32.0 245.0
62.0 242.0
226.0 135.0
73.0 195.0
13.0 153.0
162.0 106.0
201.0 161.0
157.0 87.0
200.0 122.0
37.0 56.0
72.0 118.0
253.0 73.0
19.0 116.0
206.0 130.0
55.0 137.0
240.0 37.0
161.0 143.0
189.0 45.0
75.0 136.0
184.0 171.0
96.0 161.0
106.0 26.0
210.0 113.0
76.0 244.0
66.0 131.0
195.0 165.0
175.0 127.0
53.0 250.0
18.0 92.0
138.0 252.0
63.0 121.0
232.0 32.0
14.0 146.0
74.0 123.0
125.0 226.0
35.0 57.0
70.0 229.0
139.0 231.0
46.0 147.0
125.0 158.0
249.0 13.0
203.0 255.0
23.0 5.0
97.0 167.0
156.0 111.0
156.0 141.0
70.0 43.0
252.0 47.0
194.0 173.0
110.0 228.0
154.0 23.0
148.0 132.0
229.0 250.0
161.0 25.0
31.0 230.0
232.0 123.0
16.0 92.0
92.0 68.0
164.0 188.0
234.0 203.0
22.0 192.0
85.0 209.0
119.0 213.0
162.0 157.0
28.0 244.0
163.0 211.0
12.0 188.0
44.0 105.0
108.0 150.0
143.0 33.0
202.0 169.0
32.0 226.0
149.0 139.0
39.0 163.0
24.0 226.0
238.0 128.0
249.0 204.0
248.0 151.0
20.0 97.0
204.0 189.0
158.0 171.0
191.0 188.0
224.0 81.0
84.0 33.0
84.0 49.0
218.0 130.0
178.0 14.0
212.0 7.0
45.0 36.0
230.0 73.0
254.0 210.0
154.0 15.0
109.0 56.0
60.0 120.0
216.0 242.0
109.0 119.0
143.0 198.0
76.0 206.0
90.0 185.0
79.0 238.0
230.0 172.0
47.0 97.0
246.0 224.0
127.0 118.0
81.0 185.0
213.0 212.0
77.0 181.0
137.0 161.0
122.0 91.0
134.0 133.0
124.0 185.0
180.0 254.0
65.0 181.0
239.0 156.0
33.0 21.0
130.0 213.0
162.0 22.0
159.0 35.0
224.0 82.0
135.0 243.0
198.0 186.0
244.0 48.0
149.0 47.0
80.0 243.0
154.0 6.0
131.0 233.0
240.0 126.0
171.0 136.0
130.0 245.0
238.0 180.0
214.0 46.0
246.0 51.0
145.0 39.0
61.0 33.0
65.0 114.0
206.0 9.0
9.0 232.0
145.0 9.0
151.0 243.0
192.0 237.0
22.0 18.0
114.0 154.0
236.0 78.0
114.0 208.0
9.0 200.0
117.0 104.0
113.0 91.0
179.0 92.0
197.0 6.0
81.0 80.0
189.0 244.0
25.0 154.0
153.0 39.0
147.0 159.0
147.0 149.0
108.0 77.0
91.0 29.0
144.0 241.0
71.0 45.0
183.0 229.0
210.0 205.0
8.0 79.0
154.0 252.0
36.0 94.0
179.0 228.0
230.0 232.0
113.0 213.0
96.0 187.0
147.0 253.0
247.0 98.0
185.0 254.0
248.0 79.0
123.0 34.0
142.0 112.0
82.0 174.0
41.0 181.0
157.0 183.0
239.0 8.0
32.0 73.0
133.0 154.0
163.0 188.0
43.0 16.0
26.0 247.0
83.0 50.0
234.0 111.0
61.0 139.0
143.0 65.0
151.0 95.0
138.0 44.0
222.0 66.0
94.0 178.0
197.0 199.0
63.0 232.0
177.0 208.0
84.0 198.0
81.0 109.0
17.0 210.0
186.0 110.0
159.0 213.0
173.0 38.0
235.0 113.0
174.0 205.0
89.0 30.0
96.0 181.0
12.0 238.0
63.0 4.0
14.0 247.0
102.0 220.0
13.0 41.0
81.0 80.0
134.0 35.0
155.0 214.0
16.0 128.0
64.0 240.0
125.0 36.0
168.0 210.0
157.0 182.0
235.0 18.0
124.0 193.0
192.0 8.0
74.0 141.0
253.0 89.0
191.0 211.0
251.0 152.0
76.0 57.0
208.0 8.0
89.0 183.0
138.0 40.0
196.0 192.0
155.0 107.0
30.0 114.0
95.0 55.0
31.0 74.0
69.0 237.0
241.0 114.0
231.0 40.0
210.0 28.0
133.0 161.0
12.0 201.0
39.0 40.0
152.0 140.0
168.0 36.0
52.0 80.0
169.0 156.0
199.0 243.0
128.0 50.0
67.0 237.0
54.0 151.0
29.0 53.0
26.0 142.0
172.0 25.0
40.0 171.0
219.0 91.0
160.0 155.0
252.0 73.0
106.0 227.0
83.0 241.0
9.0 27.0
158.0 173.0
101.0 30.0
125.0 116.0
189.0 197.0
122.0 238.0
68.0 86.0
51.0 41.0
78.0 37.0
242.0 8.0
85.0 170.0
159.0 101.0
251.0 4.0
181.0 67.0
197.0 21.0
238.0 53.0
88.0 82.0
193.0 88.0
101.0 192.0
140.0 62.0
180.0 144.0
124.0 171.0
185.0 116.0
96.0 46.0
170.0 164.0
218.0 148.0
72.0 68.0
198.0 78.0
136.0 71.0
161.0 212.0
4.0 111.0
130.0 184.0
158.0 193.0
185.0 36.0
249.0 163.0
69.0 162.0
186.0 120.0
143.0 220.0
83.0 85.0
90.0 64.0
80.0 126.0
161.0 199.0
42.0 93.0
219.0 204.0
213.0 45.0
251.0 255.0
26.0 217.0
4.0 62.0
230.0 170.0
6.0 233.0
142.0 105.0
254.0 232.0
129.0 131.0
251.0 107.0
166.0 82.0
252.0 249.0
17.0 42.0
32.0 251.0
235.0 68.0
171.0 225.0
148.0 112.0
60.0 65.0
165.0 26.0
210.0 109.0
165.0 48.0
228.0 57.0
247.0 235.0
152.0 248.0
128.0 148.0
116.0 11.0
174.0 109.0
200.0 81.0
210.0 214.0
39.0 138.0
181.0 92.0
175.0 134.0
223.0 127.0
84.0 54.0
75.0 89.0
21.0 150.0
40.0 249.0
220.0 220.0
246.0 249.0
189.0 255.0
94.0 9.0
101.0 240.0
22.0 248.0
31.0 21.0
32.0 43.0
236.0 116.0
55.0 182.0
111.0 73.0
191.0 14.0
84.0 81.0
30.0 244.0
22.0 76.0
230.0 255.0
247.0 173.0
139.0 231.0
112.0 31.0
84.0 84.0
124.0 129.0
164.0 67.0
201.0 182.0
83.0 191.0
133.0 254.0
27.0 210.0
238.0 244.0
126.0 192.0
162.0 128.0
250.0 24.0
186.0 13.0
22.0 11.0
88.0 35.0
112.0 59.0
83.0 252.0
155.0 189.0
256.0 217.0
184.0 48.0
105.0 236.0
56.0 244.0
39.0 121.0
120.0 50.0
30.0 87.0
29.0 229.0
129.0 207.0
26.0 76.0
229.0 225.0
219.0 101.0
115.0 237.0
109.0 84.0
43.0 153.0
211.0 253.0
67.0 156.0
163.0 233.0
185.0 94.0
69.0 128.0
173.0 190.0
52.0 254.0
38.0 177.0
174.0 18.0
96.0 25.0
56.0 73.0
221.0 45.0
232.0 147.0
158.0 202.0
211.0 32.0
53.0 203.0
107.0 226.0
239.0 122.0
11.0 148.0
37.0 42.0
39.0 25.0
253.0 249.0
96.0 205.0
238.0 159.0
208.0 175.0
85.0 146.0
53.0 124.0
182.0 25.0
192.0 240.0
105.0 253.0
220.0 177.0
155.0 249.0
251.0 252.0
158.0 239.0
82.0 221.0
8.0 190.0
21.0 31.0
109.0 69.0
177.0 42.0
133.0 135.0
11.0 219.0
120.0 161.0
100.0 201.0
185.0 104.0
39.0 91.0
252.0 29.0
18.0 249.0
209.0 200.0
207.0 78.0
17.0 232.0
19.0 189.0
41.0 104.0
59.0 80.0
29.0 69.0
221.0 64.0
103.0 106.0
41.0 229.0
94.0 102.0
245.0 35.0
201.0 26.0
134.0 200.0
154.0 145.0
172.0 97.0
14.0 182.0
37.0 214.0
173.0 95.0
111.0 11.0
43.0 241.0
43.0 92.0
109.0 230.0
13.0 149.0
252.0 114.0
188.0 254.0
101.0 95.0
98.0 46.0
213.0 250.0
109.0 22.0
228.0 109.0
19.0 108.0
143.0 202.0
172.0 107.0
241.0 9.0
140.0 43.0
217.0 103.0
57.0 154.0
111.0 253.0
48.0 172.0
25.0 171.0
125.0 235.0
51.0 37.0
202.0 246.0
53.0 114.0
211.0 124.0
102.0 239.0
45.0 122.0
50.0 63.0
238.0 42.0
203.0 252.0
233.0 187.0
179.0 155.0
230.0 177.0
63.0 237.0
125.0 165.0
45.0 163.0
154.0 165.0
23.0 250.0
114.0 161.0
16.0 251.0
167.0 113.0
224.0 69.0
208.0 85.0
179.0 26.0
182.0 72.0
252.0 112.0
