1
1024 1 3.0 0.0 1000.0 3 160 240 100

6.5 13.5 29.3 58.5
13.0 27.0 58.5 117.0
19.5 40.5 87.8 175.5
26.0 54.0 117.0 234.0
39.0 81.0 175.5 351.0
52.0 108.0 234.0 468.0
58.5 121.5 263.3 526.5
65.0 135.0 292.5 585.0
78.0 162.0 351.0 702.0
0.0 180.0 390.0 780.0

2.0 5.0 8.0 11.0
5.0 8.0 11.0 14.0
9.0 12.0 15.0 18.0
11.0 14.0 17.0 20.0
15.0 18.0 21.0 24.0
18.0 21.0 24.0 27.0
20.0 23.0 26.0 29.0
25.0 28.0 31.0 34.0
29.0 32.0 35.0 38.0
0.0 34.0 37.0 40.0

62.0 80.0
41.0 71.0
112.0 167.0
107.0 50.0
117.0 97.0
142.0 180.0
157.0 97.0
130.0 171.0
247.0 62.0
213.0 237.0
150.0 107.0
198.0 59.0
12.0 38.0
151.0 86.0
150.0 36.0
46.0 120.0
151.0 138.0
50.0 185.0
245.0 200.0
55.0 1.0
230.0 46.0
149.0 194.0
44.0 90.0
12.0 179.0
136.0 46.0
59.0 224.0
95.0 121.0
199.0 19.0
77.0 166.0
131.0 111.0
109.0 83.0
200.0 174.0
186.0 70.0
95.0 92.0
110.0 134.0
33.0 195.0
120.0 75.0
97.0 11.0
133.0 242.0
241.0 238.0
18.0 160.0
4.0 180.0
102.0 174.0
70.0 231.0
203.0 105.0
104.0 13.0
11.0 181.0
101.0 137.0
244.0 117.0
80.0 69.0
26.0 231.0
216.0 182.0
15.0 87.0
125.0 121.0
146.0 190.0
23.0 170.0
106.0 90.0
83.0 128.0
37.0 50.0
113.0 16.0
233.0 5.0
228.0 234.0
166.0 99.0
27.0 123.0
10.0 139.0
72.0 176.0
115.0 147.0
53.0 221.0
212.0 212.0
61.0 211.0
197.0 191.0
231.0 46.0
142.0 103.0
47.0 206.0
244.0 132.0
197.0 238.0
3.0 205.0
153.0 249.0
204.0 186.0
226.0 79.0
123.0 37.0
157.0 169.0
158.0 98.0
113.0 195.0
173.0 221.0
25.0 80.0
143.0 38.0
15.0 102.0
249.0 210.0
216.0 79.0
150.0 70.0
118.0 214.0
193.0 138.0
120.0 224.0
174.0 37.0
21.0 195.0
28.0 163.0
37.0 166.0
191.0 20.0
193.0 23.0
134.0 190.0
33.0 56.0
187.0 229.0
148.0 153.0
35.0 83.0
76.0 107.0
114.0 193.0
198.0 133.0
180.0 0.0
67.0 187.0
145.0 151.0
162.0 74.0
81.0 235.0
136.0 59.0
109.0 239.0
164.0 77.0
200.0 166.0
92.0 156.0
229.0 122.0
131.0 3.0
191.0 214.0
137.0 6.0
31.0 173.0
133.0 214.0
136.0 167.0
225.0 186.0
60.0 101.0
176.0 142.0
147.0 1.0
198.0 176.0
20.0 129.0
75.0 92.0
200.0 77.0
60.0 1.0
218.0 107.0
41.0 118.0
93.0 85.0
29.0 11.0
182.0 190.0
101.0 126.0
135.0 100.0
226.0 206.0
85.0 197.0
218.0 66.0
203.0 151.0
140.0 203.0
90.0 28.0
5.0 86.0
39.0 152.0
241.0 232.0
250.0 16.0
138.0 29.0
158.0 77.0
107.0 44.0
85.0 97.0
108.0 149.0
250.0 19.0
197.0 86.0
214.0 148.0
175.0 162.0
190.0 238.0
154.0 88.0
152.0 154.0
165.0 17.0
45.0 77.0
239.0 173.0
176.0 39.0
211.0 5.0
188.0 136.0
49.0 124.0
99.0 79.0
92.0 88.0
154.0 62.0
120.0 175.0
115.0 227.0
15.0 65.0
114.0 82.0
58.0 212.0
54.0 17.0
246.0 203.0
79.0 168.0
61.0 244.0
198.0 137.0
183.0 213.0
230.0 190.0
213.0 33.0
22.0 74.0
25.0 189.0
229.0 197.0
176.0 4.0
238.0 186.0
140.0 140.0
146.0 192.0
147.0 51.0
8.0 85.0
24.0 232.0
126.0 28.0
214.0 126.0
224.0 205.0
210.0 131.0
170.0 56.0
233.0 233.0
196.0 183.0
13.0 50.0
157.0 142.0
102.0 197.0
160.0 168.0
237.0 146.0
227.0 176.0
46.0 89.0
198.0 194.0
212.0 130.0
155.0 215.0
62.0 175.0
217.0 238.0
35.0 216.0
90.0 113.0
125.0 22.0
107.0 84.0
149.0 37.0
30.0 23.0
37.0 134.0
195.0 124.0
131.0 153.0
168.0 158.0
60.0 235.0
125.0 219.0
59.0 21.0
219.0 156.0
175.0 87.0
49.0 246.0
89.0 66.0
116.0 207.0
133.0 208.0
237.0 197.0
114.0 200.0
197.0 45.0
132.0 116.0
235.0 223.0
134.0 200.0
250.0 189.0
26.0 233.0
213.0 231.0
203.0 44.0
52.0 57.0
180.0 61.0
101.0 164.0
92.0 81.0
23.0 72.0
88.0 14.0
163.0 99.0
29.0 182.0
117.0 147.0
141.0 30.0
111.0 22.0
147.0 218.0
76.0 164.0
167.0 79.0
158.0 163.0
21.0 13.0
175.0 72.0
114.0 212.0
115.0 19.0
154.0 132.0
83.0 241.0
4.0 250.0
164.0 187.0
54.0 137.0
212.0 174.0
32.0 11.0
190.0 124.0
16.0 185.0
176.0 231.0
189.0 184.0
33.0 228.0
234.0 89.0
247.0 216.0
23.0 236.0
43.0 96.0
127.0 224.0
169.0 211.0
181.0 220.0
66.0 90.0
244.0 144.0
214.0 38.0
84.0 108.0
225.0 95.0
126.0 44.0
104.0 214.0
136.0 39.0
133.0 79.0
5.0 184.0
165.0 25.0
68.0 77.0
155.0 96.0
209.0 157.0
104.0 105.0
56.0 140.0
101.0 87.0
147.0 120.0
23.0 131.0
237.0 199.0
212.0 127.0
10.0 121.0
42.0 16.0
241.0 127.0
85.0 224.0
44.0 134.0
166.0 226.0
122.0 85.0
135.0 56.0
41.0 192.0
17.0 91.0
58.0 54.0
1.0 20.0
158.0 232.0
53.0 242.0
198.0 151.0
237.0 205.0
194.0 30.0
151.0 44.0
26.0 91.0
192.0 189.0
204.0 107.0
180.0 147.0
124.0 186.0
183.0 11.0
61.0 218.0
190.0 38.0
205.0 243.0
105.0 204.0
117.0 66.0
87.0 217.0
39.0 237.0
79.0 16.0
55.0 97.0
173.0 114.0
155.0 142.0
40.0 185.0
89.0 20.0
181.0 132.0
180.0 43.0
120.0 156.0
108.0 161.0
162.0 189.0
206.0 142.0
207.0 99.0
165.0 36.0
126.0 127.0
51.0 49.0
60.0 118.0
167.0 16.0
33.0 120.0
37.0 230.0
96.0 21.0
152.0 202.0
36.0 207.0
166.0 219.0
234.0 13.0
18.0 150.0
80.0 70.0
68.0 2.0
161.0 214.0
93.0 52.0
242.0 180.0
93.0 165.0
150.0 102.0
156.0 17.0
187.0 197.0
172.0 201.0
62.0 15.0
47.0 58.0
111.0 241.0
75.0 94.0
139.0 94.0
231.0 182.0
51.0 153.0
190.0 60.0
229.0 32.0
193.0 182.0
182.0 134.0
196.0 59.0
67.0 3.0
49.0 30.0
229.0 136.0
11.0 218.0
225.0 162.0
232.0 236.0
118.0 112.0
125.0 28.0
118.0 66.0
139.0 37.0
242.0 23.0
219.0 194.0
186.0 164.0
112.0 65.0
214.0 216.0
163.0 16.0
127.0 221.0
128.0 100.0
239.0 46.0
49.0 170.0
60.0 47.0
66.0 34.0
221.0 120.0
107.0 24.0
233.0 161.0
188.0 187.0
233.0 43.0
152.0 95.0
169.0 20.0
202.0 79.0
232.0 30.0
172.0 47.0
97.0 179.0
32.0 46.0
135.0 18.0
183.0 89.0
78.0 7.0
168.0 73.0
133.0 152.0
234.0 142.0
171.0 96.0
233.0 218.0
118.0 13.0
186.0 175.0
29.0 220.0
121.0 1.0
109.0 223.0
125.0 55.0
45.0 238.0
104.0 131.0
27.0 42.0
59.0 61.0
183.0 48.0
12.0 203.0
222.0 96.0
249.0 167.0
96.0 233.0
134.0 236.0
109.0 90.0
68.0 237.0
183.0 9.0
185.0 173.0
45.0 151.0
3.0 245.0
197.0 115.0
247.0 223.0
63.0 169.0
178.0 143.0
20.0 8.0
33.0 173.0
109.0 5.0
20.0 16.0
2.0 245.0
113.0 36.0
133.0 197.0
200.0 135.0
217.0 170.0
221.0 165.0
170.0 43.0
215.0 40.0
29.0 42.0
26.0 210.0
37.0 175.0
244.0 26.0
77.0 220.0
224.0 43.0
23.0 9.0
147.0 158.0
66.0 29.0
100.0 15.0
187.0 191.0
239.0 186.0
236.0 190.0
167.0 191.0
147.0 161.0
199.0 245.0
129.0 185.0
15.0 164.0
237.0 225.0
15.0 199.0
37.0 177.0
242.0 95.0
148.0 234.0
60.0 26.0
246.0 119.0
90.0 86.0
186.0 24.0
197.0 92.0
212.0 171.0
173.0 22.0
22.0 220.0
28.0 211.0
40.0 51.0
154.0 5.0
47.0 37.0
160.0 114.0
129.0 195.0
7.0 4.0
228.0 210.0
122.0 182.0
135.0 104.0
242.0 91.0
72.0 160.0
47.0 95.0
95.0 249.0
205.0 148.0
76.0 46.0
6.0 1.0
116.0 161.0
95.0 163.0
49.0 48.0
104.0 98.0
231.0 80.0
55.0 244.0
170.0 38.0
229.0 229.0
61.0 37.0
229.0 216.0
156.0 236.0
69.0 148.0
154.0 2.0
144.0 195.0
175.0 244.0
23.0 51.0
125.0 208.0
59.0 247.0
125.0 76.0
133.0 17.0
221.0 39.0
140.0 8.0
139.0 58.0
165.0 225.0
192.0 104.0
93.0 156.0
226.0 229.0
205.0 74.0
86.0 119.0
139.0 90.0
127.0 113.0
155.0 83.0
94.0 221.0
184.0 203.0
56.0 233.0
246.0 194.0
75.0 94.0
80.0 120.0
169.0 4.0
200.0 101.0
133.0 34.0
95.0 28.0
147.0 118.0
160.0 235.0
114.0 61.0
209.0 220.0
24.0 56.0
16.0 26.0
169.0 232.0
128.0 233.0
128.0 93.0
4.0 70.0
227.0 0.0
118.0 199.0
4.0 176.0
193.0 71.0
28.0 14.0
64.0 33.0
211.0 47.0
3.0 191.0
90.0 227.0
92.0 101.0
105.0 247.0
112.0 171.0
210.0 190.0
168.0 208.0
230.0 103.0
134.0 116.0
159.0 154.0
17.0 72.0
209.0 101.0
193.0 48.0
168.0 106.0
4.0 126.0
243.0 244.0
19.0 117.0
96.0 117.0
101.0 38.0
97.0 44.0
187.0 92.0
146.0 122.0
58.0 78.0
206.0 247.0
130.0 2.0
15.0 12.0
161.0 192.0
16.0 197.0
43.0 56.0
83.0 157.0
189.0 173.0
195.0 180.0
61.0 217.0
44.0 246.0
219.0 45.0
74.0 153.0
81.0 57.0
75.0 48.0
123.0 43.0
207.0 212.0
104.0 7.0
191.0 1.0
161.0 46.0
178.0 188.0
228.0 147.0
151.0 216.0
23.0 119.0
6.0 234.0
150.0 139.0
31.0 58.0
209.0 3.0
55.0 43.0
74.0 192.0
115.0 149.0
115.0 210.0
45.0 49.0
138.0 187.0
197.0 187.0
204.0 75.0
68.0 15.0
229.0 64.0
195.0 196.0
131.0 152.0
197.0 111.0
79.0 134.0
189.0 93.0
207.0 76.0
106.0 110.0
248.0 147.0
9.0 175.0
62.0 13.0
41.0 91.0
134.0 33.0
249.0 184.0
154.0 84.0
33.0 7.0
122.0 154.0
88.0 40.0
221.0 117.0
225.0 249.0
11.0 227.0
35.0 145.0
80.0 126.0
194.0 89.0
77.0 8.0
222.0 114.0
124.0 124.0
127.0 115.0
168.0 141.0
127.0 73.0
155.0 158.0
245.0 36.0
184.0 32.0
103.0 133.0
178.0 178.0
87.0 240.0
85.0 126.0
75.0 182.0
25.0 127.0
34.0 222.0
38.0 210.0
47.0 103.0
188.0 116.0
199.0 5.0
91.0 124.0
26.0 62.0
231.0 76.0
53.0 188.0
241.0 247.0
13.0 218.0
169.0 235.0
167.0 240.0
14.0 139.0
154.0 7.0
170.0 78.0
195.0 166.0
206.0 205.0
201.0 94.0
225.0 130.0
219.0 167.0
130.0 25.0
155.0 151.0
140.0 223.0
82.0 174.0
18.0 194.0
196.0 59.0
243.0 86.0
90.0 136.0
188.0 85.0
57.0 172.0
177.0 168.0
198.0 165.0
109.0 125.0
185.0 16.0
141.0 38.0
64.0 194.0
238.0 232.0
88.0 49.0
223.0 7.0
89.0 246.0
247.0 30.0
233.0 105.0
186.0 91.0
75.0 204.0
26.0 213.0
112.0 144.0
92.0 190.0
121.0 206.0
81.0 192.0
124.0 191.0
124.0 105.0
130.0 30.0
199.0 143.0
121.0 84.0
7.0 22.0
60.0 108.0
11.0 86.0
12.0 154.0
118.0 88.0
34.0 33.0
76.0 110.0
44.0 217.0
197.0 205.0
199.0 189.0
107.0 136.0
131.0 248.0
2.0 156.0
184.0 132.0
226.0 78.0
117.0 120.0
56.0 210.0
64.0 82.0
101.0 32.0
79.0 19.0
97.0 55.0
174.0 178.0
117.0 120.0
68.0 177.0
114.0 203.0
172.0 89.0
184.0 110.0
149.0 36.0
88.0 240.0
212.0 136.0
67.0 195.0
111.0 218.0
72.0 30.0
105.0 24.0
117.0 43.0
238.0 188.0
219.0 25.0
99.0 83.0
14.0 5.0
2.0 216.0
152.0 24.0
144.0 119.0
162.0 99.0
57.0 37.0
39.0 40.0
23.0 20.0
101.0 151.0
162.0 54.0
250.0 117.0
222.0 234.0
65.0 208.0
157.0 242.0
223.0 0.0
162.0 241.0
64.0 111.0
110.0 97.0
163.0 16.0
179.0 144.0
106.0 90.0
21.0 34.0
200.0 42.0
103.0 19.0
194.0 21.0
204.0 81.0
124.0 197.0
91.0 123.0
214.0 200.0
213.0 17.0
89.0 116.0
67.0 107.0
100.0 30.0
205.0 65.0
142.0 201.0
153.0 100.0
140.0 232.0
95.0 21.0
210.0 197.0
210.0 40.0
48.0 208.0
144.0 192.0
171.0 3.0
128.0 125.0
195.0 186.0
99.0 21.0
141.0 55.0
219.0 15.0
95.0 18.0
5.0 15.0
76.0 188.0
108.0 149.0
51.0 1.0
72.0 119.0
103.0 85.0
233.0 71.0
55.0 108.0
220.0 136.0
167.0 189.0
88.0 113.0
102.0 244.0
173.0 91.0
147.0 209.0
75.0 90.0
10.0 154.0
230.0 154.0
49.0 91.0
102.0 103.0
141.0 116.0
89.0 240.0
160.0 79.0
39.0 102.0
146.0 26.0
99.0 180.0
31.0 243.0
169.0 64.0
96.0 22.0
60.0 66.0
175.0 98.0
249.0 164.0
146.0 7.0
204.0 163.0
94.0 187.0
60.0 80.0
80.0 199.0
223.0 0.0
8.0 8.0
75.0 36.0
144.0 86.0
227.0 26.0
180.0 149.0
113.0 217.0
5.0 159.0
5.0 195.0
189.0 29.0
110.0 187.0
247.0 50.0
211.0 117.0
39.0 87.0
127.0 173.0
4.0 194.0
97.0 135.0
224.0 74.0
219.0 99.0
115.0 149.0
183.0 223.0
133.0 57.0
55.0 245.0
174.0 194.0
222.0 54.0
154.0 13.0
137.0 144.0
103.0 72.0
88.0 143.0
116.0 142.0
18.0 111.0
119.0 27.0
229.0 164.0
187.0 14.0
137.0 13.0
220.0 227.0
31.0 80.0
109.0 190.0
128.0 165.0
69.0 231.0
246.0 206.0
137.0 180.0
15.0 218.0
147.0 96.0
87.0 87.0
57.0 115.0
123.0 176.0
51.0 22.0
137.0 51.0
177.0 14.0
126.0 151.0
67.0 144.0
171.0 83.0
130.0 13.0
65.0 1.0
129.0 106.0
37.0 122.0
156.0 188.0
243.0 204.0
60.0 40.0
219.0 177.0
200.0 89.0
102.0 115.0
201.0 65.0
186.0 123.0
227.0 124.0
221.0 207.0
60.0 200.0
187.0 57.0
122.0 146.0
45.0 201.0
115.0 47.0
81.0 87.0
37.0 143.0
232.0 173.0
123.0 130.0
106.0 189.0
84.0 136.0
245.0 54.0
91.0 19.0
192.0 231.0
229.0 171.0
48.0 108.0
6.0 91.0
204.0 80.0
16.0 27.0
50.0 48.0
212.0 89.0
238.0 123.0
10.0 11.0
157.0 136.0
64.0 69.0
88.0 108.0
60.0 226.0
64.0 163.0
221.0 133.0
24.0 167.0
29.0 174.0
170.0 178.0
208.0 65.0
238.0 150.0
104.0 75.0
217.0 78.0
134.0 240.0
97.0 144.0
64.0 29.0
58.0 207.0
167.0 194.0
68.0 45.0
132.0 145.0
155.0 71.0
167.0 215.0
205.0 73.0
32.0 7.0
192.0 52.0
77.0 93.0
45.0 94.0
133.0 108.0
185.0 240.0
221.0 146.0
77.0 126.0
48.0 125.0
195.0 21.0
117.0 148.0
119.0 148.0
69.0 158.0
40.0 27.0
184.0 37.0
12.0 111.0
56.0 65.0
113.0 89.0
224.0 28.0
225.0 237.0
163.0 5.0
199.0 62.0
43.0 249.0
28.0 18.0
19.0 76.0
144.0 143.0
103.0 36.0
82.0 22.0
246.0 172.0
25.0 65.0
58.0 4.0
80.0 124.0
176.0 176.0
178.0 40.0
67.0 21.0
72.0 61.0
165.0 117.0
213.0 65.0
2.0 207.0
84.0 160.0
101.0 176.0
153.0 235.0
174.0 97.0
168.0 133.0
5.0 152.0
50.0 173.0
207.0 69.0
4.0 49.0
85.0 15.0
224.0 209.0
184.0 186.0
179.0 125.0
125.0 187.0
240.0 178.0
181.0 57.0
10.0 193.0
78.0 150.0
242.0 220.0
82.0 111.0
60.0 232.0
2.0 31.0
38.0 198.0
31.0 143.0
187.0 84.0
189.0 20.0

68.0 85.0
45.0 76.0
118.0 172.0
113.0 56.0
121.0 103.0
146.0 186.0
162.0 102.0
134.0 176.0
251.0 68.0
219.0 242.0
154.0 112.0
202.0 63.0
16.0 44.0
156.0 91.0
155.0 40.0
50.0 125.0
156.0 142.0
56.0 190.0
251.0 204.0
60.0 6.0
236.0 51.0
155.0 199.0
49.0 96.0
16.0 183.0
142.0 51.0
64.0 229.0
99.0 126.0
205.0 24.0
82.0 171.0
135.0 117.0
114.0 88.0
204.0 178.0
190.0 74.0
100.0 97.0
116.0 138.0
37.0 199.0
126.0 80.0
103.0 16.0
137.0 248.0
245.0 242.0
24.0 165.0
10.0 186.0
106.0 178.0
76.0 236.0
208.0 110.0
109.0 18.0
16.0 185.0
106.0 143.0
248.0 123.0
84.0 74.0
32.0 235.0
221.0 187.0
21.0 92.0
131.0 125.0
150.0 195.0
28.0 175.0
112.0 96.0
87.0 133.0
42.0 54.0
117.0 20.0
238.0 10.0
233.0 240.0
171.0 105.0
33.0 128.0
15.0 145.0
77.0 181.0
120.0 152.0
57.0 226.0
217.0 217.0
66.0 216.0
202.0 196.0
236.0 51.0
147.0 109.0
52.0 210.0
249.0 137.0
202.0 244.0
7.0 209.0
158.0 254.0
208.0 190.0
232.0 84.0
128.0 42.0
163.0 173.0
162.0 103.0
118.0 200.0
178.0 227.0
31.0 84.0
148.0 43.0
21.0 107.0
254.0 214.0
221.0 85.0
156.0 75.0
122.0 220.0
197.0 142.0
124.0 229.0
179.0 42.0
27.0 201.0
32.0 169.0
41.0 171.0
195.0 26.0
199.0 28.0
140.0 195.0
38.0 61.0
192.0 235.0
153.0 158.0
39.0 88.0
82.0 111.0
120.0 198.0
202.0 138.0
185.0 5.0
73.0 193.0
150.0 156.0
166.0 80.0
86.0 240.0
141.0 65.0
114.0 243.0
169.0 81.0
204.0 171.0
98.0 160.0
234.0 127.0
135.0 8.0
196.0 219.0
141.0 10.0
36.0 179.0
138.0 218.0
142.0 172.0
230.0 191.0
65.0 106.0
181.0 146.0
153.0 5.0
203.0 181.0
25.0 135.0
79.0 97.0
204.0 83.0
65.0 5.0
223.0 112.0
46.0 123.0
98.0 90.0
33.0 17.0
187.0 194.0
107.0 131.0
140.0 106.0
231.0 211.0
91.0 201.0
223.0 71.0
208.0 156.0
144.0 208.0
95.0 33.0
9.0 92.0
44.0 157.0
246.0 236.0
254.0 21.0
142.0 34.0
163.0 81.0
113.0 49.0
89.0 102.0
114.0 155.0
256.0 25.0
201.0 91.0
220.0 153.0
180.0 168.0
195.0 243.0
160.0 93.0
156.0 160.0
170.0 21.0
50.0 83.0
244.0 178.0
181.0 44.0
215.0 9.0
193.0 141.0
54.0 128.0
104.0 84.0
96.0 93.0
158.0 67.0
126.0 180.0
120.0 233.0
20.0 69.0
119.0 86.0
62.0 216.0
58.0 21.0
251.0 208.0
84.0 173.0
65.0 248.0
203.0 142.0
188.0 218.0
235.0 194.0
218.0 38.0
28.0 78.0
30.0 194.0
235.0 203.0
180.0 9.0
243.0 191.0
144.0 145.0
151.0 197.0
152.0 56.0
14.0 90.0
29.0 237.0
132.0 33.0
219.0 130.0
230.0 211.0
215.0 136.0
176.0 60.0
238.0 239.0
201.0 188.0
17.0 54.0
161.0 146.0
107.0 203.0
166.0 172.0
242.0 150.0
231.0 181.0
50.0 94.0
203.0 200.0
218.0 135.0
159.0 220.0
67.0 179.0
223.0 244.0
39.0 222.0
95.0 119.0
130.0 26.0
112.0 90.0
155.0 42.0
34.0 28.0
42.0 139.0
199.0 129.0
137.0 158.0
172.0 163.0
66.0 241.0
130.0 223.0
64.0 27.0
224.0 161.0
180.0 92.0
53.0 251.0
93.0 71.0
122.0 212.0
139.0 213.0
243.0 201.0
118.0 206.0
202.0 50.0
137.0 121.0
241.0 228.0
139.0 205.0
254.0 195.0
31.0 238.0
218.0 235.0
208.0 50.0
57.0 62.0
185.0 66.0
105.0 170.0
98.0 85.0
28.0 78.0
93.0 19.0
168.0 103.0
34.0 186.0
123.0 152.0
146.0 34.0
115.0 27.0
152.0 224.0
81.0 169.0
172.0 84.0
163.0 168.0
27.0 18.0
180.0 77.0
118.0 218.0
121.0 24.0
160.0 136.0
88.0 246.0
9.0 255.0
168.0 192.0
58.0 141.0
217.0 180.0
37.0 16.0
195.0 130.0
21.0 190.0
180.0 236.0
194.0 189.0
37.0 234.0
238.0 95.0
252.0 221.0
28.0 241.0
47.0 100.0
131.0 230.0
175.0 217.0
185.0 225.0
71.0 96.0
249.0 149.0
218.0 44.0
90.0 113.0
229.0 101.0
130.0 49.0
109.0 218.0
141.0 43.0
138.0 83.0
10.0 188.0
169.0 30.0
73.0 83.0
161.0 101.0
214.0 163.0
110.0 111.0
61.0 145.0
106.0 93.0
152.0 124.0
28.0 136.0
242.0 205.0
216.0 131.0
15.0 125.0
46.0 21.0
247.0 133.0
90.0 229.0
49.0 138.0
171.0 230.0
128.0 91.0
140.0 62.0
45.0 197.0
22.0 95.0
63.0 58.0
7.0 26.0
162.0 237.0
59.0 248.0
203.0 157.0
242.0 210.0
200.0 36.0
156.0 49.0
30.0 95.0
197.0 194.0
210.0 111.0
184.0 152.0
130.0 191.0
188.0 16.0
66.0 222.0
194.0 43.0
209.0 248.0
111.0 209.0
122.0 70.0
92.0 223.0
44.0 241.0
83.0 22.0
60.0 103.0
178.0 120.0
160.0 147.0
46.0 190.0
94.0 26.0
186.0 137.0
185.0 48.0
125.0 161.0
113.0 165.0
168.0 193.0
212.0 148.0
212.0 103.0
171.0 40.0
132.0 131.0
55.0 55.0
66.0 124.0
171.0 21.0
38.0 124.0
42.0 235.0
101.0 25.0
158.0 208.0
42.0 212.0
171.0 224.0
238.0 17.0
24.0 155.0
84.0 75.0
73.0 7.0
167.0 220.0
98.0 57.0
246.0 185.0
98.0 170.0
156.0 107.0
162.0 22.0
192.0 202.0
178.0 206.0
67.0 20.0
51.0 63.0
115.0 245.0
80.0 99.0
144.0 98.0
235.0 187.0
56.0 158.0
195.0 64.0
234.0 36.0
198.0 187.0
188.0 138.0
201.0 64.0
73.0 8.0
54.0 36.0
234.0 141.0
17.0 222.0
230.0 168.0
237.0 241.0
124.0 117.0
131.0 33.0
123.0 71.0
144.0 41.0
248.0 29.0
224.0 198.0
190.0 170.0
116.0 71.0
219.0 221.0
168.0 21.0
131.0 225.0
133.0 105.0
243.0 50.0
54.0 174.0
64.0 52.0
71.0 39.0
226.0 126.0
112.0 30.0
237.0 165.0
194.0 192.0
237.0 48.0
157.0 101.0
173.0 25.0
208.0 84.0
236.0 36.0
177.0 52.0
102.0 185.0
37.0 51.0
139.0 24.0
187.0 94.0
82.0 11.0
173.0 79.0
139.0 158.0
239.0 147.0
175.0 100.0
238.0 223.0
123.0 19.0
192.0 179.0
34.0 224.0
125.0 5.0
113.0 229.0
131.0 60.0
49.0 243.0
109.0 136.0
32.0 46.0
65.0 65.0
189.0 52.0
16.0 208.0
226.0 102.0
255.0 171.0
100.0 238.0
138.0 240.0
115.0 96.0
72.0 242.0
187.0 13.0
190.0 179.0
50.0 156.0
7.0 250.0
203.0 120.0
253.0 228.0
67.0 173.0
182.0 148.0
25.0 12.0
38.0 178.0
114.0 10.0
25.0 22.0
8.0 250.0
117.0 41.0
139.0 202.0
205.0 140.0
222.0 175.0
225.0 170.0
176.0 48.0
221.0 44.0
35.0 47.0
31.0 215.0
42.0 180.0
250.0 32.0
81.0 225.0
229.0 48.0
28.0 14.0
152.0 162.0
71.0 35.0
106.0 20.0
192.0 197.0
243.0 191.0
241.0 194.0
173.0 197.0
152.0 166.0
205.0 250.0
134.0 189.0
20.0 170.0
243.0 231.0
21.0 203.0
42.0 183.0
247.0 100.0
154.0 239.0
64.0 31.0
251.0 124.0
95.0 91.0
191.0 28.0
201.0 97.0
216.0 175.0
179.0 28.0
27.0 225.0
33.0 215.0
44.0 56.0
158.0 10.0
53.0 43.0
166.0 119.0
133.0 200.0
13.0 9.0
233.0 214.0
126.0 188.0
141.0 108.0
246.0 96.0
77.0 164.0
51.0 99.0
100.0 254.0
210.0 154.0
81.0 50.0
11.0 6.0
121.0 166.0
100.0 169.0
54.0 52.0
109.0 102.0
235.0 84.0
59.0 250.0
175.0 44.0
234.0 235.0
66.0 42.0
234.0 220.0
161.0 240.0
75.0 152.0
159.0 8.0
149.0 201.0
181.0 248.0
28.0 55.0
130.0 212.0
64.0 253.0
130.0 80.0
138.0 22.0
226.0 45.0
145.0 13.0
144.0 64.0
171.0 229.0
197.0 109.0
98.0 161.0
231.0 234.0
210.0 79.0
92.0 123.0
143.0 96.0
133.0 118.0
161.0 88.0
100.0 227.0
189.0 208.0
61.0 239.0
251.0 199.0
79.0 100.0
85.0 126.0
175.0 9.0
205.0 105.0
138.0 40.0
99.0 34.0
152.0 123.0
164.0 239.0
118.0 67.0
214.0 224.0
30.0 60.0
21.0 31.0
173.0 237.0
133.0 238.0
134.0 97.0
9.0 76.0
233.0 5.0
123.0 204.0
9.0 181.0
198.0 77.0
34.0 20.0
69.0 38.0
215.0 52.0
8.0 196.0
96.0 233.0
97.0 106.0
111.0 252.0
117.0 177.0
214.0 195.0
173.0 214.0
234.0 108.0
138.0 121.0
165.0 158.0
23.0 76.0
213.0 105.0
197.0 53.0
172.0 110.0
9.0 132.0
249.0 249.0
25.0 122.0
101.0 122.0
106.0 42.0
102.0 50.0
192.0 97.0
151.0 127.0
62.0 83.0
211.0 253.0
135.0 7.0
21.0 17.0
167.0 196.0
21.0 202.0
48.0 60.0
89.0 161.0
194.0 177.0
199.0 185.0
67.0 222.0
49.0 251.0
223.0 49.0
79.0 158.0
87.0 63.0
81.0 53.0
128.0 48.0
213.0 217.0
109.0 11.0
196.0 6.0
165.0 51.0
183.0 192.0
233.0 152.0
157.0 220.0
27.0 123.0
11.0 239.0
154.0 145.0
36.0 62.0
214.0 8.0
60.0 47.0
78.0 196.0
121.0 154.0
121.0 216.0
50.0 53.0
143.0 192.0
203.0 192.0
209.0 79.0
74.0 20.0
233.0 70.0
200.0 201.0
136.0 158.0
203.0 116.0
83.0 140.0
193.0 98.0
212.0 81.0
111.0 114.0
253.0 151.0
14.0 179.0
67.0 18.0
46.0 95.0
138.0 38.0
255.0 188.0
158.0 89.0
39.0 13.0
128.0 160.0
92.0 44.0
226.0 123.0
230.0 254.0
16.0 232.0
40.0 149.0
86.0 132.0
199.0 93.0
83.0 12.0
227.0 119.0
129.0 129.0
131.0 121.0
173.0 147.0
132.0 77.0
159.0 164.0
250.0 40.0
189.0 36.0
108.0 137.0
182.0 183.0
92.0 245.0
90.0 132.0
81.0 186.0
29.0 133.0
38.0 227.0
43.0 215.0
53.0 107.0
192.0 120.0
203.0 10.0
96.0 130.0
31.0 68.0
235.0 80.0
58.0 192.0
245.0 252.0
18.0 224.0
173.0 239.0
171.0 244.0
19.0 145.0
160.0 11.0
175.0 82.0
199.0 170.0
212.0 211.0
206.0 98.0
230.0 134.0
224.0 172.0
135.0 30.0
159.0 157.0
145.0 228.0
88.0 179.0
24.0 199.0
201.0 64.0
249.0 92.0
95.0 140.0
194.0 90.0
61.0 176.0
183.0 172.0
202.0 169.0
113.0 130.0
189.0 21.0
145.0 44.0
70.0 199.0
242.0 237.0
93.0 53.0
229.0 12.0
94.0 251.0
252.0 35.0
237.0 109.0
192.0 96.0
81.0 208.0
30.0 217.0
117.0 150.0
97.0 195.0
126.0 211.0
86.0 197.0
129.0 197.0
129.0 111.0
135.0 35.0
204.0 147.0
125.0 89.0
12.0 27.0
66.0 113.0
16.0 92.0
16.0 159.0
123.0 93.0
39.0 38.0
82.0 115.0
50.0 222.0
201.0 210.0
205.0 195.0
112.0 141.0
136.0 252.0
7.0 160.0
188.0 137.0
231.0 83.0
121.0 124.0
61.0 214.0
69.0 87.0
107.0 37.0
85.0 24.0
101.0 61.0
179.0 183.0
122.0 126.0
74.0 183.0
119.0 208.0
177.0 94.0
190.0 114.0
154.0 40.0
94.0 246.0
216.0 142.0
71.0 200.0
117.0 224.0
77.0 36.0
110.0 30.0
121.0 48.0
243.0 194.0
223.0 30.0
103.0 88.0
20.0 11.0
7.0 222.0
157.0 29.0
149.0 123.0
167.0 104.0
62.0 41.0
45.0 46.0
28.0 25.0
107.0 156.0
166.0 59.0
255.0 122.0
226.0 238.0
70.0 213.0
162.0 247.0
227.0 5.0
167.0 246.0
69.0 115.0
114.0 102.0
168.0 20.0
183.0 148.0
111.0 96.0
26.0 40.0
206.0 47.0
108.0 24.0
199.0 26.0
208.0 85.0
128.0 202.0
96.0 128.0
218.0 205.0
218.0 21.0
94.0 122.0
71.0 113.0
105.0 34.0
209.0 70.0
146.0 205.0
159.0 105.0
145.0 237.0
100.0 27.0
214.0 202.0
214.0 45.0
53.0 213.0
149.0 197.0
176.0 9.0
133.0 131.0
201.0 190.0
104.0 26.0
147.0 60.0
224.0 20.0
100.0 23.0
9.0 21.0
81.0 193.0
113.0 154.0
55.0 6.0
76.0 124.0
108.0 90.0
238.0 77.0
59.0 113.0
225.0 142.0
172.0 193.0
92.0 119.0
106.0 249.0
178.0 96.0
152.0 214.0
80.0 94.0
16.0 158.0
235.0 158.0
53.0 97.0
107.0 108.0
147.0 122.0
94.0 246.0
165.0 84.0
44.0 107.0
152.0 32.0
103.0 184.0
36.0 247.0
174.0 69.0
102.0 27.0
64.0 72.0
179.0 103.0
253.0 168.0
150.0 13.0
209.0 167.0
100.0 192.0
66.0 86.0
84.0 205.0
228.0 4.0
13.0 14.0
81.0 41.0
149.0 90.0
232.0 31.0
185.0 155.0
118.0 222.0
10.0 164.0
10.0 200.0
194.0 35.0
116.0 192.0
252.0 55.0
216.0 122.0
44.0 92.0
132.0 177.0
8.0 198.0
102.0 141.0
230.0 78.0
225.0 104.0
120.0 153.0
188.0 229.0
139.0 61.0
60.0 249.0
180.0 200.0
227.0 59.0
159.0 18.0
142.0 149.0
109.0 78.0
92.0 148.0
122.0 146.0
24.0 117.0
124.0 31.0
234.0 169.0
192.0 18.0
142.0 18.0
224.0 232.0
35.0 85.0
113.0 195.0
133.0 169.0
74.0 235.0
250.0 211.0
141.0 185.0
20.0 224.0
153.0 101.0
93.0 93.0
62.0 120.0
129.0 182.0
55.0 28.0
143.0 56.0
181.0 19.0
131.0 156.0
72.0 149.0
176.0 87.0
135.0 17.0
70.0 7.0
134.0 110.0
43.0 127.0
162.0 192.0
247.0 210.0
64.0 46.0
224.0 181.0
206.0 94.0
107.0 121.0
206.0 71.0
191.0 128.0
231.0 128.0
225.0 212.0
65.0 206.0
192.0 63.0
127.0 150.0
51.0 205.0
119.0 51.0
86.0 91.0
43.0 149.0
238.0 179.0
129.0 134.0
110.0 194.0
89.0 141.0
250.0 59.0
95.0 24.0
197.0 235.0
234.0 176.0
52.0 112.0
12.0 96.0
209.0 85.0
21.0 32.0
56.0 53.0
217.0 94.0
243.0 128.0
16.0 17.0
162.0 141.0
70.0 74.0
93.0 113.0
64.0 232.0
70.0 168.0
226.0 138.0
28.0 172.0
33.0 179.0
175.0 184.0
212.0 70.0
243.0 155.0
109.0 80.0
222.0 84.0
140.0 244.0
102.0 148.0
70.0 34.0
62.0 213.0
171.0 199.0
73.0 50.0
136.0 150.0
160.0 76.0
172.0 221.0
211.0 77.0
37.0 12.0
197.0 56.0
83.0 98.0
51.0 99.0
137.0 114.0
190.0 245.0
227.0 150.0
82.0 131.0
53.0 131.0
201.0 25.0
122.0 153.0
124.0 154.0
73.0 163.0
45.0 32.0
189.0 42.0
18.0 115.0
62.0 70.0
118.0 93.0
229.0 33.0
230.0 242.0
168.0 9.0
204.0 68.0
48.0 255.0
34.0 23.0
23.0 81.0
148.0 148.0
107.0 42.0
87.0 26.0
250.0 177.0
30.0 69.0
63.0 8.0
85.0 129.0
182.0 182.0
183.0 45.0
72.0 27.0
76.0 65.0
171.0 122.0
218.0 69.0
7.0 213.0
88.0 166.0
105.0 181.0
157.0 239.0
179.0 103.0
174.0 138.0
11.0 157.0
56.0 177.0
213.0 75.0
9.0 54.0
89.0 20.0
228.0 215.0
188.0 191.0
185.0 130.0
129.0 191.0
245.0 184.0
186.0 61.0
14.0 198.0
82.0 155.0
247.0 225.0
87.0 116.0
65.0 237.0
7.0 35.0
43.0 203.0
35.0 148.0
191.0 90.0
195.0 24.0
