1
1024 1 3.0 0.0 1000.0 3 160 240 100

6.5 13.5 29.3 58.5
13.0 27.0 58.5 117.0
19.5 40.5 87.8 175.5
26.0 54.0 117.0 234.0
39.0 81.0 175.5 351.0
52.0 108.0 234.0 468.0
58.5 121.5 263.3 526.5
65.0 135.0 292.5 585.0
78.0 162.0 351.0 702.0
0.0 180.0 390.0 780.0

2.0 5.0 8.0 11.0
5.0 8.0 11.0 14.0
9.0 12.0 15.0 18.0
11.0 14.0 17.0 20.0
15.0 18.0 21.0 24.0
18.0 21.0 24.0 27.0
20.0 23.0 26.0 29.0
25.0 28.0 31.0 34.0
29.0 32.0 35.0 38.0
0.0 34.0 37.0 40.0

41.0 115.0
157.0 13.0
34.0 224.0
143.0 8.0
202.0 149.0
199.0 127.0
62.0 223.0
3.0 64.0
53.0 196.0
144.0 69.0
18.0 14.0
57.0 131.0
249.0 19.0
16.0 12.0
194.0 99.0
210.0 56.0
215.0 160.0
183.0 32.0
126.0 56.0
37.0 93.0
35.0 213.0
60.0 201.0
78.0 238.0
44.0 246.0
206.0 97.0
85.0 81.0
223.0 34.0
10.0 70.0
133.0 205.0
85.0 0.0
105.0 54.0
38.0 75.0
234.0 44.0
168.0 228.0
46.0 135.0
193.0 84.0
38.0 3.0
6.0 185.0
90.0 22.0
89.0 191.0
145.0 112.0
144.0 46.0
136.0 118.0
68.0 181.0
176.0 180.0
199.0 134.0
112.0 158.0
84.0 36.0
88.0 172.0
82.0 204.0
85.0 205.0
166.0 169.0
226.0 215.0
116.0 17.0
166.0 65.0
95.0 236.0
244.0 97.0
173.0 63.0
95.0 30.0
161.0 172.0
9.0 143.0
207.0 56.0
126.0 38.0
129.0 65.0
122.0 77.0
61.0 94.0
93.0 154.0
34.0 244.0
181.0 23.0
161.0 86.0
21.0 232.0
193.0 213.0
157.0 238.0
241.0 94.0
169.0 137.0
41.0 45.0
3.0 221.0
203.0 191.0
124.0 148.0
177.0 120.0
135.0 77.0
8.0 230.0
70.0 179.0
248.0 80.0
154.0 243.0
206.0 141.0
108.0 173.0
37.0 121.0
168.0 214.0
234.0 131.0
8.0 69.0
131.0 5.0
124.0 144.0
119.0 155.0
5.0 189.0
56.0 156.0
237.0 194.0
193.0 54.0
28.0 199.0
233.0 234.0
163.0 244.0
205.0 210.0
232.0 241.0
154.0 38.0
45.0 115.0
208.0 107.0
195.0 137.0
134.0 126.0
36.0 153.0
86.0 176.0
185.0 18.0
21.0 38.0
191.0 63.0
106.0 34.0
86.0 18.0
240.0 216.0
102.0 116.0
111.0 9.0
138.0 151.0
51.0 31.0
141.0 105.0
238.0 65.0
99.0 244.0
127.0 19.0
197.0 165.0
28.0 3.0
207.0 65.0
103.0 205.0
25.0 102.0
59.0 75.0
74.0 244.0
199.0 148.0
85.0 83.0
223.0 111.0
125.0 150.0
60.0 78.0
243.0 82.0
23.0 64.0
224.0 53.0
166.0 238.0
216.0 188.0
19.0 72.0
86.0 244.0
212.0 85.0
128.0 171.0
38.0 185.0
133.0 197.0
69.0 186.0
53.0 166.0
37.0 107.0
139.0 176.0
195.0 223.0
179.0 97.0
234.0 101.0
61.0 146.0
137.0 202.0
203.0 234.0
128.0 170.0
162.0 122.0
241.0 8.0
101.0 240.0
50.0 139.0
68.0 75.0
189.0 176.0
122.0 97.0
101.0 20.0
129.0 25.0
250.0 248.0
162.0 16.0
118.0 21.0
194.0 191.0
109.0 103.0
119.0 234.0
29.0 98.0
204.0 78.0
162.0 122.0
110.0 50.0
231.0 144.0
202.0 120.0
131.0 73.0
185.0 234.0
112.0 220.0
145.0 15.0
152.0 81.0
150.0 183.0
99.0 182.0
144.0 108.0
184.0 73.0
128.0 202.0
97.0 86.0
10.0 220.0
132.0 54.0
240.0 27.0
193.0 249.0
221.0 31.0
52.0 103.0
18.0 225.0
21.0 90.0
193.0 147.0
64.0 216.0
191.0 88.0
130.0 119.0
226.0 227.0
97.0 101.0
202.0 150.0
9.0 208.0
7.0 49.0
93.0 76.0
91.0 200.0
130.0 15.0
32.0 127.0
43.0 180.0
124.0 173.0
135.0 186.0
87.0 23.0
233.0 120.0
28.0 25.0
41.0 208.0
151.0 210.0
71.0 189.0
216.0 247.0
99.0 45.0
104.0 120.0
124.0 20.0
135.0 111.0
163.0 175.0
109.0 12.0
233.0 66.0
91.0 46.0
214.0 153.0
45.0 9.0
95.0 154.0
198.0 12.0
147.0 79.0
123.0 207.0
168.0 24.0
58.0 241.0
208.0 99.0
46.0 212.0
43.0 190.0
65.0 229.0
198.0 49.0
100.0 239.0
141.0 35.0
191.0 96.0
80.0 140.0
48.0 147.0
124.0 232.0
136.0 201.0
95.0 33.0
194.0 27.0
137.0 137.0
221.0 117.0
34.0 205.0
10.0 235.0
6.0 27.0
146.0 118.0
23.0 208.0
176.0 225.0
23.0 43.0
230.0 21.0
210.0 213.0
185.0 71.0
185.0 237.0
26.0 43.0
216.0 203.0
116.0 48.0
19.0 72.0
164.0 14.0
237.0 200.0
211.0 150.0
113.0 22.0
67.0 97.0
163.0 138.0
131.0 162.0
231.0 135.0
154.0 129.0
95.0 18.0
10.0 170.0
137.0 186.0
152.0 205.0
128.0 220.0
190.0 131.0
249.0 43.0
155.0 136.0
38.0 84.0
4.0 129.0
5.0 133.0
45.0 156.0
229.0 155.0
237.0 184.0
57.0 114.0
145.0 1.0
86.0 199.0
140.0 3.0
180.0 142.0
249.0 229.0
86.0 125.0
120.0 37.0
5.0 105.0
130.0 170.0
70.0 182.0
230.0 222.0
218.0 196.0
171.0 121.0
21.0 68.0
91.0 32.0
91.0 201.0
227.0 157.0
249.0 57.0
106.0 214.0
211.0 130.0
106.0 200.0
85.0 35.0
111.0 87.0
60.0 64.0
40.0 198.0
232.0 63.0
76.0 18.0
36.0 89.0
20.0 63.0
129.0 94.0
222.0 213.0
66.0 202.0
116.0 219.0
216.0 218.0
208.0 194.0
174.0 50.0
166.0 159.0
210.0 58.0
227.0 81.0
137.0 142.0
203.0 112.0
38.0 201.0
167.0 62.0
88.0 151.0
243.0 220.0
35.0 21.0
189.0 169.0
216.0 173.0
72.0 77.0
35.0 43.0
115.0 244.0
161.0 91.0
130.0 16.0
239.0 204.0
236.0 207.0
4.0 143.0
156.0 25.0
222.0 137.0
177.0 19.0
204.0 87.0
176.0 155.0
213.0 121.0
183.0 191.0
123.0 80.0
248.0 48.0
24.0 49.0
216.0 243.0
15.0 145.0
57.0 215.0
245.0 50.0
215.0 209.0
84.0 113.0
9.0 190.0
85.0 150.0
173.0 83.0
14.0 142.0
188.0 172.0
233.0 69.0
130.0 78.0
73.0 216.0
46.0 46.0
120.0 63.0
220.0 59.0
179.0 223.0
212.0 149.0
196.0 157.0
149.0 47.0
48.0 7.0
43.0 160.0
100.0 163.0
221.0 150.0
51.0 8.0
33.0 229.0
111.0 102.0
39.0 57.0
150.0 115.0
215.0 243.0
233.0 147.0
12.0 215.0
50.0 115.0
176.0 73.0
55.0 228.0
38.0 67.0
173.0 104.0
63.0 203.0
14.0 162.0
236.0 224.0
102.0 241.0
202.0 105.0
162.0 183.0
109.0 194.0
98.0 215.0
203.0 233.0
93.0 3.0
0.0 51.0
80.0 59.0
189.0 15.0
138.0 30.0
241.0 160.0
190.0 168.0
250.0 218.0
196.0 110.0
84.0 84.0
59.0 174.0
24.0 61.0
98.0 169.0
76.0 58.0
162.0 24.0
13.0 198.0
110.0 142.0
221.0 140.0
129.0 150.0
7.0 197.0
206.0 51.0
84.0 176.0
138.0 114.0
11.0 148.0
240.0 107.0
183.0 199.0
22.0 84.0
20.0 6.0
134.0 222.0
66.0 136.0
197.0 29.0
45.0 69.0
216.0 49.0
187.0 199.0
60.0 9.0
2.0 194.0
77.0 168.0
208.0 92.0
213.0 171.0
83.0 141.0
71.0 59.0
105.0 142.0
149.0 100.0
250.0 158.0
88.0 225.0
199.0 247.0
18.0 118.0
209.0 192.0
224.0 91.0
242.0 9.0
101.0 193.0
13.0 98.0
219.0 58.0
171.0 173.0
122.0 49.0
134.0 220.0
38.0 90.0
176.0 1.0
9.0 123.0
168.0 212.0
230.0 194.0
186.0 206.0
248.0 237.0
19.0 242.0
175.0 188.0
160.0 73.0
188.0 113.0
196.0 185.0
106.0 118.0
51.0 137.0
181.0 98.0
111.0 192.0
25.0 205.0
82.0 47.0
181.0 237.0
225.0 4.0
138.0 192.0
184.0 236.0
174.0 57.0
194.0 139.0
191.0 222.0
248.0 31.0
70.0 192.0
131.0 77.0
69.0 122.0
47.0 69.0
172.0 226.0
97.0 64.0
44.0 206.0
215.0 147.0
108.0 126.0
214.0 170.0
47.0 246.0
145.0 138.0
96.0 140.0
17.0 206.0
78.0 206.0
198.0 79.0
160.0 37.0
168.0 154.0
146.0 138.0
80.0 83.0
190.0 62.0
158.0 208.0
93.0 105.0
29.0 176.0
201.0 232.0
129.0 66.0
198.0 10.0
172.0 196.0
179.0 98.0
178.0 90.0
175.0 192.0
187.0 126.0
137.0 96.0
30.0 225.0
185.0 193.0
143.0 242.0
245.0 120.0
199.0 23.0
3.0 38.0
138.0 184.0
182.0 177.0
14.0 178.0
197.0 174.0
114.0 100.0
57.0 12.0
131.0 173.0
207.0 190.0
231.0 215.0
48.0 78.0
167.0 185.0
197.0 188.0
158.0 214.0
118.0 214.0
60.0 101.0
44.0 179.0
170.0 56.0
196.0 169.0
60.0 38.0
108.0 137.0
174.0 103.0
179.0 93.0
194.0 233.0
137.0 81.0
33.0 180.0
157.0 109.0
104.0 180.0
203.0 58.0
70.0 192.0
206.0 118.0
123.0 138.0
23.0 154.0
118.0 181.0
155.0 175.0
214.0 139.0
61.0 163.0
6.0 192.0
168.0 98.0
148.0 116.0
17.0 28.0
88.0 67.0
50.0 157.0
45.0 26.0
89.0 188.0
204.0 57.0
129.0 236.0
160.0 103.0
136.0 207.0
191.0 115.0
92.0 75.0
27.0 96.0
100.0 51.0
69.0 244.0
164.0 242.0
94.0 140.0
88.0 144.0
33.0 42.0
235.0 187.0
225.0 119.0
209.0 80.0
118.0 40.0
77.0 12.0
186.0 148.0
70.0 112.0
167.0 239.0
15.0 84.0
4.0 63.0
37.0 45.0
228.0 198.0
184.0 115.0
50.0 20.0
134.0 154.0
248.0 60.0
242.0 79.0
8.0 97.0
232.0 12.0
196.0 138.0
165.0 97.0
61.0 23.0
108.0 86.0
242.0 183.0
3.0 165.0
207.0 145.0
49.0 249.0
105.0 212.0
218.0 93.0
55.0 21.0
85.0 62.0
208.0 26.0
227.0 39.0
244.0 11.0
247.0 206.0
10.0 27.0
35.0 8.0
90.0 242.0
224.0 206.0
134.0 231.0
64.0 187.0
109.0 63.0
38.0 44.0
181.0 83.0
82.0 3.0
19.0 130.0
112.0 58.0
88.0 209.0
74.0 21.0
114.0 232.0
113.0 240.0
164.0 226.0
203.0 49.0
125.0 243.0
189.0 72.0
183.0 242.0
232.0 96.0
191.0 69.0
222.0 247.0
148.0 158.0
21.0 39.0
74.0 219.0
235.0 190.0
107.0 159.0
242.0 129.0
239.0 119.0
63.0 214.0
150.0 13.0
167.0 219.0
169.0 56.0
171.0 219.0
205.0 60.0
169.0 78.0
48.0 107.0
245.0 29.0
9.0 248.0
59.0 173.0
179.0 204.0
172.0 24.0
136.0 117.0
123.0 42.0
24.0 183.0
52.0 161.0
196.0 87.0
2.0 129.0
223.0 216.0
90.0 34.0
88.0 177.0
19.0 218.0
236.0 232.0
25.0 78.0
182.0 41.0
99.0 71.0
219.0 215.0
192.0 59.0
49.0 183.0
139.0 171.0
16.0 248.0
110.0 214.0
122.0 231.0
218.0 167.0
142.0 175.0
213.0 169.0
152.0 153.0
9.0 170.0
129.0 18.0
106.0 12.0
99.0 22.0
29.0 8.0
105.0 8.0
214.0 140.0
71.0 226.0
94.0 78.0
1.0 119.0
194.0 18.0
186.0 230.0
104.0 159.0
235.0 220.0
10.0 205.0
242.0 22.0
47.0 67.0
14.0 228.0
10.0 44.0
60.0 129.0
71.0 28.0
129.0 127.0
159.0 124.0
132.0 54.0
27.0 135.0
108.0 244.0
42.0 145.0
191.0 31.0
88.0 36.0
114.0 133.0
7.0 65.0
86.0 214.0
77.0 190.0
200.0 223.0
86.0 148.0
83.0 172.0
130.0 112.0
65.0 71.0
55.0 43.0
220.0 69.0
64.0 194.0
161.0 127.0
18.0 9.0
83.0 161.0
82.0 244.0
49.0 108.0
133.0 179.0
142.0 214.0
182.0 124.0
113.0 130.0
117.0 219.0
4.0 245.0
151.0 92.0
18.0 207.0
136.0 17.0
227.0 191.0
18.0 244.0
28.0 245.0
220.0 29.0
54.0 136.0
87.0 166.0
70.0 162.0
75.0 150.0
203.0 226.0
181.0 182.0
151.0 5.0
167.0 239.0
83.0 144.0
217.0 63.0
26.0 184.0
191.0 170.0
58.0 16.0
241.0 82.0
224.0 211.0
78.0 43.0
142.0 131.0
43.0 25.0
64.0 54.0
128.0 165.0
248.0 91.0
233.0 59.0
35.0 243.0
182.0 192.0
102.0 24.0
150.0 48.0
166.0 95.0
172.0 43.0
228.0 230.0
225.0 222.0
14.0 184.0
208.0 220.0
87.0 138.0
181.0 59.0
132.0 193.0
48.0 159.0
39.0 196.0
190.0 4.0
160.0 0.0
95.0 227.0
218.0 69.0
116.0 160.0
151.0 145.0
38.0 8.0
213.0 27.0
205.0 62.0
12.0 41.0
10.0 230.0
176.0 137.0
125.0 176.0
187.0 57.0
151.0 231.0
231.0 143.0
197.0 231.0
198.0 100.0
178.0 73.0
64.0 154.0
222.0 22.0
181.0 64.0
113.0 182.0
55.0 18.0
11.0 48.0
34.0 34.0
25.0 151.0
99.0 1.0
243.0 126.0
56.0 105.0
167.0 59.0
215.0 159.0
41.0 82.0
197.0 201.0
138.0 200.0
99.0 10.0
123.0 173.0
48.0 18.0
184.0 93.0
211.0 150.0
166.0 85.0
199.0 207.0
30.0 140.0
50.0 170.0
249.0 157.0
84.0 190.0
91.0 60.0
226.0 12.0
8.0 193.0
185.0 212.0
223.0 239.0
215.0 136.0
118.0 240.0
236.0 25.0
104.0 91.0
155.0 117.0
242.0 204.0
32.0 60.0
144.0 89.0
77.0 57.0
55.0 186.0
231.0 225.0
34.0 59.0
190.0 176.0
230.0 156.0
21.0 204.0
75.0 139.0
81.0 214.0
5.0 95.0
23.0 123.0
143.0 14.0
228.0 25.0
208.0 226.0
63.0 213.0
179.0 47.0
188.0 218.0
121.0 210.0
179.0 96.0
75.0 197.0
79.0 241.0
40.0 186.0
245.0 74.0
77.0 88.0
0.0 25.0
181.0 25.0
81.0 26.0
89.0 101.0
245.0 55.0
34.0 174.0
181.0 69.0
242.0 130.0
193.0 11.0
56.0 219.0
180.0 79.0
112.0 103.0
9.0 84.0
70.0 31.0
182.0 210.0
207.0 170.0
10.0 109.0
246.0 141.0
79.0 45.0
101.0 157.0
89.0 128.0
41.0 191.0
234.0 232.0
83.0 184.0
68.0 13.0
225.0 113.0
158.0 247.0
215.0 50.0
97.0 25.0
106.0 142.0
42.0 156.0
141.0 35.0
233.0 185.0
101.0 46.0
34.0 249.0
58.0 217.0
70.0 70.0
5.0 198.0
132.0 164.0
202.0 202.0
47.0 185.0
92.0 114.0
61.0 142.0
225.0 124.0
56.0 248.0
187.0 80.0
21.0 25.0
99.0 60.0
229.0 57.0
53.0 247.0
163.0 129.0
165.0 210.0
20.0 26.0
3.0 63.0
195.0 104.0
194.0 237.0
227.0 33.0
80.0 180.0
213.0 183.0
108.0 138.0
52.0 211.0
207.0 185.0
154.0 162.0
206.0 15.0
95.0 38.0
164.0 69.0
236.0 12.0
50.0 121.0
149.0 119.0
22.0 15.0
12.0 234.0
109.0 65.0
170.0 24.0
166.0 169.0
165.0 86.0
56.0 43.0
51.0 59.0
19.0 239.0
167.0 61.0
84.0 224.0
71.0 104.0
103.0 71.0
172.0 229.0
118.0 159.0
145.0 123.0
56.0 55.0
32.0 87.0
44.0 100.0
4.0 1.0
238.0 6.0
47.0 22.0
87.0 95.0
175.0 45.0
33.0 129.0
76.0 24.0
209.0 231.0
136.0 64.0
248.0 208.0
149.0 21.0
153.0 168.0
25.0 120.0
207.0 121.0
177.0 216.0
3.0 59.0
25.0 93.0
190.0 92.0
168.0 34.0
149.0 16.0
51.0 185.0
70.0 12.0
42.0 81.0
11.0 216.0
115.0 225.0
39.0 244.0
197.0 212.0
165.0 42.0
239.0 166.0
40.0 5.0
184.0 105.0
244.0 124.0
47.0 136.0
32.0 223.0
120.0 202.0
220.0 164.0
163.0 179.0
213.0 229.0
218.0 151.0
225.0 156.0
26.0 52.0
78.0 172.0
57.0 116.0
1.0 139.0
17.0 205.0
181.0 13.0
212.0 85.0
130.0 108.0
5.0 78.0
233.0 250.0
128.0 56.0
161.0 190.0
201.0 70.0
158.0 218.0
106.0 207.0
245.0 238.0
183.0 83.0
230.0 119.0
27.0 206.0
185.0 196.0
225.0 236.0
171.0 132.0
192.0 249.0
235.0 116.0
57.0 151.0
78.0 246.0
153.0 237.0
63.0 205.0
170.0 163.0
64.0 179.0

47.0 120.0
162.0 19.0
38.0 229.0
148.0 13.0
206.0 153.0
205.0 133.0
66.0 228.0
8.0 70.0
58.0 201.0
148.0 74.0
23.0 20.0
62.0 136.0
254.0 25.0
21.0 17.0
199.0 104.0
215.0 62.0
220.0 166.0
188.0 37.0
131.0 61.0
41.0 99.0
40.0 218.0
66.0 206.0
83.0 243.0
49.0 250.0
212.0 103.0
90.0 86.0
227.0 39.0
14.0 76.0
138.0 211.0
89.0 4.0
110.0 60.0
43.0 80.0
239.0 50.0
173.0 234.0
50.0 141.0
198.0 89.0
43.0 7.0
11.0 190.0
96.0 27.0
95.0 195.0
150.0 118.0
149.0 50.0
141.0 124.0
73.0 186.0
181.0 186.0
205.0 138.0
117.0 163.0
89.0 40.0
93.0 177.0
87.0 210.0
91.0 210.0
171.0 173.0
231.0 221.0
121.0 23.0
171.0 69.0
101.0 240.0
248.0 101.0
177.0 69.0
101.0 35.0
165.0 177.0
15.0 149.0
212.0 60.0
131.0 43.0
134.0 69.0
127.0 82.0
65.0 100.0
98.0 159.0
38.0 248.0
185.0 28.0
167.0 91.0
25.0 237.0
197.0 218.0
163.0 243.0
246.0 99.0
173.0 142.0
45.0 50.0
8.0 226.0
208.0 196.0
129.0 153.0
182.0 125.0
140.0 82.0
13.0 235.0
74.0 184.0
253.0 84.0
158.0 249.0
210.0 146.0
114.0 178.0
41.0 125.0
173.0 219.0
239.0 137.0
13.0 74.0
136.0 9.0
129.0 148.0
123.0 160.0
10.0 194.0
61.0 162.0
242.0 198.0
199.0 59.0
33.0 203.0
239.0 240.0
169.0 250.0
211.0 215.0
237.0 246.0
160.0 42.0
49.0 119.0
212.0 112.0
199.0 143.0
139.0 131.0
41.0 157.0
92.0 182.0
190.0 23.0
26.0 43.0
196.0 67.0
111.0 38.0
91.0 23.0
246.0 222.0
107.0 121.0
117.0 14.0
143.0 155.0
56.0 35.0
146.0 111.0
242.0 69.0
105.0 250.0
133.0 25.0
203.0 171.0
34.0 7.0
211.0 70.0
109.0 210.0
30.0 107.0
64.0 80.0
79.0 249.0
205.0 154.0
91.0 88.0
228.0 116.0
129.0 154.0
65.0 84.0
248.0 87.0
28.0 69.0
229.0 59.0
171.0 243.0
222.0 192.0
24.0 77.0
91.0 248.0
218.0 90.0
133.0 175.0
42.0 190.0
139.0 202.0
73.0 191.0
59.0 171.0
42.0 113.0
144.0 181.0
200.0 228.0
184.0 102.0
238.0 105.0
65.0 151.0
141.0 207.0
207.0 239.0
133.0 174.0
166.0 126.0
246.0 13.0
106.0 245.0
54.0 143.0
74.0 80.0
194.0 182.0
128.0 101.0
106.0 25.0
134.0 31.0
255.0 253.0
168.0 21.0
122.0 25.0
199.0 196.0
114.0 107.0
125.0 238.0
34.0 104.0
208.0 83.0
167.0 127.0
115.0 54.0
236.0 149.0
208.0 126.0
136.0 78.0
191.0 238.0
116.0 224.0
150.0 21.0
158.0 85.0
155.0 189.0
104.0 188.0
148.0 113.0
188.0 79.0
133.0 206.0
102.0 91.0
16.0 226.0
138.0 59.0
245.0 32.0
198.0 254.0
226.0 37.0
56.0 108.0
24.0 229.0
26.0 95.0
197.0 152.0
69.0 220.0
197.0 92.0
135.0 124.0
232.0 232.0
102.0 106.0
206.0 155.0
14.0 213.0
13.0 54.0
98.0 81.0
96.0 205.0
135.0 21.0
36.0 133.0
48.0 185.0
129.0 178.0
140.0 192.0
93.0 28.0
239.0 125.0
33.0 29.0
45.0 212.0
156.0 216.0
76.0 194.0
221.0 252.0
104.0 49.0
108.0 125.0
129.0 26.0
140.0 117.0
168.0 179.0
113.0 17.0
238.0 72.0
95.0 50.0
219.0 158.0
50.0 13.0
100.0 159.0
203.0 16.0
152.0 84.0
128.0 213.0
172.0 29.0
64.0 246.0
213.0 103.0
51.0 218.0
47.0 194.0
70.0 234.0
202.0 54.0
104.0 244.0
145.0 39.0
196.0 101.0
84.0 145.0
53.0 152.0
130.0 238.0
140.0 207.0
101.0 39.0
200.0 32.0
143.0 142.0
227.0 122.0
39.0 210.0
15.0 240.0
10.0 33.0
152.0 123.0
28.0 212.0
180.0 230.0
27.0 48.0
235.0 26.0
215.0 219.0
191.0 77.0
190.0 243.0
31.0 47.0
220.0 208.0
122.0 53.0
23.0 77.0
168.0 19.0
242.0 205.0
215.0 156.0
118.0 26.0
72.0 102.0
167.0 144.0
136.0 168.0
237.0 139.0
160.0 135.0
100.0 23.0
16.0 175.0
142.0 191.0
158.0 210.0
133.0 224.0
194.0 135.0
254.0 48.0
160.0 141.0
43.0 89.0
9.0 134.0
10.0 137.0
49.0 160.0
234.0 160.0
242.0 189.0
62.0 120.0
151.0 7.0
91.0 204.0
145.0 8.0
185.0 147.0
255.0 234.0
92.0 130.0
124.0 42.0
11.0 111.0
134.0 175.0
76.0 187.0
235.0 227.0
223.0 201.0
175.0 127.0
25.0 72.0
95.0 36.0
95.0 206.0
233.0 162.0
254.0 62.0
112.0 219.0
215.0 135.0
111.0 205.0
91.0 40.0
116.0 92.0
66.0 70.0
45.0 203.0
238.0 68.0
80.0 24.0
40.0 94.0
24.0 67.0
135.0 99.0
227.0 218.0
70.0 206.0
121.0 224.0
222.0 223.0
214.0 199.0
179.0 56.0
172.0 164.0
216.0 62.0
232.0 87.0
143.0 147.0
208.0 116.0
43.0 207.0
172.0 67.0
92.0 156.0
249.0 225.0
41.0 26.0
194.0 174.0
220.0 177.0
77.0 82.0
41.0 47.0
119.0 250.0
165.0 97.0
136.0 20.0
244.0 209.0
240.0 212.0
9.0 149.0
160.0 30.0
228.0 142.0
183.0 25.0
209.0 91.0
182.0 159.0
219.0 127.0
188.0 196.0
128.0 85.0
253.0 52.0
30.0 54.0
221.0 247.0
20.0 151.0
62.0 220.0
251.0 56.0
221.0 214.0
88.0 118.0
14.0 195.0
90.0 156.0
179.0 88.0
19.0 146.0
194.0 177.0
237.0 74.0
136.0 84.0
78.0 221.0
50.0 51.0
126.0 69.0
225.0 64.0
184.0 227.0
218.0 154.0
202.0 163.0
154.0 52.0
53.0 11.0
48.0 165.0
106.0 168.0
226.0 156.0
57.0 13.0
38.0 234.0
116.0 107.0
45.0 61.0
156.0 121.0
220.0 247.0
238.0 153.0
17.0 219.0
55.0 121.0
180.0 78.0
61.0 233.0
42.0 73.0
179.0 109.0
67.0 207.0
18.0 168.0
242.0 230.0
107.0 245.0
207.0 110.0
167.0 188.0
114.0 199.0
104.0 219.0
208.0 239.0
98.0 8.0
5.0 57.0
85.0 63.0
194.0 19.0
142.0 34.0
246.0 165.0
195.0 174.0
254.0 223.0
201.0 114.0
89.0 89.0
65.0 179.0
28.0 66.0
102.0 173.0
81.0 62.0
168.0 28.0
17.0 202.0
116.0 146.0
227.0 144.0
135.0 155.0
11.0 202.0
211.0 55.0
89.0 181.0
142.0 119.0
16.0 154.0
245.0 112.0
189.0 204.0
27.0 90.0
25.0 11.0
139.0 226.0
71.0 142.0
202.0 35.0
50.0 75.0
220.0 53.0
192.0 204.0
65.0 15.0
8.0 200.0
82.0 172.0
214.0 97.0
219.0 176.0
89.0 146.0
77.0 63.0
110.0 147.0
154.0 104.0
255.0 164.0
94.0 229.0
205.0 253.0
22.0 122.0
214.0 196.0
229.0 97.0
247.0 15.0
106.0 198.0
18.0 103.0
225.0 63.0
176.0 179.0
127.0 53.0
138.0 224.0
43.0 94.0
180.0 6.0
14.0 128.0
172.0 217.0
234.0 200.0
191.0 212.0
253.0 242.0
24.0 246.0
179.0 192.0
165.0 78.0
194.0 118.0
202.0 190.0
112.0 122.0
55.0 143.0
185.0 104.0
115.0 196.0
30.0 210.0
87.0 53.0
187.0 242.0
229.0 8.0
143.0 197.0
189.0 241.0
178.0 63.0
200.0 144.0
195.0 227.0
254.0 37.0
75.0 197.0
135.0 83.0
74.0 128.0
52.0 75.0
178.0 231.0
101.0 69.0
49.0 210.0
221.0 151.0
113.0 132.0
220.0 176.0
51.0 250.0
149.0 143.0
101.0 146.0
21.0 211.0
83.0 212.0
203.0 84.0
165.0 41.0
174.0 160.0
151.0 143.0
85.0 88.0
195.0 67.0
164.0 212.0
98.0 109.0
33.0 180.0
205.0 238.0
133.0 71.0
202.0 16.0
178.0 200.0
185.0 104.0
183.0 95.0
179.0 198.0
192.0 130.0
143.0 101.0
34.0 230.0
190.0 199.0
147.0 247.0
250.0 125.0
204.0 29.0
9.0 43.0
142.0 188.0
187.0 183.0
19.0 184.0
202.0 179.0
118.0 105.0
62.0 16.0
136.0 178.0
211.0 196.0
236.0 219.0
53.0 83.0
172.0 190.0
201.0 193.0
163.0 218.0
123.0 219.0
64.0 106.0
48.0 184.0
175.0 61.0
201.0 175.0
64.0 42.0
112.0 142.0
178.0 108.0
184.0 99.0
200.0 239.0
143.0 86.0
39.0 185.0
162.0 115.0
108.0 185.0
208.0 63.0
74.0 197.0
211.0 123.0
128.0 143.0
28.0 159.0
123.0 186.0
161.0 181.0
220.0 143.0
67.0 167.0
11.0 197.0
173.0 103.0
154.0 122.0
21.0 34.0
94.0 72.0
55.0 162.0
51.0 31.0
94.0 192.0
208.0 63.0
135.0 240.0
165.0 107.0
140.0 212.0
195.0 120.0
96.0 79.0
33.0 101.0
104.0 56.0
73.0 249.0
169.0 248.0
99.0 144.0
93.0 149.0
38.0 47.0
239.0 191.0
229.0 124.0
213.0 85.0
124.0 46.0
81.0 16.0
191.0 153.0
74.0 116.0
171.0 244.0
20.0 89.0
9.0 69.0
42.0 51.0
233.0 204.0
190.0 120.0
54.0 26.0
139.0 159.0
252.0 65.0
247.0 84.0
13.0 101.0
238.0 18.0
201.0 144.0
170.0 101.0
66.0 27.0
113.0 90.0
246.0 188.0
8.0 170.0
212.0 150.0
55.0 254.0
110.0 216.0
223.0 98.0
59.0 26.0
90.0 67.0
212.0 30.0
233.0 43.0
250.0 16.0
251.0 210.0
14.0 33.0
40.0 13.0
96.0 247.0
229.0 211.0
139.0 235.0
68.0 192.0
113.0 69.0
43.0 48.0
186.0 88.0
87.0 7.0
24.0 135.0
117.0 63.0
94.0 214.0
79.0 26.0
120.0 236.0
119.0 245.0
170.0 231.0
209.0 55.0
130.0 249.0
194.0 77.0
188.0 247.0
237.0 100.0
196.0 74.0
227.0 252.0
152.0 163.0
26.0 44.0
79.0 224.0
239.0 196.0
111.0 163.0
246.0 134.0
244.0 123.0
68.0 219.0
155.0 18.0
171.0 224.0
174.0 60.0
177.0 223.0
210.0 65.0
175.0 83.0
54.0 112.0
250.0 34.0
14.0 254.0
64.0 178.0
185.0 209.0
178.0 28.0
141.0 122.0
128.0 46.0
30.0 189.0
56.0 165.0
201.0 91.0
8.0 135.0
229.0 221.0
95.0 39.0
93.0 182.0
25.0 224.0
241.0 238.0
31.0 83.0
188.0 46.0
104.0 76.0
223.0 220.0
197.0 63.0
54.0 188.0
144.0 176.0
21.0 253.0
115.0 219.0
127.0 235.0
222.0 171.0
147.0 181.0
217.0 175.0
156.0 158.0
15.0 174.0
133.0 23.0
111.0 18.0
104.0 27.0
34.0 12.0
109.0 13.0
218.0 144.0
76.0 230.0
98.0 83.0
6.0 123.0
200.0 24.0
191.0 235.0
108.0 164.0
240.0 225.0
14.0 211.0
247.0 27.0
53.0 72.0
18.0 234.0
15.0 48.0
64.0 134.0
77.0 33.0
134.0 132.0
164.0 130.0
136.0 59.0
32.0 140.0
113.0 249.0
46.0 150.0
196.0 36.0
93.0 41.0
118.0 138.0
11.0 70.0
92.0 220.0
82.0 196.0
205.0 228.0
91.0 152.0
87.0 176.0
136.0 116.0
71.0 76.0
60.0 49.0
226.0 73.0
68.0 200.0
166.0 133.0
23.0 14.0
88.0 165.0
86.0 249.0
55.0 114.0
138.0 183.0
147.0 219.0
188.0 130.0
117.0 135.0
123.0 225.0
10.0 250.0
156.0 97.0
23.0 211.0
142.0 22.0
233.0 195.0
24.0 249.0
32.0 249.0
225.0 34.0
58.0 142.0
91.0 171.0
76.0 167.0
79.0 155.0
209.0 232.0
186.0 186.0
156.0 11.0
172.0 244.0
88.0 149.0
222.0 68.0
31.0 188.0
196.0 174.0
62.0 21.0
245.0 86.0
229.0 215.0
84.0 47.0
147.0 135.0
47.0 30.0
69.0 59.0
133.0 170.0
254.0 96.0
239.0 64.0
39.0 248.0
188.0 198.0
107.0 30.0
154.0 54.0
171.0 100.0
178.0 48.0
233.0 235.0
230.0 226.0
19.0 189.0
213.0 225.0
93.0 142.0
186.0 64.0
137.0 198.0
53.0 164.0
44.0 201.0
195.0 9.0
166.0 5.0
100.0 232.0
222.0 74.0
120.0 165.0
155.0 149.0
43.0 13.0
217.0 33.0
210.0 66.0
17.0 47.0
16.0 235.0
180.0 141.0
129.0 182.0
192.0 61.0
156.0 236.0
235.0 149.0
202.0 237.0
203.0 105.0
183.0 79.0
68.0 159.0
227.0 27.0
185.0 69.0
119.0 187.0
61.0 24.0
15.0 53.0
40.0 39.0
29.0 156.0
104.0 5.0
249.0 131.0
61.0 110.0
172.0 64.0
219.0 165.0
46.0 88.0
202.0 207.0
144.0 204.0
103.0 16.0
128.0 179.0
53.0 22.0
189.0 97.0
215.0 155.0
171.0 89.0
203.0 212.0
34.0 144.0
56.0 176.0
253.0 162.0
90.0 196.0
96.0 65.0
231.0 16.0
13.0 199.0
189.0 217.0
227.0 245.0
220.0 141.0
124.0 245.0
242.0 30.0
108.0 95.0
160.0 123.0
247.0 209.0
37.0 65.0
148.0 95.0
81.0 62.0
59.0 190.0
235.0 229.0
39.0 64.0
195.0 182.0
235.0 161.0
26.0 209.0
80.0 143.0
85.0 220.0
9.0 99.0
28.0 127.0
148.0 18.0
232.0 30.0
213.0 230.0
68.0 217.0
183.0 53.0
194.0 224.0
126.0 214.0
185.0 102.0
80.0 203.0
84.0 245.0
44.0 191.0
251.0 78.0
81.0 93.0
5.0 30.0
185.0 31.0
85.0 31.0
94.0 107.0
251.0 61.0
39.0 179.0
185.0 73.0
247.0 135.0
199.0 16.0
61.0 224.0
186.0 85.0
116.0 108.0
14.0 90.0
74.0 36.0
188.0 214.0
212.0 175.0
14.0 114.0
251.0 145.0
84.0 50.0
105.0 162.0
94.0 133.0
46.0 197.0
240.0 237.0
88.0 189.0
73.0 19.0
229.0 118.0
163.0 252.0
221.0 56.0
101.0 30.0
111.0 146.0
46.0 160.0
146.0 40.0
237.0 190.0
106.0 52.0
39.0 254.0
64.0 222.0
75.0 74.0
11.0 203.0
137.0 169.0
208.0 207.0
53.0 190.0
98.0 120.0
65.0 146.0
231.0 129.0
62.0 254.0
192.0 85.0
26.0 30.0
105.0 65.0
234.0 63.0
58.0 251.0
167.0 133.0
170.0 215.0
26.0 32.0
9.0 67.0
199.0 109.0
199.0 242.0
233.0 38.0
86.0 185.0
218.0 187.0
114.0 142.0
58.0 216.0
212.0 190.0
159.0 168.0
212.0 19.0
101.0 44.0
168.0 74.0
241.0 17.0
55.0 125.0
155.0 124.0
27.0 20.0
16.0 239.0
114.0 69.0
175.0 30.0
171.0 174.0
169.0 91.0
61.0 47.0
56.0 65.0
25.0 244.0
172.0 65.0
90.0 229.0
76.0 109.0
108.0 76.0
177.0 233.0
123.0 163.0
151.0 128.0
61.0 61.0
37.0 93.0
49.0 105.0
9.0 7.0
242.0 10.0
53.0 28.0
92.0 100.0
179.0 49.0
39.0 134.0
80.0 30.0
214.0 236.0
142.0 68.0
252.0 214.0
153.0 26.0
157.0 174.0
31.0 125.0
211.0 126.0
182.0 221.0
9.0 64.0
31.0 97.0
195.0 97.0
172.0 39.0
154.0 21.0
56.0 191.0
75.0 16.0
47.0 87.0
16.0 221.0
121.0 231.0
44.0 250.0
202.0 217.0
169.0 48.0
245.0 172.0
46.0 9.0
189.0 109.0
249.0 129.0
53.0 142.0
38.0 228.0
126.0 207.0
225.0 169.0
168.0 183.0
217.0 233.0
222.0 156.0
229.0 160.0
31.0 58.0
84.0 177.0
62.0 121.0
6.0 144.0
23.0 211.0
186.0 17.0
218.0 89.0
134.0 112.0
10.0 83.0
238.0 255.0
132.0 60.0
165.0 196.0
207.0 75.0
164.0 224.0
110.0 213.0
251.0 243.0
187.0 89.0
235.0 125.0
32.0 211.0
189.0 201.0
230.0 241.0
177.0 136.0
196.0 254.0
239.0 122.0
62.0 156.0
83.0 251.0
158.0 241.0
68.0 210.0
175.0 168.0
70.0 184.0
