1
1024 1 3.0 0.0 1000.0 3 160 240 100

6.5 13.5 29.3 58.5
13.0 27.0 58.5 117.0
19.5 40.5 87.8 175.5
26.0 54.0 117.0 234.0
39.0 81.0 175.5 351.0
52.0 108.0 234.0 468.0
58.5 121.5 263.3 526.5
65.0 135.0 292.5 585.0
78.0 162.0 351.0 702.0
0.0 180.0 390.0 780.0

2.0 5.0 8.0 11.0
5.0 8.0 11.0 14.0
9.0 12.0 15.0 18.0
11.0 14.0 17.0 20.0
15.0 18.0 21.0 24.0
18.0 21.0 24.0 27.0
20.0 23.0 26.0 29.0
25.0 28.0 31.0 34.0
29.0 32.0 35.0 38.0
0.0 34.0 37.0 40.0

237.0 120.0
17.0 95.0
240.0 239.0
181.0 168.0
196.0 65.0
248.0 90.0
198.0 225.0
186.0 88.0
71.0 22.0
71.0 143.0
120.0 104.0
31.0 74.0
193.0 51.0
11.0 206.0
150.0 173.0
107.0 70.0
138.0 116.0
32.0 140.0
148.0 186.0
73.0 178.0
115.0 113.0
244.0 54.0
176.0 51.0
114.0 3.0
216.0 144.0
128.0 53.0
176.0 90.0
40.0 208.0
165.0 162.0
150.0 10.0
187.0 226.0
80.0 162.0
172.0 112.0
156.0 244.0
244.0 236.0
22.0 53.0
30.0 203.0
155.0 229.0
81.0 186.0
53.0 92.0
76.0 161.0
124.0 198.0
7.0 177.0
184.0 185.0
140.0 121.0
212.0 34.0
83.0 24.0
137.0 192.0
111.0 3.0
206.0 59.0
231.0 244.0
54.0 154.0
241.0 17.0
157.0 102.0
142.0 232.0
180.0 112.0
58.0 165.0
11.0 226.0
107.0 241.0
115.0 137.0
31.0 112.0
142.0 222.0
154.0 55.0
30.0 209.0
84.0 54.0
163.0 18.0
113.0 211.0
218.0 53.0
111.0 215.0
117.0 110.0
229.0 164.0
97.0 71.0
99.0 77.0
201.0 147.0
204.0 9.0
54.0 239.0
242.0 250.0
130.0 44.0
38.0 135.0
235.0 96.0
173.0 73.0
25.0 3.0
52.0 194.0
185.0 193.0
174.0 98.0
193.0 52.0
207.0 245.0
179.0 141.0
16.0 65.0
176.0 3.0
106.0 223.0
146.0 121.0
25.0 1.0
204.0 169.0
39.0 76.0
51.0 230.0
19.0 66.0
159.0 3.0
215.0 223.0
101.0 55.0
234.0 24.0
188.0 4.0
35.0 188.0
174.0 74.0
110.0 205.0
89.0 25.0
55.0 56.0
65.0 30.0
73.0 91.0
91.0 121.0
236.0 97.0
201.0 151.0
171.0 156.0
150.0 36.0
130.0 215.0
188.0 72.0
216.0 69.0
148.0 231.0
120.0 71.0
58.0 111.0
18.0 144.0
110.0 54.0
77.0 21.0
107.0 1.0
129.0 175.0
59.0 198.0
75.0 237.0
190.0 222.0
190.0 247.0
155.0 56.0
36.0 137.0
97.0 43.0
18.0 191.0
219.0 105.0
167.0 0.0
135.0 152.0
60.0 21.0
32.0 200.0
85.0 143.0
50.0 12.0
87.0 246.0
28.0 136.0
233.0 25.0
147.0 45.0
247.0 185.0
6.0 118.0
232.0 172.0
6.0 44.0
114.0 149.0
243.0 16.0
31.0 27.0
140.0 168.0
96.0 120.0
125.0 8.0
228.0 114.0
1.0 154.0
87.0 53.0
164.0 19.0
206.0 136.0
186.0 123.0
226.0 176.0
56.0 48.0
183.0 129.0
226.0 97.0
152.0 162.0
113.0 35.0
67.0 58.0
87.0 113.0
125.0 45.0
229.0 122.0
248.0 216.0
249.0 46.0
125.0 14.0
237.0 198.0
173.0 62.0
249.0 28.0
77.0 197.0
37.0 101.0
116.0 111.0
50.0 81.0
62.0 73.0
121.0 83.0
237.0 21.0
124.0 90.0
136.0 126.0
114.0 197.0
75.0 228.0
116.0 243.0
149.0 129.0
215.0 203.0
89.0 22.0
214.0 61.0
168.0 162.0
158.0 125.0
128.0 178.0
104.0 145.0
148.0 17.0
66.0 89.0
203.0 31.0
135.0 14.0
210.0 89.0
79.0 69.0
182.0 93.0
60.0 155.0
162.0 144.0
124.0 156.0
39.0 127.0
245.0 168.0
133.0 84.0
206.0 229.0
34.0 12.0
202.0 127.0
201.0 82.0
99.0 158.0
187.0 49.0
87.0 29.0
124.0 214.0
51.0 162.0
186.0 83.0
23.0 211.0
74.0 218.0
141.0 186.0
91.0 47.0
140.0 105.0
227.0 243.0
149.0 196.0
216.0 77.0
193.0 212.0
89.0 224.0
76.0 236.0
67.0 54.0
137.0 169.0
198.0 6.0
190.0 155.0
202.0 211.0
37.0 21.0
55.0 83.0
205.0 93.0
147.0 168.0
188.0 98.0
174.0 94.0
238.0 143.0
230.0 37.0
65.0 100.0
117.0 181.0
165.0 20.0
230.0 198.0
229.0 20.0
151.0 102.0
238.0 147.0
190.0 145.0
73.0 40.0
133.0 211.0
108.0 14.0
43.0 15.0
18.0 14.0
24.0 187.0
108.0 192.0
155.0 171.0
48.0 169.0
127.0 138.0
188.0 124.0
174.0 227.0
201.0 141.0
199.0 192.0
122.0 71.0
59.0 126.0
143.0 234.0
48.0 227.0
107.0 82.0
154.0 157.0
197.0 18.0
0.0 79.0
128.0 127.0
194.0 32.0
211.0 138.0
96.0 137.0
232.0 245.0
112.0 141.0
130.0 222.0
159.0 177.0
56.0 105.0
18.0 125.0
152.0 243.0
103.0 71.0
17.0 97.0
239.0 130.0
89.0 240.0
101.0 244.0
6.0 63.0
26.0 116.0
70.0 234.0
240.0 247.0
243.0 73.0
67.0 112.0
189.0 249.0
50.0 86.0
140.0 92.0
180.0 16.0
248.0 46.0
17.0 168.0
68.0 183.0
52.0 93.0
201.0 191.0
202.0 244.0
138.0 107.0
158.0 24.0
182.0 102.0
116.0 224.0
135.0 209.0
231.0 143.0
244.0 173.0
195.0 241.0
216.0 196.0
159.0 231.0
177.0 121.0
22.0 86.0
4.0 207.0
184.0 249.0
36.0 174.0
160.0 140.0
209.0 26.0
26.0 126.0
4.0 223.0
223.0 177.0
134.0 77.0
61.0 236.0
210.0 66.0
69.0 168.0
214.0 73.0
176.0 180.0
129.0 115.0
221.0 201.0
186.0 192.0
171.0 2.0
195.0 198.0
160.0 152.0
46.0 156.0
97.0 225.0
240.0 75.0
105.0 231.0
134.0 89.0
134.0 56.0
151.0 41.0
157.0 15.0
7.0 33.0
156.0 163.0
97.0 5.0
185.0 115.0
192.0 229.0
94.0 129.0
228.0 146.0
71.0 82.0
220.0 68.0
220.0 222.0
193.0 48.0
197.0 190.0
49.0 59.0
247.0 92.0
128.0 165.0
49.0 211.0
15.0 202.0
87.0 35.0
222.0 12.0
56.0 65.0
170.0 144.0
178.0 187.0
236.0 185.0
45.0 219.0
146.0 236.0
230.0 28.0
117.0 110.0
185.0 205.0
161.0 114.0
18.0 73.0
57.0 122.0
47.0 136.0
50.0 188.0
111.0 120.0
146.0 14.0
148.0 92.0
189.0 161.0
149.0 181.0
223.0 181.0
120.0 9.0
186.0 195.0
44.0 232.0
70.0 218.0
101.0 184.0
225.0 113.0
239.0 134.0
56.0 126.0
11.0 29.0
173.0 245.0
135.0 121.0
117.0 214.0
50.0 200.0
90.0 63.0
78.0 227.0
197.0 113.0
69.0 215.0
0.0 208.0
19.0 11.0
15.0 234.0
177.0 207.0
69.0 59.0
228.0 225.0
47.0 87.0
218.0 159.0
43.0 188.0
178.0 43.0
87.0 50.0
226.0 24.0
88.0 111.0
240.0 216.0
20.0 239.0
6.0 86.0
147.0 181.0
50.0 44.0
168.0 89.0
197.0 191.0
197.0 11.0
178.0 31.0
109.0 27.0
205.0 231.0
20.0 53.0
223.0 97.0
66.0 111.0
116.0 244.0
125.0 207.0
211.0 228.0
12.0 9.0
233.0 17.0
188.0 74.0
171.0 181.0
105.0 196.0
98.0 56.0
138.0 1.0
11.0 132.0
78.0 239.0
128.0 56.0
15.0 17.0
69.0 122.0
219.0 50.0
240.0 244.0
218.0 54.0
221.0 196.0
53.0 227.0
94.0 212.0
34.0 69.0
159.0 103.0
111.0 115.0
69.0 132.0
49.0 198.0
228.0 168.0
152.0 205.0
107.0 215.0
92.0 57.0
184.0 243.0
225.0 249.0
49.0 33.0
66.0 74.0
6.0 72.0
182.0 217.0
78.0 103.0
54.0 231.0
134.0 233.0
30.0 216.0
159.0 83.0
68.0 69.0
13.0 4.0
237.0 8.0
85.0 217.0
72.0 115.0
54.0 39.0
121.0 234.0
25.0 154.0
145.0 73.0
158.0 237.0
199.0 237.0
167.0 11.0
169.0 171.0
161.0 160.0
121.0 94.0
121.0 62.0
162.0 46.0
79.0 142.0
54.0 246.0
173.0 172.0
130.0 17.0
34.0 207.0
159.0 86.0
31.0 101.0
64.0 150.0
229.0 168.0
19.0 144.0
188.0 60.0
210.0 217.0
101.0 41.0
153.0 235.0
20.0 131.0
233.0 189.0
28.0 138.0
235.0 200.0
4.0 198.0
151.0 129.0
204.0 223.0
155.0 108.0
170.0 233.0
167.0 116.0
79.0 104.0
20.0 55.0
169.0 91.0
16.0 68.0
214.0 26.0
12.0 175.0
80.0 173.0
216.0 100.0
194.0 15.0
182.0 241.0
85.0 88.0
80.0 28.0
217.0 11.0
90.0 238.0
127.0 184.0
131.0 156.0
232.0 203.0
149.0 15.0
184.0 76.0
36.0 217.0
8.0 164.0
53.0 168.0
38.0 54.0
181.0 88.0
1.0 174.0
161.0 2.0
149.0 223.0
20.0 161.0
150.0 99.0
215.0 212.0
27.0 32.0
71.0 243.0
224.0 214.0
19.0 157.0
211.0 36.0
182.0 109.0
94.0 70.0
197.0 100.0
244.0 41.0
187.0 81.0
61.0 62.0
157.0 34.0
4.0 238.0
90.0 13.0
109.0 44.0
148.0 230.0
34.0 211.0
140.0 53.0
205.0 137.0
14.0 120.0
229.0 198.0
179.0 59.0
34.0 92.0
34.0 151.0
14.0 215.0
132.0 44.0
28.0 86.0
227.0 228.0
138.0 183.0
23.0 20.0
78.0 86.0
229.0 119.0
205.0 175.0
129.0 128.0
45.0 138.0
137.0 209.0
71.0 163.0
166.0 163.0
196.0 218.0
179.0 211.0
232.0 131.0
102.0 136.0
195.0 24.0
99.0 222.0
68.0 190.0
15.0 230.0
19.0 69.0
120.0 248.0
87.0 64.0
73.0 39.0
177.0 211.0
116.0 64.0
27.0 73.0
50.0 215.0
102.0 249.0
117.0 42.0
198.0 239.0
229.0 134.0
101.0 192.0
25.0 70.0
192.0 135.0
84.0 221.0
228.0 99.0
157.0 190.0
72.0 112.0
98.0 54.0
206.0 96.0
3.0 69.0
191.0 18.0
106.0 117.0
33.0 204.0
60.0 195.0
235.0 42.0
35.0 86.0
131.0 106.0
131.0 155.0
142.0 55.0
164.0 14.0
184.0 215.0
201.0 137.0
0.0 70.0
24.0 48.0
9.0 190.0
24.0 19.0
69.0 206.0
79.0 49.0
128.0 242.0
44.0 170.0
36.0 13.0
39.0 235.0
116.0 146.0
21.0 100.0
134.0 56.0
209.0 236.0
148.0 48.0
240.0 67.0
6.0 114.0
220.0 170.0
85.0 211.0
185.0 34.0
177.0 125.0
35.0 127.0
237.0 70.0
35.0 86.0
17.0 9.0
107.0 176.0
184.0 224.0
126.0 186.0
71.0 236.0
48.0 34.0
22.0 236.0
242.0 151.0
126.0 8.0
198.0 4.0
155.0 115.0
120.0 222.0
141.0 205.0
213.0 70.0
21.0 110.0
27.0 88.0
169.0 184.0
52.0 25.0
115.0 193.0
57.0 14.0
142.0 89.0
231.0 242.0
192.0 89.0
4.0 177.0
144.0 25.0
223.0 236.0
20.0 6.0
192.0 93.0
51.0 238.0
127.0 116.0
57.0 165.0
145.0 17.0
160.0 154.0
239.0 78.0
190.0 12.0
208.0 171.0
176.0 177.0
135.0 41.0
135.0 3.0
4.0 203.0
198.0 104.0
158.0 66.0
153.0 55.0
98.0 225.0
65.0 35.0
165.0 182.0
186.0 77.0
247.0 69.0
186.0 160.0
181.0 231.0
42.0 165.0
104.0 141.0
243.0 42.0
63.0 125.0
18.0 122.0
5.0 232.0
130.0 16.0
71.0 125.0
61.0 159.0
218.0 175.0
3.0 93.0
197.0 30.0
113.0 147.0
25.0 214.0
71.0 234.0
147.0 139.0
11.0 67.0
4.0 221.0
6.0 117.0
97.0 115.0
53.0 7.0
153.0 117.0
87.0 31.0
81.0 134.0
129.0 107.0
218.0 146.0
206.0 12.0
166.0 182.0
17.0 47.0
107.0 108.0
122.0 111.0
11.0 131.0
240.0 234.0
5.0 185.0
71.0 144.0
197.0 223.0
92.0 45.0
82.0 229.0
120.0 77.0
214.0 72.0
223.0 245.0
149.0 149.0
133.0 154.0
202.0 80.0
142.0 232.0
156.0 5.0
227.0 143.0
99.0 129.0
33.0 197.0
140.0 198.0
89.0 85.0
58.0 168.0
237.0 113.0
13.0 124.0
44.0 161.0
2.0 91.0
44.0 141.0
52.0 169.0
218.0 61.0
213.0 8.0
155.0 108.0
227.0 174.0
208.0 216.0
50.0 53.0
201.0 163.0
233.0 229.0
110.0 38.0
205.0 85.0
185.0 248.0
108.0 199.0
28.0 26.0
87.0 175.0
229.0 245.0
57.0 77.0
212.0 115.0
242.0 248.0
247.0 192.0
113.0 61.0
176.0 160.0
159.0 245.0
167.0 180.0
245.0 218.0
180.0 152.0
99.0 194.0
81.0 53.0
67.0 116.0
206.0 68.0
69.0 61.0
200.0 56.0
237.0 45.0
45.0 208.0
69.0 247.0
234.0 31.0
199.0 205.0
124.0 167.0
233.0 124.0
67.0 52.0
134.0 236.0
197.0 37.0
237.0 212.0
123.0 119.0
236.0 207.0
25.0 0.0
110.0 145.0
19.0 38.0
205.0 210.0
172.0 150.0
58.0 33.0
154.0 110.0
66.0 151.0
39.0 201.0
189.0 108.0
99.0 3.0
199.0 151.0
11.0 183.0
4.0 18.0
158.0 181.0
204.0 145.0
95.0 19.0
37.0 154.0
234.0 28.0
222.0 88.0
174.0 87.0
15.0 126.0
129.0 21.0
86.0 114.0
244.0 165.0
162.0 22.0
130.0 90.0
184.0 43.0
23.0 120.0
24.0 65.0
39.0 40.0
155.0 103.0
43.0 213.0
190.0 54.0
240.0 157.0
43.0 238.0
112.0 162.0
33.0 204.0
204.0 124.0
30.0 142.0
7.0 66.0
100.0 15.0
40.0 118.0
131.0 118.0
42.0 84.0
12.0 47.0
222.0 220.0
221.0 171.0
115.0 233.0
25.0 219.0
120.0 9.0
22.0 179.0
128.0 183.0
99.0 17.0
211.0 214.0
168.0 32.0
139.0 174.0
117.0 224.0
82.0 56.0
231.0 119.0
131.0 181.0
125.0 59.0
121.0 138.0
83.0 20.0
24.0 201.0
218.0 89.0
5.0 36.0
211.0 46.0
46.0 34.0
192.0 49.0
108.0 182.0
117.0 245.0
94.0 193.0
99.0 187.0
225.0 194.0
174.0 245.0
212.0 53.0
66.0 17.0
209.0 15.0
73.0 64.0
56.0 127.0
12.0 91.0
170.0 225.0
214.0 14.0
224.0 90.0
136.0 185.0
93.0 180.0
197.0 66.0
76.0 169.0
49.0 9.0
13.0 68.0
3.0 60.0
167.0 36.0
180.0 66.0
116.0 38.0
23.0 127.0
167.0 73.0
72.0 47.0
138.0 10.0
37.0 206.0
155.0 130.0
201.0 123.0
194.0 37.0
31.0 22.0
135.0 156.0
194.0 22.0
163.0 112.0
212.0 161.0
187.0 81.0
63.0 248.0
235.0 30.0
120.0 104.0
90.0 66.0
85.0 93.0
31.0 184.0
190.0 107.0
67.0 3.0
206.0 40.0
132.0 170.0
145.0 43.0
21.0 133.0
83.0 204.0
165.0 82.0
101.0 90.0
129.0 164.0
157.0 164.0
72.0 108.0
7.0 128.0
181.0 13.0
114.0 89.0
174.0 66.0
38.0 231.0
31.0 42.0
118.0 3.0
161.0 2.0
72.0 129.0
36.0 163.0
189.0 89.0
138.0 216.0
127.0 248.0
111.0 201.0
106.0 139.0
98.0 100.0
133.0 230.0
25.0 114.0
196.0 35.0
191.0 166.0
154.0 35.0
54.0 225.0
157.0 136.0
178.0 122.0
202.0 12.0
134.0 63.0
15.0 186.0
178.0 146.0
5.0 61.0
119.0 213.0
103.0 137.0
97.0 211.0
104.0 9.0
34.0 28.0
195.0 238.0
112.0 93.0
169.0 78.0
186.0 92.0
145.0 32.0
72.0 199.0
136.0 70.0
25.0 61.0
188.0 137.0
210.0 66.0
57.0 141.0
106.0 238.0
249.0 173.0
25.0 181.0
38.0 40.0
51.0 33.0
153.0 217.0
222.0 229.0
125.0 191.0
120.0 160.0
106.0 169.0
76.0 151.0
32.0 243.0
23.0 217.0
67.0 135.0
91.0 144.0
69.0 203.0
92.0 248.0
146.0 228.0
103.0 206.0
163.0 42.0
202.0 196.0
146.0 129.0
163.0 132.0
75.0 140.0
45.0 84.0
122.0 72.0
114.0 55.0
213.0 196.0
151.0 81.0
91.0 87.0
212.0 186.0
138.0 228.0
20.0 60.0
4.0 162.0
175.0 98.0
170.0 41.0
244.0 33.0
129.0 174.0
35.0 208.0
186.0 36.0
243.0 71.0
183.0 230.0
161.0 61.0
14.0 230.0
241.0 111.0
132.0 28.0
96.0 50.0
25.0 125.0
103.0 2.0
242.0 131.0
58.0 199.0
65.0 34.0
171.0 173.0
39.0 13.0
248.0 123.0
89.0 4.0

242.0 125.0
21.0 100.0
245.0 243.0
187.0 172.0
201.0 71.0
254.0 95.0
203.0 230.0
190.0 92.0
77.0 28.0
77.0 148.0
125.0 108.0
36.0 79.0
199.0 55.0
16.0 211.0
154.0 178.0
112.0 74.0
142.0 121.0
37.0 145.0
154.0 191.0
78.0 183.0
119.0 118.0
249.0 60.0
181.0 56.0
118.0 9.0
220.0 149.0
132.0 57.0
181.0 95.0
46.0 212.0
170.0 168.0
155.0 14.0
192.0 230.0
85.0 167.0
176.0 117.0
160.0 249.0
249.0 240.0
27.0 58.0
35.0 209.0
160.0 233.0
86.0 192.0
59.0 96.0
81.0 166.0
129.0 204.0
13.0 181.0
190.0 190.0
144.0 125.0
218.0 39.0
87.0 29.0
142.0 197.0
115.0 9.0
211.0 64.0
236.0 249.0
59.0 160.0
246.0 21.0
163.0 107.0
147.0 237.0
185.0 116.0
63.0 171.0
16.0 230.0
112.0 247.0
119.0 141.0
37.0 117.0
147.0 226.0
160.0 59.0
35.0 214.0
90.0 60.0
169.0 22.0
119.0 217.0
223.0 57.0
116.0 219.0
123.0 116.0
233.0 168.0
103.0 76.0
105.0 81.0
206.0 152.0
209.0 13.0
58.0 243.0
248.0 255.0
136.0 49.0
42.0 141.0
241.0 100.0
178.0 78.0
31.0 7.0
57.0 198.0
189.0 198.0
179.0 102.0
198.0 56.0
211.0 250.0
184.0 146.0
21.0 70.0
182.0 9.0
111.0 228.0
152.0 126.0
30.0 6.0
209.0 174.0
43.0 81.0
57.0 236.0
25.0 71.0
163.0 9.0
220.0 228.0
106.0 60.0
239.0 29.0
192.0 9.0
40.0 192.0
179.0 78.0
116.0 209.0
94.0 30.0
60.0 60.0
71.0 36.0
78.0 96.0
95.0 126.0
240.0 102.0
207.0 157.0
177.0 161.0
155.0 40.0
135.0 221.0
192.0 77.0
222.0 75.0
153.0 236.0
126.0 77.0
64.0 116.0
23.0 150.0
114.0 59.0
83.0 26.0
113.0 6.0
134.0 179.0
64.0 203.0
80.0 243.0
195.0 228.0
194.0 252.0
160.0 61.0
40.0 143.0
102.0 48.0
24.0 196.0
224.0 110.0
172.0 4.0
141.0 156.0
65.0 25.0
37.0 206.0
90.0 148.0
55.0 17.0
93.0 252.0
32.0 141.0
237.0 31.0
152.0 50.0
253.0 190.0
11.0 124.0
236.0 177.0
12.0 49.0
119.0 154.0
247.0 22.0
36.0 31.0
144.0 174.0
100.0 124.0
131.0 14.0
232.0 120.0
5.0 159.0
92.0 57.0
169.0 24.0
211.0 141.0
191.0 129.0
230.0 182.0
61.0 54.0
188.0 135.0
231.0 102.0
156.0 168.0
118.0 40.0
72.0 64.0
92.0 118.0
130.0 49.0
233.0 127.0
252.0 221.0
255.0 52.0
129.0 18.0
243.0 204.0
177.0 66.0
253.0 32.0
82.0 202.0
42.0 105.0
121.0 117.0
55.0 86.0
66.0 78.0
125.0 88.0
241.0 26.0
129.0 96.0
141.0 131.0
119.0 202.0
81.0 232.0
121.0 248.0
155.0 133.0
220.0 208.0
93.0 27.0
220.0 66.0
173.0 167.0
164.0 130.0
133.0 183.0
108.0 150.0
152.0 23.0
70.0 93.0
209.0 36.0
141.0 19.0
216.0 95.0
83.0 74.0
188.0 99.0
64.0 160.0
168.0 150.0
129.0 161.0
44.0 131.0
250.0 172.0
138.0 89.0
212.0 235.0
39.0 18.0
207.0 131.0
207.0 88.0
104.0 163.0
192.0 54.0
92.0 34.0
130.0 218.0
56.0 166.0
190.0 87.0
29.0 217.0
80.0 224.0
145.0 190.0
95.0 52.0
144.0 109.0
232.0 249.0
154.0 202.0
220.0 82.0
198.0 216.0
94.0 228.0
81.0 240.0
71.0 59.0
143.0 175.0
204.0 12.0
195.0 159.0
207.0 217.0
42.0 25.0
61.0 89.0
210.0 97.0
151.0 173.0
193.0 103.0
180.0 100.0
244.0 148.0
235.0 43.0
70.0 105.0
123.0 187.0
170.0 26.0
236.0 202.0
234.0 26.0
156.0 107.0
244.0 153.0
195.0 150.0
77.0 46.0
138.0 216.0
112.0 20.0
47.0 20.0
23.0 19.0
29.0 192.0
112.0 197.0
161.0 175.0
53.0 175.0
132.0 143.0
193.0 129.0
180.0 232.0
205.0 146.0
205.0 197.0
127.0 76.0
64.0 132.0
149.0 239.0
52.0 231.0
111.0 87.0
160.0 162.0
202.0 22.0
6.0 85.0
132.0 132.0
200.0 36.0
216.0 144.0
100.0 142.0
237.0 249.0
118.0 145.0
135.0 227.0
163.0 182.0
61.0 110.0
24.0 130.0
157.0 248.0
107.0 76.0
23.0 102.0
244.0 135.0
94.0 245.0
106.0 250.0
10.0 69.0
31.0 122.0
76.0 239.0
244.0 251.0
249.0 79.0
73.0 116.0
194.0 253.0
55.0 91.0
144.0 97.0
185.0 20.0
253.0 52.0
22.0 173.0
72.0 187.0
56.0 97.0
206.0 195.0
207.0 248.0
142.0 112.0
163.0 29.0
186.0 107.0
121.0 230.0
140.0 213.0
236.0 148.0
250.0 179.0
200.0 245.0
221.0 201.0
163.0 235.0
183.0 126.0
27.0 92.0
9.0 213.0
189.0 254.0
42.0 180.0
165.0 144.0
213.0 31.0
31.0 132.0
8.0 229.0
227.0 182.0
140.0 83.0
67.0 241.0
214.0 72.0
74.0 174.0
220.0 78.0
182.0 186.0
135.0 120.0
226.0 207.0
191.0 198.0
175.0 6.0
200.0 203.0
165.0 156.0
51.0 162.0
102.0 230.0
246.0 80.0
111.0 236.0
139.0 93.0
140.0 62.0
156.0 47.0
163.0 21.0
12.0 38.0
161.0 168.0
103.0 11.0
190.0 119.0
197.0 234.0
99.0 134.0
234.0 151.0
76.0 86.0
225.0 73.0
225.0 228.0
197.0 53.0
202.0 196.0
53.0 63.0
253.0 97.0
133.0 171.0
54.0 216.0
19.0 207.0
93.0 41.0
226.0 17.0
60.0 70.0
175.0 149.0
183.0 192.0
241.0 189.0
51.0 224.0
151.0 240.0
235.0 33.0
121.0 115.0
189.0 210.0
167.0 119.0
23.0 77.0
62.0 126.0
53.0 141.0
56.0 193.0
116.0 126.0
151.0 19.0
153.0 96.0
193.0 166.0
155.0 186.0
228.0 186.0
124.0 14.0
192.0 200.0
49.0 238.0
74.0 222.0
106.0 188.0
230.0 119.0
245.0 139.0
62.0 131.0
16.0 34.0
179.0 249.0
139.0 126.0
123.0 220.0
56.0 204.0
95.0 67.0
83.0 232.0
201.0 118.0
75.0 219.0
5.0 214.0
24.0 15.0
21.0 240.0
182.0 212.0
73.0 63.0
234.0 230.0
53.0 91.0
223.0 165.0
49.0 193.0
184.0 49.0
92.0 55.0
230.0 28.0
94.0 115.0
245.0 222.0
25.0 245.0
11.0 92.0
152.0 186.0
55.0 49.0
174.0 94.0
201.0 195.0
203.0 16.0
183.0 37.0
113.0 31.0
210.0 236.0
26.0 58.0
228.0 103.0
71.0 115.0
122.0 249.0
131.0 212.0
216.0 234.0
17.0 13.0
237.0 22.0
192.0 79.0
177.0 186.0
110.0 201.0
103.0 61.0
143.0 6.0
17.0 137.0
82.0 244.0
132.0 62.0
20.0 21.0
73.0 127.0
225.0 54.0
244.0 250.0
223.0 58.0
226.0 202.0
57.0 231.0
99.0 216.0
39.0 75.0
164.0 108.0
116.0 121.0
74.0 136.0
53.0 204.0
233.0 173.0
157.0 211.0
112.0 219.0
98.0 62.0
189.0 248.0
230.0 254.0
55.0 39.0
71.0 80.0
11.0 76.0
186.0 222.0
84.0 108.0
59.0 237.0
140.0 238.0
35.0 220.0
164.0 87.0
73.0 73.0
18.0 10.0
242.0 12.0
90.0 222.0
78.0 120.0
59.0 43.0
125.0 238.0
29.0 160.0
150.0 78.0
163.0 242.0
204.0 241.0
173.0 15.0
174.0 177.0
166.0 164.0
126.0 99.0
126.0 68.0
166.0 52.0
83.0 148.0
59.0 251.0
177.0 177.0
135.0 22.0
39.0 211.0
163.0 90.0
36.0 106.0
70.0 155.0
235.0 173.0
24.0 149.0
193.0 65.0
215.0 222.0
106.0 47.0
159.0 240.0
24.0 136.0
237.0 195.0
32.0 143.0
240.0 204.0
9.0 202.0
156.0 134.0
209.0 228.0
160.0 113.0
174.0 238.0
171.0 120.0
84.0 109.0
26.0 59.0
175.0 97.0
21.0 72.0
219.0 31.0
18.0 180.0
85.0 179.0
222.0 105.0
199.0 19.0
187.0 247.0
90.0 92.0
84.0 34.0
223.0 15.0
96.0 243.0
132.0 190.0
136.0 162.0
237.0 207.0
154.0 19.0
189.0 82.0
41.0 222.0
12.0 169.0
58.0 174.0
43.0 58.0
187.0 94.0
7.0 179.0
165.0 7.0
155.0 228.0
24.0 167.0
155.0 104.0
220.0 217.0
33.0 38.0
76.0 248.0
229.0 219.0
23.0 163.0
217.0 40.0
188.0 115.0
99.0 76.0
202.0 105.0
250.0 47.0
192.0 86.0
66.0 67.0
161.0 38.0
8.0 242.0
94.0 18.0
114.0 50.0
154.0 234.0
38.0 216.0
145.0 57.0
210.0 143.0
19.0 126.0
234.0 202.0
184.0 64.0
39.0 96.0
39.0 155.0
18.0 219.0
137.0 49.0
34.0 91.0
232.0 233.0
142.0 189.0
27.0 25.0
84.0 91.0
234.0 123.0
211.0 180.0
134.0 133.0
49.0 143.0
142.0 214.0
76.0 169.0
171.0 167.0
201.0 222.0
183.0 217.0
238.0 137.0
107.0 142.0
201.0 30.0
105.0 228.0
72.0 196.0
20.0 234.0
24.0 75.0
125.0 253.0
92.0 68.0
77.0 43.0
181.0 216.0
120.0 69.0
32.0 77.0
54.0 221.0
106.0 254.0
122.0 46.0
202.0 244.0
233.0 138.0
105.0 198.0
30.0 74.0
196.0 139.0
90.0 225.0
232.0 103.0
162.0 196.0
77.0 117.0
102.0 58.0
211.0 102.0
7.0 73.0
197.0 24.0
110.0 121.0
38.0 209.0
64.0 200.0
239.0 46.0
40.0 91.0
136.0 112.0
135.0 161.0
147.0 60.0
168.0 18.0
189.0 221.0
206.0 141.0
5.0 75.0
28.0 52.0
15.0 194.0
30.0 24.0
75.0 211.0
83.0 55.0
133.0 248.0
49.0 176.0
40.0 18.0
43.0 239.0
121.0 151.0
25.0 105.0
138.0 61.0
214.0 241.0
152.0 53.0
244.0 72.0
12.0 120.0
224.0 176.0
90.0 215.0
191.0 40.0
183.0 129.0
39.0 131.0
242.0 75.0
39.0 92.0
22.0 14.0
113.0 180.0
188.0 230.0
132.0 190.0
76.0 241.0
54.0 40.0
26.0 241.0
246.0 156.0
130.0 13.0
203.0 10.0
160.0 121.0
126.0 227.0
146.0 209.0
218.0 76.0
27.0 115.0
32.0 93.0
175.0 189.0
57.0 30.0
120.0 199.0
62.0 18.0
147.0 94.0
237.0 247.0
197.0 95.0
8.0 182.0
149.0 30.0
228.0 241.0
25.0 10.0
197.0 99.0
55.0 243.0
132.0 122.0
62.0 170.0
150.0 23.0
165.0 159.0
243.0 83.0
196.0 17.0
213.0 175.0
181.0 182.0
141.0 45.0
141.0 7.0
8.0 207.0
203.0 110.0
163.0 70.0
158.0 59.0
102.0 230.0
71.0 40.0
170.0 187.0
192.0 82.0
252.0 74.0
191.0 164.0
185.0 236.0
46.0 170.0
109.0 146.0
247.0 47.0
69.0 130.0
23.0 127.0
10.0 238.0
134.0 21.0
75.0 131.0
65.0 163.0
222.0 180.0
8.0 98.0
202.0 35.0
117.0 151.0
31.0 218.0
75.0 239.0
151.0 143.0
16.0 72.0
10.0 227.0
11.0 122.0
103.0 120.0
58.0 13.0
158.0 121.0
92.0 36.0
86.0 140.0
133.0 113.0
224.0 151.0
211.0 16.0
171.0 187.0
22.0 52.0
112.0 113.0
128.0 116.0
16.0 136.0
244.0 239.0
10.0 190.0
77.0 148.0
203.0 229.0
97.0 51.0
86.0 234.0
124.0 82.0
220.0 76.0
228.0 251.0
154.0 153.0
137.0 158.0
207.0 84.0
147.0 238.0
160.0 10.0
232.0 147.0
103.0 135.0
38.0 201.0
145.0 202.0
93.0 90.0
63.0 173.0
241.0 118.0
17.0 130.0
49.0 167.0
7.0 96.0
49.0 146.0
56.0 174.0
224.0 65.0
218.0 14.0
159.0 112.0
232.0 178.0
213.0 220.0
55.0 58.0
205.0 168.0
238.0 234.0
115.0 43.0
209.0 90.0
191.0 254.0
112.0 204.0
33.0 30.0
92.0 180.0
234.0 251.0
61.0 83.0
216.0 121.0
247.0 253.0
251.0 196.0
119.0 67.0
181.0 164.0
165.0 249.0
172.0 186.0
251.0 224.0
184.0 157.0
105.0 200.0
86.0 57.0
71.0 121.0
210.0 72.0
74.0 65.0
205.0 61.0
242.0 49.0
51.0 214.0
75.0 252.0
239.0 35.0
203.0 209.0
128.0 172.0
238.0 129.0
72.0 57.0
138.0 241.0
203.0 42.0
242.0 217.0
128.0 123.0
240.0 211.0
30.0 4.0
114.0 150.0
25.0 42.0
210.0 215.0
176.0 155.0
63.0 39.0
160.0 116.0
71.0 156.0
44.0 205.0
195.0 114.0
105.0 8.0
204.0 155.0
16.0 189.0
8.0 23.0
163.0 186.0
210.0 151.0
99.0 24.0
42.0 158.0
239.0 34.0
227.0 93.0
180.0 92.0
21.0 131.0
135.0 26.0
90.0 118.0
249.0 171.0
168.0 28.0
135.0 95.0
190.0 48.0
27.0 126.0
29.0 71.0
43.0 46.0
160.0 109.0
48.0 219.0
196.0 60.0
246.0 162.0
47.0 244.0
117.0 168.0
38.0 210.0
209.0 129.0
35.0 147.0
13.0 72.0
104.0 19.0
44.0 122.0
136.0 124.0
46.0 89.0
17.0 51.0
227.0 225.0
226.0 176.0
120.0 237.0
30.0 224.0
125.0 14.0
27.0 184.0
133.0 188.0
105.0 22.0
217.0 219.0
173.0 37.0
144.0 179.0
122.0 228.0
88.0 61.0
235.0 124.0
137.0 187.0
130.0 64.0
126.0 142.0
88.0 25.0
29.0 206.0
222.0 95.0
11.0 41.0
216.0 51.0
51.0 38.0
197.0 55.0
113.0 186.0
122.0 250.0
98.0 198.0
104.0 192.0
229.0 199.0
179.0 251.0
217.0 57.0
72.0 22.0
214.0 20.0
78.0 69.0
61.0 133.0
17.0 96.0
174.0 230.0
219.0 19.0
229.0 96.0
142.0 191.0
99.0 184.0
202.0 72.0
81.0 175.0
54.0 15.0
19.0 73.0
8.0 65.0
173.0 42.0
185.0 71.0
121.0 43.0
28.0 132.0
173.0 77.0
77.0 53.0
144.0 15.0
42.0 212.0
160.0 134.0
206.0 128.0
198.0 43.0
36.0 28.0
141.0 160.0
200.0 28.0
168.0 117.0
217.0 165.0
193.0 86.0
68.0 253.0
240.0 34.0
125.0 109.0
96.0 71.0
89.0 98.0
35.0 190.0
196.0 111.0
73.0 8.0
211.0 44.0
138.0 176.0
150.0 47.0
25.0 137.0
88.0 209.0
170.0 87.0
106.0 95.0
135.0 170.0
162.0 168.0
78.0 114.0
12.0 132.0
187.0 17.0
120.0 94.0
180.0 70.0
44.0 236.0
36.0 47.0
122.0 9.0
165.0 6.0
78.0 134.0
41.0 167.0
193.0 95.0
143.0 220.0
132.0 252.0
115.0 206.0
111.0 145.0
103.0 106.0
138.0 236.0
31.0 119.0
200.0 39.0
196.0 170.0
159.0 40.0
59.0 230.0
161.0 141.0
183.0 127.0
207.0 18.0
139.0 67.0
20.0 192.0
182.0 150.0
10.0 66.0
123.0 217.0
108.0 143.0
103.0 216.0
108.0 15.0
38.0 33.0
199.0 243.0
116.0 98.0
174.0 83.0
190.0 96.0
149.0 36.0
77.0 204.0
142.0 74.0
29.0 66.0
193.0 142.0
215.0 70.0
62.0 147.0
110.0 242.0
255.0 179.0
31.0 187.0
42.0 45.0
55.0 38.0
157.0 222.0
226.0 235.0
129.0 195.0
126.0 166.0
111.0 174.0
81.0 156.0
37.0 248.0
27.0 221.0
73.0 139.0
97.0 150.0
75.0 208.0
96.0 252.0
152.0 233.0
109.0 211.0
167.0 46.0
208.0 202.0
151.0 134.0
169.0 138.0
79.0 146.0
49.0 88.0
128.0 78.0
120.0 60.0
219.0 202.0
156.0 87.0
95.0 92.0
218.0 191.0
142.0 232.0
25.0 65.0
9.0 168.0
181.0 103.0
175.0 46.0
249.0 38.0
134.0 180.0
39.0 212.0
190.0 40.0
248.0 76.0
188.0 235.0
166.0 67.0
19.0 234.0
246.0 116.0
136.0 34.0
101.0 55.0
30.0 130.0
108.0 7.0
248.0 137.0
64.0 204.0
70.0 38.0
176.0 178.0
44.0 18.0
253.0 128.0
93.0 10.0
