1
1024 1 3.0 0.0 1000.0 3 160 240 100

6.5 13.5 29.3 58.5
13.0 27.0 58.5 117.0
19.5 40.5 87.8 175.5
26.0 54.0 117.0 234.0
39.0 81.0 175.5 351.0
52.0 108.0 234.0 468.0
58.5 121.5 263.3 526.5
65.0 135.0 292.5 585.0
78.0 162.0 351.0 702.0
0.0 180.0 390.0 780.0

2.0 5.0 8.0 11.0
5.0 8.0 11.0 14.0
9.0 12.0 15.0 18.0
11.0 14.0 17.0 20.0
15.0 18.0 21.0 24.0
18.0 21.0 24.0 27.0
20.0 23.0 26.0 29.0
25.0 28.0 31.0 34.0
29.0 32.0 35.0 38.0
0.0 34.0 37.0 40.0

152.0 247.0
222.0 82.0
226.0 48.0
241.0 211.0
248.0 107.0
173.0 195.0
160.0 210.0
155.0 199.0
14.0 57.0
41.0 235.0
190.0 143.0
70.0 218.0
176.0 67.0
100.0 95.0
6.0 50.0
156.0 22.0
7.0 5.0
120.0 66.0
67.0 85.0
155.0 18.0
217.0 162.0
73.0 183.0
93.0 47.0
139.0 105.0
209.0 25.0
104.0 215.0
234.0 140.0
111.0 234.0
67.0 178.0
148.0 196.0
42.0 163.0
46.0 53.0
169.0 189.0
77.0 95.0
125.0 12.0
35.0 22.0
29.0 127.0
227.0 29.0
88.0 111.0
121.0 117.0
11.0 77.0
210.0 116.0
169.0 164.0
226.0 0.0
25.0 21.0
113.0 117.0
164.0 80.0
36.0 29.0
97.0 218.0
217.0 222.0
33.0 212.0
217.0 237.0
167.0 213.0
119.0 124.0
58.0 33.0
87.0 145.0
11.0 81.0
119.0 238.0
177.0 119.0
125.0 53.0
146.0 54.0
248.0 202.0
123.0 64.0
188.0 155.0
101.0 139.0
80.0 33.0
230.0 212.0
58.0 136.0
178.0 107.0
175.0 57.0
56.0 66.0
196.0 100.0
80.0 237.0
51.0 244.0
168.0 8.0
88.0 218.0
18.0 173.0
51.0 77.0
238.0 211.0
34.0 213.0
198.0 33.0
224.0 61.0
62.0 98.0
37.0 65.0
30.0 137.0
112.0 28.0
132.0 248.0
133.0 56.0
218.0 239.0
49.0 78.0
134.0 102.0
70.0 28.0
76.0 119.0
109.0 59.0
249.0 108.0
183.0 235.0
212.0 185.0
72.0 201.0
130.0 178.0
108.0 158.0
211.0 188.0
40.0 17.0
177.0 72.0
203.0 166.0
162.0 190.0
71.0 124.0
250.0 100.0
50.0 134.0
197.0 146.0
206.0 78.0
167.0 2.0
167.0 162.0
128.0 246.0
19.0 118.0
145.0 144.0
54.0 1.0
77.0 114.0
67.0 191.0
33.0 141.0
193.0 75.0
229.0 17.0
98.0 125.0
225.0 43.0
137.0 221.0
59.0 187.0
171.0 83.0
123.0 211.0
48.0 9.0
186.0 146.0
32.0 172.0
29.0 243.0
82.0 42.0
213.0 151.0
144.0 75.0
88.0 90.0
215.0 86.0
175.0 132.0
232.0 93.0
157.0 233.0
164.0 171.0
236.0 11.0
232.0 212.0
225.0 39.0
16.0 31.0
244.0 10.0
250.0 70.0
15.0 182.0
180.0 13.0
24.0 83.0
173.0 209.0
130.0 247.0
60.0 70.0
43.0 100.0
49.0 225.0
128.0 140.0
49.0 227.0
56.0 146.0
114.0 202.0
157.0 190.0
240.0 134.0
119.0 69.0
85.0 39.0
2.0 50.0
218.0 87.0
94.0 158.0
104.0 68.0
199.0 46.0
53.0 134.0
15.0 51.0
200.0 68.0
63.0 73.0
138.0 159.0
195.0 35.0
143.0 56.0
27.0 182.0
225.0 41.0
195.0 80.0
78.0 236.0
151.0 227.0
47.0 44.0
33.0 246.0
42.0 225.0
189.0 194.0
151.0 34.0
14.0 93.0
13.0 180.0
76.0 88.0
63.0 176.0
36.0 208.0
99.0 206.0
225.0 13.0
155.0 207.0
22.0 233.0
244.0 164.0
242.0 50.0
101.0 188.0
83.0 10.0
90.0 12.0
197.0 80.0
45.0 89.0
56.0 227.0
95.0 48.0
75.0 156.0
89.0 90.0
16.0 187.0
64.0 176.0
22.0 71.0
2.0 229.0
168.0 69.0
182.0 82.0
22.0 228.0
3.0 7.0
215.0 64.0
209.0 187.0
128.0 195.0
12.0 92.0
99.0 14.0
183.0 249.0
109.0 75.0
218.0 232.0
229.0 158.0
26.0 249.0
167.0 51.0
124.0 15.0
72.0 143.0
167.0 176.0
60.0 2.0
161.0 90.0
232.0 143.0
65.0 96.0
42.0 44.0
16.0 230.0
148.0 233.0
243.0 114.0
227.0 136.0
40.0 114.0
27.0 131.0
229.0 126.0
246.0 119.0
119.0 195.0
143.0 191.0
10.0 217.0
93.0 65.0
122.0 38.0
124.0 12.0
132.0 89.0
13.0 57.0
62.0 243.0
106.0 52.0
78.0 145.0
72.0 36.0
85.0 94.0
122.0 106.0
28.0 96.0
30.0 76.0
172.0 37.0
113.0 38.0
152.0 226.0
134.0 221.0
173.0 132.0
164.0 131.0
44.0 184.0
220.0 7.0
43.0 92.0
121.0 184.0
173.0 177.0
237.0 41.0
172.0 41.0
189.0 233.0
235.0 197.0
75.0 20.0
162.0 108.0
138.0 18.0
23.0 142.0
71.0 52.0
193.0 244.0
13.0 72.0
193.0 228.0
60.0 172.0
98.0 118.0
196.0 60.0
49.0 41.0
116.0 151.0
17.0 246.0
213.0 232.0
225.0 127.0
77.0 11.0
9.0 192.0
151.0 134.0
139.0 231.0
14.0 82.0
5.0 2.0
72.0 181.0
88.0 65.0
241.0 250.0
206.0 212.0
32.0 236.0
118.0 230.0
3.0 16.0
75.0 90.0
96.0 54.0
38.0 166.0
220.0 239.0
30.0 201.0
212.0 225.0
203.0 4.0
156.0 188.0
227.0 204.0
82.0 241.0
197.0 199.0
137.0 22.0
44.0 224.0
135.0 61.0
26.0 63.0
197.0 96.0
150.0 205.0
6.0 44.0
224.0 82.0
31.0 182.0
36.0 91.0
111.0 127.0
210.0 128.0
116.0 17.0
123.0 233.0
224.0 138.0
56.0 204.0
139.0 19.0
84.0 130.0
166.0 90.0
16.0 98.0
103.0 78.0
243.0 139.0
228.0 106.0
204.0 50.0
229.0 24.0
186.0 23.0
216.0 91.0
46.0 92.0
44.0 150.0
206.0 220.0
225.0 24.0
119.0 147.0
8.0 180.0
199.0 196.0
41.0 245.0
18.0 45.0
79.0 41.0
154.0 22.0
17.0 119.0
115.0 65.0
79.0 66.0
91.0 33.0
79.0 194.0
90.0 121.0
223.0 15.0
86.0 207.0
206.0 232.0
107.0 241.0
223.0 24.0
9.0 140.0
34.0 235.0
9.0 185.0
46.0 115.0
82.0 227.0
199.0 98.0
162.0 103.0
239.0 144.0
158.0 188.0
38.0 3.0
66.0 90.0
171.0 52.0
79.0 65.0
35.0 188.0
111.0 18.0
88.0 57.0
238.0 49.0
132.0 216.0
112.0 27.0
81.0 152.0
229.0 35.0
21.0 111.0
224.0 41.0
117.0 40.0
201.0 9.0
61.0 240.0
144.0 186.0
240.0 125.0
49.0 152.0
178.0 79.0
196.0 239.0
78.0 190.0
62.0 39.0
128.0 206.0
195.0 229.0
24.0 134.0
151.0 51.0
5.0 189.0
200.0 66.0
221.0 148.0
35.0 127.0
108.0 198.0
42.0 76.0
220.0 189.0
18.0 233.0
50.0 11.0
247.0 59.0
194.0 151.0
213.0 174.0
232.0 250.0
226.0 6.0
78.0 91.0
108.0 115.0
49.0 245.0
114.0 90.0
7.0 135.0
82.0 202.0
225.0 152.0
129.0 66.0
188.0 202.0
11.0 142.0
120.0 181.0
77.0 189.0
62.0 154.0
78.0 126.0
165.0 80.0
124.0 48.0
158.0 13.0
169.0 218.0
28.0 235.0
216.0 167.0
236.0 110.0
221.0 85.0
147.0 23.0
24.0 20.0
113.0 39.0
163.0 193.0
6.0 33.0
24.0 64.0
39.0 54.0
53.0 91.0
16.0 35.0
107.0 183.0
249.0 15.0
58.0 166.0
144.0 72.0
83.0 153.0
71.0 33.0
140.0 234.0
154.0 45.0
196.0 22.0
206.0 159.0
66.0 99.0
84.0 178.0
53.0 5.0
58.0 19.0
141.0 204.0
91.0 223.0
51.0 40.0
0.0 0.0
13.0 244.0
33.0 41.0
220.0 123.0
182.0 132.0
185.0 125.0
166.0 175.0
74.0 39.0
20.0 15.0
125.0 133.0
84.0 53.0
110.0 131.0
237.0 191.0
60.0 200.0
14.0 182.0
82.0 217.0
82.0 76.0
128.0 129.0
108.0 214.0
163.0 33.0
94.0 67.0
218.0 168.0
99.0 13.0
136.0 85.0
53.0 219.0
154.0 42.0
194.0 92.0
222.0 27.0
225.0 101.0
88.0 80.0
79.0 47.0
186.0 188.0
34.0 214.0
215.0 55.0
169.0 111.0
81.0 136.0
42.0 91.0
209.0 123.0
216.0 209.0
23.0 139.0
101.0 208.0
234.0 214.0
162.0 133.0
99.0 154.0
54.0 82.0
167.0 25.0
105.0 214.0
55.0 224.0
119.0 171.0
148.0 228.0
249.0 118.0
125.0 146.0
72.0 221.0
97.0 9.0
225.0 132.0
132.0 55.0
106.0 159.0
60.0 87.0
146.0 85.0
235.0 19.0
244.0 182.0
5.0 62.0
32.0 4.0
193.0 52.0
173.0 144.0
217.0 236.0
220.0 147.0
31.0 150.0
139.0 142.0
137.0 22.0
136.0 33.0
221.0 225.0
11.0 148.0
42.0 68.0
65.0 94.0
8.0 81.0
151.0 81.0
178.0 223.0
25.0 75.0
13.0 24.0
208.0 193.0
231.0 221.0
138.0 54.0
223.0 22.0
214.0 132.0
0.0 200.0
110.0 207.0
9.0 249.0
110.0 68.0
162.0 195.0
205.0 203.0
36.0 171.0
73.0 4.0
231.0 214.0
78.0 89.0
191.0 27.0
12.0 149.0
117.0 32.0
103.0 49.0
161.0 91.0
130.0 216.0
129.0 82.0
60.0 160.0
31.0 93.0
149.0 42.0
69.0 51.0
64.0 19.0
25.0 156.0
94.0 135.0
28.0 76.0
111.0 124.0
18.0 147.0
4.0 31.0
24.0 151.0
103.0 115.0
196.0 52.0
191.0 88.0
86.0 127.0
2.0 21.0
234.0 6.0
179.0 89.0
185.0 177.0
210.0 128.0
120.0 99.0
194.0 29.0
106.0 101.0
74.0 90.0
1.0 86.0
79.0 209.0
171.0 97.0
120.0 167.0
171.0 128.0
13.0 20.0
158.0 126.0
158.0 208.0
85.0 183.0
156.0 35.0
54.0 239.0
128.0 3.0
12.0 176.0
94.0 28.0
25.0 244.0
51.0 139.0
215.0 75.0
216.0 68.0
204.0 96.0
230.0 219.0
21.0 239.0
136.0 29.0
204.0 116.0
59.0 89.0
166.0 180.0
44.0 177.0
198.0 189.0
72.0 177.0
31.0 91.0
113.0 178.0
220.0 41.0
105.0 84.0
152.0 36.0
78.0 173.0
43.0 243.0
206.0 48.0
125.0 163.0
119.0 39.0
10.0 45.0
143.0 150.0
31.0 79.0
166.0 201.0
210.0 181.0
169.0 150.0
5.0 238.0
15.0 135.0
104.0 18.0
138.0 62.0
76.0 248.0
112.0 183.0
233.0 168.0
116.0 106.0
159.0 201.0
144.0 47.0
139.0 183.0
109.0 155.0
55.0 147.0
55.0 91.0
115.0 234.0
20.0 56.0
107.0 114.0
112.0 88.0
167.0 108.0
234.0 195.0
124.0 13.0
150.0 13.0
52.0 195.0
180.0 188.0
196.0 89.0
119.0 34.0
35.0 43.0
17.0 64.0
35.0 8.0
58.0 48.0
216.0 146.0
49.0 77.0
212.0 236.0
118.0 167.0
78.0 65.0
17.0 7.0
155.0 65.0
12.0 1.0
104.0 12.0
117.0 90.0
57.0 166.0
24.0 133.0
119.0 36.0
142.0 193.0
44.0 50.0
183.0 150.0
197.0 162.0
108.0 105.0
239.0 56.0
246.0 110.0
38.0 126.0
0.0 86.0
104.0 237.0
111.0 69.0
178.0 84.0
247.0 31.0
166.0 34.0
20.0 41.0
147.0 143.0
72.0 131.0
29.0 93.0
204.0 18.0
223.0 129.0
76.0 159.0
14.0 119.0
65.0 177.0
133.0 180.0
187.0 1.0
82.0 127.0
46.0 141.0
93.0 61.0
96.0 59.0
148.0 225.0
45.0 183.0
58.0 73.0
64.0 155.0
167.0 51.0
13.0 230.0
46.0 170.0
211.0 49.0
113.0 233.0
97.0 60.0
180.0 174.0
172.0 213.0
230.0 7.0
211.0 52.0
56.0 201.0
244.0 221.0
181.0 115.0
167.0 126.0
75.0 181.0
142.0 139.0
212.0 99.0
219.0 235.0
101.0 92.0
3.0 36.0
217.0 131.0
169.0 55.0
84.0 36.0
247.0 240.0
69.0 243.0
146.0 218.0
8.0 28.0
177.0 223.0
100.0 84.0
188.0 243.0
59.0 132.0
198.0 224.0
101.0 82.0
2.0 16.0
112.0 53.0
24.0 1.0
213.0 135.0
18.0 218.0
187.0 83.0
246.0 74.0
99.0 204.0
132.0 44.0
230.0 249.0
141.0 99.0
245.0 185.0
242.0 128.0
109.0 61.0
99.0 229.0
50.0 184.0
212.0 6.0
191.0 223.0
31.0 105.0
48.0 69.0
140.0 32.0
120.0 186.0
152.0 88.0
155.0 179.0
52.0 93.0
190.0 164.0
242.0 118.0
66.0 58.0
148.0 10.0
165.0 242.0
31.0 65.0
162.0 91.0
223.0 250.0
190.0 202.0
66.0 208.0
74.0 177.0
140.0 75.0
156.0 188.0
195.0 210.0
8.0 41.0
235.0 247.0
149.0 86.0
46.0 204.0
223.0 88.0
13.0 165.0
105.0 249.0
107.0 148.0
25.0 153.0
34.0 70.0
53.0 179.0
57.0 28.0
157.0 31.0
89.0 178.0
59.0 61.0
208.0 76.0
212.0 158.0
60.0 122.0
11.0 2.0
183.0 100.0
186.0 77.0
81.0 84.0
105.0 123.0
214.0 68.0
62.0 49.0
119.0 231.0
168.0 103.0
173.0 56.0
25.0 199.0
118.0 91.0
187.0 76.0
222.0 203.0
210.0 61.0
61.0 232.0
173.0 235.0
198.0 27.0
91.0 152.0
86.0 131.0
232.0 31.0
119.0 247.0
137.0 202.0
31.0 101.0
217.0 91.0
174.0 224.0
119.0 161.0
27.0 150.0
93.0 217.0
73.0 149.0
186.0 106.0
22.0 155.0
128.0 111.0
150.0 102.0
85.0 182.0
104.0 215.0
50.0 186.0
66.0 106.0
152.0 192.0
1.0 68.0
30.0 94.0
8.0 65.0
196.0 217.0
130.0 187.0
128.0 90.0
4.0 179.0
164.0 139.0
84.0 193.0
67.0 123.0
220.0 2.0
186.0 193.0
154.0 197.0
221.0 7.0
130.0 231.0
152.0 171.0
41.0 203.0
184.0 61.0
172.0 126.0
180.0 157.0
114.0 196.0
40.0 92.0
10.0 175.0
108.0 158.0
95.0 40.0
229.0 94.0
53.0 128.0
124.0 28.0
49.0 58.0
108.0 33.0
69.0 32.0
174.0 27.0
47.0 176.0
106.0 104.0
53.0 139.0
15.0 170.0
131.0 248.0
79.0 73.0
199.0 55.0
30.0 231.0
209.0 192.0
3.0 90.0
120.0 16.0
204.0 16.0
248.0 60.0
121.0 91.0
174.0 162.0
103.0 45.0
147.0 166.0
174.0 162.0
37.0 177.0
12.0 14.0
160.0 153.0
96.0 0.0
134.0 184.0
85.0 156.0
242.0 117.0
33.0 88.0
60.0 6.0
149.0 132.0
208.0 164.0
75.0 205.0
122.0 177.0
16.0 78.0
56.0 28.0
69.0 163.0
110.0 72.0
206.0 175.0
99.0 125.0
144.0 122.0
192.0 40.0
176.0 126.0
20.0 163.0
64.0 134.0
40.0 153.0
204.0 164.0
235.0 193.0
39.0 14.0
75.0 204.0
41.0 203.0
175.0 209.0
127.0 190.0
204.0 80.0
205.0 31.0
124.0 196.0
82.0 134.0
161.0 126.0
54.0 146.0
233.0 225.0
45.0 14.0
99.0 140.0
240.0 123.0
86.0 241.0
188.0 185.0
37.0 102.0
204.0 140.0
194.0 157.0
189.0 146.0
55.0 41.0
43.0 20.0
36.0 131.0
175.0 89.0
95.0 136.0
171.0 192.0
34.0 160.0
236.0 162.0
5.0 194.0
104.0 164.0
70.0 96.0
151.0 74.0
199.0 128.0
32.0 165.0
193.0 238.0
204.0 164.0
51.0 50.0
28.0 53.0
116.0 91.0
196.0 65.0
162.0 118.0
30.0 130.0
142.0 196.0
50.0 79.0
106.0 3.0
217.0 244.0
150.0 146.0
120.0 146.0
44.0 99.0
156.0 25.0
245.0 151.0
79.0 26.0
85.0 111.0
98.0 173.0
222.0 45.0
27.0 77.0
249.0 137.0
40.0 129.0
196.0 105.0
165.0 242.0
176.0 122.0
182.0 36.0
44.0 48.0
194.0 133.0
199.0 58.0
160.0 99.0
14.0 89.0
34.0 73.0
155.0 63.0
170.0 227.0
144.0 190.0
11.0 242.0
61.0 193.0
111.0 70.0
102.0 108.0
116.0 24.0
26.0 145.0
131.0 97.0
78.0 138.0
235.0 202.0
37.0 189.0
185.0 65.0
112.0 157.0
199.0 122.0
218.0 232.0
241.0 23.0
207.0 109.0
54.0 193.0
222.0 130.0
13.0 218.0
136.0 45.0
154.0 101.0
97.0 115.0
79.0 32.0
37.0 100.0
218.0 118.0
23.0 225.0
26.0 63.0
194.0 32.0
218.0 129.0
39.0 105.0
242.0 249.0
118.0 188.0
227.0 243.0
132.0 53.0
221.0 131.0
48.0 34.0
93.0 122.0
66.0 188.0
22.0 152.0
13.0 127.0
84.0 158.0

157.0 251.0
226.0 87.0
231.0 54.0
247.0 215.0
254.0 113.0
178.0 200.0
166.0 215.0
159.0 204.0
19.0 62.0
47.0 240.0
195.0 147.0
74.0 223.0
181.0 73.0
105.0 100.0
10.0 55.0
161.0 27.0
12.0 9.0
125.0 70.0
72.0 90.0
160.0 23.0
221.0 166.0
78.0 188.0
97.0 53.0
144.0 109.0
215.0 29.0
109.0 220.0
239.0 145.0
117.0 238.0
72.0 183.0
154.0 201.0
47.0 168.0
51.0 58.0
175.0 195.0
82.0 100.0
130.0 18.0
40.0 26.0
34.0 133.0
232.0 34.0
94.0 116.0
125.0 122.0
16.0 83.0
215.0 122.0
173.0 169.0
232.0 5.0
31.0 26.0
118.0 123.0
169.0 85.0
42.0 35.0
102.0 223.0
222.0 228.0
39.0 217.0
223.0 242.0
172.0 218.0
124.0 129.0
63.0 38.0
92.0 150.0
16.0 86.0
125.0 243.0
182.0 125.0
131.0 58.0
151.0 59.0
252.0 207.0
127.0 68.0
193.0 159.0
105.0 145.0
85.0 38.0
235.0 217.0
62.0 142.0
183.0 112.0
180.0 62.0
60.0 71.0
202.0 105.0
85.0 242.0
57.0 249.0
173.0 12.0
92.0 223.0
23.0 178.0
56.0 81.0
243.0 216.0
40.0 218.0
202.0 38.0
229.0 67.0
67.0 104.0
42.0 69.0
36.0 141.0
118.0 34.0
137.0 253.0
139.0 61.0
222.0 245.0
53.0 83.0
138.0 106.0
75.0 33.0
80.0 124.0
114.0 64.0
255.0 113.0
188.0 241.0
217.0 190.0
78.0 205.0
135.0 183.0
113.0 163.0
217.0 193.0
45.0 21.0
183.0 77.0
208.0 171.0
166.0 196.0
77.0 129.0
255.0 105.0
55.0 139.0
202.0 152.0
211.0 83.0
173.0 7.0
171.0 168.0
133.0 251.0
24.0 122.0
151.0 149.0
58.0 7.0
81.0 119.0
73.0 196.0
38.0 145.0
197.0 79.0
234.0 22.0
104.0 130.0
229.0 48.0
142.0 227.0
63.0 192.0
175.0 89.0
128.0 215.0
52.0 15.0
191.0 152.0
37.0 176.0
34.0 248.0
88.0 48.0
218.0 155.0
148.0 81.0
92.0 96.0
219.0 92.0
181.0 138.0
237.0 99.0
162.0 238.0
169.0 175.0
242.0 16.0
237.0 216.0
229.0 44.0
20.0 36.0
249.0 15.0
256.0 75.0
19.0 187.0
185.0 17.0
30.0 89.0
178.0 214.0
134.0 253.0
66.0 76.0
48.0 104.0
55.0 230.0
133.0 146.0
54.0 232.0
62.0 151.0
119.0 208.0
161.0 195.0
244.0 140.0
124.0 74.0
89.0 44.0
7.0 55.0
224.0 93.0
99.0 162.0
109.0 73.0
205.0 52.0
58.0 140.0
21.0 57.0
205.0 73.0
68.0 79.0
144.0 164.0
201.0 40.0
148.0 60.0
32.0 188.0
230.0 46.0
200.0 86.0
83.0 242.0
156.0 233.0
51.0 48.0
39.0 250.0
47.0 230.0
194.0 199.0
156.0 40.0
19.0 98.0
17.0 184.0
80.0 94.0
67.0 180.0
42.0 214.0
104.0 211.0
231.0 18.0
161.0 212.0
28.0 237.0
249.0 170.0
247.0 55.0
106.0 193.0
88.0 15.0
96.0 17.0
202.0 86.0
51.0 95.0
62.0 231.0
101.0 53.0
81.0 160.0
93.0 95.0
21.0 193.0
69.0 181.0
26.0 75.0
6.0 234.0
173.0 75.0
187.0 86.0
27.0 233.0
8.0 12.0
221.0 70.0
215.0 192.0
133.0 199.0
16.0 97.0
105.0 19.0
189.0 255.0
114.0 79.0
223.0 236.0
234.0 164.0
32.0 253.0
171.0 55.0
129.0 20.0
77.0 149.0
172.0 182.0
65.0 8.0
166.0 94.0
237.0 149.0
70.0 100.0
48.0 49.0
22.0 234.0
154.0 238.0
249.0 120.0
233.0 140.0
46.0 118.0
33.0 137.0
233.0 131.0
251.0 123.0
124.0 200.0
147.0 196.0
14.0 222.0
98.0 71.0
126.0 43.0
130.0 17.0
137.0 93.0
19.0 62.0
67.0 247.0
110.0 57.0
82.0 149.0
78.0 42.0
90.0 99.0
127.0 112.0
33.0 101.0
36.0 81.0
178.0 42.0
118.0 43.0
157.0 231.0
140.0 227.0
179.0 136.0
170.0 137.0
48.0 189.0
225.0 11.0
47.0 97.0
127.0 189.0
178.0 182.0
242.0 46.0
178.0 46.0
194.0 238.0
239.0 203.0
79.0 25.0
166.0 114.0
144.0 23.0
27.0 146.0
76.0 56.0
197.0 249.0
17.0 77.0
197.0 233.0
65.0 176.0
102.0 123.0
201.0 65.0
54.0 46.0
120.0 157.0
22.0 251.0
218.0 237.0
231.0 133.0
82.0 16.0
13.0 198.0
155.0 139.0
144.0 236.0
19.0 87.0
9.0 7.0
77.0 187.0
94.0 71.0
245.0 255.0
210.0 217.0
38.0 241.0
124.0 236.0
8.0 21.0
81.0 96.0
102.0 58.0
44.0 171.0
225.0 244.0
35.0 206.0
216.0 230.0
208.0 8.0
160.0 193.0
232.0 208.0
88.0 246.0
203.0 204.0
142.0 27.0
49.0 228.0
141.0 65.0
32.0 68.0
202.0 101.0
155.0 210.0
11.0 50.0
229.0 88.0
36.0 188.0
40.0 97.0
116.0 132.0
214.0 134.0
121.0 21.0
129.0 239.0
229.0 144.0
61.0 208.0
144.0 24.0
90.0 135.0
171.0 94.0
21.0 104.0
108.0 83.0
248.0 144.0
232.0 112.0
208.0 55.0
233.0 29.0
191.0 29.0
220.0 96.0
52.0 97.0
49.0 156.0
210.0 226.0
229.0 29.0
125.0 152.0
13.0 185.0
204.0 201.0
45.0 249.0
23.0 50.0
84.0 46.0
159.0 27.0
23.0 123.0
120.0 70.0
84.0 71.0
95.0 38.0
85.0 199.0
95.0 126.0
229.0 19.0
91.0 212.0
210.0 238.0
113.0 245.0
229.0 30.0
15.0 145.0
39.0 241.0
15.0 190.0
51.0 119.0
87.0 231.0
205.0 104.0
167.0 109.0
244.0 149.0
164.0 193.0
44.0 7.0
71.0 95.0
176.0 56.0
85.0 70.0
41.0 192.0
117.0 23.0
92.0 62.0
243.0 54.0
138.0 221.0
116.0 32.0
87.0 157.0
233.0 40.0
25.0 116.0
229.0 45.0
122.0 44.0
206.0 14.0
67.0 246.0
150.0 191.0
245.0 131.0
55.0 157.0
183.0 83.0
202.0 243.0
84.0 196.0
67.0 43.0
133.0 211.0
201.0 233.0
29.0 138.0
156.0 56.0
11.0 195.0
205.0 70.0
225.0 152.0
39.0 133.0
113.0 203.0
47.0 81.0
225.0 195.0
23.0 238.0
56.0 17.0
251.0 63.0
199.0 156.0
219.0 180.0
238.0 254.0
231.0 10.0
83.0 95.0
114.0 120.0
55.0 250.0
119.0 94.0
12.0 141.0
86.0 208.0
230.0 157.0
133.0 71.0
192.0 207.0
15.0 146.0
126.0 187.0
82.0 195.0
67.0 158.0
83.0 130.0
171.0 84.0
128.0 53.0
163.0 17.0
174.0 222.0
32.0 239.0
221.0 172.0
241.0 115.0
226.0 91.0
153.0 28.0
28.0 25.0
118.0 43.0
167.0 198.0
11.0 38.0
29.0 69.0
44.0 58.0
58.0 96.0
21.0 40.0
111.0 188.0
253.0 20.0
63.0 170.0
149.0 77.0
87.0 158.0
76.0 38.0
146.0 239.0
158.0 50.0
201.0 27.0
212.0 164.0
71.0 103.0
88.0 183.0
58.0 11.0
64.0 23.0
147.0 210.0
95.0 228.0
55.0 46.0
6.0 4.0
18.0 249.0
38.0 45.0
226.0 128.0
187.0 138.0
191.0 129.0
170.0 181.0
79.0 44.0
25.0 20.0
130.0 138.0
89.0 58.0
115.0 136.0
243.0 195.0
66.0 204.0
20.0 186.0
87.0 222.0
86.0 81.0
133.0 133.0
113.0 219.0
167.0 38.0
99.0 73.0
222.0 172.0
105.0 17.0
141.0 89.0
59.0 225.0
160.0 47.0
199.0 98.0
226.0 32.0
229.0 106.0
93.0 86.0
84.0 51.0
191.0 193.0
39.0 219.0
220.0 61.0
174.0 116.0
85.0 142.0
48.0 96.0
214.0 128.0
221.0 214.0
28.0 145.0
107.0 213.0
240.0 219.0
167.0 138.0
104.0 158.0
59.0 86.0
171.0 30.0
110.0 220.0
61.0 230.0
124.0 175.0
153.0 233.0
253.0 124.0
130.0 150.0
77.0 226.0
102.0 15.0
230.0 136.0
136.0 60.0
111.0 164.0
65.0 93.0
151.0 91.0
239.0 24.0
249.0 187.0
11.0 68.0
37.0 9.0
198.0 58.0
177.0 150.0
222.0 241.0
225.0 153.0
36.0 155.0
143.0 148.0
143.0 27.0
142.0 37.0
227.0 230.0
16.0 154.0
46.0 73.0
70.0 99.0
12.0 86.0
156.0 86.0
184.0 227.0
29.0 81.0
18.0 28.0
212.0 199.0
235.0 227.0
143.0 60.0
227.0 27.0
218.0 136.0
5.0 205.0
115.0 211.0
13.0 254.0
116.0 73.0
167.0 200.0
211.0 207.0
41.0 177.0
79.0 8.0
236.0 220.0
83.0 94.0
196.0 32.0
16.0 154.0
122.0 38.0
108.0 54.0
165.0 97.0
136.0 220.0
134.0 86.0
65.0 165.0
35.0 98.0
155.0 47.0
74.0 55.0
70.0 24.0
30.0 162.0
100.0 140.0
34.0 80.0
117.0 129.0
22.0 152.0
9.0 36.0
28.0 156.0
107.0 120.0
201.0 57.0
197.0 93.0
91.0 131.0
8.0 25.0
240.0 10.0
184.0 93.0
189.0 182.0
215.0 132.0
125.0 104.0
199.0 34.0
110.0 106.0
78.0 95.0
7.0 91.0
84.0 215.0
177.0 101.0
125.0 171.0
177.0 132.0
18.0 25.0
162.0 131.0
164.0 213.0
90.0 187.0
162.0 41.0
60.0 244.0
133.0 9.0
17.0 180.0
99.0 32.0
30.0 250.0
57.0 145.0
220.0 81.0
221.0 73.0
210.0 100.0
235.0 223.0
25.0 243.0
141.0 34.0
209.0 121.0
64.0 95.0
172.0 185.0
49.0 181.0
202.0 194.0
76.0 181.0
37.0 97.0
118.0 183.0
225.0 45.0
110.0 89.0
156.0 41.0
83.0 177.0
48.0 248.0
210.0 52.0
130.0 168.0
124.0 43.0
15.0 50.0
148.0 154.0
36.0 84.0
171.0 206.0
215.0 185.0
174.0 155.0
10.0 243.0
21.0 139.0
108.0 22.0
142.0 67.0
80.0 254.0
116.0 188.0
239.0 173.0
121.0 111.0
165.0 207.0
149.0 51.0
144.0 189.0
113.0 159.0
60.0 151.0
60.0 97.0
119.0 239.0
24.0 61.0
113.0 120.0
116.0 93.0
173.0 113.0
239.0 200.0
129.0 18.0
155.0 18.0
57.0 201.0
186.0 192.0
200.0 94.0
124.0 39.0
40.0 47.0
21.0 68.0
41.0 13.0
64.0 53.0
221.0 152.0
53.0 81.0
218.0 241.0
124.0 171.0
83.0 70.0
21.0 12.0
160.0 70.0
16.0 7.0
109.0 18.0
122.0 95.0
62.0 171.0
29.0 138.0
124.0 42.0
147.0 198.0
48.0 54.0
187.0 155.0
202.0 167.0
113.0 111.0
244.0 62.0
251.0 115.0
42.0 130.0
5.0 92.0
110.0 241.0
115.0 74.0
182.0 89.0
252.0 36.0
171.0 39.0
25.0 46.0
152.0 149.0
76.0 136.0
33.0 98.0
210.0 24.0
228.0 134.0
81.0 163.0
19.0 123.0
69.0 183.0
138.0 185.0
192.0 6.0
88.0 131.0
50.0 145.0
97.0 66.0
100.0 64.0
154.0 229.0
50.0 188.0
63.0 79.0
68.0 160.0
172.0 55.0
18.0 236.0
50.0 175.0
215.0 54.0
117.0 238.0
102.0 65.0
185.0 178.0
177.0 219.0
234.0 12.0
215.0 57.0
60.0 206.0
249.0 226.0
185.0 121.0
173.0 131.0
80.0 187.0
146.0 145.0
218.0 105.0
224.0 240.0
106.0 97.0
8.0 41.0
223.0 135.0
173.0 60.0
88.0 42.0
252.0 245.0
74.0 249.0
151.0 224.0
13.0 33.0
181.0 228.0
105.0 89.0
193.0 248.0
64.0 137.0
202.0 230.0
106.0 87.0
7.0 21.0
117.0 58.0
28.0 7.0
218.0 139.0
23.0 223.0
193.0 89.0
252.0 80.0
103.0 208.0
138.0 50.0
234.0 254.0
146.0 104.0
251.0 190.0
246.0 133.0
115.0 66.0
103.0 234.0
55.0 189.0
218.0 10.0
196.0 228.0
36.0 111.0
54.0 74.0
145.0 36.0
125.0 191.0
156.0 94.0
159.0 185.0
57.0 97.0
194.0 169.0
247.0 123.0
70.0 63.0
154.0 16.0
171.0 246.0
37.0 69.0
167.0 97.0
228.0 255.0
194.0 207.0
72.0 212.0
79.0 182.0
145.0 81.0
162.0 193.0
200.0 216.0
12.0 46.0
240.0 252.0
155.0 92.0
52.0 208.0
228.0 93.0
18.0 170.0
109.0 253.0
113.0 153.0
31.0 158.0
39.0 76.0
58.0 184.0
63.0 33.0
161.0 37.0
94.0 183.0
64.0 66.0
212.0 81.0
218.0 163.0
65.0 126.0
16.0 8.0
187.0 105.0
192.0 81.0
86.0 88.0
110.0 128.0
220.0 74.0
66.0 54.0
124.0 236.0
173.0 108.0
179.0 62.0
29.0 205.0
122.0 96.0
191.0 82.0
227.0 208.0
215.0 66.0
67.0 237.0
178.0 241.0
203.0 33.0
97.0 158.0
91.0 136.0
238.0 35.0
125.0 253.0
142.0 208.0
35.0 106.0
223.0 96.0
180.0 230.0
125.0 167.0
32.0 156.0
99.0 223.0
79.0 154.0
192.0 110.0
27.0 159.0
133.0 117.0
155.0 107.0
90.0 187.0
109.0 220.0
54.0 190.0
70.0 112.0
158.0 196.0
7.0 73.0
35.0 99.0
12.0 70.0
202.0 223.0
135.0 193.0
133.0 95.0
8.0 184.0
169.0 145.0
90.0 198.0
73.0 128.0
225.0 7.0
191.0 199.0
160.0 202.0
225.0 11.0
135.0 237.0
157.0 177.0
47.0 209.0
188.0 66.0
178.0 130.0
185.0 162.0
119.0 202.0
45.0 97.0
15.0 181.0
114.0 163.0
101.0 44.0
234.0 99.0
57.0 132.0
129.0 32.0
55.0 64.0
114.0 39.0
73.0 37.0
180.0 32.0
52.0 181.0
111.0 109.0
58.0 143.0
19.0 174.0
137.0 253.0
84.0 77.0
204.0 60.0
36.0 236.0
215.0 197.0
8.0 94.0
124.0 22.0
209.0 20.0
252.0 65.0
125.0 96.0
179.0 166.0
108.0 51.0
153.0 172.0
180.0 167.0
42.0 183.0
18.0 19.0
164.0 158.0
101.0 6.0
140.0 190.0
90.0 162.0
248.0 122.0
38.0 93.0
65.0 11.0
154.0 138.0
212.0 170.0
81.0 210.0
126.0 182.0
21.0 83.0
61.0 34.0
73.0 168.0
116.0 77.0
211.0 181.0
103.0 130.0
149.0 126.0
198.0 44.0
181.0 130.0
26.0 168.0
68.0 139.0
44.0 158.0
208.0 169.0
239.0 198.0
43.0 19.0
80.0 209.0
46.0 209.0
179.0 214.0
131.0 194.0
209.0 86.0
209.0 37.0
128.0 201.0
87.0 138.0
165.0 131.0
59.0 152.0
237.0 230.0
50.0 19.0
105.0 146.0
245.0 127.0
90.0 245.0
192.0 190.0
42.0 107.0
208.0 146.0
199.0 161.0
193.0 151.0
59.0 46.0
48.0 25.0
40.0 137.0
179.0 94.0
100.0 141.0
175.0 197.0
40.0 166.0
242.0 168.0
9.0 199.0
110.0 170.0
74.0 101.0
157.0 79.0
204.0 133.0
36.0 169.0
198.0 243.0
208.0 169.0
57.0 55.0
34.0 59.0
122.0 95.0
202.0 69.0
166.0 123.0
35.0 135.0
146.0 201.0
55.0 85.0
111.0 9.0
222.0 249.0
156.0 151.0
124.0 150.0
49.0 103.0
162.0 30.0
249.0 156.0
84.0 32.0
90.0 115.0
102.0 179.0
227.0 50.0
31.0 82.0
255.0 143.0
45.0 134.0
200.0 109.0
170.0 246.0
180.0 128.0
187.0 40.0
48.0 53.0
198.0 138.0
205.0 62.0
164.0 103.0
20.0 94.0
39.0 77.0
159.0 67.0
174.0 232.0
148.0 194.0
17.0 247.0
66.0 197.0
116.0 74.0
107.0 113.0
122.0 29.0
32.0 149.0
136.0 103.0
83.0 144.0
239.0 206.0
41.0 194.0
190.0 70.0
116.0 163.0
204.0 127.0
224.0 236.0
245.0 28.0
212.0 115.0
58.0 198.0
228.0 135.0
18.0 222.0
140.0 50.0
159.0 106.0
101.0 120.0
84.0 36.0
43.0 105.0
222.0 123.0
29.0 230.0
30.0 68.0
198.0 37.0
222.0 134.0
45.0 109.0
248.0 253.0
123.0 193.0
232.0 248.0
137.0 58.0
226.0 136.0
52.0 39.0
98.0 128.0
71.0 193.0
27.0 157.0
18.0 132.0
89.0 163.0
