1
1024 1 3.0 0.0 1000.0 3 160 240 100

6.5 13.5 29.3 58.5
13.0 27.0 58.5 117.0
19.5 40.5 87.8 175.5
26.0 54.0 117.0 234.0
39.0 81.0 175.5 351.0
52.0 108.0 234.0 468.0
58.5 121.5 263.3 526.5
65.0 135.0 292.5 585.0
78.0 162.0 351.0 702.0
0.0 180.0 390.0 780.0

2.0 5.0 8.0 11.0
5.0 8.0 11.0 14.0
9.0 12.0 15.0 18.0
11.0 14.0 17.0 20.0
15.0 18.0 21.0 24.0
18.0 21.0 24.0 27.0
20.0 23.0 26.0 29.0
25.0 28.0 31.0 34.0
29.0 32.0 35.0 38.0
0.0 34.0 37.0 40.0

130.0 131.0
196.0 112.0
62.0 6.0
4.0 215.0
71.0 47.0
8.0 63.0
206.0 193.0
249.0 120.0
31.0 35.0
75.0 142.0
77.0 234.0
25.0 17.0
93.0 123.0
47.0 195.0
213.0 11.0
22.0 143.0
179.0 44.0
175.0 90.0
86.0 40.0
232.0 130.0
189.0 10.0
12.0 52.0
95.0 163.0
206.0 101.0
7.0 236.0
139.0 165.0
234.0 60.0
152.0 221.0
238.0 91.0
32.0 143.0
68.0 186.0
233.0 98.0
73.0 232.0
206.0 7.0
128.0 24.0
202.0 148.0
130.0 129.0
243.0 42.0
117.0 20.0
244.0 43.0
166.0 69.0
106.0 156.0
28.0 78.0
153.0 137.0
29.0 46.0
85.0 17.0
84.0 239.0
213.0 226.0
221.0 137.0
19.0 93.0
85.0 174.0
169.0 21.0
200.0 10.0
167.0 224.0
71.0 100.0
144.0 221.0
50.0 172.0
90.0 89.0
153.0 22.0
153.0 41.0
138.0 93.0
191.0 212.0
152.0 143.0
67.0 91.0
134.0 73.0
12.0 113.0
159.0 99.0
158.0 213.0
23.0 235.0
190.0 240.0
150.0 115.0
109.0 160.0
228.0 16.0
170.0 57.0
32.0 230.0
104.0 250.0
227.0 23.0
77.0 156.0
229.0 200.0
121.0 94.0
29.0 144.0
97.0 25.0
206.0 219.0
68.0 57.0
141.0 29.0
11.0 92.0
40.0 63.0
117.0 49.0
153.0 64.0
243.0 178.0
169.0 55.0
128.0 33.0
56.0 221.0
65.0 219.0
191.0 206.0
28.0 128.0
180.0 155.0
56.0 149.0
91.0 173.0
23.0 178.0
117.0 172.0
222.0 61.0
21.0 141.0
19.0 154.0
9.0 191.0
126.0 15.0
2.0 29.0
125.0 31.0
79.0 89.0
169.0 131.0
187.0 116.0
115.0 0.0
21.0 27.0
140.0 81.0
39.0 239.0
222.0 150.0
134.0 161.0
161.0 117.0
70.0 164.0
143.0 237.0
65.0 94.0
154.0 236.0
4.0 27.0
120.0 169.0
47.0 204.0
199.0 143.0
237.0 205.0
236.0 89.0
245.0 211.0
171.0 105.0
233.0 243.0
44.0 162.0
101.0 130.0
13.0 84.0
215.0 222.0
146.0 211.0
28.0 206.0
37.0 30.0
33.0 183.0
117.0 68.0
111.0 231.0
114.0 195.0
86.0 236.0
126.0 14.0
158.0 102.0
145.0 105.0
171.0 230.0
144.0 183.0
248.0 10.0
159.0 56.0
132.0 103.0
115.0 65.0
139.0 113.0
206.0 22.0
187.0 52.0
203.0 211.0
172.0 93.0
122.0 77.0
54.0 121.0
248.0 45.0
27.0 203.0
81.0 235.0
11.0 118.0
61.0 127.0
234.0 190.0
33.0 61.0
248.0 199.0
167.0 19.0
32.0 213.0
170.0 184.0
151.0 22.0
143.0 106.0
234.0 129.0
30.0 92.0
140.0 87.0
151.0 19.0
188.0 39.0
125.0 79.0
180.0 122.0
65.0 13.0
245.0 190.0
218.0 221.0
93.0 172.0
53.0 193.0
80.0 136.0
113.0 3.0
52.0 236.0
236.0 202.0
3.0 14.0
98.0 225.0
120.0 87.0
62.0 6.0
140.0 72.0
152.0 66.0
219.0 161.0
11.0 134.0
98.0 66.0
51.0 171.0
155.0 123.0
9.0 19.0
248.0 155.0
249.0 140.0
62.0 245.0
168.0 50.0
242.0 166.0
141.0 51.0
151.0 219.0
249.0 217.0
151.0 113.0
113.0 134.0
139.0 27.0
189.0 217.0
88.0 79.0
224.0 221.0
224.0 250.0
104.0 157.0
195.0 98.0
169.0 100.0
242.0 183.0
110.0 221.0
120.0 167.0
128.0 155.0
122.0 137.0
113.0 174.0
111.0 240.0
142.0 143.0
19.0 45.0
176.0 89.0
96.0 108.0
134.0 18.0
250.0 14.0
98.0 156.0
127.0 19.0
199.0 143.0
153.0 172.0
69.0 215.0
64.0 171.0
35.0 40.0
7.0 213.0
44.0 123.0
128.0 205.0
155.0 41.0
112.0 240.0
188.0 93.0
184.0 63.0
237.0 214.0
191.0 55.0
38.0 123.0
145.0 102.0
245.0 194.0
202.0 242.0
246.0 130.0
113.0 74.0
196.0 47.0
212.0 206.0
24.0 193.0
136.0 107.0
202.0 28.0
193.0 1.0
181.0 248.0
202.0 51.0
148.0 129.0
118.0 102.0
114.0 129.0
100.0 84.0
151.0 17.0
245.0 243.0
129.0 73.0
14.0 173.0
158.0 14.0
184.0 174.0
223.0 68.0
240.0 48.0
67.0 218.0
160.0 241.0
204.0 165.0
137.0 40.0
240.0 162.0
63.0 144.0
6.0 133.0
193.0 164.0
44.0 119.0
186.0 8.0
100.0 76.0
79.0 82.0
26.0 193.0
4.0 134.0
108.0 145.0
73.0 54.0
123.0 54.0
139.0 66.0
248.0 212.0
213.0 20.0
4.0 208.0
123.0 85.0
238.0 139.0
76.0 171.0
190.0 171.0
85.0 18.0
36.0 9.0
36.0 148.0
70.0 164.0
245.0 234.0
38.0 200.0
146.0 233.0
180.0 223.0
84.0 188.0
99.0 176.0
247.0 170.0
139.0 73.0
58.0 164.0
30.0 111.0
205.0 223.0
96.0 166.0
2.0 68.0
160.0 243.0
127.0 110.0
73.0 249.0
72.0 159.0
118.0 54.0
197.0 193.0
89.0 70.0
126.0 87.0
192.0 178.0
246.0 22.0
164.0 134.0
149.0 120.0
150.0 139.0
191.0 144.0
107.0 91.0
104.0 179.0
140.0 65.0
213.0 21.0
188.0 172.0
91.0 52.0
52.0 233.0
47.0 204.0
93.0 11.0
180.0 176.0
207.0 89.0
11.0 123.0
13.0 7.0
43.0 102.0
13.0 104.0
150.0 129.0
12.0 84.0
14.0 9.0
196.0 94.0
124.0 152.0
31.0 231.0
204.0 172.0
242.0 135.0
198.0 113.0
176.0 197.0
41.0 217.0
175.0 192.0
239.0 202.0
139.0 209.0
108.0 84.0
34.0 89.0
59.0 157.0
144.0 99.0
163.0 26.0
195.0 193.0
9.0 166.0
41.0 205.0
208.0 63.0
143.0 194.0
186.0 9.0
170.0 180.0
238.0 233.0
78.0 94.0
123.0 80.0
114.0 74.0
34.0 31.0
231.0 42.0
101.0 155.0
231.0 75.0
142.0 161.0
10.0 132.0
193.0 24.0
77.0 21.0
150.0 215.0
111.0 43.0
182.0 134.0
101.0 74.0
137.0 170.0
202.0 146.0
204.0 89.0
234.0 164.0
185.0 63.0
73.0 197.0
22.0 160.0
249.0 94.0
54.0 231.0
114.0 5.0
23.0 155.0
20.0 168.0
172.0 229.0
5.0 178.0
94.0 52.0
44.0 221.0
40.0 66.0
236.0 99.0
223.0 233.0
117.0 185.0
198.0 116.0
87.0 230.0
230.0 237.0
23.0 51.0
114.0 98.0
188.0 141.0
221.0 117.0
126.0 111.0
121.0 232.0
42.0 124.0
168.0 56.0
224.0 106.0
38.0 213.0
126.0 28.0
223.0 101.0
56.0 151.0
90.0 110.0
203.0 179.0
149.0 140.0
77.0 60.0
1.0 86.0
217.0 21.0
238.0 10.0
125.0 203.0
143.0 40.0
143.0 96.0
92.0 91.0
114.0 19.0
112.0 69.0
173.0 235.0
148.0 35.0
120.0 48.0
102.0 111.0
111.0 103.0
67.0 230.0
236.0 127.0
211.0 142.0
97.0 190.0
101.0 143.0
76.0 105.0
41.0 70.0
41.0 164.0
92.0 159.0
44.0 221.0
235.0 175.0
141.0 174.0
199.0 40.0
8.0 249.0
58.0 242.0
110.0 1.0
238.0 132.0
232.0 58.0
157.0 4.0
232.0 172.0
20.0 198.0
216.0 192.0
121.0 10.0
126.0 171.0
42.0 240.0
46.0 104.0
224.0 67.0
102.0 106.0
181.0 200.0
146.0 175.0
212.0 106.0
210.0 222.0
239.0 157.0
49.0 127.0
21.0 109.0
137.0 134.0
235.0 141.0
63.0 223.0
47.0 225.0
53.0 142.0
57.0 202.0
206.0 112.0
89.0 191.0
39.0 18.0
108.0 93.0
42.0 212.0
99.0 190.0
232.0 133.0
65.0 209.0
27.0 235.0
107.0 16.0
43.0 48.0
120.0 138.0
15.0 1.0
191.0 181.0
88.0 197.0
98.0 216.0
21.0 148.0
138.0 68.0
203.0 36.0
52.0 204.0
137.0 124.0
142.0 34.0
164.0 29.0
232.0 206.0
217.0 80.0
189.0 61.0
241.0 110.0
35.0 220.0
207.0 43.0
236.0 97.0
212.0 224.0
76.0 173.0
244.0 244.0
77.0 205.0
206.0 88.0
246.0 86.0
157.0 218.0
247.0 147.0
7.0 49.0
131.0 239.0
227.0 66.0
116.0 27.0
193.0 148.0
174.0 196.0
105.0 237.0
27.0 121.0
225.0 30.0
201.0 93.0
240.0 219.0
111.0 13.0
130.0 71.0
187.0 32.0
212.0 7.0
158.0 165.0
132.0 92.0
129.0 236.0
78.0 221.0
163.0 55.0
124.0 41.0
171.0 66.0
114.0 10.0
170.0 236.0
91.0 19.0
84.0 42.0
85.0 99.0
46.0 217.0
122.0 12.0
232.0 229.0
152.0 122.0
60.0 22.0
126.0 226.0
168.0 129.0
52.0 109.0
132.0 59.0
132.0 131.0
200.0 187.0
177.0 242.0
138.0 176.0
48.0 93.0
86.0 46.0
169.0 26.0
142.0 25.0
4.0 232.0
208.0 181.0
163.0 232.0
176.0 109.0
148.0 108.0
120.0 18.0
47.0 242.0
201.0 142.0
33.0 135.0
75.0 185.0
127.0 178.0
120.0 93.0
201.0 77.0
175.0 6.0
47.0 177.0
212.0 37.0
114.0 12.0
5.0 118.0
122.0 202.0
122.0 189.0
30.0 143.0
134.0 82.0
176.0 1.0
32.0 7.0
217.0 64.0
102.0 123.0
36.0 96.0
123.0 218.0
132.0 124.0
24.0 109.0
41.0 174.0
225.0 162.0
168.0 8.0
185.0 160.0
201.0 11.0
9.0 63.0
124.0 152.0
245.0 245.0
120.0 42.0
114.0 121.0
248.0 133.0
183.0 159.0
72.0 216.0
72.0 24.0
243.0 137.0
113.0 245.0
91.0 249.0
157.0 31.0
103.0 160.0
78.0 234.0
212.0 163.0
41.0 234.0
160.0 34.0
216.0 90.0
228.0 214.0
124.0 134.0
214.0 175.0
166.0 216.0
95.0 117.0
166.0 144.0
114.0 177.0
80.0 168.0
106.0 161.0
95.0 162.0
184.0 112.0
135.0 237.0
215.0 103.0
121.0 67.0
95.0 178.0
148.0 24.0
121.0 224.0
20.0 35.0
81.0 60.0
195.0 142.0
12.0 153.0
223.0 33.0
103.0 131.0
75.0 165.0
68.0 104.0
85.0 124.0
103.0 123.0
31.0 198.0
114.0 132.0
200.0 208.0
212.0 134.0
78.0 189.0
41.0 48.0
148.0 75.0
44.0 102.0
63.0 126.0
128.0 112.0
38.0 130.0
197.0 122.0
108.0 215.0
131.0 129.0
234.0 199.0
83.0 230.0
18.0 193.0
13.0 69.0
127.0 247.0
225.0 17.0
77.0 131.0
204.0 99.0
91.0 172.0
128.0 227.0
66.0 112.0
247.0 134.0
231.0 27.0
111.0 179.0
153.0 155.0
224.0 50.0
64.0 48.0
227.0 164.0
21.0 12.0
67.0 165.0
6.0 128.0
130.0 182.0
110.0 208.0
151.0 136.0
24.0 84.0
38.0 139.0
100.0 212.0
22.0 123.0
98.0 127.0
146.0 145.0
1.0 96.0
150.0 113.0
113.0 127.0
119.0 16.0
245.0 68.0
80.0 19.0
41.0 68.0
54.0 129.0
131.0 9.0
102.0 184.0
58.0 66.0
15.0 230.0
13.0 121.0
60.0 164.0
217.0 64.0
33.0 94.0
106.0 82.0
192.0 161.0
35.0 95.0
179.0 146.0
23.0 67.0
111.0 240.0
141.0 221.0
110.0 171.0
185.0 16.0
52.0 192.0
102.0 38.0
183.0 244.0
213.0 31.0
21.0 181.0
44.0 114.0
40.0 246.0
194.0 11.0
213.0 44.0
201.0 235.0
12.0 101.0
170.0 165.0
72.0 113.0
24.0 87.0
246.0 101.0
11.0 18.0
128.0 202.0
206.0 246.0
153.0 196.0
11.0 44.0
220.0 110.0
16.0 106.0
72.0 128.0
107.0 43.0
2.0 34.0
53.0 112.0
11.0 26.0
84.0 139.0
82.0 12.0
63.0 181.0
99.0 98.0
147.0 26.0
188.0 11.0
167.0 181.0
124.0 31.0
228.0 88.0
231.0 54.0
156.0 94.0
22.0 242.0
162.0 18.0
137.0 244.0
206.0 243.0
205.0 83.0
97.0 46.0
67.0 63.0
140.0 196.0
94.0 149.0
24.0 185.0
173.0 84.0
127.0 236.0
234.0 40.0
44.0 80.0
234.0 204.0
172.0 14.0
123.0 224.0
245.0 115.0
73.0 33.0
46.0 6.0
117.0 110.0
74.0 140.0
114.0 59.0
1.0 166.0
46.0 209.0
74.0 191.0
210.0 219.0
179.0 129.0
163.0 25.0
101.0 88.0
121.0 248.0
57.0 100.0
50.0 15.0
169.0 25.0
7.0 180.0
83.0 56.0
110.0 36.0
22.0 35.0
68.0 127.0
102.0 130.0
15.0 118.0
77.0 204.0
210.0 214.0
216.0 57.0
232.0 210.0
104.0 250.0
93.0 39.0
194.0 50.0
19.0 17.0
23.0 105.0
217.0 40.0
56.0 240.0
240.0 48.0
183.0 119.0
140.0 136.0
213.0 48.0
151.0 9.0
17.0 10.0
222.0 25.0
33.0 119.0
9.0 160.0
173.0 183.0
16.0 6.0
204.0 189.0
142.0 14.0
21.0 49.0
173.0 214.0
29.0 10.0
109.0 3.0
142.0 218.0
1.0 117.0
21.0 211.0
53.0 229.0
180.0 188.0
37.0 185.0
178.0 224.0
155.0 189.0
194.0 150.0
22.0 71.0
51.0 131.0
29.0 81.0
110.0 48.0
136.0 207.0
246.0 86.0
214.0 91.0
173.0 10.0
141.0 173.0
230.0 162.0
115.0 1.0
8.0 22.0
35.0 216.0
55.0 8.0
30.0 29.0
170.0 223.0
106.0 60.0
141.0 196.0
135.0 3.0
64.0 209.0
5.0 100.0
233.0 124.0
53.0 1.0
97.0 190.0
214.0 144.0
160.0 101.0
130.0 84.0
197.0 165.0
37.0 45.0
22.0 247.0
42.0 242.0
74.0 199.0
233.0 118.0
175.0 73.0
114.0 182.0
92.0 211.0
175.0 204.0
147.0 125.0
221.0 84.0
128.0 133.0
145.0 23.0
105.0 58.0
140.0 194.0
55.0 56.0
160.0 165.0
248.0 22.0
0.0 135.0
201.0 9.0
188.0 126.0
249.0 232.0
174.0 60.0
183.0 229.0
136.0 236.0
129.0 102.0
15.0 18.0
227.0 59.0
228.0 117.0
180.0 50.0
41.0 161.0
95.0 81.0
167.0 50.0
62.0 132.0
216.0 172.0
16.0 139.0
176.0 111.0
210.0 94.0
173.0 25.0
217.0 90.0
72.0 221.0
158.0 243.0
35.0 220.0
203.0 194.0
230.0 215.0
171.0 250.0
180.0 99.0
144.0 238.0
66.0 71.0
52.0 8.0
103.0 141.0
9.0 38.0
173.0 162.0
250.0 186.0
223.0 81.0
55.0 191.0
218.0 165.0
146.0 77.0
35.0 13.0
65.0 191.0
239.0 248.0
141.0 147.0
210.0 67.0
191.0 50.0
216.0 159.0
169.0 130.0
31.0 65.0
46.0 36.0
32.0 93.0
13.0 64.0
43.0 8.0
151.0 160.0
205.0 215.0
47.0 137.0
27.0 38.0
124.0 36.0
20.0 205.0
30.0 216.0
189.0 232.0
240.0 232.0
175.0 219.0
82.0 185.0
176.0 118.0
221.0 7.0
80.0 110.0
197.0 221.0
56.0 27.0
145.0 27.0
169.0 73.0
203.0 120.0
127.0 169.0
93.0 216.0
114.0 47.0
5.0 73.0
185.0 37.0
159.0 103.0
53.0 41.0
21.0 238.0
124.0 39.0
205.0 31.0
221.0 221.0
152.0 4.0
249.0 217.0
223.0 127.0
96.0 162.0
199.0 58.0
163.0 175.0
190.0 135.0
189.0 122.0
63.0 148.0
123.0 110.0
35.0 248.0
113.0 222.0
137.0 141.0
218.0 47.0
100.0 60.0
39.0 153.0
235.0 28.0
13.0 175.0
211.0 26.0
176.0 40.0
214.0 230.0
22.0 139.0
238.0 24.0
144.0 76.0
133.0 94.0
142.0 183.0
22.0 186.0
124.0 70.0
99.0 199.0
165.0 1.0
39.0 85.0
148.0 14.0
158.0 88.0
6.0 181.0
181.0 175.0
155.0 59.0
120.0 70.0
4.0 115.0
20.0 107.0
208.0 20.0
174.0 203.0
190.0 4.0
198.0 34.0
211.0 25.0
196.0 84.0
133.0 69.0
40.0 42.0
42.0 208.0
94.0 75.0
246.0 115.0
50.0 82.0
189.0 39.0
86.0 91.0
171.0 49.0
126.0 16.0
43.0 194.0
33.0 69.0
132.0 249.0
158.0 166.0
207.0 74.0
192.0 249.0
106.0 139.0
105.0 235.0
202.0 101.0
24.0 140.0
217.0 118.0

134.0 136.0
202.0 116.0
67.0 11.0
8.0 221.0
76.0 52.0
12.0 69.0
212.0 197.0
254.0 124.0
36.0 39.0
81.0 147.0
82.0 238.0
30.0 21.0
98.0 129.0
51.0 200.0
218.0 16.0
26.0 149.0
184.0 50.0
181.0 96.0
90.0 44.0
237.0 136.0
193.0 15.0
17.0 57.0
100.0 168.0
211.0 107.0
12.0 241.0
144.0 170.0
238.0 65.0
157.0 225.0
243.0 96.0
36.0 149.0
74.0 191.0
237.0 103.0
79.0 236.0
212.0 13.0
133.0 28.0
206.0 154.0
135.0 134.0
248.0 48.0
123.0 25.0
250.0 48.0
171.0 74.0
110.0 161.0
34.0 84.0
158.0 143.0
35.0 50.0
90.0 21.0
88.0 244.0
218.0 231.0
226.0 142.0
24.0 99.0
90.0 179.0
175.0 25.0
204.0 15.0
171.0 228.0
75.0 106.0
150.0 225.0
55.0 176.0
94.0 94.0
158.0 26.0
157.0 46.0
144.0 98.0
196.0 217.0
158.0 147.0
72.0 95.0
139.0 79.0
17.0 119.0
165.0 105.0
163.0 218.0
28.0 240.0
196.0 246.0
154.0 119.0
113.0 164.0
233.0 20.0
175.0 63.0
38.0 234.0
108.0 254.0
232.0 29.0
82.0 160.0
234.0 204.0
127.0 99.0
34.0 149.0
103.0 30.0
210.0 224.0
72.0 63.0
146.0 34.0
16.0 98.0
45.0 68.0
122.0 53.0
158.0 69.0
248.0 183.0
174.0 61.0
132.0 38.0
60.0 225.0
71.0 225.0
197.0 211.0
34.0 133.0
185.0 159.0
61.0 153.0
97.0 177.0
27.0 184.0
121.0 178.0
226.0 65.0
26.0 147.0
24.0 159.0
14.0 197.0
131.0 20.0
7.0 35.0
129.0 35.0
83.0 94.0
173.0 136.0
192.0 121.0
121.0 5.0
26.0 31.0
145.0 86.0
43.0 245.0
227.0 155.0
139.0 166.0
166.0 122.0
75.0 170.0
148.0 243.0
69.0 100.0
159.0 240.0
9.0 32.0
125.0 174.0
53.0 210.0
204.0 148.0
242.0 209.0
240.0 94.0
250.0 216.0
176.0 110.0
238.0 248.0
48.0 167.0
107.0 135.0
18.0 89.0
221.0 228.0
150.0 217.0
33.0 211.0
41.0 34.0
37.0 188.0
123.0 72.0
116.0 235.0
118.0 199.0
91.0 241.0
131.0 20.0
163.0 106.0
150.0 109.0
175.0 235.0
148.0 188.0
253.0 15.0
164.0 62.0
137.0 107.0
120.0 70.0
144.0 118.0
212.0 27.0
193.0 57.0
207.0 216.0
178.0 98.0
128.0 81.0
59.0 126.0
253.0 50.0
32.0 208.0
86.0 240.0
16.0 122.0
67.0 132.0
238.0 195.0
38.0 65.0
254.0 203.0
172.0 23.0
37.0 219.0
175.0 188.0
157.0 28.0
148.0 110.0
239.0 133.0
36.0 96.0
146.0 93.0
156.0 24.0
193.0 45.0
129.0 85.0
186.0 127.0
71.0 18.0
250.0 195.0
223.0 226.0
99.0 176.0
57.0 199.0
85.0 142.0
119.0 8.0
58.0 241.0
241.0 206.0
8.0 19.0
102.0 230.0
125.0 93.0
67.0 11.0
145.0 78.0
157.0 72.0
224.0 165.0
15.0 139.0
102.0 71.0
57.0 175.0
159.0 128.0
15.0 24.0
253.0 159.0
254.0 145.0
68.0 251.0
174.0 55.0
247.0 172.0
146.0 56.0
156.0 224.0
255.0 223.0
155.0 119.0
117.0 139.0
143.0 32.0
194.0 221.0
94.0 84.0
229.0 225.0
229.0 254.0
109.0 163.0
200.0 104.0
174.0 104.0
247.0 189.0
116.0 226.0
126.0 171.0
133.0 159.0
128.0 143.0
118.0 179.0
116.0 244.0
148.0 148.0
24.0 50.0
181.0 93.0
101.0 112.0
139.0 23.0
255.0 20.0
102.0 161.0
131.0 24.0
204.0 148.0
158.0 177.0
75.0 220.0
68.0 176.0
39.0 44.0
12.0 217.0
48.0 129.0
132.0 211.0
159.0 46.0
116.0 246.0
193.0 98.0
189.0 68.0
242.0 219.0
196.0 60.0
42.0 128.0
150.0 107.0
250.0 199.0
207.0 247.0
251.0 135.0
118.0 79.0
200.0 51.0
217.0 211.0
29.0 197.0
141.0 113.0
208.0 34.0
197.0 7.0
187.0 254.0
208.0 55.0
153.0 134.0
122.0 106.0
120.0 133.0
105.0 89.0
156.0 22.0
251.0 248.0
134.0 77.0
19.0 179.0
163.0 20.0
189.0 180.0
228.0 73.0
244.0 54.0
71.0 222.0
165.0 246.0
209.0 171.0
141.0 46.0
246.0 166.0
67.0 149.0
11.0 137.0
197.0 169.0
48.0 125.0
192.0 13.0
105.0 81.0
84.0 86.0
30.0 197.0
9.0 140.0
112.0 150.0
77.0 60.0
128.0 58.0
144.0 70.0
253.0 218.0
219.0 25.0
9.0 213.0
127.0 90.0
242.0 144.0
81.0 175.0
195.0 176.0
90.0 24.0
41.0 13.0
41.0 154.0
75.0 168.0
250.0 239.0
42.0 204.0
152.0 239.0
185.0 228.0
88.0 193.0
104.0 181.0
251.0 175.0
145.0 77.0
63.0 169.0
35.0 117.0
210.0 229.0
101.0 172.0
8.0 74.0
165.0 249.0
132.0 114.0
79.0 254.0
76.0 164.0
124.0 59.0
201.0 197.0
94.0 75.0
132.0 92.0
197.0 183.0
250.0 28.0
168.0 140.0
154.0 125.0
155.0 145.0
197.0 149.0
113.0 97.0
109.0 183.0
146.0 71.0
218.0 26.0
193.0 176.0
95.0 56.0
57.0 238.0
52.0 208.0
98.0 16.0
184.0 181.0
212.0 94.0
17.0 127.0
17.0 13.0
48.0 107.0
18.0 110.0
154.0 133.0
17.0 88.0
18.0 13.0
201.0 98.0
129.0 157.0
36.0 237.0
210.0 177.0
247.0 140.0
202.0 117.0
181.0 201.0
46.0 223.0
179.0 197.0
244.0 206.0
143.0 213.0
112.0 90.0
40.0 94.0
65.0 162.0
149.0 104.0
168.0 31.0
199.0 197.0
13.0 170.0
45.0 209.0
213.0 68.0
149.0 199.0
190.0 14.0
176.0 185.0
243.0 239.0
83.0 100.0
129.0 85.0
120.0 79.0
40.0 36.0
236.0 46.0
107.0 159.0
236.0 79.0
146.0 167.0
14.0 138.0
198.0 29.0
83.0 27.0
154.0 220.0
117.0 48.0
186.0 138.0
107.0 79.0
141.0 175.0
207.0 151.0
209.0 94.0
239.0 169.0
189.0 68.0
79.0 202.0
27.0 166.0
254.0 99.0
58.0 237.0
119.0 11.0
28.0 160.0
25.0 172.0
177.0 235.0
9.0 183.0
100.0 57.0
49.0 226.0
45.0 71.0
242.0 104.0
228.0 237.0
122.0 190.0
203.0 121.0
92.0 235.0
236.0 242.0
27.0 57.0
119.0 102.0
194.0 145.0
226.0 121.0
131.0 117.0
127.0 236.0
47.0 129.0
173.0 61.0
230.0 111.0
44.0 218.0
131.0 33.0
227.0 107.0
62.0 157.0
96.0 115.0
209.0 184.0
153.0 144.0
81.0 66.0
6.0 90.0
221.0 26.0
242.0 15.0
130.0 209.0
149.0 45.0
149.0 101.0
96.0 95.0
119.0 24.0
116.0 74.0
178.0 239.0
153.0 40.0
125.0 53.0
107.0 115.0
117.0 108.0
72.0 235.0
241.0 132.0
216.0 146.0
102.0 196.0
107.0 148.0
81.0 111.0
46.0 75.0
45.0 168.0
98.0 164.0
50.0 227.0
240.0 179.0
145.0 179.0
204.0 45.0
12.0 253.0
63.0 247.0
115.0 7.0
242.0 138.0
236.0 64.0
163.0 10.0
237.0 177.0
25.0 203.0
221.0 197.0
127.0 15.0
132.0 176.0
47.0 245.0
50.0 109.0
229.0 72.0
108.0 110.0
186.0 204.0
151.0 179.0
218.0 110.0
215.0 227.0
244.0 162.0
54.0 131.0
26.0 114.0
142.0 139.0
239.0 146.0
69.0 229.0
52.0 230.0
57.0 146.0
62.0 207.0
212.0 116.0
95.0 196.0
45.0 24.0
114.0 99.0
46.0 217.0
103.0 196.0
237.0 138.0
70.0 213.0
32.0 240.0
111.0 22.0
48.0 53.0
124.0 142.0
20.0 6.0
195.0 185.0
93.0 202.0
102.0 222.0
26.0 152.0
143.0 73.0
209.0 42.0
56.0 210.0
143.0 129.0
148.0 40.0
169.0 34.0
236.0 211.0
221.0 84.0
194.0 65.0
246.0 116.0
40.0 225.0
212.0 48.0
241.0 103.0
216.0 229.0
81.0 178.0
250.0 250.0
82.0 210.0
211.0 94.0
252.0 90.0
163.0 224.0
252.0 152.0
12.0 53.0
136.0 244.0
233.0 71.0
121.0 33.0
198.0 153.0
179.0 202.0
110.0 243.0
33.0 126.0
230.0 34.0
205.0 97.0
246.0 223.0
116.0 19.0
135.0 77.0
192.0 38.0
216.0 13.0
164.0 171.0
137.0 97.0
135.0 242.0
83.0 225.0
169.0 61.0
128.0 46.0
176.0 72.0
119.0 16.0
175.0 240.0
97.0 24.0
89.0 46.0
91.0 105.0
51.0 222.0
128.0 16.0
236.0 234.0
156.0 128.0
65.0 27.0
131.0 231.0
173.0 134.0
56.0 114.0
137.0 64.0
137.0 135.0
205.0 191.0
182.0 247.0
143.0 181.0
54.0 98.0
91.0 51.0
175.0 30.0
147.0 29.0
10.0 237.0
213.0 186.0
169.0 238.0
181.0 115.0
154.0 113.0
126.0 23.0
53.0 247.0
207.0 147.0
38.0 141.0
80.0 191.0
132.0 182.0
124.0 98.0
206.0 82.0
180.0 12.0
51.0 182.0
217.0 42.0
120.0 17.0
10.0 123.0
128.0 207.0
126.0 195.0
36.0 147.0
138.0 86.0
181.0 7.0
36.0 12.0
222.0 69.0
107.0 127.0
40.0 101.0
128.0 222.0
137.0 130.0
29.0 115.0
45.0 179.0
230.0 167.0
173.0 12.0
190.0 164.0
206.0 17.0
14.0 68.0
128.0 156.0
251.0 249.0
126.0 48.0
120.0 127.0
254.0 137.0
188.0 165.0
77.0 222.0
78.0 30.0
248.0 143.0
119.0 251.0
95.0 254.0
162.0 36.0
108.0 165.0
83.0 239.0
216.0 168.0
46.0 240.0
166.0 40.0
222.0 96.0
234.0 219.0
130.0 140.0
219.0 180.0
171.0 221.0
100.0 123.0
170.0 149.0
120.0 181.0
86.0 173.0
111.0 165.0
101.0 167.0
189.0 118.0
140.0 242.0
219.0 108.0
126.0 72.0
100.0 182.0
154.0 29.0
125.0 228.0
25.0 40.0
86.0 66.0
199.0 148.0
17.0 159.0
228.0 37.0
108.0 136.0
79.0 169.0
72.0 109.0
90.0 129.0
109.0 127.0
35.0 203.0
119.0 136.0
205.0 214.0
217.0 139.0
83.0 195.0
46.0 52.0
153.0 81.0
49.0 108.0
68.0 131.0
134.0 116.0
43.0 135.0
202.0 128.0
112.0 219.0
136.0 134.0
239.0 205.0
88.0 234.0
24.0 199.0
18.0 74.0
131.0 251.0
231.0 22.0
83.0 135.0
210.0 104.0
97.0 177.0
133.0 231.0
70.0 117.0
252.0 138.0
237.0 33.0
117.0 185.0
158.0 160.0
229.0 56.0
70.0 54.0
233.0 170.0
27.0 17.0
72.0 171.0
10.0 132.0
135.0 186.0
115.0 214.0
156.0 140.0
28.0 90.0
43.0 144.0
104.0 218.0
26.0 129.0
102.0 131.0
150.0 150.0
5.0 101.0
156.0 118.0
117.0 132.0
124.0 20.0
250.0 74.0
84.0 24.0
45.0 73.0
58.0 134.0
135.0 14.0
106.0 189.0
63.0 71.0
19.0 234.0
19.0 125.0
65.0 170.0
222.0 69.0
38.0 100.0
112.0 86.0
197.0 165.0
40.0 100.0
183.0 151.0
28.0 72.0
115.0 245.0
145.0 226.0
115.0 177.0
190.0 21.0
57.0 196.0
106.0 43.0
188.0 248.0
217.0 36.0
26.0 187.0
48.0 119.0
45.0 250.0
200.0 15.0
218.0 48.0
207.0 239.0
18.0 105.0
175.0 169.0
76.0 118.0
29.0 91.0
250.0 106.0
16.0 23.0
133.0 206.0
212.0 251.0
157.0 201.0
16.0 49.0
225.0 115.0
21.0 111.0
78.0 133.0
113.0 47.0
8.0 39.0
58.0 117.0
16.0 32.0
89.0 144.0
88.0 17.0
69.0 187.0
105.0 104.0
153.0 30.0
193.0 16.0
173.0 186.0
129.0 36.0
233.0 93.0
235.0 59.0
160.0 99.0
27.0 247.0
167.0 22.0
142.0 249.0
211.0 248.0
210.0 87.0
101.0 50.0
71.0 68.0
144.0 200.0
99.0 154.0
30.0 190.0
177.0 89.0
132.0 241.0
240.0 44.0
48.0 84.0
240.0 209.0
176.0 18.0
127.0 228.0
250.0 120.0
77.0 38.0
50.0 11.0
122.0 115.0
80.0 146.0
118.0 64.0
5.0 170.0
51.0 213.0
78.0 196.0
215.0 224.0
183.0 133.0
167.0 29.0
106.0 92.0
126.0 254.0
62.0 104.0
55.0 20.0
173.0 31.0
13.0 184.0
88.0 62.0
115.0 42.0
28.0 40.0
74.0 131.0
106.0 135.0
19.0 123.0
81.0 209.0
215.0 219.0
220.0 62.0
237.0 216.0
110.0 256.0
97.0 44.0
199.0 54.0
24.0 21.0
28.0 109.0
222.0 45.0
61.0 246.0
245.0 53.0
188.0 125.0
144.0 141.0
219.0 53.0
155.0 14.0
23.0 16.0
228.0 30.0
37.0 123.0
15.0 166.0
178.0 188.0
21.0 12.0
208.0 193.0
146.0 20.0
25.0 54.0
178.0 219.0
34.0 15.0
114.0 9.0
147.0 223.0
6.0 121.0
26.0 216.0
58.0 233.0
186.0 193.0
42.0 191.0
184.0 230.0
159.0 194.0
198.0 155.0
27.0 75.0
57.0 137.0
35.0 86.0
115.0 53.0
141.0 211.0
251.0 91.0
218.0 97.0
177.0 14.0
146.0 179.0
234.0 167.0
120.0 7.0
13.0 28.0
41.0 221.0
60.0 13.0
35.0 35.0
174.0 228.0
111.0 64.0
147.0 200.0
140.0 8.0
69.0 215.0
11.0 104.0
238.0 129.0
58.0 6.0
103.0 195.0
218.0 149.0
166.0 106.0
136.0 89.0
202.0 169.0
42.0 49.0
27.0 253.0
47.0 246.0
79.0 203.0
238.0 122.0
180.0 78.0
119.0 188.0
97.0 217.0
180.0 210.0
152.0 130.0
225.0 88.0
133.0 139.0
151.0 29.0
110.0 63.0
144.0 199.0
61.0 62.0
165.0 170.0
252.0 27.0
4.0 140.0
207.0 14.0
194.0 130.0
253.0 238.0
179.0 66.0
188.0 234.0
140.0 240.0
134.0 108.0
20.0 23.0
231.0 64.0
233.0 122.0
186.0 55.0
46.0 166.0
100.0 86.0
171.0 55.0
67.0 137.0
221.0 176.0
22.0 143.0
182.0 117.0
215.0 98.0
177.0 31.0
223.0 94.0
76.0 226.0
163.0 247.0
41.0 225.0
209.0 199.0
236.0 221.0
176.0 255.0
184.0 105.0
149.0 244.0
71.0 76.0
57.0 12.0
107.0 145.0
15.0 43.0
177.0 166.0
256.0 190.0
227.0 86.0
60.0 197.0
224.0 170.0
151.0 82.0
40.0 18.0
70.0 195.0
243.0 253.0
147.0 153.0
216.0 72.0
197.0 54.0
221.0 164.0
173.0 136.0
36.0 70.0
51.0 41.0
36.0 98.0
17.0 69.0
48.0 13.0
156.0 164.0
211.0 221.0
51.0 142.0
33.0 43.0
128.0 40.0
24.0 209.0
34.0 221.0
193.0 238.0
245.0 237.0
181.0 225.0
86.0 190.0
182.0 123.0
226.0 12.0
85.0 114.0
203.0 225.0
62.0 31.0
149.0 33.0
174.0 78.0
209.0 125.0
131.0 174.0
98.0 221.0
118.0 52.0
10.0 79.0
191.0 42.0
163.0 107.0
58.0 47.0
25.0 242.0
130.0 44.0
210.0 35.0
226.0 226.0
157.0 10.0
254.0 221.0
228.0 131.0
101.0 167.0
204.0 63.0
168.0 179.0
195.0 141.0
194.0 128.0
68.0 153.0
128.0 115.0
39.0 253.0
118.0 228.0
141.0 146.0
223.0 53.0
105.0 65.0
45.0 159.0
240.0 34.0
19.0 181.0
215.0 30.0
181.0 46.0
218.0 234.0
27.0 145.0
243.0 29.0
149.0 82.0
139.0 98.0
147.0 188.0
28.0 191.0
129.0 76.0
105.0 204.0
170.0 6.0
44.0 90.0
152.0 18.0
163.0 93.0
11.0 187.0
186.0 179.0
159.0 64.0
125.0 75.0
10.0 120.0
26.0 112.0
212.0 25.0
178.0 207.0
195.0 8.0
203.0 39.0
217.0 30.0
201.0 89.0
138.0 73.0
46.0 47.0
47.0 213.0
98.0 80.0
250.0 121.0
55.0 88.0
193.0 43.0
92.0 97.0
176.0 55.0
130.0 20.0
49.0 198.0
38.0 75.0
136.0 255.0
162.0 172.0
212.0 79.0
198.0 254.0
111.0 143.0
109.0 239.0
207.0 106.0
29.0 145.0
223.0 122.0
