1
1024 1 3.0 0.0 1000.0 3 160 240 100

6.5 13.5 29.3 58.5
13.0 27.0 58.5 117.0
19.5 40.5 87.8 175.5
26.0 54.0 117.0 234.0
39.0 81.0 175.5 351.0
52.0 108.0 234.0 468.0
58.5 121.5 263.3 526.5
65.0 135.0 292.5 585.0
78.0 162.0 351.0 702.0
0.0 180.0 390.0 780.0

2.0 5.0 8.0 11.0
5.0 8.0 11.0 14.0
9.0 12.0 15.0 18.0
11.0 14.0 17.0 20.0
15.0 18.0 21.0 24.0
18.0 21.0 24.0 27.0
20.0 23.0 26.0 29.0
25.0 28.0 31.0 34.0
29.0 32.0 35.0 38.0
0.0 34.0 37.0 40.0

97.0 221.0
249.0 0.0
145.0 91.0
16.0 133.0
127.0 57.0
186.0 132.0
190.0 65.0
49.0 177.0
186.0 238.0
32.0 103.0
155.0 216.0
135.0 157.0
140.0 177.0
187.0 102.0
135.0 67.0
174.0 92.0
115.0 128.0
193.0 96.0
75.0 159.0
157.0 162.0
132.0 209.0
186.0 176.0
16.0 1.0
179.0 44.0
111.0 182.0
126.0 50.0
13.0 69.0
36.0 223.0
118.0 94.0
160.0 69.0
109.0 7.0
17.0 138.0
215.0 172.0
14.0 153.0
231.0 122.0
50.0 45.0
63.0 90.0
30.0 248.0
146.0 68.0
36.0 222.0
132.0 225.0
218.0 185.0
79.0 99.0
25.0 139.0
146.0 49.0
210.0 63.0
153.0 239.0
106.0 216.0
154.0 5.0
233.0 49.0
237.0 27.0
114.0 57.0
79.0 12.0
221.0 188.0
105.0 190.0
62.0 9.0
137.0 215.0
208.0 130.0
23.0 125.0
145.0 201.0
246.0 107.0
111.0 127.0
133.0 68.0
205.0 166.0
44.0 151.0
31.0 194.0
17.0 70.0
34.0 182.0
151.0 18.0
202.0 33.0
59.0 161.0
122.0 201.0
47.0 80.0
214.0 123.0
241.0 70.0
4.0 248.0
180.0 15.0
128.0 84.0
230.0 132.0
56.0 158.0
200.0 171.0
109.0 193.0
154.0 3.0
122.0 27.0
173.0 42.0
209.0 181.0
170.0 62.0
106.0 8.0
163.0 245.0
169.0 179.0
213.0 119.0
141.0 73.0
58.0 121.0
117.0 200.0
46.0 59.0
222.0 108.0
248.0 80.0
35.0 13.0
238.0 50.0
164.0 235.0
55.0 71.0
121.0 59.0
192.0 176.0
27.0 219.0
20.0 42.0
176.0 8.0
101.0 138.0
115.0 86.0
182.0 33.0
131.0 101.0
202.0 139.0
191.0 92.0
219.0 9.0
98.0 146.0
216.0 72.0
21.0 154.0
81.0 64.0
64.0 35.0
78.0 150.0
126.0 114.0
236.0 127.0
110.0 174.0
102.0 88.0
114.0 233.0
154.0 37.0
18.0 188.0
196.0 232.0
232.0 13.0
157.0 116.0
157.0 21.0
249.0 232.0
234.0 243.0
9.0 112.0
9.0 78.0
79.0 160.0
221.0 132.0
117.0 142.0
215.0 14.0
51.0 185.0
56.0 158.0
224.0 9.0
23.0 44.0
244.0 183.0
240.0 10.0
217.0 5.0
245.0 171.0
56.0 154.0
121.0 244.0
169.0 104.0
125.0 181.0
96.0 76.0
62.0 30.0
4.0 132.0
212.0 47.0
18.0 68.0
187.0 114.0
143.0 79.0
140.0 105.0
144.0 240.0
91.0 125.0
16.0 140.0
169.0 145.0
22.0 94.0
133.0 91.0
70.0 141.0
132.0 16.0
30.0 124.0
178.0 51.0
131.0 206.0
146.0 143.0
164.0 211.0
185.0 133.0
14.0 47.0
214.0 74.0
117.0 211.0
245.0 218.0
240.0 4.0
111.0 175.0
47.0 99.0
201.0 75.0
248.0 199.0
151.0 102.0
138.0 53.0
231.0 86.0
220.0 201.0
237.0 184.0
91.0 89.0
13.0 183.0
143.0 45.0
43.0 80.0
165.0 136.0
93.0 127.0
236.0 17.0
232.0 84.0
149.0 174.0
93.0 11.0
117.0 45.0
57.0 221.0
130.0 45.0
120.0 90.0
86.0 98.0
236.0 230.0
193.0 88.0
17.0 87.0
143.0 201.0
228.0 95.0
169.0 197.0
63.0 88.0
125.0 201.0
23.0 208.0
61.0 192.0
10.0 147.0
75.0 148.0
77.0 78.0
22.0 133.0
77.0 242.0
239.0 187.0
23.0 182.0
9.0 175.0
31.0 188.0
33.0 56.0
26.0 100.0
244.0 129.0
220.0 142.0
142.0 90.0
153.0 54.0
89.0 65.0
192.0 83.0
100.0 97.0
146.0 219.0
237.0 112.0
23.0 115.0
231.0 228.0
210.0 193.0
73.0 57.0
225.0 7.0
88.0 223.0
200.0 246.0
86.0 141.0
115.0 58.0
249.0 148.0
76.0 216.0
208.0 150.0
17.0 180.0
105.0 10.0
7.0 191.0
210.0 205.0
167.0 85.0
16.0 116.0
241.0 89.0
17.0 98.0
209.0 165.0
197.0 56.0
121.0 18.0
79.0 75.0
142.0 236.0
226.0 181.0
129.0 39.0
170.0 170.0
104.0 232.0
40.0 204.0
62.0 210.0
235.0 227.0
111.0 246.0
44.0 46.0
245.0 28.0
170.0 230.0
136.0 39.0
207.0 62.0
122.0 153.0
140.0 72.0
134.0 131.0
29.0 2.0
132.0 36.0
96.0 123.0
162.0 119.0
239.0 104.0
224.0 73.0
69.0 249.0
198.0 79.0
114.0 177.0
138.0 164.0
162.0 123.0
50.0 183.0
31.0 64.0
96.0 48.0
79.0 234.0
220.0 162.0
142.0 94.0
247.0 45.0
88.0 199.0
96.0 232.0
29.0 160.0
16.0 71.0
33.0 9.0
114.0 107.0
229.0 45.0
223.0 64.0
28.0 90.0
240.0 237.0
244.0 117.0
100.0 180.0
192.0 42.0
169.0 127.0
174.0 25.0
70.0 150.0
73.0 193.0
104.0 128.0
74.0 11.0
178.0 155.0
114.0 83.0
240.0 68.0
194.0 229.0
43.0 119.0
52.0 11.0
89.0 95.0
190.0 172.0
206.0 17.0
118.0 17.0
1.0 117.0
213.0 111.0
239.0 92.0
158.0 170.0
32.0 202.0
233.0 147.0
14.0 100.0
64.0 40.0
8.0 73.0
220.0 11.0
231.0 211.0
126.0 240.0
179.0 66.0
77.0 236.0
100.0 181.0
188.0 134.0
80.0 181.0
180.0 82.0
34.0 183.0
231.0 126.0
222.0 95.0
155.0 75.0
246.0 169.0
7.0 115.0
242.0 24.0
23.0 45.0
114.0 125.0
97.0 20.0
142.0 40.0
87.0 43.0
189.0 114.0
29.0 238.0
223.0 237.0
176.0 244.0
227.0 223.0
63.0 158.0
119.0 110.0
136.0 231.0
113.0 24.0
35.0 116.0
23.0 24.0
178.0 20.0
60.0 211.0
121.0 151.0
7.0 150.0
218.0 213.0
197.0 244.0
163.0 205.0
44.0 242.0
87.0 144.0
186.0 157.0
158.0 121.0
116.0 129.0
220.0 146.0
227.0 146.0
63.0 92.0
28.0 46.0
219.0 69.0
85.0 56.0
14.0 151.0
58.0 190.0
144.0 168.0
21.0 142.0
109.0 109.0
62.0 100.0
183.0 235.0
225.0 247.0
106.0 48.0
160.0 20.0
48.0 112.0
168.0 244.0
179.0 247.0
140.0 93.0
241.0 192.0
203.0 137.0
103.0 169.0
182.0 23.0
62.0 43.0
78.0 196.0
237.0 137.0
48.0 78.0
222.0 37.0
206.0 233.0
182.0 59.0
104.0 60.0
209.0 91.0
92.0 169.0
245.0 100.0
47.0 113.0
3.0 161.0
25.0 245.0
78.0 152.0
221.0 2.0
43.0 107.0
162.0 15.0
117.0 248.0
131.0 223.0
51.0 55.0
140.0 245.0
204.0 31.0
54.0 92.0
96.0 131.0
80.0 83.0
2.0 156.0
92.0 165.0
27.0 189.0
112.0 142.0
92.0 7.0
72.0 127.0
138.0 169.0
40.0 102.0
121.0 92.0
146.0 20.0
205.0 191.0
39.0 219.0
127.0 5.0
226.0 192.0
3.0 33.0
239.0 119.0
167.0 64.0
127.0 81.0
200.0 96.0
77.0 230.0
116.0 15.0
44.0 216.0
224.0 247.0
58.0 10.0
24.0 172.0
236.0 64.0
12.0 157.0
19.0 63.0
148.0 106.0
43.0 84.0
231.0 11.0
51.0 44.0
37.0 33.0
111.0 130.0
128.0 216.0
189.0 212.0
37.0 248.0
201.0 65.0
111.0 231.0
241.0 14.0
108.0 7.0
204.0 216.0
193.0 141.0
148.0 67.0
59.0 205.0
240.0 51.0
184.0 109.0
233.0 178.0
91.0 247.0
219.0 183.0
236.0 69.0
217.0 7.0
13.0 229.0
224.0 110.0
138.0 46.0
142.0 17.0
11.0 50.0
117.0 23.0
215.0 220.0
52.0 69.0
94.0 81.0
215.0 100.0
225.0 112.0
79.0 52.0
90.0 29.0
183.0 129.0
118.0 19.0
42.0 164.0
71.0 98.0
1.0 97.0
28.0 69.0
199.0 221.0
82.0 96.0
152.0 129.0
138.0 26.0
13.0 120.0
37.0 89.0
127.0 131.0
27.0 215.0
67.0 77.0
179.0 3.0
152.0 33.0
142.0 191.0
249.0 26.0
211.0 27.0
240.0 242.0
241.0 38.0
81.0 38.0
226.0 202.0
204.0 190.0
222.0 156.0
72.0 147.0
67.0 70.0
3.0 93.0
173.0 180.0
210.0 207.0
241.0 11.0
41.0 57.0
47.0 135.0
235.0 145.0
7.0 132.0
62.0 146.0
72.0 220.0
44.0 2.0
13.0 98.0
234.0 38.0
27.0 91.0
130.0 117.0
114.0 20.0
85.0 153.0
7.0 9.0
156.0 99.0
245.0 25.0
132.0 121.0
49.0 240.0
56.0 195.0
207.0 138.0
105.0 208.0
3.0 77.0
28.0 187.0
24.0 102.0
119.0 95.0
13.0 106.0
51.0 202.0
210.0 248.0
184.0 110.0
238.0 99.0
40.0 35.0
97.0 60.0
175.0 64.0
191.0 147.0
33.0 135.0
88.0 44.0
129.0 42.0
57.0 173.0
14.0 120.0
208.0 32.0
7.0 37.0
142.0 186.0
11.0 192.0
88.0 44.0
32.0 57.0
42.0 161.0
86.0 76.0
248.0 93.0
240.0 65.0
193.0 163.0
100.0 126.0
53.0 36.0
113.0 136.0
149.0 94.0
122.0 193.0
226.0 123.0
168.0 208.0
230.0 190.0
104.0 158.0
36.0 94.0
132.0 47.0
159.0 135.0
210.0 237.0
38.0 221.0
71.0 51.0
56.0 176.0
158.0 194.0
238.0 151.0
108.0 24.0
185.0 110.0
211.0 79.0
61.0 190.0
93.0 36.0
51.0 14.0
188.0 119.0
248.0 140.0
109.0 6.0
249.0 100.0
119.0 140.0
52.0 78.0
184.0 113.0
162.0 71.0
175.0 141.0
108.0 191.0
91.0 190.0
165.0 91.0
236.0 145.0
113.0 41.0
99.0 193.0
184.0 7.0
240.0 205.0
175.0 147.0
64.0 146.0
242.0 193.0
163.0 188.0
219.0 2.0
219.0 172.0
125.0 139.0
36.0 214.0
63.0 138.0
61.0 242.0
38.0 167.0
95.0 117.0
54.0 142.0
177.0 13.0
117.0 133.0
206.0 69.0
128.0 218.0
173.0 133.0
190.0 17.0
188.0 223.0
166.0 191.0
46.0 140.0
146.0 246.0
150.0 15.0
36.0 67.0
147.0 68.0
47.0 145.0
231.0 245.0
179.0 32.0
97.0 152.0
98.0 137.0
106.0 54.0
126.0 5.0
42.0 247.0
118.0 63.0
137.0 190.0
69.0 126.0
110.0 86.0
110.0 243.0
46.0 168.0
98.0 62.0
206.0 5.0
85.0 174.0
237.0 213.0
6.0 236.0
7.0 7.0
239.0 208.0
130.0 106.0
4.0 123.0
55.0 47.0
125.0 115.0
150.0 56.0
2.0 229.0
38.0 150.0
190.0 134.0
227.0 231.0
58.0 126.0
174.0 1.0
47.0 156.0
202.0 58.0
129.0 177.0
37.0 127.0
112.0 141.0
244.0 185.0
6.0 70.0
225.0 36.0
238.0 171.0
169.0 219.0
42.0 30.0
236.0 204.0
199.0 238.0
22.0 111.0
62.0 99.0
170.0 31.0
178.0 162.0
69.0 81.0
71.0 95.0
146.0 127.0
108.0 6.0
40.0 187.0
146.0 133.0
52.0 74.0
10.0 105.0
35.0 173.0
120.0 81.0
245.0 22.0
190.0 101.0
187.0 228.0
199.0 72.0
95.0 7.0
178.0 97.0
231.0 12.0
132.0 206.0
231.0 103.0
31.0 58.0
88.0 97.0
51.0 57.0
115.0 45.0
124.0 80.0
94.0 175.0
119.0 116.0
89.0 190.0
58.0 165.0
4.0 178.0
102.0 47.0
237.0 198.0
52.0 111.0
134.0 174.0
244.0 119.0
220.0 46.0
205.0 151.0
34.0 163.0
68.0 207.0
183.0 16.0
246.0 212.0
46.0 155.0
230.0 223.0
129.0 19.0
144.0 178.0
137.0 150.0
44.0 106.0
118.0 137.0
212.0 16.0
133.0 147.0
69.0 249.0
181.0 4.0
75.0 155.0
210.0 55.0
115.0 234.0
60.0 155.0
122.0 237.0
46.0 134.0
51.0 249.0
164.0 212.0
82.0 109.0
233.0 87.0
46.0 73.0
100.0 42.0
78.0 197.0
85.0 182.0
104.0 234.0
169.0 1.0
53.0 119.0
226.0 30.0
28.0 237.0
189.0 143.0
184.0 170.0
59.0 135.0
191.0 221.0
30.0 26.0
155.0 64.0
18.0 100.0
228.0 175.0
232.0 226.0
181.0 32.0
211.0 116.0
31.0 92.0
78.0 195.0
129.0 183.0
78.0 97.0
169.0 180.0
2.0 92.0
147.0 226.0
207.0 98.0
118.0 8.0
206.0 190.0
144.0 196.0
157.0 135.0
156.0 214.0
107.0 10.0
11.0 47.0
186.0 33.0
68.0 144.0
246.0 48.0
213.0 243.0
247.0 177.0
25.0 51.0
26.0 202.0
117.0 227.0
123.0 45.0
14.0 232.0
162.0 61.0
178.0 125.0
98.0 135.0
197.0 222.0
208.0 143.0
123.0 89.0
2.0 183.0
73.0 170.0
51.0 233.0
245.0 119.0
50.0 26.0
56.0 31.0
229.0 181.0
187.0 18.0
55.0 242.0
123.0 187.0
212.0 48.0
92.0 96.0
177.0 203.0
122.0 130.0
15.0 209.0
237.0 235.0
61.0 141.0
141.0 78.0
19.0 56.0
38.0 211.0
244.0 137.0
53.0 155.0
125.0 157.0
39.0 137.0
211.0 117.0
106.0 249.0
116.0 17.0
20.0 146.0
223.0 18.0
201.0 182.0
100.0 44.0
88.0 206.0
31.0 226.0
211.0 68.0
168.0 113.0
137.0 172.0
126.0 165.0
234.0 230.0
123.0 92.0
50.0 219.0
119.0 168.0
142.0 43.0
180.0 213.0
4.0 19.0
150.0 0.0
64.0 97.0
237.0 153.0
29.0 33.0
195.0 160.0
164.0 44.0
118.0 210.0
169.0 64.0
133.0 85.0
99.0 243.0
133.0 197.0
138.0 169.0
219.0 134.0
27.0 105.0
109.0 167.0
91.0 77.0
70.0 221.0
45.0 238.0
246.0 118.0
133.0 222.0
56.0 236.0
176.0 27.0
186.0 23.0
189.0 29.0
198.0 108.0
31.0 29.0
162.0 94.0
117.0 71.0
223.0 152.0
29.0 48.0
108.0 116.0
187.0 217.0
136.0 71.0
37.0 17.0
96.0 17.0
44.0 163.0
184.0 230.0
67.0 74.0
239.0 14.0
39.0 198.0
96.0 93.0
145.0 187.0
170.0 231.0
48.0 102.0
214.0 178.0
235.0 223.0
235.0 162.0
155.0 35.0
147.0 170.0
92.0 68.0
13.0 86.0
76.0 52.0
72.0 66.0
157.0 186.0
49.0 92.0
195.0 109.0
50.0 215.0
143.0 239.0
169.0 50.0
90.0 201.0
243.0 145.0
160.0 138.0
248.0 190.0
172.0 238.0
149.0 37.0
23.0 157.0
71.0 135.0
71.0 46.0
234.0 229.0
115.0 227.0
140.0 32.0
121.0 116.0
80.0 125.0
164.0 46.0
74.0 142.0
101.0 226.0
188.0 132.0
89.0 115.0
213.0 29.0
77.0 57.0
38.0 248.0
8.0 95.0
53.0 208.0
243.0 184.0
59.0 180.0
58.0 86.0
142.0 136.0
119.0 58.0
107.0 116.0
135.0 225.0
60.0 172.0
242.0 124.0
99.0 24.0
186.0 213.0
101.0 121.0
222.0 168.0
158.0 104.0
187.0 157.0
48.0 1.0
35.0 48.0
161.0 21.0
160.0 91.0
143.0 148.0
179.0 172.0
52.0 38.0
123.0 58.0
155.0 33.0
75.0 91.0
56.0 178.0
94.0 132.0
141.0 177.0
76.0 95.0
158.0 44.0
18.0 239.0
51.0 25.0
218.0 179.0
232.0 157.0
245.0 172.0
38.0 167.0
86.0 5.0
188.0 210.0
189.0 163.0
98.0 19.0
169.0 240.0
12.0 89.0
35.0 137.0
170.0 99.0
75.0 136.0
87.0 58.0
125.0 27.0
70.0 18.0
244.0 238.0
143.0 210.0
144.0 27.0
134.0 61.0
16.0 78.0
243.0 84.0
234.0 148.0
190.0 230.0
195.0 10.0
155.0 50.0
160.0 213.0
238.0 139.0
223.0 19.0
1.0 103.0
151.0 162.0
223.0 113.0
96.0 172.0
44.0 187.0
44.0 37.0
249.0 133.0
140.0 55.0
0.0 163.0
107.0 36.0
141.0 245.0
37.0 84.0
1.0 68.0
156.0 237.0
208.0 67.0
197.0 67.0
63.0 17.0
111.0 148.0
90.0 249.0
140.0 129.0
217.0 137.0
93.0 177.0
63.0 33.0
226.0 150.0
152.0 159.0
201.0 171.0
178.0 30.0
133.0 54.0
248.0 29.0
93.0 138.0
105.0 80.0
193.0 115.0
141.0 178.0
242.0 24.0
67.0 84.0
229.0 121.0
180.0 73.0
246.0 180.0
224.0 175.0

101.0 226.0
254.0 5.0
151.0 97.0
22.0 138.0
132.0 63.0
191.0 138.0
195.0 70.0
53.0 182.0
191.0 244.0
37.0 109.0
161.0 221.0
139.0 162.0
145.0 182.0
192.0 106.0
140.0 72.0
178.0 97.0
120.0 133.0
197.0 101.0
79.0 163.0
163.0 168.0
138.0 214.0
191.0 180.0
22.0 6.0
185.0 49.0
115.0 187.0
130.0 54.0
18.0 75.0
41.0 228.0
123.0 100.0
166.0 74.0
115.0 12.0
23.0 143.0
220.0 177.0
19.0 159.0
237.0 127.0
55.0 51.0
67.0 95.0
35.0 253.0
151.0 73.0
40.0 227.0
138.0 230.0
223.0 190.0
85.0 104.0
30.0 144.0
151.0 55.0
214.0 68.0
158.0 244.0
111.0 221.0
160.0 10.0
239.0 55.0
242.0 33.0
119.0 63.0
84.0 16.0
226.0 194.0
110.0 195.0
67.0 13.0
142.0 220.0
212.0 135.0
29.0 131.0
149.0 207.0
251.0 113.0
116.0 132.0
139.0 73.0
210.0 171.0
48.0 156.0
37.0 200.0
22.0 75.0
38.0 187.0
157.0 23.0
207.0 38.0
65.0 166.0
127.0 205.0
51.0 85.0
219.0 128.0
247.0 75.0
10.0 254.0
186.0 21.0
133.0 89.0
235.0 138.0
60.0 162.0
204.0 177.0
113.0 198.0
159.0 8.0
127.0 31.0
178.0 47.0
214.0 185.0
175.0 68.0
111.0 14.0
168.0 250.0
174.0 184.0
218.0 124.0
147.0 77.0
62.0 127.0
121.0 205.0
51.0 65.0
228.0 114.0
254.0 85.0
41.0 17.0
243.0 54.0
169.0 240.0
60.0 75.0
126.0 64.0
198.0 182.0
33.0 225.0
25.0 47.0
181.0 13.0
106.0 142.0
119.0 91.0
186.0 37.0
136.0 105.0
206.0 145.0
196.0 97.0
224.0 13.0
102.0 150.0
222.0 76.0
26.0 158.0
85.0 68.0
68.0 40.0
83.0 154.0
131.0 118.0
242.0 132.0
115.0 178.0
108.0 94.0
119.0 238.0
159.0 43.0
23.0 192.0
200.0 237.0
237.0 18.0
163.0 120.0
162.0 25.0
254.0 236.0
239.0 249.0
14.0 117.0
13.0 83.0
83.0 165.0
227.0 138.0
121.0 147.0
221.0 20.0
55.0 189.0
60.0 162.0
229.0 15.0
28.0 50.0
248.0 188.0
245.0 16.0
223.0 10.0
250.0 176.0
61.0 159.0
127.0 249.0
175.0 110.0
131.0 187.0
101.0 81.0
68.0 35.0
8.0 138.0
216.0 52.0
24.0 73.0
191.0 119.0
148.0 84.0
145.0 109.0
150.0 245.0
95.0 131.0
21.0 145.0
175.0 150.0
26.0 98.0
137.0 97.0
76.0 145.0
137.0 22.0
34.0 128.0
183.0 57.0
135.0 211.0
150.0 148.0
169.0 215.0
191.0 138.0
20.0 52.0
219.0 80.0
121.0 216.0
251.0 224.0
245.0 9.0
116.0 180.0
51.0 103.0
206.0 80.0
254.0 204.0
156.0 107.0
143.0 58.0
236.0 91.0
224.0 206.0
242.0 190.0
95.0 95.0
17.0 189.0
149.0 50.0
48.0 86.0
171.0 141.0
98.0 132.0
242.0 23.0
238.0 89.0
153.0 178.0
98.0 15.0
121.0 50.0
61.0 226.0
134.0 50.0
125.0 94.0
92.0 103.0
240.0 236.0
199.0 93.0
22.0 91.0
148.0 206.0
233.0 100.0
175.0 202.0
68.0 93.0
130.0 205.0
28.0 212.0
67.0 197.0
15.0 152.0
81.0 153.0
82.0 83.0
27.0 138.0
83.0 246.0
244.0 192.0
28.0 187.0
13.0 179.0
36.0 193.0
39.0 60.0
31.0 105.0
248.0 135.0
226.0 146.0
148.0 95.0
158.0 58.0
94.0 70.0
197.0 88.0
106.0 101.0
150.0 224.0
242.0 117.0
28.0 120.0
237.0 234.0
215.0 199.0
77.0 62.0
230.0 13.0
94.0 229.0
204.0 250.0
90.0 147.0
119.0 63.0
254.0 154.0
80.0 221.0
214.0 156.0
23.0 185.0
109.0 16.0
13.0 196.0
215.0 210.0
172.0 90.0
22.0 120.0
247.0 94.0
23.0 103.0
214.0 170.0
202.0 61.0
126.0 23.0
85.0 80.0
147.0 240.0
231.0 187.0
134.0 43.0
174.0 174.0
109.0 236.0
45.0 208.0
67.0 215.0
239.0 233.0
115.0 252.0
49.0 51.0
250.0 34.0
175.0 236.0
140.0 43.0
211.0 67.0
127.0 158.0
144.0 77.0
139.0 137.0
33.0 6.0
136.0 42.0
100.0 127.0
168.0 124.0
244.0 108.0
229.0 77.0
73.0 255.0
203.0 84.0
119.0 183.0
143.0 169.0
168.0 129.0
56.0 188.0
36.0 69.0
101.0 53.0
84.0 240.0
224.0 166.0
147.0 100.0
253.0 49.0
94.0 204.0
102.0 238.0
34.0 165.0
21.0 76.0
38.0 13.0
118.0 113.0
233.0 50.0
228.0 68.0
33.0 96.0
246.0 242.0
249.0 121.0
105.0 184.0
197.0 47.0
174.0 131.0
179.0 30.0
76.0 156.0
78.0 198.0
108.0 133.0
80.0 15.0
182.0 160.0
120.0 88.0
245.0 73.0
200.0 234.0
47.0 125.0
57.0 16.0
95.0 100.0
196.0 177.0
211.0 22.0
122.0 23.0
5.0 122.0
217.0 117.0
243.0 97.0
163.0 174.0
38.0 207.0
238.0 151.0
18.0 105.0
69.0 45.0
13.0 79.0
224.0 17.0
236.0 216.0
130.0 244.0
185.0 71.0
82.0 240.0
105.0 186.0
193.0 140.0
84.0 186.0
185.0 87.0
39.0 188.0
237.0 132.0
227.0 100.0
159.0 80.0
251.0 173.0
13.0 121.0
247.0 29.0
28.0 50.0
119.0 131.0
101.0 25.0
148.0 44.0
92.0 48.0
195.0 119.0
35.0 243.0
229.0 243.0
180.0 248.0
233.0 228.0
69.0 164.0
124.0 115.0
141.0 236.0
119.0 28.0
40.0 121.0
28.0 28.0
184.0 25.0
65.0 216.0
127.0 156.0
11.0 155.0
224.0 219.0
201.0 249.0
168.0 210.0
48.0 247.0
92.0 149.0
191.0 162.0
164.0 126.0
120.0 133.0
225.0 151.0
231.0 151.0
69.0 97.0
33.0 50.0
223.0 73.0
90.0 61.0
19.0 156.0
63.0 195.0
150.0 173.0
26.0 147.0
115.0 115.0
67.0 106.0
189.0 240.0
230.0 253.0
111.0 53.0
166.0 25.0
54.0 117.0
173.0 249.0
184.0 252.0
146.0 98.0
246.0 197.0
208.0 142.0
109.0 175.0
188.0 28.0
68.0 48.0
83.0 202.0
242.0 141.0
53.0 83.0
227.0 43.0
211.0 238.0
186.0 64.0
109.0 66.0
214.0 96.0
97.0 173.0
251.0 105.0
51.0 118.0
8.0 166.0
29.0 249.0
83.0 157.0
226.0 7.0
48.0 112.0
167.0 20.0
121.0 254.0
136.0 227.0
56.0 59.0
144.0 249.0
208.0 36.0
60.0 96.0
100.0 136.0
84.0 88.0
7.0 161.0
96.0 170.0
32.0 195.0
118.0 146.0
97.0 13.0
77.0 133.0
143.0 174.0
45.0 107.0
127.0 97.0
152.0 24.0
210.0 195.0
45.0 224.0
132.0 11.0
232.0 198.0
9.0 39.0
244.0 124.0
172.0 70.0
133.0 87.0
204.0 100.0
82.0 235.0
121.0 20.0
49.0 220.0
229.0 252.0
63.0 16.0
29.0 177.0
240.0 69.0
17.0 163.0
24.0 67.0
153.0 111.0
48.0 88.0
236.0 16.0
57.0 50.0
43.0 38.0
116.0 135.0
134.0 222.0
194.0 217.0
42.0 252.0
206.0 71.0
116.0 235.0
247.0 19.0
113.0 12.0
209.0 221.0
198.0 146.0
153.0 73.0
63.0 211.0
246.0 55.0
188.0 114.0
238.0 182.0
97.0 252.0
223.0 187.0
241.0 73.0
223.0 11.0
18.0 234.0
228.0 115.0
142.0 50.0
147.0 21.0
17.0 56.0
122.0 27.0
220.0 225.0
57.0 73.0
99.0 87.0
219.0 106.0
230.0 116.0
85.0 56.0
95.0 33.0
188.0 133.0
122.0 25.0
46.0 168.0
76.0 103.0
6.0 102.0
34.0 74.0
204.0 226.0
88.0 102.0
156.0 135.0
144.0 31.0
17.0 125.0
41.0 94.0
133.0 136.0
32.0 220.0
72.0 83.0
183.0 8.0
157.0 39.0
147.0 195.0
254.0 30.0
216.0 31.0
246.0 247.0
247.0 42.0
86.0 43.0
231.0 207.0
209.0 196.0
227.0 161.0
78.0 152.0
71.0 74.0
9.0 98.0
179.0 186.0
214.0 212.0
247.0 16.0
46.0 63.0
52.0 140.0
240.0 150.0
13.0 137.0
67.0 151.0
77.0 226.0
50.0 7.0
17.0 103.0
239.0 43.0
32.0 96.0
135.0 123.0
118.0 26.0
90.0 158.0
12.0 15.0
161.0 105.0
249.0 30.0
137.0 126.0
54.0 245.0
61.0 199.0
213.0 143.0
110.0 214.0
7.0 83.0
32.0 191.0
29.0 107.0
123.0 101.0
18.0 111.0
55.0 208.0
215.0 254.0
189.0 115.0
243.0 103.0
45.0 40.0
102.0 65.0
179.0 70.0
196.0 152.0
38.0 139.0
92.0 50.0
133.0 46.0
63.0 178.0
19.0 125.0
213.0 37.0
12.0 41.0
147.0 191.0
17.0 197.0
94.0 50.0
37.0 62.0
46.0 167.0
91.0 81.0
253.0 98.0
244.0 70.0
199.0 168.0
105.0 131.0
57.0 42.0
117.0 141.0
155.0 99.0
128.0 198.0
231.0 129.0
174.0 214.0
234.0 196.0
109.0 163.0
40.0 99.0
136.0 52.0
164.0 141.0
215.0 243.0
44.0 226.0
76.0 55.0
61.0 182.0
164.0 200.0
243.0 155.0
113.0 30.0
190.0 115.0
216.0 85.0
65.0 195.0
97.0 41.0
56.0 20.0
194.0 125.0
252.0 145.0
114.0 11.0
253.0 105.0
124.0 144.0
57.0 84.0
189.0 118.0
167.0 75.0
179.0 147.0
113.0 197.0
95.0 195.0
170.0 95.0
240.0 149.0
118.0 46.0
104.0 198.0
190.0 12.0
246.0 211.0
179.0 152.0
69.0 150.0
247.0 199.0
167.0 193.0
224.0 7.0
224.0 177.0
130.0 144.0
40.0 219.0
69.0 144.0
65.0 247.0
43.0 172.0
101.0 123.0
58.0 147.0
182.0 18.0
122.0 139.0
210.0 75.0
134.0 223.0
178.0 139.0
195.0 22.0
192.0 228.0
170.0 196.0
51.0 145.0
150.0 250.0
154.0 20.0
40.0 72.0
152.0 73.0
52.0 151.0
236.0 250.0
185.0 37.0
103.0 158.0
104.0 141.0
111.0 59.0
130.0 9.0
47.0 253.0
124.0 68.0
142.0 195.0
74.0 132.0
116.0 91.0
115.0 247.0
51.0 173.0
104.0 67.0
210.0 10.0
89.0 178.0
242.0 218.0
11.0 241.0
11.0 11.0
245.0 213.0
135.0 110.0
8.0 129.0
60.0 52.0
129.0 121.0
155.0 61.0
7.0 233.0
43.0 156.0
195.0 140.0
232.0 237.0
63.0 132.0
180.0 5.0
52.0 162.0
207.0 63.0
133.0 181.0
43.0 131.0
116.0 145.0
249.0 189.0
12.0 74.0
230.0 41.0
243.0 175.0
174.0 224.0
47.0 35.0
242.0 208.0
204.0 242.0
27.0 116.0
68.0 104.0
175.0 35.0
183.0 167.0
73.0 87.0
76.0 99.0
151.0 133.0
113.0 11.0
45.0 191.0
151.0 138.0
58.0 80.0
15.0 110.0
40.0 179.0
124.0 87.0
249.0 28.0
195.0 105.0
192.0 232.0
204.0 77.0
101.0 13.0
182.0 102.0
237.0 17.0
138.0 210.0
236.0 108.0
36.0 63.0
93.0 102.0
56.0 62.0
119.0 49.0
128.0 84.0
99.0 180.0
124.0 121.0
93.0 194.0
64.0 169.0
10.0 182.0
108.0 53.0
242.0 202.0
57.0 117.0
140.0 179.0
249.0 124.0
225.0 52.0
210.0 155.0
40.0 168.0
73.0 211.0
188.0 22.0
251.0 218.0
51.0 160.0
235.0 228.0
134.0 24.0
149.0 184.0
142.0 155.0
49.0 112.0
122.0 143.0
217.0 21.0
137.0 151.0
74.0 254.0
187.0 9.0
79.0 159.0
215.0 59.0
120.0 239.0
66.0 160.0
127.0 243.0
50.0 140.0
57.0 253.0
169.0 217.0
86.0 114.0
237.0 93.0
52.0 77.0
106.0 46.0
83.0 203.0
89.0 188.0
109.0 238.0
174.0 6.0
58.0 124.0
230.0 35.0
33.0 243.0
194.0 149.0
188.0 175.0
63.0 139.0
196.0 227.0
36.0 32.0
160.0 69.0
24.0 106.0
234.0 180.0
236.0 232.0
186.0 37.0
217.0 121.0
36.0 97.0
82.0 199.0
134.0 188.0
83.0 101.0
175.0 186.0
7.0 97.0
152.0 232.0
212.0 103.0
122.0 12.0
211.0 195.0
149.0 201.0
161.0 140.0
161.0 218.0
112.0 16.0
15.0 53.0
192.0 38.0
72.0 150.0
250.0 52.0
218.0 249.0
252.0 181.0
31.0 55.0
31.0 208.0
122.0 233.0
127.0 51.0
19.0 238.0
167.0 65.0
183.0 131.0
104.0 140.0
202.0 228.0
213.0 148.0
127.0 93.0
8.0 189.0
78.0 175.0
56.0 238.0
251.0 125.0
55.0 32.0
61.0 36.0
234.0 186.0
191.0 22.0
59.0 248.0
128.0 192.0
217.0 53.0
97.0 101.0
183.0 208.0
127.0 134.0
20.0 214.0
242.0 239.0
66.0 145.0
146.0 82.0
24.0 61.0
43.0 215.0
250.0 143.0
57.0 159.0
130.0 162.0
43.0 142.0
216.0 122.0
112.0 253.0
122.0 22.0
26.0 152.0
227.0 24.0
206.0 187.0
105.0 50.0
94.0 211.0
37.0 230.0
217.0 74.0
173.0 118.0
141.0 178.0
132.0 171.0
239.0 234.0
128.0 96.0
54.0 225.0
123.0 173.0
147.0 47.0
186.0 217.0
10.0 24.0
154.0 5.0
69.0 103.0
241.0 158.0
35.0 37.0
201.0 164.0
170.0 50.0
123.0 215.0
175.0 69.0
139.0 89.0
104.0 249.0
138.0 202.0
144.0 173.0
224.0 138.0
33.0 110.0
114.0 173.0
96.0 82.0
76.0 226.0
51.0 242.0
251.0 123.0
139.0 228.0
61.0 241.0
182.0 32.0
191.0 27.0
194.0 34.0
204.0 113.0
36.0 33.0
168.0 98.0
123.0 76.0
228.0 158.0
34.0 53.0
114.0 121.0
192.0 222.0
141.0 76.0
41.0 21.0
100.0 22.0
49.0 168.0
188.0 235.0
72.0 79.0
245.0 20.0
45.0 202.0
101.0 99.0
150.0 192.0
175.0 236.0
54.0 108.0
220.0 183.0
241.0 227.0
240.0 166.0
160.0 39.0
152.0 175.0
96.0 74.0
17.0 92.0
81.0 58.0
77.0 71.0
163.0 192.0
55.0 97.0
201.0 115.0
56.0 221.0
148.0 243.0
175.0 54.0
96.0 207.0
248.0 151.0
165.0 144.0
252.0 196.0
177.0 243.0
155.0 43.0
29.0 162.0
76.0 141.0
75.0 50.0
238.0 234.0
121.0 233.0
144.0 37.0
126.0 121.0
84.0 129.0
170.0 51.0
78.0 148.0
107.0 231.0
192.0 138.0
94.0 121.0
219.0 35.0
81.0 61.0
43.0 253.0
12.0 99.0
58.0 213.0
248.0 189.0
65.0 185.0
63.0 92.0
148.0 142.0
123.0 64.0
112.0 120.0
141.0 230.0
64.0 176.0
247.0 129.0
104.0 28.0
191.0 218.0
105.0 125.0
227.0 174.0
164.0 109.0
192.0 161.0
53.0 7.0
39.0 53.0
166.0 26.0
165.0 97.0
147.0 153.0
185.0 178.0
57.0 43.0
128.0 64.0
160.0 38.0
79.0 96.0
60.0 183.0
100.0 137.0
146.0 182.0
80.0 99.0
163.0 49.0
24.0 243.0
56.0 30.0
222.0 183.0
238.0 161.0
249.0 178.0
44.0 172.0
91.0 10.0
194.0 215.0
193.0 168.0
103.0 24.0
174.0 246.0
16.0 94.0
41.0 142.0
174.0 104.0
80.0 141.0
91.0 63.0
129.0 33.0
74.0 22.0
249.0 242.0
149.0 216.0
149.0 32.0
138.0 67.0
22.0 83.0
248.0 89.0
238.0 152.0
195.0 235.0
200.0 15.0
161.0 56.0
164.0 219.0
244.0 145.0
228.0 24.0
7.0 108.0
155.0 166.0
228.0 119.0
100.0 178.0
48.0 191.0
49.0 42.0
254.0 138.0
145.0 60.0
5.0 169.0
112.0 40.0
147.0 251.0
42.0 90.0
6.0 73.0
161.0 241.0
213.0 72.0
201.0 71.0
68.0 23.0
115.0 153.0
94.0 254.0
145.0 134.0
221.0 141.0
98.0 183.0
68.0 38.0
231.0 154.0
156.0 164.0
206.0 176.0
183.0 35.0
139.0 60.0
252.0 34.0
98.0 143.0
110.0 85.0
198.0 120.0
145.0 184.0
247.0 30.0
72.0 89.0
234.0 126.0
186.0 78.0
252.0 185.0
230.0 180.0
