1
1024 1 3.0 0.0 1000.0 3 160 240 100

6.5 13.5 29.3 58.5
13.0 27.0 58.5 117.0
19.5 40.5 87.8 175.5
26.0 54.0 117.0 234.0
39.0 81.0 175.5 351.0
52.0 108.0 234.0 468.0
58.5 121.5 263.3 526.5
65.0 135.0 292.5 585.0
78.0 162.0 351.0 702.0
0.0 180.0 390.0 780.0

2.0 5.0 8.0 11.0
5.0 8.0 11.0 14.0
9.0 12.0 15.0 18.0
11.0 14.0 17.0 20.0
15.0 18.0 21.0 24.0
18.0 21.0 24.0 27.0
20.0 23.0 26.0 29.0
25.0 28.0 31.0 34.0
29.0 32.0 35.0 38.0
0.0 34.0 37.0 40.0

143.0 38.0
28.0 185.0
74.0 100.0
209.0 142.0
157.0 173.0
115.0 154.0
2.0 169.0
92.0 154.0
16.0 154.0
23.0 17.0
5.0 65.0
140.0 200.0
114.0 107.0
153.0 215.0
155.0 103.0
206.0 132.0
7.0 156.0
203.0 125.0
32.0 24.0
141.0 115.0
52.0 196.0
125.0 153.0
217.0 188.0
60.0 223.0
165.0 172.0
97.0 231.0
211.0 86.0
178.0 240.0
59.0 219.0
143.0 85.0
161.0 27.0
118.0 60.0
103.0 61.0
22.0 173.0
2.0 142.0
39.0 53.0
171.0 22.0
13.0 128.0
166.0 65.0
236.0 15.0
100.0 39.0
223.0 130.0
201.0 186.0
58.0 91.0
139.0 46.0
34.0 32.0
207.0 70.0
46.0 33.0
19.0 108.0
80.0 159.0
186.0 206.0
148.0 182.0
248.0 169.0
111.0 121.0
203.0 175.0
142.0 29.0
38.0 57.0
130.0 41.0
222.0 136.0
147.0 3.0
204.0 106.0
179.0 50.0
236.0 240.0
86.0 93.0
192.0 23.0
141.0 196.0
86.0 114.0
232.0 189.0
84.0 131.0
191.0 122.0
73.0 16.0
221.0 14.0
227.0 108.0
13.0 155.0
248.0 62.0
136.0 16.0
95.0 100.0
169.0 166.0
8.0 129.0
54.0 112.0
17.0 71.0
231.0 94.0
115.0 71.0
182.0 136.0
149.0 45.0
66.0 234.0
14.0 122.0
191.0 134.0
47.0 70.0
134.0 189.0
88.0 104.0
136.0 128.0
247.0 77.0
190.0 100.0
203.0 68.0
93.0 211.0
198.0 221.0
248.0 22.0
188.0 5.0
111.0 118.0
182.0 102.0
194.0 86.0
109.0 230.0
142.0 130.0
110.0 227.0
175.0 57.0
232.0 80.0
39.0 201.0
44.0 100.0
123.0 182.0
22.0 49.0
19.0 169.0
94.0 55.0
57.0 175.0
82.0 230.0
209.0 185.0
47.0 214.0
29.0 247.0
140.0 188.0
144.0 237.0
114.0 189.0
88.0 26.0
205.0 153.0
110.0 136.0
164.0 157.0
144.0 12.0
36.0 136.0
179.0 91.0
77.0 186.0
97.0 186.0
35.0 110.0
93.0 1.0
77.0 176.0
119.0 144.0
184.0 128.0
94.0 96.0
191.0 51.0
196.0 135.0
168.0 244.0
93.0 28.0
186.0 78.0
75.0 130.0
45.0 127.0
46.0 69.0
130.0 171.0
228.0 40.0
96.0 225.0
162.0 11.0
183.0 78.0
212.0 218.0
222.0 121.0
69.0 167.0
13.0 61.0
46.0 108.0
22.0 195.0
65.0 85.0
189.0 196.0
239.0 174.0
172.0 223.0
75.0 99.0
199.0 176.0
86.0 241.0
227.0 33.0
192.0 100.0
200.0 226.0
107.0 97.0
233.0 97.0
175.0 146.0
139.0 31.0
13.0 17.0
5.0 182.0
31.0 40.0
103.0 14.0
60.0 50.0
216.0 186.0
53.0 244.0
46.0 137.0
180.0 221.0
157.0 34.0
196.0 15.0
243.0 49.0
1.0 3.0
52.0 7.0
155.0 128.0
121.0 1.0
145.0 197.0
48.0 133.0
31.0 65.0
64.0 117.0
163.0 89.0
8.0 9.0
199.0 45.0
99.0 179.0
1.0 9.0
229.0 186.0
17.0 22.0
55.0 16.0
98.0 171.0
215.0 238.0
234.0 20.0
101.0 156.0
21.0 162.0
122.0 139.0
241.0 188.0
12.0 87.0
228.0 219.0
7.0 74.0
21.0 191.0
54.0 25.0
115.0 143.0
8.0 66.0
185.0 73.0
110.0 50.0
205.0 8.0
69.0 24.0
223.0 205.0
167.0 238.0
99.0 15.0
94.0 118.0
71.0 202.0
43.0 165.0
88.0 121.0
155.0 74.0
159.0 177.0
227.0 164.0
23.0 82.0
126.0 37.0
19.0 221.0
216.0 192.0
83.0 14.0
115.0 115.0
120.0 209.0
202.0 210.0
69.0 113.0
77.0 231.0
21.0 83.0
12.0 171.0
86.0 150.0
229.0 168.0
245.0 223.0
156.0 11.0
4.0 125.0
138.0 162.0
225.0 32.0
113.0 15.0
54.0 190.0
114.0 186.0
214.0 110.0
234.0 172.0
203.0 235.0
30.0 45.0
29.0 154.0
135.0 161.0
172.0 246.0
188.0 152.0
250.0 185.0
201.0 78.0
224.0 70.0
121.0 115.0
248.0 249.0
79.0 37.0
97.0 204.0
190.0 6.0
184.0 208.0
44.0 20.0
208.0 241.0
111.0 197.0
76.0 247.0
89.0 94.0
5.0 97.0
29.0 120.0
85.0 219.0
145.0 128.0
83.0 131.0
27.0 98.0
128.0 208.0
28.0 139.0
203.0 55.0
177.0 98.0
200.0 183.0
8.0 118.0
79.0 240.0
29.0 56.0
33.0 117.0
113.0 246.0
57.0 55.0
139.0 128.0
206.0 198.0
50.0 99.0
68.0 101.0
34.0 4.0
96.0 2.0
113.0 221.0
226.0 239.0
225.0 155.0
28.0 15.0
207.0 203.0
197.0 1.0
145.0 142.0
17.0 109.0
111.0 127.0
213.0 48.0
143.0 109.0
213.0 122.0
103.0 12.0
105.0 18.0
149.0 81.0
179.0 143.0
78.0 127.0
231.0 160.0
148.0 203.0
127.0 142.0
26.0 58.0
182.0 119.0
73.0 36.0
241.0 69.0
5.0 139.0
123.0 248.0
7.0 37.0
202.0 37.0
222.0 135.0
160.0 74.0
56.0 97.0
51.0 227.0
107.0 49.0
102.0 46.0
27.0 18.0
5.0 131.0
1.0 169.0
247.0 178.0
32.0 46.0
114.0 9.0
81.0 244.0
52.0 230.0
142.0 91.0
116.0 193.0
153.0 153.0
90.0 36.0
222.0 2.0
132.0 99.0
180.0 198.0
138.0 111.0
64.0 34.0
68.0 84.0
178.0 143.0
44.0 165.0
198.0 118.0
96.0 23.0
99.0 128.0
234.0 140.0
1.0 67.0
99.0 214.0
78.0 73.0
247.0 154.0
245.0 95.0
196.0 15.0
172.0 213.0
158.0 224.0
180.0 16.0
221.0 61.0
210.0 121.0
22.0 137.0
54.0 5.0
45.0 196.0
136.0 115.0
222.0 108.0
186.0 47.0
94.0 7.0
208.0 147.0
77.0 80.0
208.0 185.0
213.0 60.0
202.0 78.0
99.0 66.0
116.0 213.0
222.0 234.0
209.0 191.0
25.0 130.0
245.0 178.0
72.0 26.0
193.0 78.0
240.0 159.0
43.0 58.0
199.0 181.0
145.0 30.0
220.0 28.0
28.0 7.0
209.0 55.0
240.0 38.0
121.0 50.0
40.0 34.0
31.0 62.0
99.0 53.0
144.0 78.0
175.0 240.0
143.0 79.0
45.0 109.0
35.0 133.0
20.0 237.0
12.0 205.0
222.0 196.0
118.0 189.0
60.0 135.0
114.0 231.0
204.0 8.0
209.0 231.0
142.0 201.0
163.0 195.0
215.0 185.0
68.0 221.0
113.0 89.0
177.0 160.0
93.0 176.0
228.0 94.0
16.0 250.0
240.0 80.0
116.0 102.0
109.0 148.0
198.0 149.0
113.0 134.0
65.0 240.0
21.0 223.0
239.0 171.0
42.0 145.0
158.0 3.0
186.0 28.0
41.0 87.0
150.0 224.0
214.0 43.0
164.0 246.0
230.0 197.0
46.0 245.0
189.0 103.0
34.0 44.0
227.0 43.0
250.0 42.0
196.0 237.0
240.0 112.0
129.0 47.0
95.0 197.0
145.0 27.0
191.0 101.0
7.0 219.0
199.0 41.0
115.0 182.0
17.0 97.0
16.0 36.0
151.0 245.0
98.0 116.0
86.0 238.0
171.0 145.0
26.0 132.0
224.0 166.0
181.0 119.0
185.0 242.0
112.0 74.0
108.0 48.0
178.0 98.0
227.0 7.0
217.0 110.0
182.0 184.0
140.0 123.0
234.0 239.0
188.0 148.0
141.0 30.0
164.0 222.0
150.0 30.0
5.0 141.0
132.0 25.0
135.0 17.0
215.0 141.0
93.0 101.0
50.0 37.0
246.0 140.0
186.0 180.0
211.0 71.0
83.0 179.0
165.0 182.0
101.0 210.0
49.0 201.0
114.0 127.0
218.0 39.0
227.0 179.0
161.0 31.0
112.0 53.0
226.0 40.0
59.0 22.0
101.0 117.0
145.0 62.0
102.0 230.0
240.0 80.0
150.0 122.0
121.0 246.0
107.0 179.0
41.0 200.0
243.0 3.0
155.0 241.0
111.0 192.0
13.0 151.0
233.0 152.0
164.0 146.0
9.0 52.0
189.0 211.0
112.0 143.0
86.0 200.0
161.0 164.0
216.0 81.0
67.0 184.0
82.0 77.0
215.0 228.0
41.0 219.0
240.0 162.0
102.0 172.0
210.0 62.0
17.0 240.0
75.0 157.0
199.0 21.0
77.0 210.0
66.0 4.0
119.0 43.0
193.0 206.0
147.0 197.0
17.0 4.0
163.0 58.0
88.0 142.0
70.0 67.0
247.0 198.0
80.0 213.0
93.0 104.0
247.0 68.0
246.0 144.0
8.0 166.0
140.0 131.0
154.0 125.0
236.0 75.0
232.0 189.0
10.0 170.0
194.0 206.0
219.0 27.0
154.0 99.0
202.0 105.0
194.0 223.0
69.0 158.0
218.0 33.0
167.0 16.0
162.0 86.0
59.0 126.0
171.0 182.0
25.0 77.0
204.0 30.0
187.0 143.0
29.0 126.0
157.0 187.0
203.0 103.0
177.0 101.0
128.0 123.0
24.0 234.0
143.0 176.0
32.0 123.0
131.0 250.0
112.0 96.0
210.0 108.0
18.0 180.0
124.0 1.0
105.0 25.0
30.0 192.0
194.0 137.0
159.0 233.0
182.0 18.0
184.0 3.0
122.0 115.0
141.0 72.0
47.0 68.0
116.0 20.0
128.0 29.0
167.0 161.0
75.0 155.0
62.0 159.0
240.0 193.0
198.0 129.0
201.0 115.0
125.0 77.0
178.0 109.0
193.0 142.0
165.0 4.0
116.0 134.0
19.0 60.0
74.0 181.0
5.0 81.0
51.0 133.0
167.0 144.0
144.0 146.0
156.0 44.0
155.0 212.0
246.0 112.0
96.0 194.0
51.0 132.0
24.0 11.0
50.0 146.0
226.0 147.0
66.0 232.0
46.0 1.0
160.0 191.0
230.0 139.0
226.0 94.0
230.0 85.0
126.0 230.0
207.0 82.0
13.0 63.0
44.0 98.0
66.0 105.0
247.0 113.0
161.0 164.0
156.0 100.0
68.0 36.0
227.0 122.0
77.0 196.0
188.0 56.0
23.0 194.0
189.0 7.0
237.0 192.0
130.0 54.0
7.0 206.0
177.0 5.0
211.0 132.0
5.0 175.0
88.0 226.0
156.0 3.0
163.0 20.0
194.0 138.0
188.0 183.0
142.0 182.0
226.0 216.0
28.0 102.0
121.0 95.0
156.0 125.0
110.0 135.0
22.0 243.0
182.0 65.0
150.0 25.0
78.0 196.0
132.0 238.0
161.0 82.0
7.0 99.0
160.0 139.0
160.0 26.0
163.0 21.0
245.0 98.0
228.0 96.0
174.0 217.0
102.0 183.0
66.0 34.0
66.0 24.0
76.0 40.0
247.0 32.0
104.0 241.0
53.0 148.0
197.0 186.0
195.0 243.0
10.0 162.0
78.0 13.0
23.0 181.0
145.0 175.0
240.0 214.0
82.0 43.0
206.0 162.0
102.0 163.0
184.0 136.0
77.0 215.0
211.0 186.0
126.0 236.0
246.0 157.0
36.0 238.0
242.0 185.0
16.0 156.0
10.0 148.0
23.0 92.0
51.0 205.0
41.0 128.0
114.0 107.0
181.0 78.0
31.0 47.0
96.0 78.0
207.0 107.0
217.0 233.0
197.0 183.0
167.0 119.0
114.0 89.0
246.0 236.0
187.0 79.0
213.0 63.0
81.0 122.0
126.0 201.0
165.0 47.0
107.0 133.0
234.0 2.0
156.0 203.0
233.0 245.0
3.0 223.0
115.0 63.0
15.0 184.0
4.0 215.0
1.0 101.0
181.0 86.0
67.0 102.0
181.0 60.0
242.0 163.0
133.0 169.0
149.0 208.0
38.0 164.0
56.0 131.0
202.0 188.0
229.0 61.0
174.0 57.0
30.0 53.0
22.0 226.0
52.0 172.0
159.0 58.0
135.0 243.0
206.0 94.0
149.0 144.0
199.0 78.0
30.0 23.0
12.0 60.0
84.0 182.0
198.0 192.0
158.0 160.0
209.0 179.0
70.0 103.0
96.0 123.0
31.0 104.0
30.0 84.0
70.0 212.0
92.0 246.0
62.0 165.0
84.0 114.0
15.0 184.0
148.0 7.0
69.0 247.0
100.0 166.0
6.0 62.0
129.0 104.0
88.0 21.0
129.0 133.0
141.0 2.0
221.0 89.0
106.0 150.0
77.0 56.0
66.0 143.0
242.0 233.0
107.0 205.0
197.0 121.0
157.0 224.0
220.0 55.0
28.0 139.0
169.0 122.0
176.0 66.0
123.0 125.0
32.0 196.0
130.0 9.0
53.0 66.0
107.0 20.0
201.0 125.0
42.0 158.0
149.0 45.0
153.0 57.0
28.0 87.0
18.0 229.0
141.0 106.0
236.0 185.0
94.0 113.0
228.0 242.0
137.0 112.0
132.0 150.0
38.0 4.0
16.0 238.0
164.0 153.0
244.0 65.0
211.0 31.0
96.0 166.0
138.0 148.0
83.0 8.0
124.0 83.0
214.0 100.0
207.0 183.0
7.0 23.0
83.0 113.0
133.0 178.0
72.0 224.0
116.0 153.0
115.0 22.0
86.0 132.0
183.0 85.0
160.0 120.0
81.0 104.0
50.0 30.0
166.0 2.0
99.0 37.0
78.0 178.0
240.0 113.0
121.0 223.0
178.0 25.0
33.0 21.0
180.0 94.0
153.0 204.0
150.0 104.0
86.0 246.0
233.0 52.0
22.0 59.0
19.0 241.0
158.0 229.0
210.0 38.0
31.0 137.0
182.0 174.0
65.0 233.0
199.0 25.0
26.0 83.0
83.0 140.0
63.0 78.0
210.0 69.0
140.0 38.0
22.0 133.0
191.0 6.0
43.0 68.0
144.0 67.0
227.0 62.0
45.0 103.0
231.0 231.0
45.0 226.0
78.0 189.0
103.0 150.0
190.0 137.0
46.0 118.0
98.0 225.0
219.0 40.0
213.0 19.0
238.0 68.0
86.0 192.0
184.0 131.0
153.0 127.0
168.0 55.0
28.0 203.0
197.0 149.0
210.0 63.0
142.0 6.0
150.0 9.0
149.0 35.0
160.0 207.0
132.0 93.0
238.0 208.0
81.0 100.0
173.0 108.0
192.0 150.0
112.0 222.0
192.0 109.0
95.0 214.0
221.0 89.0
110.0 191.0
26.0 180.0
47.0 72.0
220.0 182.0
226.0 129.0
207.0 116.0
2.0 114.0
172.0 102.0
14.0 2.0
107.0 47.0
179.0 160.0
147.0 72.0
141.0 65.0
59.0 6.0
151.0 18.0
34.0 19.0
205.0 117.0
3.0 63.0
41.0 40.0
2.0 102.0
206.0 29.0
177.0 149.0
165.0 22.0
83.0 232.0
29.0 171.0
242.0 180.0
16.0 79.0
240.0 214.0
81.0 128.0
202.0 126.0
208.0 96.0
51.0 143.0
190.0 58.0
9.0 136.0
243.0 154.0
131.0 160.0
160.0 85.0
206.0 90.0
245.0 46.0
170.0 220.0
84.0 92.0
16.0 225.0
26.0 7.0
208.0 218.0
63.0 49.0
213.0 181.0
103.0 34.0
26.0 121.0
190.0 233.0
185.0 117.0
58.0 177.0
26.0 220.0
182.0 235.0
41.0 8.0
98.0 162.0
226.0 127.0
28.0 120.0
145.0 248.0
203.0 240.0
239.0 145.0
43.0 109.0
205.0 196.0
228.0 117.0
126.0 140.0
178.0 172.0
37.0 21.0
95.0 108.0
231.0 23.0
237.0 146.0
129.0 241.0
179.0 127.0
129.0 243.0
110.0 1.0
136.0 68.0
47.0 145.0
70.0 146.0
150.0 146.0
172.0 181.0
134.0 236.0
32.0 75.0
78.0 130.0
33.0 74.0
21.0 95.0
15.0 104.0
19.0 119.0
219.0 73.0
156.0 136.0
199.0 9.0
77.0 37.0
133.0 170.0
166.0 69.0
92.0 119.0
40.0 222.0
83.0 42.0
127.0 59.0
40.0 157.0
114.0 248.0
209.0 128.0
161.0 101.0
228.0 206.0
47.0 15.0
216.0 137.0
1.0 241.0
49.0 174.0
33.0 1.0
25.0 125.0
128.0 8.0
201.0 131.0
247.0 32.0
238.0 246.0
123.0 189.0
164.0 135.0
165.0 219.0
18.0 70.0
100.0 70.0
150.0 194.0
20.0 159.0
27.0 84.0
100.0 15.0
182.0 215.0
33.0 48.0
42.0 244.0
60.0 17.0
149.0 73.0
34.0 74.0
118.0 231.0
250.0 82.0
238.0 190.0
116.0 204.0
180.0 245.0
34.0 85.0
93.0 220.0
167.0 9.0
169.0 246.0
98.0 213.0
98.0 245.0
188.0 134.0
110.0 4.0
3.0 127.0
145.0 83.0
246.0 59.0
237.0 78.0
198.0 211.0
15.0 98.0
206.0 243.0
39.0 111.0
122.0 40.0
0.0 133.0
98.0 69.0
116.0 53.0
5.0 190.0
143.0 184.0
18.0 175.0
201.0 201.0
9.0 7.0
207.0 204.0
161.0 74.0
242.0 167.0
71.0 225.0
20.0 149.0
133.0 169.0
160.0 158.0
87.0 46.0
52.0 148.0
159.0 54.0
153.0 192.0
45.0 59.0

147.0 43.0
33.0 191.0
79.0 106.0
215.0 147.0
162.0 178.0
121.0 159.0
7.0 174.0
97.0 159.0
22.0 159.0
28.0 22.0
10.0 71.0
145.0 204.0
120.0 112.0
157.0 220.0
159.0 108.0
211.0 136.0
11.0 161.0
208.0 130.0
38.0 28.0
146.0 119.0
57.0 201.0
130.0 158.0
222.0 192.0
65.0 228.0
171.0 178.0
102.0 236.0
217.0 91.0
183.0 245.0
64.0 224.0
148.0 89.0
165.0 32.0
122.0 64.0
108.0 67.0
26.0 178.0
6.0 148.0
43.0 58.0
175.0 28.0
17.0 134.0
172.0 70.0
242.0 21.0
105.0 44.0
228.0 135.0
206.0 190.0
63.0 95.0
143.0 50.0
39.0 37.0
211.0 76.0
52.0 38.0
24.0 114.0
85.0 164.0
190.0 211.0
154.0 187.0
253.0 173.0
116.0 126.0
209.0 180.0
148.0 34.0
44.0 62.0
135.0 46.0
226.0 140.0
152.0 9.0
209.0 112.0
184.0 56.0
241.0 246.0
92.0 99.0
197.0 27.0
146.0 202.0
92.0 119.0
237.0 194.0
88.0 137.0
196.0 126.0
79.0 22.0
227.0 20.0
231.0 112.0
18.0 161.0
253.0 67.0
141.0 20.0
99.0 105.0
174.0 171.0
12.0 134.0
60.0 117.0
23.0 77.0
236.0 98.0
121.0 76.0
188.0 140.0
154.0 50.0
71.0 240.0
19.0 128.0
197.0 138.0
53.0 75.0
139.0 193.0
93.0 108.0
141.0 133.0
252.0 83.0
196.0 104.0
207.0 73.0
98.0 217.0
203.0 226.0
253.0 28.0
192.0 10.0
116.0 124.0
187.0 108.0
198.0 92.0
114.0 234.0
146.0 135.0
116.0 231.0
181.0 63.0
236.0 84.0
44.0 206.0
49.0 106.0
128.0 187.0
27.0 54.0
24.0 173.0
98.0 61.0
62.0 180.0
87.0 234.0
214.0 190.0
52.0 218.0
34.0 252.0
145.0 193.0
148.0 242.0
119.0 194.0
93.0 31.0
210.0 157.0
115.0 141.0
168.0 162.0
149.0 17.0
41.0 140.0
184.0 97.0
82.0 190.0
102.0 192.0
40.0 116.0
98.0 6.0
82.0 180.0
125.0 148.0
189.0 133.0
99.0 101.0
196.0 56.0
201.0 140.0
173.0 249.0
97.0 33.0
191.0 84.0
79.0 134.0
51.0 131.0
52.0 73.0
135.0 176.0
233.0 44.0
102.0 229.0
168.0 15.0
188.0 84.0
217.0 222.0
228.0 126.0
75.0 171.0
19.0 66.0
51.0 113.0
27.0 199.0
69.0 91.0
195.0 200.0
244.0 179.0
178.0 228.0
80.0 104.0
203.0 180.0
92.0 245.0
232.0 37.0
196.0 105.0
205.0 230.0
113.0 103.0
239.0 102.0
181.0 151.0
143.0 36.0
18.0 23.0
9.0 187.0
37.0 45.0
109.0 19.0
65.0 56.0
220.0 190.0
57.0 248.0
51.0 141.0
186.0 226.0
161.0 39.0
201.0 19.0
249.0 55.0
5.0 8.0
58.0 11.0
160.0 133.0
126.0 5.0
150.0 203.0
53.0 138.0
37.0 70.0
69.0 122.0
167.0 95.0
13.0 14.0
205.0 49.0
103.0 184.0
6.0 15.0
234.0 191.0
22.0 28.0
59.0 21.0
103.0 175.0
220.0 243.0
240.0 26.0
105.0 161.0
26.0 166.0
128.0 145.0
246.0 194.0
18.0 92.0
234.0 225.0
12.0 79.0
26.0 195.0
59.0 30.0
120.0 148.0
13.0 71.0
190.0 78.0
115.0 56.0
211.0 12.0
74.0 28.0
227.0 210.0
171.0 244.0
105.0 19.0
100.0 124.0
76.0 207.0
47.0 169.0
94.0 126.0
160.0 80.0
163.0 183.0
231.0 169.0
29.0 86.0
131.0 41.0
24.0 226.0
222.0 197.0
87.0 19.0
120.0 119.0
124.0 214.0
206.0 215.0
73.0 119.0
81.0 237.0
26.0 88.0
17.0 177.0
91.0 155.0
234.0 174.0
250.0 228.0
161.0 16.0
9.0 130.0
142.0 166.0
230.0 36.0
119.0 20.0
59.0 194.0
119.0 192.0
219.0 115.0
240.0 176.0
209.0 240.0
36.0 49.0
33.0 158.0
140.0 166.0
176.0 250.0
193.0 158.0
255.0 190.0
207.0 82.0
228.0 74.0
126.0 119.0
253.0 254.0
84.0 42.0
101.0 209.0
194.0 11.0
189.0 212.0
49.0 24.0
212.0 246.0
116.0 202.0
82.0 252.0
93.0 100.0
9.0 103.0
34.0 125.0
90.0 224.0
150.0 132.0
88.0 137.0
33.0 104.0
133.0 213.0
32.0 144.0
208.0 60.0
182.0 104.0
205.0 188.0
14.0 123.0
83.0 244.0
34.0 61.0
37.0 122.0
118.0 250.0
61.0 60.0
144.0 133.0
210.0 202.0
56.0 105.0
73.0 105.0
39.0 10.0
100.0 8.0
118.0 226.0
232.0 245.0
230.0 159.0
34.0 19.0
212.0 209.0
202.0 6.0
151.0 147.0
21.0 113.0
116.0 131.0
218.0 54.0
149.0 113.0
219.0 126.0
107.0 18.0
109.0 23.0
155.0 86.0
185.0 149.0
84.0 131.0
237.0 166.0
154.0 207.0
131.0 146.0
30.0 64.0
186.0 123.0
77.0 41.0
246.0 73.0
11.0 144.0
129.0 253.0
11.0 41.0
208.0 42.0
227.0 141.0
166.0 79.0
61.0 102.0
56.0 232.0
111.0 54.0
108.0 52.0
32.0 23.0
9.0 136.0
7.0 173.0
251.0 183.0
36.0 52.0
119.0 14.0
85.0 249.0
57.0 235.0
147.0 97.0
121.0 198.0
157.0 157.0
95.0 41.0
226.0 7.0
138.0 104.0
184.0 203.0
143.0 116.0
69.0 39.0
73.0 90.0
184.0 148.0
50.0 169.0
203.0 124.0
100.0 28.0
103.0 134.0
238.0 146.0
6.0 73.0
103.0 219.0
83.0 79.0
251.0 158.0
250.0 100.0
202.0 20.0
177.0 218.0
163.0 229.0
185.0 22.0
226.0 66.0
215.0 127.0
28.0 142.0
60.0 10.0
49.0 200.0
140.0 119.0
226.0 112.0
191.0 53.0
98.0 11.0
212.0 153.0
81.0 85.0
213.0 190.0
218.0 66.0
208.0 82.0
105.0 71.0
122.0 219.0
227.0 239.0
213.0 195.0
30.0 136.0
251.0 184.0
76.0 32.0
197.0 83.0
244.0 164.0
48.0 63.0
204.0 186.0
150.0 35.0
226.0 33.0
32.0 12.0
215.0 61.0
245.0 44.0
126.0 54.0
45.0 40.0
35.0 67.0
105.0 57.0
150.0 83.0
181.0 245.0
148.0 85.0
50.0 113.0
41.0 138.0
25.0 242.0
18.0 209.0
226.0 201.0
124.0 194.0
64.0 140.0
119.0 235.0
210.0 12.0
215.0 235.0
146.0 206.0
168.0 199.0
221.0 191.0
73.0 226.0
118.0 93.0
183.0 165.0
98.0 180.0
233.0 100.0
21.0 254.0
246.0 85.0
122.0 106.0
113.0 154.0
203.0 154.0
118.0 139.0
69.0 244.0
26.0 229.0
243.0 176.0
48.0 149.0
162.0 9.0
191.0 32.0
46.0 91.0
156.0 230.0
220.0 49.0
170.0 252.0
236.0 202.0
51.0 250.0
194.0 109.0
39.0 50.0
233.0 49.0
254.0 47.0
201.0 242.0
244.0 118.0
134.0 51.0
101.0 203.0
150.0 33.0
196.0 106.0
11.0 224.0
205.0 46.0
120.0 187.0
22.0 103.0
21.0 41.0
155.0 250.0
102.0 121.0
91.0 243.0
176.0 150.0
31.0 136.0
229.0 171.0
186.0 124.0
189.0 246.0
117.0 79.0
113.0 53.0
183.0 103.0
232.0 13.0
221.0 115.0
187.0 189.0
145.0 127.0
238.0 245.0
193.0 153.0
147.0 35.0
169.0 227.0
155.0 35.0
9.0 146.0
137.0 30.0
141.0 21.0
219.0 146.0
98.0 107.0
56.0 43.0
250.0 144.0
192.0 186.0
216.0 77.0
88.0 184.0
170.0 187.0
105.0 215.0
55.0 207.0
118.0 133.0
224.0 43.0
232.0 184.0
165.0 36.0
117.0 57.0
231.0 46.0
63.0 28.0
106.0 123.0
149.0 68.0
106.0 236.0
245.0 85.0
154.0 128.0
126.0 250.0
112.0 184.0
45.0 205.0
249.0 8.0
160.0 247.0
115.0 196.0
18.0 157.0
237.0 157.0
170.0 150.0
14.0 58.0
194.0 216.0
117.0 147.0
90.0 206.0
166.0 170.0
221.0 86.0
72.0 189.0
88.0 81.0
221.0 234.0
47.0 224.0
245.0 166.0
106.0 177.0
214.0 68.0
23.0 244.0
80.0 163.0
205.0 27.0
82.0 215.0
72.0 9.0
124.0 49.0
197.0 210.0
151.0 203.0
22.0 10.0
169.0 62.0
94.0 147.0
74.0 72.0
252.0 204.0
85.0 219.0
98.0 110.0
252.0 74.0
250.0 149.0
13.0 172.0
145.0 137.0
159.0 130.0
242.0 80.0
237.0 193.0
16.0 176.0
199.0 211.0
225.0 32.0
159.0 103.0
206.0 110.0
200.0 227.0
73.0 164.0
222.0 38.0
173.0 21.0
167.0 91.0
65.0 131.0
177.0 187.0
29.0 83.0
209.0 36.0
192.0 147.0
35.0 132.0
163.0 193.0
208.0 107.0
182.0 107.0
132.0 128.0
28.0 239.0
147.0 180.0
37.0 128.0
136.0 256.0
117.0 102.0
215.0 112.0
22.0 185.0
130.0 6.0
110.0 30.0
35.0 197.0
199.0 142.0
165.0 238.0
186.0 23.0
190.0 8.0
127.0 121.0
146.0 77.0
52.0 72.0
122.0 25.0
133.0 34.0
172.0 167.0
80.0 160.0
67.0 165.0
245.0 198.0
203.0 133.0
206.0 120.0
130.0 82.0
183.0 115.0
197.0 146.0
170.0 8.0
122.0 139.0
25.0 64.0
80.0 187.0
11.0 86.0
56.0 138.0
171.0 148.0
149.0 152.0
162.0 49.0
160.0 218.0
252.0 118.0
101.0 199.0
57.0 137.0
29.0 16.0
54.0 150.0
230.0 151.0
71.0 238.0
51.0 5.0
166.0 196.0
234.0 144.0
231.0 98.0
235.0 90.0
132.0 236.0
211.0 88.0
18.0 69.0
48.0 104.0
70.0 111.0
253.0 119.0
166.0 170.0
161.0 106.0
74.0 42.0
233.0 126.0
82.0 201.0
192.0 61.0
29.0 198.0
195.0 13.0
242.0 196.0
135.0 60.0
11.0 212.0
181.0 10.0
217.0 138.0
11.0 180.0
93.0 230.0
162.0 9.0
168.0 25.0
200.0 142.0
192.0 188.0
147.0 187.0
231.0 222.0
32.0 108.0
126.0 100.0
160.0 131.0
115.0 140.0
26.0 247.0
186.0 71.0
155.0 29.0
83.0 202.0
138.0 244.0
166.0 87.0
13.0 103.0
166.0 144.0
165.0 31.0
167.0 26.0
251.0 103.0
233.0 101.0
178.0 222.0
107.0 188.0
71.0 40.0
72.0 28.0
81.0 46.0
253.0 36.0
109.0 245.0
57.0 153.0
202.0 190.0
200.0 248.0
15.0 167.0
84.0 19.0
29.0 186.0
150.0 180.0
245.0 218.0
87.0 48.0
211.0 167.0
106.0 169.0
189.0 141.0
81.0 220.0
217.0 190.0
132.0 241.0
251.0 161.0
41.0 243.0
247.0 190.0
21.0 160.0
14.0 153.0
28.0 96.0
57.0 209.0
47.0 134.0
120.0 112.0
187.0 83.0
36.0 52.0
101.0 82.0
212.0 112.0
222.0 239.0
203.0 189.0
171.0 125.0
120.0 94.0
251.0 240.0
193.0 85.0
217.0 67.0
85.0 127.0
132.0 206.0
170.0 53.0
112.0 137.0
238.0 6.0
161.0 207.0
238.0 249.0
9.0 229.0
119.0 68.0
19.0 190.0
9.0 221.0
6.0 105.0
186.0 91.0
72.0 107.0
186.0 65.0
248.0 168.0
137.0 175.0
153.0 213.0
43.0 170.0
60.0 136.0
206.0 194.0
234.0 66.0
179.0 62.0
36.0 58.0
28.0 232.0
57.0 177.0
163.0 64.0
141.0 248.0
212.0 99.0
153.0 149.0
204.0 83.0
36.0 28.0
17.0 65.0
90.0 187.0
203.0 197.0
163.0 166.0
215.0 184.0
74.0 109.0
102.0 129.0
37.0 110.0
35.0 89.0
76.0 217.0
96.0 251.0
66.0 171.0
89.0 120.0
21.0 189.0
153.0 11.0
74.0 253.0
104.0 171.0
11.0 66.0
134.0 109.0
94.0 26.0
135.0 139.0
145.0 8.0
226.0 93.0
111.0 154.0
82.0 61.0
70.0 148.0
248.0 238.0
112.0 210.0
203.0 125.0
163.0 230.0
225.0 59.0
33.0 144.0
175.0 128.0
182.0 70.0
129.0 129.0
37.0 201.0
136.0 14.0
57.0 70.0
112.0 26.0
205.0 130.0
47.0 163.0
154.0 49.0
158.0 62.0
33.0 92.0
22.0 235.0
146.0 112.0
241.0 189.0
98.0 118.0
233.0 247.0
141.0 116.0
138.0 155.0
43.0 8.0
22.0 243.0
169.0 159.0
248.0 70.0
216.0 36.0
102.0 171.0
143.0 153.0
88.0 13.0
129.0 89.0
219.0 104.0
211.0 189.0
12.0 28.0
88.0 118.0
138.0 183.0
76.0 230.0
121.0 157.0
120.0 27.0
91.0 137.0
187.0 91.0
165.0 126.0
85.0 108.0
55.0 35.0
170.0 7.0
104.0 42.0
83.0 184.0
245.0 119.0
126.0 229.0
183.0 30.0
38.0 26.0
185.0 100.0
157.0 208.0
155.0 109.0
91.0 251.0
237.0 58.0
26.0 65.0
23.0 247.0
163.0 234.0
214.0 42.0
35.0 142.0
187.0 179.0
70.0 237.0
203.0 30.0
31.0 88.0
88.0 146.0
68.0 83.0
216.0 74.0
146.0 43.0
28.0 139.0
196.0 12.0
47.0 74.0
149.0 71.0
231.0 68.0
50.0 108.0
236.0 235.0
49.0 230.0
84.0 193.0
108.0 155.0
194.0 143.0
52.0 124.0
103.0 229.0
225.0 45.0
218.0 23.0
243.0 73.0
92.0 197.0
189.0 136.0
158.0 132.0
173.0 60.0
32.0 208.0
201.0 155.0
216.0 67.0
146.0 10.0
155.0 15.0
154.0 40.0
164.0 211.0
137.0 97.0
244.0 213.0
87.0 105.0
178.0 112.0
198.0 155.0
117.0 226.0
196.0 115.0
99.0 220.0
227.0 93.0
116.0 196.0
30.0 184.0
52.0 77.0
225.0 187.0
232.0 134.0
212.0 122.0
8.0 119.0
177.0 107.0
19.0 7.0
113.0 51.0
183.0 165.0
153.0 77.0
147.0 71.0
65.0 11.0
155.0 22.0
38.0 24.0
210.0 121.0
8.0 69.0
45.0 45.0
6.0 108.0
211.0 33.0
183.0 155.0
170.0 28.0
88.0 237.0
34.0 176.0
246.0 185.0
21.0 84.0
246.0 220.0
86.0 132.0
207.0 131.0
213.0 101.0
56.0 147.0
195.0 63.0
14.0 141.0
249.0 160.0
136.0 164.0
165.0 89.0
211.0 95.0
249.0 52.0
175.0 226.0
89.0 96.0
21.0 230.0
31.0 12.0
214.0 223.0
69.0 55.0
217.0 186.0
108.0 39.0
31.0 126.0
196.0 237.0
190.0 121.0
64.0 182.0
31.0 226.0
187.0 239.0
46.0 14.0
102.0 166.0
231.0 131.0
33.0 126.0
150.0 252.0
208.0 245.0
243.0 151.0
49.0 113.0
210.0 201.0
234.0 121.0
132.0 145.0
183.0 176.0
43.0 26.0
100.0 114.0
236.0 27.0
242.0 152.0
134.0 247.0
184.0 133.0
133.0 249.0
115.0 7.0
141.0 73.0
52.0 150.0
74.0 151.0
155.0 150.0
177.0 187.0
140.0 241.0
37.0 79.0
82.0 135.0
38.0 79.0
26.0 101.0
20.0 109.0
25.0 124.0
223.0 78.0
161.0 142.0
204.0 15.0
82.0 42.0
138.0 174.0
172.0 74.0
97.0 124.0
46.0 228.0
89.0 46.0
132.0 65.0
46.0 162.0
120.0 253.0
213.0 133.0
165.0 106.0
234.0 210.0
52.0 19.0
221.0 142.0
6.0 247.0
53.0 180.0
39.0 5.0
31.0 131.0
132.0 12.0
206.0 135.0
253.0 37.0
242.0 252.0
128.0 194.0
169.0 139.0
169.0 223.0
23.0 74.0
106.0 74.0
155.0 200.0
25.0 163.0
33.0 89.0
104.0 20.0
188.0 219.0
38.0 53.0
48.0 249.0
65.0 22.0
154.0 78.0
40.0 79.0
123.0 235.0
254.0 87.0
243.0 194.0
122.0 208.0
186.0 250.0
39.0 89.0
99.0 224.0
172.0 14.0
173.0 251.0
102.0 217.0
103.0 251.0
192.0 138.0
114.0 10.0
9.0 132.0
150.0 89.0
251.0 64.0
242.0 82.0
203.0 216.0
20.0 103.0
210.0 248.0
45.0 115.0
128.0 44.0
5.0 139.0
104.0 75.0
122.0 57.0
10.0 195.0
149.0 190.0
24.0 180.0
207.0 206.0
15.0 12.0
211.0 209.0
166.0 79.0
248.0 171.0
75.0 231.0
26.0 155.0
138.0 174.0
165.0 163.0
92.0 50.0
58.0 152.0
164.0 59.0
158.0 197.0
49.0 65.0
