1
1024 1 3.0 0.0 1000.0 3 160 240 100

6.5 13.5 29.3 58.5
13.0 27.0 58.5 117.0
19.5 40.5 87.8 175.5
26.0 54.0 117.0 234.0
39.0 81.0 175.5 351.0
52.0 108.0 234.0 468.0
58.5 121.5 263.3 526.5
65.0 135.0 292.5 585.0
78.0 162.0 351.0 702.0
0.0 180.0 390.0 780.0

2.0 5.0 8.0 11.0
5.0 8.0 11.0 14.0
9.0 12.0 15.0 18.0
11.0 14.0 17.0 20.0
15.0 18.0 21.0 24.0
18.0 21.0 24.0 27.0
20.0 23.0 26.0 29.0
25.0 28.0 31.0 34.0
29.0 32.0 35.0 38.0
0.0 34.0 37.0 40.0

158.0 68.0
121.0 44.0
147.0 245.0
7.0 95.0
20.0 239.0
83.0 203.0
175.0 80.0
136.0 250.0
227.0 219.0
81.0 223.0
76.0 154.0
229.0 249.0
53.0 219.0
136.0 215.0
212.0 83.0
13.0 171.0
189.0 63.0
16.0 26.0
82.0 146.0
37.0 86.0
135.0 212.0
182.0 87.0
69.0 232.0
176.0 148.0
204.0 41.0
16.0 155.0
106.0 102.0
230.0 150.0
12.0 232.0
190.0 88.0
151.0 75.0
220.0 175.0
89.0 170.0
53.0 23.0
85.0 31.0
25.0 206.0
222.0 204.0
168.0 81.0
162.0 96.0
225.0 82.0
170.0 164.0
119.0 227.0
137.0 139.0
25.0 169.0
110.0 242.0
208.0 157.0
194.0 197.0
139.0 117.0
204.0 122.0
185.0 86.0
54.0 219.0
8.0 91.0
151.0 237.0
104.0 74.0
130.0 238.0
220.0 87.0
104.0 19.0
221.0 238.0
113.0 103.0
21.0 215.0
82.0 17.0
21.0 14.0
107.0 148.0
33.0 73.0
235.0 23.0
26.0 51.0
193.0 172.0
43.0 88.0
108.0 58.0
239.0 151.0
42.0 95.0
22.0 195.0
15.0 114.0
121.0 100.0
209.0 184.0
202.0 238.0
155.0 13.0
200.0 32.0
223.0 210.0
135.0 201.0
87.0 17.0
209.0 199.0
109.0 161.0
63.0 165.0
199.0 56.0
119.0 14.0
209.0 142.0
15.0 105.0
43.0 205.0
188.0 3.0
180.0 88.0
223.0 143.0
151.0 33.0
161.0 28.0
45.0 156.0
4.0 154.0
222.0 200.0
236.0 170.0
169.0 179.0
222.0 81.0
51.0 177.0
179.0 138.0
38.0 57.0
208.0 92.0
62.0 205.0
206.0 81.0
216.0 200.0
15.0 204.0
87.0 140.0
13.0 177.0
97.0 168.0
126.0 247.0
14.0 32.0
77.0 130.0
97.0 107.0
3.0 42.0
161.0 83.0
102.0 189.0
133.0 128.0
87.0 175.0
28.0 102.0
231.0 73.0
38.0 247.0
135.0 230.0
29.0 78.0
161.0 179.0
25.0 248.0
11.0 118.0
92.0 4.0
25.0 186.0
79.0 123.0
65.0 122.0
249.0 73.0
167.0 188.0
146.0 178.0
216.0 28.0
87.0 119.0
193.0 241.0
8.0 215.0
122.0 224.0
191.0 177.0
160.0 168.0
200.0 138.0
52.0 145.0
202.0 51.0
45.0 43.0
111.0 122.0
98.0 175.0
111.0 242.0
102.0 177.0
129.0 217.0
89.0 147.0
169.0 130.0
242.0 29.0
223.0 11.0
92.0 55.0
37.0 25.0
60.0 131.0
69.0 226.0
120.0 107.0
50.0 217.0
126.0 176.0
105.0 128.0
171.0 246.0
218.0 147.0
184.0 127.0
135.0 117.0
229.0 12.0
95.0 77.0
108.0 231.0
120.0 128.0
93.0 113.0
135.0 127.0
14.0 68.0
5.0 217.0
168.0 99.0
159.0 66.0
133.0 241.0
236.0 207.0
88.0 240.0
71.0 219.0
90.0 109.0
73.0 19.0
46.0 1.0
178.0 127.0
194.0 156.0
78.0 59.0
208.0 232.0
4.0 70.0
128.0 159.0
162.0 43.0
85.0 200.0
217.0 100.0
161.0 238.0
49.0 132.0
235.0 83.0
49.0 182.0
4.0 202.0
53.0 249.0
182.0 56.0
71.0 94.0
182.0 37.0
17.0 209.0
153.0 97.0
221.0 191.0
59.0 176.0
71.0 27.0
41.0 131.0
182.0 171.0
131.0 175.0
55.0 45.0
184.0 135.0
11.0 211.0
211.0 164.0
242.0 234.0
114.0 94.0
122.0 97.0
135.0 199.0
2.0 64.0
132.0 162.0
18.0 234.0
124.0 150.0
250.0 53.0
98.0 172.0
131.0 146.0
148.0 235.0
83.0 126.0
45.0 110.0
151.0 99.0
203.0 88.0
217.0 162.0
9.0 175.0
224.0 227.0
98.0 221.0
93.0 99.0
186.0 61.0
136.0 20.0
141.0 30.0
45.0 219.0
53.0 76.0
110.0 68.0
95.0 187.0
138.0 1.0
66.0 231.0
95.0 174.0
31.0 72.0
62.0 151.0
71.0 161.0
168.0 211.0
197.0 105.0
199.0 196.0
45.0 25.0
176.0 108.0
41.0 104.0
242.0 12.0
43.0 234.0
242.0 75.0
243.0 51.0
245.0 161.0
236.0 152.0
7.0 206.0
154.0 132.0
224.0 157.0
147.0 137.0
243.0 75.0
245.0 181.0
175.0 57.0
231.0 47.0
201.0 212.0
214.0 156.0
160.0 217.0
147.0 87.0
71.0 61.0
97.0 13.0
55.0 123.0
134.0 118.0
186.0 77.0
42.0 114.0
110.0 147.0
75.0 67.0
88.0 59.0
90.0 30.0
179.0 119.0
158.0 42.0
85.0 110.0
110.0 135.0
9.0 80.0
239.0 40.0
168.0 89.0
248.0 88.0
193.0 95.0
35.0 131.0
171.0 194.0
27.0 109.0
192.0 1.0
36.0 215.0
45.0 31.0
217.0 143.0
20.0 215.0
236.0 11.0
120.0 64.0
93.0 66.0
237.0 225.0
84.0 130.0
232.0 60.0
226.0 35.0
114.0 142.0
8.0 111.0
91.0 150.0
157.0 119.0
109.0 189.0
158.0 53.0
6.0 148.0
101.0 87.0
10.0 242.0
219.0 212.0
110.0 229.0
44.0 217.0
134.0 65.0
196.0 185.0
192.0 119.0
102.0 18.0
201.0 96.0
18.0 65.0
18.0 142.0
42.0 218.0
16.0 174.0
114.0 182.0
22.0 26.0
60.0 166.0
67.0 74.0
58.0 65.0
231.0 72.0
206.0 11.0
183.0 221.0
185.0 240.0
54.0 79.0
88.0 25.0
119.0 223.0
29.0 245.0
66.0 133.0
213.0 217.0
186.0 84.0
228.0 239.0
148.0 149.0
100.0 92.0
63.0 222.0
5.0 73.0
125.0 30.0
44.0 189.0
162.0 179.0
111.0 203.0
11.0 76.0
140.0 29.0
165.0 137.0
103.0 69.0
245.0 16.0
216.0 81.0
114.0 121.0
71.0 67.0
48.0 37.0
26.0 140.0
183.0 5.0
209.0 231.0
7.0 179.0
89.0 228.0
245.0 211.0
86.0 15.0
35.0 238.0
57.0 153.0
118.0 213.0
6.0 28.0
62.0 28.0
220.0 89.0
115.0 227.0
70.0 124.0
94.0 155.0
34.0 70.0
17.0 208.0
75.0 196.0
14.0 148.0
46.0 2.0
102.0 34.0
123.0 69.0
238.0 99.0
87.0 82.0
96.0 1.0
55.0 106.0
121.0 166.0
114.0 250.0
179.0 249.0
100.0 150.0
222.0 82.0
71.0 36.0
170.0 250.0
110.0 192.0
55.0 29.0
140.0 194.0
4.0 227.0
238.0 120.0
215.0 10.0
23.0 230.0
151.0 141.0
220.0 189.0
227.0 97.0
112.0 215.0
71.0 102.0
96.0 83.0
27.0 173.0
180.0 3.0
106.0 96.0
24.0 185.0
168.0 45.0
221.0 217.0
172.0 145.0
56.0 201.0
151.0 58.0
59.0 152.0
125.0 27.0
231.0 235.0
235.0 78.0
100.0 196.0
180.0 182.0
144.0 216.0
120.0 222.0
105.0 157.0
7.0 171.0
88.0 38.0
116.0 212.0
116.0 121.0
130.0 79.0
154.0 35.0
172.0 225.0
142.0 211.0
1.0 221.0
171.0 180.0
155.0 114.0
243.0 125.0
127.0 32.0
92.0 121.0
230.0 128.0
143.0 75.0
119.0 27.0
227.0 181.0
240.0 4.0
228.0 11.0
55.0 177.0
174.0 204.0
195.0 54.0
67.0 237.0
3.0 114.0
85.0 111.0
249.0 125.0
84.0 70.0
109.0 6.0
146.0 53.0
50.0 59.0
244.0 136.0
107.0 2.0
129.0 21.0
63.0 18.0
138.0 210.0
130.0 102.0
162.0 57.0
28.0 65.0
87.0 197.0
197.0 96.0
78.0 174.0
138.0 112.0
144.0 149.0
7.0 181.0
223.0 121.0
93.0 113.0
111.0 182.0
153.0 138.0
91.0 107.0
140.0 134.0
208.0 172.0
144.0 199.0
180.0 127.0
227.0 166.0
10.0 102.0
96.0 217.0
167.0 239.0
147.0 67.0
26.0 195.0
233.0 22.0
52.0 200.0
42.0 237.0
55.0 188.0
62.0 95.0
125.0 49.0
157.0 184.0
183.0 148.0
96.0 158.0
152.0 46.0
192.0 70.0
50.0 179.0
8.0 97.0
133.0 66.0
162.0 138.0
16.0 167.0
85.0 49.0
27.0 94.0
105.0 137.0
97.0 172.0
110.0 61.0
57.0 173.0
37.0 114.0
40.0 100.0
45.0 180.0
216.0 207.0
23.0 204.0
181.0 30.0
140.0 99.0
121.0 218.0
232.0 46.0
184.0 70.0
94.0 246.0
59.0 202.0
109.0 194.0
63.0 110.0
146.0 173.0
128.0 193.0
39.0 147.0
92.0 112.0
211.0 136.0
79.0 180.0
116.0 131.0
237.0 46.0
198.0 234.0
244.0 224.0
163.0 247.0
236.0 111.0
133.0 228.0
172.0 179.0
110.0 128.0
195.0 101.0
197.0 173.0
97.0 121.0
109.0 200.0
88.0 58.0
77.0 239.0
113.0 124.0
20.0 206.0
14.0 74.0
241.0 82.0
184.0 245.0
130.0 95.0
114.0 120.0
10.0 155.0
114.0 105.0
239.0 160.0
246.0 30.0
63.0 80.0
94.0 183.0
236.0 43.0
66.0 15.0
241.0 202.0
211.0 203.0
39.0 246.0
123.0 79.0
26.0 202.0
42.0 237.0
20.0 8.0
101.0 210.0
75.0 146.0
199.0 143.0
55.0 179.0
81.0 231.0
177.0 97.0
217.0 229.0
46.0 218.0
202.0 173.0
20.0 151.0
138.0 248.0
75.0 191.0
87.0 56.0
120.0 46.0
191.0 114.0
40.0 130.0
169.0 193.0
70.0 193.0
167.0 209.0
147.0 154.0
34.0 155.0
199.0 30.0
139.0 155.0
159.0 203.0
165.0 7.0
44.0 46.0
131.0 173.0
242.0 18.0
198.0 200.0
242.0 126.0
127.0 165.0
62.0 247.0
83.0 245.0
232.0 74.0
27.0 132.0
237.0 51.0
6.0 31.0
121.0 201.0
205.0 58.0
42.0 72.0
216.0 183.0
116.0 89.0
1.0 138.0
207.0 157.0
116.0 66.0
120.0 177.0
70.0 215.0
230.0 203.0
1.0 65.0
141.0 19.0
168.0 69.0
29.0 242.0
65.0 28.0
120.0 109.0
36.0 158.0
104.0 161.0
61.0 227.0
60.0 139.0
236.0 214.0
48.0 154.0
221.0 230.0
91.0 68.0
68.0 42.0
60.0 56.0
77.0 46.0
77.0 120.0
201.0 169.0
60.0 174.0
53.0 174.0
154.0 98.0
130.0 205.0
53.0 235.0
202.0 188.0
70.0 129.0
98.0 45.0
102.0 83.0
213.0 212.0
201.0 221.0
95.0 37.0
41.0 2.0
60.0 184.0
114.0 2.0
68.0 239.0
56.0 30.0
180.0 19.0
72.0 19.0
215.0 149.0
248.0 147.0
38.0 51.0
69.0 225.0
233.0 16.0
68.0 215.0
216.0 131.0
59.0 20.0
156.0 122.0
236.0 33.0
150.0 244.0
231.0 230.0
140.0 156.0
28.0 143.0
133.0 43.0
207.0 146.0
96.0 50.0
45.0 6.0
216.0 152.0
50.0 247.0
14.0 162.0
109.0 177.0
128.0 123.0
189.0 230.0
135.0 163.0
136.0 103.0
95.0 174.0
154.0 228.0
70.0 30.0
127.0 164.0
173.0 80.0
235.0 87.0
13.0 245.0
155.0 89.0
236.0 92.0
188.0 76.0
147.0 85.0
204.0 119.0
224.0 7.0
129.0 157.0
150.0 132.0
7.0 41.0
44.0 19.0
216.0 191.0
143.0 122.0
247.0 221.0
238.0 225.0
18.0 201.0
237.0 9.0
241.0 6.0
50.0 151.0
184.0 73.0
23.0 120.0
245.0 126.0
6.0 196.0
33.0 65.0
152.0 25.0
247.0 216.0
151.0 85.0
201.0 248.0
129.0 5.0
121.0 87.0
44.0 248.0
216.0 9.0
176.0 222.0
22.0 115.0
161.0 202.0
121.0 241.0
65.0 243.0
147.0 136.0
54.0 110.0
24.0 88.0
30.0 22.0
235.0 202.0
172.0 103.0
202.0 128.0
133.0 227.0
178.0 89.0
188.0 12.0
130.0 111.0
222.0 31.0
123.0 182.0
231.0 123.0
64.0 138.0
87.0 242.0
191.0 99.0
132.0 95.0
46.0 145.0
207.0 153.0
182.0 188.0
72.0 142.0
219.0 74.0
199.0 229.0
142.0 29.0
247.0 135.0
57.0 99.0
106.0 15.0
179.0 51.0
176.0 217.0
159.0 44.0
138.0 126.0
131.0 143.0
32.0 82.0
213.0 104.0
246.0 211.0
231.0 148.0
122.0 26.0
10.0 6.0
159.0 6.0
134.0 94.0
133.0 155.0
141.0 221.0
250.0 100.0
184.0 52.0
22.0 120.0
242.0 123.0
108.0 42.0
43.0 241.0
183.0 5.0
163.0 197.0
201.0 170.0
65.0 0.0
2.0 244.0
197.0 185.0
237.0 22.0
24.0 18.0
190.0 191.0
227.0 44.0
114.0 219.0
93.0 171.0
5.0 216.0
180.0 87.0
80.0 187.0
179.0 120.0
248.0 212.0
157.0 180.0
218.0 93.0
1.0 24.0
154.0 118.0
111.0 128.0
147.0 124.0
31.0 1.0
51.0 110.0
208.0 121.0
54.0 234.0
174.0 208.0
173.0 54.0
234.0 112.0
177.0 224.0
63.0 180.0
229.0 130.0
184.0 3.0
134.0 50.0
96.0 23.0
130.0 216.0
149.0 22.0
200.0 206.0
77.0 119.0
236.0 192.0
129.0 152.0
167.0 89.0
111.0 198.0
235.0 11.0
150.0 249.0
169.0 195.0
102.0 153.0
63.0 180.0
61.0 222.0
85.0 31.0
247.0 236.0
200.0 11.0
124.0 137.0
149.0 123.0
136.0 241.0
2.0 39.0
40.0 148.0
148.0 236.0
103.0 67.0
167.0 203.0
18.0 91.0
71.0 184.0
178.0 22.0
230.0 190.0
31.0 158.0
100.0 111.0
44.0 9.0
196.0 56.0
115.0 242.0
47.0 106.0
89.0 192.0
200.0 247.0
94.0 98.0
139.0 39.0
217.0 53.0
61.0 153.0
121.0 185.0
248.0 234.0
6.0 182.0
101.0 61.0
123.0 69.0
207.0 113.0
119.0 200.0
118.0 136.0
69.0 16.0
94.0 175.0
72.0 165.0
123.0 62.0
154.0 131.0
81.0 193.0
239.0 116.0
225.0 205.0
34.0 196.0
10.0 7.0
231.0 105.0
40.0 177.0
242.0 60.0
36.0 20.0
1.0 99.0
235.0 190.0
156.0 215.0
239.0 51.0
78.0 138.0
105.0 49.0
138.0 180.0
64.0 140.0
28.0 106.0
39.0 182.0
232.0 75.0
221.0 203.0
33.0 3.0
6.0 74.0
34.0 246.0
164.0 146.0
214.0 92.0
186.0 223.0
115.0 85.0
35.0 77.0
62.0 38.0
130.0 3.0
124.0 147.0
182.0 228.0
112.0 170.0
52.0 60.0
184.0 217.0
148.0 219.0
227.0 244.0
153.0 100.0
224.0 168.0
225.0 40.0
130.0 71.0
82.0 218.0
111.0 25.0
236.0 123.0
38.0 152.0
176.0 118.0
203.0 66.0
132.0 127.0
45.0 175.0
87.0 123.0
210.0 128.0
59.0 68.0
117.0 14.0
186.0 82.0
229.0 208.0
6.0 161.0
73.0 102.0
108.0 53.0
82.0 3.0
153.0 8.0
183.0 45.0
71.0 144.0
78.0 18.0
64.0 245.0
7.0 115.0
90.0 133.0
81.0 92.0
81.0 37.0
92.0 234.0
206.0 238.0
2.0 248.0
47.0 31.0
165.0 86.0
121.0 163.0
93.0 220.0
1.0 157.0
190.0 220.0
93.0 57.0
166.0 44.0
189.0 141.0
154.0 27.0
232.0 241.0
120.0 80.0
45.0 109.0
233.0 221.0
68.0 91.0
138.0 92.0
1.0 160.0
185.0 177.0
8.0 207.0
187.0 22.0
5.0 22.0
115.0 36.0
72.0 222.0
200.0 61.0
122.0 187.0
220.0 159.0
14.0 151.0
53.0 165.0
92.0 120.0
162.0 102.0
228.0 136.0
221.0 123.0
225.0 200.0
163.0 193.0
32.0 227.0
238.0 64.0
248.0 241.0
234.0 119.0
240.0 52.0
82.0 23.0
241.0 234.0
123.0 128.0
113.0 36.0
112.0 190.0
25.0 175.0
144.0 232.0
96.0 2.0
181.0 220.0
140.0 117.0
237.0 30.0
187.0 66.0
49.0 227.0
25.0 54.0
140.0 29.0
86.0 181.0
232.0 88.0
33.0 26.0
58.0 87.0
238.0 201.0
137.0 178.0
155.0 64.0
190.0 103.0
138.0 112.0
142.0 174.0
77.0 100.0
1.0 76.0
45.0 33.0
208.0 32.0
192.0 216.0
97.0 171.0
205.0 119.0
189.0 30.0
200.0 116.0
106.0 141.0
228.0 247.0
176.0 248.0
160.0 176.0
157.0 11.0
228.0 107.0
24.0 97.0
132.0 228.0
109.0 130.0
114.0 62.0
186.0 48.0
21.0 164.0
142.0 210.0
150.0 171.0
218.0 156.0
7.0 24.0
82.0 5.0
159.0 236.0
85.0 27.0
180.0 161.0

164.0 72.0
126.0 50.0
152.0 251.0
12.0 99.0
25.0 244.0
87.0 208.0
180.0 86.0
142.0 255.0
232.0 224.0
87.0 229.0
81.0 159.0
234.0 253.0
58.0 223.0
140.0 221.0
218.0 88.0
18.0 176.0
193.0 67.0
20.0 31.0
88.0 152.0
41.0 91.0
141.0 217.0
186.0 92.0
74.0 238.0
181.0 153.0
208.0 47.0
21.0 160.0
112.0 108.0
236.0 155.0
17.0 237.0
196.0 93.0
157.0 81.0
226.0 179.0
93.0 175.0
58.0 27.0
89.0 36.0
31.0 212.0
226.0 210.0
174.0 85.0
166.0 102.0
231.0 87.0
175.0 169.0
125.0 231.0
141.0 143.0
31.0 173.0
116.0 248.0
213.0 161.0
200.0 201.0
145.0 122.0
210.0 126.0
189.0 91.0
58.0 224.0
14.0 96.0
156.0 243.0
109.0 78.0
135.0 244.0
226.0 92.0
109.0 23.0
225.0 243.0
117.0 108.0
26.0 221.0
87.0 21.0
26.0 19.0
112.0 154.0
38.0 78.0
240.0 28.0
31.0 56.0
198.0 178.0
48.0 93.0
112.0 63.0
245.0 157.0
48.0 100.0
27.0 201.0
19.0 120.0
126.0 105.0
215.0 189.0
208.0 243.0
160.0 19.0
205.0 37.0
227.0 216.0
140.0 207.0
93.0 23.0
213.0 205.0
115.0 165.0
68.0 169.0
204.0 61.0
125.0 19.0
215.0 146.0
19.0 109.0
49.0 210.0
193.0 8.0
185.0 92.0
228.0 148.0
157.0 39.0
166.0 34.0
49.0 161.0
9.0 159.0
226.0 205.0
241.0 174.0
175.0 183.0
227.0 85.0
55.0 183.0
183.0 143.0
43.0 62.0
214.0 97.0
66.0 209.0
211.0 87.0
221.0 205.0
20.0 210.0
92.0 144.0
18.0 183.0
102.0 173.0
131.0 252.0
18.0 38.0
83.0 136.0
103.0 112.0
8.0 47.0
166.0 88.0
107.0 194.0
139.0 132.0
91.0 180.0
33.0 107.0
236.0 79.0
42.0 251.0
141.0 236.0
35.0 84.0
166.0 183.0
30.0 253.0
16.0 123.0
98.0 9.0
30.0 191.0
84.0 128.0
71.0 127.0
254.0 78.0
172.0 193.0
152.0 183.0
221.0 34.0
93.0 123.0
198.0 245.0
12.0 220.0
126.0 230.0
196.0 181.0
164.0 173.0
205.0 144.0
58.0 150.0
206.0 56.0
49.0 48.0
117.0 127.0
104.0 181.0
117.0 246.0
107.0 182.0
133.0 223.0
93.0 153.0
174.0 136.0
248.0 34.0
228.0 17.0
97.0 59.0
43.0 31.0
64.0 136.0
74.0 231.0
126.0 113.0
55.0 223.0
131.0 180.0
109.0 134.0
176.0 251.0
223.0 152.0
188.0 132.0
139.0 122.0
235.0 18.0
99.0 83.0
113.0 236.0
125.0 132.0
98.0 118.0
141.0 132.0
19.0 73.0
10.0 223.0
174.0 105.0
164.0 71.0
138.0 246.0
240.0 213.0
93.0 245.0
76.0 223.0
96.0 113.0
78.0 24.0
51.0 6.0
182.0 131.0
199.0 160.0
84.0 65.0
213.0 238.0
9.0 75.0
133.0 164.0
168.0 48.0
90.0 206.0
222.0 105.0
167.0 244.0
53.0 137.0
240.0 89.0
55.0 187.0
9.0 207.0
59.0 254.0
187.0 61.0
76.0 98.0
188.0 43.0
22.0 214.0
158.0 102.0
227.0 197.0
64.0 181.0
75.0 32.0
46.0 137.0
187.0 177.0
135.0 179.0
61.0 51.0
188.0 141.0
17.0 216.0
216.0 169.0
247.0 239.0
119.0 99.0
127.0 103.0
140.0 205.0
7.0 68.0
137.0 166.0
23.0 239.0
129.0 154.0
255.0 58.0
103.0 177.0
136.0 151.0
153.0 240.0
89.0 131.0
50.0 116.0
156.0 105.0
208.0 94.0
221.0 167.0
14.0 180.0
229.0 231.0
104.0 227.0
98.0 104.0
191.0 65.0
140.0 24.0
146.0 36.0
49.0 225.0
59.0 80.0
116.0 72.0
100.0 193.0
142.0 6.0
71.0 236.0
100.0 179.0
36.0 78.0
66.0 155.0
76.0 166.0
173.0 217.0
202.0 110.0
203.0 201.0
51.0 30.0
181.0 114.0
47.0 108.0
247.0 17.0
48.0 238.0
247.0 81.0
249.0 55.0
250.0 165.0
242.0 158.0
11.0 212.0
158.0 137.0
228.0 161.0
152.0 143.0
247.0 80.0
250.0 187.0
180.0 62.0
236.0 52.0
207.0 218.0
219.0 160.0
166.0 222.0
152.0 92.0
76.0 67.0
103.0 18.0
60.0 128.0
139.0 123.0
192.0 82.0
48.0 120.0
114.0 152.0
79.0 72.0
93.0 63.0
94.0 36.0
183.0 125.0
163.0 47.0
90.0 114.0
116.0 140.0
13.0 84.0
244.0 46.0
172.0 94.0
253.0 94.0
198.0 100.0
40.0 136.0
176.0 200.0
32.0 113.0
198.0 6.0
42.0 220.0
50.0 37.0
222.0 148.0
25.0 219.0
241.0 16.0
126.0 69.0
99.0 71.0
241.0 230.0
89.0 135.0
237.0 64.0
230.0 41.0
119.0 147.0
12.0 115.0
97.0 156.0
162.0 123.0
114.0 193.0
163.0 58.0
10.0 152.0
107.0 92.0
15.0 247.0
224.0 217.0
115.0 234.0
50.0 222.0
139.0 70.0
202.0 191.0
197.0 124.0
108.0 24.0
207.0 101.0
23.0 71.0
24.0 146.0
47.0 222.0
22.0 178.0
119.0 188.0
26.0 31.0
66.0 172.0
71.0 78.0
62.0 69.0
235.0 76.0
211.0 16.0
189.0 227.0
190.0 244.0
59.0 85.0
93.0 29.0
124.0 228.0
34.0 251.0
71.0 139.0
217.0 222.0
191.0 88.0
233.0 243.0
154.0 155.0
106.0 97.0
67.0 227.0
10.0 78.0
130.0 34.0
49.0 194.0
168.0 184.0
115.0 209.0
15.0 82.0
146.0 33.0
169.0 143.0
109.0 73.0
250.0 20.0
222.0 85.0
119.0 126.0
75.0 71.0
53.0 42.0
31.0 146.0
189.0 9.0
213.0 236.0
11.0 184.0
95.0 233.0
251.0 216.0
91.0 19.0
40.0 243.0
62.0 159.0
124.0 217.0
11.0 33.0
67.0 32.0
226.0 94.0
121.0 233.0
74.0 129.0
100.0 161.0
39.0 75.0
22.0 213.0
80.0 200.0
20.0 152.0
51.0 8.0
107.0 39.0
128.0 75.0
242.0 104.0
92.0 87.0
101.0 6.0
61.0 111.0
126.0 171.0
120.0 254.0
185.0 253.0
106.0 155.0
228.0 86.0
77.0 42.0
175.0 255.0
115.0 198.0
60.0 35.0
144.0 200.0
8.0 232.0
244.0 125.0
220.0 16.0
29.0 235.0
157.0 146.0
225.0 194.0
231.0 102.0
117.0 220.0
77.0 107.0
101.0 87.0
33.0 177.0
184.0 9.0
111.0 101.0
29.0 189.0
172.0 50.0
226.0 222.0
176.0 149.0
62.0 207.0
157.0 63.0
64.0 157.0
130.0 33.0
236.0 239.0
240.0 82.0
105.0 201.0
185.0 188.0
149.0 222.0
125.0 227.0
110.0 163.0
11.0 176.0
94.0 42.0
120.0 218.0
120.0 126.0
136.0 85.0
159.0 41.0
177.0 229.0
146.0 217.0
6.0 227.0
177.0 185.0
160.0 119.0
248.0 130.0
132.0 36.0
97.0 127.0
236.0 133.0
148.0 79.0
124.0 31.0
231.0 186.0
246.0 9.0
233.0 16.0
61.0 181.0
178.0 209.0
201.0 58.0
71.0 242.0
8.0 119.0
90.0 117.0
254.0 130.0
90.0 75.0
115.0 10.0
150.0 58.0
56.0 64.0
249.0 141.0
113.0 7.0
135.0 25.0
67.0 22.0
144.0 214.0
135.0 107.0
166.0 62.0
33.0 70.0
93.0 202.0
203.0 101.0
83.0 179.0
143.0 118.0
148.0 155.0
13.0 187.0
229.0 126.0
98.0 118.0
116.0 186.0
158.0 143.0
95.0 111.0
146.0 138.0
213.0 176.0
150.0 204.0
184.0 131.0
231.0 171.0
14.0 106.0
101.0 222.0
171.0 245.0
152.0 71.0
31.0 199.0
238.0 26.0
57.0 205.0
48.0 243.0
60.0 192.0
67.0 100.0
131.0 54.0
162.0 188.0
189.0 153.0
101.0 163.0
157.0 50.0
198.0 75.0
56.0 184.0
14.0 102.0
137.0 71.0
168.0 143.0
20.0 172.0
89.0 53.0
32.0 99.0
109.0 142.0
102.0 177.0
116.0 66.0
62.0 177.0
41.0 118.0
45.0 106.0
49.0 185.0
222.0 213.0
28.0 210.0
187.0 36.0
144.0 104.0
127.0 223.0
238.0 51.0
189.0 76.0
99.0 252.0
64.0 207.0
114.0 199.0
69.0 114.0
150.0 179.0
134.0 198.0
44.0 151.0
98.0 117.0
216.0 141.0
84.0 185.0
121.0 136.0
242.0 51.0
203.0 239.0
249.0 229.0
169.0 251.0
240.0 115.0
138.0 233.0
177.0 184.0
115.0 133.0
199.0 106.0
203.0 179.0
102.0 127.0
115.0 205.0
93.0 63.0
82.0 243.0
119.0 129.0
25.0 210.0
18.0 79.0
246.0 87.0
188.0 250.0
135.0 100.0
120.0 124.0
15.0 160.0
119.0 110.0
243.0 165.0
251.0 36.0
68.0 85.0
99.0 187.0
241.0 48.0
71.0 20.0
246.0 206.0
216.0 208.0
45.0 250.0
128.0 83.0
30.0 206.0
46.0 242.0
24.0 13.0
106.0 215.0
81.0 151.0
204.0 149.0
60.0 185.0
85.0 236.0
182.0 102.0
223.0 234.0
51.0 223.0
207.0 178.0
24.0 155.0
143.0 254.0
80.0 195.0
91.0 61.0
125.0 51.0
197.0 119.0
45.0 135.0
174.0 198.0
76.0 198.0
172.0 214.0
151.0 159.0
39.0 161.0
204.0 35.0
144.0 159.0
164.0 208.0
170.0 13.0
50.0 50.0
137.0 179.0
247.0 23.0
202.0 205.0
248.0 130.0
133.0 171.0
66.0 252.0
89.0 250.0
236.0 78.0
32.0 136.0
243.0 56.0
12.0 36.0
126.0 206.0
210.0 62.0
46.0 76.0
220.0 188.0
122.0 93.0
6.0 144.0
213.0 163.0
121.0 72.0
126.0 182.0
75.0 220.0
234.0 208.0
5.0 70.0
146.0 24.0
173.0 74.0
33.0 247.0
70.0 34.0
125.0 114.0
40.0 163.0
108.0 166.0
66.0 231.0
65.0 144.0
241.0 220.0
53.0 159.0
226.0 235.0
97.0 73.0
73.0 47.0
66.0 62.0
83.0 52.0
82.0 124.0
207.0 175.0
65.0 178.0
57.0 180.0
160.0 103.0
136.0 209.0
57.0 239.0
208.0 193.0
75.0 133.0
103.0 50.0
107.0 89.0
218.0 217.0
207.0 226.0
100.0 42.0
46.0 6.0
64.0 189.0
119.0 7.0
74.0 243.0
61.0 35.0
185.0 23.0
76.0 24.0
220.0 154.0
253.0 153.0
43.0 56.0
75.0 229.0
238.0 22.0
73.0 221.0
221.0 136.0
64.0 25.0
160.0 128.0
241.0 38.0
154.0 248.0
236.0 234.0
145.0 161.0
33.0 149.0
139.0 48.0
212.0 151.0
101.0 55.0
50.0 11.0
220.0 157.0
55.0 251.0
19.0 167.0
113.0 183.0
133.0 127.0
194.0 236.0
140.0 168.0
142.0 107.0
100.0 179.0
160.0 232.0
74.0 36.0
133.0 168.0
178.0 84.0
240.0 93.0
18.0 251.0
161.0 93.0
240.0 98.0
193.0 82.0
151.0 89.0
209.0 124.0
228.0 12.0
133.0 162.0
154.0 137.0
12.0 47.0
49.0 25.0
221.0 196.0
148.0 128.0
251.0 227.0
244.0 229.0
23.0 207.0
242.0 15.0
246.0 11.0
54.0 157.0
188.0 78.0
27.0 125.0
249.0 130.0
12.0 200.0
38.0 70.0
157.0 31.0
251.0 221.0
156.0 90.0
207.0 252.0
135.0 11.0
127.0 91.0
48.0 253.0
221.0 13.0
181.0 228.0
27.0 120.0
166.0 207.0
126.0 245.0
70.0 248.0
152.0 140.0
59.0 115.0
29.0 93.0
36.0 26.0
240.0 207.0
177.0 107.0
207.0 133.0
139.0 232.0
184.0 93.0
194.0 17.0
135.0 115.0
226.0 36.0
128.0 188.0
236.0 129.0
68.0 143.0
91.0 246.0
195.0 103.0
137.0 101.0
51.0 151.0
212.0 158.0
187.0 194.0
77.0 146.0
225.0 78.0
204.0 235.0
146.0 33.0
252.0 139.0
61.0 104.0
112.0 21.0
185.0 57.0
181.0 221.0
164.0 49.0
144.0 130.0
135.0 148.0
37.0 87.0
218.0 109.0
252.0 216.0
235.0 152.0
127.0 32.0
16.0 10.0
164.0 12.0
140.0 98.0
137.0 160.0
146.0 227.0
256.0 104.0
188.0 58.0
27.0 124.0
248.0 129.0
113.0 47.0
48.0 247.0
188.0 9.0
168.0 201.0
205.0 175.0
71.0 5.0
7.0 250.0
201.0 190.0
241.0 27.0
30.0 24.0
195.0 196.0
232.0 49.0
119.0 224.0
97.0 177.0
11.0 221.0
186.0 92.0
86.0 192.0
183.0 126.0
254.0 217.0
162.0 185.0
223.0 99.0
6.0 29.0
159.0 122.0
116.0 132.0
152.0 129.0
35.0 6.0
56.0 114.0
213.0 127.0
60.0 238.0
179.0 214.0
178.0 59.0
240.0 116.0
181.0 229.0
68.0 185.0
233.0 136.0
189.0 7.0
139.0 56.0
101.0 28.0
135.0 222.0
154.0 26.0
206.0 211.0
82.0 124.0
241.0 198.0
134.0 157.0
172.0 94.0
116.0 203.0
240.0 15.0
155.0 254.0
173.0 201.0
106.0 159.0
69.0 186.0
67.0 226.0
90.0 35.0
252.0 240.0
205.0 16.0
128.0 141.0
154.0 129.0
141.0 246.0
7.0 44.0
45.0 153.0
153.0 241.0
108.0 71.0
172.0 208.0
24.0 95.0
75.0 189.0
183.0 28.0
235.0 195.0
35.0 162.0
105.0 116.0
49.0 14.0
202.0 60.0
119.0 247.0
51.0 112.0
95.0 197.0
206.0 251.0
99.0 103.0
143.0 43.0
222.0 58.0
67.0 158.0
126.0 189.0
254.0 238.0
11.0 186.0
105.0 66.0
129.0 74.0
212.0 118.0
124.0 205.0
122.0 142.0
75.0 22.0
100.0 179.0
77.0 170.0
129.0 67.0
158.0 137.0
85.0 199.0
245.0 120.0
230.0 209.0
38.0 202.0
15.0 11.0
237.0 109.0
44.0 181.0
246.0 65.0
41.0 25.0
5.0 104.0
239.0 195.0
162.0 220.0
244.0 57.0
83.0 143.0
111.0 54.0
142.0 184.0
69.0 146.0
32.0 112.0
43.0 186.0
237.0 80.0
225.0 208.0
38.0 8.0
10.0 79.0
38.0 250.0
168.0 151.0
219.0 97.0
192.0 228.0
120.0 89.0
40.0 83.0
67.0 44.0
136.0 8.0
129.0 152.0
188.0 233.0
117.0 175.0
57.0 65.0
189.0 221.0
153.0 225.0
232.0 248.0
158.0 105.0
228.0 172.0
229.0 45.0
134.0 76.0
88.0 223.0
117.0 30.0
241.0 128.0
42.0 157.0
181.0 123.0
208.0 71.0
136.0 132.0
49.0 179.0
92.0 129.0
216.0 133.0
64.0 73.0
122.0 20.0
192.0 88.0
233.0 213.0
11.0 166.0
78.0 106.0
113.0 58.0
87.0 8.0
157.0 14.0
188.0 50.0
76.0 148.0
84.0 24.0
68.0 250.0
12.0 119.0
95.0 138.0
85.0 97.0
87.0 41.0
97.0 239.0
211.0 243.0
7.0 254.0
51.0 36.0
169.0 91.0
126.0 169.0
99.0 225.0
5.0 162.0
194.0 225.0
98.0 62.0
172.0 49.0
194.0 146.0
160.0 33.0
237.0 246.0
125.0 85.0
50.0 113.0
237.0 226.0
74.0 96.0
143.0 96.0
6.0 165.0
189.0 182.0
13.0 212.0
192.0 27.0
10.0 28.0
121.0 42.0
77.0 227.0
205.0 66.0
128.0 193.0
224.0 164.0
18.0 157.0
58.0 169.0
98.0 124.0
168.0 107.0
233.0 140.0
226.0 129.0
230.0 206.0
169.0 197.0
37.0 232.0
242.0 69.0
253.0 245.0
240.0 125.0
245.0 57.0
86.0 28.0
246.0 239.0
127.0 133.0
117.0 41.0
117.0 195.0
31.0 180.0
149.0 237.0
102.0 6.0
185.0 224.0
146.0 122.0
241.0 35.0
193.0 72.0
54.0 231.0
30.0 59.0
145.0 35.0
91.0 186.0
237.0 93.0
37.0 31.0
62.0 93.0
242.0 206.0
143.0 184.0
159.0 69.0
195.0 108.0
143.0 118.0
147.0 179.0
83.0 105.0
5.0 80.0
51.0 37.0
213.0 36.0
198.0 222.0
101.0 175.0
210.0 125.0
195.0 36.0
205.0 121.0
112.0 147.0
233.0 253.0
181.0 252.0
164.0 182.0
162.0 17.0
232.0 111.0
28.0 102.0
136.0 232.0
113.0 136.0
120.0 67.0
190.0 53.0
26.0 169.0
147.0 216.0
155.0 177.0
222.0 162.0
11.0 29.0
87.0 10.0
163.0 242.0
90.0 32.0
185.0 166.0
