1
1024 1 3.0 0.0 1000.0 3 160 240 100

6.5 13.5 29.3 58.5
13.0 27.0 58.5 117.0
19.5 40.5 87.8 175.5
26.0 54.0 117.0 234.0
39.0 81.0 175.5 351.0
52.0 108.0 234.0 468.0
58.5 121.5 263.3 526.5
65.0 135.0 292.5 585.0
78.0 162.0 351.0 702.0
0.0 180.0 390.0 780.0

2.0 5.0 8.0 11.0
5.0 8.0 11.0 14.0
9.0 12.0 15.0 18.0
11.0 14.0 17.0 20.0
15.0 18.0 21.0 24.0
18.0 21.0 24.0 27.0
20.0 23.0 26.0 29.0
25.0 28.0 31.0 34.0
29.0 32.0 35.0 38.0
0.0 34.0 37.0 40.0

1.0 209.0
215.0 36.0
196.0 84.0
3.0 119.0
134.0 195.0
159.0 164.0
50.0 106.0
1.0 192.0
229.0 66.0
139.0 137.0
110.0 94.0
22.0 84.0
200.0 226.0
52.0 109.0
141.0 232.0
24.0 139.0
92.0 133.0
185.0 105.0
130.0 189.0
55.0 200.0
214.0 78.0
169.0 112.0
30.0 61.0
13.0 198.0
147.0 208.0
198.0 75.0
179.0 132.0
241.0 214.0
237.0 170.0
154.0 169.0
24.0 67.0
73.0 118.0
201.0 8.0
243.0 232.0
19.0 156.0
226.0 191.0
223.0 174.0
31.0 216.0
76.0 7.0
138.0 73.0
166.0 42.0
2.0 45.0
190.0 34.0
142.0 187.0
22.0 43.0
6.0 7.0
122.0 145.0
104.0 248.0
225.0 44.0
232.0 42.0
249.0 222.0
136.0 241.0
207.0 105.0
76.0 61.0
228.0 51.0
19.0 235.0
64.0 225.0
28.0 168.0
77.0 55.0
217.0 173.0
213.0 217.0
207.0 163.0
62.0 207.0
85.0 240.0
163.0 77.0
162.0 192.0
8.0 14.0
171.0 206.0
28.0 227.0
72.0 184.0
165.0 175.0
223.0 104.0
150.0 249.0
219.0 181.0
0.0 51.0
27.0 133.0
213.0 3.0
99.0 208.0
41.0 77.0
205.0 138.0
221.0 230.0
60.0 37.0
142.0 222.0
95.0 66.0
217.0 31.0
83.0 231.0
60.0 144.0
90.0 14.0
115.0 97.0
85.0 96.0
202.0 145.0
60.0 232.0
19.0 58.0
114.0 158.0
173.0 69.0
230.0 230.0
161.0 76.0
69.0 41.0
5.0 5.0
144.0 89.0
74.0 67.0
63.0 127.0
185.0 177.0
85.0 125.0
131.0 162.0
55.0 121.0
110.0 138.0
78.0 5.0
74.0 50.0
131.0 136.0
96.0 157.0
101.0 217.0
155.0 56.0
56.0 193.0
59.0 160.0
132.0 244.0
21.0 103.0
214.0 237.0
3.0 107.0
150.0 93.0
206.0 161.0
79.0 68.0
183.0 176.0
220.0 21.0
116.0 77.0
74.0 40.0
67.0 138.0
35.0 123.0
135.0 142.0
204.0 172.0
226.0 35.0
50.0 115.0
204.0 42.0
83.0 31.0
31.0 45.0
55.0 227.0
33.0 47.0
229.0 21.0
20.0 161.0
103.0 46.0
36.0 74.0
15.0 202.0
69.0 42.0
131.0 210.0
143.0 247.0
124.0 8.0
240.0 189.0
166.0 65.0
93.0 84.0
165.0 246.0
182.0 47.0
249.0 159.0
94.0 175.0
51.0 249.0
206.0 167.0
177.0 207.0
222.0 232.0
23.0 57.0
163.0 51.0
214.0 145.0
188.0 143.0
197.0 249.0
1.0 65.0
134.0 152.0
85.0 139.0
8.0 54.0
123.0 25.0
213.0 4.0
10.0 213.0
166.0 120.0
164.0 104.0
70.0 157.0
167.0 163.0
21.0 54.0
83.0 162.0
196.0 160.0
91.0 127.0
184.0 123.0
172.0 144.0
85.0 40.0
104.0 244.0
57.0 223.0
122.0 162.0
62.0 27.0
142.0 60.0
122.0 13.0
10.0 132.0
195.0 239.0
65.0 57.0
131.0 71.0
94.0 98.0
169.0 216.0
91.0 178.0
71.0 203.0
33.0 117.0
239.0 167.0
204.0 226.0
14.0 31.0
154.0 77.0
144.0 55.0
193.0 9.0
244.0 236.0
153.0 74.0
102.0 149.0
168.0 105.0
32.0 79.0
93.0 226.0
13.0 171.0
194.0 129.0
174.0 72.0
82.0 43.0
249.0 154.0
171.0 116.0
182.0 183.0
248.0 236.0
143.0 141.0
62.0 158.0
239.0 188.0
144.0 81.0
73.0 102.0
132.0 157.0
55.0 56.0
207.0 219.0
243.0 192.0
28.0 74.0
240.0 236.0
139.0 20.0
54.0 224.0
121.0 62.0
73.0 222.0
92.0 123.0
181.0 230.0
192.0 79.0
45.0 21.0
31.0 46.0
230.0 243.0
123.0 137.0
41.0 150.0
146.0 220.0
112.0 167.0
190.0 38.0
48.0 36.0
193.0 89.0
234.0 112.0
107.0 244.0
6.0 194.0
134.0 145.0
169.0 71.0
173.0 227.0
183.0 59.0
210.0 19.0
137.0 65.0
167.0 209.0
187.0 97.0
57.0 7.0
214.0 123.0
101.0 138.0
10.0 66.0
7.0 160.0
110.0 233.0
216.0 38.0
208.0 61.0
181.0 53.0
159.0 134.0
94.0 108.0
107.0 206.0
24.0 117.0
145.0 69.0
1.0 192.0
152.0 128.0
123.0 155.0
85.0 135.0
105.0 247.0
26.0 85.0
218.0 165.0
92.0 92.0
173.0 181.0
169.0 120.0
5.0 102.0
195.0 19.0
144.0 191.0
60.0 117.0
118.0 196.0
0.0 182.0
176.0 218.0
155.0 143.0
165.0 205.0
54.0 247.0
73.0 158.0
80.0 182.0
192.0 232.0
35.0 202.0
192.0 183.0
238.0 159.0
189.0 218.0
164.0 124.0
213.0 73.0
171.0 105.0
37.0 4.0
192.0 168.0
156.0 154.0
78.0 113.0
244.0 71.0
91.0 129.0
5.0 250.0
96.0 188.0
118.0 89.0
89.0 244.0
76.0 244.0
231.0 127.0
234.0 160.0
151.0 61.0
246.0 142.0
59.0 60.0
81.0 107.0
56.0 41.0
172.0 9.0
71.0 5.0
12.0 209.0
168.0 246.0
127.0 150.0
39.0 91.0
119.0 238.0
51.0 234.0
72.0 163.0
29.0 49.0
158.0 185.0
36.0 62.0
92.0 243.0
183.0 111.0
156.0 44.0
125.0 236.0
74.0 104.0
146.0 190.0
65.0 31.0
100.0 18.0
248.0 147.0
14.0 202.0
95.0 111.0
215.0 188.0
219.0 8.0
180.0 183.0
96.0 211.0
96.0 153.0
105.0 90.0
196.0 42.0
122.0 245.0
231.0 15.0
179.0 231.0
35.0 108.0
42.0 66.0
154.0 239.0
109.0 110.0
120.0 68.0
80.0 238.0
225.0 33.0
202.0 27.0
248.0 191.0
155.0 233.0
112.0 60.0
0.0 181.0
43.0 202.0
149.0 194.0
106.0 134.0
126.0 72.0
39.0 183.0
230.0 128.0
147.0 237.0
233.0 145.0
50.0 134.0
93.0 163.0
178.0 20.0
202.0 61.0
172.0 52.0
12.0 236.0
213.0 129.0
200.0 212.0
67.0 173.0
66.0 95.0
234.0 9.0
227.0 108.0
131.0 238.0
161.0 225.0
47.0 39.0
29.0 15.0
195.0 159.0
236.0 101.0
220.0 144.0
248.0 212.0
109.0 221.0
21.0 108.0
233.0 236.0
187.0 240.0
105.0 183.0
214.0 32.0
203.0 128.0
68.0 37.0
55.0 154.0
218.0 229.0
79.0 37.0
145.0 53.0
243.0 130.0
51.0 111.0
156.0 54.0
70.0 2.0
40.0 51.0
57.0 56.0
60.0 203.0
110.0 100.0
96.0 20.0
46.0 138.0
56.0 215.0
108.0 185.0
179.0 43.0
236.0 36.0
71.0 148.0
65.0 72.0
31.0 176.0
117.0 3.0
44.0 215.0
199.0 40.0
122.0 199.0
124.0 18.0
240.0 210.0
128.0 67.0
178.0 194.0
231.0 6.0
143.0 146.0
38.0 175.0
99.0 152.0
99.0 231.0
59.0 233.0
214.0 35.0
147.0 232.0
152.0 4.0
49.0 77.0
68.0 189.0
38.0 46.0
202.0 80.0
74.0 213.0
19.0 18.0
40.0 105.0
1.0 103.0
222.0 109.0
122.0 83.0
235.0 35.0
98.0 2.0
138.0 8.0
59.0 215.0
34.0 202.0
119.0 176.0
48.0 236.0
115.0 222.0
98.0 108.0
103.0 136.0
226.0 105.0
27.0 100.0
26.0 204.0
9.0 186.0
60.0 24.0
59.0 111.0
189.0 213.0
27.0 54.0
63.0 208.0
208.0 110.0
86.0 125.0
72.0 74.0
225.0 99.0
135.0 243.0
93.0 203.0
70.0 56.0
67.0 130.0
214.0 142.0
232.0 158.0
174.0 212.0
37.0 201.0
78.0 245.0
90.0 89.0
39.0 24.0
100.0 3.0
17.0 110.0
5.0 87.0
10.0 163.0
179.0 48.0
128.0 100.0
145.0 110.0
126.0 97.0
35.0 48.0
64.0 70.0
115.0 14.0
39.0 9.0
244.0 9.0
40.0 171.0
203.0 112.0
245.0 146.0
130.0 159.0
186.0 154.0
148.0 138.0
230.0 234.0
22.0 101.0
156.0 46.0
57.0 239.0
182.0 71.0
227.0 49.0
83.0 69.0
86.0 113.0
117.0 182.0
90.0 36.0
42.0 188.0
21.0 191.0
64.0 160.0
247.0 207.0
113.0 152.0
133.0 203.0
174.0 64.0
230.0 84.0
190.0 156.0
168.0 39.0
132.0 4.0
11.0 168.0
150.0 249.0
117.0 6.0
245.0 35.0
146.0 6.0
20.0 126.0
128.0 109.0
81.0 232.0
114.0 100.0
247.0 145.0
188.0 246.0
38.0 83.0
248.0 37.0
214.0 239.0
203.0 169.0
210.0 54.0
118.0 197.0
119.0 61.0
93.0 114.0
185.0 227.0
2.0 192.0
94.0 3.0
41.0 189.0
140.0 115.0
58.0 135.0
185.0 217.0
3.0 186.0
114.0 35.0
88.0 130.0
75.0 5.0
123.0 156.0
87.0 171.0
1.0 99.0
171.0 204.0
159.0 145.0
228.0 194.0
119.0 80.0
175.0 196.0
65.0 205.0
202.0 64.0
180.0 110.0
29.0 166.0
80.0 63.0
151.0 149.0
182.0 80.0
88.0 226.0
228.0 61.0
225.0 18.0
182.0 175.0
166.0 48.0
77.0 7.0
41.0 56.0
178.0 32.0
67.0 102.0
146.0 46.0
195.0 249.0
200.0 243.0
235.0 159.0
88.0 195.0
201.0 43.0
235.0 63.0
131.0 152.0
10.0 145.0
229.0 128.0
104.0 226.0
242.0 41.0
72.0 224.0
22.0 36.0
180.0 204.0
65.0 52.0
222.0 135.0
113.0 169.0
61.0 83.0
213.0 155.0
212.0 101.0
221.0 146.0
73.0 129.0
3.0 172.0
2.0 31.0
198.0 70.0
234.0 215.0
171.0 128.0
188.0 97.0
151.0 121.0
53.0 205.0
59.0 225.0
71.0 86.0
120.0 70.0
30.0 176.0
181.0 62.0
5.0 156.0
175.0 109.0
248.0 112.0
24.0 233.0
131.0 117.0
74.0 117.0
166.0 188.0
206.0 160.0
139.0 120.0
92.0 230.0
248.0 14.0
133.0 61.0
169.0 125.0
153.0 102.0
50.0 229.0
18.0 156.0
241.0 14.0
138.0 219.0
138.0 51.0
133.0 1.0
69.0 244.0
249.0 154.0
218.0 178.0
185.0 65.0
158.0 144.0
41.0 123.0
96.0 143.0
171.0 180.0
36.0 246.0
19.0 241.0
92.0 22.0
109.0 241.0
13.0 14.0
144.0 65.0
49.0 99.0
244.0 25.0
84.0 107.0
160.0 96.0
39.0 128.0
132.0 4.0
100.0 41.0
84.0 69.0
153.0 52.0
206.0 40.0
88.0 135.0
0.0 195.0
5.0 74.0
204.0 67.0
90.0 100.0
40.0 198.0
67.0 189.0
95.0 150.0
144.0 168.0
148.0 51.0
204.0 50.0
110.0 41.0
46.0 117.0
41.0 7.0
57.0 62.0
18.0 103.0
244.0 75.0
206.0 74.0
120.0 58.0
16.0 240.0
12.0 232.0
85.0 50.0
156.0 196.0
101.0 186.0
16.0 74.0
52.0 236.0
73.0 191.0
69.0 55.0
150.0 26.0
74.0 213.0
129.0 20.0
245.0 3.0
20.0 115.0
171.0 54.0
99.0 211.0
72.0 139.0
198.0 51.0
55.0 94.0
16.0 104.0
204.0 66.0
117.0 69.0
65.0 136.0
137.0 197.0
203.0 155.0
242.0 186.0
35.0 212.0
222.0 213.0
222.0 202.0
137.0 234.0
210.0 36.0
37.0 3.0
66.0 81.0
44.0 43.0
93.0 11.0
180.0 169.0
227.0 14.0
120.0 156.0
86.0 173.0
121.0 27.0
44.0 91.0
184.0 194.0
69.0 193.0
72.0 31.0
95.0 163.0
117.0 3.0
17.0 64.0
66.0 46.0
212.0 231.0
23.0 203.0
58.0 101.0
115.0 82.0
223.0 207.0
50.0 14.0
70.0 118.0
88.0 114.0
71.0 173.0
216.0 233.0
215.0 173.0
155.0 132.0
164.0 7.0
140.0 249.0
20.0 241.0
203.0 15.0
90.0 19.0
43.0 199.0
130.0 201.0
78.0 133.0
77.0 191.0
140.0 161.0
127.0 6.0
37.0 36.0
59.0 180.0
57.0 246.0
8.0 161.0
32.0 106.0
237.0 183.0
141.0 222.0
228.0 137.0
205.0 53.0
5.0 54.0
39.0 36.0
163.0 96.0
212.0 128.0
109.0 43.0
179.0 119.0
131.0 49.0
6.0 173.0
177.0 28.0
14.0 93.0
80.0 72.0
205.0 138.0
234.0 125.0
164.0 6.0
87.0 209.0
169.0 193.0
83.0 37.0
84.0 220.0
30.0 184.0
152.0 49.0
175.0 36.0
116.0 76.0
62.0 50.0
175.0 124.0
96.0 183.0
74.0 217.0
10.0 140.0
218.0 175.0
34.0 172.0
215.0 185.0
79.0 210.0
131.0 19.0
123.0 175.0
235.0 172.0
232.0 140.0
125.0 222.0
18.0 54.0
162.0 51.0
117.0 68.0
215.0 123.0
84.0 72.0
14.0 58.0
181.0 84.0
4.0 87.0
81.0 231.0
108.0 5.0
76.0 108.0
173.0 79.0
203.0 97.0
136.0 144.0
243.0 80.0
50.0 226.0
119.0 3.0
138.0 60.0
54.0 82.0
141.0 200.0
114.0 3.0
247.0 219.0
126.0 21.0
244.0 80.0
233.0 190.0
73.0 41.0
186.0 247.0
20.0 50.0
27.0 15.0
120.0 130.0
116.0 225.0
142.0 63.0
50.0 230.0
81.0 27.0
47.0 154.0
165.0 95.0
210.0 73.0
174.0 127.0
130.0 131.0
214.0 116.0
113.0 80.0
104.0 108.0
112.0 10.0
142.0 153.0
28.0 142.0
58.0 30.0
86.0 66.0
12.0 69.0
76.0 182.0
93.0 200.0
38.0 94.0
43.0 174.0
51.0 85.0
40.0 198.0
86.0 69.0
136.0 70.0
215.0 243.0
60.0 177.0
249.0 238.0
111.0 66.0
219.0 101.0
216.0 69.0
164.0 27.0
21.0 75.0
4.0 74.0
191.0 64.0
89.0 125.0
183.0 94.0
73.0 215.0
30.0 4.0
91.0 130.0
32.0 149.0
249.0 245.0
20.0 40.0
35.0 139.0
193.0 87.0
47.0 94.0
101.0 204.0
247.0 130.0
127.0 79.0
37.0 50.0
165.0 6.0
228.0 43.0
239.0 212.0
71.0 168.0
123.0 181.0
52.0 166.0
74.0 53.0
247.0 38.0
130.0 219.0
56.0 203.0
209.0 51.0
241.0 63.0
66.0 44.0
214.0 156.0
240.0 151.0
123.0 100.0
170.0 228.0
59.0 136.0
221.0 5.0
47.0 101.0
196.0 100.0
35.0 243.0
186.0 143.0
163.0 126.0
210.0 137.0
144.0 118.0
130.0 243.0
166.0 106.0
159.0 11.0
31.0 63.0
75.0 106.0
62.0 220.0
87.0 163.0
109.0 98.0
90.0 230.0
66.0 30.0
121.0 25.0
117.0 65.0
146.0 100.0
227.0 228.0
99.0 27.0
232.0 184.0
182.0 59.0
174.0 137.0
227.0 5.0
100.0 151.0
248.0 158.0
100.0 81.0
118.0 137.0
177.0 186.0
110.0 91.0
106.0 250.0
119.0 32.0
239.0 128.0
187.0 91.0
42.0 194.0
14.0 99.0
202.0 224.0
197.0 173.0
207.0 58.0
16.0 66.0
113.0 220.0
134.0 95.0
35.0 189.0
142.0 33.0
191.0 143.0
205.0 151.0
158.0 244.0
111.0 170.0
55.0 141.0
98.0 186.0
190.0 167.0
144.0 202.0
240.0 2.0
212.0 204.0
143.0 164.0
24.0 43.0
150.0 238.0
213.0 184.0
70.0 52.0
61.0 207.0
58.0 108.0
54.0 245.0
79.0 100.0
71.0 125.0
37.0 187.0
78.0 19.0
80.0 246.0
7.0 239.0
184.0 134.0
75.0 123.0
156.0 64.0
100.0 2.0
34.0 8.0
175.0 90.0
161.0 92.0
157.0 150.0
12.0 29.0
197.0 147.0
194.0 174.0
126.0 136.0
71.0 138.0
84.0 201.0
53.0 155.0
50.0 81.0
129.0 4.0
43.0 171.0
60.0 89.0
48.0 145.0
182.0 75.0
21.0 39.0
119.0 60.0
194.0 155.0
220.0 77.0
134.0 234.0
146.0 5.0
158.0 157.0
66.0 69.0
185.0 237.0
230.0 151.0
249.0 232.0
27.0 178.0
136.0 25.0
165.0 213.0
228.0 220.0
206.0 145.0
165.0 231.0
215.0 200.0
12.0 227.0
130.0 65.0
179.0 147.0
250.0 226.0
154.0 24.0
50.0 172.0
164.0 190.0
118.0 192.0
214.0 240.0
36.0 65.0
236.0 207.0
127.0 211.0
158.0 190.0
12.0 0.0
32.0 5.0
26.0 162.0
138.0 249.0
78.0 107.0
59.0 207.0
91.0 235.0
61.0 116.0
23.0 168.0
117.0 91.0
205.0 101.0
38.0 114.0
129.0 86.0
189.0 4.0

6.0 214.0
220.0 41.0
201.0 89.0
8.0 125.0
139.0 199.0
164.0 170.0
54.0 110.0
6.0 197.0
235.0 71.0
145.0 141.0
115.0 98.0
28.0 90.0
205.0 230.0
57.0 113.0
145.0 236.0
29.0 143.0
98.0 138.0
189.0 111.0
135.0 194.0
61.0 204.0
218.0 83.0
174.0 117.0
35.0 67.0
17.0 202.0
152.0 212.0
203.0 80.0
184.0 137.0
245.0 218.0
243.0 175.0
159.0 173.0
29.0 73.0
78.0 123.0
205.0 13.0
249.0 236.0
24.0 162.0
231.0 196.0
227.0 180.0
37.0 220.0
82.0 12.0
143.0 78.0
172.0 47.0
7.0 50.0
194.0 40.0
147.0 192.0
26.0 48.0
11.0 13.0
127.0 150.0
108.0 253.0
231.0 49.0
238.0 47.0
255.0 227.0
141.0 246.0
211.0 110.0
80.0 67.0
232.0 55.0
25.0 240.0
70.0 231.0
32.0 173.0
83.0 60.0
222.0 177.0
218.0 222.0
211.0 168.0
67.0 212.0
90.0 244.0
168.0 83.0
167.0 197.0
13.0 18.0
176.0 212.0
33.0 232.0
78.0 190.0
170.0 180.0
229.0 109.0
156.0 255.0
224.0 187.0
6.0 56.0
32.0 138.0
217.0 9.0
105.0 212.0
46.0 81.0
210.0 143.0
226.0 235.0
66.0 41.0
148.0 227.0
100.0 70.0
222.0 36.0
88.0 236.0
65.0 149.0
94.0 18.0
120.0 101.0
89.0 102.0
208.0 149.0
65.0 237.0
23.0 63.0
119.0 163.0
179.0 74.0
236.0 235.0
166.0 82.0
73.0 46.0
10.0 9.0
149.0 94.0
79.0 73.0
68.0 132.0
190.0 182.0
89.0 130.0
136.0 167.0
61.0 126.0
114.0 143.0
83.0 10.0
79.0 56.0
136.0 140.0
100.0 162.0
105.0 222.0
160.0 62.0
61.0 197.0
63.0 164.0
136.0 248.0
26.0 107.0
220.0 242.0
9.0 113.0
154.0 98.0
211.0 166.0
84.0 73.0
188.0 182.0
225.0 26.0
122.0 81.0
79.0 45.0
72.0 143.0
39.0 128.0
140.0 147.0
208.0 177.0
231.0 41.0
56.0 119.0
209.0 48.0
88.0 36.0
36.0 50.0
61.0 232.0
38.0 52.0
233.0 25.0
24.0 167.0
108.0 50.0
41.0 80.0
21.0 207.0
75.0 48.0
136.0 215.0
147.0 252.0
130.0 14.0
245.0 194.0
172.0 70.0
99.0 88.0
170.0 252.0
188.0 52.0
254.0 164.0
99.0 179.0
56.0 254.0
211.0 173.0
181.0 212.0
227.0 236.0
27.0 62.0
167.0 55.0
219.0 149.0
193.0 147.0
203.0 255.0
6.0 71.0
139.0 157.0
90.0 144.0
14.0 59.0
127.0 29.0
217.0 8.0
14.0 219.0
171.0 124.0
169.0 108.0
74.0 162.0
172.0 169.0
26.0 60.0
87.0 167.0
201.0 165.0
95.0 132.0
190.0 129.0
178.0 149.0
89.0 44.0
110.0 249.0
63.0 227.0
127.0 166.0
67.0 31.0
147.0 64.0
128.0 19.0
15.0 137.0
200.0 244.0
69.0 61.0
135.0 75.0
99.0 104.0
174.0 222.0
96.0 183.0
76.0 208.0
38.0 121.0
244.0 173.0
208.0 231.0
20.0 36.0
159.0 83.0
148.0 59.0
198.0 14.0
249.0 241.0
159.0 80.0
106.0 154.0
174.0 111.0
37.0 83.0
99.0 232.0
17.0 176.0
200.0 134.0
178.0 78.0
87.0 48.0
254.0 158.0
176.0 120.0
187.0 187.0
253.0 241.0
148.0 146.0
68.0 163.0
244.0 192.0
149.0 86.0
77.0 107.0
138.0 162.0
60.0 61.0
213.0 224.0
248.0 196.0
33.0 79.0
244.0 241.0
143.0 25.0
59.0 230.0
126.0 67.0
79.0 226.0
96.0 127.0
186.0 236.0
197.0 84.0
50.0 25.0
36.0 51.0
234.0 248.0
129.0 142.0
45.0 155.0
152.0 226.0
118.0 173.0
194.0 43.0
52.0 41.0
199.0 94.0
238.0 117.0
112.0 249.0
11.0 199.0
140.0 150.0
175.0 75.0
179.0 233.0
188.0 64.0
214.0 24.0
142.0 71.0
172.0 214.0
193.0 101.0
62.0 13.0
219.0 129.0
105.0 143.0
16.0 70.0
12.0 164.0
114.0 239.0
222.0 42.0
213.0 66.0
186.0 59.0
164.0 139.0
99.0 113.0
113.0 212.0
29.0 123.0
150.0 74.0
5.0 197.0
157.0 133.0
129.0 160.0
89.0 140.0
109.0 252.0
30.0 90.0
222.0 170.0
96.0 97.0
178.0 185.0
175.0 125.0
10.0 106.0
200.0 23.0
149.0 196.0
65.0 122.0
123.0 200.0
6.0 187.0
181.0 223.0
160.0 149.0
170.0 210.0
59.0 252.0
78.0 162.0
85.0 187.0
197.0 238.0
41.0 206.0
197.0 189.0
243.0 165.0
194.0 224.0
168.0 130.0
218.0 78.0
175.0 111.0
43.0 10.0
198.0 173.0
162.0 158.0
82.0 117.0
250.0 76.0
95.0 133.0
9.0 255.0
102.0 194.0
123.0 94.0
93.0 249.0
80.0 248.0
237.0 131.0
239.0 165.0
156.0 67.0
251.0 148.0
63.0 66.0
86.0 113.0
61.0 46.0
178.0 13.0
76.0 10.0
18.0 214.0
172.0 251.0
133.0 155.0
44.0 96.0
124.0 242.0
55.0 238.0
76.0 168.0
35.0 54.0
162.0 190.0
41.0 67.0
97.0 248.0
188.0 116.0
161.0 48.0
129.0 240.0
79.0 108.0
150.0 195.0
70.0 37.0
106.0 23.0
253.0 151.0
19.0 206.0
99.0 116.0
220.0 193.0
225.0 12.0
186.0 189.0
101.0 216.0
102.0 157.0
111.0 96.0
201.0 46.0
126.0 250.0
236.0 19.0
184.0 236.0
39.0 113.0
48.0 71.0
160.0 243.0
113.0 114.0
126.0 72.0
84.0 243.0
230.0 38.0
208.0 32.0
253.0 196.0
161.0 238.0
117.0 65.0
4.0 186.0
49.0 207.0
154.0 200.0
110.0 139.0
131.0 76.0
44.0 188.0
236.0 132.0
152.0 242.0
238.0 149.0
56.0 138.0
99.0 167.0
183.0 26.0
207.0 67.0
177.0 56.0
17.0 242.0
219.0 134.0
205.0 218.0
72.0 178.0
70.0 100.0
239.0 15.0
232.0 112.0
136.0 243.0
166.0 231.0
52.0 44.0
35.0 20.0
199.0 164.0
241.0 107.0
226.0 148.0
253.0 216.0
114.0 225.0
26.0 113.0
238.0 241.0
192.0 245.0
109.0 187.0
219.0 37.0
207.0 134.0
74.0 42.0
59.0 159.0
223.0 234.0
85.0 43.0
150.0 58.0
247.0 134.0
55.0 115.0
161.0 60.0
75.0 7.0
45.0 55.0
61.0 62.0
66.0 208.0
115.0 105.0
100.0 24.0
51.0 144.0
61.0 221.0
112.0 190.0
184.0 47.0
240.0 40.0
75.0 153.0
69.0 76.0
35.0 181.0
122.0 7.0
49.0 219.0
203.0 45.0
127.0 204.0
130.0 24.0
246.0 216.0
134.0 71.0
183.0 199.0
236.0 11.0
148.0 151.0
43.0 181.0
104.0 158.0
105.0 235.0
64.0 239.0
219.0 41.0
152.0 237.0
157.0 10.0
54.0 82.0
73.0 194.0
43.0 51.0
207.0 86.0
79.0 218.0
24.0 24.0
45.0 109.0
7.0 108.0
227.0 113.0
128.0 88.0
240.0 41.0
103.0 7.0
142.0 13.0
65.0 219.0
38.0 207.0
124.0 181.0
54.0 242.0
119.0 227.0
103.0 112.0
108.0 141.0
231.0 110.0
32.0 106.0
31.0 208.0
15.0 191.0
65.0 29.0
63.0 117.0
193.0 218.0
31.0 59.0
67.0 212.0
212.0 114.0
91.0 130.0
77.0 79.0
231.0 104.0
140.0 249.0
98.0 208.0
75.0 62.0
71.0 135.0
219.0 146.0
237.0 163.0
180.0 216.0
42.0 205.0
83.0 250.0
95.0 94.0
43.0 30.0
104.0 9.0
21.0 114.0
11.0 92.0
14.0 168.0
184.0 53.0
134.0 105.0
149.0 115.0
132.0 103.0
41.0 52.0
70.0 76.0
120.0 19.0
43.0 14.0
248.0 14.0
45.0 175.0
207.0 117.0
250.0 151.0
135.0 165.0
191.0 158.0
152.0 144.0
235.0 239.0
27.0 106.0
160.0 51.0
63.0 244.0
187.0 77.0
232.0 54.0
88.0 73.0
91.0 118.0
122.0 186.0
95.0 41.0
47.0 193.0
27.0 196.0
69.0 164.0
253.0 212.0
119.0 157.0
138.0 207.0
180.0 69.0
235.0 89.0
194.0 161.0
173.0 44.0
136.0 9.0
15.0 174.0
156.0 254.0
122.0 12.0
249.0 40.0
151.0 11.0
24.0 132.0
132.0 114.0
87.0 236.0
119.0 104.0
252.0 151.0
193.0 252.0
43.0 87.0
252.0 41.0
219.0 243.0
207.0 175.0
215.0 59.0
122.0 202.0
124.0 66.0
98.0 119.0
191.0 233.0
8.0 198.0
100.0 8.0
46.0 195.0
145.0 120.0
64.0 141.0
191.0 221.0
7.0 191.0
119.0 40.0
94.0 135.0
80.0 9.0
127.0 161.0
91.0 175.0
6.0 104.0
175.0 209.0
165.0 151.0
232.0 199.0
124.0 86.0
180.0 201.0
70.0 211.0
207.0 68.0
185.0 115.0
33.0 170.0
86.0 67.0
155.0 154.0
187.0 85.0
92.0 231.0
233.0 67.0
231.0 23.0
188.0 179.0
171.0 54.0
82.0 11.0
45.0 60.0
182.0 36.0
71.0 107.0
151.0 50.0
201.0 254.0
204.0 248.0
239.0 165.0
93.0 201.0
206.0 49.0
240.0 68.0
136.0 158.0
16.0 151.0
233.0 133.0
109.0 230.0
248.0 46.0
76.0 228.0
28.0 41.0
185.0 209.0
69.0 58.0
228.0 140.0
118.0 174.0
67.0 87.0
219.0 160.0
216.0 105.0
225.0 151.0
79.0 133.0
9.0 177.0
8.0 36.0
202.0 75.0
238.0 221.0
175.0 133.0
192.0 103.0
156.0 125.0
59.0 209.0
63.0 229.0
76.0 91.0
126.0 75.0
34.0 181.0
186.0 68.0
10.0 161.0
180.0 114.0
253.0 118.0
30.0 237.0
135.0 122.0
78.0 122.0
172.0 194.0
212.0 164.0
144.0 125.0
98.0 235.0
253.0 18.0
139.0 67.0
173.0 131.0
158.0 107.0
55.0 233.0
23.0 161.0
246.0 19.0
143.0 225.0
144.0 55.0
138.0 5.0
73.0 249.0
255.0 159.0
222.0 182.0
190.0 70.0
163.0 148.0
46.0 128.0
101.0 148.0
176.0 186.0
42.0 250.0
25.0 247.0
96.0 28.0
114.0 246.0
18.0 19.0
149.0 70.0
55.0 105.0
249.0 30.0
89.0 112.0
165.0 100.0
44.0 133.0
138.0 9.0
105.0 46.0
88.0 74.0
158.0 57.0
211.0 46.0
93.0 140.0
4.0 200.0
11.0 79.0
209.0 72.0
95.0 106.0
44.0 202.0
73.0 194.0
101.0 155.0
150.0 172.0
153.0 55.0
210.0 55.0
115.0 46.0
51.0 122.0
46.0 13.0
62.0 67.0
23.0 107.0
250.0 80.0
212.0 80.0
126.0 64.0
20.0 244.0
18.0 237.0
89.0 55.0
162.0 200.0
106.0 190.0
21.0 80.0
58.0 242.0
78.0 196.0
74.0 60.0
155.0 30.0
78.0 217.0
134.0 25.0
250.0 9.0
25.0 121.0
176.0 60.0
104.0 217.0
78.0 143.0
202.0 56.0
59.0 99.0
21.0 109.0
209.0 71.0
122.0 73.0
70.0 142.0
143.0 202.0
207.0 160.0
247.0 191.0
41.0 216.0
227.0 219.0
227.0 207.0
143.0 239.0
215.0 41.0
43.0 9.0
71.0 85.0
50.0 48.0
99.0 16.0
185.0 173.0
231.0 19.0
126.0 160.0
91.0 178.0
125.0 32.0
49.0 96.0
189.0 199.0
73.0 199.0
76.0 37.0
99.0 167.0
123.0 9.0
22.0 69.0
72.0 50.0
216.0 236.0
28.0 208.0
64.0 106.0
119.0 86.0
228.0 213.0
55.0 19.0
75.0 123.0
93.0 119.0
77.0 178.0
221.0 238.0
219.0 179.0
160.0 137.0
169.0 11.0
145.0 254.0
25.0 245.0
207.0 20.0
94.0 25.0
49.0 204.0
135.0 207.0
82.0 138.0
82.0 197.0
145.0 166.0
133.0 11.0
43.0 40.0
64.0 184.0
63.0 251.0
13.0 167.0
37.0 111.0
241.0 188.0
147.0 228.0
232.0 141.0
210.0 57.0
10.0 59.0
45.0 41.0
169.0 101.0
216.0 133.0
114.0 49.0
184.0 123.0
136.0 54.0
11.0 178.0
183.0 34.0
20.0 98.0
85.0 77.0
209.0 143.0
238.0 130.0
170.0 12.0
93.0 214.0
175.0 199.0
87.0 43.0
88.0 224.0
34.0 190.0
157.0 54.0
181.0 41.0
121.0 81.0
68.0 55.0
181.0 129.0
102.0 188.0
80.0 221.0
15.0 146.0
223.0 181.0
38.0 178.0
219.0 190.0
84.0 216.0
136.0 23.0
128.0 181.0
241.0 178.0
237.0 145.0
131.0 226.0
23.0 59.0
167.0 55.0
123.0 73.0
220.0 127.0
90.0 77.0
19.0 64.0
186.0 88.0
9.0 92.0
85.0 235.0
113.0 9.0
80.0 113.0
177.0 83.0
208.0 102.0
141.0 148.0
248.0 86.0
55.0 230.0
123.0 9.0
142.0 65.0
58.0 88.0
146.0 206.0
119.0 9.0
251.0 224.0
132.0 25.0
250.0 84.0
237.0 196.0
77.0 45.0
190.0 252.0
24.0 55.0
31.0 20.0
126.0 135.0
121.0 231.0
148.0 69.0
55.0 235.0
86.0 33.0
53.0 159.0
171.0 101.0
214.0 78.0
178.0 131.0
135.0 136.0
220.0 122.0
118.0 85.0
110.0 113.0
116.0 15.0
146.0 158.0
33.0 148.0
63.0 34.0
91.0 71.0
18.0 74.0
81.0 187.0
98.0 205.0
44.0 98.0
47.0 179.0
56.0 89.0
45.0 203.0
90.0 73.0
141.0 76.0
220.0 247.0
66.0 181.0
254.0 243.0
115.0 71.0
223.0 107.0
221.0 74.0
168.0 31.0
26.0 81.0
9.0 80.0
196.0 69.0
95.0 130.0
188.0 99.0
78.0 219.0
36.0 9.0
97.0 135.0
37.0 154.0
253.0 249.0
26.0 45.0
41.0 145.0
198.0 92.0
53.0 99.0
105.0 209.0
252.0 136.0
132.0 83.0
42.0 54.0
169.0 10.0
233.0 48.0
245.0 217.0
76.0 173.0
129.0 186.0
58.0 171.0
79.0 58.0
252.0 43.0
135.0 224.0
61.0 209.0
213.0 57.0
246.0 69.0
71.0 48.0
219.0 161.0
245.0 155.0
129.0 105.0
175.0 232.0
64.0 140.0
226.0 9.0
52.0 107.0
200.0 105.0
40.0 248.0
191.0 148.0
168.0 131.0
215.0 142.0
149.0 122.0
135.0 247.0
170.0 111.0
165.0 16.0
36.0 68.0
81.0 112.0
67.0 225.0
92.0 168.0
114.0 102.0
95.0 235.0
70.0 34.0
125.0 30.0
122.0 70.0
152.0 105.0
233.0 234.0
104.0 32.0
238.0 188.0
187.0 65.0
180.0 142.0
232.0 10.0
105.0 157.0
253.0 163.0
106.0 86.0
124.0 142.0
183.0 192.0
116.0 96.0
111.0 254.0
123.0 37.0
245.0 132.0
193.0 95.0
48.0 200.0
18.0 105.0
208.0 230.0
202.0 177.0
211.0 64.0
22.0 72.0
117.0 225.0
139.0 99.0
39.0 193.0
147.0 38.0
196.0 147.0
209.0 156.0
163.0 248.0
116.0 174.0
59.0 145.0
103.0 191.0
194.0 172.0
149.0 208.0
244.0 6.0
218.0 209.0
149.0 170.0
30.0 48.0
154.0 243.0
217.0 189.0
76.0 56.0
67.0 213.0
62.0 113.0
58.0 251.0
84.0 104.0
76.0 130.0
41.0 192.0
84.0 24.0
84.0 251.0
12.0 244.0
188.0 138.0
80.0 129.0
162.0 69.0
105.0 7.0
38.0 13.0
180.0 95.0
165.0 98.0
162.0 155.0
17.0 33.0
203.0 152.0
199.0 179.0
131.0 140.0
75.0 144.0
89.0 207.0
58.0 159.0
54.0 87.0
133.0 9.0
49.0 176.0
65.0 94.0
54.0 150.0
187.0 81.0
25.0 45.0
123.0 65.0
198.0 161.0
225.0 81.0
139.0 240.0
151.0 10.0
163.0 162.0
71.0 74.0
190.0 241.0
235.0 155.0
254.0 236.0
31.0 182.0
141.0 31.0
171.0 219.0
233.0 225.0
211.0 151.0
171.0 236.0
220.0 204.0
18.0 232.0
135.0 71.0
185.0 151.0
256.0 231.0
160.0 28.0
55.0 177.0
169.0 195.0
124.0 196.0
219.0 245.0
41.0 70.0
240.0 212.0
132.0 215.0
164.0 195.0
17.0 5.0
37.0 10.0
32.0 168.0
144.0 254.0
83.0 112.0
63.0 212.0
95.0 239.0
66.0 121.0
27.0 173.0
122.0 95.0
210.0 107.0
44.0 120.0
135.0 91.0
195.0 9.0
