1
1024 1 3.0 0.0 1000.0 3 160 240 100

6.5 13.5 29.3 58.5
13.0 27.0 58.5 117.0
19.5 40.5 87.8 175.5
26.0 54.0 117.0 234.0
39.0 81.0 175.5 351.0
52.0 108.0 234.0 468.0
58.5 121.5 263.3 526.5
65.0 135.0 292.5 585.0
78.0 162.0 351.0 702.0
0.0 180.0 390.0 780.0

2.0 5.0 8.0 11.0
5.0 8.0 11.0 14.0
9.0 12.0 15.0 18.0
11.0 14.0 17.0 20.0
15.0 18.0 21.0 24.0
18.0 21.0 24.0 27.0
20.0 23.0 26.0 29.0
25.0 28.0 31.0 34.0
29.0 32.0 35.0 38.0
0.0 34.0 37.0 40.0

128.0 88.0
215.0 158.0
137.0 72.0
77.0 119.0
185.0 10.0
105.0 63.0
96.0 136.0
44.0 92.0
98.0 101.0
74.0 209.0
128.0 200.0
63.0 212.0
211.0 26.0
146.0 176.0
241.0 80.0
126.0 213.0
66.0 186.0
241.0 28.0
110.0 131.0
198.0 67.0
38.0 240.0
126.0 158.0
71.0 189.0
224.0 75.0
94.0 131.0
140.0 31.0
36.0 79.0
223.0 174.0
31.0 231.0
64.0 209.0
221.0 59.0
91.0 88.0
87.0 235.0
10.0 30.0
41.0 68.0
232.0 185.0
37.0 175.0
205.0 62.0
63.0 162.0
155.0 186.0
151.0 183.0
50.0 212.0
130.0 10.0
146.0 85.0
146.0 124.0
67.0 113.0
44.0 72.0
151.0 156.0
4.0 229.0
126.0 168.0
169.0 91.0
245.0 185.0
17.0 98.0
56.0 115.0
89.0 12.0
56.0 35.0
213.0 197.0
40.0 1.0
195.0 221.0
19.0 177.0
9.0 237.0
140.0 181.0
67.0 208.0
97.0 69.0
232.0 38.0
110.0 227.0
38.0 49.0
74.0 241.0
133.0 21.0
86.0 105.0
61.0 64.0
66.0 231.0
8.0 200.0
64.0 10.0
248.0 39.0
105.0 228.0
63.0 40.0
10.0 237.0
215.0 136.0
194.0 60.0
145.0 68.0
248.0 190.0
98.0 104.0
180.0 148.0
207.0 97.0
242.0 182.0
130.0 182.0
98.0 49.0
141.0 208.0
144.0 133.0
136.0 59.0
88.0 219.0
97.0 99.0
246.0 49.0
83.0 17.0
29.0 110.0
172.0 178.0
198.0 148.0
58.0 136.0
248.0 237.0
82.0 34.0
115.0 23.0
47.0 181.0
191.0 90.0
203.0 150.0
219.0 204.0
140.0 54.0
179.0 250.0
96.0 242.0
112.0 244.0
36.0 173.0
116.0 108.0
151.0 93.0
82.0 219.0
233.0 164.0
38.0 45.0
223.0 10.0
42.0 247.0
6.0 241.0
110.0 199.0
119.0 25.0
249.0 163.0
74.0 141.0
215.0 205.0
91.0 224.0
168.0 222.0
64.0 245.0
248.0 20.0
182.0 68.0
98.0 210.0
151.0 6.0
240.0 220.0
65.0 86.0
206.0 76.0
1.0 70.0
197.0 127.0
248.0 72.0
69.0 222.0
141.0 194.0
12.0 165.0
13.0 142.0
121.0 69.0
128.0 112.0
93.0 49.0
224.0 51.0
116.0 28.0
151.0 197.0
73.0 191.0
123.0 122.0
239.0 1.0
177.0 69.0
226.0 195.0
241.0 178.0
233.0 28.0
30.0 9.0
216.0 74.0
45.0 95.0
176.0 222.0
17.0 52.0
53.0 51.0
202.0 99.0
29.0 99.0
235.0 147.0
136.0 81.0
84.0 186.0
73.0 195.0
179.0 248.0
2.0 210.0
134.0 48.0
124.0 76.0
20.0 218.0
156.0 149.0
218.0 103.0
143.0 133.0
196.0 158.0
111.0 198.0
105.0 40.0
107.0 30.0
173.0 62.0
10.0 121.0
165.0 227.0
39.0 181.0
5.0 137.0
211.0 125.0
205.0 114.0
51.0 125.0
81.0 201.0
192.0 50.0
22.0 17.0
29.0 183.0
160.0 2.0
183.0 143.0
88.0 141.0
98.0 22.0
97.0 102.0
112.0 62.0
213.0 228.0
226.0 240.0
109.0 200.0
24.0 210.0
76.0 202.0
100.0 109.0
225.0 4.0
72.0 37.0
248.0 186.0
147.0 96.0
34.0 45.0
222.0 183.0
76.0 17.0
78.0 34.0
113.0 51.0
44.0 92.0
53.0 131.0
72.0 78.0
1.0 3.0
200.0 208.0
61.0 196.0
238.0 56.0
110.0 249.0
26.0 140.0
96.0 120.0
217.0 103.0
175.0 58.0
67.0 176.0
111.0 48.0
55.0 201.0
142.0 225.0
194.0 249.0
95.0 242.0
224.0 242.0
98.0 123.0
184.0 3.0
20.0 201.0
164.0 245.0
137.0 52.0
126.0 72.0
23.0 151.0
213.0 105.0
24.0 30.0
43.0 202.0
209.0 41.0
68.0 243.0
29.0 140.0
89.0 84.0
184.0 151.0
138.0 31.0
75.0 66.0
209.0 36.0
211.0 206.0
159.0 129.0
57.0 183.0
132.0 139.0
98.0 104.0
219.0 91.0
205.0 86.0
69.0 225.0
208.0 148.0
43.0 130.0
141.0 175.0
248.0 77.0
199.0 144.0
176.0 160.0
222.0 178.0
152.0 215.0
139.0 2.0
189.0 240.0
66.0 232.0
95.0 158.0
99.0 205.0
29.0 46.0
132.0 148.0
3.0 14.0
118.0 26.0
136.0 1.0
222.0 235.0
30.0 48.0
157.0 116.0
213.0 179.0
38.0 62.0
129.0 83.0
161.0 92.0
7.0 109.0
165.0 25.0
208.0 121.0
118.0 248.0
249.0 120.0
105.0 103.0
247.0 51.0
229.0 3.0
95.0 71.0
238.0 169.0
239.0 75.0
62.0 236.0
235.0 128.0
87.0 240.0
101.0 229.0
84.0 107.0
4.0 179.0
4.0 35.0
160.0 108.0
163.0 5.0
146.0 39.0
165.0 212.0
95.0 197.0
205.0 241.0
104.0 50.0
237.0 178.0
222.0 157.0
12.0 113.0
194.0 211.0
99.0 69.0
226.0 202.0
19.0 220.0
57.0 218.0
236.0 46.0
234.0 200.0
7.0 149.0
5.0 24.0
193.0 29.0
92.0 108.0
191.0 152.0
139.0 54.0
193.0 234.0
224.0 123.0
45.0 206.0
106.0 203.0
70.0 150.0
206.0 177.0
232.0 59.0
138.0 232.0
122.0 70.0
161.0 145.0
40.0 156.0
225.0 196.0
14.0 60.0
126.0 145.0
163.0 60.0
64.0 22.0
112.0 242.0
238.0 55.0
241.0 242.0
154.0 117.0
117.0 1.0
143.0 120.0
246.0 122.0
160.0 132.0
127.0 8.0
222.0 20.0
122.0 231.0
173.0 250.0
248.0 183.0
37.0 41.0
28.0 116.0
240.0 127.0
133.0 204.0
107.0 195.0
78.0 128.0
40.0 118.0
75.0 211.0
140.0 197.0
191.0 192.0
80.0 147.0
25.0 68.0
96.0 149.0
185.0 211.0
37.0 113.0
159.0 58.0
215.0 64.0
226.0 212.0
122.0 194.0
128.0 133.0
125.0 111.0
28.0 115.0
86.0 186.0
102.0 113.0
150.0 195.0
157.0 249.0
249.0 236.0
250.0 174.0
216.0 13.0
82.0 240.0
173.0 109.0
12.0 39.0
204.0 183.0
85.0 145.0
110.0 110.0
55.0 219.0
137.0 112.0
164.0 213.0
86.0 32.0
29.0 191.0
80.0 180.0
44.0 135.0
18.0 4.0
246.0 132.0
119.0 163.0
190.0 172.0
214.0 124.0
167.0 96.0
49.0 230.0
168.0 30.0
153.0 239.0
60.0 241.0
145.0 162.0
6.0 104.0
158.0 9.0
213.0 249.0
141.0 164.0
167.0 218.0
84.0 118.0
73.0 46.0
45.0 141.0
13.0 246.0
162.0 22.0
189.0 220.0
152.0 62.0
126.0 218.0
99.0 89.0
76.0 230.0
155.0 43.0
127.0 56.0
93.0 28.0
135.0 72.0
203.0 19.0
104.0 56.0
98.0 217.0
2.0 232.0
42.0 137.0
31.0 240.0
248.0 53.0
192.0 93.0
123.0 231.0
52.0 203.0
48.0 221.0
176.0 137.0
33.0 19.0
3.0 90.0
210.0 224.0
7.0 91.0
140.0 140.0
47.0 63.0
7.0 76.0
121.0 127.0
67.0 156.0
52.0 142.0
29.0 25.0
195.0 0.0
130.0 143.0
79.0 43.0
201.0 169.0
177.0 243.0
102.0 3.0
114.0 139.0
206.0 115.0
119.0 49.0
188.0 111.0
158.0 169.0
168.0 27.0
187.0 211.0
86.0 181.0
65.0 62.0
242.0 210.0
224.0 244.0
1.0 224.0
233.0 22.0
215.0 99.0
238.0 77.0
245.0 216.0
45.0 218.0
6.0 21.0
193.0 162.0
43.0 116.0
168.0 237.0
188.0 113.0
224.0 162.0
176.0 90.0
92.0 146.0
153.0 15.0
160.0 58.0
76.0 83.0
37.0 61.0
51.0 226.0
213.0 74.0
9.0 105.0
91.0 81.0
118.0 226.0
234.0 34.0
214.0 106.0
226.0 226.0
33.0 9.0
129.0 30.0
127.0 65.0
37.0 237.0
161.0 142.0
92.0 21.0
57.0 179.0
106.0 135.0
79.0 226.0
2.0 247.0
204.0 7.0
105.0 143.0
232.0 141.0
129.0 73.0
125.0 211.0
6.0 107.0
125.0 185.0
19.0 143.0
45.0 11.0
38.0 47.0
147.0 2.0
172.0 222.0
114.0 230.0
7.0 189.0
176.0 152.0
153.0 95.0
5.0 59.0
99.0 136.0
73.0 219.0
5.0 151.0
214.0 156.0
52.0 25.0
199.0 69.0
86.0 23.0
201.0 217.0
73.0 61.0
79.0 133.0
211.0 172.0
231.0 133.0
105.0 45.0
81.0 97.0
214.0 20.0
54.0 118.0
99.0 30.0
249.0 122.0
72.0 23.0
36.0 174.0
137.0 212.0
148.0 210.0
197.0 55.0
133.0 21.0
53.0 209.0
109.0 109.0
35.0 222.0
61.0 122.0
165.0 76.0
244.0 109.0
85.0 238.0
62.0 170.0
246.0 192.0
109.0 129.0
233.0 238.0
118.0 169.0
109.0 154.0
129.0 195.0
247.0 143.0
249.0 225.0
184.0 27.0
179.0 207.0
83.0 222.0
26.0 188.0
206.0 109.0
180.0 104.0
118.0 198.0
160.0 248.0
144.0 55.0
89.0 54.0
180.0 52.0
53.0 131.0
244.0 3.0
164.0 59.0
7.0 131.0
178.0 8.0
59.0 70.0
122.0 71.0
13.0 189.0
169.0 238.0
100.0 100.0
67.0 29.0
218.0 241.0
0.0 92.0
216.0 27.0
65.0 162.0
245.0 97.0
110.0 53.0
98.0 243.0
240.0 203.0
231.0 213.0
120.0 88.0
16.0 78.0
9.0 124.0
48.0 221.0
7.0 13.0
174.0 39.0
101.0 29.0
198.0 17.0
107.0 67.0
51.0 158.0
208.0 78.0
8.0 38.0
79.0 89.0
108.0 102.0
161.0 58.0
3.0 99.0
202.0 142.0
236.0 140.0
7.0 235.0
84.0 158.0
131.0 248.0
65.0 119.0
97.0 110.0
127.0 150.0
231.0 75.0
11.0 53.0
78.0 204.0
140.0 245.0
125.0 222.0
197.0 217.0
151.0 245.0
89.0 178.0
73.0 213.0
98.0 107.0
224.0 131.0
33.0 249.0
56.0 90.0
65.0 150.0
87.0 51.0
184.0 147.0
198.0 218.0
78.0 36.0
235.0 133.0
13.0 200.0
142.0 178.0
117.0 47.0
205.0 243.0
43.0 181.0
11.0 129.0
25.0 5.0
68.0 62.0
186.0 64.0
77.0 11.0
230.0 221.0
178.0 71.0
6.0 70.0
13.0 216.0
207.0 67.0
82.0 63.0
44.0 163.0
100.0 90.0
62.0 40.0
189.0 51.0
53.0 100.0
22.0 165.0
93.0 201.0
91.0 214.0
52.0 159.0
117.0 221.0
225.0 114.0
146.0 242.0
47.0 191.0
208.0 65.0
179.0 150.0
222.0 210.0
51.0 92.0
148.0 161.0
9.0 43.0
193.0 103.0
45.0 95.0
192.0 209.0
125.0 70.0
96.0 124.0
221.0 242.0
78.0 80.0
180.0 222.0
46.0 150.0
168.0 163.0
199.0 209.0
201.0 3.0
59.0 222.0
105.0 47.0
220.0 78.0
78.0 220.0
133.0 183.0
35.0 165.0
38.0 172.0
48.0 151.0
236.0 95.0
206.0 83.0
196.0 19.0
40.0 208.0
55.0 66.0
2.0 182.0
131.0 194.0
6.0 219.0
145.0 97.0
129.0 111.0
129.0 177.0
126.0 212.0
101.0 85.0
229.0 55.0
113.0 157.0
243.0 68.0
117.0 107.0
52.0 181.0
141.0 196.0
165.0 171.0
80.0 103.0
44.0 149.0
237.0 94.0
210.0 181.0
39.0 91.0
249.0 54.0
174.0 107.0
106.0 56.0
216.0 34.0
128.0 177.0
101.0 119.0
145.0 192.0
149.0 235.0
182.0 179.0
117.0 165.0
186.0 61.0
106.0 134.0
9.0 89.0
182.0 164.0
156.0 226.0
152.0 136.0
150.0 242.0
242.0 243.0
163.0 95.0
231.0 93.0
124.0 20.0
177.0 31.0
97.0 54.0
145.0 59.0
4.0 22.0
214.0 40.0
102.0 93.0
49.0 204.0
183.0 57.0
170.0 10.0
24.0 58.0
102.0 3.0
174.0 58.0
153.0 102.0
237.0 142.0
127.0 81.0
106.0 63.0
99.0 50.0
200.0 10.0
177.0 82.0
7.0 130.0
12.0 156.0
132.0 160.0
108.0 197.0
20.0 62.0
43.0 3.0
174.0 163.0
64.0 216.0
171.0 59.0
20.0 5.0
166.0 147.0
220.0 235.0
62.0 193.0
68.0 176.0
163.0 155.0
175.0 140.0
117.0 56.0
182.0 236.0
70.0 246.0
115.0 247.0
2.0 222.0
135.0 191.0
4.0 224.0
124.0 217.0
104.0 146.0
96.0 242.0
36.0 110.0
9.0 128.0
176.0 117.0
75.0 170.0
161.0 238.0
29.0 70.0
43.0 149.0
83.0 54.0
133.0 93.0
138.0 153.0
231.0 185.0
120.0 215.0
50.0 33.0
126.0 28.0
146.0 224.0
125.0 237.0
35.0 244.0
30.0 77.0
184.0 24.0
4.0 218.0
176.0 73.0
191.0 123.0
138.0 225.0
120.0 99.0
65.0 115.0
82.0 44.0
38.0 38.0
117.0 220.0
84.0 158.0
29.0 166.0
37.0 119.0
196.0 210.0
51.0 138.0
207.0 63.0
223.0 5.0
232.0 92.0
111.0 208.0
26.0 124.0
240.0 223.0
91.0 237.0
238.0 57.0
40.0 42.0
81.0 224.0
37.0 23.0
221.0 103.0
6.0 61.0
179.0 240.0
92.0 91.0
24.0 176.0
204.0 140.0
184.0 209.0
233.0 69.0
131.0 84.0
162.0 143.0
31.0 124.0
41.0 131.0
0.0 167.0
145.0 177.0
196.0 205.0
191.0 24.0
17.0 224.0
42.0 211.0
245.0 244.0
146.0 188.0
53.0 195.0
24.0 105.0
63.0 14.0
178.0 90.0
19.0 202.0
96.0 154.0
134.0 116.0
112.0 148.0
33.0 101.0
173.0 49.0
2.0 128.0
137.0 122.0
71.0 146.0
43.0 106.0
24.0 199.0
85.0 97.0
238.0 152.0
114.0 154.0
63.0 187.0
38.0 177.0
30.0 36.0
42.0 200.0
219.0 1.0
147.0 28.0
200.0 97.0
142.0 245.0
249.0 235.0
32.0 129.0
129.0 172.0
183.0 135.0
27.0 249.0
140.0 116.0
43.0 40.0
215.0 54.0
195.0 50.0
182.0 96.0
236.0 198.0
33.0 57.0
100.0 118.0
38.0 46.0
148.0 129.0
164.0 2.0
170.0 31.0
235.0 182.0
181.0 200.0
3.0 3.0
86.0 29.0
141.0 163.0
136.0 49.0
212.0 52.0
129.0 144.0
232.0 23.0
135.0 101.0
22.0 152.0
90.0 2.0
79.0 177.0
158.0 81.0
51.0 118.0
87.0 194.0
158.0 158.0
67.0 137.0
20.0 146.0
205.0 78.0
124.0 185.0
250.0 229.0
239.0 41.0
48.0 142.0
166.0 203.0
248.0 125.0
236.0 220.0
99.0 49.0
70.0 7.0
250.0 151.0
158.0 122.0
5.0 245.0
115.0 90.0
77.0 62.0
72.0 143.0
166.0 2.0
176.0 76.0
28.0 158.0
28.0 224.0
245.0 12.0
164.0 121.0
219.0 26.0
25.0 224.0
240.0 178.0
166.0 152.0
31.0 24.0
243.0 183.0
221.0 207.0
180.0 79.0
51.0 141.0
172.0 130.0
125.0 139.0
45.0 89.0
130.0 105.0
12.0 29.0
231.0 185.0
213.0 161.0
173.0 107.0
217.0 15.0
179.0 0.0
228.0 170.0
48.0 29.0
64.0 26.0
170.0 20.0
31.0 209.0
233.0 41.0
110.0 215.0
218.0 225.0
232.0 1.0
79.0 191.0
173.0 19.0
80.0 215.0
211.0 22.0
61.0 128.0
215.0 1.0
232.0 229.0
176.0 222.0
140.0 60.0
232.0 97.0
29.0 207.0
56.0 210.0
121.0 92.0
53.0 145.0
159.0 54.0
101.0 26.0
118.0 57.0
151.0 62.0
35.0 197.0
63.0 131.0
16.0 221.0
100.0 54.0
225.0 94.0
92.0 241.0
40.0 234.0
61.0 223.0
69.0 37.0
206.0 123.0
68.0 206.0
150.0 211.0
95.0 146.0
225.0 230.0
56.0 25.0
86.0 240.0
108.0 177.0
36.0 60.0
201.0 51.0
237.0 181.0
88.0 8.0
67.0 94.0
225.0 56.0
172.0 34.0
7.0 186.0
90.0 214.0
138.0 35.0
127.0 175.0
204.0 158.0
241.0 196.0
125.0 15.0
229.0 15.0
182.0 68.0
111.0 184.0
164.0 238.0
118.0 184.0
211.0 228.0
57.0 244.0
17.0 87.0
93.0 117.0
104.0 157.0
84.0 136.0
200.0 138.0
148.0 171.0
49.0 52.0
199.0 185.0
77.0 205.0
37.0 145.0
111.0 64.0
83.0 103.0
187.0 11.0
223.0 75.0
43.0 20.0
233.0 166.0

134.0 93.0
221.0 164.0
143.0 78.0
81.0 123.0
189.0 16.0
110.0 67.0
102.0 141.0
48.0 97.0
102.0 107.0
78.0 214.0
133.0 204.0
68.0 217.0
217.0 31.0
150.0 182.0
246.0 85.0
132.0 218.0
72.0 191.0
246.0 33.0
114.0 136.0
204.0 71.0
42.0 245.0
131.0 163.0
75.0 194.0
229.0 80.0
98.0 135.0
144.0 37.0
41.0 84.0
227.0 179.0
35.0 236.0
69.0 214.0
226.0 64.0
96.0 93.0
93.0 240.0
15.0 35.0
45.0 73.0
236.0 190.0
43.0 179.0
210.0 67.0
68.0 167.0
160.0 190.0
156.0 189.0
54.0 216.0
136.0 16.0
152.0 89.0
150.0 128.0
72.0 119.0
49.0 77.0
155.0 161.0
10.0 234.0
131.0 172.0
174.0 96.0
250.0 189.0
22.0 103.0
61.0 120.0
95.0 17.0
60.0 40.0
219.0 201.0
45.0 7.0
200.0 227.0
24.0 182.0
13.0 242.0
144.0 185.0
71.0 213.0
101.0 74.0
237.0 44.0
116.0 232.0
43.0 54.0
79.0 245.0
138.0 26.0
91.0 110.0
66.0 69.0
71.0 235.0
12.0 206.0
69.0 15.0
253.0 45.0
109.0 232.0
68.0 45.0
16.0 242.0
220.0 141.0
199.0 65.0
150.0 73.0
252.0 194.0
102.0 109.0
185.0 152.0
211.0 101.0
247.0 188.0
135.0 187.0
103.0 53.0
146.0 213.0
148.0 138.0
140.0 63.0
93.0 224.0
102.0 104.0
250.0 54.0
88.0 22.0
34.0 115.0
178.0 183.0
203.0 154.0
62.0 141.0
253.0 242.0
88.0 40.0
120.0 28.0
53.0 186.0
196.0 95.0
208.0 156.0
224.0 208.0
146.0 59.0
183.0 255.0
101.0 248.0
118.0 249.0
41.0 179.0
121.0 112.0
157.0 98.0
88.0 225.0
238.0 168.0
42.0 50.0
227.0 16.0
48.0 251.0
11.0 246.0
116.0 204.0
124.0 30.0
253.0 169.0
79.0 146.0
220.0 209.0
95.0 229.0
172.0 226.0
70.0 250.0
253.0 26.0
188.0 73.0
102.0 216.0
155.0 11.0
244.0 225.0
69.0 92.0
211.0 81.0
6.0 74.0
203.0 133.0
253.0 78.0
73.0 226.0
145.0 199.0
18.0 169.0
18.0 147.0
125.0 74.0
134.0 116.0
99.0 54.0
230.0 55.0
120.0 33.0
156.0 202.0
78.0 196.0
128.0 127.0
244.0 6.0
182.0 73.0
231.0 199.0
246.0 183.0
239.0 32.0
35.0 13.0
220.0 79.0
50.0 100.0
182.0 226.0
22.0 56.0
58.0 56.0
206.0 103.0
35.0 104.0
239.0 151.0
141.0 86.0
88.0 191.0
79.0 200.0
183.0 252.0
6.0 215.0
139.0 54.0
129.0 80.0
24.0 223.0
162.0 154.0
223.0 108.0
148.0 138.0
201.0 163.0
116.0 202.0
109.0 44.0
113.0 35.0
178.0 66.0
14.0 125.0
170.0 231.0
45.0 185.0
10.0 142.0
216.0 131.0
211.0 118.0
56.0 130.0
86.0 207.0
198.0 55.0
28.0 21.0
33.0 187.0
165.0 8.0
187.0 149.0
92.0 146.0
104.0 28.0
101.0 107.0
118.0 66.0
217.0 232.0
231.0 245.0
115.0 206.0
29.0 215.0
81.0 206.0
105.0 114.0
231.0 10.0
78.0 41.0
252.0 192.0
153.0 102.0
39.0 49.0
226.0 189.0
82.0 21.0
84.0 39.0
118.0 56.0
49.0 96.0
58.0 135.0
77.0 83.0
5.0 9.0
204.0 213.0
66.0 201.0
243.0 60.0
115.0 253.0
32.0 144.0
100.0 126.0
221.0 108.0
180.0 64.0
72.0 182.0
117.0 52.0
59.0 206.0
148.0 230.0
199.0 254.0
100.0 246.0
228.0 248.0
102.0 128.0
189.0 8.0
24.0 206.0
169.0 250.0
141.0 56.0
132.0 78.0
29.0 156.0
218.0 110.0
29.0 34.0
47.0 206.0
215.0 45.0
73.0 249.0
34.0 145.0
95.0 88.0
189.0 156.0
144.0 36.0
80.0 70.0
213.0 41.0
216.0 211.0
164.0 135.0
62.0 188.0
138.0 143.0
103.0 109.0
224.0 95.0
210.0 92.0
75.0 229.0
212.0 154.0
49.0 134.0
146.0 179.0
252.0 82.0
205.0 150.0
182.0 165.0
227.0 183.0
157.0 220.0
145.0 6.0
194.0 245.0
72.0 238.0
100.0 164.0
105.0 209.0
34.0 52.0
137.0 152.0
9.0 20.0
123.0 31.0
142.0 5.0
227.0 241.0
36.0 54.0
162.0 121.0
219.0 184.0
43.0 67.0
133.0 89.0
166.0 98.0
13.0 115.0
170.0 30.0
212.0 127.0
122.0 253.0
255.0 125.0
110.0 107.0
251.0 56.0
233.0 9.0
101.0 75.0
244.0 174.0
243.0 80.0
66.0 241.0
239.0 132.0
92.0 244.0
106.0 235.0
89.0 113.0
8.0 184.0
8.0 40.0
165.0 113.0
168.0 11.0
151.0 44.0
171.0 218.0
101.0 203.0
209.0 246.0
109.0 55.0
242.0 184.0
226.0 163.0
16.0 117.0
198.0 217.0
104.0 73.0
232.0 206.0
23.0 224.0
63.0 222.0
240.0 51.0
238.0 206.0
11.0 154.0
9.0 30.0
197.0 34.0
97.0 113.0
196.0 156.0
144.0 60.0
199.0 238.0
230.0 129.0
50.0 212.0
111.0 208.0
75.0 154.0
211.0 181.0
238.0 63.0
142.0 237.0
128.0 74.0
167.0 150.0
45.0 162.0
230.0 201.0
19.0 64.0
131.0 150.0
168.0 66.0
69.0 27.0
118.0 247.0
242.0 61.0
246.0 247.0
159.0 123.0
121.0 7.0
147.0 125.0
251.0 126.0
164.0 137.0
131.0 14.0
226.0 25.0
127.0 235.0
178.0 255.0
252.0 188.0
41.0 46.0
34.0 120.0
245.0 133.0
138.0 209.0
111.0 199.0
83.0 133.0
45.0 123.0
80.0 216.0
145.0 203.0
196.0 197.0
85.0 152.0
30.0 73.0
102.0 155.0
189.0 215.0
42.0 117.0
163.0 64.0
220.0 68.0
232.0 217.0
127.0 199.0
133.0 138.0
129.0 116.0
33.0 119.0
91.0 190.0
107.0 118.0
155.0 200.0
161.0 254.0
254.0 242.0
254.0 179.0
221.0 17.0
86.0 245.0
179.0 115.0
18.0 43.0
210.0 188.0
90.0 151.0
114.0 116.0
60.0 223.0
142.0 117.0
170.0 219.0
90.0 37.0
33.0 197.0
84.0 186.0
49.0 139.0
23.0 9.0
251.0 136.0
123.0 168.0
195.0 176.0
219.0 129.0
171.0 102.0
55.0 235.0
174.0 34.0
158.0 243.0
64.0 246.0
151.0 167.0
10.0 109.0
163.0 14.0
217.0 254.0
146.0 169.0
172.0 223.0
89.0 123.0
77.0 51.0
51.0 146.0
17.0 251.0
168.0 26.0
194.0 226.0
158.0 67.0
132.0 223.0
104.0 94.0
80.0 235.0
160.0 48.0
132.0 61.0
98.0 34.0
141.0 77.0
208.0 25.0
108.0 60.0
103.0 222.0
6.0 237.0
47.0 142.0
36.0 246.0
253.0 58.0
197.0 99.0
129.0 236.0
58.0 208.0
53.0 225.0
182.0 141.0
39.0 23.0
8.0 95.0
214.0 230.0
12.0 96.0
145.0 145.0
53.0 68.0
11.0 80.0
126.0 131.0
71.0 161.0
58.0 148.0
34.0 29.0
199.0 5.0
135.0 147.0
83.0 47.0
207.0 174.0
181.0 247.0
106.0 7.0
118.0 145.0
210.0 120.0
125.0 54.0
192.0 115.0
163.0 175.0
172.0 32.0
193.0 216.0
91.0 185.0
70.0 66.0
247.0 214.0
229.0 249.0
6.0 230.0
238.0 28.0
221.0 103.0
243.0 81.0
250.0 221.0
51.0 223.0
12.0 25.0
198.0 167.0
48.0 121.0
173.0 242.0
192.0 119.0
228.0 166.0
181.0 96.0
98.0 151.0
157.0 20.0
166.0 63.0
81.0 89.0
43.0 66.0
56.0 232.0
218.0 79.0
15.0 111.0
96.0 87.0
123.0 231.0
238.0 40.0
219.0 111.0
232.0 231.0
39.0 14.0
134.0 36.0
133.0 69.0
42.0 241.0
165.0 147.0
97.0 27.0
63.0 184.0
111.0 140.0
84.0 231.0
7.0 252.0
209.0 11.0
110.0 148.0
237.0 147.0
134.0 78.0
131.0 216.0
12.0 112.0
130.0 190.0
25.0 149.0
50.0 17.0
44.0 51.0
152.0 6.0
177.0 226.0
120.0 235.0
13.0 194.0
181.0 156.0
157.0 101.0
10.0 65.0
104.0 140.0
78.0 224.0
9.0 155.0
219.0 161.0
57.0 30.0
205.0 75.0
91.0 29.0
207.0 222.0
77.0 66.0
84.0 139.0
217.0 178.0
237.0 138.0
109.0 50.0
86.0 102.0
220.0 24.0
59.0 124.0
103.0 35.0
253.0 128.0
77.0 27.0
40.0 178.0
142.0 218.0
154.0 216.0
202.0 61.0
139.0 27.0
58.0 213.0
114.0 113.0
39.0 228.0
65.0 128.0
169.0 81.0
248.0 114.0
91.0 243.0
67.0 175.0
251.0 197.0
114.0 133.0
237.0 243.0
123.0 175.0
113.0 160.0
135.0 200.0
252.0 147.0
255.0 231.0
188.0 31.0
183.0 213.0
88.0 227.0
32.0 194.0
211.0 114.0
185.0 109.0
124.0 203.0
165.0 252.0
148.0 61.0
95.0 58.0
185.0 57.0
57.0 135.0
249.0 8.0
169.0 64.0
12.0 137.0
184.0 13.0
64.0 76.0
127.0 77.0
19.0 195.0
173.0 243.0
105.0 105.0
73.0 33.0
223.0 246.0
5.0 97.0
221.0 32.0
70.0 168.0
250.0 103.0
115.0 59.0
103.0 248.0
245.0 208.0
237.0 218.0
126.0 94.0
21.0 83.0
15.0 129.0
52.0 225.0
11.0 19.0
180.0 44.0
106.0 33.0
202.0 22.0
113.0 73.0
56.0 163.0
212.0 82.0
13.0 43.0
85.0 95.0
112.0 108.0
166.0 62.0
9.0 104.0
207.0 147.0
241.0 144.0
11.0 239.0
89.0 164.0
136.0 253.0
69.0 125.0
101.0 116.0
132.0 155.0
237.0 79.0
17.0 58.0
84.0 209.0
144.0 249.0
131.0 227.0
202.0 222.0
157.0 250.0
93.0 183.0
77.0 218.0
103.0 111.0
230.0 137.0
39.0 254.0
60.0 95.0
71.0 154.0
91.0 57.0
189.0 153.0
204.0 223.0
83.0 41.0
240.0 139.0
19.0 205.0
148.0 183.0
122.0 52.0
210.0 247.0
48.0 187.0
16.0 134.0
30.0 11.0
72.0 67.0
191.0 69.0
81.0 16.0
234.0 226.0
184.0 76.0
11.0 75.0
18.0 221.0
213.0 73.0
87.0 69.0
49.0 169.0
104.0 95.0
66.0 45.0
193.0 56.0
59.0 104.0
27.0 170.0
99.0 206.0
96.0 220.0
58.0 164.0
121.0 225.0
230.0 118.0
152.0 246.0
52.0 195.0
213.0 70.0
185.0 155.0
226.0 214.0
56.0 97.0
154.0 165.0
13.0 49.0
198.0 108.0
49.0 100.0
197.0 215.0
131.0 75.0
102.0 129.0
226.0 247.0
83.0 86.0
185.0 228.0
51.0 155.0
173.0 169.0
205.0 214.0
206.0 8.0
63.0 226.0
111.0 53.0
226.0 84.0
82.0 225.0
138.0 187.0
40.0 170.0
43.0 178.0
52.0 155.0
241.0 100.0
211.0 89.0
201.0 25.0
45.0 213.0
59.0 71.0
7.0 187.0
136.0 199.0
11.0 224.0
151.0 101.0
134.0 116.0
135.0 183.0
130.0 217.0
106.0 89.0
234.0 60.0
119.0 163.0
248.0 72.0
123.0 112.0
58.0 186.0
145.0 200.0
170.0 176.0
86.0 109.0
48.0 155.0
242.0 98.0
215.0 187.0
43.0 95.0
254.0 59.0
180.0 113.0
112.0 61.0
220.0 38.0
133.0 183.0
107.0 124.0
151.0 197.0
155.0 240.0
187.0 183.0
121.0 170.0
192.0 67.0
111.0 140.0
14.0 95.0
187.0 170.0
160.0 231.0
157.0 140.0
156.0 248.0
247.0 247.0
168.0 100.0
236.0 98.0
129.0 25.0
182.0 36.0
103.0 60.0
150.0 63.0
9.0 26.0
219.0 44.0
107.0 97.0
53.0 210.0
188.0 62.0
175.0 14.0
29.0 62.0
106.0 8.0
180.0 63.0
159.0 107.0
242.0 146.0
131.0 87.0
111.0 68.0
104.0 55.0
205.0 14.0
183.0 87.0
13.0 135.0
16.0 161.0
137.0 166.0
113.0 203.0
26.0 67.0
48.0 7.0
179.0 168.0
68.0 221.0
176.0 64.0
26.0 10.0
170.0 153.0
224.0 240.0
66.0 197.0
73.0 182.0
168.0 160.0
180.0 145.0
122.0 61.0
186.0 241.0
75.0 251.0
120.0 251.0
6.0 227.0
140.0 196.0
10.0 230.0
129.0 222.0
108.0 151.0
101.0 248.0
40.0 114.0
14.0 133.0
180.0 121.0
80.0 175.0
167.0 244.0
34.0 76.0
48.0 154.0
88.0 60.0
139.0 98.0
142.0 158.0
237.0 190.0
126.0 220.0
54.0 37.0
132.0 34.0
151.0 229.0
131.0 242.0
40.0 248.0
35.0 82.0
190.0 28.0
9.0 224.0
182.0 79.0
196.0 129.0
142.0 230.0
126.0 103.0
71.0 119.0
87.0 49.0
43.0 43.0
122.0 224.0
88.0 164.0
33.0 172.0
42.0 124.0
202.0 215.0
57.0 143.0
212.0 68.0
228.0 11.0
237.0 97.0
116.0 214.0
31.0 129.0
244.0 228.0
95.0 241.0
242.0 63.0
45.0 47.0
87.0 229.0
42.0 27.0
226.0 107.0
11.0 65.0
184.0 245.0
97.0 96.0
30.0 182.0
209.0 145.0
188.0 215.0
237.0 74.0
136.0 90.0
168.0 147.0
36.0 128.0
46.0 135.0
6.0 171.0
149.0 182.0
200.0 210.0
197.0 30.0
22.0 230.0
46.0 217.0
250.0 248.0
152.0 193.0
59.0 199.0
28.0 111.0
67.0 19.0
184.0 96.0
24.0 206.0
102.0 159.0
139.0 121.0
117.0 153.0
37.0 105.0
178.0 55.0
6.0 133.0
141.0 126.0
76.0 151.0
49.0 112.0
30.0 203.0
91.0 101.0
242.0 158.0
118.0 160.0
68.0 193.0
43.0 182.0
36.0 41.0
48.0 205.0
224.0 6.0
153.0 34.0
204.0 103.0
148.0 250.0
254.0 241.0
37.0 135.0
134.0 177.0
188.0 140.0
32.0 254.0
144.0 120.0
49.0 44.0
220.0 60.0
200.0 56.0
188.0 100.0
240.0 202.0
39.0 62.0
106.0 122.0
44.0 51.0
153.0 133.0
169.0 6.0
176.0 36.0
239.0 188.0
187.0 205.0
8.0 8.0
92.0 34.0
146.0 169.0
142.0 53.0
217.0 56.0
135.0 149.0
237.0 27.0
140.0 107.0
26.0 157.0
96.0 8.0
84.0 182.0
163.0 86.0
56.0 123.0
92.0 198.0
162.0 162.0
73.0 143.0
25.0 150.0
210.0 83.0
129.0 190.0
255.0 234.0
244.0 45.0
52.0 147.0
171.0 208.0
252.0 129.0
241.0 225.0
104.0 53.0
75.0 12.0
254.0 156.0
162.0 127.0
10.0 250.0
119.0 96.0
81.0 68.0
77.0 147.0
170.0 7.0
181.0 81.0
34.0 164.0
33.0 228.0
250.0 17.0
170.0 125.0
224.0 31.0
31.0 229.0
244.0 183.0
171.0 157.0
36.0 28.0
249.0 188.0
226.0 212.0
185.0 85.0
56.0 146.0
177.0 136.0
130.0 144.0
50.0 95.0
135.0 111.0
17.0 34.0
236.0 190.0
219.0 166.0
178.0 112.0
222.0 19.0
185.0 6.0
234.0 176.0
53.0 35.0
70.0 31.0
175.0 24.0
37.0 213.0
239.0 47.0
114.0 219.0
222.0 230.0
238.0 5.0
85.0 196.0
178.0 25.0
84.0 220.0
215.0 26.0
66.0 133.0
220.0 5.0
237.0 234.0
182.0 227.0
144.0 65.0
237.0 102.0
34.0 212.0
61.0 215.0
127.0 96.0
57.0 150.0
164.0 59.0
105.0 32.0
122.0 61.0
156.0 67.0
39.0 202.0
69.0 136.0
21.0 226.0
105.0 59.0
230.0 100.0
97.0 246.0
44.0 240.0
67.0 227.0
74.0 43.0
210.0 127.0
72.0 210.0
155.0 216.0
99.0 150.0
229.0 235.0
60.0 30.0
91.0 245.0
113.0 182.0
41.0 64.0
206.0 56.0
241.0 185.0
94.0 13.0
72.0 98.0
230.0 60.0
176.0 39.0
12.0 190.0
95.0 219.0
143.0 40.0
131.0 181.0
209.0 163.0
246.0 201.0
131.0 21.0
234.0 20.0
187.0 73.0
117.0 189.0
169.0 243.0
123.0 189.0
216.0 233.0
61.0 249.0
23.0 93.0
98.0 121.0
108.0 163.0
90.0 140.0
204.0 142.0
153.0 177.0
54.0 57.0
204.0 189.0
81.0 211.0
42.0 150.0
117.0 70.0
87.0 108.0
193.0 15.0
229.0 79.0
49.0 24.0
237.0 171.0
