1
1024 1 3.0 0.0 1000.0 3 160 240 100

6.5 13.5 29.3 58.5
13.0 27.0 58.5 117.0
19.5 40.5 87.8 175.5
26.0 54.0 117.0 234.0
39.0 81.0 175.5 351.0
52.0 108.0 234.0 468.0
58.5 121.5 263.3 526.5
65.0 135.0 292.5 585.0
78.0 162.0 351.0 702.0
0.0 180.0 390.0 780.0

2.0 5.0 8.0 11.0
5.0 8.0 11.0 14.0
9.0 12.0 15.0 18.0
11.0 14.0 17.0 20.0
15.0 18.0 21.0 24.0
18.0 21.0 24.0 27.0
20.0 23.0 26.0 29.0
25.0 28.0 31.0 34.0
29.0 32.0 35.0 38.0
0.0 34.0 37.0 40.0

154.0 187.0
223.0 29.0
50.0 96.0
224.0 18.0
66.0 24.0
28.0 242.0
216.0 222.0
65.0 192.0
178.0 112.0
189.0 213.0
185.0 32.0
20.0 169.0
240.0 169.0
106.0 196.0
233.0 184.0
161.0 240.0
111.0 163.0
171.0 134.0
89.0 19.0
9.0 19.0
145.0 98.0
227.0 10.0
179.0 8.0
39.0 31.0
200.0 29.0
37.0 87.0
44.0 7.0
25.0 26.0
125.0 213.0
154.0 186.0
67.0 200.0
93.0 117.0
125.0 2.0
64.0 112.0
114.0 100.0
100.0 151.0
101.0 106.0
216.0 106.0
241.0 232.0
234.0 161.0
114.0 107.0
83.0 211.0
69.0 133.0
184.0 36.0
82.0 90.0
111.0 154.0
214.0 26.0
25.0 29.0
99.0 30.0
188.0 140.0
141.0 61.0
183.0 240.0
235.0 39.0
17.0 169.0
72.0 243.0
114.0 178.0
205.0 120.0
249.0 8.0
72.0 157.0
55.0 46.0
25.0 40.0
19.0 192.0
184.0 145.0
243.0 117.0
37.0 197.0
248.0 181.0
241.0 25.0
216.0 71.0
163.0 113.0
94.0 38.0
233.0 10.0
63.0 178.0
37.0 174.0
171.0 16.0
95.0 176.0
18.0 195.0
114.0 236.0
163.0 174.0
52.0 118.0
7.0 101.0
151.0 241.0
213.0 140.0
141.0 168.0
28.0 51.0
173.0 188.0
202.0 162.0
29.0 41.0
239.0 174.0
57.0 117.0
51.0 53.0
11.0 52.0
129.0 76.0
100.0 202.0
169.0 167.0
65.0 3.0
150.0 198.0
209.0 102.0
171.0 35.0
75.0 141.0
176.0 126.0
70.0 179.0
240.0 19.0
109.0 45.0
176.0 4.0
192.0 208.0
13.0 127.0
128.0 78.0
219.0 153.0
182.0 221.0
109.0 99.0
240.0 12.0
180.0 36.0
139.0 86.0
179.0 158.0
135.0 230.0
40.0 192.0
34.0 218.0
102.0 27.0
72.0 94.0
135.0 0.0
208.0 29.0
200.0 104.0
38.0 137.0
245.0 170.0
106.0 4.0
101.0 169.0
216.0 183.0
134.0 68.0
128.0 28.0
117.0 240.0
125.0 24.0
179.0 11.0
215.0 73.0
30.0 207.0
61.0 41.0
203.0 151.0
53.0 148.0
127.0 121.0
218.0 125.0
144.0 72.0
17.0 105.0
158.0 13.0
108.0 36.0
178.0 233.0
226.0 208.0
37.0 114.0
161.0 74.0
183.0 125.0
89.0 60.0
211.0 100.0
123.0 180.0
149.0 15.0
214.0 34.0
34.0 249.0
134.0 104.0
181.0 164.0
59.0 79.0
46.0 119.0
104.0 243.0
208.0 125.0
196.0 14.0
16.0 130.0
21.0 60.0
20.0 17.0
59.0 204.0
136.0 181.0
54.0 165.0
21.0 136.0
68.0 223.0
235.0 159.0
92.0 224.0
55.0 26.0
231.0 151.0
128.0 237.0
72.0 42.0
201.0 153.0
115.0 107.0
5.0 70.0
250.0 206.0
144.0 32.0
56.0 157.0
196.0 20.0
5.0 168.0
2.0 206.0
233.0 228.0
220.0 33.0
88.0 137.0
247.0 180.0
234.0 129.0
222.0 49.0
159.0 146.0
70.0 208.0
228.0 81.0
185.0 60.0
9.0 191.0
89.0 34.0
138.0 113.0
33.0 199.0
79.0 49.0
10.0 229.0
168.0 207.0
9.0 232.0
160.0 154.0
124.0 250.0
73.0 68.0
198.0 78.0
139.0 161.0
12.0 76.0
48.0 134.0
65.0 234.0
178.0 66.0
78.0 71.0
98.0 215.0
146.0 224.0
189.0 15.0
46.0 188.0
26.0 124.0
3.0 206.0
243.0 168.0
38.0 127.0
163.0 183.0
83.0 105.0
22.0 2.0
110.0 99.0
208.0 227.0
86.0 151.0
206.0 168.0
119.0 45.0
58.0 228.0
239.0 192.0
152.0 39.0
51.0 204.0
7.0 164.0
82.0 162.0
14.0 62.0
180.0 135.0
174.0 14.0
159.0 82.0
150.0 51.0
187.0 94.0
60.0 250.0
220.0 206.0
213.0 30.0
111.0 119.0
76.0 198.0
74.0 200.0
47.0 18.0
4.0 204.0
206.0 149.0
210.0 225.0
0.0 125.0
179.0 193.0
139.0 90.0
68.0 46.0
49.0 77.0
155.0 16.0
31.0 183.0
73.0 45.0
95.0 49.0
190.0 135.0
246.0 116.0
72.0 16.0
62.0 194.0
26.0 85.0
219.0 201.0
36.0 103.0
175.0 217.0
207.0 232.0
50.0 94.0
161.0 32.0
33.0 145.0
117.0 119.0
222.0 15.0
237.0 231.0
119.0 151.0
88.0 26.0
48.0 83.0
166.0 236.0
100.0 62.0
229.0 126.0
240.0 152.0
245.0 3.0
64.0 180.0
78.0 106.0
214.0 26.0
101.0 241.0
55.0 36.0
220.0 122.0
11.0 156.0
140.0 153.0
30.0 201.0
226.0 231.0
202.0 225.0
149.0 203.0
125.0 38.0
69.0 153.0
166.0 216.0
159.0 41.0
95.0 6.0
100.0 5.0
102.0 115.0
214.0 199.0
56.0 154.0
5.0 125.0
150.0 99.0
150.0 196.0
149.0 170.0
74.0 112.0
17.0 106.0
31.0 169.0
18.0 122.0
197.0 203.0
197.0 147.0
92.0 160.0
198.0 250.0
177.0 124.0
199.0 238.0
92.0 174.0
69.0 196.0
10.0 19.0
125.0 86.0
175.0 152.0
230.0 48.0
247.0 111.0
245.0 143.0
134.0 210.0
178.0 61.0
64.0 190.0
188.0 153.0
195.0 41.0
158.0 190.0
159.0 72.0
111.0 79.0
191.0 91.0
70.0 64.0
119.0 154.0
248.0 23.0
12.0 134.0
54.0 9.0
107.0 172.0
183.0 17.0
201.0 138.0
122.0 12.0
14.0 64.0
250.0 64.0
65.0 21.0
217.0 248.0
198.0 41.0
163.0 47.0
187.0 191.0
81.0 27.0
168.0 249.0
16.0 141.0
205.0 241.0
37.0 72.0
116.0 148.0
19.0 92.0
240.0 169.0
87.0 213.0
147.0 231.0
101.0 243.0
90.0 2.0
177.0 147.0
93.0 216.0
248.0 188.0
74.0 203.0
17.0 139.0
41.0 62.0
209.0 164.0
141.0 221.0
76.0 21.0
189.0 220.0
193.0 74.0
132.0 81.0
132.0 136.0
159.0 214.0
172.0 2.0
57.0 119.0
248.0 82.0
147.0 188.0
184.0 98.0
17.0 250.0
44.0 149.0
27.0 46.0
243.0 219.0
152.0 136.0
156.0 63.0
43.0 61.0
238.0 180.0
227.0 135.0
240.0 161.0
205.0 66.0
201.0 13.0
246.0 152.0
149.0 127.0
16.0 124.0
63.0 92.0
205.0 19.0
174.0 169.0
166.0 21.0
19.0 4.0
121.0 26.0
200.0 246.0
48.0 245.0
140.0 48.0
202.0 235.0
168.0 234.0
239.0 38.0
92.0 227.0
40.0 192.0
217.0 156.0
62.0 176.0
101.0 111.0
200.0 172.0
123.0 85.0
107.0 84.0
29.0 198.0
78.0 72.0
166.0 119.0
82.0 167.0
185.0 153.0
154.0 91.0
50.0 35.0
126.0 237.0
10.0 32.0
18.0 52.0
250.0 0.0
203.0 146.0
243.0 140.0
39.0 10.0
156.0 221.0
203.0 21.0
203.0 129.0
55.0 13.0
155.0 152.0
129.0 205.0
63.0 220.0
211.0 138.0
249.0 139.0
237.0 47.0
239.0 172.0
65.0 184.0
112.0 119.0
15.0 153.0
10.0 125.0
87.0 139.0
195.0 7.0
118.0 227.0
13.0 186.0
187.0 54.0
10.0 146.0
132.0 132.0
219.0 140.0
127.0 194.0
205.0 181.0
51.0 39.0
29.0 159.0
216.0 93.0
85.0 7.0
84.0 42.0
107.0 130.0
139.0 134.0
166.0 138.0
175.0 114.0
75.0 231.0
62.0 38.0
165.0 145.0
96.0 32.0
201.0 132.0
136.0 129.0
43.0 21.0
10.0 133.0
198.0 188.0
14.0 247.0
222.0 115.0
108.0 51.0
17.0 7.0
17.0 199.0
100.0 242.0
209.0 31.0
249.0 19.0
75.0 104.0
0.0 106.0
187.0 214.0
17.0 158.0
52.0 26.0
168.0 157.0
119.0 19.0
236.0 48.0
105.0 248.0
194.0 9.0
248.0 227.0
110.0 57.0
179.0 87.0
240.0 41.0
167.0 171.0
242.0 106.0
27.0 104.0
194.0 59.0
86.0 128.0
234.0 87.0
123.0 96.0
121.0 139.0
45.0 64.0
154.0 40.0
96.0 238.0
146.0 35.0
227.0 87.0
237.0 196.0
64.0 9.0
139.0 17.0
215.0 242.0
207.0 16.0
230.0 15.0
70.0 21.0
87.0 23.0
79.0 110.0
131.0 93.0
176.0 235.0
223.0 230.0
87.0 142.0
153.0 71.0
45.0 236.0
189.0 31.0
89.0 116.0
196.0 52.0
8.0 75.0
81.0 126.0
98.0 154.0
104.0 104.0
203.0 164.0
203.0 119.0
42.0 150.0
243.0 226.0
199.0 91.0
203.0 237.0
145.0 166.0
102.0 221.0
36.0 12.0
41.0 11.0
44.0 203.0
37.0 91.0
74.0 210.0
163.0 46.0
21.0 223.0
32.0 95.0
18.0 222.0
15.0 13.0
227.0 33.0
115.0 77.0
241.0 152.0
6.0 227.0
16.0 179.0
33.0 198.0
38.0 40.0
61.0 190.0
18.0 199.0
85.0 202.0
180.0 165.0
129.0 230.0
82.0 131.0
211.0 78.0
144.0 161.0
23.0 101.0
202.0 146.0
240.0 9.0
146.0 67.0
221.0 177.0
64.0 165.0
151.0 214.0
101.0 179.0
248.0 108.0
70.0 115.0
230.0 78.0
133.0 101.0
17.0 72.0
242.0 165.0
2.0 176.0
13.0 94.0
250.0 236.0
104.0 103.0
53.0 86.0
150.0 109.0
111.0 67.0
184.0 189.0
123.0 96.0
4.0 143.0
174.0 99.0
1.0 147.0
102.0 193.0
59.0 9.0
89.0 49.0
168.0 147.0
35.0 208.0
214.0 187.0
91.0 144.0
236.0 160.0
30.0 232.0
230.0 91.0
213.0 38.0
154.0 58.0
189.0 196.0
107.0 160.0
84.0 199.0
207.0 90.0
175.0 216.0
3.0 123.0
180.0 136.0
84.0 101.0
55.0 104.0
92.0 82.0
166.0 89.0
174.0 129.0
43.0 151.0
213.0 22.0
186.0 61.0
232.0 242.0
5.0 62.0
204.0 137.0
247.0 65.0
29.0 0.0
115.0 173.0
31.0 85.0
52.0 217.0
123.0 167.0
28.0 69.0
101.0 57.0
172.0 38.0
113.0 41.0
205.0 234.0
118.0 30.0
169.0 100.0
12.0 31.0
247.0 97.0
123.0 76.0
62.0 137.0
106.0 111.0
136.0 113.0
84.0 109.0
245.0 249.0
178.0 16.0
244.0 247.0
158.0 190.0
232.0 70.0
223.0 59.0
229.0 230.0
16.0 20.0
126.0 24.0
26.0 203.0
214.0 226.0
80.0 235.0
155.0 52.0
226.0 247.0
100.0 24.0
73.0 145.0
175.0 180.0
5.0 11.0
162.0 133.0
240.0 24.0
1.0 46.0
248.0 145.0
26.0 153.0
127.0 90.0
205.0 23.0
89.0 187.0
179.0 57.0
27.0 45.0
232.0 60.0
178.0 235.0
117.0 242.0
237.0 44.0
241.0 109.0
71.0 125.0
18.0 240.0
237.0 229.0
13.0 19.0
109.0 224.0
56.0 204.0
171.0 196.0
80.0 22.0
161.0 228.0
240.0 49.0
7.0 20.0
181.0 186.0
101.0 74.0
147.0 119.0
244.0 219.0
174.0 203.0
160.0 102.0
172.0 12.0
56.0 19.0
34.0 152.0
4.0 93.0
180.0 178.0
223.0 64.0
63.0 95.0
187.0 48.0
173.0 171.0
1.0 178.0
174.0 142.0
91.0 91.0
104.0 186.0
39.0 64.0
138.0 107.0
223.0 124.0
215.0 238.0
220.0 66.0
166.0 127.0
11.0 93.0
14.0 132.0
62.0 107.0
197.0 128.0
210.0 15.0
30.0 72.0
37.0 196.0
16.0 249.0
46.0 115.0
204.0 66.0
196.0 114.0
82.0 113.0
227.0 220.0
63.0 215.0
220.0 160.0
196.0 63.0
188.0 14.0
27.0 47.0
23.0 85.0
113.0 232.0
212.0 51.0
244.0 241.0
34.0 82.0
250.0 90.0
23.0 133.0
70.0 141.0
24.0 209.0
94.0 73.0
10.0 188.0
66.0 164.0
117.0 128.0
197.0 179.0
179.0 20.0
144.0 244.0
100.0 25.0
128.0 163.0
224.0 54.0
231.0 170.0
158.0 85.0
6.0 185.0
87.0 206.0
81.0 211.0
164.0 161.0
246.0 58.0
132.0 250.0
105.0 143.0
144.0 245.0
132.0 208.0
57.0 50.0
98.0 48.0
43.0 127.0
99.0 229.0
171.0 52.0
238.0 23.0
170.0 110.0
106.0 146.0
162.0 137.0
224.0 165.0
192.0 167.0
205.0 28.0
225.0 222.0
194.0 211.0
57.0 150.0
203.0 59.0
185.0 245.0
32.0 199.0
218.0 185.0
23.0 206.0
230.0 128.0
197.0 46.0
34.0 132.0
159.0 97.0
134.0 128.0
197.0 139.0
221.0 221.0
76.0 245.0
95.0 179.0
85.0 91.0
235.0 7.0
206.0 237.0
61.0 102.0
100.0 20.0
199.0 249.0
142.0 6.0
176.0 74.0
78.0 232.0
10.0 110.0
170.0 86.0
203.0 202.0
9.0 182.0
3.0 31.0
8.0 185.0
74.0 112.0
114.0 88.0
37.0 173.0
129.0 248.0
174.0 145.0
66.0 79.0
126.0 38.0
37.0 87.0
236.0 62.0
237.0 236.0
12.0 151.0
136.0 247.0
232.0 111.0
83.0 170.0
29.0 180.0
45.0 203.0
123.0 100.0
57.0 248.0
144.0 110.0
4.0 21.0
100.0 84.0
160.0 103.0
54.0 104.0
239.0 116.0
190.0 56.0
19.0 39.0
209.0 175.0
152.0 220.0
101.0 4.0
106.0 223.0
131.0 44.0
226.0 197.0
180.0 221.0
231.0 26.0
172.0 48.0
12.0 71.0
110.0 233.0
178.0 141.0
57.0 247.0
73.0 138.0
224.0 224.0
111.0 108.0
121.0 78.0
8.0 57.0
59.0 86.0
131.0 114.0
85.0 201.0
189.0 23.0
15.0 213.0
93.0 197.0
14.0 152.0
81.0 157.0
17.0 170.0
81.0 234.0
76.0 180.0
14.0 235.0
30.0 105.0
143.0 69.0
230.0 145.0
45.0 143.0
72.0 38.0
179.0 186.0
211.0 100.0
22.0 158.0
80.0 143.0
94.0 23.0
196.0 183.0
238.0 203.0
30.0 155.0
100.0 68.0
21.0 190.0
37.0 196.0
158.0 22.0
37.0 110.0
70.0 217.0
3.0 107.0
177.0 178.0
91.0 17.0
224.0 222.0
112.0 113.0
110.0 69.0
30.0 165.0
231.0 163.0
212.0 208.0
104.0 44.0
86.0 151.0
127.0 56.0
217.0 172.0
116.0 246.0
113.0 156.0
90.0 102.0
124.0 236.0
87.0 126.0
129.0 80.0
89.0 246.0
248.0 100.0
227.0 203.0
143.0 97.0
213.0 42.0
35.0 164.0
42.0 198.0
113.0 218.0
50.0 210.0
85.0 101.0
225.0 159.0
186.0 22.0
248.0 243.0
5.0 139.0
34.0 215.0
77.0 163.0
119.0 210.0
226.0 195.0
38.0 77.0
223.0 21.0
176.0 107.0
142.0 215.0
98.0 153.0
75.0 145.0
223.0 151.0
224.0 111.0
219.0 170.0
171.0 88.0
115.0 127.0
198.0 161.0
129.0 161.0
94.0 27.0
76.0 180.0
194.0 249.0
239.0 204.0
210.0 33.0
192.0 150.0
226.0 74.0
77.0 30.0
44.0 121.0
203.0 112.0
125.0 195.0
94.0 127.0
182.0 205.0
226.0 203.0
59.0 51.0
209.0 221.0
62.0 74.0
27.0 158.0
10.0 58.0
217.0 248.0
44.0 31.0
222.0 131.0
86.0 186.0
185.0 203.0
118.0 54.0
26.0 221.0
36.0 116.0
214.0 235.0
137.0 112.0
183.0 45.0
105.0 118.0
190.0 111.0
194.0 10.0
193.0 1.0
89.0 21.0
150.0 180.0
19.0 136.0
222.0 89.0
230.0 145.0
135.0 209.0
21.0 238.0
61.0 166.0
66.0 75.0
159.0 215.0
106.0 101.0
5.0 13.0
113.0 153.0
168.0 169.0
129.0 9.0
47.0 83.0
7.0 58.0
108.0 200.0
131.0 102.0
238.0 62.0
228.0 104.0
245.0 164.0
209.0 16.0
102.0 112.0
33.0 127.0
79.0 219.0
163.0 179.0
230.0 175.0
220.0 89.0
20.0 18.0
38.0 127.0
173.0 211.0
101.0 22.0
158.0 144.0
185.0 230.0
12.0 247.0
61.0 191.0
40.0 176.0
217.0 199.0
231.0 108.0
69.0 90.0
44.0 249.0
240.0 234.0
18.0 210.0
26.0 164.0
7.0 231.0
222.0 215.0
111.0 34.0
72.0 114.0
211.0 154.0
139.0 36.0
83.0 164.0
224.0 172.0
104.0 13.0
15.0 221.0
163.0 10.0
219.0 214.0
145.0 64.0
227.0 197.0
249.0 82.0
197.0 90.0
127.0 245.0
218.0 86.0
213.0 212.0
87.0 48.0

158.0 191.0
228.0 34.0
55.0 101.0
230.0 23.0
72.0 29.0
34.0 247.0
221.0 226.0
70.0 198.0
183.0 117.0
195.0 218.0
190.0 36.0
25.0 174.0
244.0 173.0
111.0 201.0
237.0 189.0
166.0 244.0
116.0 167.0
176.0 138.0
94.0 23.0
13.0 24.0
150.0 102.0
233.0 15.0
184.0 13.0
44.0 36.0
204.0 34.0
43.0 91.0
49.0 13.0
30.0 32.0
130.0 218.0
159.0 192.0
73.0 204.0
98.0 121.0
130.0 8.0
69.0 118.0
120.0 106.0
104.0 156.0
105.0 112.0
222.0 111.0
245.0 238.0
238.0 167.0
118.0 111.0
88.0 216.0
74.0 139.0
189.0 42.0
88.0 95.0
116.0 159.0
219.0 32.0
30.0 33.0
103.0 35.0
193.0 144.0
146.0 65.0
187.0 245.0
240.0 45.0
22.0 173.0
76.0 247.0
118.0 184.0
210.0 125.0
253.0 12.0
77.0 162.0
60.0 52.0
31.0 46.0
25.0 197.0
189.0 150.0
248.0 123.0
41.0 203.0
253.0 186.0
247.0 30.0
221.0 75.0
168.0 118.0
99.0 42.0
238.0 14.0
68.0 184.0
42.0 179.0
176.0 21.0
101.0 180.0
23.0 200.0
118.0 241.0
168.0 178.0
57.0 123.0
11.0 105.0
156.0 246.0
218.0 144.0
145.0 174.0
32.0 57.0
179.0 193.0
206.0 167.0
34.0 47.0
243.0 179.0
62.0 121.0
55.0 59.0
17.0 57.0
134.0 81.0
105.0 207.0
174.0 171.0
69.0 8.0
154.0 204.0
215.0 107.0
176.0 41.0
79.0 146.0
180.0 130.0
74.0 185.0
246.0 24.0
113.0 50.0
180.0 9.0
196.0 213.0
18.0 131.0
133.0 83.0
224.0 158.0
186.0 227.0
113.0 103.0
244.0 17.0
186.0 42.0
143.0 92.0
184.0 162.0
139.0 234.0
44.0 197.0
39.0 224.0
108.0 32.0
76.0 99.0
140.0 4.0
213.0 34.0
204.0 109.0
43.0 142.0
251.0 175.0
111.0 10.0
105.0 174.0
221.0 189.0
139.0 72.0
133.0 33.0
121.0 245.0
131.0 28.0
184.0 16.0
220.0 77.0
36.0 211.0
66.0 45.0
208.0 156.0
59.0 153.0
131.0 126.0
223.0 130.0
148.0 77.0
22.0 111.0
163.0 18.0
112.0 41.0
183.0 239.0
231.0 214.0
43.0 120.0
165.0 78.0
188.0 131.0
94.0 66.0
216.0 104.0
127.0 185.0
154.0 20.0
220.0 39.0
40.0 254.0
140.0 108.0
186.0 169.0
64.0 85.0
51.0 124.0
109.0 248.0
212.0 130.0
201.0 19.0
21.0 134.0
26.0 65.0
24.0 21.0
64.0 209.0
142.0 185.0
59.0 169.0
25.0 141.0
74.0 229.0
240.0 164.0
97.0 228.0
61.0 30.0
235.0 156.0
132.0 243.0
77.0 48.0
205.0 158.0
119.0 112.0
11.0 74.0
255.0 210.0
150.0 37.0
61.0 162.0
202.0 24.0
11.0 174.0
6.0 211.0
239.0 232.0
226.0 39.0
92.0 141.0
251.0 185.0
238.0 135.0
226.0 55.0
164.0 151.0
75.0 213.0
234.0 87.0
191.0 65.0
14.0 197.0
94.0 39.0
142.0 118.0
39.0 205.0
83.0 53.0
15.0 234.0
173.0 212.0
13.0 238.0
165.0 160.0
129.0 255.0
78.0 74.0
203.0 83.0
144.0 166.0
17.0 82.0
53.0 139.0
70.0 240.0
183.0 70.0
84.0 76.0
103.0 221.0
151.0 229.0
193.0 19.0
51.0 192.0
31.0 128.0
8.0 210.0
247.0 172.0
44.0 133.0
167.0 188.0
88.0 110.0
27.0 7.0
114.0 103.0
212.0 231.0
91.0 156.0
210.0 173.0
123.0 51.0
62.0 232.0
245.0 196.0
158.0 44.0
57.0 210.0
11.0 169.0
87.0 168.0
19.0 66.0
184.0 139.0
178.0 20.0
164.0 88.0
154.0 57.0
193.0 98.0
64.0 255.0
225.0 210.0
218.0 35.0
115.0 123.0
81.0 202.0
78.0 206.0
53.0 22.0
10.0 210.0
210.0 153.0
216.0 230.0
5.0 129.0
184.0 198.0
145.0 95.0
73.0 51.0
54.0 82.0
160.0 21.0
36.0 188.0
78.0 51.0
100.0 53.0
194.0 140.0
251.0 121.0
77.0 21.0
66.0 198.0
30.0 89.0
224.0 205.0
41.0 109.0
180.0 222.0
213.0 236.0
55.0 100.0
166.0 36.0
39.0 151.0
122.0 123.0
226.0 20.0
243.0 236.0
125.0 155.0
94.0 30.0
53.0 87.0
172.0 240.0
106.0 68.0
235.0 131.0
245.0 158.0
251.0 8.0
68.0 186.0
83.0 110.0
220.0 31.0
107.0 247.0
59.0 41.0
225.0 128.0
15.0 160.0
145.0 158.0
35.0 206.0
230.0 236.0
207.0 231.0
155.0 207.0
130.0 44.0
75.0 157.0
171.0 221.0
164.0 46.0
99.0 12.0
105.0 10.0
107.0 120.0
219.0 204.0
62.0 160.0
9.0 130.0
156.0 103.0
155.0 201.0
155.0 176.0
79.0 116.0
23.0 110.0
36.0 173.0
24.0 126.0
201.0 208.0
202.0 153.0
97.0 165.0
204.0 256.0
181.0 129.0
203.0 243.0
96.0 179.0
73.0 201.0
14.0 23.0
129.0 91.0
180.0 156.0
235.0 53.0
253.0 115.0
250.0 149.0
140.0 216.0
184.0 67.0
69.0 196.0
193.0 159.0
200.0 46.0
164.0 195.0
164.0 77.0
116.0 84.0
196.0 95.0
75.0 68.0
123.0 159.0
253.0 28.0
17.0 139.0
60.0 15.0
112.0 178.0
189.0 23.0
207.0 143.0
127.0 16.0
19.0 69.0
255.0 69.0
70.0 27.0
222.0 254.0
204.0 47.0
169.0 52.0
191.0 197.0
85.0 32.0
174.0 253.0
22.0 146.0
210.0 246.0
42.0 77.0
121.0 154.0
24.0 96.0
245.0 173.0
93.0 218.0
152.0 237.0
105.0 249.0
95.0 6.0
182.0 152.0
98.0 221.0
253.0 193.0
79.0 209.0
23.0 143.0
45.0 68.0
214.0 169.0
146.0 225.0
81.0 26.0
195.0 226.0
197.0 79.0
136.0 85.0
136.0 141.0
163.0 220.0
177.0 7.0
62.0 125.0
254.0 87.0
152.0 193.0
188.0 104.0
22.0 254.0
50.0 153.0
33.0 51.0
248.0 223.0
157.0 140.0
161.0 68.0
48.0 67.0
244.0 185.0
231.0 140.0
245.0 166.0
210.0 72.0
207.0 17.0
251.0 158.0
154.0 131.0
21.0 128.0
68.0 96.0
211.0 24.0
179.0 174.0
171.0 25.0
23.0 8.0
125.0 32.0
206.0 251.0
52.0 250.0
145.0 52.0
207.0 241.0
173.0 239.0
243.0 43.0
98.0 232.0
46.0 196.0
221.0 160.0
67.0 182.0
107.0 116.0
205.0 177.0
129.0 89.0
113.0 89.0
33.0 203.0
84.0 76.0
171.0 124.0
87.0 172.0
190.0 157.0
159.0 97.0
56.0 40.0
131.0 242.0
15.0 37.0
22.0 57.0
255.0 4.0
208.0 151.0
247.0 146.0
44.0 15.0
161.0 225.0
208.0 26.0
208.0 134.0
59.0 18.0
159.0 157.0
134.0 210.0
68.0 225.0
216.0 143.0
254.0 145.0
242.0 52.0
245.0 177.0
71.0 190.0
116.0 123.0
20.0 158.0
15.0 131.0
92.0 145.0
200.0 12.0
124.0 233.0
19.0 191.0
192.0 58.0
15.0 150.0
137.0 136.0
225.0 145.0
132.0 199.0
211.0 187.0
57.0 45.0
33.0 164.0
222.0 98.0
89.0 12.0
89.0 48.0
111.0 134.0
144.0 140.0
170.0 143.0
180.0 118.0
81.0 237.0
67.0 42.0
170.0 151.0
100.0 38.0
205.0 136.0
141.0 134.0
47.0 25.0
15.0 138.0
203.0 193.0
19.0 251.0
227.0 121.0
113.0 56.0
22.0 13.0
22.0 205.0
104.0 247.0
215.0 35.0
255.0 25.0
80.0 110.0
5.0 111.0
192.0 219.0
23.0 163.0
57.0 31.0
173.0 162.0
124.0 23.0
240.0 53.0
111.0 252.0
198.0 13.0
252.0 233.0
115.0 62.0
183.0 91.0
245.0 47.0
173.0 177.0
248.0 111.0
33.0 110.0
199.0 64.0
90.0 133.0
239.0 92.0
128.0 101.0
125.0 144.0
51.0 70.0
159.0 44.0
101.0 243.0
152.0 41.0
232.0 92.0
243.0 200.0
68.0 15.0
144.0 22.0
220.0 246.0
212.0 21.0
235.0 20.0
75.0 25.0
92.0 27.0
84.0 115.0
137.0 99.0
182.0 241.0
227.0 236.0
92.0 146.0
158.0 76.0
50.0 242.0
194.0 36.0
95.0 122.0
201.0 57.0
14.0 81.0
86.0 132.0
103.0 159.0
108.0 108.0
207.0 170.0
208.0 124.0
47.0 155.0
248.0 232.0
204.0 96.0
208.0 242.0
149.0 172.0
107.0 227.0
41.0 18.0
47.0 16.0
49.0 209.0
42.0 95.0
78.0 215.0
168.0 50.0
26.0 228.0
36.0 100.0
23.0 227.0
20.0 17.0
232.0 39.0
119.0 83.0
246.0 156.0
12.0 233.0
20.0 183.0
38.0 204.0
43.0 45.0
66.0 195.0
22.0 204.0
89.0 208.0
185.0 170.0
133.0 235.0
88.0 135.0
215.0 84.0
149.0 167.0
27.0 106.0
206.0 152.0
246.0 15.0
151.0 72.0
226.0 182.0
69.0 170.0
156.0 219.0
106.0 184.0
253.0 114.0
75.0 120.0
235.0 82.0
138.0 106.0
21.0 76.0
247.0 170.0
7.0 180.0
19.0 99.0
255.0 241.0
109.0 109.0
58.0 90.0
155.0 114.0
116.0 72.0
189.0 194.0
129.0 100.0
8.0 148.0
178.0 103.0
6.0 152.0
106.0 198.0
63.0 14.0
94.0 54.0
172.0 152.0
39.0 213.0
218.0 192.0
96.0 149.0
240.0 164.0
34.0 238.0
235.0 96.0
218.0 44.0
160.0 63.0
195.0 201.0
113.0 164.0
89.0 204.0
211.0 95.0
181.0 220.0
8.0 128.0
185.0 142.0
88.0 106.0
61.0 109.0
97.0 87.0
171.0 94.0
179.0 135.0
48.0 156.0
219.0 28.0
191.0 66.0
237.0 246.0
11.0 67.0
209.0 141.0
251.0 70.0
33.0 6.0
119.0 179.0
35.0 90.0
56.0 223.0
127.0 172.0
32.0 73.0
106.0 62.0
177.0 44.0
118.0 45.0
209.0 238.0
124.0 36.0
174.0 105.0
16.0 36.0
252.0 102.0
129.0 82.0
66.0 142.0
110.0 115.0
141.0 118.0
89.0 114.0
249.0 255.0
184.0 20.0
248.0 253.0
163.0 195.0
237.0 75.0
227.0 64.0
235.0 235.0
21.0 25.0
131.0 28.0
30.0 207.0
219.0 231.0
84.0 240.0
159.0 57.0
231.0 252.0
105.0 28.0
79.0 151.0
179.0 184.0
10.0 15.0
168.0 137.0
245.0 29.0
5.0 50.0
254.0 149.0
32.0 159.0
133.0 96.0
211.0 27.0
94.0 192.0
185.0 63.0
33.0 50.0
238.0 65.0
183.0 240.0
123.0 248.0
241.0 48.0
245.0 114.0
76.0 131.0
23.0 245.0
242.0 233.0
18.0 24.0
115.0 229.0
61.0 209.0
177.0 202.0
85.0 28.0
165.0 233.0
245.0 53.0
13.0 24.0
187.0 192.0
106.0 78.0
153.0 124.0
250.0 224.0
180.0 207.0
165.0 106.0
177.0 17.0
61.0 24.0
39.0 157.0
8.0 99.0
184.0 184.0
229.0 69.0
68.0 101.0
192.0 53.0
178.0 176.0
5.0 182.0
178.0 148.0
95.0 97.0
109.0 190.0
45.0 68.0
144.0 113.0
227.0 129.0
220.0 242.0
224.0 71.0
171.0 131.0
16.0 97.0
19.0 138.0
67.0 112.0
201.0 134.0
216.0 19.0
35.0 78.0
43.0 202.0
20.0 254.0
51.0 120.0
209.0 71.0
201.0 119.0
86.0 117.0
231.0 224.0
67.0 220.0
225.0 165.0
201.0 68.0
193.0 20.0
31.0 51.0
28.0 91.0
117.0 237.0
217.0 56.0
248.0 245.0
39.0 87.0
255.0 95.0
28.0 139.0
76.0 146.0
28.0 215.0
99.0 77.0
14.0 192.0
72.0 169.0
123.0 133.0
201.0 184.0
183.0 24.0
150.0 249.0
106.0 30.0
133.0 168.0
228.0 59.0
236.0 176.0
163.0 90.0
10.0 191.0
92.0 211.0
87.0 216.0
170.0 166.0
251.0 63.0
137.0 254.0
110.0 147.0
149.0 249.0
138.0 214.0
62.0 55.0
103.0 53.0
49.0 132.0
104.0 234.0
176.0 58.0
243.0 27.0
174.0 114.0
110.0 152.0
166.0 142.0
230.0 170.0
196.0 172.0
209.0 33.0
229.0 227.0
199.0 216.0
63.0 154.0
208.0 65.0
191.0 251.0
36.0 205.0
222.0 189.0
27.0 211.0
235.0 133.0
201.0 50.0
39.0 136.0
163.0 101.0
138.0 133.0
202.0 143.0
226.0 226.0
81.0 251.0
99.0 184.0
91.0 95.0
239.0 12.0
211.0 242.0
66.0 106.0
106.0 24.0
204.0 255.0
146.0 12.0
180.0 78.0
83.0 238.0
16.0 114.0
175.0 90.0
209.0 207.0
14.0 187.0
7.0 37.0
13.0 191.0
79.0 117.0
118.0 92.0
41.0 177.0
134.0 253.0
179.0 151.0
71.0 84.0
131.0 43.0
42.0 91.0
241.0 67.0
242.0 242.0
16.0 157.0
140.0 251.0
238.0 116.0
88.0 175.0
34.0 185.0
49.0 207.0
129.0 105.0
62.0 253.0
150.0 114.0
8.0 26.0
105.0 89.0
165.0 109.0
59.0 110.0
244.0 121.0
194.0 62.0
25.0 44.0
214.0 180.0
157.0 225.0
105.0 9.0
111.0 227.0
136.0 50.0
231.0 202.0
184.0 226.0
237.0 31.0
177.0 54.0
16.0 76.0
116.0 238.0
183.0 145.0
62.0 252.0
79.0 142.0
228.0 228.0
117.0 114.0
126.0 83.0
14.0 62.0
65.0 91.0
136.0 119.0
89.0 206.0
193.0 27.0
19.0 218.0
97.0 202.0
19.0 156.0
86.0 162.0
22.0 176.0
85.0 239.0
81.0 184.0
19.0 241.0
34.0 111.0
147.0 75.0
235.0 150.0
51.0 148.0
77.0 44.0
184.0 192.0
217.0 105.0
27.0 164.0
84.0 147.0
98.0 28.0
200.0 187.0
244.0 207.0
36.0 159.0
105.0 72.0
26.0 195.0
42.0 200.0
164.0 26.0
42.0 115.0
75.0 223.0
9.0 112.0
181.0 182.0
96.0 21.0
228.0 228.0
117.0 117.0
115.0 75.0
36.0 170.0
237.0 168.0
216.0 213.0
110.0 49.0
90.0 157.0
133.0 61.0
222.0 177.0
121.0 250.0
119.0 161.0
95.0 107.0
128.0 242.0
92.0 130.0
133.0 85.0
95.0 251.0
252.0 104.0
232.0 209.0
149.0 101.0
217.0 47.0
39.0 169.0
46.0 204.0
118.0 222.0
55.0 214.0
90.0 107.0
230.0 165.0
191.0 26.0
253.0 248.0
9.0 145.0
39.0 220.0
82.0 167.0
123.0 215.0
231.0 200.0
44.0 81.0
227.0 25.0
182.0 112.0
148.0 221.0
103.0 158.0
79.0 149.0
228.0 156.0
229.0 116.0
225.0 175.0
175.0 92.0
121.0 132.0
203.0 166.0
134.0 166.0
100.0 31.0
81.0 184.0
200.0 254.0
243.0 210.0
216.0 38.0
196.0 155.0
231.0 79.0
82.0 35.0
50.0 126.0
208.0 117.0
129.0 199.0
99.0 133.0
187.0 209.0
231.0 208.0
64.0 55.0
214.0 226.0
67.0 79.0
32.0 163.0
16.0 62.0
223.0 253.0
48.0 35.0
227.0 136.0
90.0 191.0
191.0 207.0
124.0 60.0
30.0 226.0
40.0 122.0
219.0 239.0
143.0 117.0
187.0 49.0
110.0 124.0
195.0 116.0
198.0 15.0
198.0 6.0
95.0 26.0
154.0 184.0
24.0 142.0
227.0 93.0
234.0 150.0
140.0 214.0
27.0 243.0
66.0 171.0
71.0 80.0
164.0 220.0
110.0 107.0
10.0 19.0
117.0 158.0
173.0 174.0
135.0 13.0
52.0 88.0
13.0 63.0
114.0 205.0
136.0 106.0
243.0 68.0
234.0 110.0
251.0 169.0
214.0 21.0
107.0 117.0
37.0 132.0
85.0 224.0
168.0 183.0
236.0 181.0
225.0 95.0
24.0 23.0
43.0 133.0
179.0 215.0
107.0 27.0
163.0 148.0
191.0 235.0
16.0 252.0
66.0 195.0
46.0 181.0
223.0 204.0
236.0 112.0
73.0 94.0
49.0 255.0
246.0 239.0
24.0 215.0
30.0 169.0
12.0 236.0
227.0 220.0
116.0 38.0
76.0 119.0
217.0 158.0
143.0 41.0
88.0 168.0
229.0 177.0
109.0 17.0
20.0 227.0
169.0 14.0
223.0 218.0
151.0 69.0
233.0 202.0
254.0 87.0
201.0 95.0
133.0 249.0
223.0 92.0
219.0 217.0
91.0 53.0
