1
1024 1 3.0 0.0 1000.0 3 160 240 100

6.5 13.5 29.3 58.5
13.0 27.0 58.5 117.0
19.5 40.5 87.8 175.5
26.0 54.0 117.0 234.0
39.0 81.0 175.5 351.0
52.0 108.0 234.0 468.0
58.5 121.5 263.3 526.5
65.0 135.0 292.5 585.0
78.0 162.0 351.0 702.0
0.0 180.0 390.0 780.0

2.0 5.0 8.0 11.0
5.0 8.0 11.0 14.0
9.0 12.0 15.0 18.0
11.0 14.0 17.0 20.0
15.0 18.0 21.0 24.0
18.0 21.0 24.0 27.0
20.0 23.0 26.0 29.0
25.0 28.0 31.0 34.0
29.0 32.0 35.0 38.0
0.0 34.0 37.0 40.0

120.0 62.0
75.0 206.0
181.0 133.0
197.0 59.0
21.0 218.0
209.0 250.0
114.0 138.0
189.0 190.0
210.0 151.0
36.0 103.0
173.0 202.0
8.0 192.0
139.0 118.0
79.0 156.0
75.0 236.0
119.0 235.0
151.0 115.0
201.0 41.0
142.0 194.0
154.0 240.0
119.0 158.0
59.0 226.0
54.0 22.0
170.0 212.0
202.0 52.0
78.0 10.0
15.0 162.0
244.0 52.0
85.0 39.0
69.0 47.0
225.0 247.0
24.0 201.0
88.0 193.0
119.0 23.0
32.0 97.0
114.0 8.0
16.0 183.0
127.0 113.0
126.0 158.0
165.0 179.0
111.0 35.0
110.0 89.0
173.0 248.0
53.0 202.0
12.0 15.0
152.0 209.0
242.0 233.0
8.0 102.0
61.0 15.0
128.0 3.0
158.0 19.0
85.0 175.0
114.0 51.0
71.0 98.0
164.0 223.0
85.0 49.0
201.0 16.0
60.0 188.0
1.0 160.0
66.0 223.0
189.0 53.0
3.0 33.0
47.0 8.0
54.0 186.0
53.0 172.0
188.0 114.0
131.0 35.0
95.0 9.0
133.0 245.0
237.0 68.0
143.0 16.0
10.0 29.0
12.0 242.0
75.0 17.0
80.0 198.0
235.0 240.0
127.0 92.0
40.0 191.0
134.0 210.0
117.0 35.0
3.0 44.0
28.0 187.0
219.0 28.0
46.0 156.0
214.0 141.0
15.0 19.0
35.0 125.0
45.0 240.0
218.0 203.0
115.0 66.0
74.0 181.0
186.0 81.0
181.0 172.0
25.0 49.0
162.0 227.0
226.0 226.0
156.0 211.0
245.0 161.0
194.0 102.0
65.0 44.0
13.0 169.0
186.0 228.0
154.0 86.0
169.0 133.0
226.0 50.0
62.0 17.0
81.0 102.0
72.0 195.0
151.0 95.0
162.0 82.0
65.0 101.0
87.0 248.0
168.0 122.0
155.0 2.0
189.0 247.0
105.0 56.0
64.0 231.0
30.0 159.0
12.0 51.0
89.0 149.0
27.0 5.0
69.0 159.0
231.0 53.0
171.0 63.0
136.0 87.0
203.0 36.0
146.0 196.0
183.0 163.0
203.0 4.0
146.0 113.0
49.0 5.0
45.0 189.0
118.0 111.0
171.0 133.0
170.0 202.0
90.0 137.0
48.0 30.0
160.0 50.0
44.0 130.0
240.0 114.0
133.0 218.0
46.0 96.0
185.0 115.0
125.0 22.0
39.0 28.0
29.0 0.0
178.0 133.0
46.0 219.0
5.0 138.0
181.0 238.0
87.0 162.0
136.0 16.0
4.0 234.0
82.0 186.0
25.0 101.0
119.0 138.0
141.0 61.0
90.0 47.0
36.0 107.0
7.0 28.0
166.0 224.0
140.0 187.0
146.0 14.0
148.0 118.0
230.0 108.0
185.0 247.0
226.0 165.0
223.0 191.0
248.0 45.0
159.0 159.0
20.0 70.0
74.0 202.0
8.0 107.0
81.0 187.0
231.0 239.0
1.0 201.0
140.0 143.0
189.0 127.0
38.0 76.0
125.0 214.0
76.0 187.0
206.0 28.0
152.0 211.0
228.0 213.0
126.0 117.0
140.0 76.0
64.0 142.0
161.0 62.0
39.0 180.0
222.0 247.0
82.0 53.0
216.0 43.0
182.0 23.0
115.0 119.0
54.0 202.0
85.0 105.0
205.0 86.0
21.0 210.0
135.0 240.0
16.0 197.0
75.0 250.0
54.0 218.0
237.0 84.0
65.0 76.0
93.0 102.0
17.0 47.0
30.0 236.0
46.0 198.0
33.0 202.0
188.0 222.0
114.0 149.0
69.0 77.0
11.0 216.0
13.0 97.0
250.0 38.0
35.0 236.0
225.0 49.0
60.0 211.0
12.0 242.0
211.0 123.0
186.0 105.0
125.0 165.0
248.0 30.0
21.0 121.0
53.0 33.0
105.0 165.0
208.0 205.0
160.0 16.0
219.0 107.0
19.0 85.0
231.0 155.0
172.0 61.0
4.0 93.0
46.0 183.0
108.0 203.0
111.0 12.0
91.0 245.0
213.0 102.0
243.0 147.0
159.0 239.0
73.0 47.0
98.0 18.0
246.0 110.0
74.0 70.0
240.0 72.0
186.0 68.0
71.0 71.0
102.0 211.0
235.0 94.0
237.0 182.0
89.0 210.0
216.0 147.0
193.0 69.0
56.0 192.0
207.0 184.0
68.0 116.0
246.0 117.0
32.0 100.0
162.0 214.0
22.0 66.0
20.0 118.0
68.0 111.0
124.0 104.0
142.0 193.0
241.0 64.0
39.0 89.0
223.0 77.0
18.0 193.0
88.0 25.0
140.0 20.0
119.0 38.0
49.0 117.0
152.0 123.0
7.0 144.0
15.0 146.0
55.0 174.0
141.0 114.0
231.0 110.0
208.0 79.0
101.0 144.0
193.0 229.0
147.0 33.0
72.0 101.0
154.0 240.0
183.0 130.0
12.0 82.0
96.0 65.0
195.0 71.0
145.0 116.0
212.0 215.0
90.0 226.0
167.0 69.0
177.0 203.0
104.0 205.0
201.0 242.0
131.0 3.0
216.0 194.0
142.0 55.0
105.0 228.0
1.0 215.0
53.0 130.0
131.0 203.0
245.0 1.0
242.0 189.0
206.0 231.0
21.0 119.0
248.0 130.0
148.0 96.0
38.0 214.0
79.0 195.0
151.0 171.0
80.0 167.0
238.0 103.0
94.0 19.0
43.0 216.0
35.0 46.0
37.0 168.0
222.0 199.0
14.0 122.0
175.0 222.0
47.0 102.0
101.0 73.0
32.0 50.0
184.0 183.0
81.0 80.0
112.0 203.0
120.0 191.0
94.0 158.0
90.0 58.0
166.0 30.0
209.0 48.0
180.0 80.0
92.0 195.0
126.0 42.0
44.0 158.0
74.0 130.0
209.0 25.0
10.0 110.0
14.0 116.0
209.0 9.0
202.0 1.0
80.0 92.0
41.0 42.0
214.0 40.0
112.0 29.0
212.0 97.0
138.0 100.0
155.0 242.0
144.0 137.0
153.0 23.0
21.0 208.0
222.0 244.0
166.0 125.0
49.0 3.0
149.0 51.0
7.0 164.0
195.0 106.0
125.0 122.0
66.0 36.0
236.0 77.0
0.0 22.0
130.0 45.0
169.0 49.0
83.0 202.0
191.0 55.0
179.0 167.0
27.0 153.0
199.0 180.0
175.0 16.0
113.0 174.0
126.0 92.0
63.0 64.0
99.0 118.0
11.0 123.0
169.0 228.0
53.0 152.0
161.0 239.0
215.0 182.0
53.0 44.0
88.0 39.0
153.0 65.0
5.0 146.0
141.0 75.0
239.0 3.0
130.0 218.0
46.0 107.0
218.0 150.0
166.0 115.0
53.0 20.0
223.0 151.0
248.0 75.0
15.0 180.0
62.0 246.0
6.0 211.0
51.0 113.0
147.0 153.0
224.0 244.0
203.0 193.0
42.0 161.0
81.0 143.0
160.0 68.0
237.0 14.0
139.0 228.0
7.0 129.0
144.0 218.0
70.0 158.0
225.0 104.0
24.0 20.0
82.0 132.0
144.0 145.0
37.0 85.0
194.0 183.0
224.0 53.0
217.0 19.0
109.0 128.0
67.0 56.0
233.0 140.0
226.0 0.0
137.0 80.0
36.0 235.0
11.0 202.0
36.0 154.0
149.0 73.0
139.0 142.0
117.0 179.0
219.0 221.0
100.0 244.0
216.0 165.0
197.0 243.0
220.0 224.0
24.0 130.0
249.0 141.0
8.0 151.0
53.0 226.0
103.0 128.0
56.0 47.0
195.0 215.0
130.0 119.0
47.0 136.0
179.0 39.0
177.0 22.0
122.0 64.0
145.0 4.0
112.0 204.0
21.0 25.0
211.0 211.0
123.0 175.0
236.0 151.0
185.0 132.0
112.0 72.0
170.0 127.0
85.0 73.0
245.0 164.0
240.0 171.0
27.0 6.0
70.0 142.0
239.0 65.0
149.0 100.0
245.0 64.0
40.0 130.0
0.0 232.0
117.0 101.0
246.0 38.0
48.0 110.0
106.0 88.0
1.0 51.0
62.0 78.0
196.0 132.0
61.0 34.0
234.0 226.0
126.0 124.0
199.0 233.0
98.0 144.0
100.0 223.0
240.0 79.0
18.0 167.0
222.0 230.0
146.0 149.0
91.0 174.0
215.0 226.0
110.0 164.0
122.0 226.0
200.0 140.0
128.0 20.0
4.0 54.0
60.0 166.0
166.0 66.0
16.0 111.0
223.0 190.0
131.0 204.0
93.0 68.0
28.0 98.0
158.0 89.0
137.0 153.0
66.0 135.0
132.0 53.0
129.0 58.0
36.0 121.0
50.0 46.0
132.0 170.0
243.0 111.0
101.0 0.0
101.0 212.0
137.0 3.0
103.0 146.0
108.0 111.0
238.0 82.0
116.0 172.0
12.0 240.0
165.0 124.0
136.0 234.0
159.0 159.0
47.0 186.0
63.0 137.0
229.0 21.0
75.0 68.0
109.0 160.0
21.0 30.0
122.0 159.0
192.0 233.0
99.0 131.0
205.0 219.0
184.0 119.0
245.0 28.0
78.0 143.0
137.0 196.0
181.0 203.0
223.0 37.0
44.0 95.0
132.0 215.0
99.0 186.0
40.0 168.0
192.0 143.0
122.0 13.0
9.0 132.0
177.0 129.0
49.0 98.0
7.0 176.0
113.0 32.0
146.0 102.0
85.0 199.0
148.0 41.0
92.0 116.0
167.0 20.0
202.0 127.0
135.0 250.0
127.0 232.0
180.0 55.0
200.0 151.0
192.0 77.0
229.0 153.0
59.0 195.0
118.0 8.0
112.0 164.0
237.0 201.0
166.0 42.0
54.0 167.0
82.0 34.0
125.0 47.0
105.0 196.0
106.0 87.0
28.0 5.0
231.0 80.0
66.0 107.0
54.0 88.0
110.0 135.0
40.0 203.0
126.0 19.0
149.0 234.0
235.0 69.0
145.0 191.0
127.0 125.0
144.0 76.0
211.0 166.0
4.0 235.0
22.0 70.0
195.0 148.0
181.0 25.0
133.0 45.0
42.0 164.0
243.0 85.0
194.0 47.0
93.0 134.0
84.0 189.0
14.0 233.0
53.0 139.0
154.0 169.0
171.0 167.0
11.0 137.0
49.0 208.0
19.0 250.0
125.0 230.0
113.0 26.0
231.0 54.0
212.0 248.0
75.0 188.0
172.0 165.0
54.0 37.0
31.0 86.0
167.0 208.0
217.0 205.0
62.0 150.0
167.0 68.0
114.0 193.0
151.0 162.0
204.0 127.0
131.0 155.0
197.0 9.0
62.0 137.0
184.0 195.0
104.0 36.0
106.0 178.0
20.0 155.0
194.0 104.0
95.0 149.0
232.0 158.0
246.0 10.0
177.0 73.0
17.0 249.0
48.0 93.0
10.0 225.0
226.0 248.0
71.0 171.0
195.0 153.0
151.0 12.0
15.0 74.0
54.0 139.0
152.0 84.0
85.0 104.0
114.0 190.0
221.0 28.0
112.0 111.0
171.0 81.0
84.0 234.0
73.0 168.0
192.0 43.0
78.0 75.0
213.0 167.0
193.0 91.0
105.0 229.0
3.0 213.0
20.0 7.0
15.0 91.0
160.0 224.0
139.0 191.0
158.0 90.0
143.0 209.0
219.0 49.0
1.0 87.0
92.0 230.0
88.0 36.0
243.0 167.0
246.0 52.0
160.0 170.0
75.0 195.0
41.0 46.0
99.0 246.0
169.0 165.0
7.0 137.0
104.0 192.0
29.0 145.0
122.0 116.0
245.0 118.0
146.0 21.0
31.0 98.0
231.0 93.0
57.0 238.0
229.0 198.0
154.0 1.0
61.0 140.0
122.0 162.0
97.0 62.0
135.0 224.0
206.0 232.0
211.0 154.0
89.0 28.0
27.0 157.0
99.0 17.0
166.0 41.0
15.0 63.0
196.0 1.0
108.0 204.0
62.0 245.0
110.0 146.0
47.0 187.0
11.0 227.0
165.0 236.0
201.0 55.0
122.0 35.0
0.0 75.0
71.0 58.0
205.0 128.0
185.0 42.0
86.0 137.0
142.0 34.0
82.0 108.0
170.0 160.0
8.0 205.0
124.0 25.0
127.0 211.0
120.0 205.0
55.0 11.0
64.0 138.0
213.0 32.0
239.0 250.0
151.0 156.0
152.0 226.0
123.0 161.0
184.0 155.0
80.0 78.0
120.0 86.0
89.0 152.0
222.0 84.0
241.0 168.0
62.0 213.0
159.0 197.0
126.0 148.0
46.0 162.0
60.0 232.0
28.0 143.0
180.0 41.0
84.0 195.0
234.0 151.0
201.0 232.0
184.0 56.0
184.0 122.0
98.0 39.0
110.0 170.0
64.0 89.0
0.0 3.0
83.0 18.0
68.0 174.0
223.0 21.0
239.0 110.0
125.0 189.0
180.0 101.0
12.0 97.0
157.0 85.0
170.0 116.0
85.0 44.0
180.0 172.0
209.0 137.0
235.0 247.0
161.0 25.0
202.0 210.0
210.0 129.0
144.0 145.0
58.0 146.0
79.0 152.0
146.0 203.0
66.0 149.0
189.0 87.0
20.0 32.0
10.0 58.0
231.0 98.0
58.0 65.0
101.0 212.0
20.0 244.0
198.0 241.0
45.0 135.0
40.0 121.0
125.0 129.0
47.0 203.0
19.0 211.0
221.0 110.0
140.0 128.0
124.0 138.0
166.0 173.0
65.0 54.0
167.0 94.0
214.0 191.0
145.0 191.0
159.0 81.0
145.0 233.0
17.0 144.0
205.0 139.0
233.0 44.0
188.0 174.0
45.0 120.0
133.0 229.0
137.0 114.0
52.0 68.0
77.0 230.0
163.0 231.0
181.0 128.0
136.0 92.0
38.0 14.0
211.0 160.0
206.0 44.0
120.0 224.0
180.0 83.0
77.0 57.0
31.0 163.0
125.0 179.0
188.0 60.0
227.0 231.0
130.0 204.0
24.0 121.0
92.0 210.0
26.0 95.0
177.0 138.0
15.0 27.0
101.0 127.0
66.0 216.0
83.0 141.0
94.0 82.0
244.0 108.0
192.0 208.0
141.0 43.0
54.0 222.0
181.0 85.0
118.0 90.0
165.0 148.0
114.0 211.0
74.0 243.0
244.0 233.0
241.0 55.0
87.0 120.0
126.0 196.0
64.0 23.0
220.0 99.0
182.0 83.0
178.0 99.0
25.0 121.0
71.0 37.0
76.0 206.0
232.0 66.0
223.0 178.0
226.0 110.0
141.0 4.0
22.0 31.0
55.0 151.0
40.0 97.0
178.0 247.0
17.0 156.0
208.0 79.0
239.0 248.0
61.0 75.0
221.0 186.0
98.0 199.0
232.0 207.0
140.0 23.0
152.0 106.0
153.0 35.0
162.0 64.0
43.0 72.0
126.0 233.0
41.0 68.0
70.0 145.0
4.0 107.0
208.0 125.0
245.0 130.0
57.0 183.0
78.0 143.0
228.0 160.0
82.0 136.0
46.0 234.0
131.0 219.0
212.0 192.0
70.0 29.0
43.0 207.0
225.0 57.0
121.0 128.0
236.0 68.0
11.0 157.0
25.0 134.0
16.0 69.0
24.0 86.0
234.0 182.0
97.0 26.0
26.0 139.0
149.0 80.0
38.0 80.0
233.0 158.0
237.0 121.0
36.0 26.0
9.0 124.0
162.0 83.0
137.0 24.0
224.0 26.0
77.0 83.0
46.0 162.0
242.0 214.0
97.0 181.0
78.0 114.0
104.0 26.0
14.0 230.0
69.0 44.0
195.0 159.0
22.0 185.0
215.0 155.0
114.0 47.0
124.0 200.0
249.0 172.0
54.0 180.0
242.0 13.0
115.0 26.0
66.0 89.0
22.0 214.0
65.0 141.0
246.0 110.0
54.0 176.0
14.0 193.0
70.0 74.0
67.0 245.0
74.0 40.0
145.0 190.0
222.0 187.0
224.0 36.0
154.0 159.0
100.0 213.0
29.0 214.0
211.0 159.0
136.0 39.0
178.0 59.0
186.0 97.0
93.0 221.0
227.0 152.0
122.0 107.0
181.0 162.0
112.0 138.0
61.0 24.0
137.0 168.0
233.0 28.0
23.0 114.0
168.0 103.0
204.0 18.0
182.0 93.0
38.0 139.0
204.0 30.0
74.0 247.0
223.0 245.0
25.0 86.0
78.0 190.0
62.0 35.0
91.0 157.0
57.0 79.0
108.0 162.0
17.0 241.0
75.0 51.0
209.0 209.0
61.0 205.0
95.0 177.0
4.0 54.0
211.0 19.0
218.0 135.0
211.0 190.0
47.0 19.0
104.0 94.0
89.0 245.0
35.0 183.0
242.0 185.0
242.0 162.0
141.0 117.0
177.0 187.0
87.0 53.0
50.0 51.0
176.0 217.0
160.0 125.0
106.0 107.0
136.0 163.0
231.0 146.0
82.0 134.0
238.0 246.0
143.0 49.0
118.0 159.0
73.0 70.0
190.0 57.0
225.0 0.0
237.0 101.0
175.0 72.0
116.0 59.0
246.0 247.0
38.0 113.0
38.0 66.0
11.0 32.0
109.0 161.0
250.0 240.0
27.0 69.0
186.0 64.0
64.0 84.0
4.0 74.0
137.0 187.0
199.0 188.0
133.0 140.0
231.0 46.0
91.0 166.0
120.0 238.0
27.0 185.0
200.0 244.0
228.0 135.0
2.0 44.0
176.0 244.0
85.0 142.0
75.0 146.0
194.0 87.0
244.0 74.0
167.0 97.0
224.0 164.0
98.0 6.0
13.0 221.0
63.0 12.0
123.0 104.0
21.0 64.0
7.0 205.0
99.0 12.0
184.0 60.0
227.0 202.0
225.0 192.0
207.0 39.0
57.0 90.0
78.0 67.0
120.0 52.0
210.0 213.0
212.0 185.0
129.0 123.0
185.0 147.0
131.0 103.0
192.0 53.0
56.0 233.0
33.0 11.0
154.0 26.0
173.0 82.0
48.0 82.0

125.0 66.0
79.0 211.0
185.0 138.0
202.0 64.0
26.0 223.0
214.0 255.0
119.0 143.0
194.0 196.0
216.0 157.0
41.0 108.0
179.0 206.0
13.0 196.0
144.0 123.0
84.0 162.0
81.0 241.0
123.0 240.0
155.0 120.0
206.0 45.0
146.0 198.0
159.0 245.0
125.0 162.0
64.0 232.0
58.0 28.0
174.0 217.0
208.0 57.0
83.0 14.0
20.0 168.0
249.0 56.0
90.0 44.0
74.0 52.0
231.0 252.0
28.0 206.0
93.0 198.0
125.0 29.0
37.0 103.0
118.0 13.0
20.0 187.0
133.0 118.0
132.0 163.0
169.0 185.0
116.0 40.0
116.0 94.0
177.0 254.0
57.0 207.0
17.0 19.0
158.0 215.0
247.0 239.0
14.0 108.0
65.0 20.0
132.0 8.0
162.0 25.0
90.0 181.0
119.0 56.0
76.0 103.0
169.0 229.0
90.0 54.0
205.0 21.0
65.0 192.0
7.0 165.0
71.0 228.0
195.0 59.0
8.0 39.0
53.0 13.0
58.0 191.0
57.0 177.0
193.0 119.0
135.0 41.0
99.0 14.0
139.0 251.0
242.0 74.0
148.0 22.0
16.0 34.0
16.0 246.0
79.0 23.0
85.0 204.0
239.0 245.0
132.0 97.0
45.0 196.0
138.0 215.0
123.0 40.0
8.0 49.0
33.0 192.0
225.0 32.0
51.0 161.0
219.0 145.0
20.0 24.0
41.0 131.0
50.0 245.0
223.0 208.0
121.0 71.0
78.0 187.0
190.0 86.0
186.0 178.0
31.0 55.0
168.0 231.0
231.0 231.0
161.0 216.0
251.0 165.0
199.0 107.0
70.0 50.0
18.0 175.0
191.0 232.0
159.0 91.0
173.0 139.0
232.0 55.0
66.0 21.0
87.0 108.0
77.0 200.0
157.0 101.0
166.0 87.0
69.0 106.0
92.0 253.0
172.0 127.0
160.0 8.0
193.0 252.0
110.0 60.0
69.0 236.0
35.0 163.0
17.0 57.0
95.0 155.0
32.0 9.0
73.0 164.0
235.0 59.0
177.0 69.0
141.0 92.0
209.0 42.0
151.0 202.0
188.0 169.0
208.0 8.0
151.0 118.0
54.0 10.0
49.0 195.0
123.0 117.0
176.0 139.0
175.0 206.0
95.0 141.0
54.0 35.0
165.0 55.0
49.0 134.0
244.0 118.0
138.0 224.0
51.0 100.0
190.0 120.0
131.0 27.0
44.0 34.0
33.0 4.0
183.0 138.0
52.0 225.0
11.0 143.0
186.0 244.0
93.0 167.0
141.0 20.0
8.0 239.0
86.0 190.0
29.0 106.0
124.0 142.0
146.0 66.0
95.0 53.0
41.0 112.0
13.0 34.0
171.0 230.0
145.0 191.0
152.0 18.0
152.0 123.0
235.0 112.0
191.0 252.0
231.0 170.0
228.0 195.0
254.0 50.0
164.0 164.0
24.0 75.0
80.0 207.0
13.0 111.0
87.0 193.0
237.0 244.0
6.0 206.0
145.0 149.0
194.0 132.0
42.0 80.0
131.0 219.0
82.0 192.0
211.0 33.0
157.0 216.0
234.0 217.0
130.0 123.0
146.0 81.0
70.0 146.0
167.0 67.0
44.0 185.0
226.0 252.0
86.0 58.0
222.0 49.0
188.0 28.0
119.0 123.0
60.0 207.0
89.0 109.0
211.0 92.0
26.0 216.0
140.0 244.0
21.0 201.0
80.0 255.0
59.0 224.0
241.0 89.0
70.0 81.0
98.0 107.0
22.0 52.0
35.0 242.0
52.0 203.0
37.0 207.0
193.0 227.0
119.0 154.0
75.0 82.0
15.0 221.0
17.0 102.0
256.0 42.0
40.0 241.0
230.0 54.0
65.0 215.0
18.0 246.0
216.0 128.0
191.0 109.0
130.0 169.0
254.0 35.0
26.0 125.0
58.0 38.0
109.0 171.0
212.0 210.0
164.0 21.0
224.0 111.0
25.0 90.0
235.0 160.0
178.0 66.0
9.0 98.0
51.0 189.0
112.0 208.0
117.0 17.0
97.0 251.0
218.0 107.0
247.0 153.0
164.0 243.0
79.0 53.0
103.0 23.0
252.0 116.0
80.0 75.0
246.0 77.0
191.0 72.0
77.0 76.0
108.0 215.0
241.0 98.0
242.0 187.0
95.0 216.0
222.0 153.0
198.0 75.0
61.0 198.0
211.0 189.0
72.0 122.0
251.0 122.0
37.0 105.0
166.0 220.0
27.0 71.0
26.0 124.0
72.0 116.0
129.0 108.0
147.0 199.0
245.0 69.0
43.0 95.0
228.0 82.0
23.0 198.0
93.0 30.0
144.0 26.0
124.0 44.0
54.0 121.0
158.0 128.0
12.0 149.0
19.0 151.0
60.0 179.0
145.0 120.0
237.0 114.0
213.0 84.0
107.0 148.0
198.0 233.0
152.0 38.0
77.0 107.0
160.0 245.0
187.0 136.0
16.0 86.0
101.0 70.0
199.0 76.0
151.0 121.0
216.0 221.0
95.0 232.0
172.0 74.0
183.0 208.0
110.0 210.0
205.0 248.0
137.0 8.0
221.0 200.0
148.0 59.0
109.0 233.0
6.0 219.0
57.0 135.0
135.0 208.0
251.0 7.0
248.0 194.0
210.0 235.0
26.0 123.0
253.0 134.0
154.0 100.0
43.0 218.0
84.0 200.0
155.0 177.0
85.0 173.0
242.0 107.0
98.0 25.0
49.0 221.0
39.0 51.0
42.0 173.0
226.0 205.0
18.0 128.0
180.0 227.0
52.0 107.0
107.0 79.0
38.0 54.0
189.0 187.0
87.0 86.0
117.0 209.0
124.0 197.0
100.0 163.0
95.0 63.0
171.0 34.0
214.0 53.0
186.0 86.0
98.0 200.0
131.0 47.0
49.0 163.0
78.0 135.0
214.0 29.0
15.0 115.0
19.0 121.0
214.0 14.0
208.0 7.0
86.0 97.0
46.0 48.0
220.0 46.0
118.0 34.0
218.0 102.0
143.0 104.0
161.0 247.0
149.0 142.0
157.0 27.0
26.0 214.0
227.0 250.0
171.0 130.0
54.0 7.0
154.0 55.0
12.0 168.0
200.0 110.0
129.0 127.0
71.0 41.0
242.0 82.0
6.0 26.0
135.0 50.0
173.0 55.0
89.0 208.0
197.0 61.0
183.0 172.0
32.0 159.0
204.0 186.0
180.0 20.0
117.0 180.0
132.0 98.0
68.0 70.0
104.0 124.0
16.0 128.0
175.0 233.0
59.0 157.0
167.0 244.0
220.0 187.0
57.0 50.0
93.0 44.0
158.0 71.0
11.0 151.0
146.0 79.0
244.0 8.0
135.0 223.0
51.0 111.0
222.0 155.0
171.0 119.0
58.0 25.0
227.0 156.0
253.0 81.0
21.0 184.0
67.0 250.0
10.0 216.0
55.0 118.0
153.0 158.0
228.0 248.0
208.0 197.0
46.0 165.0
86.0 147.0
164.0 73.0
243.0 18.0
145.0 232.0
13.0 134.0
149.0 222.0
75.0 163.0
230.0 109.0
30.0 26.0
88.0 137.0
150.0 150.0
41.0 89.0
200.0 187.0
230.0 59.0
223.0 24.0
114.0 134.0
71.0 61.0
239.0 144.0
232.0 5.0
143.0 85.0
41.0 241.0
16.0 207.0
40.0 160.0
154.0 78.0
144.0 147.0
123.0 184.0
223.0 225.0
105.0 249.0
221.0 169.0
203.0 248.0
225.0 228.0
28.0 135.0
253.0 147.0
13.0 157.0
58.0 232.0
108.0 134.0
61.0 52.0
200.0 221.0
134.0 124.0
52.0 141.0
184.0 44.0
181.0 27.0
127.0 69.0
149.0 10.0
118.0 208.0
27.0 30.0
215.0 217.0
127.0 181.0
241.0 157.0
190.0 137.0
116.0 76.0
175.0 132.0
90.0 78.0
250.0 170.0
245.0 177.0
31.0 11.0
75.0 147.0
245.0 69.0
154.0 106.0
250.0 69.0
45.0 135.0
5.0 237.0
122.0 105.0
250.0 43.0
53.0 116.0
110.0 92.0
6.0 56.0
67.0 83.0
201.0 137.0
65.0 40.0
239.0 232.0
132.0 128.0
204.0 238.0
102.0 149.0
106.0 228.0
245.0 85.0
22.0 172.0
226.0 234.0
151.0 154.0
96.0 178.0
219.0 232.0
116.0 169.0
127.0 230.0
206.0 145.0
132.0 26.0
9.0 60.0
65.0 171.0
172.0 71.0
21.0 117.0
228.0 196.0
135.0 210.0
99.0 72.0
33.0 104.0
162.0 94.0
142.0 158.0
70.0 140.0
137.0 58.0
134.0 63.0
41.0 126.0
55.0 51.0
137.0 174.0
247.0 116.0
106.0 4.0
106.0 216.0
143.0 8.0
109.0 150.0
113.0 117.0
244.0 87.0
122.0 177.0
17.0 245.0
171.0 128.0
140.0 240.0
163.0 164.0
52.0 192.0
67.0 143.0
235.0 25.0
80.0 73.0
113.0 165.0
25.0 35.0
127.0 164.0
196.0 239.0
104.0 137.0
210.0 225.0
190.0 125.0
251.0 33.0
84.0 147.0
141.0 202.0
186.0 207.0
228.0 41.0
48.0 101.0
136.0 220.0
103.0 191.0
44.0 173.0
197.0 148.0
127.0 17.0
14.0 136.0
182.0 133.0
54.0 104.0
11.0 181.0
118.0 37.0
150.0 108.0
90.0 204.0
153.0 46.0
98.0 120.0
172.0 26.0
208.0 132.0
140.0 254.0
132.0 238.0
185.0 60.0
204.0 157.0
196.0 83.0
234.0 157.0
64.0 199.0
124.0 13.0
118.0 169.0
241.0 207.0
171.0 47.0
59.0 172.0
87.0 39.0
129.0 52.0
110.0 201.0
110.0 93.0
32.0 11.0
236.0 86.0
70.0 111.0
59.0 92.0
115.0 140.0
46.0 207.0
131.0 24.0
154.0 239.0
241.0 74.0
149.0 197.0
132.0 130.0
150.0 82.0
215.0 171.0
9.0 240.0
28.0 75.0
199.0 153.0
187.0 29.0
138.0 50.0
46.0 170.0
248.0 91.0
199.0 52.0
99.0 140.0
89.0 193.0
18.0 238.0
57.0 145.0
159.0 174.0
176.0 172.0
16.0 143.0
54.0 214.0
24.0 254.0
129.0 236.0
117.0 30.0
235.0 59.0
218.0 253.0
81.0 193.0
178.0 169.0
59.0 43.0
36.0 90.0
172.0 214.0
222.0 210.0
67.0 156.0
172.0 73.0
118.0 199.0
156.0 166.0
210.0 131.0
136.0 160.0
203.0 15.0
66.0 143.0
188.0 201.0
109.0 41.0
111.0 184.0
25.0 159.0
198.0 109.0
99.0 154.0
237.0 162.0
252.0 15.0
182.0 79.0
23.0 254.0
53.0 97.0
14.0 231.0
232.0 252.0
76.0 175.0
200.0 159.0
157.0 17.0
20.0 79.0
60.0 144.0
158.0 89.0
89.0 110.0
120.0 195.0
227.0 32.0
116.0 117.0
175.0 85.0
88.0 238.0
77.0 173.0
197.0 49.0
83.0 79.0
218.0 172.0
198.0 97.0
111.0 234.0
8.0 218.0
24.0 12.0
20.0 95.0
164.0 228.0
143.0 197.0
164.0 94.0
148.0 215.0
224.0 55.0
6.0 93.0
98.0 236.0
94.0 41.0
248.0 172.0
251.0 57.0
166.0 175.0
79.0 201.0
45.0 51.0
104.0 251.0
174.0 170.0
12.0 142.0
109.0 198.0
33.0 149.0
128.0 122.0
251.0 124.0
151.0 26.0
37.0 102.0
237.0 99.0
63.0 244.0
234.0 202.0
159.0 6.0
67.0 144.0
127.0 166.0
102.0 68.0
140.0 228.0
211.0 237.0
217.0 160.0
93.0 32.0
33.0 162.0
104.0 21.0
171.0 47.0
20.0 69.0
200.0 5.0
113.0 210.0
67.0 249.0
115.0 152.0
52.0 193.0
17.0 232.0
171.0 241.0
205.0 60.0
128.0 40.0
5.0 79.0
76.0 63.0
211.0 132.0
190.0 46.0
90.0 143.0
147.0 39.0
87.0 113.0
175.0 164.0
12.0 210.0
130.0 30.0
131.0 217.0
126.0 209.0
60.0 15.0
70.0 143.0
217.0 37.0
243.0 254.0
155.0 161.0
157.0 231.0
127.0 166.0
189.0 161.0
86.0 82.0
126.0 92.0
93.0 157.0
227.0 90.0
246.0 173.0
68.0 218.0
164.0 202.0
131.0 152.0
51.0 168.0
65.0 236.0
32.0 147.0
184.0 46.0
89.0 199.0
240.0 155.0
206.0 237.0
188.0 62.0
190.0 127.0
104.0 44.0
115.0 175.0
68.0 93.0
5.0 9.0
87.0 23.0
73.0 178.0
228.0 27.0
245.0 115.0
130.0 194.0
185.0 106.0
17.0 102.0
162.0 90.0
175.0 122.0
90.0 50.0
186.0 178.0
214.0 142.0
240.0 252.0
166.0 30.0
207.0 215.0
215.0 134.0
150.0 149.0
62.0 151.0
84.0 157.0
150.0 208.0
70.0 155.0
194.0 92.0
24.0 36.0
15.0 62.0
236.0 103.0
63.0 71.0
106.0 218.0
25.0 250.0
204.0 245.0
50.0 139.0
45.0 127.0
131.0 134.0
51.0 208.0
24.0 216.0
227.0 116.0
145.0 132.0
129.0 142.0
170.0 178.0
69.0 59.0
171.0 99.0
219.0 195.0
151.0 196.0
165.0 87.0
150.0 237.0
22.0 148.0
210.0 143.0
238.0 48.0
194.0 179.0
50.0 125.0
138.0 234.0
142.0 119.0
57.0 74.0
82.0 235.0
168.0 237.0
187.0 132.0
141.0 96.0
44.0 18.0
217.0 166.0
211.0 50.0
126.0 229.0
185.0 87.0
83.0 61.0
36.0 168.0
131.0 184.0
193.0 66.0
233.0 236.0
136.0 210.0
29.0 127.0
96.0 215.0
30.0 100.0
182.0 143.0
19.0 31.0
106.0 132.0
70.0 222.0
89.0 147.0
99.0 88.0
248.0 113.0
197.0 213.0
146.0 48.0
59.0 226.0
186.0 89.0
124.0 96.0
171.0 153.0
119.0 217.0
80.0 247.0
249.0 237.0
246.0 61.0
92.0 124.0
132.0 202.0
69.0 28.0
225.0 104.0
187.0 88.0
182.0 105.0
30.0 127.0
76.0 41.0
80.0 212.0
236.0 70.0
228.0 184.0
231.0 116.0
146.0 8.0
26.0 36.0
60.0 156.0
45.0 102.0
183.0 252.0
22.0 161.0
213.0 84.0
245.0 253.0
66.0 79.0
225.0 192.0
102.0 204.0
236.0 213.0
146.0 27.0
156.0 111.0
159.0 40.0
166.0 70.0
49.0 78.0
130.0 238.0
45.0 73.0
75.0 150.0
8.0 113.0
213.0 130.0
250.0 136.0
62.0 189.0
82.0 149.0
233.0 165.0
88.0 140.0
52.0 240.0
136.0 223.0
217.0 198.0
75.0 33.0
47.0 213.0
230.0 61.0
127.0 132.0
242.0 73.0
16.0 163.0
31.0 139.0
21.0 75.0
30.0 91.0
239.0 187.0
102.0 32.0
32.0 143.0
154.0 85.0
42.0 85.0
239.0 163.0
241.0 126.0
41.0 32.0
14.0 128.0
167.0 88.0
142.0 29.0
229.0 31.0
83.0 88.0
51.0 167.0
247.0 219.0
102.0 186.0
83.0 120.0
109.0 31.0
18.0 235.0
74.0 49.0
200.0 164.0
27.0 191.0
221.0 160.0
119.0 52.0
130.0 205.0
255.0 177.0
58.0 185.0
247.0 18.0
120.0 31.0
72.0 94.0
28.0 218.0
71.0 146.0
251.0 116.0
59.0 181.0
20.0 198.0
75.0 78.0
71.0 250.0
79.0 44.0
151.0 195.0
226.0 191.0
229.0 41.0
158.0 164.0
106.0 217.0
34.0 219.0
217.0 164.0
141.0 44.0
183.0 63.0
191.0 102.0
98.0 226.0
233.0 157.0
126.0 111.0
186.0 166.0
116.0 143.0
65.0 29.0
142.0 173.0
237.0 32.0
28.0 120.0
173.0 108.0
209.0 23.0
188.0 97.0
44.0 144.0
210.0 35.0
78.0 251.0
228.0 251.0
30.0 91.0
82.0 195.0
67.0 40.0
96.0 161.0
62.0 85.0
113.0 167.0
21.0 247.0
79.0 57.0
214.0 214.0
65.0 210.0
100.0 183.0
9.0 59.0
215.0 25.0
223.0 141.0
216.0 194.0
52.0 24.0
109.0 100.0
94.0 250.0
39.0 188.0
247.0 190.0
247.0 166.0
145.0 122.0
182.0 192.0
92.0 58.0
54.0 56.0
181.0 222.0
166.0 131.0
111.0 112.0
141.0 169.0
235.0 151.0
86.0 140.0
243.0 251.0
147.0 54.0
123.0 164.0
78.0 74.0
196.0 62.0
229.0 6.0
242.0 106.0
181.0 78.0
122.0 63.0
252.0 252.0
43.0 119.0
42.0 71.0
16.0 38.0
115.0 165.0
254.0 246.0
31.0 75.0
190.0 70.0
68.0 88.0
9.0 78.0
143.0 192.0
203.0 193.0
138.0 145.0
237.0 51.0
97.0 171.0
124.0 244.0
31.0 190.0
206.0 249.0
233.0 140.0
7.0 49.0
181.0 250.0
90.0 148.0
79.0 151.0
198.0 91.0
248.0 80.0
172.0 102.0
229.0 170.0
103.0 10.0
18.0 226.0
68.0 18.0
128.0 109.0
26.0 68.0
13.0 209.0
104.0 17.0
189.0 66.0
231.0 207.0
230.0 197.0
213.0 45.0
62.0 95.0
83.0 72.0
125.0 57.0
215.0 217.0
217.0 191.0
133.0 129.0
191.0 152.0
136.0 107.0
196.0 57.0
60.0 239.0
38.0 17.0
159.0 32.0
177.0 86.0
53.0 88.0
