1
1024 1 3.0 0.0 1000.0 3 160 240 100

6.5 13.5 29.3 58.5
13.0 27.0 58.5 117.0
19.5 40.5 87.8 175.5
26.0 54.0 117.0 234.0
39.0 81.0 175.5 351.0
52.0 108.0 234.0 468.0
58.5 121.5 263.3 526.5
65.0 135.0 292.5 585.0
78.0 162.0 351.0 702.0
0.0 180.0 390.0 780.0

2.0 5.0 8.0 11.0
5.0 8.0 11.0 14.0
9.0 12.0 15.0 18.0
11.0 14.0 17.0 20.0
15.0 18.0 21.0 24.0
18.0 21.0 24.0 27.0
20.0 23.0 26.0 29.0
25.0 28.0 31.0 34.0
29.0 32.0 35.0 38.0
0.0 34.0 37.0 40.0

215.0 58.0
46.0 235.0
87.0 52.0
95.0 67.0
204.0 218.0
211.0 17.0
65.0 246.0
99.0 153.0
11.0 233.0
203.0 247.0
17.0 26.0
197.0 17.0
53.0 226.0
48.0 226.0
100.0 164.0
146.0 48.0
221.0 173.0
65.0 234.0
165.0 88.0
75.0 120.0
17.0 181.0
80.0 126.0
248.0 79.0
249.0 181.0
60.0 10.0
137.0 75.0
243.0 31.0
159.0 64.0
79.0 223.0
128.0 98.0
123.0 137.0
74.0 129.0
22.0 76.0
177.0 233.0
88.0 146.0
173.0 133.0
148.0 32.0
175.0 244.0
16.0 44.0
144.0 179.0
240.0 27.0
90.0 230.0
90.0 50.0
103.0 137.0
58.0 99.0
165.0 16.0
228.0 48.0
230.0 158.0
148.0 25.0
139.0 186.0
189.0 72.0
235.0 146.0
151.0 71.0
117.0 160.0
228.0 233.0
31.0 81.0
215.0 240.0
206.0 163.0
184.0 201.0
247.0 48.0
157.0 151.0
48.0 223.0
113.0 124.0
185.0 111.0
233.0 154.0
127.0 80.0
103.0 105.0
126.0 158.0
147.0 71.0
215.0 115.0
136.0 111.0
80.0 75.0
176.0 187.0
90.0 187.0
134.0 200.0
131.0 149.0
38.0 111.0
158.0 245.0
46.0 174.0
232.0 51.0
116.0 132.0
83.0 98.0
122.0 43.0
86.0 40.0
175.0 199.0
71.0 210.0
236.0 181.0
231.0 10.0
199.0 150.0
170.0 145.0
129.0 30.0
219.0 248.0
207.0 59.0
219.0 51.0
212.0 247.0
239.0 31.0
192.0 82.0
66.0 34.0
47.0 158.0
79.0 201.0
44.0 178.0
181.0 72.0
117.0 147.0
54.0 65.0
88.0 71.0
38.0 74.0
40.0 103.0
2.0 20.0
114.0 87.0
148.0 219.0
70.0 53.0
247.0 20.0
19.0 243.0
106.0 207.0
34.0 105.0
147.0 2.0
186.0 199.0
36.0 22.0
68.0 76.0
93.0 159.0
237.0 212.0
61.0 115.0
26.0 173.0
96.0 176.0
9.0 215.0
160.0 101.0
200.0 123.0
79.0 57.0
160.0 133.0
52.0 124.0
204.0 93.0
8.0 168.0
5.0 87.0
224.0 233.0
173.0 66.0
220.0 121.0
222.0 77.0
225.0 181.0
130.0 5.0
96.0 124.0
38.0 51.0
117.0 234.0
155.0 223.0
184.0 173.0
43.0 214.0
180.0 143.0
237.0 43.0
159.0 205.0
230.0 214.0
30.0 148.0
170.0 156.0
237.0 98.0
158.0 66.0
241.0 121.0
133.0 33.0
178.0 133.0
101.0 210.0
128.0 5.0
66.0 22.0
242.0 49.0
59.0 57.0
37.0 143.0
227.0 7.0
229.0 61.0
16.0 164.0
40.0 140.0
44.0 246.0
228.0 222.0
51.0 146.0
145.0 130.0
156.0 27.0
199.0 247.0
197.0 224.0
155.0 69.0
241.0 1.0
15.0 184.0
165.0 4.0
47.0 180.0
34.0 76.0
79.0 44.0
46.0 147.0
241.0 183.0
137.0 3.0
159.0 24.0
144.0 16.0
149.0 169.0
10.0 7.0
51.0 201.0
31.0 208.0
113.0 7.0
15.0 118.0
199.0 57.0
232.0 85.0
112.0 158.0
135.0 52.0
154.0 230.0
134.0 163.0
124.0 10.0
243.0 30.0
231.0 98.0
27.0 13.0
246.0 123.0
50.0 156.0
7.0 82.0
113.0 26.0
217.0 244.0
106.0 226.0
27.0 42.0
151.0 178.0
214.0 236.0
226.0 105.0
87.0 135.0
73.0 165.0
34.0 29.0
214.0 33.0
231.0 14.0
229.0 36.0
55.0 220.0
25.0 236.0
80.0 247.0
108.0 200.0
92.0 212.0
212.0 232.0
114.0 72.0
182.0 177.0
14.0 1.0
70.0 191.0
43.0 122.0
240.0 223.0
21.0 236.0
60.0 226.0
134.0 233.0
79.0 202.0
181.0 192.0
178.0 0.0
120.0 233.0
190.0 77.0
115.0 15.0
116.0 17.0
69.0 53.0
57.0 154.0
205.0 123.0
104.0 214.0
81.0 67.0
195.0 192.0
194.0 132.0
47.0 4.0
203.0 22.0
50.0 16.0
59.0 191.0
100.0 108.0
166.0 174.0
145.0 245.0
27.0 91.0
35.0 91.0
86.0 26.0
81.0 23.0
117.0 25.0
37.0 193.0
248.0 28.0
34.0 121.0
71.0 135.0
57.0 103.0
93.0 115.0
116.0 32.0
58.0 203.0
83.0 40.0
49.0 213.0
219.0 194.0
24.0 127.0
223.0 18.0
55.0 86.0
232.0 206.0
63.0 45.0
204.0 171.0
181.0 152.0
242.0 168.0
182.0 242.0
180.0 13.0
200.0 130.0
98.0 15.0
87.0 208.0
217.0 8.0
241.0 167.0
219.0 230.0
117.0 224.0
73.0 71.0
156.0 41.0
14.0 44.0
192.0 100.0
164.0 135.0
215.0 91.0
39.0 17.0
166.0 199.0
73.0 146.0
14.0 233.0
21.0 112.0
189.0 101.0
243.0 124.0
209.0 193.0
121.0 142.0
228.0 60.0
216.0 151.0
213.0 79.0
61.0 213.0
94.0 102.0
55.0 175.0
226.0 170.0
240.0 39.0
128.0 158.0
57.0 247.0
222.0 50.0
214.0 8.0
148.0 101.0
158.0 63.0
18.0 198.0
164.0 113.0
44.0 55.0
128.0 200.0
50.0 180.0
234.0 138.0
148.0 117.0
194.0 152.0
239.0 47.0
99.0 208.0
241.0 96.0
221.0 56.0
56.0 81.0
158.0 95.0
89.0 165.0
63.0 224.0
176.0 6.0
205.0 136.0
121.0 35.0
223.0 114.0
84.0 32.0
223.0 157.0
124.0 37.0
179.0 110.0
25.0 127.0
165.0 15.0
90.0 228.0
21.0 228.0
148.0 119.0
94.0 136.0
79.0 155.0
16.0 147.0
244.0 22.0
72.0 177.0
229.0 142.0
214.0 158.0
186.0 196.0
155.0 185.0
37.0 235.0
240.0 188.0
207.0 229.0
130.0 129.0
33.0 169.0
137.0 244.0
128.0 156.0
118.0 176.0
230.0 2.0
132.0 178.0
180.0 143.0
162.0 88.0
210.0 7.0
207.0 131.0
23.0 15.0
186.0 128.0
245.0 236.0
92.0 40.0
106.0 249.0
185.0 66.0
46.0 102.0
67.0 72.0
230.0 55.0
36.0 209.0
47.0 115.0
188.0 129.0
198.0 178.0
46.0 26.0
76.0 154.0
57.0 28.0
169.0 34.0
110.0 45.0
53.0 129.0
34.0 243.0
100.0 70.0
118.0 99.0
77.0 186.0
235.0 88.0
140.0 208.0
218.0 91.0
35.0 52.0
219.0 197.0
112.0 4.0
67.0 111.0
112.0 171.0
219.0 204.0
199.0 160.0
207.0 66.0
65.0 231.0
53.0 215.0
219.0 234.0
168.0 174.0
147.0 227.0
88.0 232.0
99.0 203.0
192.0 203.0
46.0 180.0
125.0 125.0
192.0 240.0
196.0 92.0
225.0 122.0
96.0 41.0
44.0 79.0
96.0 55.0
33.0 248.0
175.0 126.0
248.0 97.0
123.0 73.0
203.0 89.0
200.0 179.0
4.0 238.0
5.0 119.0
133.0 88.0
22.0 114.0
17.0 150.0
130.0 13.0
52.0 209.0
147.0 109.0
93.0 167.0
85.0 21.0
210.0 195.0
65.0 65.0
81.0 2.0
177.0 80.0
218.0 104.0
125.0 249.0
11.0 36.0
65.0 14.0
152.0 5.0
88.0 243.0
71.0 67.0
144.0 125.0
53.0 190.0
232.0 82.0
44.0 156.0
25.0 35.0
203.0 55.0
131.0 204.0
72.0 185.0
25.0 143.0
43.0 245.0
245.0 73.0
133.0 4.0
2.0 82.0
109.0 210.0
172.0 128.0
100.0 50.0
193.0 53.0
118.0 40.0
217.0 151.0
3.0 50.0
159.0 144.0
72.0 197.0
124.0 206.0
133.0 196.0
221.0 38.0
8.0 32.0
123.0 6.0
98.0 155.0
12.0 201.0
19.0 202.0
141.0 89.0
210.0 52.0
17.0 203.0
170.0 116.0
76.0 189.0
89.0 33.0
225.0 33.0
184.0 35.0
239.0 150.0
90.0 56.0
25.0 36.0
25.0 198.0
105.0 40.0
192.0 15.0
213.0 94.0
0.0 104.0
231.0 62.0
222.0 82.0
236.0 187.0
9.0 71.0
241.0 162.0
37.0 139.0
58.0 192.0
61.0 198.0
219.0 185.0
32.0 179.0
7.0 62.0
187.0 108.0
172.0 221.0
118.0 41.0
243.0 244.0
131.0 89.0
154.0 14.0
19.0 121.0
205.0 225.0
174.0 19.0
204.0 49.0
42.0 165.0
189.0 77.0
236.0 190.0
204.0 198.0
164.0 28.0
148.0 115.0
124.0 166.0
40.0 62.0
94.0 33.0
115.0 59.0
49.0 34.0
191.0 108.0
153.0 35.0
118.0 71.0
34.0 196.0
119.0 249.0
119.0 81.0
201.0 27.0
101.0 55.0
84.0 230.0
158.0 37.0
188.0 177.0
100.0 233.0
14.0 206.0
206.0 51.0
68.0 37.0
51.0 191.0
53.0 115.0
190.0 238.0
105.0 165.0
147.0 130.0
153.0 1.0
200.0 200.0
75.0 175.0
13.0 42.0
99.0 138.0
3.0 18.0
236.0 130.0
116.0 41.0
87.0 89.0
8.0 75.0
167.0 177.0
200.0 97.0
226.0 78.0
68.0 107.0
86.0 58.0
110.0 48.0
88.0 45.0
236.0 88.0
47.0 115.0
137.0 17.0
193.0 6.0
109.0 79.0
113.0 169.0
13.0 106.0
42.0 108.0
124.0 171.0
154.0 144.0
172.0 239.0
72.0 231.0
196.0 147.0
122.0 68.0
159.0 45.0
171.0 37.0
51.0 228.0
206.0 64.0
59.0 131.0
115.0 67.0
158.0 37.0
208.0 216.0
73.0 141.0
55.0 31.0
101.0 158.0
53.0 186.0
107.0 220.0
188.0 156.0
53.0 155.0
19.0 200.0
19.0 246.0
221.0 212.0
190.0 187.0
96.0 27.0
128.0 228.0
18.0 108.0
204.0 83.0
78.0 84.0
117.0 225.0
46.0 165.0
9.0 15.0
18.0 45.0
214.0 170.0
249.0 201.0
44.0 130.0
173.0 56.0
12.0 220.0
221.0 50.0
23.0 26.0
71.0 211.0
63.0 15.0
63.0 142.0
26.0 195.0
51.0 144.0
115.0 210.0
29.0 16.0
42.0 54.0
186.0 121.0
123.0 162.0
114.0 144.0
98.0 195.0
181.0 249.0
151.0 146.0
180.0 187.0
95.0 220.0
140.0 188.0
51.0 224.0
20.0 65.0
231.0 52.0
76.0 233.0
26.0 141.0
216.0 205.0
123.0 76.0
30.0 137.0
230.0 127.0
177.0 106.0
22.0 2.0
182.0 71.0
247.0 225.0
226.0 83.0
230.0 65.0
74.0 63.0
102.0 23.0
121.0 76.0
101.0 199.0
74.0 72.0
161.0 165.0
118.0 132.0
2.0 40.0
208.0 55.0
57.0 14.0
218.0 215.0
102.0 153.0
219.0 153.0
7.0 94.0
213.0 184.0
130.0 98.0
7.0 131.0
148.0 186.0
157.0 87.0
200.0 210.0
44.0 182.0
26.0 202.0
144.0 142.0
107.0 224.0
164.0 235.0
99.0 210.0
7.0 23.0
203.0 111.0
82.0 131.0
138.0 242.0
71.0 84.0
227.0 5.0
34.0 47.0
146.0 2.0
86.0 140.0
220.0 102.0
159.0 43.0
178.0 100.0
206.0 185.0
151.0 143.0
235.0 105.0
175.0 198.0
149.0 165.0
122.0 115.0
165.0 60.0
198.0 172.0
156.0 194.0
36.0 43.0
68.0 239.0
180.0 190.0
129.0 70.0
88.0 2.0
120.0 13.0
77.0 58.0
69.0 232.0
226.0 208.0
246.0 71.0
32.0 225.0
194.0 26.0
190.0 92.0
65.0 77.0
197.0 66.0
104.0 150.0
5.0 197.0
187.0 70.0
60.0 66.0
124.0 166.0
64.0 55.0
8.0 237.0
182.0 33.0
202.0 192.0
162.0 145.0
116.0 181.0
194.0 215.0
234.0 156.0
122.0 75.0
185.0 66.0
197.0 199.0
181.0 233.0
119.0 97.0
236.0 4.0
175.0 203.0
128.0 90.0
94.0 94.0
134.0 66.0
60.0 158.0
131.0 70.0
123.0 155.0
205.0 43.0
67.0 184.0
2.0 183.0
120.0 113.0
83.0 72.0
169.0 104.0
135.0 29.0
248.0 183.0
181.0 18.0
96.0 100.0
17.0 39.0
161.0 53.0
144.0 219.0
234.0 156.0
39.0 136.0
210.0 80.0
173.0 234.0
37.0 152.0
230.0 225.0
223.0 188.0
78.0 216.0
87.0 233.0
48.0 96.0
250.0 115.0
210.0 19.0
176.0 89.0
91.0 158.0
137.0 128.0
116.0 194.0
34.0 2.0
120.0 88.0
65.0 69.0
72.0 218.0
74.0 56.0
247.0 57.0
161.0 127.0
97.0 105.0
36.0 126.0
186.0 124.0
74.0 194.0
82.0 6.0
151.0 6.0
169.0 205.0
134.0 193.0
164.0 189.0
197.0 88.0
175.0 214.0
220.0 237.0
208.0 8.0
81.0 172.0
79.0 24.0
204.0 17.0
29.0 2.0
61.0 69.0
103.0 103.0
110.0 19.0
232.0 235.0
244.0 103.0
198.0 216.0
106.0 214.0
40.0 9.0
225.0 139.0
223.0 59.0
198.0 84.0
232.0 80.0
249.0 17.0
54.0 207.0
15.0 121.0
76.0 236.0
16.0 13.0
242.0 236.0
42.0 155.0
121.0 131.0
13.0 208.0
100.0 167.0
200.0 164.0
235.0 235.0
229.0 123.0
93.0 87.0
118.0 156.0
1.0 38.0
156.0 22.0
150.0 81.0
0.0 36.0
104.0 117.0
172.0 238.0
32.0 101.0
198.0 46.0
85.0 205.0
206.0 145.0
124.0 140.0
108.0 185.0
79.0 136.0
36.0 168.0
31.0 95.0
42.0 212.0
172.0 29.0
120.0 196.0
102.0 187.0
165.0 116.0
248.0 100.0
63.0 12.0
248.0 69.0
151.0 179.0
192.0 217.0
111.0 144.0
199.0 236.0
170.0 4.0
95.0 81.0
38.0 228.0
50.0 129.0
81.0 132.0
59.0 153.0
48.0 32.0
245.0 41.0
207.0 127.0
7.0 200.0
87.0 11.0
105.0 214.0
73.0 248.0
90.0 89.0
158.0 9.0
34.0 239.0
223.0 97.0
99.0 209.0
42.0 241.0
32.0 145.0
244.0 91.0
232.0 133.0
43.0 181.0
126.0 48.0
127.0 168.0
101.0 154.0
114.0 230.0
114.0 229.0
86.0 70.0
108.0 69.0
18.0 26.0
222.0 31.0
203.0 99.0
54.0 86.0
128.0 47.0
78.0 178.0
39.0 213.0
118.0 224.0
248.0 110.0
96.0 169.0
75.0 81.0
72.0 89.0
80.0 146.0
181.0 92.0
111.0 245.0
110.0 150.0
210.0 132.0
89.0 4.0
248.0 226.0
167.0 124.0
242.0 55.0
112.0 1.0
76.0 240.0
105.0 128.0
205.0 17.0
169.0 84.0
202.0 118.0
133.0 181.0
94.0 136.0
210.0 224.0
223.0 74.0
94.0 224.0
196.0 80.0
47.0 228.0
49.0 181.0
244.0 245.0
54.0 149.0
233.0 39.0
171.0 197.0
140.0 161.0
200.0 247.0
116.0 103.0
13.0 101.0
20.0 73.0
36.0 137.0
204.0 162.0
250.0 220.0
47.0 6.0
240.0 97.0
194.0 110.0
202.0 72.0
43.0 39.0
57.0 111.0
61.0 40.0
190.0 54.0
86.0 166.0
120.0 204.0
77.0 85.0
218.0 91.0
97.0 36.0
163.0 62.0
119.0 213.0
125.0 125.0
42.0 195.0
2.0 54.0
167.0 62.0
58.0 77.0
119.0 188.0
168.0 27.0
96.0 229.0
159.0 140.0
67.0 172.0
52.0 15.0
150.0 99.0
86.0 47.0
205.0 136.0
203.0 216.0
209.0 127.0
240.0 173.0
94.0 132.0
144.0 127.0
244.0 164.0
74.0 106.0
184.0 122.0
81.0 208.0
65.0 230.0
109.0 58.0
74.0 66.0
133.0 197.0
3.0 88.0
41.0 246.0
10.0 146.0
216.0 205.0
135.0 5.0
45.0 102.0
9.0 226.0
182.0 213.0
194.0 76.0
169.0 214.0
203.0 184.0
118.0 100.0
25.0 228.0
184.0 99.0
65.0 2.0
157.0 68.0
222.0 34.0
19.0 189.0
114.0 212.0
187.0 105.0
64.0 217.0
149.0 170.0
235.0 105.0
84.0 93.0
130.0 205.0
71.0 20.0
246.0 50.0
81.0 197.0
212.0 129.0
237.0 154.0
69.0 66.0
169.0 160.0
158.0 123.0
67.0 26.0
145.0 15.0
135.0 122.0
18.0 63.0
174.0 70.0
217.0 41.0
125.0 93.0
110.0 119.0
171.0 114.0
92.0 136.0
103.0 210.0
148.0 231.0
182.0 133.0
33.0 191.0
72.0 139.0
38.0 156.0
193.0 207.0
119.0 184.0
206.0 10.0
227.0 190.0
105.0 91.0
243.0 108.0
238.0 6.0
237.0 208.0
123.0 229.0
79.0 15.0
248.0 227.0
238.0 133.0
101.0 122.0
176.0 70.0
229.0 212.0
56.0 216.0
223.0 159.0
35.0 216.0
35.0 232.0
235.0 2.0
142.0 37.0

220.0 63.0
52.0 240.0
92.0 56.0
100.0 71.0
209.0 224.0
215.0 22.0
71.0 252.0
103.0 159.0
16.0 238.0
209.0 251.0
22.0 31.0
202.0 21.0
57.0 232.0
53.0 230.0
106.0 170.0
151.0 54.0
226.0 178.0
70.0 240.0
170.0 93.0
81.0 125.0
23.0 186.0
85.0 132.0
252.0 83.0
255.0 185.0
65.0 15.0
142.0 80.0
248.0 37.0
164.0 68.0
84.0 228.0
133.0 103.0
129.0 142.0
80.0 135.0
26.0 80.0
181.0 237.0
93.0 152.0
178.0 138.0
153.0 38.0
180.0 250.0
21.0 48.0
149.0 184.0
245.0 31.0
94.0 234.0
96.0 56.0
108.0 142.0
63.0 105.0
169.0 22.0
233.0 53.0
235.0 163.0
152.0 31.0
145.0 192.0
195.0 76.0
239.0 150.0
156.0 76.0
123.0 164.0
232.0 239.0
37.0 86.0
220.0 245.0
212.0 169.0
189.0 207.0
252.0 52.0
163.0 155.0
53.0 228.0
119.0 130.0
191.0 116.0
238.0 158.0
133.0 85.0
109.0 110.0
130.0 164.0
152.0 77.0
220.0 121.0
140.0 116.0
85.0 80.0
181.0 192.0
94.0 191.0
139.0 206.0
136.0 154.0
44.0 117.0
164.0 250.0
51.0 179.0
236.0 56.0
121.0 137.0
87.0 103.0
126.0 47.0
92.0 45.0
181.0 204.0
75.0 216.0
241.0 186.0
237.0 14.0
204.0 154.0
174.0 151.0
133.0 34.0
224.0 254.0
212.0 63.0
223.0 55.0
218.0 252.0
244.0 37.0
197.0 88.0
72.0 39.0
51.0 162.0
85.0 207.0
49.0 183.0
185.0 77.0
122.0 153.0
59.0 69.0
92.0 76.0
43.0 80.0
45.0 108.0
8.0 24.0
118.0 92.0
153.0 223.0
76.0 58.0
252.0 25.0
25.0 248.0
111.0 212.0
38.0 110.0
153.0 6.0
190.0 204.0
41.0 27.0
73.0 82.0
97.0 165.0
243.0 216.0
66.0 121.0
32.0 177.0
101.0 181.0
14.0 221.0
165.0 106.0
205.0 127.0
84.0 62.0
165.0 139.0
56.0 129.0
209.0 99.0
12.0 173.0
10.0 92.0
228.0 238.0
179.0 70.0
225.0 126.0
226.0 82.0
229.0 186.0
136.0 10.0
102.0 129.0
43.0 55.0
123.0 239.0
160.0 228.0
190.0 178.0
48.0 218.0
185.0 149.0
241.0 49.0
164.0 210.0
235.0 219.0
35.0 152.0
174.0 161.0
243.0 103.0
164.0 72.0
247.0 126.0
139.0 38.0
183.0 138.0
106.0 216.0
133.0 9.0
71.0 27.0
247.0 54.0
64.0 62.0
41.0 149.0
232.0 12.0
233.0 66.0
21.0 170.0
46.0 145.0
49.0 252.0
234.0 227.0
56.0 152.0
149.0 135.0
161.0 32.0
203.0 253.0
202.0 228.0
160.0 75.0
247.0 5.0
21.0 188.0
170.0 8.0
52.0 185.0
39.0 81.0
84.0 48.0
51.0 152.0
246.0 187.0
143.0 9.0
165.0 29.0
148.0 20.0
154.0 175.0
14.0 12.0
57.0 205.0
36.0 214.0
119.0 12.0
21.0 123.0
204.0 62.0
237.0 91.0
117.0 163.0
139.0 57.0
159.0 234.0
139.0 167.0
128.0 15.0
248.0 35.0
237.0 103.0
31.0 18.0
252.0 127.0
55.0 160.0
12.0 87.0
118.0 30.0
222.0 249.0
110.0 230.0
32.0 47.0
156.0 182.0
219.0 240.0
231.0 110.0
92.0 140.0
77.0 169.0
40.0 34.0
219.0 38.0
235.0 19.0
235.0 41.0
59.0 224.0
30.0 241.0
86.0 251.0
112.0 205.0
96.0 217.0
217.0 237.0
119.0 76.0
187.0 183.0
18.0 6.0
74.0 197.0
49.0 128.0
245.0 228.0
26.0 240.0
66.0 232.0
140.0 238.0
84.0 207.0
187.0 197.0
183.0 5.0
126.0 238.0
194.0 83.0
119.0 20.0
120.0 22.0
73.0 58.0
62.0 158.0
209.0 127.0
108.0 219.0
85.0 71.0
199.0 196.0
199.0 137.0
51.0 9.0
207.0 28.0
55.0 21.0
63.0 197.0
105.0 113.0
171.0 180.0
150.0 251.0
32.0 96.0
40.0 95.0
90.0 30.0
87.0 27.0
121.0 30.0
43.0 198.0
253.0 34.0
38.0 127.0
76.0 141.0
63.0 108.0
98.0 120.0
120.0 36.0
63.0 209.0
88.0 45.0
53.0 217.0
224.0 199.0
30.0 132.0
228.0 23.0
60.0 91.0
237.0 212.0
67.0 51.0
209.0 177.0
185.0 158.0
247.0 173.0
187.0 248.0
185.0 18.0
204.0 134.0
102.0 20.0
92.0 213.0
222.0 14.0
246.0 172.0
223.0 234.0
122.0 228.0
79.0 77.0
162.0 47.0
19.0 49.0
197.0 105.0
169.0 140.0
219.0 95.0
45.0 22.0
170.0 204.0
78.0 151.0
20.0 239.0
27.0 117.0
195.0 107.0
249.0 129.0
213.0 197.0
126.0 147.0
234.0 66.0
220.0 155.0
217.0 85.0
66.0 218.0
99.0 107.0
61.0 179.0
231.0 176.0
245.0 44.0
133.0 163.0
62.0 253.0
227.0 56.0
220.0 13.0
154.0 106.0
164.0 69.0
22.0 202.0
169.0 119.0
50.0 59.0
134.0 204.0
55.0 186.0
238.0 143.0
153.0 123.0
199.0 158.0
244.0 52.0
105.0 213.0
246.0 100.0
226.0 61.0
62.0 86.0
164.0 100.0
95.0 170.0
68.0 229.0
181.0 10.0
210.0 141.0
125.0 40.0
228.0 118.0
89.0 37.0
228.0 161.0
128.0 42.0
185.0 116.0
30.0 132.0
170.0 20.0
95.0 233.0
27.0 233.0
154.0 123.0
99.0 141.0
84.0 161.0
21.0 152.0
249.0 27.0
78.0 181.0
234.0 146.0
220.0 163.0
190.0 201.0
160.0 191.0
43.0 241.0
245.0 193.0
211.0 235.0
136.0 135.0
38.0 175.0
142.0 249.0
133.0 161.0
123.0 182.0
235.0 8.0
138.0 184.0
184.0 149.0
166.0 94.0
215.0 12.0
213.0 136.0
27.0 20.0
191.0 133.0
249.0 240.0
98.0 46.0
111.0 255.0
191.0 71.0
50.0 106.0
71.0 77.0
235.0 60.0
41.0 215.0
52.0 120.0
194.0 134.0
203.0 184.0
50.0 31.0
81.0 158.0
63.0 33.0
174.0 39.0
116.0 51.0
58.0 135.0
40.0 247.0
105.0 75.0
122.0 105.0
82.0 191.0
241.0 93.0
145.0 214.0
223.0 96.0
40.0 56.0
224.0 203.0
118.0 10.0
73.0 115.0
116.0 175.0
224.0 209.0
204.0 164.0
212.0 71.0
70.0 237.0
59.0 219.0
223.0 238.0
173.0 179.0
152.0 232.0
92.0 236.0
104.0 207.0
198.0 208.0
50.0 184.0
130.0 131.0
196.0 246.0
200.0 98.0
230.0 127.0
101.0 47.0
50.0 84.0
102.0 59.0
39.0 252.0
181.0 130.0
252.0 102.0
128.0 77.0
207.0 95.0
206.0 184.0
10.0 243.0
11.0 124.0
138.0 94.0
28.0 118.0
23.0 156.0
136.0 19.0
56.0 214.0
153.0 114.0
98.0 173.0
90.0 27.0
214.0 200.0
69.0 71.0
86.0 6.0
181.0 86.0
222.0 110.0
130.0 254.0
15.0 41.0
69.0 19.0
157.0 9.0
93.0 248.0
77.0 72.0
150.0 131.0
58.0 195.0
238.0 87.0
49.0 161.0
31.0 39.0
208.0 60.0
136.0 208.0
78.0 189.0
30.0 149.0
49.0 250.0
249.0 78.0
138.0 8.0
7.0 86.0
114.0 214.0
178.0 133.0
105.0 56.0
197.0 58.0
123.0 45.0
221.0 155.0
7.0 55.0
163.0 149.0
77.0 202.0
129.0 211.0
137.0 202.0
226.0 42.0
13.0 37.0
127.0 11.0
102.0 160.0
16.0 205.0
23.0 207.0
147.0 94.0
214.0 58.0
23.0 209.0
175.0 121.0
82.0 194.0
94.0 38.0
230.0 37.0
190.0 39.0
244.0 155.0
95.0 62.0
30.0 41.0
29.0 204.0
110.0 45.0
197.0 21.0
218.0 98.0
6.0 109.0
235.0 67.0
226.0 88.0
240.0 193.0
14.0 77.0
246.0 167.0
43.0 143.0
64.0 197.0
67.0 203.0
224.0 190.0
36.0 183.0
11.0 67.0
193.0 112.0
178.0 226.0
124.0 47.0
249.0 249.0
136.0 94.0
158.0 20.0
23.0 126.0
211.0 230.0
178.0 25.0
209.0 55.0
47.0 170.0
195.0 82.0
241.0 195.0
209.0 204.0
170.0 33.0
153.0 120.0
128.0 171.0
45.0 67.0
99.0 38.0
121.0 64.0
54.0 39.0
196.0 113.0
158.0 40.0
122.0 77.0
39.0 201.0
123.0 254.0
125.0 87.0
207.0 32.0
106.0 59.0
89.0 235.0
163.0 42.0
193.0 182.0
105.0 238.0
20.0 210.0
211.0 56.0
74.0 43.0
57.0 196.0
58.0 120.0
194.0 244.0
111.0 170.0
153.0 135.0
159.0 6.0
205.0 204.0
80.0 179.0
18.0 48.0
104.0 143.0
8.0 23.0
241.0 136.0
120.0 46.0
93.0 94.0
14.0 81.0
173.0 181.0
206.0 102.0
230.0 83.0
73.0 112.0
90.0 63.0
116.0 53.0
92.0 51.0
241.0 93.0
52.0 121.0
142.0 22.0
197.0 11.0
113.0 83.0
119.0 174.0
17.0 112.0
47.0 113.0
129.0 177.0
158.0 149.0
177.0 243.0
77.0 235.0
200.0 152.0
127.0 73.0
163.0 50.0
175.0 41.0
56.0 233.0
211.0 68.0
64.0 135.0
120.0 72.0
163.0 42.0
212.0 221.0
78.0 145.0
61.0 36.0
106.0 163.0
58.0 190.0
112.0 225.0
193.0 162.0
58.0 160.0
23.0 205.0
25.0 251.0
227.0 217.0
195.0 193.0
101.0 31.0
134.0 233.0
23.0 113.0
209.0 89.0
83.0 89.0
121.0 229.0
51.0 170.0
13.0 19.0
23.0 50.0
220.0 175.0
253.0 207.0
48.0 136.0
179.0 61.0
17.0 225.0
226.0 56.0
27.0 30.0
76.0 216.0
67.0 19.0
68.0 147.0
32.0 200.0
55.0 148.0
120.0 214.0
34.0 22.0
46.0 59.0
191.0 125.0
129.0 168.0
120.0 148.0
102.0 200.0
186.0 254.0
157.0 150.0
185.0 192.0
99.0 225.0
146.0 194.0
56.0 229.0
26.0 69.0
236.0 56.0
81.0 238.0
32.0 145.0
221.0 210.0
128.0 82.0
35.0 142.0
236.0 132.0
182.0 112.0
27.0 8.0
188.0 75.0
251.0 230.0
230.0 88.0
235.0 69.0
78.0 69.0
107.0 28.0
126.0 80.0
107.0 204.0
80.0 77.0
166.0 170.0
122.0 136.0
6.0 44.0
212.0 60.0
62.0 20.0
224.0 220.0
106.0 157.0
225.0 159.0
12.0 98.0
219.0 189.0
136.0 103.0
13.0 136.0
153.0 191.0
162.0 92.0
205.0 214.0
48.0 188.0
30.0 207.0
150.0 147.0
113.0 229.0
169.0 241.0
104.0 216.0
12.0 27.0
207.0 115.0
86.0 136.0
142.0 248.0
75.0 88.0
231.0 10.0
39.0 52.0
151.0 6.0
92.0 144.0
225.0 107.0
164.0 48.0
183.0 104.0
211.0 190.0
156.0 148.0
240.0 110.0
180.0 204.0
155.0 170.0
128.0 121.0
170.0 66.0
203.0 176.0
162.0 200.0
42.0 49.0
72.0 243.0
184.0 196.0
134.0 75.0
92.0 7.0
125.0 19.0
81.0 64.0
73.0 238.0
231.0 213.0
251.0 76.0
37.0 230.0
199.0 31.0
194.0 98.0
70.0 82.0
202.0 72.0
109.0 156.0
10.0 202.0
192.0 75.0
65.0 70.0
128.0 172.0
69.0 59.0
13.0 242.0
188.0 38.0
207.0 197.0
167.0 151.0
121.0 185.0
199.0 220.0
238.0 161.0
127.0 81.0
190.0 71.0
203.0 205.0
185.0 238.0
125.0 101.0
241.0 10.0
180.0 208.0
133.0 95.0
99.0 100.0
139.0 70.0
65.0 164.0
137.0 76.0
128.0 161.0
210.0 48.0
71.0 188.0
8.0 188.0
125.0 119.0
89.0 78.0
174.0 109.0
139.0 33.0
253.0 187.0
187.0 22.0
102.0 104.0
23.0 44.0
167.0 58.0
149.0 223.0
239.0 161.0
45.0 140.0
214.0 85.0
178.0 239.0
43.0 156.0
235.0 230.0
227.0 192.0
84.0 221.0
92.0 237.0
53.0 101.0
255.0 121.0
215.0 25.0
182.0 95.0
96.0 163.0
142.0 133.0
121.0 199.0
40.0 6.0
124.0 92.0
71.0 73.0
77.0 223.0
79.0 61.0
253.0 62.0
165.0 132.0
101.0 111.0
40.0 130.0
191.0 128.0
80.0 199.0
86.0 10.0
156.0 10.0
175.0 210.0
138.0 198.0
169.0 194.0
202.0 92.0
180.0 219.0
226.0 242.0
212.0 13.0
86.0 177.0
83.0 29.0
209.0 21.0
33.0 7.0
66.0 74.0
109.0 109.0
116.0 24.0
237.0 241.0
250.0 109.0
202.0 221.0
111.0 220.0
46.0 15.0
231.0 145.0
227.0 65.0
202.0 89.0
237.0 86.0
255.0 22.0
60.0 212.0
20.0 126.0
80.0 241.0
21.0 18.0
247.0 241.0
46.0 159.0
125.0 137.0
18.0 212.0
106.0 172.0
205.0 170.0
240.0 239.0
233.0 127.0
98.0 91.0
123.0 162.0
7.0 43.0
161.0 27.0
155.0 85.0
5.0 40.0
108.0 121.0
178.0 244.0
37.0 105.0
202.0 51.0
90.0 210.0
211.0 151.0
130.0 144.0
113.0 189.0
84.0 142.0
40.0 173.0
37.0 99.0
47.0 217.0
177.0 35.0
126.0 202.0
107.0 193.0
171.0 120.0
253.0 106.0
68.0 17.0
253.0 75.0
155.0 184.0
197.0 222.0
116.0 149.0
205.0 242.0
174.0 9.0
100.0 87.0
44.0 233.0
55.0 135.0
85.0 136.0
64.0 158.0
53.0 36.0
249.0 46.0
213.0 132.0
13.0 204.0
92.0 15.0
110.0 220.0
78.0 254.0
96.0 94.0
163.0 14.0
38.0 245.0
229.0 103.0
104.0 214.0
46.0 245.0
38.0 150.0
249.0 95.0
237.0 139.0
49.0 187.0
132.0 54.0
131.0 172.0
107.0 159.0
119.0 235.0
119.0 234.0
91.0 76.0
113.0 74.0
23.0 32.0
228.0 36.0
208.0 104.0
58.0 92.0
133.0 52.0
84.0 183.0
43.0 219.0
123.0 229.0
254.0 115.0
100.0 173.0
79.0 87.0
76.0 94.0
84.0 151.0
185.0 96.0
116.0 251.0
116.0 155.0
214.0 137.0
93.0 8.0
253.0 231.0
172.0 130.0
247.0 59.0
117.0 7.0
80.0 244.0
111.0 134.0
210.0 21.0
174.0 90.0
207.0 124.0
138.0 186.0
98.0 142.0
215.0 228.0
228.0 78.0
98.0 229.0
202.0 84.0
51.0 233.0
54.0 186.0
249.0 250.0
59.0 153.0
238.0 43.0
177.0 202.0
144.0 166.0
205.0 252.0
122.0 107.0
18.0 107.0
26.0 79.0
40.0 142.0
209.0 166.0
255.0 225.0
53.0 12.0
246.0 101.0
200.0 115.0
208.0 77.0
48.0 43.0
61.0 116.0
66.0 45.0
194.0 59.0
90.0 172.0
126.0 209.0
82.0 89.0
224.0 96.0
103.0 40.0
167.0 67.0
124.0 218.0
130.0 130.0
48.0 200.0
8.0 59.0
173.0 67.0
63.0 83.0
124.0 192.0
173.0 32.0
101.0 235.0
165.0 145.0
73.0 177.0
56.0 21.0
156.0 103.0
92.0 51.0
210.0 142.0
209.0 220.0
214.0 131.0
246.0 177.0
100.0 137.0
150.0 132.0
249.0 169.0
79.0 111.0
188.0 127.0
86.0 213.0
69.0 235.0
115.0 63.0
79.0 71.0
138.0 202.0
9.0 94.0
46.0 250.0
16.0 150.0
222.0 209.0
140.0 9.0
49.0 107.0
13.0 232.0
186.0 218.0
199.0 81.0
175.0 219.0
207.0 189.0
123.0 105.0
30.0 234.0
190.0 104.0
70.0 7.0
162.0 72.0
227.0 38.0
25.0 194.0
119.0 218.0
192.0 110.0
68.0 223.0
155.0 176.0
241.0 110.0
89.0 98.0
134.0 209.0
76.0 26.0
252.0 56.0
86.0 202.0
216.0 134.0
242.0 159.0
75.0 70.0
174.0 165.0
163.0 128.0
72.0 31.0
150.0 21.0
139.0 127.0
22.0 67.0
180.0 75.0
222.0 46.0
130.0 97.0
116.0 124.0
175.0 119.0
98.0 142.0
109.0 215.0
153.0 236.0
187.0 139.0
38.0 197.0
77.0 145.0
44.0 160.0
197.0 213.0
124.0 189.0
212.0 16.0
231.0 195.0
110.0 96.0
248.0 113.0
242.0 10.0
243.0 212.0
129.0 233.0
84.0 21.0
254.0 232.0
243.0 139.0
105.0 128.0
181.0 76.0
235.0 217.0
61.0 221.0
227.0 165.0
41.0 222.0
41.0 237.0
240.0 6.0
148.0 42.0
