1
1024 1 3.0 0.0 1000.0 3 160 240 100

6.5 13.5 29.3 58.5
13.0 27.0 58.5 117.0
19.5 40.5 87.8 175.5
26.0 54.0 117.0 234.0
39.0 81.0 175.5 351.0
52.0 108.0 234.0 468.0
58.5 121.5 263.3 526.5
65.0 135.0 292.5 585.0
78.0 162.0 351.0 702.0
0.0 180.0 390.0 780.0

2.0 5.0 8.0 11.0
5.0 8.0 11.0 14.0
9.0 12.0 15.0 18.0
11.0 14.0 17.0 20.0
15.0 18.0 21.0 24.0
18.0 21.0 24.0 27.0
20.0 23.0 26.0 29.0
25.0 28.0 31.0 34.0
29.0 32.0 35.0 38.0
0.0 34.0 37.0 40.0

239.0 46.0
147.0 163.0
58.0 135.0
140.0 104.0
84.0 80.0
130.0 111.0
26.0 58.0
221.0 221.0
33.0 172.0
167.0 178.0
104.0 20.0
216.0 164.0
50.0 187.0
34.0 129.0
122.0 204.0
193.0 146.0
193.0 57.0
45.0 53.0
220.0 165.0
87.0 204.0
4.0 58.0
16.0 199.0
99.0 23.0
216.0 41.0
13.0 88.0
232.0 227.0
184.0 229.0
116.0 83.0
230.0 59.0
65.0 231.0
102.0 247.0
102.0 125.0
5.0 43.0
120.0 163.0
81.0 60.0
144.0 195.0
121.0 33.0
14.0 46.0
144.0 104.0
216.0 11.0
6.0 211.0
188.0 72.0
242.0 15.0
215.0 146.0
185.0 74.0
100.0 2.0
183.0 54.0
101.0 44.0
92.0 74.0
206.0 197.0
235.0 101.0
107.0 241.0
125.0 116.0
69.0 191.0
34.0 78.0
170.0 191.0
62.0 59.0
4.0 163.0
172.0 178.0
183.0 39.0
221.0 90.0
105.0 188.0
77.0 39.0
211.0 4.0
227.0 93.0
54.0 139.0
82.0 215.0
45.0 214.0
27.0 140.0
67.0 123.0
35.0 97.0
199.0 138.0
14.0 230.0
114.0 61.0
93.0 123.0
10.0 235.0
138.0 149.0
37.0 60.0
65.0 194.0
178.0 188.0
137.0 81.0
182.0 170.0
178.0 135.0
146.0 107.0
5.0 84.0
185.0 190.0
156.0 98.0
197.0 77.0
73.0 67.0
19.0 108.0
210.0 16.0
114.0 167.0
80.0 143.0
195.0 86.0
96.0 6.0
68.0 25.0
107.0 222.0
227.0 82.0
86.0 67.0
79.0 203.0
7.0 229.0
247.0 19.0
250.0 220.0
181.0 59.0
186.0 71.0
141.0 87.0
158.0 206.0
184.0 132.0
137.0 223.0
74.0 92.0
143.0 121.0
128.0 105.0
83.0 63.0
42.0 192.0
228.0 104.0
83.0 236.0
102.0 78.0
69.0 177.0
118.0 218.0
148.0 127.0
132.0 68.0
170.0 139.0
108.0 134.0
38.0 215.0
197.0 220.0
214.0 177.0
48.0 3.0
128.0 91.0
16.0 185.0
56.0 5.0
237.0 137.0
79.0 53.0
84.0 17.0
65.0 86.0
111.0 123.0
171.0 232.0
127.0 118.0
169.0 174.0
117.0 247.0
223.0 195.0
47.0 53.0
52.0 127.0
131.0 107.0
220.0 137.0
225.0 109.0
118.0 128.0
57.0 26.0
15.0 35.0
70.0 227.0
96.0 186.0
227.0 163.0
3.0 144.0
175.0 185.0
175.0 39.0
230.0 167.0
117.0 216.0
222.0 148.0
27.0 77.0
33.0 34.0
34.0 47.0
237.0 217.0
103.0 186.0
46.0 6.0
222.0 1.0
104.0 104.0
75.0 101.0
218.0 169.0
180.0 119.0
170.0 46.0
50.0 177.0
81.0 99.0
26.0 195.0
112.0 96.0
174.0 180.0
78.0 201.0
35.0 193.0
149.0 163.0
10.0 235.0
78.0 106.0
11.0 133.0
8.0 169.0
66.0 50.0
188.0 246.0
118.0 61.0
245.0 209.0
84.0 47.0
247.0 248.0
43.0 238.0
60.0 74.0
234.0 15.0
115.0 4.0
120.0 177.0
220.0 34.0
69.0 175.0
143.0 62.0
30.0 131.0
234.0 231.0
135.0 15.0
195.0 184.0
221.0 185.0
127.0 73.0
94.0 33.0
94.0 233.0
145.0 58.0
213.0 5.0
0.0 6.0
123.0 230.0
220.0 246.0
231.0 22.0
85.0 167.0
200.0 229.0
110.0 132.0
215.0 53.0
202.0 152.0
104.0 121.0
225.0 187.0
236.0 96.0
27.0 110.0
136.0 2.0
44.0 133.0
128.0 223.0
172.0 82.0
67.0 223.0
155.0 206.0
79.0 81.0
48.0 41.0
27.0 250.0
121.0 123.0
214.0 19.0
145.0 206.0
189.0 210.0
57.0 149.0
36.0 208.0
63.0 9.0
129.0 244.0
42.0 124.0
116.0 135.0
204.0 95.0
240.0 46.0
233.0 86.0
136.0 92.0
228.0 218.0
74.0 214.0
70.0 105.0
182.0 41.0
148.0 174.0
231.0 29.0
182.0 211.0
142.0 223.0
212.0 129.0
179.0 53.0
128.0 37.0
102.0 139.0
162.0 230.0
126.0 148.0
101.0 51.0
95.0 31.0
28.0 119.0
65.0 75.0
206.0 6.0
104.0 229.0
57.0 224.0
123.0 1.0
205.0 232.0
165.0 5.0
172.0 204.0
90.0 94.0
85.0 139.0
219.0 37.0
70.0 174.0
241.0 27.0
98.0 67.0
72.0 129.0
88.0 79.0
96.0 62.0
120.0 96.0
101.0 54.0
225.0 101.0
222.0 52.0
223.0 201.0
65.0 131.0
176.0 214.0
216.0 17.0
87.0 121.0
165.0 194.0
12.0 26.0
243.0 142.0
106.0 67.0
212.0 39.0
134.0 15.0
242.0 97.0
94.0 153.0
35.0 8.0
120.0 47.0
196.0 28.0
179.0 158.0
6.0 57.0
94.0 50.0
63.0 118.0
51.0 10.0
53.0 210.0
240.0 212.0
25.0 80.0
152.0 111.0
35.0 248.0
83.0 84.0
154.0 207.0
207.0 123.0
107.0 24.0
174.0 214.0
130.0 109.0
209.0 101.0
205.0 30.0
37.0 179.0
140.0 7.0
243.0 89.0
12.0 79.0
15.0 148.0
77.0 217.0
8.0 53.0
41.0 240.0
138.0 103.0
163.0 188.0
184.0 37.0
211.0 136.0
132.0 77.0
128.0 223.0
248.0 156.0
34.0 2.0
204.0 57.0
63.0 20.0
123.0 53.0
37.0 105.0
219.0 160.0
78.0 136.0
45.0 203.0
61.0 164.0
147.0 209.0
129.0 17.0
250.0 174.0
34.0 145.0
159.0 98.0
159.0 209.0
127.0 235.0
119.0 46.0
240.0 45.0
153.0 133.0
203.0 181.0
95.0 63.0
199.0 138.0
3.0 38.0
83.0 245.0
108.0 246.0
200.0 26.0
48.0 23.0
226.0 225.0
158.0 31.0
187.0 141.0
166.0 234.0
180.0 206.0
196.0 18.0
82.0 69.0
38.0 125.0
142.0 244.0
221.0 117.0
123.0 210.0
222.0 155.0
241.0 147.0
229.0 201.0
232.0 76.0
147.0 42.0
137.0 209.0
161.0 121.0
19.0 135.0
162.0 202.0
89.0 53.0
212.0 222.0
62.0 39.0
9.0 246.0
105.0 172.0
125.0 233.0
79.0 148.0
105.0 169.0
45.0 74.0
105.0 151.0
124.0 196.0
240.0 89.0
60.0 134.0
221.0 248.0
179.0 240.0
83.0 172.0
244.0 42.0
172.0 76.0
11.0 10.0
117.0 128.0
108.0 218.0
39.0 93.0
177.0 40.0
120.0 122.0
19.0 58.0
155.0 36.0
56.0 200.0
76.0 15.0
227.0 162.0
215.0 169.0
15.0 9.0
141.0 23.0
86.0 135.0
246.0 21.0
107.0 96.0
23.0 197.0
121.0 120.0
72.0 5.0
153.0 196.0
183.0 80.0
48.0 158.0
137.0 29.0
105.0 44.0
196.0 178.0
124.0 25.0
69.0 226.0
50.0 52.0
174.0 114.0
213.0 153.0
117.0 190.0
230.0 135.0
107.0 93.0
174.0 18.0
60.0 76.0
217.0 67.0
17.0 49.0
220.0 123.0
247.0 200.0
103.0 239.0
29.0 101.0
97.0 187.0
117.0 14.0
82.0 203.0
248.0 201.0
232.0 190.0
84.0 70.0
60.0 105.0
61.0 80.0
204.0 117.0
167.0 116.0
158.0 158.0
245.0 138.0
185.0 57.0
226.0 182.0
231.0 19.0
245.0 141.0
200.0 8.0
192.0 41.0
38.0 180.0
9.0 99.0
108.0 28.0
164.0 166.0
182.0 32.0
248.0 208.0
157.0 100.0
237.0 59.0
191.0 194.0
249.0 224.0
250.0 88.0
204.0 81.0
125.0 247.0
110.0 150.0
47.0 160.0
237.0 145.0
75.0 1.0
35.0 100.0
19.0 52.0
192.0 165.0
185.0 162.0
48.0 233.0
90.0 41.0
148.0 126.0
64.0 28.0
14.0 115.0
236.0 23.0
59.0 143.0
229.0 88.0
82.0 138.0
164.0 39.0
150.0 155.0
182.0 149.0
185.0 131.0
203.0 161.0
174.0 101.0
14.0 119.0
213.0 28.0
25.0 75.0
158.0 234.0
155.0 63.0
237.0 214.0
77.0 19.0
14.0 169.0
141.0 168.0
168.0 192.0
93.0 181.0
141.0 59.0
27.0 236.0
204.0 175.0
65.0 186.0
139.0 19.0
74.0 71.0
214.0 244.0
48.0 54.0
12.0 168.0
78.0 159.0
174.0 183.0
172.0 245.0
239.0 175.0
221.0 240.0
22.0 135.0
239.0 172.0
77.0 165.0
66.0 163.0
71.0 179.0
23.0 49.0
237.0 136.0
78.0 144.0
101.0 229.0
158.0 217.0
42.0 240.0
29.0 52.0
242.0 109.0
235.0 47.0
205.0 60.0
186.0 94.0
46.0 192.0
224.0 68.0
90.0 16.0
140.0 41.0
106.0 221.0
114.0 183.0
95.0 11.0
150.0 89.0
95.0 190.0
127.0 101.0
16.0 202.0
142.0 16.0
121.0 166.0
151.0 108.0
32.0 19.0
219.0 229.0
246.0 156.0
241.0 55.0
176.0 55.0
76.0 99.0
63.0 173.0
93.0 192.0
168.0 203.0
179.0 190.0
196.0 108.0
92.0 208.0
245.0 164.0
89.0 28.0
108.0 29.0
71.0 117.0
96.0 205.0
63.0 9.0
80.0 47.0
149.0 115.0
44.0 37.0
41.0 100.0
241.0 119.0
36.0 16.0
86.0 189.0
166.0 183.0
32.0 150.0
163.0 164.0
177.0 7.0
183.0 179.0
214.0 39.0
19.0 182.0
123.0 147.0
128.0 81.0
57.0 34.0
82.0 187.0
223.0 195.0
143.0 8.0
79.0 12.0
191.0 93.0
12.0 27.0
78.0 168.0
211.0 83.0
20.0 139.0
5.0 44.0
227.0 94.0
20.0 118.0
244.0 242.0
47.0 160.0
90.0 40.0
97.0 88.0
45.0 85.0
158.0 154.0
30.0 147.0
10.0 93.0
79.0 31.0
239.0 18.0
201.0 23.0
173.0 193.0
20.0 6.0
17.0 188.0
115.0 90.0
24.0 181.0
64.0 232.0
109.0 12.0
243.0 89.0
124.0 159.0
18.0 160.0
66.0 91.0
246.0 119.0
63.0 54.0
96.0 9.0
42.0 124.0
239.0 71.0
41.0 192.0
43.0 11.0
196.0 114.0
190.0 92.0
247.0 49.0
228.0 249.0
207.0 85.0
103.0 208.0
171.0 78.0
60.0 215.0
34.0 157.0
80.0 216.0
213.0 203.0
114.0 205.0
33.0 128.0
166.0 239.0
222.0 136.0
97.0 178.0
72.0 174.0
88.0 51.0
83.0 118.0
10.0 212.0
2.0 44.0
4.0 65.0
234.0 229.0
153.0 167.0
123.0 134.0
165.0 84.0
235.0 126.0
86.0 199.0
8.0 53.0
81.0 224.0
10.0 91.0
169.0 234.0
75.0 58.0
91.0 102.0
148.0 19.0
62.0 30.0
16.0 245.0
206.0 179.0
118.0 211.0
62.0 213.0
219.0 102.0
86.0 139.0
51.0 100.0
142.0 144.0
51.0 70.0
52.0 162.0
188.0 41.0
75.0 14.0
134.0 215.0
234.0 231.0
136.0 33.0
19.0 16.0
233.0 154.0
240.0 89.0
43.0 1.0
182.0 244.0
134.0 103.0
225.0 230.0
87.0 14.0
193.0 176.0
136.0 167.0
227.0 34.0
126.0 59.0
63.0 129.0
32.0 9.0
150.0 189.0
167.0 4.0
97.0 46.0
204.0 9.0
17.0 13.0
246.0 118.0
139.0 8.0
209.0 53.0
117.0 51.0
121.0 24.0
36.0 81.0
229.0 59.0
178.0 85.0
137.0 216.0
166.0 131.0
5.0 137.0
175.0 157.0
140.0 7.0
195.0 230.0
145.0 234.0
173.0 13.0
77.0 38.0
147.0 25.0
163.0 160.0
50.0 60.0
137.0 222.0
199.0 206.0
134.0 108.0
5.0 237.0
75.0 246.0
50.0 174.0
93.0 45.0
199.0 158.0
86.0 6.0
247.0 70.0
41.0 102.0
174.0 161.0
108.0 109.0
100.0 2.0
196.0 84.0
166.0 136.0
174.0 52.0
49.0 126.0
104.0 229.0
191.0 3.0
189.0 212.0
118.0 182.0
245.0 88.0
16.0 222.0
16.0 23.0
77.0 129.0
247.0 153.0
166.0 203.0
229.0 212.0
184.0 244.0
91.0 105.0
64.0 1.0
179.0 218.0
137.0 57.0
184.0 62.0
197.0 152.0
225.0 169.0
110.0 8.0
167.0 197.0
179.0 50.0
25.0 51.0
243.0 193.0
88.0 103.0
79.0 222.0
2.0 179.0
222.0 70.0
66.0 33.0
148.0 127.0
108.0 102.0
58.0 20.0
68.0 130.0
70.0 120.0
23.0 78.0
207.0 104.0
175.0 41.0
98.0 179.0
144.0 217.0
146.0 182.0
213.0 13.0
225.0 49.0
10.0 203.0
26.0 228.0
124.0 124.0
235.0 156.0
29.0 181.0
42.0 3.0
198.0 8.0
39.0 179.0
125.0 219.0
131.0 180.0
47.0 192.0
144.0 145.0
189.0 196.0
127.0 70.0
196.0 197.0
153.0 184.0
215.0 5.0
2.0 57.0
155.0 246.0
151.0 59.0
222.0 182.0
67.0 129.0
115.0 231.0
122.0 95.0
121.0 107.0
245.0 119.0
124.0 40.0
249.0 146.0
117.0 126.0
70.0 44.0
135.0 142.0
247.0 205.0
50.0 247.0
249.0 152.0
39.0 39.0
84.0 53.0
30.0 6.0
200.0 68.0
64.0 215.0
222.0 48.0
5.0 154.0
159.0 145.0
160.0 206.0
8.0 208.0
123.0 22.0
4.0 173.0
6.0 171.0
83.0 183.0
30.0 197.0
160.0 30.0
244.0 83.0
187.0 14.0
214.0 137.0
206.0 200.0
91.0 166.0
233.0 43.0
22.0 87.0
75.0 233.0
179.0 205.0
30.0 101.0
243.0 188.0
205.0 65.0
15.0 102.0
22.0 97.0
97.0 141.0
25.0 40.0
183.0 58.0
177.0 144.0
49.0 54.0
147.0 31.0
149.0 246.0
140.0 74.0
25.0 106.0
146.0 23.0
68.0 112.0
43.0 246.0
206.0 136.0
46.0 39.0
199.0 169.0
72.0 247.0
225.0 49.0
132.0 30.0
60.0 162.0
189.0 128.0
180.0 152.0
232.0 106.0
195.0 238.0
120.0 37.0
72.0 53.0
73.0 236.0
187.0 227.0
240.0 136.0
38.0 244.0
98.0 33.0
26.0 181.0
231.0 169.0
19.0 237.0
119.0 10.0
226.0 23.0
127.0 57.0
225.0 148.0
171.0 174.0
47.0 206.0
143.0 149.0
28.0 75.0
205.0 88.0
215.0 235.0
135.0 249.0
157.0 174.0
236.0 21.0
248.0 189.0
92.0 48.0
69.0 35.0
76.0 66.0
27.0 114.0
16.0 85.0
120.0 1.0
27.0 100.0
230.0 166.0
77.0 105.0
171.0 35.0
145.0 202.0
5.0 124.0
163.0 207.0
233.0 34.0
233.0 177.0
2.0 148.0
196.0 133.0
50.0 197.0
145.0 28.0
159.0 165.0
100.0 95.0
226.0 74.0
63.0 31.0
82.0 242.0
35.0 248.0
36.0 180.0
101.0 26.0
181.0 96.0
29.0 196.0
31.0 46.0
121.0 38.0
164.0 84.0
130.0 151.0
74.0 66.0
121.0 124.0
16.0 80.0
198.0 117.0
179.0 47.0
99.0 61.0
101.0 87.0
229.0 231.0
25.0 56.0
234.0 242.0
247.0 234.0
67.0 129.0
20.0 203.0
33.0 168.0
195.0 3.0
131.0 221.0
43.0 239.0
57.0 157.0
45.0 98.0
54.0 236.0
242.0 84.0
112.0 142.0
52.0 43.0
73.0 178.0
3.0 165.0
12.0 183.0
180.0 164.0
81.0 56.0
219.0 190.0
62.0 73.0
249.0 62.0
190.0 16.0
248.0 232.0
114.0 159.0
94.0 212.0
189.0 10.0
155.0 243.0
85.0 249.0
65.0 56.0
31.0 105.0
149.0 137.0
62.0 248.0
37.0 220.0
207.0 82.0
53.0 45.0
109.0 116.0
21.0 225.0
145.0 182.0
221.0 140.0
158.0 58.0
17.0 76.0
250.0 133.0
239.0 144.0
111.0 47.0
237.0 91.0
220.0 77.0
62.0 139.0
21.0 64.0
57.0 107.0
8.0 31.0
201.0 71.0
236.0 178.0
97.0 184.0
43.0 247.0
90.0 57.0
122.0 96.0
24.0 174.0
115.0 98.0
244.0 130.0
244.0 50.0
233.0 44.0
15.0 126.0
109.0 43.0
135.0 149.0
10.0 68.0
75.0 108.0
200.0 6.0
14.0 73.0
61.0 21.0
235.0 36.0
175.0 235.0
95.0 238.0
32.0 234.0
244.0 113.0
206.0 184.0
102.0 41.0
140.0 158.0
143.0 163.0
29.0 86.0
116.0 81.0
46.0 44.0
135.0 65.0
44.0 181.0
129.0 216.0
90.0 119.0
228.0 89.0
93.0 0.0
183.0 87.0
17.0 140.0
28.0 14.0
42.0 89.0
215.0 229.0
68.0 188.0
43.0 145.0
31.0 36.0
240.0 157.0
56.0 89.0
146.0 112.0
38.0 186.0
234.0 32.0

244.0 50.0
152.0 167.0
63.0 139.0
145.0 109.0
88.0 85.0
135.0 117.0
30.0 63.0
227.0 227.0
38.0 178.0
172.0 183.0
110.0 25.0
220.0 170.0
54.0 192.0
38.0 134.0
126.0 210.0
199.0 152.0
198.0 61.0
51.0 59.0
225.0 171.0
92.0 210.0
8.0 63.0
22.0 203.0
104.0 27.0
222.0 47.0
17.0 92.0
236.0 232.0
190.0 235.0
120.0 88.0
236.0 64.0
70.0 235.0
107.0 253.0
107.0 129.0
9.0 47.0
125.0 168.0
86.0 66.0
148.0 199.0
126.0 37.0
19.0 50.0
150.0 109.0
221.0 16.0
10.0 217.0
194.0 78.0
248.0 20.0
220.0 151.0
191.0 78.0
105.0 7.0
188.0 59.0
106.0 48.0
96.0 79.0
210.0 202.0
241.0 105.0
113.0 246.0
129.0 122.0
74.0 196.0
38.0 83.0
176.0 196.0
67.0 63.0
9.0 169.0
178.0 184.0
189.0 44.0
226.0 95.0
110.0 192.0
82.0 45.0
216.0 8.0
232.0 98.0
59.0 144.0
86.0 219.0
49.0 219.0
33.0 144.0
72.0 128.0
40.0 101.0
203.0 142.0
19.0 235.0
118.0 65.0
99.0 129.0
14.0 240.0
143.0 154.0
42.0 65.0
69.0 199.0
184.0 193.0
141.0 86.0
186.0 174.0
182.0 140.0
152.0 113.0
10.0 89.0
189.0 194.0
160.0 104.0
203.0 83.0
78.0 72.0
25.0 113.0
214.0 22.0
119.0 172.0
85.0 147.0
200.0 91.0
101.0 10.0
73.0 30.0
113.0 227.0
232.0 86.0
91.0 71.0
84.0 208.0
12.0 234.0
251.0 25.0
256.0 224.0
186.0 65.0
191.0 76.0
146.0 92.0
162.0 211.0
189.0 137.0
141.0 229.0
79.0 98.0
149.0 125.0
134.0 110.0
88.0 69.0
46.0 196.0
233.0 110.0
87.0 241.0
106.0 84.0
74.0 181.0
123.0 224.0
152.0 132.0
137.0 72.0
175.0 144.0
113.0 139.0
43.0 220.0
201.0 225.0
218.0 182.0
53.0 8.0
132.0 96.0
20.0 190.0
60.0 10.0
242.0 142.0
84.0 58.0
90.0 22.0
70.0 92.0
117.0 128.0
175.0 238.0
132.0 124.0
174.0 180.0
122.0 252.0
228.0 200.0
52.0 58.0
58.0 133.0
135.0 112.0
225.0 143.0
230.0 113.0
122.0 134.0
61.0 30.0
20.0 39.0
75.0 231.0
100.0 191.0
231.0 168.0
8.0 148.0
181.0 190.0
179.0 44.0
235.0 173.0
122.0 221.0
226.0 152.0
31.0 83.0
39.0 38.0
39.0 52.0
243.0 223.0
108.0 191.0
51.0 10.0
228.0 7.0
109.0 109.0
80.0 106.0
223.0 174.0
185.0 125.0
176.0 52.0
56.0 182.0
86.0 103.0
31.0 199.0
118.0 101.0
179.0 185.0
84.0 206.0
41.0 199.0
154.0 168.0
15.0 239.0
83.0 111.0
15.0 139.0
12.0 175.0
72.0 56.0
193.0 251.0
122.0 67.0
250.0 214.0
88.0 52.0
253.0 253.0
48.0 243.0
65.0 80.0
239.0 21.0
120.0 9.0
125.0 182.0
225.0 40.0
75.0 180.0
149.0 67.0
35.0 135.0
239.0 236.0
140.0 21.0
200.0 189.0
225.0 190.0
133.0 77.0
98.0 38.0
100.0 238.0
150.0 63.0
218.0 9.0
5.0 11.0
128.0 236.0
225.0 252.0
236.0 27.0
90.0 171.0
204.0 233.0
116.0 137.0
221.0 57.0
208.0 157.0
108.0 127.0
230.0 193.0
240.0 101.0
31.0 115.0
140.0 6.0
49.0 137.0
134.0 229.0
178.0 88.0
73.0 229.0
159.0 211.0
84.0 85.0
53.0 46.0
31.0 256.0
127.0 128.0
219.0 25.0
149.0 210.0
194.0 215.0
61.0 154.0
42.0 213.0
68.0 14.0
134.0 250.0
47.0 128.0
121.0 139.0
210.0 100.0
246.0 51.0
237.0 90.0
142.0 97.0
233.0 222.0
79.0 220.0
75.0 109.0
188.0 47.0
153.0 179.0
235.0 33.0
186.0 215.0
146.0 227.0
217.0 133.0
184.0 57.0
133.0 43.0
106.0 145.0
166.0 235.0
131.0 152.0
107.0 57.0
99.0 37.0
34.0 125.0
70.0 80.0
212.0 11.0
108.0 234.0
63.0 230.0
127.0 7.0
209.0 237.0
171.0 10.0
177.0 208.0
96.0 99.0
90.0 143.0
225.0 42.0
75.0 179.0
246.0 32.0
104.0 72.0
78.0 135.0
93.0 83.0
102.0 66.0
124.0 102.0
106.0 59.0
230.0 106.0
227.0 57.0
228.0 206.0
69.0 137.0
181.0 220.0
221.0 22.0
91.0 127.0
171.0 199.0
17.0 32.0
249.0 147.0
111.0 73.0
216.0 44.0
139.0 20.0
247.0 102.0
100.0 158.0
39.0 13.0
124.0 52.0
201.0 34.0
185.0 163.0
11.0 62.0
98.0 56.0
67.0 122.0
56.0 15.0
59.0 214.0
245.0 218.0
30.0 85.0
158.0 116.0
40.0 253.0
88.0 90.0
160.0 213.0
211.0 128.0
113.0 30.0
179.0 219.0
135.0 114.0
213.0 106.0
209.0 35.0
42.0 183.0
145.0 13.0
247.0 95.0
16.0 85.0
21.0 152.0
83.0 222.0
14.0 59.0
47.0 246.0
142.0 109.0
167.0 192.0
190.0 42.0
215.0 141.0
138.0 82.0
132.0 227.0
254.0 161.0
39.0 7.0
210.0 62.0
68.0 24.0
128.0 57.0
42.0 110.0
224.0 166.0
83.0 141.0
50.0 208.0
65.0 169.0
152.0 213.0
133.0 22.0
255.0 179.0
39.0 149.0
163.0 102.0
164.0 214.0
132.0 240.0
125.0 51.0
245.0 50.0
158.0 138.0
208.0 186.0
100.0 68.0
204.0 143.0
8.0 44.0
89.0 250.0
113.0 251.0
204.0 30.0
52.0 28.0
232.0 230.0
163.0 36.0
192.0 146.0
170.0 240.0
185.0 211.0
201.0 24.0
86.0 74.0
43.0 131.0
146.0 248.0
225.0 122.0
129.0 215.0
227.0 161.0
245.0 152.0
235.0 205.0
237.0 81.0
152.0 47.0
143.0 213.0
165.0 127.0
25.0 141.0
167.0 206.0
95.0 59.0
216.0 227.0
66.0 44.0
14.0 250.0
111.0 178.0
131.0 238.0
85.0 153.0
110.0 174.0
50.0 79.0
109.0 157.0
129.0 202.0
245.0 94.0
64.0 139.0
225.0 253.0
184.0 244.0
87.0 177.0
250.0 47.0
178.0 82.0
15.0 16.0
121.0 133.0
114.0 223.0
44.0 98.0
181.0 45.0
124.0 128.0
25.0 63.0
159.0 41.0
60.0 205.0
80.0 21.0
232.0 166.0
220.0 174.0
20.0 13.0
146.0 29.0
92.0 140.0
251.0 25.0
111.0 102.0
29.0 202.0
125.0 124.0
78.0 11.0
158.0 201.0
189.0 86.0
52.0 164.0
142.0 34.0
110.0 50.0
201.0 184.0
130.0 29.0
75.0 230.0
56.0 56.0
179.0 120.0
217.0 158.0
121.0 195.0
234.0 140.0
113.0 98.0
179.0 23.0
66.0 82.0
222.0 73.0
21.0 54.0
225.0 128.0
252.0 205.0
109.0 245.0
34.0 105.0
102.0 191.0
122.0 19.0
88.0 209.0
253.0 207.0
236.0 194.0
88.0 76.0
65.0 110.0
67.0 85.0
209.0 121.0
172.0 122.0
163.0 163.0
250.0 144.0
189.0 62.0
232.0 187.0
235.0 24.0
250.0 147.0
206.0 14.0
197.0 47.0
43.0 185.0
13.0 105.0
114.0 34.0
170.0 171.0
186.0 37.0
253.0 213.0
162.0 105.0
242.0 63.0
197.0 199.0
254.0 228.0
255.0 93.0
209.0 86.0
130.0 252.0
115.0 156.0
52.0 165.0
243.0 150.0
80.0 5.0
41.0 105.0
25.0 58.0
197.0 170.0
190.0 166.0
53.0 238.0
95.0 46.0
152.0 131.0
68.0 34.0
18.0 120.0
241.0 29.0
63.0 149.0
234.0 92.0
88.0 143.0
168.0 44.0
155.0 160.0
186.0 154.0
189.0 136.0
207.0 166.0
179.0 107.0
19.0 123.0
218.0 33.0
30.0 80.0
163.0 239.0
160.0 69.0
243.0 220.0
82.0 24.0
19.0 175.0
146.0 173.0
173.0 197.0
98.0 187.0
146.0 63.0
31.0 241.0
209.0 180.0
70.0 190.0
144.0 23.0
80.0 76.0
219.0 250.0
52.0 60.0
17.0 174.0
84.0 164.0
179.0 188.0
177.0 250.0
244.0 179.0
225.0 245.0
27.0 141.0
244.0 177.0
82.0 170.0
71.0 169.0
76.0 183.0
27.0 54.0
241.0 141.0
83.0 148.0
105.0 234.0
164.0 222.0
47.0 244.0
33.0 57.0
247.0 113.0
239.0 51.0
209.0 64.0
192.0 99.0
51.0 198.0
230.0 73.0
96.0 22.0
146.0 45.0
110.0 226.0
119.0 189.0
100.0 15.0
156.0 93.0
101.0 195.0
132.0 105.0
21.0 207.0
147.0 21.0
127.0 170.0
155.0 114.0
37.0 25.0
224.0 234.0
252.0 161.0
246.0 60.0
180.0 60.0
82.0 105.0
68.0 177.0
97.0 197.0
174.0 208.0
184.0 195.0
201.0 113.0
97.0 213.0
250.0 168.0
94.0 33.0
113.0 35.0
76.0 123.0
102.0 210.0
68.0 13.0
85.0 52.0
153.0 121.0
48.0 41.0
47.0 105.0
245.0 125.0
41.0 21.0
92.0 193.0
172.0 188.0
37.0 155.0
168.0 169.0
182.0 12.0
188.0 183.0
218.0 44.0
23.0 187.0
127.0 152.0
133.0 86.0
62.0 38.0
86.0 191.0
228.0 201.0
148.0 13.0
85.0 18.0
196.0 97.0
17.0 32.0
83.0 172.0
217.0 89.0
24.0 144.0
10.0 49.0
233.0 98.0
25.0 123.0
249.0 247.0
53.0 166.0
96.0 45.0
103.0 93.0
50.0 90.0
162.0 158.0
35.0 152.0
15.0 97.0
85.0 37.0
245.0 23.0
206.0 28.0
178.0 199.0
24.0 12.0
21.0 193.0
120.0 95.0
28.0 186.0
68.0 238.0
115.0 17.0
249.0 93.0
130.0 164.0
23.0 166.0
71.0 96.0
251.0 125.0
68.0 58.0
100.0 13.0
46.0 128.0
244.0 76.0
46.0 198.0
47.0 16.0
200.0 119.0
195.0 98.0
252.0 55.0
233.0 253.0
212.0 89.0
107.0 214.0
176.0 82.0
64.0 220.0
39.0 161.0
86.0 222.0
218.0 209.0
118.0 211.0
37.0 132.0
170.0 243.0
227.0 140.0
101.0 183.0
77.0 179.0
93.0 56.0
88.0 123.0
15.0 217.0
6.0 49.0
8.0 71.0
239.0 235.0
158.0 172.0
128.0 139.0
171.0 89.0
239.0 131.0
90.0 204.0
14.0 57.0
87.0 229.0
15.0 96.0
174.0 239.0
80.0 63.0
97.0 106.0
154.0 24.0
67.0 34.0
22.0 250.0
211.0 185.0
123.0 215.0
68.0 218.0
224.0 107.0
91.0 144.0
56.0 105.0
148.0 149.0
57.0 75.0
57.0 166.0
194.0 47.0
80.0 19.0
139.0 221.0
239.0 237.0
140.0 39.0
24.0 21.0
237.0 159.0
246.0 94.0
48.0 6.0
188.0 248.0
139.0 109.0
230.0 235.0
92.0 19.0
198.0 180.0
140.0 172.0
232.0 38.0
132.0 63.0
69.0 134.0
36.0 14.0
155.0 194.0
172.0 10.0
102.0 51.0
209.0 15.0
22.0 18.0
252.0 123.0
145.0 14.0
213.0 58.0
122.0 55.0
127.0 29.0
42.0 86.0
234.0 65.0
183.0 90.0
143.0 221.0
171.0 136.0
10.0 142.0
180.0 161.0
146.0 11.0
200.0 234.0
150.0 239.0
178.0 17.0
83.0 43.0
152.0 30.0
169.0 164.0
55.0 65.0
142.0 227.0
205.0 211.0
138.0 113.0
11.0 241.0
79.0 251.0
55.0 179.0
98.0 50.0
204.0 163.0
90.0 11.0
253.0 75.0
46.0 108.0
179.0 166.0
112.0 114.0
104.0 7.0
201.0 88.0
170.0 141.0
178.0 58.0
54.0 132.0
108.0 233.0
197.0 8.0
195.0 217.0
123.0 187.0
249.0 93.0
21.0 227.0
21.0 28.0
82.0 134.0
253.0 158.0
170.0 209.0
233.0 217.0
189.0 250.0
96.0 109.0
69.0 6.0
184.0 224.0
142.0 63.0
189.0 67.0
203.0 157.0
229.0 174.0
114.0 13.0
172.0 202.0
183.0 56.0
30.0 55.0
249.0 198.0
94.0 107.0
84.0 228.0
6.0 185.0
228.0 76.0
70.0 39.0
152.0 131.0
113.0 107.0
64.0 26.0
73.0 135.0
75.0 125.0
28.0 83.0
211.0 109.0
180.0 46.0
102.0 184.0
149.0 222.0
152.0 187.0
217.0 18.0
229.0 54.0
15.0 208.0
31.0 233.0
129.0 128.0
240.0 160.0
33.0 186.0
48.0 7.0
204.0 14.0
45.0 183.0
130.0 224.0
136.0 186.0
51.0 196.0
149.0 150.0
194.0 201.0
132.0 75.0
202.0 202.0
158.0 189.0
221.0 11.0
7.0 61.0
160.0 250.0
156.0 63.0
228.0 187.0
71.0 135.0
121.0 236.0
128.0 99.0
127.0 111.0
251.0 124.0
128.0 45.0
254.0 152.0
122.0 132.0
74.0 49.0
140.0 148.0
252.0 210.0
56.0 252.0
255.0 157.0
43.0 43.0
88.0 57.0
36.0 10.0
205.0 74.0
69.0 221.0
228.0 53.0
10.0 159.0
164.0 150.0
165.0 211.0
13.0 213.0
127.0 28.0
9.0 177.0
10.0 176.0
87.0 187.0
34.0 202.0
165.0 36.0
249.0 89.0
192.0 19.0
219.0 142.0
211.0 206.0
96.0 170.0
237.0 48.0
27.0 92.0
80.0 237.0
184.0 211.0
34.0 105.0
248.0 194.0
211.0 69.0
20.0 107.0
26.0 101.0
102.0 146.0
30.0 44.0
189.0 63.0
182.0 149.0
54.0 60.0
152.0 36.0
153.0 251.0
144.0 79.0
30.0 112.0
151.0 28.0
73.0 116.0
48.0 251.0
211.0 140.0
50.0 44.0
203.0 174.0
77.0 253.0
230.0 55.0
137.0 34.0
66.0 167.0
195.0 132.0
185.0 157.0
237.0 112.0
201.0 242.0
125.0 43.0
77.0 57.0
78.0 241.0
191.0 232.0
245.0 142.0
43.0 249.0
102.0 37.0
32.0 187.0
237.0 174.0
24.0 241.0
124.0 15.0
231.0 28.0
133.0 63.0
230.0 153.0
176.0 179.0
53.0 212.0
148.0 154.0
32.0 79.0
210.0 92.0
221.0 239.0
139.0 255.0
162.0 180.0
240.0 26.0
254.0 194.0
96.0 53.0
74.0 39.0
82.0 71.0
31.0 118.0
22.0 90.0
125.0 6.0
33.0 104.0
236.0 171.0
82.0 109.0
177.0 40.0
149.0 207.0
10.0 129.0
168.0 212.0
239.0 39.0
239.0 182.0
7.0 154.0
202.0 139.0
56.0 201.0
149.0 33.0
164.0 170.0
106.0 101.0
230.0 78.0
69.0 37.0
87.0 248.0
41.0 252.0
40.0 184.0
106.0 31.0
185.0 100.0
34.0 201.0
36.0 51.0
126.0 43.0
169.0 89.0
136.0 157.0
80.0 71.0
127.0 130.0
21.0 85.0
204.0 121.0
185.0 52.0
104.0 67.0
105.0 92.0
234.0 237.0
30.0 61.0
239.0 246.0
253.0 239.0
73.0 133.0
25.0 207.0
38.0 172.0
201.0 9.0
135.0 225.0
48.0 244.0
62.0 162.0
50.0 103.0
59.0 240.0
248.0 89.0
116.0 147.0
57.0 48.0
77.0 184.0
8.0 171.0
17.0 189.0
185.0 168.0
86.0 61.0
223.0 194.0
68.0 79.0
254.0 67.0
196.0 21.0
254.0 238.0
119.0 165.0
98.0 216.0
194.0 14.0
161.0 247.0
90.0 255.0
71.0 62.0
35.0 111.0
154.0 141.0
67.0 254.0
42.0 225.0
213.0 88.0
58.0 51.0
114.0 122.0
26.0 230.0
151.0 186.0
227.0 144.0
163.0 62.0
22.0 80.0
256.0 138.0
244.0 150.0
117.0 52.0
243.0 96.0
224.0 81.0
66.0 144.0
25.0 70.0
63.0 113.0
13.0 37.0
205.0 76.0
242.0 183.0
102.0 189.0
49.0 252.0
94.0 63.0
126.0 101.0
28.0 180.0
120.0 103.0
249.0 135.0
249.0 55.0
238.0 49.0
21.0 130.0
115.0 47.0
141.0 154.0
15.0 72.0
79.0 113.0
204.0 11.0
20.0 78.0
66.0 26.0
241.0 41.0
179.0 240.0
99.0 243.0
37.0 239.0
248.0 118.0
210.0 189.0
108.0 47.0
144.0 164.0
149.0 169.0
35.0 92.0
120.0 87.0
50.0 49.0
140.0 71.0
49.0 186.0
133.0 222.0
96.0 125.0
233.0 94.0
98.0 4.0
189.0 93.0
23.0 145.0
33.0 18.0
46.0 94.0
219.0 233.0
73.0 194.0
47.0 151.0
35.0 42.0
246.0 161.0
61.0 95.0
152.0 117.0
43.0 191.0
238.0 38.0
