1
1024 1 3.0 0.0 1000.0 3 160 240 100

6.5 13.5 29.3 58.5
13.0 27.0 58.5 117.0
19.5 40.5 87.8 175.5
26.0 54.0 117.0 234.0
39.0 81.0 175.5 351.0
52.0 108.0 234.0 468.0
58.5 121.5 263.3 526.5
65.0 135.0 292.5 585.0
78.0 162.0 351.0 702.0
0.0 180.0 390.0 780.0

2.0 5.0 8.0 11.0
5.0 8.0 11.0 14.0
9.0 12.0 15.0 18.0
11.0 14.0 17.0 20.0
15.0 18.0 21.0 24.0
18.0 21.0 24.0 27.0
20.0 23.0 26.0 29.0
25.0 28.0 31.0 34.0
29.0 32.0 35.0 38.0
0.0 34.0 37.0 40.0

94.0 7.0
93.0 244.0
199.0 113.0
20.0 60.0
41.0 121.0
19.0 197.0
217.0 149.0
48.0 240.0
91.0 245.0
145.0 133.0
43.0 126.0
127.0 76.0
42.0 86.0
120.0 20.0
123.0 114.0
142.0 183.0
169.0 70.0
83.0 111.0
227.0 80.0
167.0 87.0
116.0 121.0
117.0 32.0
193.0 86.0
231.0 70.0
151.0 179.0
222.0 36.0
97.0 43.0
155.0 223.0
157.0 102.0
187.0 17.0
224.0 156.0
107.0 94.0
238.0 59.0
225.0 196.0
218.0 173.0
239.0 53.0
71.0 38.0
13.0 72.0
30.0 70.0
21.0 247.0
110.0 117.0
246.0 33.0
51.0 48.0
177.0 16.0
40.0 91.0
85.0 241.0
33.0 209.0
59.0 159.0
92.0 110.0
135.0 177.0
202.0 51.0
120.0 156.0
94.0 174.0
58.0 205.0
162.0 135.0
83.0 239.0
139.0 144.0
212.0 47.0
230.0 73.0
205.0 176.0
246.0 102.0
183.0 35.0
72.0 193.0
236.0 139.0
125.0 233.0
92.0 11.0
15.0 21.0
220.0 52.0
192.0 58.0
40.0 15.0
164.0 187.0
3.0 18.0
194.0 175.0
83.0 113.0
191.0 150.0
71.0 213.0
71.0 121.0
92.0 18.0
180.0 105.0
96.0 129.0
186.0 229.0
141.0 104.0
145.0 196.0
70.0 24.0
40.0 108.0
41.0 201.0
103.0 168.0
140.0 216.0
108.0 120.0
139.0 46.0
71.0 78.0
31.0 95.0
157.0 229.0
13.0 8.0
119.0 186.0
176.0 219.0
183.0 96.0
197.0 221.0
92.0 162.0
177.0 139.0
83.0 50.0
37.0 239.0
144.0 223.0
229.0 47.0
199.0 49.0
78.0 104.0
191.0 84.0
117.0 156.0
91.0 22.0
96.0 180.0
167.0 85.0
184.0 161.0
181.0 201.0
143.0 152.0
210.0 141.0
124.0 167.0
138.0 77.0
246.0 44.0
147.0 110.0
230.0 216.0
119.0 103.0
121.0 150.0
156.0 238.0
237.0 18.0
6.0 23.0
34.0 230.0
230.0 25.0
109.0 28.0
8.0 191.0
186.0 125.0
69.0 156.0
170.0 243.0
245.0 18.0
237.0 137.0
22.0 117.0
184.0 84.0
206.0 162.0
107.0 69.0
207.0 120.0
30.0 245.0
187.0 93.0
167.0 44.0
183.0 213.0
68.0 134.0
101.0 156.0
202.0 223.0
45.0 195.0
105.0 31.0
19.0 248.0
25.0 56.0
77.0 224.0
60.0 83.0
87.0 5.0
104.0 181.0
75.0 229.0
212.0 17.0
168.0 100.0
85.0 106.0
232.0 5.0
157.0 197.0
111.0 43.0
95.0 44.0
183.0 123.0
101.0 140.0
1.0 104.0
175.0 24.0
122.0 20.0
109.0 128.0
26.0 228.0
0.0 153.0
79.0 151.0
183.0 37.0
85.0 79.0
230.0 166.0
5.0 75.0
55.0 247.0
6.0 75.0
143.0 117.0
41.0 100.0
60.0 34.0
10.0 49.0
155.0 108.0
73.0 113.0
212.0 36.0
29.0 155.0
114.0 167.0
227.0 221.0
125.0 199.0
27.0 148.0
245.0 152.0
164.0 71.0
127.0 50.0
168.0 157.0
103.0 65.0
43.0 240.0
219.0 202.0
244.0 85.0
182.0 140.0
46.0 48.0
240.0 185.0
196.0 4.0
42.0 81.0
74.0 188.0
106.0 249.0
139.0 173.0
77.0 87.0
248.0 37.0
19.0 13.0
250.0 46.0
61.0 23.0
82.0 31.0
3.0 66.0
133.0 168.0
83.0 123.0
216.0 219.0
145.0 177.0
67.0 51.0
8.0 93.0
65.0 129.0
180.0 204.0
225.0 179.0
77.0 248.0
28.0 70.0
18.0 102.0
21.0 15.0
32.0 46.0
123.0 243.0
119.0 150.0
190.0 123.0
138.0 151.0
167.0 32.0
69.0 10.0
230.0 40.0
221.0 159.0
143.0 113.0
237.0 9.0
93.0 17.0
105.0 87.0
111.0 240.0
145.0 8.0
224.0 13.0
65.0 27.0
48.0 96.0
168.0 240.0
110.0 56.0
184.0 72.0
239.0 72.0
193.0 233.0
172.0 105.0
220.0 152.0
98.0 114.0
111.0 208.0
164.0 27.0
128.0 138.0
37.0 0.0
16.0 58.0
175.0 82.0
93.0 111.0
16.0 173.0
239.0 51.0
125.0 19.0
219.0 149.0
135.0 15.0
88.0 116.0
124.0 176.0
231.0 27.0
167.0 179.0
172.0 103.0
70.0 202.0
74.0 185.0
134.0 103.0
184.0 129.0
113.0 21.0
33.0 107.0
58.0 84.0
12.0 139.0
105.0 173.0
2.0 228.0
20.0 42.0
67.0 60.0
171.0 149.0
15.0 239.0
141.0 85.0
186.0 171.0
6.0 102.0
182.0 175.0
118.0 12.0
247.0 64.0
53.0 50.0
141.0 155.0
184.0 132.0
112.0 67.0
159.0 205.0
152.0 150.0
123.0 6.0
39.0 14.0
97.0 46.0
220.0 154.0
208.0 9.0
163.0 226.0
80.0 18.0
105.0 135.0
193.0 69.0
197.0 84.0
138.0 224.0
109.0 137.0
229.0 221.0
208.0 69.0
234.0 240.0
5.0 164.0
90.0 90.0
105.0 141.0
242.0 182.0
235.0 210.0
65.0 191.0
207.0 87.0
169.0 136.0
9.0 78.0
156.0 157.0
24.0 205.0
241.0 94.0
172.0 92.0
208.0 28.0
117.0 210.0
221.0 4.0
210.0 94.0
82.0 228.0
165.0 224.0
98.0 76.0
39.0 89.0
9.0 97.0
120.0 235.0
17.0 202.0
179.0 179.0
249.0 111.0
63.0 149.0
65.0 127.0
204.0 132.0
168.0 161.0
152.0 58.0
54.0 240.0
85.0 0.0
129.0 13.0
19.0 89.0
166.0 119.0
54.0 124.0
47.0 81.0
4.0 234.0
85.0 185.0
115.0 177.0
4.0 138.0
101.0 10.0
243.0 115.0
74.0 104.0
37.0 78.0
228.0 88.0
63.0 122.0
215.0 97.0
233.0 116.0
213.0 14.0
54.0 234.0
245.0 217.0
243.0 55.0
111.0 142.0
157.0 190.0
138.0 48.0
102.0 227.0
223.0 166.0
195.0 92.0
245.0 3.0
228.0 245.0
209.0 105.0
72.0 168.0
56.0 161.0
217.0 198.0
149.0 144.0
79.0 43.0
224.0 248.0
71.0 148.0
194.0 176.0
189.0 127.0
239.0 164.0
222.0 62.0
168.0 195.0
225.0 246.0
127.0 141.0
238.0 55.0
13.0 154.0
8.0 153.0
37.0 200.0
76.0 72.0
179.0 157.0
119.0 30.0
98.0 249.0
15.0 120.0
111.0 123.0
162.0 118.0
183.0 209.0
140.0 190.0
180.0 40.0
124.0 85.0
178.0 54.0
3.0 243.0
213.0 184.0
242.0 26.0
157.0 117.0
82.0 122.0
212.0 175.0
216.0 205.0
76.0 55.0
174.0 29.0
174.0 10.0
180.0 166.0
108.0 94.0
85.0 183.0
107.0 170.0
22.0 99.0
4.0 173.0
246.0 43.0
136.0 211.0
200.0 74.0
93.0 120.0
132.0 211.0
60.0 181.0
175.0 17.0
64.0 230.0
110.0 143.0
2.0 11.0
77.0 67.0
128.0 118.0
87.0 52.0
4.0 245.0
236.0 177.0
213.0 233.0
81.0 111.0
218.0 236.0
211.0 82.0
48.0 142.0
102.0 101.0
48.0 179.0
168.0 21.0
22.0 223.0
202.0 107.0
123.0 117.0
13.0 77.0
184.0 135.0
80.0 161.0
235.0 33.0
130.0 17.0
16.0 189.0
115.0 182.0
105.0 156.0
106.0 1.0
101.0 248.0
199.0 111.0
106.0 114.0
83.0 39.0
62.0 37.0
245.0 102.0
75.0 48.0
82.0 71.0
146.0 217.0
4.0 141.0
76.0 69.0
206.0 44.0
79.0 130.0
46.0 237.0
1.0 178.0
75.0 111.0
63.0 57.0
58.0 39.0
127.0 30.0
127.0 76.0
52.0 138.0
55.0 12.0
5.0 165.0
155.0 211.0
165.0 68.0
155.0 54.0
61.0 74.0
214.0 71.0
121.0 195.0
18.0 168.0
24.0 234.0
14.0 185.0
74.0 150.0
99.0 66.0
66.0 239.0
179.0 233.0
216.0 126.0
68.0 90.0
27.0 137.0
239.0 108.0
22.0 187.0
39.0 60.0
92.0 115.0
248.0 216.0
20.0 233.0
222.0 191.0
55.0 147.0
128.0 152.0
209.0 237.0
125.0 180.0
43.0 232.0
138.0 122.0
236.0 142.0
190.0 117.0
65.0 104.0
77.0 240.0
233.0 35.0
221.0 76.0
31.0 23.0
102.0 63.0
164.0 219.0
246.0 8.0
91.0 39.0
33.0 13.0
74.0 68.0
178.0 82.0
192.0 93.0
29.0 29.0
103.0 37.0
155.0 73.0
213.0 90.0
247.0 108.0
149.0 196.0
178.0 192.0
61.0 54.0
117.0 78.0
50.0 169.0
177.0 226.0
95.0 2.0
107.0 2.0
165.0 102.0
133.0 107.0
16.0 166.0
100.0 79.0
222.0 33.0
119.0 43.0
80.0 170.0
15.0 161.0
57.0 42.0
151.0 88.0
30.0 52.0
38.0 23.0
136.0 54.0
207.0 16.0
99.0 8.0
93.0 6.0
213.0 167.0
58.0 131.0
236.0 215.0
177.0 148.0
7.0 139.0
17.0 137.0
146.0 128.0
187.0 198.0
33.0 148.0
244.0 194.0
56.0 119.0
110.0 120.0
196.0 212.0
225.0 30.0
56.0 75.0
198.0 222.0
36.0 125.0
59.0 242.0
143.0 91.0
13.0 32.0
238.0 64.0
161.0 153.0
110.0 131.0
211.0 44.0
41.0 206.0
29.0 106.0
131.0 23.0
183.0 214.0
168.0 14.0
179.0 63.0
188.0 179.0
197.0 75.0
147.0 39.0
135.0 148.0
202.0 146.0
143.0 104.0
163.0 133.0
94.0 239.0
245.0 131.0
25.0 204.0
39.0 188.0
146.0 249.0
215.0 113.0
62.0 187.0
5.0 28.0
171.0 220.0
92.0 169.0
33.0 132.0
98.0 80.0
29.0 96.0
148.0 145.0
231.0 235.0
94.0 197.0
189.0 58.0
247.0 41.0
164.0 33.0
76.0 9.0
154.0 44.0
97.0 237.0
110.0 124.0
31.0 182.0
59.0 78.0
90.0 183.0
169.0 14.0
85.0 200.0
79.0 33.0
95.0 182.0
177.0 203.0
13.0 51.0
6.0 205.0
88.0 140.0
109.0 148.0
145.0 195.0
133.0 69.0
239.0 152.0
99.0 227.0
38.0 179.0
63.0 100.0
79.0 59.0
189.0 63.0
49.0 39.0
70.0 20.0
130.0 94.0
211.0 109.0
174.0 98.0
135.0 114.0
116.0 240.0
137.0 94.0
36.0 43.0
35.0 223.0
130.0 188.0
59.0 225.0
141.0 160.0
111.0 49.0
133.0 1.0
153.0 3.0
30.0 93.0
86.0 149.0
171.0 122.0
4.0 42.0
203.0 8.0
55.0 232.0
160.0 103.0
174.0 5.0
187.0 37.0
37.0 141.0
140.0 167.0
136.0 45.0
126.0 118.0
195.0 154.0
109.0 242.0
193.0 108.0
13.0 125.0
109.0 203.0
65.0 81.0
11.0 241.0
197.0 140.0
233.0 172.0
126.0 100.0
148.0 19.0
34.0 13.0
142.0 110.0
119.0 61.0
187.0 217.0
54.0 66.0
218.0 20.0
242.0 209.0
118.0 110.0
35.0 83.0
125.0 74.0
188.0 18.0
79.0 12.0
82.0 199.0
224.0 137.0
103.0 130.0
87.0 195.0
113.0 70.0
31.0 229.0
248.0 158.0
132.0 49.0
114.0 194.0
101.0 49.0
249.0 187.0
15.0 120.0
34.0 10.0
222.0 174.0
53.0 129.0
44.0 138.0
207.0 154.0
26.0 77.0
214.0 29.0
225.0 171.0
164.0 238.0
161.0 77.0
143.0 228.0
62.0 30.0
220.0 40.0
130.0 95.0
184.0 232.0
101.0 37.0
202.0 212.0
191.0 100.0
155.0 173.0
85.0 46.0
204.0 150.0
178.0 108.0
217.0 238.0
100.0 87.0
231.0 138.0
122.0 124.0
204.0 186.0
83.0 3.0
115.0 149.0
61.0 137.0
33.0 86.0
74.0 214.0
83.0 168.0
133.0 49.0
74.0 138.0
75.0 221.0
80.0 174.0
112.0 172.0
105.0 217.0
157.0 239.0
11.0 149.0
236.0 147.0
219.0 6.0
172.0 74.0
227.0 240.0
218.0 185.0
72.0 90.0
213.0 123.0
178.0 197.0
54.0 232.0
80.0 148.0
181.0 119.0
78.0 218.0
9.0 203.0
209.0 106.0
98.0 250.0
209.0 71.0
158.0 143.0
214.0 133.0
26.0 26.0
10.0 118.0
98.0 200.0
214.0 100.0
233.0 16.0
49.0 121.0
220.0 36.0
231.0 136.0
220.0 80.0
20.0 192.0
145.0 43.0
52.0 142.0
238.0 232.0
140.0 39.0
227.0 244.0
54.0 150.0
166.0 237.0
58.0 92.0
220.0 7.0
114.0 150.0
134.0 92.0
162.0 179.0
7.0 191.0
226.0 3.0
6.0 247.0
167.0 92.0
244.0 101.0
194.0 71.0
102.0 200.0
78.0 187.0
70.0 130.0
46.0 192.0
38.0 90.0
195.0 132.0
228.0 206.0
18.0 115.0
54.0 161.0
248.0 192.0
5.0 181.0
5.0 31.0
201.0 223.0
61.0 158.0
84.0 23.0
93.0 63.0
26.0 236.0
107.0 63.0
202.0 194.0
42.0 107.0
113.0 139.0
86.0 41.0
242.0 89.0
115.0 127.0
119.0 56.0
149.0 225.0
119.0 161.0
105.0 52.0
173.0 240.0
137.0 43.0
90.0 101.0
195.0 128.0
14.0 152.0
227.0 42.0
128.0 205.0
35.0 124.0
238.0 23.0
83.0 113.0
210.0 53.0
139.0 238.0
45.0 47.0
169.0 4.0
165.0 118.0
3.0 107.0
91.0 73.0
66.0 226.0
194.0 189.0
47.0 27.0
84.0 158.0
200.0 240.0
194.0 224.0
16.0 14.0
242.0 129.0
79.0 51.0
9.0 15.0
221.0 83.0
241.0 10.0
180.0 77.0
232.0 40.0
229.0 113.0
28.0 200.0
111.0 173.0
183.0 120.0
140.0 185.0
123.0 20.0
156.0 179.0
190.0 15.0
75.0 6.0
33.0 7.0
106.0 129.0
47.0 73.0
241.0 46.0
159.0 84.0
222.0 231.0
24.0 72.0
208.0 26.0
65.0 222.0
227.0 6.0
48.0 115.0
17.0 111.0
236.0 230.0
193.0 200.0
199.0 213.0
0.0 199.0
201.0 35.0
192.0 105.0
115.0 176.0
177.0 175.0
146.0 88.0
99.0 152.0
216.0 190.0
115.0 7.0
140.0 21.0
164.0 163.0
92.0 200.0
118.0 56.0
100.0 166.0
228.0 129.0
200.0 235.0
129.0 228.0
121.0 80.0
210.0 140.0
236.0 32.0
209.0 91.0
47.0 189.0
241.0 95.0
55.0 106.0
228.0 81.0
152.0 179.0
67.0 66.0
23.0 119.0
137.0 181.0
64.0 7.0
97.0 188.0
172.0 193.0
204.0 180.0
53.0 165.0
226.0 205.0
20.0 24.0
70.0 158.0
53.0 59.0
44.0 42.0
211.0 188.0
27.0 58.0
59.0 138.0
77.0 29.0
65.0 250.0
122.0 217.0
2.0 149.0
163.0 161.0
190.0 64.0
220.0 0.0
242.0 133.0
109.0 2.0
15.0 127.0
147.0 145.0
57.0 44.0
233.0 120.0
131.0 122.0
49.0 190.0
234.0 119.0
185.0 179.0
53.0 15.0
75.0 133.0
161.0 118.0
158.0 59.0
32.0 96.0
27.0 166.0
24.0 58.0
122.0 122.0
56.0 67.0
83.0 136.0
1.0 76.0
203.0 13.0
137.0 75.0
234.0 93.0
62.0 30.0
83.0 116.0
34.0 50.0
56.0 50.0
18.0 230.0
44.0 31.0
28.0 229.0
185.0 95.0
174.0 163.0
34.0 213.0
119.0 239.0
129.0 202.0
231.0 89.0
129.0 128.0
28.0 111.0
32.0 152.0
45.0 135.0
14.0 76.0
125.0 112.0
31.0 152.0
126.0 13.0
107.0 32.0
161.0 5.0
59.0 58.0
8.0 232.0
213.0 143.0
171.0 119.0
244.0 58.0
99.0 181.0
62.0 7.0
184.0 104.0
3.0 192.0
152.0 217.0
123.0 100.0
108.0 0.0
227.0 101.0
222.0 115.0
64.0 233.0
170.0 234.0
177.0 100.0
236.0 22.0
234.0 165.0
23.0 180.0
199.0 229.0
61.0 28.0
33.0 243.0
166.0 154.0
166.0 141.0
172.0 239.0
61.0 192.0
36.0 215.0
235.0 204.0
70.0 220.0
161.0 187.0
151.0 157.0
76.0 196.0
63.0 183.0
224.0 78.0
181.0 55.0
176.0 218.0
31.0 50.0
154.0 142.0
68.0 246.0
104.0 190.0
62.0 12.0
88.0 239.0
80.0 123.0
105.0 72.0
72.0 211.0
27.0 246.0
159.0 110.0
160.0 171.0
38.0 166.0
222.0 145.0
197.0 199.0
122.0 164.0
233.0 73.0
220.0 139.0
119.0 170.0
64.0 211.0
55.0 108.0
168.0 170.0
137.0 123.0
203.0 40.0
111.0 86.0
23.0 219.0
58.0 188.0
44.0 111.0

100.0 13.0
99.0 250.0
204.0 118.0
25.0 66.0
47.0 127.0
23.0 202.0
223.0 155.0
53.0 245.0
96.0 251.0
149.0 138.0
47.0 131.0
132.0 82.0
46.0 92.0
124.0 26.0
128.0 119.0
148.0 188.0
173.0 75.0
89.0 115.0
233.0 84.0
172.0 93.0
122.0 125.0
122.0 37.0
197.0 90.0
235.0 74.0
155.0 183.0
227.0 41.0
101.0 48.0
159.0 227.0
163.0 107.0
193.0 22.0
229.0 162.0
112.0 99.0
242.0 63.0
230.0 201.0
223.0 178.0
243.0 58.0
76.0 43.0
18.0 77.0
34.0 76.0
26.0 252.0
115.0 121.0
251.0 38.0
56.0 53.0
182.0 21.0
45.0 97.0
89.0 246.0
39.0 213.0
63.0 164.0
97.0 115.0
140.0 181.0
207.0 56.0
125.0 160.0
100.0 178.0
63.0 210.0
167.0 140.0
88.0 243.0
145.0 149.0
216.0 53.0
234.0 78.0
210.0 181.0
250.0 107.0
188.0 41.0
76.0 199.0
240.0 145.0
130.0 238.0
97.0 17.0
21.0 25.0
224.0 57.0
198.0 64.0
44.0 19.0
170.0 191.0
7.0 22.0
198.0 180.0
88.0 119.0
196.0 156.0
76.0 219.0
76.0 126.0
97.0 23.0
186.0 110.0
102.0 134.0
192.0 234.0
145.0 110.0
150.0 201.0
75.0 29.0
45.0 114.0
47.0 205.0
108.0 173.0
144.0 221.0
113.0 124.0
144.0 50.0
76.0 83.0
36.0 99.0
161.0 234.0
19.0 14.0
125.0 191.0
181.0 224.0
189.0 101.0
202.0 227.0
98.0 167.0
181.0 144.0
89.0 56.0
41.0 244.0
149.0 228.0
234.0 53.0
203.0 54.0
83.0 109.0
197.0 89.0
123.0 162.0
96.0 26.0
101.0 184.0
171.0 90.0
189.0 165.0
186.0 206.0
147.0 157.0
214.0 146.0
130.0 173.0
142.0 81.0
251.0 50.0
151.0 115.0
234.0 222.0
124.0 109.0
126.0 156.0
160.0 244.0
242.0 22.0
11.0 27.0
39.0 234.0
235.0 30.0
113.0 34.0
14.0 196.0
192.0 130.0
74.0 162.0
176.0 248.0
250.0 22.0
241.0 141.0
26.0 123.0
189.0 89.0
211.0 168.0
111.0 73.0
211.0 126.0
34.0 250.0
191.0 99.0
171.0 49.0
188.0 218.0
72.0 140.0
107.0 161.0
207.0 228.0
50.0 200.0
109.0 37.0
25.0 252.0
31.0 60.0
82.0 229.0
65.0 88.0
92.0 11.0
108.0 186.0
81.0 234.0
217.0 23.0
174.0 104.0
91.0 111.0
237.0 9.0
162.0 202.0
116.0 48.0
100.0 49.0
189.0 128.0
107.0 145.0
5.0 109.0
180.0 30.0
128.0 26.0
114.0 133.0
31.0 232.0
5.0 158.0
83.0 156.0
189.0 43.0
90.0 85.0
235.0 170.0
10.0 80.0
60.0 252.0
10.0 79.0
148.0 121.0
47.0 105.0
66.0 39.0
16.0 54.0
161.0 112.0
78.0 118.0
216.0 40.0
34.0 160.0
120.0 171.0
233.0 226.0
129.0 203.0
31.0 152.0
251.0 157.0
169.0 75.0
133.0 56.0
174.0 161.0
109.0 71.0
48.0 245.0
223.0 207.0
249.0 89.0
187.0 144.0
51.0 52.0
244.0 190.0
200.0 8.0
47.0 86.0
80.0 193.0
111.0 254.0
143.0 178.0
81.0 92.0
253.0 43.0
24.0 19.0
255.0 51.0
66.0 28.0
86.0 36.0
8.0 71.0
139.0 173.0
88.0 127.0
221.0 224.0
150.0 181.0
71.0 55.0
12.0 97.0
70.0 134.0
185.0 210.0
229.0 184.0
82.0 253.0
33.0 74.0
23.0 107.0
26.0 20.0
37.0 51.0
128.0 247.0
124.0 155.0
195.0 128.0
143.0 155.0
172.0 38.0
74.0 15.0
235.0 46.0
225.0 165.0
148.0 118.0
242.0 13.0
98.0 23.0
109.0 92.0
116.0 246.0
150.0 13.0
229.0 18.0
70.0 32.0
52.0 100.0
173.0 245.0
114.0 62.0
189.0 77.0
244.0 77.0
197.0 239.0
176.0 109.0
224.0 158.0
103.0 120.0
116.0 213.0
170.0 32.0
133.0 144.0
42.0 5.0
20.0 63.0
181.0 87.0
98.0 116.0
21.0 177.0
243.0 57.0
130.0 24.0
224.0 155.0
139.0 20.0
93.0 122.0
130.0 181.0
236.0 31.0
173.0 184.0
176.0 108.0
74.0 207.0
80.0 191.0
138.0 109.0
190.0 133.0
117.0 27.0
38.0 112.0
62.0 90.0
18.0 144.0
111.0 179.0
6.0 232.0
26.0 47.0
71.0 64.0
177.0 154.0
20.0 243.0
146.0 91.0
191.0 176.0
11.0 106.0
187.0 180.0
123.0 16.0
253.0 69.0
57.0 55.0
146.0 161.0
190.0 136.0
117.0 72.0
165.0 210.0
157.0 154.0
128.0 10.0
44.0 18.0
103.0 50.0
225.0 159.0
213.0 15.0
167.0 230.0
86.0 23.0
110.0 140.0
198.0 75.0
203.0 89.0
142.0 230.0
114.0 143.0
235.0 227.0
214.0 74.0
239.0 244.0
11.0 169.0
94.0 96.0
109.0 147.0
247.0 186.0
240.0 215.0
69.0 197.0
211.0 93.0
175.0 141.0
13.0 84.0
161.0 162.0
29.0 209.0
246.0 99.0
176.0 97.0
214.0 34.0
123.0 214.0
226.0 9.0
215.0 100.0
88.0 233.0
170.0 230.0
102.0 81.0
44.0 93.0
14.0 102.0
124.0 240.0
22.0 206.0
184.0 184.0
254.0 116.0
68.0 154.0
70.0 132.0
209.0 138.0
172.0 166.0
156.0 62.0
59.0 246.0
91.0 5.0
134.0 17.0
24.0 94.0
172.0 124.0
60.0 129.0
51.0 86.0
9.0 239.0
89.0 190.0
120.0 182.0
9.0 143.0
106.0 16.0
248.0 120.0
79.0 108.0
42.0 83.0
234.0 92.0
68.0 128.0
220.0 102.0
237.0 121.0
217.0 19.0
59.0 239.0
250.0 223.0
247.0 61.0
115.0 146.0
162.0 195.0
143.0 52.0
106.0 232.0
228.0 170.0
199.0 97.0
250.0 8.0
234.0 249.0
213.0 110.0
77.0 174.0
60.0 167.0
223.0 203.0
154.0 149.0
85.0 48.0
230.0 254.0
75.0 154.0
198.0 181.0
194.0 132.0
244.0 169.0
227.0 67.0
173.0 199.0
230.0 250.0
131.0 145.0
242.0 59.0
19.0 159.0
12.0 158.0
41.0 204.0
80.0 76.0
183.0 162.0
124.0 36.0
103.0 253.0
21.0 125.0
117.0 127.0
166.0 123.0
188.0 214.0
144.0 195.0
185.0 45.0
130.0 90.0
184.0 59.0
7.0 249.0
219.0 190.0
248.0 31.0
162.0 121.0
87.0 126.0
216.0 179.0
222.0 210.0
82.0 60.0
179.0 35.0
179.0 15.0
186.0 171.0
113.0 98.0
90.0 188.0
112.0 175.0
26.0 103.0
10.0 178.0
251.0 47.0
140.0 216.0
204.0 79.0
97.0 124.0
137.0 217.0
65.0 186.0
180.0 23.0
69.0 236.0
116.0 148.0
7.0 16.0
83.0 71.0
132.0 123.0
92.0 58.0
9.0 249.0
241.0 182.0
219.0 238.0
85.0 116.0
222.0 241.0
217.0 88.0
52.0 146.0
108.0 107.0
53.0 184.0
174.0 25.0
27.0 229.0
208.0 113.0
129.0 121.0
18.0 83.0
189.0 140.0
84.0 167.0
239.0 38.0
135.0 22.0
22.0 193.0
119.0 187.0
110.0 161.0
111.0 6.0
105.0 253.0
204.0 115.0
110.0 120.0
88.0 43.0
68.0 43.0
250.0 108.0
80.0 53.0
87.0 76.0
150.0 222.0
10.0 145.0
81.0 73.0
211.0 48.0
84.0 134.0
51.0 243.0
6.0 184.0
80.0 117.0
67.0 62.0
63.0 44.0
132.0 36.0
133.0 81.0
58.0 143.0
59.0 17.0
11.0 171.0
160.0 217.0
170.0 73.0
160.0 59.0
66.0 80.0
218.0 75.0
127.0 199.0
24.0 173.0
29.0 238.0
19.0 190.0
79.0 155.0
103.0 71.0
71.0 243.0
185.0 238.0
220.0 130.0
73.0 94.0
31.0 142.0
244.0 113.0
27.0 192.0
45.0 64.0
97.0 121.0
253.0 221.0
26.0 238.0
226.0 195.0
60.0 152.0
133.0 158.0
213.0 241.0
131.0 185.0
48.0 236.0
143.0 126.0
240.0 146.0
195.0 123.0
70.0 109.0
82.0 244.0
238.0 39.0
227.0 81.0
36.0 28.0
108.0 69.0
168.0 225.0
251.0 13.0
97.0 44.0
38.0 17.0
78.0 74.0
184.0 87.0
197.0 98.0
35.0 33.0
108.0 42.0
160.0 77.0
219.0 95.0
252.0 114.0
153.0 202.0
184.0 197.0
66.0 59.0
122.0 82.0
55.0 175.0
183.0 232.0
100.0 7.0
113.0 8.0
171.0 108.0
138.0 112.0
21.0 170.0
105.0 83.0
227.0 38.0
124.0 48.0
84.0 174.0
20.0 167.0
61.0 47.0
157.0 93.0
34.0 57.0
44.0 28.0
140.0 59.0
212.0 22.0
105.0 13.0
97.0 11.0
218.0 171.0
63.0 136.0
241.0 221.0
183.0 152.0
12.0 144.0
22.0 142.0
152.0 133.0
192.0 202.0
39.0 153.0
249.0 199.0
60.0 123.0
116.0 124.0
200.0 217.0
230.0 36.0
62.0 80.0
203.0 228.0
41.0 130.0
65.0 247.0
149.0 95.0
19.0 37.0
243.0 69.0
167.0 158.0
116.0 137.0
215.0 49.0
46.0 211.0
34.0 110.0
136.0 29.0
189.0 219.0
173.0 20.0
183.0 68.0
193.0 185.0
202.0 80.0
152.0 44.0
140.0 154.0
208.0 151.0
149.0 110.0
169.0 138.0
99.0 243.0
250.0 136.0
29.0 210.0
44.0 193.0
151.0 254.0
220.0 118.0
66.0 193.0
10.0 34.0
175.0 225.0
97.0 174.0
38.0 136.0
102.0 85.0
34.0 102.0
153.0 151.0
235.0 240.0
99.0 203.0
195.0 63.0
251.0 45.0
169.0 39.0
81.0 13.0
159.0 48.0
102.0 242.0
115.0 130.0
36.0 187.0
65.0 83.0
95.0 189.0
173.0 19.0
90.0 205.0
83.0 37.0
100.0 188.0
181.0 208.0
17.0 56.0
10.0 209.0
92.0 146.0
114.0 153.0
151.0 200.0
138.0 73.0
243.0 157.0
104.0 232.0
43.0 185.0
68.0 105.0
84.0 64.0
194.0 69.0
54.0 44.0
75.0 26.0
134.0 100.0
216.0 114.0
179.0 102.0
139.0 120.0
121.0 244.0
141.0 100.0
42.0 48.0
40.0 228.0
135.0 193.0
63.0 231.0
147.0 165.0
117.0 54.0
138.0 7.0
158.0 9.0
36.0 97.0
91.0 154.0
175.0 127.0
9.0 48.0
209.0 12.0
61.0 237.0
166.0 109.0
179.0 11.0
193.0 42.0
42.0 147.0
145.0 171.0
141.0 50.0
132.0 123.0
201.0 158.0
115.0 248.0
198.0 113.0
18.0 130.0
115.0 208.0
70.0 86.0
17.0 246.0
202.0 145.0
238.0 177.0
131.0 104.0
153.0 25.0
39.0 17.0
147.0 116.0
125.0 67.0
192.0 221.0
59.0 70.0
222.0 25.0
247.0 214.0
123.0 116.0
40.0 88.0
130.0 78.0
193.0 23.0
83.0 17.0
88.0 204.0
229.0 143.0
108.0 136.0
92.0 199.0
118.0 75.0
35.0 233.0
253.0 162.0
136.0 54.0
120.0 200.0
106.0 53.0
255.0 192.0
20.0 124.0
39.0 14.0
226.0 180.0
59.0 134.0
50.0 143.0
212.0 158.0
31.0 82.0
218.0 34.0
229.0 177.0
169.0 244.0
167.0 81.0
148.0 232.0
67.0 35.0
225.0 45.0
135.0 99.0
189.0 236.0
106.0 43.0
208.0 217.0
196.0 104.0
159.0 177.0
90.0 51.0
209.0 156.0
182.0 112.0
222.0 243.0
105.0 92.0
237.0 143.0
127.0 129.0
210.0 191.0
87.0 8.0
120.0 154.0
66.0 141.0
38.0 91.0
78.0 219.0
88.0 174.0
139.0 54.0
78.0 142.0
80.0 227.0
86.0 179.0
118.0 177.0
109.0 222.0
161.0 244.0
16.0 155.0
241.0 151.0
224.0 12.0
177.0 80.0
231.0 246.0
224.0 190.0
77.0 94.0
219.0 127.0
184.0 202.0
60.0 237.0
86.0 152.0
186.0 125.0
84.0 223.0
15.0 208.0
214.0 110.0
103.0 256.0
213.0 76.0
164.0 147.0
220.0 138.0
30.0 32.0
15.0 123.0
102.0 206.0
219.0 105.0
237.0 22.0
54.0 127.0
226.0 41.0
237.0 142.0
226.0 85.0
24.0 197.0
151.0 47.0
57.0 148.0
244.0 237.0
146.0 45.0
232.0 250.0
60.0 156.0
171.0 241.0
63.0 97.0
225.0 12.0
120.0 154.0
138.0 98.0
167.0 184.0
12.0 197.0
230.0 7.0
11.0 252.0
173.0 98.0
249.0 105.0
198.0 77.0
107.0 206.0
84.0 192.0
74.0 134.0
50.0 196.0
44.0 95.0
200.0 136.0
232.0 210.0
23.0 119.0
60.0 166.0
254.0 198.0
11.0 185.0
10.0 37.0
206.0 228.0
67.0 163.0
88.0 27.0
98.0 67.0
32.0 241.0
113.0 68.0
207.0 199.0
47.0 112.0
118.0 145.0
90.0 45.0
247.0 95.0
120.0 133.0
124.0 61.0
154.0 230.0
123.0 167.0
111.0 56.0
179.0 245.0
142.0 48.0
95.0 107.0
200.0 133.0
19.0 157.0
231.0 47.0
133.0 209.0
40.0 128.0
244.0 28.0
88.0 117.0
215.0 59.0
144.0 242.0
50.0 53.0
175.0 10.0
169.0 123.0
8.0 112.0
97.0 78.0
71.0 231.0
199.0 193.0
52.0 33.0
89.0 163.0
204.0 245.0
199.0 230.0
21.0 18.0
246.0 134.0
84.0 56.0
14.0 21.0
226.0 88.0
245.0 15.0
184.0 82.0
236.0 45.0
234.0 118.0
33.0 205.0
117.0 178.0
189.0 125.0
145.0 191.0
129.0 24.0
160.0 184.0
195.0 21.0
80.0 12.0
38.0 13.0
111.0 134.0
51.0 78.0
245.0 51.0
164.0 90.0
227.0 236.0
28.0 78.0
214.0 31.0
69.0 226.0
233.0 12.0
53.0 120.0
23.0 115.0
241.0 236.0
198.0 206.0
205.0 218.0
6.0 204.0
205.0 41.0
197.0 110.0
120.0 180.0
182.0 180.0
152.0 93.0
104.0 156.0
221.0 195.0
120.0 13.0
146.0 25.0
169.0 167.0
98.0 204.0
124.0 60.0
105.0 171.0
233.0 134.0
205.0 241.0
134.0 233.0
127.0 86.0
214.0 145.0
241.0 37.0
213.0 96.0
53.0 193.0
245.0 100.0
60.0 111.0
233.0 86.0
158.0 185.0
72.0 72.0
28.0 124.0
141.0 186.0
69.0 13.0
101.0 194.0
177.0 198.0
210.0 185.0
58.0 170.0
232.0 211.0
25.0 28.0
76.0 163.0
57.0 64.0
48.0 48.0
216.0 193.0
33.0 63.0
64.0 143.0
81.0 34.0
70.0 255.0
128.0 223.0
8.0 155.0
167.0 165.0
195.0 68.0
224.0 6.0
247.0 137.0
113.0 7.0
21.0 132.0
152.0 151.0
62.0 49.0
237.0 124.0
137.0 127.0
54.0 196.0
239.0 124.0
190.0 184.0
57.0 20.0
80.0 139.0
165.0 123.0
163.0 63.0
37.0 101.0
32.0 171.0
28.0 63.0
126.0 127.0
61.0 72.0
89.0 140.0
6.0 81.0
209.0 19.0
141.0 81.0
239.0 97.0
66.0 35.0
88.0 122.0
39.0 54.0
60.0 56.0
23.0 236.0
50.0 36.0
33.0 235.0
190.0 100.0
178.0 169.0
39.0 219.0
125.0 244.0
134.0 208.0
237.0 93.0
135.0 134.0
34.0 117.0
36.0 157.0
51.0 139.0
19.0 80.0
129.0 117.0
36.0 156.0
130.0 18.0
112.0 36.0
165.0 11.0
64.0 63.0
13.0 237.0
217.0 148.0
176.0 124.0
248.0 63.0
104.0 186.0
66.0 13.0
189.0 108.0
8.0 197.0
157.0 221.0
129.0 105.0
114.0 5.0
233.0 105.0
227.0 120.0
69.0 239.0
174.0 240.0
183.0 105.0
240.0 26.0
240.0 170.0
28.0 184.0
205.0 233.0
65.0 33.0
37.0 249.0
171.0 159.0
170.0 146.0
177.0 244.0
67.0 197.0
40.0 219.0
240.0 209.0
75.0 225.0
167.0 192.0
156.0 162.0
81.0 200.0
68.0 189.0
229.0 84.0
186.0 60.0
181.0 224.0
36.0 54.0
159.0 147.0
72.0 251.0
109.0 195.0
67.0 17.0
94.0 245.0
84.0 129.0
109.0 77.0
77.0 216.0
32.0 251.0
164.0 114.0
165.0 176.0
43.0 171.0
228.0 150.0
203.0 204.0
128.0 170.0
238.0 78.0
225.0 144.0
125.0 176.0
69.0 216.0
60.0 112.0
173.0 176.0
143.0 128.0
208.0 44.0
116.0 91.0
28.0 224.0
63.0 193.0
48.0 115.0
