1
1024 1 3.0 0.0 1000.0 3 160 240 100

6.5 13.5 29.3 58.5
13.0 27.0 58.5 117.0
19.5 40.5 87.8 175.5
26.0 54.0 117.0 234.0
39.0 81.0 175.5 351.0
52.0 108.0 234.0 468.0
58.5 121.5 263.3 526.5
65.0 135.0 292.5 585.0
78.0 162.0 351.0 702.0
0.0 180.0 390.0 780.0

2.0 5.0 8.0 11.0
5.0 8.0 11.0 14.0
9.0 12.0 15.0 18.0
11.0 14.0 17.0 20.0
15.0 18.0 21.0 24.0
18.0 21.0 24.0 27.0
20.0 23.0 26.0 29.0
25.0 28.0 31.0 34.0
29.0 32.0 35.0 38.0
0.0 34.0 37.0 40.0

222.0 130.0
187.0 84.0
246.0 236.0
127.0 57.0
139.0 122.0
89.0 197.0
79.0 176.0
225.0 153.0
57.0 187.0
206.0 172.0
162.0 119.0
201.0 29.0
180.0 48.0
188.0 46.0
102.0 63.0
70.0 150.0
195.0 221.0
182.0 207.0
88.0 224.0
44.0 216.0
170.0 36.0
40.0 240.0
132.0 230.0
47.0 1.0
51.0 163.0
37.0 172.0
243.0 134.0
56.0 156.0
157.0 10.0
243.0 248.0
148.0 98.0
150.0 116.0
40.0 112.0
163.0 106.0
188.0 150.0
150.0 201.0
76.0 149.0
22.0 234.0
23.0 115.0
204.0 82.0
181.0 208.0
70.0 77.0
6.0 114.0
220.0 195.0
10.0 165.0
34.0 177.0
113.0 241.0
244.0 250.0
18.0 68.0
91.0 213.0
50.0 53.0
179.0 213.0
17.0 142.0
230.0 71.0
158.0 241.0
208.0 122.0
94.0 34.0
149.0 62.0
249.0 120.0
53.0 117.0
14.0 192.0
28.0 177.0
243.0 40.0
187.0 68.0
247.0 230.0
92.0 240.0
230.0 117.0
139.0 164.0
223.0 171.0
53.0 91.0
82.0 144.0
243.0 93.0
214.0 187.0
84.0 167.0
250.0 64.0
233.0 189.0
188.0 206.0
183.0 124.0
100.0 122.0
36.0 169.0
48.0 25.0
61.0 95.0
191.0 86.0
158.0 89.0
93.0 36.0
168.0 245.0
88.0 146.0
16.0 134.0
99.0 204.0
2.0 212.0
119.0 121.0
115.0 131.0
148.0 167.0
50.0 87.0
167.0 105.0
174.0 147.0
53.0 81.0
9.0 48.0
153.0 174.0
90.0 60.0
42.0 89.0
150.0 14.0
63.0 19.0
110.0 211.0
40.0 34.0
200.0 207.0
150.0 149.0
79.0 32.0
202.0 51.0
123.0 247.0
197.0 20.0
158.0 6.0
50.0 145.0
168.0 143.0
196.0 232.0
116.0 100.0
112.0 154.0
66.0 65.0
88.0 151.0
82.0 33.0
162.0 198.0
245.0 20.0
170.0 97.0
130.0 16.0
207.0 7.0
194.0 54.0
66.0 217.0
74.0 75.0
87.0 241.0
90.0 113.0
110.0 162.0
94.0 98.0
64.0 188.0
80.0 175.0
46.0 208.0
71.0 216.0
24.0 204.0
77.0 40.0
145.0 172.0
4.0 154.0
169.0 27.0
202.0 146.0
124.0 30.0
136.0 173.0
75.0 88.0
2.0 43.0
245.0 81.0
161.0 223.0
237.0 195.0
57.0 135.0
219.0 50.0
143.0 194.0
227.0 211.0
107.0 90.0
26.0 4.0
16.0 127.0
96.0 107.0
84.0 13.0
47.0 198.0
38.0 18.0
139.0 15.0
154.0 34.0
119.0 233.0
85.0 86.0
143.0 141.0
158.0 172.0
140.0 144.0
147.0 139.0
6.0 192.0
75.0 92.0
105.0 57.0
163.0 144.0
96.0 162.0
130.0 157.0
189.0 21.0
59.0 147.0
218.0 119.0
172.0 122.0
11.0 155.0
117.0 158.0
75.0 118.0
198.0 107.0
195.0 228.0
63.0 119.0
93.0 102.0
144.0 231.0
115.0 45.0
225.0 101.0
232.0 188.0
79.0 12.0
182.0 28.0
157.0 78.0
168.0 188.0
161.0 182.0
69.0 93.0
92.0 178.0
204.0 6.0
245.0 26.0
225.0 224.0
108.0 16.0
56.0 37.0
10.0 119.0
80.0 96.0
118.0 0.0
121.0 181.0
226.0 102.0
39.0 139.0
80.0 224.0
112.0 107.0
52.0 103.0
158.0 162.0
32.0 75.0
182.0 142.0
221.0 185.0
128.0 157.0
82.0 189.0
161.0 151.0
244.0 210.0
171.0 166.0
242.0 110.0
38.0 43.0
21.0 212.0
3.0 83.0
210.0 54.0
44.0 26.0
212.0 194.0
216.0 11.0
242.0 125.0
243.0 227.0
3.0 184.0
208.0 61.0
224.0 136.0
219.0 68.0
152.0 210.0
52.0 203.0
87.0 132.0
15.0 6.0
171.0 44.0
154.0 56.0
168.0 12.0
180.0 24.0
35.0 102.0
97.0 239.0
171.0 119.0
58.0 248.0
28.0 123.0
29.0 150.0
64.0 163.0
187.0 51.0
122.0 249.0
235.0 60.0
81.0 111.0
197.0 38.0
242.0 138.0
5.0 143.0
165.0 180.0
57.0 23.0
51.0 227.0
184.0 59.0
4.0 26.0
80.0 135.0
140.0 19.0
18.0 229.0
20.0 41.0
21.0 159.0
226.0 35.0
182.0 161.0
196.0 106.0
186.0 10.0
7.0 32.0
106.0 223.0
103.0 188.0
138.0 201.0
27.0 130.0
231.0 209.0
21.0 155.0
151.0 179.0
196.0 223.0
62.0 108.0
4.0 177.0
27.0 166.0
74.0 27.0
154.0 165.0
43.0 95.0
151.0 112.0
55.0 176.0
145.0 140.0
178.0 134.0
160.0 155.0
64.0 206.0
218.0 120.0
193.0 74.0
102.0 196.0
163.0 78.0
112.0 18.0
19.0 25.0
213.0 224.0
162.0 93.0
64.0 126.0
230.0 149.0
173.0 14.0
134.0 100.0
50.0 114.0
230.0 242.0
239.0 69.0
205.0 91.0
204.0 77.0
37.0 20.0
106.0 188.0
225.0 89.0
36.0 22.0
18.0 248.0
141.0 25.0
225.0 179.0
79.0 163.0
209.0 87.0
102.0 30.0
11.0 74.0
92.0 157.0
95.0 33.0
220.0 125.0
29.0 78.0
178.0 134.0
218.0 63.0
23.0 11.0
128.0 83.0
218.0 181.0
247.0 136.0
26.0 220.0
91.0 218.0
222.0 121.0
131.0 148.0
152.0 36.0
66.0 23.0
231.0 233.0
207.0 231.0
28.0 167.0
10.0 31.0
158.0 29.0
147.0 23.0
13.0 37.0
37.0 125.0
163.0 220.0
102.0 19.0
91.0 76.0
29.0 47.0
220.0 235.0
193.0 148.0
10.0 128.0
148.0 194.0
226.0 178.0
200.0 185.0
21.0 117.0
115.0 53.0
45.0 98.0
85.0 130.0
125.0 69.0
136.0 181.0
93.0 188.0
229.0 177.0
167.0 146.0
102.0 72.0
110.0 42.0
246.0 149.0
181.0 43.0
175.0 63.0
230.0 109.0
6.0 28.0
91.0 137.0
153.0 144.0
225.0 187.0
245.0 194.0
159.0 3.0
229.0 34.0
54.0 123.0
126.0 10.0
44.0 181.0
20.0 178.0
89.0 52.0
141.0 121.0
94.0 67.0
236.0 9.0
143.0 90.0
214.0 91.0
13.0 45.0
132.0 116.0
167.0 68.0
143.0 12.0
12.0 244.0
90.0 195.0
14.0 218.0
244.0 201.0
72.0 44.0
237.0 149.0
115.0 154.0
83.0 107.0
201.0 203.0
194.0 219.0
214.0 47.0
164.0 70.0
52.0 227.0
108.0 12.0
30.0 104.0
198.0 37.0
30.0 120.0
69.0 70.0
218.0 236.0
88.0 124.0
17.0 123.0
59.0 77.0
8.0 35.0
232.0 135.0
82.0 81.0
34.0 106.0
146.0 180.0
50.0 188.0
59.0 53.0
34.0 16.0
11.0 158.0
87.0 41.0
110.0 46.0
189.0 122.0
36.0 170.0
70.0 15.0
155.0 248.0
242.0 27.0
53.0 93.0
55.0 136.0
41.0 128.0
218.0 226.0
190.0 129.0
28.0 111.0
77.0 39.0
118.0 117.0
195.0 14.0
93.0 28.0
54.0 186.0
250.0 36.0
67.0 158.0
110.0 136.0
131.0 101.0
91.0 203.0
102.0 99.0
177.0 104.0
212.0 227.0
35.0 185.0
4.0 138.0
59.0 109.0
190.0 13.0
166.0 24.0
162.0 38.0
208.0 147.0
166.0 121.0
180.0 135.0
238.0 152.0
238.0 182.0
55.0 133.0
67.0 111.0
172.0 114.0
233.0 11.0
160.0 133.0
201.0 59.0
249.0 216.0
14.0 221.0
123.0 30.0
192.0 80.0
83.0 89.0
234.0 111.0
109.0 9.0
136.0 37.0
159.0 75.0
193.0 203.0
110.0 229.0
135.0 224.0
53.0 153.0
220.0 224.0
231.0 136.0
216.0 56.0
196.0 55.0
27.0 173.0
99.0 30.0
14.0 177.0
74.0 188.0
138.0 106.0
0.0 2.0
108.0 80.0
222.0 239.0
29.0 14.0
143.0 119.0
118.0 141.0
151.0 95.0
97.0 166.0
154.0 228.0
209.0 180.0
72.0 192.0
97.0 35.0
185.0 11.0
108.0 169.0
49.0 179.0
149.0 207.0
18.0 158.0
16.0 226.0
204.0 10.0
212.0 110.0
30.0 42.0
44.0 11.0
98.0 102.0
138.0 229.0
143.0 13.0
44.0 144.0
165.0 174.0
184.0 142.0
147.0 185.0
208.0 34.0
69.0 145.0
110.0 41.0
2.0 106.0
66.0 231.0
117.0 219.0
225.0 80.0
16.0 165.0
3.0 187.0
99.0 31.0
32.0 192.0
0.0 123.0
168.0 37.0
175.0 220.0
69.0 4.0
49.0 148.0
158.0 43.0
194.0 69.0
82.0 205.0
52.0 211.0
101.0 57.0
61.0 79.0
168.0 20.0
72.0 240.0
246.0 145.0
32.0 98.0
238.0 134.0
214.0 134.0
216.0 235.0
65.0 138.0
196.0 219.0
109.0 41.0
16.0 170.0
87.0 3.0
196.0 174.0
134.0 238.0
198.0 35.0
75.0 96.0
110.0 199.0
246.0 23.0
37.0 149.0
56.0 41.0
83.0 93.0
62.0 227.0
113.0 68.0
162.0 238.0
33.0 143.0
44.0 213.0
153.0 7.0
111.0 227.0
250.0 219.0
177.0 11.0
25.0 33.0
238.0 235.0
191.0 222.0
16.0 189.0
3.0 161.0
205.0 36.0
113.0 240.0
216.0 103.0
170.0 229.0
12.0 245.0
167.0 47.0
176.0 140.0
103.0 180.0
187.0 166.0
66.0 71.0
179.0 87.0
192.0 115.0
23.0 85.0
220.0 194.0
138.0 240.0
238.0 9.0
244.0 111.0
200.0 31.0
87.0 147.0
192.0 195.0
225.0 213.0
159.0 36.0
34.0 82.0
169.0 9.0
138.0 53.0
89.0 83.0
55.0 159.0
97.0 209.0
144.0 20.0
34.0 136.0
249.0 175.0
152.0 50.0
20.0 58.0
136.0 132.0
182.0 93.0
76.0 137.0
84.0 190.0
142.0 209.0
204.0 4.0
21.0 177.0
47.0 94.0
236.0 146.0
243.0 229.0
35.0 19.0
163.0 117.0
91.0 144.0
220.0 152.0
77.0 83.0
64.0 100.0
242.0 76.0
204.0 187.0
163.0 83.0
142.0 135.0
177.0 79.0
179.0 235.0
49.0 141.0
104.0 130.0
4.0 103.0
48.0 17.0
46.0 189.0
86.0 66.0
78.0 58.0
7.0 151.0
112.0 12.0
191.0 51.0
213.0 181.0
154.0 102.0
91.0 83.0
73.0 74.0
102.0 231.0
214.0 135.0
216.0 46.0
212.0 55.0
65.0 161.0
2.0 127.0
15.0 218.0
221.0 87.0
9.0 126.0
1.0 138.0
232.0 13.0
101.0 236.0
225.0 210.0
180.0 102.0
144.0 128.0
28.0 24.0
134.0 237.0
175.0 8.0
156.0 139.0
83.0 225.0
121.0 57.0
210.0 210.0
27.0 126.0
23.0 93.0
80.0 165.0
131.0 234.0
131.0 199.0
233.0 147.0
33.0 40.0
182.0 204.0
107.0 55.0
231.0 148.0
220.0 76.0
142.0 14.0
27.0 186.0
96.0 126.0
7.0 223.0
204.0 128.0
215.0 112.0
200.0 104.0
15.0 225.0
216.0 121.0
83.0 28.0
117.0 116.0
74.0 72.0
162.0 94.0
114.0 219.0
86.0 175.0
139.0 39.0
10.0 89.0
115.0 131.0
142.0 37.0
37.0 196.0
44.0 121.0
115.0 224.0
61.0 161.0
172.0 8.0
65.0 212.0
36.0 223.0
222.0 223.0
67.0 148.0
76.0 42.0
2.0 152.0
23.0 62.0
104.0 150.0
91.0 103.0
183.0 17.0
232.0 191.0
111.0 37.0
170.0 217.0
17.0 22.0
124.0 241.0
146.0 27.0
79.0 64.0
216.0 184.0
59.0 211.0
118.0 212.0
184.0 64.0
162.0 230.0
106.0 159.0
114.0 79.0
213.0 25.0
72.0 142.0
92.0 196.0
66.0 242.0
0.0 148.0
62.0 239.0
208.0 170.0
115.0 21.0
104.0 39.0
232.0 152.0
34.0 153.0
68.0 227.0
155.0 86.0
140.0 85.0
127.0 122.0
54.0 51.0
77.0 91.0
55.0 229.0
21.0 193.0
23.0 157.0
39.0 14.0
101.0 197.0
44.0 36.0
196.0 121.0
30.0 222.0
171.0 121.0
51.0 110.0
96.0 89.0
163.0 111.0
238.0 22.0
214.0 77.0
47.0 18.0
102.0 214.0
187.0 88.0
236.0 19.0
245.0 140.0
224.0 196.0
40.0 223.0
119.0 106.0
44.0 12.0
147.0 85.0
206.0 7.0
107.0 54.0
72.0 36.0
246.0 129.0
119.0 180.0
180.0 33.0
57.0 65.0
32.0 150.0
157.0 30.0
231.0 130.0
232.0 229.0
26.0 24.0
196.0 60.0
35.0 238.0
206.0 99.0
240.0 146.0
192.0 58.0
150.0 22.0
155.0 70.0
150.0 33.0
153.0 196.0
125.0 51.0
238.0 82.0
35.0 161.0
139.0 30.0
122.0 3.0
79.0 54.0
57.0 184.0
146.0 32.0
102.0 47.0
220.0 170.0
196.0 139.0
22.0 19.0
180.0 40.0
148.0 116.0
185.0 34.0
25.0 123.0
36.0 152.0
38.0 170.0
55.0 181.0
144.0 145.0
2.0 60.0
72.0 0.0
165.0 139.0
78.0 208.0
197.0 65.0
219.0 58.0
104.0 174.0
227.0 47.0
95.0 28.0
98.0 185.0
79.0 76.0
79.0 88.0
140.0 235.0
51.0 62.0
162.0 225.0
122.0 173.0
41.0 78.0
44.0 123.0
39.0 39.0
147.0 68.0
111.0 159.0
31.0 60.0
105.0 155.0
76.0 124.0
50.0 220.0
147.0 43.0
70.0 243.0
177.0 213.0
7.0 238.0
114.0 34.0
158.0 62.0
63.0 70.0
88.0 100.0
223.0 63.0
60.0 137.0
72.0 165.0
155.0 195.0
31.0 96.0
247.0 191.0
179.0 221.0
54.0 77.0
136.0 120.0
19.0 184.0
46.0 23.0
148.0 56.0
164.0 67.0
172.0 120.0
98.0 115.0
25.0 107.0
85.0 207.0
154.0 202.0
238.0 38.0
4.0 198.0
241.0 127.0
82.0 8.0
89.0 214.0
71.0 198.0
203.0 178.0
4.0 18.0
132.0 113.0
120.0 202.0
87.0 17.0
19.0 154.0
102.0 70.0
115.0 173.0
208.0 107.0
140.0 183.0
49.0 128.0
57.0 22.0
187.0 65.0
22.0 120.0
155.0 45.0
125.0 240.0
137.0 222.0
174.0 2.0
198.0 63.0
124.0 220.0
69.0 20.0
45.0 163.0
45.0 98.0
104.0 136.0
119.0 138.0
85.0 124.0
32.0 194.0
34.0 8.0
242.0 193.0
187.0 236.0
117.0 137.0
150.0 75.0
230.0 166.0
102.0 195.0
180.0 98.0
112.0 105.0
199.0 167.0
232.0 47.0
93.0 176.0
75.0 10.0
148.0 169.0
154.0 76.0
182.0 222.0
77.0 154.0
234.0 71.0
8.0 179.0
216.0 62.0
90.0 209.0
127.0 246.0
132.0 121.0
37.0 8.0
131.0 208.0
70.0 160.0
50.0 28.0
209.0 9.0
48.0 146.0
30.0 219.0
210.0 15.0
69.0 92.0
106.0 23.0
48.0 209.0
81.0 47.0
41.0 199.0
3.0 195.0
178.0 186.0
235.0 183.0
100.0 55.0
183.0 160.0
132.0 227.0
56.0 60.0
7.0 192.0
80.0 150.0
7.0 131.0
171.0 2.0
188.0 243.0
165.0 162.0
222.0 222.0
14.0 129.0
129.0 151.0
160.0 46.0
40.0 109.0
112.0 80.0
177.0 144.0
69.0 28.0
38.0 40.0
247.0 243.0
102.0 127.0
121.0 47.0
175.0 227.0
105.0 99.0
60.0 85.0
26.0 14.0
54.0 3.0
31.0 66.0
72.0 159.0
149.0 149.0
28.0 202.0
37.0 217.0
153.0 233.0
245.0 234.0
4.0 126.0
164.0 241.0
211.0 186.0
110.0 191.0
93.0 225.0
84.0 33.0
84.0 166.0
42.0 83.0
200.0 130.0
74.0 20.0
113.0 18.0
227.0 181.0
216.0 134.0
220.0 119.0
92.0 248.0
174.0 216.0
155.0 31.0
238.0 191.0
4.0 126.0
81.0 184.0
128.0 158.0
39.0 109.0
140.0 79.0
247.0 95.0
28.0 33.0
155.0 83.0
2.0 237.0
166.0 22.0
42.0 214.0
148.0 101.0
89.0 246.0
174.0 93.0
126.0 236.0
146.0 120.0
208.0 249.0
12.0 37.0
61.0 28.0
107.0 127.0
186.0 138.0
207.0 166.0
218.0 159.0
204.0 196.0
94.0 204.0
114.0 167.0
154.0 58.0
195.0 175.0
118.0 81.0
22.0 81.0
167.0 70.0
162.0 109.0
209.0 73.0
179.0 85.0
186.0 231.0
233.0 40.0
116.0 28.0
123.0 215.0
115.0 134.0
174.0 58.0
201.0 104.0
186.0 145.0
17.0 3.0
218.0 218.0
140.0 67.0
55.0 155.0
243.0 121.0

227.0 134.0
191.0 89.0
251.0 241.0
133.0 61.0
143.0 127.0
95.0 201.0
84.0 181.0
231.0 157.0
61.0 191.0
211.0 177.0
167.0 124.0
206.0 34.0
185.0 53.0
192.0 50.0
107.0 69.0
74.0 155.0
200.0 227.0
186.0 212.0
93.0 230.0
49.0 221.0
174.0 42.0
45.0 245.0
137.0 234.0
52.0 6.0
55.0 167.0
42.0 177.0
249.0 139.0
62.0 161.0
161.0 16.0
248.0 254.0
153.0 102.0
155.0 121.0
46.0 117.0
169.0 110.0
192.0 155.0
155.0 205.0
80.0 154.0
26.0 239.0
28.0 119.0
209.0 87.0
185.0 213.0
76.0 81.0
12.0 119.0
225.0 199.0
14.0 169.0
40.0 181.0
119.0 247.0
250.0 255.0
23.0 74.0
96.0 218.0
55.0 57.0
185.0 218.0
23.0 147.0
235.0 76.0
163.0 247.0
212.0 126.0
98.0 39.0
153.0 67.0
254.0 125.0
58.0 123.0
19.0 197.0
33.0 182.0
248.0 44.0
192.0 73.0
253.0 235.0
97.0 245.0
236.0 123.0
143.0 169.0
228.0 175.0
58.0 97.0
86.0 150.0
249.0 97.0
218.0 193.0
89.0 172.0
255.0 69.0
238.0 194.0
193.0 211.0
188.0 129.0
106.0 127.0
41.0 175.0
54.0 29.0
67.0 101.0
195.0 91.0
163.0 95.0
98.0 40.0
173.0 249.0
92.0 150.0
20.0 138.0
105.0 209.0
7.0 218.0
125.0 125.0
120.0 136.0
153.0 171.0
54.0 91.0
173.0 110.0
179.0 152.0
58.0 86.0
15.0 54.0
157.0 180.0
94.0 65.0
46.0 93.0
155.0 19.0
68.0 25.0
115.0 215.0
45.0 39.0
204.0 211.0
155.0 155.0
84.0 37.0
206.0 56.0
127.0 252.0
202.0 25.0
162.0 12.0
55.0 150.0
173.0 147.0
201.0 236.0
122.0 105.0
118.0 159.0
70.0 69.0
93.0 156.0
88.0 39.0
167.0 203.0
250.0 25.0
175.0 103.0
134.0 21.0
212.0 13.0
199.0 60.0
71.0 222.0
80.0 79.0
92.0 247.0
95.0 118.0
115.0 167.0
99.0 103.0
68.0 193.0
85.0 179.0
50.0 212.0
76.0 222.0
30.0 209.0
81.0 46.0
151.0 177.0
9.0 158.0
175.0 32.0
207.0 150.0
129.0 36.0
140.0 179.0
81.0 94.0
8.0 48.0
250.0 86.0
167.0 228.0
242.0 200.0
61.0 141.0
223.0 54.0
148.0 199.0
232.0 217.0
113.0 95.0
32.0 8.0
21.0 132.0
101.0 112.0
88.0 19.0
53.0 202.0
43.0 23.0
145.0 20.0
159.0 39.0
125.0 239.0
89.0 91.0
148.0 146.0
162.0 178.0
144.0 149.0
152.0 144.0
11.0 196.0
80.0 96.0
111.0 61.0
168.0 149.0
102.0 167.0
135.0 162.0
194.0 27.0
63.0 152.0
224.0 125.0
177.0 127.0
17.0 160.0
123.0 163.0
79.0 122.0
203.0 112.0
200.0 233.0
68.0 125.0
97.0 107.0
150.0 237.0
121.0 50.0
230.0 105.0
236.0 193.0
84.0 17.0
187.0 33.0
162.0 83.0
172.0 193.0
167.0 187.0
75.0 99.0
98.0 184.0
209.0 12.0
249.0 31.0
230.0 229.0
112.0 20.0
61.0 41.0
14.0 124.0
84.0 101.0
123.0 4.0
127.0 187.0
230.0 106.0
43.0 144.0
84.0 229.0
117.0 111.0
57.0 108.0
163.0 167.0
37.0 80.0
186.0 148.0
227.0 190.0
133.0 163.0
86.0 193.0
167.0 155.0
250.0 215.0
175.0 171.0
248.0 116.0
42.0 48.0
26.0 216.0
7.0 89.0
216.0 60.0
49.0 31.0
217.0 200.0
221.0 17.0
247.0 129.0
247.0 232.0
9.0 189.0
213.0 66.0
228.0 141.0
224.0 74.0
158.0 214.0
57.0 208.0
91.0 138.0
21.0 11.0
176.0 49.0
159.0 61.0
172.0 17.0
184.0 29.0
39.0 107.0
102.0 245.0
176.0 124.0
63.0 254.0
32.0 129.0
33.0 155.0
69.0 168.0
193.0 56.0
127.0 255.0
240.0 65.0
85.0 115.0
202.0 43.0
248.0 142.0
10.0 148.0
169.0 184.0
61.0 28.0
57.0 232.0
189.0 64.0
9.0 31.0
85.0 141.0
146.0 23.0
23.0 235.0
26.0 46.0
25.0 163.0
231.0 41.0
186.0 167.0
202.0 112.0
191.0 15.0
11.0 36.0
112.0 228.0
108.0 192.0
143.0 205.0
32.0 134.0
237.0 214.0
27.0 160.0
157.0 183.0
202.0 229.0
67.0 113.0
9.0 181.0
33.0 170.0
79.0 33.0
159.0 170.0
48.0 100.0
157.0 118.0
59.0 181.0
150.0 144.0
184.0 139.0
165.0 160.0
68.0 210.0
222.0 124.0
198.0 78.0
107.0 201.0
169.0 83.0
117.0 23.0
24.0 29.0
218.0 229.0
167.0 98.0
68.0 132.0
235.0 154.0
178.0 20.0
139.0 104.0
55.0 119.0
236.0 247.0
245.0 74.0
211.0 97.0
209.0 82.0
42.0 25.0
111.0 193.0
231.0 95.0
42.0 27.0
23.0 254.0
147.0 31.0
230.0 185.0
85.0 168.0
214.0 92.0
107.0 36.0
15.0 78.0
98.0 161.0
100.0 37.0
226.0 130.0
33.0 83.0
183.0 138.0
222.0 67.0
28.0 15.0
133.0 89.0
223.0 187.0
253.0 141.0
31.0 224.0
97.0 223.0
227.0 127.0
137.0 153.0
156.0 41.0
71.0 27.0
236.0 238.0
213.0 236.0
33.0 173.0
14.0 35.0
164.0 34.0
152.0 29.0
17.0 41.0
43.0 131.0
168.0 224.0
108.0 24.0
95.0 82.0
35.0 52.0
224.0 240.0
197.0 153.0
16.0 133.0
152.0 199.0
230.0 182.0
204.0 191.0
26.0 121.0
120.0 57.0
49.0 102.0
91.0 136.0
130.0 74.0
141.0 186.0
98.0 193.0
234.0 183.0
172.0 152.0
107.0 78.0
115.0 48.0
252.0 153.0
186.0 48.0
180.0 67.0
234.0 115.0
12.0 34.0
95.0 141.0
158.0 149.0
231.0 191.0
250.0 200.0
164.0 7.0
234.0 38.0
60.0 127.0
131.0 15.0
48.0 187.0
26.0 183.0
95.0 56.0
147.0 126.0
99.0 72.0
241.0 14.0
149.0 95.0
219.0 97.0
18.0 51.0
138.0 121.0
171.0 73.0
147.0 16.0
17.0 249.0
95.0 201.0
20.0 223.0
248.0 206.0
76.0 49.0
242.0 155.0
120.0 160.0
88.0 112.0
206.0 207.0
200.0 223.0
219.0 52.0
169.0 75.0
58.0 232.0
114.0 16.0
34.0 109.0
202.0 42.0
35.0 126.0
75.0 75.0
222.0 240.0
94.0 130.0
23.0 127.0
63.0 81.0
12.0 41.0
237.0 140.0
88.0 86.0
38.0 112.0
152.0 185.0
55.0 193.0
63.0 57.0
40.0 21.0
17.0 162.0
92.0 46.0
114.0 50.0
195.0 127.0
40.0 175.0
74.0 20.0
159.0 252.0
246.0 32.0
58.0 98.0
60.0 140.0
46.0 134.0
222.0 230.0
196.0 134.0
33.0 115.0
83.0 44.0
123.0 123.0
200.0 18.0
98.0 34.0
58.0 190.0
256.0 41.0
71.0 163.0
116.0 141.0
135.0 107.0
96.0 208.0
106.0 104.0
183.0 110.0
217.0 231.0
40.0 189.0
9.0 143.0
65.0 114.0
195.0 18.0
172.0 29.0
166.0 43.0
213.0 151.0
171.0 127.0
184.0 139.0
243.0 157.0
243.0 187.0
60.0 138.0
72.0 115.0
177.0 120.0
238.0 16.0
166.0 137.0
207.0 63.0
254.0 221.0
19.0 227.0
129.0 35.0
196.0 84.0
88.0 94.0
240.0 116.0
114.0 13.0
142.0 42.0
165.0 80.0
197.0 207.0
115.0 234.0
141.0 229.0
58.0 159.0
225.0 230.0
236.0 140.0
222.0 60.0
201.0 59.0
32.0 177.0
104.0 36.0
18.0 183.0
79.0 194.0
143.0 112.0
5.0 7.0
114.0 86.0
227.0 245.0
34.0 19.0
148.0 124.0
122.0 147.0
155.0 100.0
102.0 171.0
160.0 233.0
214.0 185.0
78.0 197.0
102.0 40.0
189.0 16.0
113.0 175.0
53.0 184.0
153.0 213.0
23.0 163.0
21.0 230.0
209.0 14.0
216.0 115.0
36.0 46.0
49.0 16.0
102.0 106.0
144.0 234.0
147.0 19.0
49.0 150.0
169.0 179.0
190.0 147.0
151.0 189.0
213.0 39.0
73.0 149.0
114.0 46.0
6.0 110.0
72.0 236.0
122.0 223.0
231.0 85.0
20.0 171.0
8.0 193.0
105.0 36.0
38.0 197.0
5.0 128.0
174.0 42.0
180.0 224.0
75.0 10.0
54.0 152.0
163.0 48.0
199.0 74.0
87.0 210.0
57.0 215.0
106.0 62.0
67.0 85.0
174.0 24.0
77.0 246.0
250.0 149.0
38.0 102.0
244.0 138.0
218.0 140.0
221.0 240.0
70.0 143.0
202.0 225.0
115.0 46.0
21.0 175.0
93.0 9.0
201.0 180.0
140.0 244.0
203.0 41.0
80.0 102.0
114.0 203.0
252.0 27.0
42.0 153.0
62.0 46.0
88.0 98.0
67.0 232.0
117.0 74.0
168.0 243.0
39.0 147.0
48.0 217.0
159.0 12.0
115.0 232.0
255.0 225.0
183.0 16.0
29.0 39.0
243.0 239.0
195.0 227.0
20.0 193.0
8.0 165.0
211.0 41.0
118.0 246.0
221.0 108.0
174.0 233.0
18.0 250.0
172.0 52.0
182.0 144.0
108.0 186.0
193.0 171.0
71.0 77.0
183.0 92.0
197.0 120.0
28.0 89.0
225.0 200.0
143.0 246.0
243.0 15.0
250.0 116.0
206.0 36.0
92.0 153.0
198.0 199.0
229.0 218.0
165.0 42.0
39.0 88.0
175.0 14.0
144.0 57.0
95.0 89.0
60.0 164.0
102.0 214.0
150.0 25.0
40.0 141.0
255.0 181.0
157.0 56.0
26.0 63.0
141.0 136.0
187.0 98.0
82.0 142.0
89.0 195.0
147.0 215.0
208.0 9.0
26.0 183.0
51.0 98.0
242.0 151.0
249.0 234.0
40.0 24.0
168.0 122.0
96.0 148.0
226.0 157.0
81.0 88.0
70.0 106.0
247.0 82.0
209.0 193.0
168.0 87.0
147.0 140.0
182.0 84.0
184.0 241.0
54.0 146.0
109.0 136.0
10.0 108.0
54.0 23.0
51.0 195.0
91.0 71.0
82.0 63.0
12.0 157.0
116.0 17.0
196.0 57.0
219.0 186.0
159.0 106.0
96.0 88.0
77.0 79.0
107.0 235.0
218.0 140.0
221.0 50.0
217.0 61.0
70.0 167.0
7.0 133.0
20.0 223.0
226.0 92.0
14.0 131.0
6.0 143.0
237.0 19.0
106.0 241.0
229.0 216.0
184.0 107.0
148.0 134.0
33.0 29.0
140.0 242.0
179.0 12.0
162.0 144.0
87.0 229.0
125.0 63.0
215.0 214.0
32.0 131.0
28.0 98.0
84.0 170.0
136.0 240.0
136.0 203.0
237.0 153.0
38.0 46.0
186.0 208.0
112.0 60.0
235.0 154.0
224.0 80.0
147.0 19.0
32.0 190.0
101.0 132.0
11.0 228.0
208.0 133.0
220.0 118.0
206.0 110.0
20.0 230.0
221.0 125.0
88.0 34.0
122.0 121.0
80.0 77.0
166.0 99.0
120.0 224.0
91.0 180.0
144.0 44.0
15.0 94.0
120.0 137.0
147.0 41.0
42.0 200.0
49.0 126.0
120.0 230.0
67.0 166.0
177.0 12.0
71.0 216.0
42.0 227.0
227.0 227.0
72.0 153.0
81.0 47.0
7.0 158.0
28.0 67.0
108.0 154.0
95.0 108.0
188.0 22.0
237.0 196.0
116.0 42.0
174.0 221.0
23.0 26.0
129.0 245.0
150.0 33.0
83.0 69.0
221.0 190.0
64.0 216.0
123.0 217.0
188.0 68.0
167.0 235.0
112.0 164.0
120.0 84.0
218.0 29.0
77.0 148.0
97.0 201.0
70.0 248.0
4.0 154.0
66.0 245.0
213.0 175.0
120.0 26.0
109.0 45.0
237.0 157.0
39.0 159.0
73.0 233.0
160.0 92.0
144.0 90.0
133.0 126.0
58.0 56.0
82.0 95.0
59.0 234.0
26.0 198.0
28.0 162.0
43.0 20.0
107.0 202.0
50.0 42.0
201.0 126.0
34.0 227.0
176.0 126.0
56.0 115.0
100.0 95.0
167.0 115.0
243.0 26.0
220.0 82.0
52.0 23.0
107.0 218.0
192.0 93.0
241.0 24.0
250.0 145.0
229.0 201.0
46.0 228.0
124.0 111.0
48.0 17.0
151.0 91.0
210.0 11.0
113.0 60.0
78.0 42.0
251.0 134.0
123.0 186.0
186.0 39.0
62.0 70.0
38.0 155.0
162.0 36.0
236.0 135.0
236.0 235.0
31.0 29.0
201.0 65.0
40.0 244.0
211.0 103.0
245.0 152.0
196.0 63.0
154.0 27.0
159.0 74.0
155.0 37.0
157.0 200.0
129.0 56.0
244.0 88.0
40.0 166.0
143.0 35.0
127.0 9.0
84.0 58.0
61.0 188.0
151.0 36.0
107.0 52.0
226.0 175.0
200.0 143.0
28.0 25.0
185.0 46.0
153.0 121.0
190.0 39.0
30.0 128.0
40.0 157.0
43.0 174.0
60.0 186.0
149.0 150.0
7.0 66.0
77.0 5.0
171.0 143.0
84.0 213.0
202.0 70.0
223.0 64.0
109.0 180.0
231.0 51.0
100.0 34.0
104.0 189.0
84.0 80.0
84.0 94.0
146.0 239.0
56.0 68.0
167.0 231.0
127.0 177.0
46.0 84.0
49.0 129.0
43.0 43.0
151.0 72.0
117.0 165.0
36.0 66.0
110.0 159.0
81.0 130.0
54.0 225.0
152.0 48.0
75.0 249.0
182.0 218.0
12.0 243.0
120.0 39.0
163.0 67.0
68.0 75.0
93.0 105.0
228.0 69.0
65.0 141.0
78.0 170.0
160.0 201.0
36.0 100.0
253.0 197.0
184.0 227.0
59.0 83.0
142.0 124.0
23.0 189.0
51.0 27.0
153.0 62.0
169.0 73.0
176.0 125.0
104.0 119.0
30.0 113.0
91.0 212.0
160.0 207.0
244.0 42.0
10.0 202.0
246.0 133.0
87.0 14.0
93.0 220.0
77.0 202.0
209.0 182.0
9.0 24.0
138.0 117.0
125.0 207.0
91.0 22.0
24.0 159.0
107.0 75.0
120.0 177.0
214.0 111.0
144.0 188.0
53.0 133.0
62.0 27.0
193.0 70.0
28.0 124.0
161.0 49.0
131.0 245.0
143.0 226.0
180.0 6.0
203.0 68.0
129.0 226.0
74.0 24.0
50.0 167.0
50.0 103.0
109.0 141.0
123.0 143.0
89.0 129.0
36.0 199.0
40.0 13.0
248.0 198.0
192.0 240.0
121.0 142.0
155.0 80.0
235.0 171.0
108.0 200.0
184.0 104.0
118.0 109.0
204.0 171.0
237.0 51.0
98.0 181.0
80.0 15.0
153.0 174.0
158.0 81.0
187.0 227.0
81.0 160.0
239.0 76.0
12.0 185.0
220.0 68.0
96.0 213.0
132.0 250.0
137.0 126.0
41.0 13.0
136.0 214.0
76.0 164.0
54.0 32.0
215.0 14.0
54.0 150.0
35.0 224.0
215.0 20.0
74.0 98.0
111.0 28.0
52.0 214.0
86.0 52.0
45.0 203.0
7.0 200.0
184.0 191.0
241.0 188.0
105.0 60.0
188.0 165.0
137.0 232.0
61.0 65.0
11.0 197.0
85.0 155.0
12.0 137.0
175.0 6.0
192.0 248.0
170.0 168.0
228.0 228.0
19.0 134.0
135.0 156.0
166.0 51.0
44.0 114.0
117.0 85.0
182.0 150.0
74.0 32.0
42.0 45.0
253.0 248.0
107.0 131.0
127.0 52.0
179.0 233.0
111.0 105.0
65.0 90.0
31.0 18.0
59.0 8.0
36.0 70.0
77.0 164.0
155.0 154.0
33.0 207.0
42.0 222.0
157.0 237.0
249.0 239.0
10.0 131.0
169.0 247.0
215.0 191.0
116.0 197.0
99.0 230.0
89.0 37.0
89.0 171.0
47.0 89.0
206.0 136.0
80.0 24.0
117.0 24.0
232.0 186.0
222.0 140.0
225.0 123.0
97.0 253.0
179.0 221.0
160.0 36.0
242.0 197.0
10.0 131.0
86.0 189.0
132.0 162.0
44.0 115.0
145.0 85.0
251.0 100.0
33.0 39.0
160.0 87.0
8.0 243.0
170.0 26.0
48.0 220.0
152.0 105.0
94.0 250.0
179.0 99.0
132.0 241.0
151.0 124.0
214.0 255.0
17.0 42.0
65.0 34.0
112.0 132.0
191.0 144.0
212.0 171.0
222.0 164.0
209.0 201.0
99.0 209.0
119.0 173.0
158.0 64.0
200.0 179.0
123.0 87.0
28.0 87.0
171.0 74.0
167.0 114.0
214.0 77.0
184.0 89.0
191.0 237.0
238.0 44.0
121.0 32.0
127.0 219.0
121.0 139.0
178.0 64.0
206.0 109.0
192.0 149.0
21.0 8.0
222.0 223.0
144.0 72.0
60.0 160.0
248.0 125.0
