1
1024 1 3.0 0.0 1000.0 3 160 240 100

6.5 13.5 29.3 58.5
13.0 27.0 58.5 117.0
19.5 40.5 87.8 175.5
26.0 54.0 117.0 234.0
39.0 81.0 175.5 351.0
52.0 108.0 234.0 468.0
58.5 121.5 263.3 526.5
65.0 135.0 292.5 585.0
78.0 162.0 351.0 702.0
0.0 180.0 390.0 780.0

2.0 5.0 8.0 11.0
5.0 8.0 11.0 14.0
9.0 12.0 15.0 18.0
11.0 14.0 17.0 20.0
15.0 18.0 21.0 24.0
18.0 21.0 24.0 27.0
20.0 23.0 26.0 29.0
25.0 28.0 31.0 34.0
29.0 32.0 35.0 38.0
0.0 34.0 37.0 40.0

63.0 23.0
167.0 184.0
75.0 65.0
131.0 131.0
25.0 120.0
85.0 8.0
218.0 30.0
53.0 42.0
33.0 42.0
69.0 7.0
41.0 100.0
239.0 181.0
194.0 61.0
143.0 137.0
168.0 114.0
34.0 72.0
15.0 14.0
181.0 168.0
91.0 26.0
207.0 56.0
40.0 72.0
108.0 23.0
165.0 98.0
211.0 131.0
107.0 20.0
122.0 30.0
26.0 162.0
28.0 10.0
88.0 150.0
66.0 190.0
67.0 59.0
218.0 18.0
0.0 154.0
70.0 108.0
82.0 139.0
53.0 206.0
98.0 140.0
81.0 196.0
220.0 200.0
112.0 54.0
86.0 145.0
170.0 36.0
111.0 226.0
206.0 143.0
70.0 15.0
237.0 13.0
44.0 76.0
8.0 164.0
120.0 41.0
229.0 108.0
77.0 215.0
23.0 145.0
74.0 211.0
8.0 218.0
189.0 142.0
13.0 22.0
206.0 210.0
241.0 125.0
118.0 122.0
249.0 165.0
131.0 40.0
179.0 0.0
245.0 106.0
234.0 11.0
81.0 145.0
216.0 56.0
160.0 205.0
244.0 147.0
163.0 148.0
84.0 228.0
21.0 103.0
91.0 244.0
230.0 91.0
76.0 13.0
103.0 30.0
209.0 204.0
4.0 47.0
158.0 78.0
134.0 170.0
199.0 146.0
45.0 226.0
108.0 35.0
69.0 120.0
215.0 109.0
224.0 206.0
46.0 229.0
159.0 47.0
51.0 98.0
56.0 159.0
236.0 192.0
204.0 145.0
58.0 94.0
16.0 203.0
32.0 117.0
95.0 30.0
30.0 150.0
229.0 243.0
99.0 240.0
52.0 194.0
161.0 216.0
141.0 193.0
24.0 250.0
141.0 142.0
219.0 37.0
63.0 192.0
199.0 99.0
238.0 92.0
48.0 35.0
192.0 187.0
105.0 94.0
33.0 110.0
30.0 15.0
11.0 22.0
104.0 139.0
213.0 46.0
131.0 102.0
166.0 140.0
144.0 9.0
200.0 167.0
149.0 7.0
213.0 42.0
217.0 27.0
61.0 90.0
54.0 13.0
102.0 107.0
224.0 11.0
225.0 153.0
31.0 58.0
30.0 169.0
108.0 140.0
120.0 98.0
104.0 21.0
26.0 209.0
128.0 82.0
121.0 184.0
223.0 110.0
157.0 48.0
159.0 38.0
164.0 114.0
181.0 212.0
216.0 161.0
137.0 56.0
172.0 139.0
240.0 82.0
35.0 236.0
19.0 2.0
150.0 234.0
87.0 1.0
23.0 111.0
147.0 60.0
85.0 196.0
4.0 19.0
82.0 201.0
123.0 131.0
25.0 61.0
115.0 176.0
5.0 49.0
89.0 18.0
203.0 197.0
98.0 47.0
238.0 130.0
21.0 4.0
95.0 216.0
219.0 17.0
133.0 18.0
171.0 219.0
29.0 63.0
84.0 143.0
65.0 55.0
27.0 153.0
212.0 165.0
224.0 224.0
42.0 143.0
175.0 200.0
71.0 23.0
128.0 224.0
169.0 32.0
172.0 102.0
13.0 103.0
120.0 152.0
112.0 226.0
73.0 182.0
239.0 166.0
190.0 37.0
174.0 144.0
222.0 214.0
234.0 159.0
156.0 117.0
102.0 146.0
195.0 84.0
60.0 39.0
34.0 120.0
21.0 58.0
10.0 101.0
76.0 156.0
247.0 9.0
96.0 74.0
227.0 83.0
207.0 72.0
34.0 71.0
68.0 147.0
81.0 100.0
142.0 188.0
198.0 218.0
18.0 7.0
0.0 247.0
85.0 58.0
58.0 133.0
8.0 176.0
149.0 60.0
178.0 9.0
238.0 127.0
201.0 104.0
113.0 228.0
233.0 198.0
160.0 90.0
100.0 49.0
112.0 190.0
134.0 229.0
120.0 158.0
27.0 89.0
99.0 19.0
41.0 203.0
78.0 222.0
212.0 118.0
136.0 217.0
31.0 81.0
24.0 145.0
125.0 223.0
167.0 17.0
23.0 222.0
54.0 80.0
171.0 56.0
51.0 115.0
149.0 246.0
33.0 1.0
127.0 76.0
4.0 156.0
159.0 65.0
210.0 67.0
187.0 42.0
51.0 141.0
17.0 239.0
169.0 216.0
1.0 123.0
132.0 100.0
43.0 3.0
239.0 84.0
77.0 9.0
220.0 179.0
226.0 112.0
235.0 154.0
175.0 144.0
89.0 246.0
101.0 120.0
159.0 237.0
60.0 202.0
106.0 157.0
44.0 214.0
231.0 171.0
247.0 191.0
161.0 44.0
118.0 237.0
129.0 111.0
112.0 50.0
123.0 16.0
103.0 19.0
67.0 38.0
238.0 119.0
187.0 126.0
72.0 142.0
74.0 101.0
132.0 105.0
249.0 2.0
143.0 13.0
108.0 183.0
170.0 174.0
168.0 249.0
39.0 130.0
130.0 56.0
172.0 35.0
52.0 10.0
68.0 144.0
12.0 244.0
199.0 148.0
193.0 49.0
158.0 118.0
145.0 241.0
229.0 183.0
16.0 245.0
70.0 86.0
143.0 181.0
64.0 94.0
178.0 109.0
158.0 55.0
243.0 108.0
103.0 194.0
187.0 203.0
60.0 62.0
45.0 205.0
102.0 106.0
164.0 91.0
192.0 162.0
207.0 123.0
57.0 198.0
129.0 197.0
162.0 235.0
223.0 15.0
65.0 159.0
181.0 178.0
244.0 219.0
164.0 169.0
55.0 54.0
195.0 215.0
23.0 158.0
241.0 102.0
10.0 14.0
172.0 74.0
92.0 178.0
91.0 0.0
49.0 164.0
103.0 75.0
182.0 34.0
132.0 116.0
248.0 182.0
232.0 82.0
84.0 78.0
134.0 16.0
84.0 94.0
86.0 154.0
5.0 46.0
120.0 36.0
103.0 203.0
156.0 223.0
224.0 27.0
227.0 88.0
219.0 7.0
94.0 171.0
176.0 240.0
152.0 167.0
236.0 240.0
54.0 187.0
81.0 248.0
44.0 215.0
1.0 163.0
63.0 34.0
10.0 229.0
249.0 187.0
31.0 227.0
23.0 83.0
245.0 185.0
243.0 221.0
13.0 228.0
249.0 8.0
71.0 206.0
163.0 12.0
43.0 91.0
138.0 9.0
111.0 172.0
37.0 35.0
225.0 146.0
120.0 184.0
102.0 16.0
100.0 227.0
12.0 27.0
249.0 182.0
211.0 165.0
69.0 19.0
163.0 72.0
63.0 14.0
28.0 47.0
0.0 71.0
183.0 89.0
95.0 130.0
120.0 33.0
104.0 114.0
136.0 124.0
150.0 164.0
4.0 181.0
143.0 240.0
191.0 96.0
230.0 197.0
172.0 173.0
35.0 51.0
33.0 187.0
225.0 175.0
45.0 55.0
48.0 4.0
14.0 95.0
8.0 111.0
230.0 168.0
192.0 119.0
173.0 41.0
42.0 183.0
200.0 135.0
203.0 131.0
232.0 142.0
136.0 115.0
30.0 29.0
228.0 250.0
225.0 40.0
224.0 210.0
56.0 109.0
96.0 127.0
99.0 142.0
33.0 158.0
84.0 232.0
51.0 164.0
189.0 116.0
32.0 8.0
37.0 82.0
61.0 40.0
179.0 3.0
10.0 151.0
138.0 77.0
88.0 77.0
182.0 83.0
196.0 225.0
33.0 92.0
191.0 73.0
48.0 102.0
2.0 34.0
205.0 110.0
89.0 223.0
50.0 10.0
58.0 128.0
76.0 187.0
55.0 10.0
51.0 61.0
122.0 158.0
150.0 101.0
14.0 185.0
33.0 162.0
29.0 136.0
90.0 58.0
236.0 209.0
127.0 94.0
22.0 224.0
93.0 88.0
220.0 42.0
241.0 237.0
109.0 173.0
195.0 243.0
178.0 148.0
195.0 155.0
68.0 43.0
123.0 236.0
214.0 80.0
202.0 186.0
216.0 76.0
81.0 139.0
93.0 47.0
103.0 156.0
79.0 99.0
76.0 7.0
219.0 57.0
211.0 79.0
80.0 73.0
188.0 78.0
186.0 38.0
139.0 246.0
124.0 182.0
122.0 138.0
53.0 41.0
3.0 41.0
201.0 64.0
204.0 213.0
187.0 161.0
103.0 151.0
137.0 79.0
167.0 186.0
70.0 53.0
229.0 1.0
116.0 225.0
120.0 224.0
197.0 159.0
194.0 80.0
94.0 82.0
68.0 140.0
162.0 28.0
247.0 0.0
234.0 165.0
103.0 71.0
101.0 100.0
209.0 188.0
244.0 51.0
158.0 82.0
73.0 83.0
234.0 64.0
224.0 155.0
176.0 80.0
38.0 47.0
53.0 105.0
166.0 47.0
88.0 174.0
32.0 102.0
92.0 140.0
225.0 159.0
217.0 75.0
185.0 51.0
63.0 30.0
128.0 26.0
227.0 201.0
189.0 129.0
188.0 90.0
114.0 185.0
13.0 78.0
105.0 205.0
145.0 131.0
12.0 91.0
124.0 179.0
121.0 82.0
141.0 5.0
89.0 199.0
133.0 75.0
154.0 5.0
218.0 14.0
53.0 61.0
38.0 20.0
146.0 17.0
176.0 74.0
60.0 93.0
110.0 91.0
207.0 27.0
233.0 248.0
137.0 102.0
26.0 19.0
203.0 216.0
47.0 22.0
106.0 229.0
188.0 76.0
189.0 168.0
238.0 210.0
167.0 167.0
93.0 144.0
40.0 81.0
10.0 102.0
244.0 31.0
126.0 105.0
172.0 200.0
21.0 235.0
234.0 6.0
158.0 146.0
219.0 92.0
117.0 162.0
13.0 150.0
71.0 145.0
38.0 130.0
52.0 87.0
107.0 227.0
81.0 224.0
183.0 78.0
75.0 10.0
113.0 186.0
242.0 126.0
198.0 129.0
1.0 231.0
33.0 181.0
0.0 12.0
131.0 50.0
157.0 106.0
115.0 228.0
173.0 81.0
124.0 24.0
55.0 179.0
99.0 155.0
234.0 118.0
210.0 98.0
187.0 53.0
227.0 197.0
21.0 99.0
201.0 94.0
57.0 142.0
155.0 123.0
247.0 235.0
21.0 100.0
79.0 161.0
129.0 13.0
189.0 80.0
135.0 191.0
207.0 246.0
58.0 67.0
175.0 58.0
178.0 236.0
192.0 66.0
112.0 66.0
4.0 69.0
172.0 165.0
66.0 60.0
213.0 107.0
163.0 15.0
195.0 83.0
249.0 168.0
40.0 1.0
219.0 141.0
137.0 100.0
138.0 188.0
192.0 191.0
20.0 63.0
167.0 248.0
66.0 127.0
112.0 73.0
64.0 99.0
26.0 119.0
248.0 174.0
159.0 103.0
180.0 43.0
32.0 87.0
92.0 173.0
201.0 50.0
123.0 240.0
169.0 1.0
247.0 214.0
104.0 30.0
231.0 102.0
130.0 219.0
18.0 226.0
240.0 193.0
9.0 179.0
200.0 103.0
19.0 188.0
144.0 190.0
3.0 170.0
87.0 111.0
191.0 86.0
185.0 40.0
117.0 237.0
95.0 101.0
57.0 249.0
139.0 28.0
219.0 9.0
1.0 226.0
94.0 174.0
29.0 6.0
178.0 142.0
13.0 45.0
95.0 229.0
113.0 219.0
209.0 67.0
195.0 228.0
139.0 98.0
137.0 42.0
130.0 43.0
210.0 220.0
61.0 102.0
242.0 235.0
189.0 148.0
37.0 4.0
23.0 19.0
135.0 112.0
51.0 81.0
9.0 73.0
87.0 17.0
157.0 228.0
98.0 143.0
66.0 248.0
142.0 93.0
123.0 228.0
152.0 33.0
86.0 206.0
80.0 133.0
54.0 219.0
249.0 75.0
180.0 106.0
74.0 212.0
186.0 48.0
91.0 8.0
64.0 174.0
109.0 26.0
119.0 106.0
47.0 206.0
142.0 134.0
118.0 65.0
235.0 38.0
86.0 212.0
175.0 103.0
108.0 158.0
17.0 230.0
9.0 205.0
148.0 71.0
153.0 15.0
138.0 197.0
104.0 23.0
233.0 113.0
128.0 149.0
191.0 6.0
110.0 129.0
200.0 169.0
51.0 29.0
190.0 93.0
102.0 127.0
165.0 61.0
170.0 123.0
224.0 116.0
180.0 220.0
47.0 89.0
159.0 175.0
122.0 208.0
87.0 223.0
108.0 93.0
63.0 110.0
17.0 11.0
121.0 11.0
195.0 112.0
91.0 185.0
185.0 107.0
235.0 31.0
74.0 4.0
168.0 12.0
22.0 235.0
179.0 242.0
215.0 157.0
82.0 77.0
47.0 155.0
76.0 121.0
164.0 171.0
137.0 132.0
46.0 47.0
41.0 97.0
123.0 119.0
157.0 86.0
244.0 56.0
238.0 49.0
109.0 38.0
237.0 14.0
111.0 121.0
229.0 241.0
75.0 5.0
107.0 166.0
203.0 203.0
5.0 58.0
112.0 172.0
234.0 98.0
132.0 46.0
68.0 184.0
113.0 154.0
36.0 47.0
71.0 87.0
187.0 90.0
12.0 123.0
94.0 184.0
149.0 147.0
210.0 198.0
239.0 249.0
213.0 108.0
111.0 23.0
52.0 114.0
2.0 104.0
242.0 215.0
134.0 112.0
229.0 44.0
34.0 156.0
239.0 62.0
155.0 184.0
75.0 12.0
165.0 230.0
138.0 111.0
99.0 187.0
13.0 23.0
108.0 63.0
27.0 204.0
126.0 203.0
243.0 29.0
72.0 69.0
162.0 180.0
22.0 183.0
238.0 80.0
94.0 197.0
97.0 219.0
117.0 83.0
173.0 37.0
190.0 8.0
58.0 78.0
86.0 36.0
139.0 220.0
223.0 88.0
175.0 56.0
36.0 168.0
51.0 110.0
103.0 180.0
204.0 93.0
226.0 197.0
98.0 244.0
194.0 154.0
117.0 111.0
63.0 185.0
122.0 162.0
50.0 200.0
177.0 230.0
244.0 68.0
50.0 44.0
119.0 99.0
132.0 227.0
167.0 88.0
1.0 149.0
18.0 223.0
144.0 120.0
235.0 7.0
195.0 203.0
25.0 117.0
81.0 1.0
187.0 221.0
42.0 78.0
153.0 53.0
58.0 234.0
71.0 151.0
25.0 172.0
172.0 168.0
76.0 159.0
231.0 43.0
20.0 87.0
233.0 74.0
170.0 161.0
203.0 40.0
160.0 248.0
177.0 56.0
151.0 239.0
123.0 163.0
129.0 79.0
200.0 235.0
103.0 198.0
27.0 64.0
6.0 116.0
207.0 78.0
238.0 87.0
181.0 190.0
38.0 176.0
11.0 109.0
237.0 7.0
50.0 217.0
213.0 211.0
233.0 231.0
214.0 171.0
42.0 143.0
11.0 228.0
41.0 249.0
158.0 79.0
139.0 161.0
204.0 134.0
93.0 236.0
2.0 199.0
59.0 176.0
90.0 144.0
62.0 122.0
169.0 12.0
60.0 113.0
16.0 131.0
123.0 115.0
240.0 58.0
8.0 114.0
93.0 24.0
22.0 94.0
112.0 103.0
100.0 30.0
198.0 145.0
98.0 91.0
11.0 56.0
103.0 51.0
167.0 111.0
145.0 236.0
7.0 2.0
236.0 123.0
28.0 164.0
230.0 47.0
133.0 237.0
79.0 14.0
165.0 59.0
90.0 184.0
248.0 175.0
123.0 164.0
37.0 146.0
241.0 43.0
15.0 250.0
90.0 182.0
70.0 0.0
170.0 69.0
115.0 189.0
149.0 126.0
102.0 248.0
235.0 154.0
77.0 36.0
158.0 179.0
0.0 190.0
142.0 7.0
97.0 45.0
41.0 118.0
92.0 122.0
142.0 111.0
224.0 72.0
196.0 168.0
9.0 204.0
48.0 147.0
29.0 88.0
44.0 148.0
89.0 20.0
221.0 12.0
143.0 187.0
92.0 13.0
208.0 200.0
129.0 42.0
38.0 221.0
157.0 181.0
158.0 215.0
125.0 93.0
157.0 176.0
95.0 4.0
203.0 246.0
45.0 70.0
57.0 180.0
184.0 27.0
190.0 228.0
27.0 60.0
141.0 243.0
28.0 143.0
84.0 207.0
157.0 175.0
148.0 133.0
98.0 31.0
54.0 131.0
67.0 235.0
249.0 242.0
55.0 244.0
237.0 197.0
129.0 172.0
135.0 75.0
212.0 78.0
57.0 144.0
97.0 15.0
215.0 239.0
13.0 91.0
213.0 88.0
85.0 107.0
58.0 50.0
168.0 158.0
226.0 61.0
4.0 142.0
197.0 137.0
50.0 167.0
160.0 90.0
79.0 188.0
176.0 176.0
240.0 3.0
143.0 228.0
82.0 36.0
203.0 107.0
92.0 184.0
69.0 134.0
133.0 23.0
50.0 239.0
195.0 22.0
99.0 91.0
227.0 192.0
64.0 87.0
102.0 188.0
85.0 80.0
80.0 170.0
170.0 94.0
214.0 61.0
56.0 47.0
190.0 137.0
232.0 91.0
167.0 218.0
120.0 220.0
228.0 6.0
161.0 133.0
135.0 218.0
176.0 118.0
139.0 201.0
131.0 82.0
138.0 27.0
44.0 113.0
76.0 147.0
39.0 62.0
2.0 226.0
158.0 181.0
41.0 101.0
75.0 158.0
90.0 124.0
175.0 215.0
107.0 197.0
35.0 244.0
176.0 143.0
142.0 13.0
102.0 87.0
248.0 48.0
89.0 117.0
89.0 86.0
125.0 41.0
235.0 99.0
9.0 107.0
170.0 145.0
18.0 147.0
246.0 169.0
22.0 130.0
239.0 149.0
171.0 215.0
23.0 76.0
84.0 157.0
215.0 35.0
42.0 32.0
184.0 4.0
243.0 23.0
140.0 15.0
245.0 80.0
95.0 175.0
16.0 108.0
20.0 48.0
114.0 89.0
108.0 33.0
29.0 178.0
113.0 125.0
85.0 65.0
34.0 41.0
60.0 248.0
248.0 247.0
48.0 152.0
232.0 232.0
97.0 102.0
92.0 196.0
20.0 214.0
191.0 121.0
42.0 91.0
198.0 6.0
39.0 6.0

68.0 28.0
173.0 189.0
79.0 70.0
136.0 136.0
31.0 126.0
91.0 13.0
223.0 34.0
59.0 47.0
38.0 47.0
74.0 12.0
47.0 106.0
245.0 187.0
200.0 66.0
149.0 141.0
173.0 120.0
39.0 76.0
19.0 19.0
186.0 173.0
97.0 31.0
211.0 60.0
45.0 77.0
112.0 29.0
170.0 104.0
217.0 136.0
112.0 24.0
127.0 35.0
31.0 166.0
33.0 14.0
92.0 155.0
71.0 196.0
72.0 64.0
223.0 24.0
5.0 160.0
75.0 112.0
87.0 144.0
59.0 210.0
103.0 144.0
85.0 202.0
225.0 205.0
117.0 58.0
90.0 150.0
175.0 40.0
115.0 232.0
212.0 147.0
76.0 21.0
242.0 18.0
49.0 80.0
13.0 168.0
124.0 47.0
235.0 114.0
82.0 221.0
28.0 149.0
80.0 215.0
14.0 222.0
195.0 148.0
18.0 26.0
210.0 215.0
245.0 129.0
122.0 128.0
254.0 169.0
136.0 44.0
184.0 6.0
250.0 111.0
238.0 16.0
86.0 150.0
220.0 61.0
166.0 210.0
249.0 152.0
169.0 154.0
90.0 232.0
26.0 108.0
96.0 250.0
234.0 95.0
82.0 18.0
109.0 36.0
213.0 209.0
9.0 51.0
163.0 83.0
139.0 176.0
204.0 152.0
50.0 232.0
112.0 40.0
75.0 124.0
220.0 115.0
230.0 211.0
52.0 234.0
163.0 51.0
57.0 103.0
60.0 163.0
241.0 198.0
208.0 150.0
64.0 98.0
21.0 209.0
36.0 122.0
99.0 36.0
34.0 155.0
234.0 247.0
104.0 246.0
57.0 200.0
166.0 221.0
146.0 198.0
29.0 256.0
146.0 147.0
223.0 42.0
68.0 197.0
205.0 103.0
243.0 96.0
53.0 41.0
196.0 192.0
110.0 99.0
38.0 115.0
35.0 20.0
15.0 26.0
109.0 143.0
219.0 51.0
136.0 106.0
170.0 146.0
150.0 13.0
206.0 172.0
154.0 12.0
218.0 47.0
223.0 31.0
65.0 95.0
60.0 18.0
107.0 112.0
230.0 15.0
230.0 158.0
36.0 64.0
35.0 174.0
114.0 145.0
125.0 102.0
109.0 26.0
31.0 214.0
132.0 87.0
127.0 188.0
229.0 114.0
162.0 53.0
163.0 42.0
169.0 119.0
187.0 218.0
220.0 166.0
142.0 60.0
178.0 143.0
246.0 86.0
40.0 241.0
23.0 6.0
154.0 239.0
92.0 6.0
29.0 116.0
151.0 64.0
90.0 200.0
8.0 23.0
88.0 206.0
128.0 137.0
30.0 65.0
120.0 182.0
11.0 53.0
93.0 23.0
209.0 202.0
103.0 52.0
243.0 136.0
25.0 10.0
99.0 222.0
224.0 22.0
137.0 23.0
176.0 225.0
34.0 68.0
90.0 148.0
70.0 61.0
31.0 158.0
216.0 169.0
229.0 229.0
46.0 148.0
180.0 206.0
75.0 28.0
134.0 228.0
174.0 37.0
177.0 108.0
18.0 108.0
125.0 157.0
118.0 232.0
78.0 187.0
245.0 171.0
196.0 43.0
179.0 149.0
227.0 219.0
238.0 165.0
160.0 121.0
107.0 152.0
200.0 88.0
65.0 44.0
39.0 125.0
26.0 63.0
15.0 105.0
80.0 161.0
253.0 14.0
101.0 79.0
232.0 87.0
211.0 78.0
38.0 77.0
74.0 151.0
86.0 105.0
146.0 194.0
203.0 223.0
23.0 13.0
5.0 253.0
89.0 64.0
64.0 138.0
13.0 180.0
155.0 64.0
184.0 13.0
242.0 132.0
207.0 108.0
119.0 233.0
238.0 203.0
164.0 94.0
105.0 55.0
116.0 196.0
139.0 234.0
126.0 162.0
31.0 94.0
105.0 24.0
46.0 208.0
84.0 227.0
216.0 123.0
141.0 221.0
36.0 85.0
30.0 150.0
129.0 228.0
172.0 22.0
29.0 227.0
59.0 85.0
177.0 60.0
57.0 120.0
154.0 251.0
37.0 6.0
132.0 81.0
10.0 161.0
163.0 70.0
216.0 73.0
191.0 46.0
56.0 145.0
21.0 245.0
173.0 220.0
5.0 129.0
137.0 105.0
48.0 8.0
243.0 89.0
83.0 13.0
225.0 185.0
230.0 116.0
240.0 159.0
181.0 148.0
94.0 250.0
107.0 126.0
164.0 242.0
65.0 207.0
110.0 161.0
48.0 219.0
236.0 175.0
253.0 196.0
166.0 49.0
124.0 242.0
133.0 116.0
116.0 54.0
129.0 22.0
108.0 23.0
72.0 44.0
242.0 124.0
193.0 131.0
78.0 147.0
80.0 106.0
138.0 109.0
254.0 7.0
149.0 19.0
113.0 189.0
174.0 179.0
172.0 255.0
44.0 136.0
135.0 62.0
178.0 40.0
57.0 15.0
74.0 149.0
17.0 249.0
205.0 153.0
199.0 54.0
163.0 123.0
150.0 246.0
233.0 188.0
22.0 250.0
76.0 92.0
149.0 186.0
69.0 99.0
184.0 115.0
163.0 60.0
247.0 112.0
107.0 199.0
192.0 208.0
66.0 66.0
51.0 210.0
106.0 110.0
169.0 97.0
198.0 166.0
213.0 129.0
62.0 203.0
134.0 202.0
168.0 239.0
228.0 20.0
70.0 163.0
186.0 183.0
250.0 224.0
169.0 174.0
59.0 58.0
199.0 221.0
28.0 164.0
246.0 107.0
15.0 19.0
177.0 79.0
97.0 183.0
96.0 6.0
54.0 168.0
108.0 80.0
187.0 40.0
138.0 121.0
252.0 187.0
238.0 88.0
90.0 84.0
138.0 20.0
90.0 99.0
92.0 160.0
10.0 51.0
125.0 40.0
108.0 208.0
160.0 229.0
230.0 31.0
233.0 93.0
225.0 12.0
99.0 177.0
182.0 245.0
157.0 171.0
241.0 244.0
58.0 191.0
86.0 253.0
48.0 219.0
6.0 169.0
68.0 40.0
14.0 234.0
254.0 192.0
35.0 233.0
27.0 89.0
250.0 191.0
247.0 226.0
17.0 233.0
255.0 13.0
76.0 211.0
168.0 18.0
48.0 96.0
144.0 15.0
115.0 177.0
41.0 39.0
229.0 151.0
126.0 190.0
107.0 21.0
104.0 232.0
18.0 31.0
253.0 187.0
215.0 170.0
74.0 24.0
168.0 77.0
68.0 19.0
33.0 51.0
4.0 75.0
188.0 93.0
100.0 134.0
125.0 39.0
108.0 119.0
142.0 128.0
154.0 170.0
9.0 186.0
149.0 245.0
197.0 102.0
235.0 202.0
177.0 178.0
41.0 56.0
38.0 193.0
230.0 180.0
50.0 59.0
53.0 10.0
18.0 101.0
13.0 116.0
235.0 174.0
197.0 123.0
179.0 45.0
47.0 189.0
206.0 141.0
209.0 136.0
238.0 148.0
140.0 120.0
35.0 33.0
233.0 256.0
230.0 45.0
229.0 216.0
60.0 113.0
100.0 133.0
105.0 146.0
38.0 162.0
90.0 238.0
57.0 169.0
194.0 122.0
38.0 12.0
41.0 88.0
65.0 46.0
185.0 8.0
16.0 156.0
142.0 83.0
93.0 82.0
186.0 88.0
200.0 231.0
38.0 97.0
195.0 78.0
54.0 107.0
7.0 39.0
211.0 115.0
94.0 228.0
54.0 14.0
63.0 134.0
80.0 192.0
59.0 15.0
56.0 66.0
127.0 163.0
156.0 107.0
19.0 190.0
39.0 168.0
34.0 142.0
96.0 63.0
242.0 213.0
133.0 99.0
28.0 230.0
98.0 92.0
224.0 46.0
246.0 242.0
113.0 179.0
200.0 247.0
184.0 154.0
200.0 160.0
73.0 49.0
129.0 242.0
219.0 86.0
207.0 191.0
221.0 81.0
86.0 145.0
98.0 52.0
108.0 161.0
84.0 105.0
82.0 11.0
224.0 62.0
215.0 84.0
86.0 77.0
193.0 84.0
190.0 42.0
144.0 252.0
129.0 187.0
127.0 143.0
57.0 45.0
9.0 45.0
207.0 69.0
209.0 218.0
192.0 167.0
109.0 157.0
141.0 83.0
172.0 192.0
76.0 58.0
235.0 5.0
121.0 231.0
126.0 230.0
202.0 165.0
198.0 85.0
100.0 88.0
72.0 144.0
167.0 33.0
252.0 4.0
238.0 170.0
108.0 77.0
107.0 106.0
215.0 194.0
249.0 55.0
164.0 86.0
78.0 87.0
239.0 69.0
230.0 159.0
182.0 84.0
42.0 53.0
57.0 110.0
172.0 53.0
94.0 179.0
37.0 106.0
98.0 146.0
231.0 165.0
222.0 79.0
189.0 57.0
67.0 35.0
133.0 32.0
231.0 206.0
194.0 134.0
193.0 96.0
118.0 190.0
18.0 82.0
110.0 209.0
149.0 136.0
17.0 96.0
129.0 185.0
126.0 86.0
146.0 11.0
94.0 205.0
138.0 81.0
159.0 10.0
224.0 19.0
59.0 65.0
43.0 24.0
151.0 22.0
181.0 78.0
65.0 97.0
115.0 95.0
212.0 32.0
238.0 254.0
141.0 108.0
31.0 24.0
209.0 221.0
52.0 28.0
111.0 234.0
194.0 81.0
195.0 173.0
244.0 216.0
173.0 172.0
97.0 149.0
45.0 86.0
16.0 108.0
248.0 36.0
132.0 109.0
176.0 206.0
26.0 241.0
238.0 11.0
162.0 152.0
224.0 97.0
122.0 166.0
17.0 156.0
77.0 150.0
44.0 135.0
57.0 92.0
112.0 232.0
85.0 230.0
187.0 84.0
81.0 16.0
118.0 191.0
248.0 131.0
202.0 134.0
7.0 237.0
39.0 187.0
4.0 17.0
136.0 55.0
161.0 111.0
120.0 232.0
178.0 86.0
129.0 30.0
60.0 185.0
103.0 160.0
239.0 124.0
214.0 104.0
193.0 58.0
231.0 201.0
25.0 103.0
207.0 99.0
63.0 147.0
160.0 128.0
253.0 241.0
26.0 105.0
85.0 166.0
133.0 18.0
194.0 85.0
139.0 195.0
213.0 250.0
64.0 71.0
180.0 62.0
184.0 241.0
197.0 71.0
116.0 71.0
10.0 74.0
176.0 170.0
71.0 64.0
218.0 113.0
169.0 19.0
201.0 87.0
254.0 174.0
45.0 7.0
223.0 145.0
143.0 105.0
142.0 193.0
196.0 196.0
24.0 69.0
172.0 253.0
70.0 132.0
116.0 79.0
68.0 103.0
32.0 124.0
254.0 178.0
164.0 108.0
186.0 49.0
38.0 91.0
98.0 178.0
206.0 55.0
127.0 246.0
174.0 5.0
252.0 218.0
109.0 35.0
236.0 108.0
135.0 224.0
23.0 230.0
244.0 199.0
14.0 184.0
205.0 108.0
25.0 194.0
148.0 195.0
8.0 176.0
92.0 116.0
196.0 91.0
189.0 45.0
121.0 242.0
100.0 106.0
61.0 254.0
145.0 34.0
224.0 15.0
5.0 231.0
99.0 180.0
34.0 10.0
183.0 147.0
18.0 49.0
100.0 234.0
118.0 224.0
214.0 72.0
200.0 232.0
145.0 102.0
143.0 48.0
135.0 48.0
216.0 224.0
66.0 107.0
247.0 240.0
194.0 153.0
42.0 8.0
28.0 25.0
140.0 118.0
56.0 86.0
15.0 78.0
92.0 22.0
162.0 233.0
103.0 148.0
71.0 253.0
146.0 99.0
127.0 232.0
156.0 38.0
91.0 212.0
85.0 138.0
59.0 223.0
254.0 81.0
185.0 110.0
79.0 217.0
191.0 53.0
95.0 13.0
70.0 178.0
115.0 31.0
123.0 110.0
53.0 211.0
147.0 138.0
122.0 70.0
241.0 44.0
91.0 218.0
181.0 108.0
113.0 164.0
21.0 236.0
14.0 210.0
153.0 77.0
158.0 20.0
143.0 201.0
109.0 27.0
238.0 118.0
132.0 153.0
196.0 11.0
115.0 134.0
204.0 175.0
57.0 33.0
196.0 98.0
107.0 132.0
170.0 65.0
175.0 128.0
230.0 121.0
185.0 225.0
52.0 94.0
164.0 180.0
127.0 212.0
91.0 228.0
113.0 98.0
68.0 114.0
22.0 16.0
125.0 15.0
200.0 117.0
97.0 191.0
190.0 111.0
241.0 36.0
78.0 10.0
174.0 17.0
26.0 241.0
183.0 248.0
221.0 162.0
88.0 81.0
52.0 161.0
80.0 126.0
169.0 176.0
143.0 137.0
51.0 53.0
46.0 103.0
128.0 124.0
163.0 92.0
249.0 62.0
243.0 55.0
113.0 43.0
242.0 20.0
117.0 127.0
233.0 247.0
80.0 10.0
112.0 171.0
209.0 209.0
10.0 63.0
117.0 177.0
240.0 104.0
137.0 51.0
73.0 190.0
119.0 159.0
42.0 52.0
77.0 92.0
191.0 95.0
18.0 129.0
99.0 189.0
155.0 152.0
216.0 203.0
243.0 254.0
217.0 113.0
116.0 29.0
57.0 118.0
6.0 109.0
246.0 219.0
138.0 117.0
233.0 49.0
38.0 160.0
243.0 67.0
160.0 190.0
80.0 17.0
170.0 236.0
142.0 115.0
105.0 193.0
19.0 28.0
113.0 69.0
33.0 210.0
131.0 207.0
247.0 33.0
77.0 75.0
168.0 185.0
27.0 188.0
242.0 84.0
98.0 202.0
103.0 224.0
122.0 87.0
178.0 41.0
195.0 14.0
64.0 82.0
90.0 41.0
144.0 226.0
229.0 93.0
180.0 61.0
42.0 174.0
56.0 115.0
108.0 185.0
209.0 98.0
230.0 202.0
102.0 249.0
199.0 159.0
121.0 115.0
67.0 191.0
126.0 168.0
56.0 205.0
182.0 236.0
250.0 74.0
54.0 49.0
124.0 105.0
136.0 232.0
172.0 92.0
7.0 153.0
22.0 228.0
149.0 126.0
240.0 12.0
199.0 208.0
30.0 122.0
85.0 6.0
192.0 227.0
46.0 84.0
158.0 58.0
64.0 239.0
76.0 155.0
30.0 178.0
177.0 173.0
81.0 163.0
236.0 47.0
25.0 92.0
238.0 80.0
175.0 167.0
208.0 45.0
165.0 253.0
182.0 61.0
156.0 244.0
129.0 169.0
134.0 84.0
205.0 239.0
108.0 204.0
33.0 69.0
12.0 122.0
211.0 84.0
243.0 92.0
187.0 194.0
43.0 181.0
15.0 114.0
242.0 12.0
56.0 223.0
219.0 215.0
238.0 235.0
219.0 176.0
47.0 148.0
17.0 234.0
47.0 253.0
163.0 84.0
144.0 166.0
210.0 138.0
97.0 240.0
7.0 205.0
63.0 181.0
96.0 149.0
68.0 127.0
174.0 16.0
65.0 119.0
20.0 135.0
129.0 119.0
245.0 63.0
14.0 118.0
99.0 29.0
28.0 100.0
117.0 109.0
105.0 35.0
203.0 150.0
102.0 96.0
17.0 61.0
108.0 55.0
171.0 115.0
150.0 241.0
12.0 7.0
240.0 129.0
33.0 170.0
236.0 51.0
137.0 243.0
83.0 19.0
170.0 63.0
95.0 189.0
253.0 180.0
127.0 170.0
42.0 150.0
246.0 48.0
20.0 254.0
96.0 186.0
74.0 6.0
176.0 73.0
120.0 193.0
154.0 131.0
108.0 253.0
240.0 159.0
82.0 41.0
163.0 184.0
6.0 196.0
147.0 12.0
102.0 50.0
46.0 122.0
97.0 126.0
146.0 115.0
229.0 78.0
202.0 172.0
14.0 209.0
53.0 153.0
34.0 93.0
49.0 153.0
93.0 25.0
226.0 18.0
148.0 192.0
98.0 18.0
213.0 204.0
135.0 46.0
44.0 226.0
162.0 187.0
164.0 220.0
130.0 99.0
161.0 182.0
101.0 9.0
207.0 251.0
51.0 75.0
63.0 185.0
189.0 32.0
194.0 234.0
31.0 66.0
147.0 248.0
34.0 147.0
89.0 212.0
161.0 181.0
153.0 137.0
104.0 37.0
58.0 135.0
72.0 239.0
255.0 248.0
60.0 248.0
241.0 203.0
134.0 178.0
139.0 80.0
217.0 83.0
62.0 150.0
102.0 20.0
220.0 244.0
19.0 95.0
218.0 92.0
90.0 113.0
64.0 55.0
174.0 164.0
231.0 66.0
9.0 147.0
202.0 143.0
55.0 171.0
165.0 94.0
84.0 192.0
182.0 182.0
245.0 8.0
147.0 233.0
87.0 41.0
207.0 113.0
97.0 189.0
74.0 139.0
138.0 29.0
54.0 244.0
199.0 27.0
103.0 96.0
232.0 196.0
69.0 92.0
107.0 192.0
90.0 86.0
85.0 174.0
175.0 99.0
219.0 66.0
60.0 52.0
195.0 141.0
237.0 96.0
172.0 223.0
125.0 224.0
234.0 11.0
165.0 138.0
141.0 224.0
181.0 124.0
143.0 205.0
135.0 86.0
142.0 32.0
49.0 118.0
81.0 153.0
44.0 67.0
7.0 232.0
163.0 187.0
46.0 106.0
79.0 164.0
96.0 129.0
179.0 219.0
112.0 202.0
39.0 249.0
180.0 147.0
147.0 17.0
107.0 91.0
254.0 53.0
94.0 123.0
95.0 92.0
129.0 45.0
241.0 104.0
15.0 113.0
176.0 151.0
23.0 153.0
250.0 174.0
28.0 136.0
245.0 154.0
176.0 220.0
28.0 81.0
88.0 163.0
221.0 39.0
48.0 38.0
188.0 10.0
249.0 27.0
145.0 21.0
249.0 86.0
100.0 180.0
22.0 113.0
26.0 54.0
119.0 93.0
114.0 38.0
33.0 184.0
119.0 130.0
89.0 69.0
39.0 46.0
64.0 254.0
254.0 253.0
53.0 158.0
237.0 236.0
103.0 107.0
96.0 201.0
24.0 219.0
197.0 126.0
47.0 96.0
204.0 12.0
45.0 12.0
