1
1024 1 3.0 0.0 1000.0 3 160 240 100

6.5 13.5 29.3 58.5
13.0 27.0 58.5 117.0
19.5 40.5 87.8 175.5
26.0 54.0 117.0 234.0
39.0 81.0 175.5 351.0
52.0 108.0 234.0 468.0
58.5 121.5 263.3 526.5
65.0 135.0 292.5 585.0
78.0 162.0 351.0 702.0
0.0 180.0 390.0 780.0

2.0 5.0 8.0 11.0
5.0 8.0 11.0 14.0
9.0 12.0 15.0 18.0
11.0 14.0 17.0 20.0
15.0 18.0 21.0 24.0
18.0 21.0 24.0 27.0
20.0 23.0 26.0 29.0
25.0 28.0 31.0 34.0
29.0 32.0 35.0 38.0
0.0 34.0 37.0 40.0

6.0 205.0
148.0 239.0
4.0 151.0
161.0 214.0
24.0 127.0
107.0 232.0
181.0 126.0
79.0 177.0
143.0 44.0
199.0 79.0
75.0 178.0
9.0 22.0
161.0 134.0
199.0 142.0
23.0 213.0
135.0 157.0
200.0 89.0
31.0 179.0
159.0 210.0
113.0 140.0
99.0 148.0
220.0 187.0
157.0 164.0
88.0 18.0
162.0 117.0
120.0 143.0
146.0 96.0
30.0 137.0
156.0 20.0
26.0 34.0
187.0 241.0
41.0 33.0
165.0 235.0
71.0 32.0
170.0 54.0
236.0 54.0
192.0 13.0
7.0 198.0
13.0 140.0
87.0 56.0
110.0 243.0
12.0 95.0
44.0 4.0
95.0 81.0
124.0 79.0
141.0 170.0
176.0 226.0
182.0 110.0
75.0 78.0
49.0 51.0
11.0 203.0
145.0 46.0
250.0 198.0
106.0 109.0
4.0 73.0
93.0 28.0
45.0 54.0
36.0 187.0
41.0 195.0
193.0 217.0
129.0 34.0
203.0 97.0
81.0 72.0
146.0 166.0
208.0 176.0
158.0 24.0
213.0 74.0
226.0 165.0
38.0 152.0
96.0 209.0
24.0 103.0
44.0 170.0
54.0 13.0
71.0 35.0
139.0 61.0
133.0 197.0
227.0 44.0
111.0 140.0
66.0 12.0
246.0 62.0
47.0 127.0
110.0 185.0
214.0 140.0
238.0 85.0
242.0 219.0
100.0 150.0
214.0 158.0
154.0 133.0
104.0 78.0
59.0 31.0
172.0 11.0
149.0 129.0
66.0 112.0
110.0 69.0
211.0 22.0
120.0 154.0
134.0 228.0
233.0 130.0
206.0 98.0
165.0 14.0
64.0 45.0
131.0 112.0
60.0 119.0
9.0 146.0
147.0 116.0
117.0 13.0
155.0 132.0
0.0 241.0
243.0 8.0
137.0 13.0
117.0 237.0
79.0 211.0
169.0 143.0
77.0 226.0
244.0 30.0
67.0 114.0
80.0 249.0
202.0 215.0
242.0 228.0
172.0 181.0
220.0 67.0
127.0 173.0
143.0 105.0
73.0 44.0
152.0 177.0
175.0 125.0
11.0 114.0
215.0 73.0
110.0 67.0
11.0 32.0
89.0 70.0
182.0 162.0
89.0 80.0
168.0 183.0
242.0 9.0
36.0 115.0
43.0 109.0
97.0 226.0
71.0 120.0
233.0 246.0
84.0 153.0
106.0 241.0
89.0 97.0
246.0 72.0
32.0 137.0
80.0 209.0
69.0 65.0
27.0 213.0
215.0 88.0
86.0 8.0
189.0 178.0
173.0 147.0
128.0 68.0
6.0 69.0
116.0 36.0
174.0 167.0
82.0 227.0
59.0 52.0
128.0 27.0
122.0 189.0
217.0 100.0
100.0 184.0
171.0 242.0
1.0 17.0
7.0 31.0
61.0 118.0
216.0 59.0
185.0 210.0
122.0 88.0
161.0 200.0
44.0 50.0
24.0 153.0
41.0 106.0
16.0 11.0
79.0 63.0
125.0 224.0
18.0 225.0
16.0 65.0
150.0 119.0
233.0 182.0
43.0 46.0
99.0 34.0
57.0 245.0
59.0 136.0
166.0 41.0
43.0 129.0
61.0 107.0
192.0 237.0
60.0 83.0
159.0 0.0
173.0 88.0
220.0 207.0
201.0 215.0
249.0 55.0
127.0 174.0
190.0 86.0
31.0 57.0
210.0 42.0
152.0 17.0
16.0 70.0
242.0 193.0
164.0 43.0
164.0 66.0
223.0 60.0
43.0 194.0
226.0 247.0
20.0 131.0
159.0 63.0
52.0 127.0
49.0 117.0
193.0 1.0
22.0 45.0
159.0 194.0
9.0 99.0
247.0 3.0
110.0 131.0
25.0 117.0
164.0 222.0
249.0 116.0
150.0 28.0
51.0 139.0
109.0 233.0
216.0 27.0
78.0 26.0
224.0 28.0
98.0 136.0
5.0 233.0
165.0 221.0
198.0 204.0
66.0 3.0
246.0 95.0
88.0 83.0
237.0 107.0
166.0 197.0
202.0 185.0
90.0 230.0
151.0 191.0
207.0 113.0
186.0 78.0
105.0 51.0
94.0 168.0
110.0 84.0
145.0 201.0
197.0 45.0
103.0 116.0
9.0 56.0
61.0 115.0
231.0 242.0
247.0 92.0
124.0 171.0
11.0 108.0
104.0 98.0
24.0 114.0
27.0 125.0
42.0 224.0
203.0 233.0
112.0 136.0
181.0 185.0
218.0 96.0
184.0 122.0
115.0 154.0
126.0 226.0
217.0 222.0
213.0 143.0
173.0 53.0
179.0 180.0
109.0 41.0
40.0 79.0
61.0 72.0
37.0 9.0
183.0 203.0
32.0 215.0
150.0 29.0
146.0 77.0
200.0 141.0
35.0 151.0
111.0 154.0
215.0 62.0
199.0 84.0
201.0 207.0
230.0 181.0
8.0 7.0
232.0 122.0
142.0 40.0
213.0 49.0
17.0 165.0
146.0 214.0
40.0 106.0
108.0 114.0
173.0 229.0
47.0 247.0
101.0 85.0
210.0 225.0
187.0 108.0
59.0 38.0
205.0 147.0
89.0 47.0
173.0 97.0
17.0 140.0
145.0 187.0
101.0 8.0
159.0 72.0
209.0 84.0
74.0 146.0
12.0 244.0
121.0 102.0
41.0 179.0
30.0 50.0
118.0 164.0
166.0 70.0
11.0 3.0
180.0 143.0
222.0 13.0
229.0 218.0
104.0 193.0
134.0 230.0
108.0 59.0
169.0 202.0
238.0 180.0
223.0 115.0
119.0 19.0
139.0 64.0
144.0 225.0
115.0 4.0
234.0 120.0
92.0 224.0
41.0 148.0
128.0 245.0
6.0 148.0
69.0 129.0
239.0 108.0
137.0 43.0
236.0 120.0
122.0 179.0
45.0 75.0
178.0 3.0
14.0 202.0
17.0 57.0
98.0 104.0
148.0 153.0
2.0 10.0
73.0 86.0
249.0 53.0
201.0 45.0
75.0 139.0
31.0 244.0
123.0 101.0
233.0 80.0
207.0 82.0
59.0 200.0
236.0 209.0
76.0 170.0
217.0 135.0
38.0 6.0
28.0 132.0
20.0 118.0
9.0 180.0
234.0 73.0
207.0 122.0
48.0 89.0
170.0 208.0
244.0 43.0
18.0 193.0
152.0 42.0
63.0 226.0
90.0 192.0
63.0 56.0
106.0 11.0
30.0 149.0
82.0 236.0
42.0 137.0
74.0 94.0
90.0 69.0
71.0 166.0
60.0 3.0
173.0 38.0
243.0 24.0
236.0 237.0
94.0 121.0
125.0 36.0
19.0 132.0
248.0 233.0
24.0 38.0
110.0 121.0
142.0 230.0
221.0 137.0
86.0 123.0
204.0 16.0
178.0 129.0
53.0 78.0
125.0 244.0
31.0 85.0
55.0 119.0
29.0 184.0
31.0 10.0
237.0 243.0
63.0 95.0
85.0 212.0
219.0 186.0
183.0 209.0
225.0 183.0
80.0 76.0
40.0 183.0
212.0 226.0
156.0 229.0
219.0 164.0
245.0 213.0
133.0 121.0
33.0 50.0
246.0 52.0
125.0 25.0
28.0 79.0
61.0 42.0
31.0 241.0
196.0 58.0
26.0 10.0
45.0 46.0
180.0 61.0
74.0 164.0
152.0 132.0
207.0 79.0
36.0 89.0
139.0 10.0
145.0 143.0
115.0 66.0
209.0 230.0
133.0 47.0
95.0 111.0
103.0 193.0
240.0 76.0
58.0 149.0
46.0 202.0
54.0 6.0
44.0 156.0
249.0 80.0
189.0 126.0
168.0 138.0
247.0 236.0
3.0 132.0
243.0 174.0
106.0 18.0
43.0 250.0
131.0 78.0
192.0 222.0
110.0 223.0
192.0 23.0
59.0 58.0
212.0 68.0
246.0 60.0
47.0 148.0
117.0 27.0
193.0 246.0
131.0 28.0
221.0 128.0
115.0 134.0
210.0 175.0
29.0 27.0
24.0 190.0
110.0 161.0
85.0 22.0
182.0 183.0
48.0 110.0
211.0 153.0
150.0 161.0
10.0 179.0
21.0 203.0
72.0 98.0
98.0 92.0
43.0 204.0
60.0 87.0
183.0 47.0
42.0 206.0
225.0 145.0
186.0 99.0
83.0 42.0
149.0 15.0
202.0 156.0
248.0 243.0
132.0 232.0
248.0 217.0
229.0 226.0
100.0 39.0
206.0 44.0
249.0 237.0
59.0 111.0
193.0 147.0
197.0 39.0
46.0 96.0
205.0 22.0
168.0 153.0
180.0 82.0
225.0 11.0
184.0 179.0
114.0 127.0
147.0 188.0
8.0 73.0
130.0 114.0
78.0 83.0
156.0 191.0
6.0 144.0
143.0 100.0
234.0 222.0
32.0 84.0
194.0 102.0
4.0 66.0
67.0 75.0
7.0 174.0
216.0 42.0
130.0 148.0
202.0 177.0
145.0 174.0
148.0 72.0
142.0 228.0
6.0 142.0
204.0 103.0
91.0 79.0
170.0 95.0
82.0 18.0
50.0 118.0
224.0 75.0
29.0 112.0
40.0 42.0
242.0 156.0
192.0 23.0
127.0 242.0
153.0 179.0
173.0 17.0
202.0 240.0
239.0 79.0
46.0 59.0
138.0 246.0
196.0 25.0
27.0 5.0
21.0 196.0
200.0 210.0
240.0 126.0
163.0 83.0
154.0 107.0
238.0 226.0
240.0 170.0
199.0 78.0
44.0 211.0
43.0 130.0
120.0 187.0
50.0 229.0
74.0 135.0
90.0 151.0
81.0 95.0
216.0 138.0
71.0 40.0
118.0 222.0
67.0 35.0
115.0 153.0
241.0 108.0
125.0 103.0
67.0 162.0
161.0 132.0
241.0 53.0
181.0 179.0
125.0 30.0
203.0 197.0
26.0 37.0
151.0 80.0
175.0 199.0
201.0 113.0
94.0 116.0
233.0 228.0
98.0 170.0
22.0 164.0
246.0 83.0
163.0 195.0
101.0 53.0
220.0 149.0
248.0 98.0
230.0 246.0
57.0 55.0
183.0 125.0
5.0 215.0
212.0 191.0
178.0 203.0
18.0 30.0
138.0 189.0
115.0 172.0
150.0 150.0
53.0 40.0
80.0 186.0
90.0 12.0
92.0 190.0
74.0 57.0
63.0 24.0
151.0 242.0
233.0 127.0
178.0 195.0
132.0 66.0
72.0 197.0
166.0 101.0
118.0 127.0
49.0 136.0
78.0 35.0
61.0 6.0
6.0 197.0
221.0 97.0
226.0 76.0
212.0 126.0
16.0 136.0
24.0 201.0
74.0 73.0
42.0 111.0
185.0 38.0
143.0 97.0
36.0 36.0
187.0 170.0
222.0 199.0
60.0 112.0
33.0 248.0
47.0 98.0
164.0 212.0
67.0 190.0
77.0 92.0
163.0 31.0
35.0 176.0
166.0 107.0
151.0 51.0
48.0 31.0
110.0 154.0
247.0 90.0
19.0 30.0
115.0 140.0
174.0 11.0
156.0 212.0
84.0 111.0
49.0 30.0
142.0 235.0
36.0 197.0
179.0 106.0
19.0 111.0
167.0 142.0
69.0 245.0
156.0 60.0
95.0 233.0
118.0 72.0
223.0 15.0
146.0 55.0
5.0 107.0
42.0 210.0
162.0 135.0
137.0 198.0
86.0 61.0
243.0 151.0
169.0 119.0
209.0 173.0
85.0 17.0
97.0 92.0
209.0 53.0
86.0 224.0
155.0 56.0
236.0 13.0
22.0 195.0
105.0 199.0
187.0 196.0
217.0 240.0
107.0 100.0
246.0 30.0
108.0 21.0
58.0 248.0
229.0 141.0
78.0 19.0
248.0 14.0
12.0 87.0
62.0 69.0
15.0 61.0
179.0 237.0
206.0 59.0
121.0 221.0
247.0 178.0
126.0 225.0
17.0 10.0
67.0 7.0
218.0 232.0
94.0 224.0
66.0 129.0
55.0 48.0
39.0 205.0
73.0 140.0
200.0 109.0
207.0 98.0
196.0 158.0
201.0 82.0
83.0 62.0
122.0 114.0
187.0 2.0
17.0 120.0
38.0 51.0
20.0 105.0
211.0 203.0
159.0 133.0
238.0 125.0
164.0 139.0
35.0 44.0
160.0 125.0
151.0 220.0
172.0 124.0
158.0 79.0
191.0 129.0
90.0 62.0
106.0 238.0
159.0 139.0
139.0 80.0
4.0 186.0
197.0 152.0
90.0 24.0
150.0 24.0
135.0 212.0
100.0 139.0
51.0 9.0
245.0 51.0
164.0 231.0
41.0 221.0
61.0 29.0
150.0 58.0
218.0 198.0
231.0 220.0
114.0 175.0
208.0 237.0
124.0 191.0
182.0 83.0
25.0 129.0
1.0 149.0
16.0 171.0
37.0 112.0
218.0 155.0
48.0 18.0
191.0 111.0
51.0 222.0
49.0 19.0
219.0 108.0
77.0 124.0
89.0 106.0
73.0 232.0
227.0 75.0
185.0 210.0
19.0 170.0
94.0 214.0
84.0 152.0
181.0 7.0
132.0 130.0
160.0 26.0
129.0 59.0
196.0 158.0
199.0 133.0
98.0 34.0
26.0 243.0
249.0 172.0
50.0 32.0
228.0 132.0
87.0 91.0
161.0 168.0
56.0 189.0
133.0 150.0
59.0 231.0
80.0 109.0
124.0 183.0
101.0 73.0
236.0 53.0
249.0 154.0
87.0 42.0
118.0 189.0
39.0 63.0
138.0 16.0
121.0 134.0
46.0 59.0
170.0 210.0
60.0 189.0
53.0 85.0
92.0 153.0
228.0 53.0
160.0 165.0
186.0 94.0
212.0 66.0
160.0 136.0
135.0 38.0
30.0 37.0
58.0 151.0
169.0 217.0
73.0 89.0
45.0 213.0
117.0 223.0
198.0 200.0
30.0 2.0
27.0 130.0
131.0 193.0
133.0 168.0
221.0 78.0
28.0 184.0
214.0 12.0
83.0 122.0
201.0 65.0
154.0 120.0
5.0 48.0
118.0 72.0
159.0 242.0
148.0 150.0
7.0 28.0
89.0 84.0
204.0 116.0
112.0 96.0
225.0 160.0
163.0 173.0
10.0 128.0
248.0 184.0
232.0 62.0
182.0 160.0
207.0 221.0
246.0 120.0
33.0 134.0
233.0 122.0
129.0 161.0
200.0 69.0
109.0 231.0
55.0 55.0
59.0 223.0
153.0 161.0
14.0 27.0
151.0 127.0
82.0 136.0
182.0 152.0
144.0 183.0
228.0 154.0
181.0 137.0
111.0 108.0
62.0 205.0
108.0 156.0
193.0 31.0
6.0 1.0
249.0 108.0
205.0 140.0
11.0 121.0
62.0 79.0
156.0 14.0
225.0 213.0
144.0 129.0
9.0 134.0
180.0 65.0
193.0 171.0
18.0 2.0
167.0 59.0
200.0 11.0
184.0 169.0
144.0 201.0
16.0 50.0
29.0 119.0
144.0 116.0
22.0 122.0
166.0 89.0
176.0 7.0
165.0 155.0
160.0 6.0
100.0 81.0
31.0 42.0
94.0 110.0
83.0 232.0
53.0 19.0
104.0 173.0
102.0 26.0
206.0 96.0
171.0 53.0
187.0 73.0
79.0 169.0
198.0 219.0
63.0 82.0
72.0 212.0
248.0 127.0
202.0 196.0
118.0 10.0
194.0 248.0
102.0 115.0
61.0 127.0
224.0 18.0
74.0 91.0
53.0 130.0
138.0 132.0
10.0 249.0
192.0 37.0
168.0 66.0
141.0 0.0
220.0 18.0
161.0 80.0
105.0 175.0
53.0 80.0
123.0 171.0
74.0 40.0
136.0 238.0
60.0 39.0
60.0 231.0
158.0 115.0
132.0 82.0
82.0 129.0
15.0 190.0
102.0 5.0
121.0 60.0
52.0 62.0
75.0 82.0
187.0 213.0
68.0 122.0
55.0 148.0
172.0 209.0
92.0 153.0
223.0 102.0
213.0 38.0
210.0 148.0
6.0 205.0
185.0 97.0
169.0 226.0
217.0 155.0
159.0 63.0
53.0 61.0
82.0 173.0
142.0 105.0
164.0 31.0
27.0 240.0
214.0 167.0
173.0 78.0
27.0 123.0
91.0 68.0
25.0 69.0
200.0 231.0
214.0 96.0
167.0 167.0
118.0 48.0
48.0 65.0
146.0 47.0
85.0 48.0
183.0 188.0
107.0 226.0
238.0 189.0
24.0 157.0
50.0 95.0
229.0 209.0
126.0 194.0
28.0 148.0
232.0 126.0
28.0 87.0
185.0 214.0
237.0 227.0
87.0 114.0
188.0 148.0
233.0 212.0
194.0 229.0
210.0 213.0
183.0 56.0
28.0 235.0
112.0 29.0
197.0 243.0
0.0 166.0
199.0 235.0
229.0 166.0
148.0 158.0
22.0 122.0
223.0 84.0
116.0 64.0
27.0 6.0
174.0 101.0
86.0 146.0
67.0 213.0
22.0 19.0
213.0 91.0
237.0 29.0
202.0 196.0
10.0 191.0
47.0 69.0
226.0 154.0
149.0 179.0
15.0 234.0
190.0 212.0
138.0 3.0
182.0 239.0
31.0 30.0
242.0 4.0
211.0 181.0
204.0 168.0
85.0 206.0
17.0 127.0
246.0 154.0
168.0 102.0
159.0 201.0
185.0 3.0
205.0 62.0
103.0 132.0
108.0 212.0
66.0 116.0
98.0 197.0
77.0 246.0
188.0 133.0
188.0 238.0
60.0 59.0
13.0 236.0
72.0 116.0
248.0 175.0
221.0 84.0
195.0 205.0
238.0 131.0
89.0 181.0
5.0 186.0
121.0 31.0
88.0 148.0
70.0 138.0
228.0 237.0
55.0 174.0
181.0 63.0
213.0 142.0
133.0 97.0
168.0 199.0
215.0 248.0
241.0 124.0
212.0 92.0
131.0 145.0
111.0 101.0
138.0 114.0
216.0 36.0
47.0 100.0
96.0 214.0
103.0 41.0
214.0 204.0
86.0 126.0

11.0 211.0
154.0 244.0
9.0 155.0
165.0 219.0
29.0 131.0
112.0 237.0
186.0 131.0
85.0 182.0
147.0 49.0
204.0 85.0
81.0 184.0
13.0 26.0
167.0 138.0
204.0 148.0
28.0 218.0
141.0 162.0
205.0 95.0
37.0 184.0
164.0 216.0
118.0 144.0
103.0 154.0
224.0 191.0
162.0 168.0
94.0 24.0
168.0 123.0
124.0 148.0
150.0 102.0
36.0 141.0
160.0 25.0
31.0 39.0
192.0 246.0
47.0 37.0
169.0 241.0
77.0 37.0
175.0 58.0
240.0 58.0
198.0 18.0
11.0 204.0
18.0 146.0
92.0 61.0
115.0 247.0
17.0 100.0
50.0 8.0
100.0 86.0
129.0 85.0
147.0 175.0
182.0 231.0
188.0 115.0
80.0 83.0
54.0 56.0
15.0 208.0
151.0 51.0
254.0 202.0
111.0 115.0
9.0 78.0
99.0 32.0
51.0 59.0
41.0 192.0
46.0 200.0
198.0 222.0
134.0 40.0
209.0 102.0
86.0 76.0
152.0 171.0
213.0 181.0
162.0 28.0
217.0 79.0
230.0 171.0
42.0 156.0
100.0 214.0
30.0 108.0
49.0 174.0
60.0 17.0
75.0 41.0
145.0 65.0
139.0 203.0
231.0 49.0
116.0 145.0
71.0 18.0
251.0 66.0
53.0 131.0
115.0 189.0
220.0 144.0
243.0 89.0
247.0 225.0
105.0 156.0
218.0 164.0
159.0 137.0
110.0 84.0
63.0 35.0
177.0 15.0
155.0 134.0
71.0 118.0
115.0 73.0
216.0 27.0
125.0 159.0
139.0 232.0
238.0 136.0
210.0 102.0
170.0 20.0
69.0 50.0
135.0 116.0
65.0 123.0
14.0 151.0
153.0 120.0
121.0 19.0
161.0 137.0
5.0 246.0
248.0 13.0
142.0 18.0
122.0 243.0
84.0 217.0
173.0 147.0
83.0 231.0
249.0 36.0
72.0 119.0
86.0 253.0
208.0 220.0
247.0 233.0
178.0 186.0
225.0 72.0
132.0 179.0
147.0 110.0
78.0 49.0
156.0 183.0
179.0 130.0
17.0 120.0
220.0 78.0
115.0 73.0
17.0 38.0
94.0 75.0
188.0 166.0
95.0 86.0
173.0 187.0
247.0 14.0
41.0 121.0
49.0 115.0
103.0 230.0
76.0 126.0
238.0 251.0
89.0 157.0
111.0 245.0
93.0 101.0
251.0 77.0
38.0 142.0
86.0 215.0
73.0 70.0
33.0 218.0
220.0 94.0
90.0 13.0
194.0 182.0
177.0 153.0
133.0 73.0
11.0 74.0
121.0 42.0
180.0 173.0
86.0 233.0
65.0 58.0
132.0 33.0
127.0 193.0
222.0 104.0
104.0 189.0
177.0 246.0
5.0 22.0
12.0 36.0
66.0 123.0
221.0 64.0
190.0 216.0
126.0 94.0
166.0 204.0
49.0 55.0
29.0 157.0
46.0 111.0
21.0 15.0
83.0 67.0
129.0 228.0
23.0 230.0
21.0 71.0
155.0 124.0
237.0 187.0
49.0 50.0
105.0 40.0
63.0 250.0
63.0 141.0
171.0 46.0
48.0 133.0
67.0 113.0
197.0 242.0
64.0 87.0
164.0 5.0
178.0 94.0
225.0 212.0
206.0 220.0
253.0 60.0
131.0 179.0
196.0 92.0
36.0 63.0
215.0 48.0
157.0 22.0
22.0 75.0
247.0 197.0
170.0 49.0
168.0 70.0
228.0 64.0
48.0 199.0
232.0 252.0
25.0 136.0
164.0 68.0
58.0 132.0
54.0 122.0
197.0 5.0
26.0 50.0
163.0 198.0
15.0 104.0
253.0 8.0
115.0 136.0
29.0 121.0
169.0 228.0
253.0 121.0
154.0 32.0
55.0 144.0
113.0 238.0
221.0 32.0
83.0 31.0
229.0 33.0
103.0 141.0
11.0 238.0
171.0 227.0
203.0 209.0
70.0 8.0
251.0 101.0
93.0 88.0
242.0 112.0
172.0 202.0
206.0 189.0
96.0 236.0
157.0 196.0
213.0 118.0
191.0 84.0
111.0 56.0
99.0 173.0
116.0 89.0
150.0 206.0
202.0 50.0
108.0 121.0
13.0 62.0
67.0 121.0
235.0 247.0
252.0 96.0
129.0 176.0
15.0 112.0
109.0 103.0
30.0 119.0
32.0 131.0
46.0 229.0
208.0 237.0
117.0 141.0
187.0 190.0
222.0 102.0
189.0 128.0
121.0 159.0
131.0 231.0
221.0 228.0
218.0 148.0
178.0 58.0
183.0 185.0
114.0 46.0
45.0 84.0
66.0 76.0
42.0 14.0
188.0 207.0
38.0 220.0
156.0 33.0
150.0 81.0
205.0 145.0
39.0 157.0
116.0 158.0
221.0 67.0
204.0 89.0
205.0 212.0
234.0 185.0
12.0 12.0
238.0 127.0
147.0 46.0
219.0 55.0
22.0 170.0
151.0 219.0
45.0 111.0
114.0 119.0
178.0 234.0
52.0 252.0
107.0 90.0
215.0 230.0
192.0 113.0
65.0 43.0
211.0 151.0
94.0 53.0
179.0 102.0
21.0 145.0
149.0 192.0
106.0 13.0
163.0 77.0
215.0 90.0
80.0 150.0
17.0 248.0
125.0 107.0
45.0 185.0
35.0 55.0
123.0 169.0
172.0 74.0
15.0 9.0
185.0 149.0
228.0 19.0
234.0 222.0
110.0 198.0
139.0 234.0
114.0 65.0
175.0 207.0
243.0 186.0
228.0 120.0
125.0 25.0
144.0 69.0
150.0 229.0
120.0 10.0
240.0 124.0
96.0 230.0
46.0 152.0
132.0 250.0
11.0 152.0
73.0 135.0
244.0 113.0
141.0 47.0
242.0 126.0
127.0 184.0
50.0 80.0
183.0 8.0
19.0 207.0
23.0 63.0
103.0 109.0
153.0 158.0
6.0 15.0
78.0 92.0
255.0 57.0
207.0 51.0
80.0 143.0
36.0 250.0
127.0 107.0
239.0 85.0
213.0 87.0
64.0 204.0
242.0 214.0
81.0 175.0
222.0 140.0
43.0 10.0
34.0 137.0
26.0 123.0
14.0 186.0
239.0 78.0
213.0 127.0
54.0 93.0
175.0 214.0
249.0 49.0
24.0 198.0
158.0 46.0
68.0 230.0
96.0 198.0
68.0 60.0
111.0 16.0
34.0 154.0
87.0 242.0
48.0 142.0
79.0 99.0
94.0 74.0
77.0 171.0
65.0 8.0
179.0 44.0
247.0 29.0
241.0 242.0
98.0 126.0
129.0 41.0
25.0 137.0
252.0 238.0
29.0 43.0
114.0 125.0
146.0 235.0
226.0 141.0
91.0 129.0
208.0 20.0
184.0 135.0
58.0 83.0
129.0 249.0
36.0 89.0
60.0 124.0
34.0 189.0
35.0 14.0
242.0 249.0
69.0 99.0
89.0 218.0
224.0 191.0
188.0 215.0
230.0 188.0
85.0 81.0
45.0 188.0
218.0 232.0
160.0 234.0
225.0 168.0
251.0 218.0
137.0 125.0
38.0 55.0
250.0 58.0
129.0 31.0
34.0 83.0
66.0 47.0
36.0 246.0
202.0 62.0
32.0 16.0
49.0 51.0
186.0 65.0
79.0 168.0
157.0 137.0
212.0 85.0
41.0 93.0
144.0 16.0
150.0 148.0
120.0 71.0
214.0 234.0
138.0 51.0
101.0 116.0
108.0 199.0
244.0 81.0
64.0 155.0
51.0 207.0
59.0 12.0
49.0 161.0
254.0 84.0
194.0 132.0
173.0 143.0
253.0 240.0
8.0 138.0
248.0 178.0
110.0 22.0
47.0 256.0
137.0 83.0
198.0 228.0
115.0 228.0
197.0 28.0
64.0 63.0
217.0 72.0
251.0 65.0
53.0 153.0
122.0 33.0
197.0 251.0
137.0 34.0
226.0 132.0
120.0 140.0
215.0 181.0
33.0 32.0
29.0 195.0
115.0 166.0
90.0 27.0
188.0 189.0
54.0 116.0
216.0 158.0
155.0 166.0
14.0 183.0
26.0 209.0
76.0 103.0
103.0 98.0
48.0 209.0
64.0 93.0
189.0 53.0
47.0 212.0
231.0 150.0
192.0 103.0
88.0 47.0
155.0 21.0
207.0 160.0
253.0 248.0
137.0 237.0
253.0 222.0
234.0 231.0
105.0 44.0
211.0 48.0
254.0 243.0
63.0 116.0
199.0 152.0
201.0 43.0
50.0 101.0
210.0 27.0
172.0 158.0
186.0 88.0
230.0 16.0
189.0 184.0
118.0 131.0
151.0 194.0
13.0 78.0
136.0 119.0
82.0 88.0
161.0 196.0
10.0 149.0
149.0 105.0
239.0 227.0
37.0 90.0
199.0 107.0
10.0 72.0
72.0 80.0
12.0 179.0
222.0 46.0
134.0 152.0
207.0 181.0
149.0 180.0
153.0 76.0
147.0 233.0
11.0 146.0
208.0 108.0
97.0 83.0
175.0 99.0
87.0 22.0
55.0 122.0
229.0 79.0
35.0 118.0
46.0 46.0
246.0 161.0
198.0 28.0
133.0 246.0
159.0 183.0
178.0 22.0
206.0 245.0
244.0 85.0
52.0 63.0
143.0 252.0
202.0 30.0
32.0 11.0
26.0 202.0
205.0 215.0
245.0 131.0
168.0 87.0
160.0 112.0
243.0 231.0
244.0 176.0
203.0 82.0
50.0 216.0
47.0 134.0
125.0 192.0
55.0 233.0
80.0 140.0
95.0 156.0
86.0 100.0
221.0 142.0
76.0 45.0
124.0 227.0
71.0 41.0
120.0 157.0
245.0 112.0
130.0 108.0
73.0 167.0
167.0 137.0
245.0 59.0
186.0 184.0
131.0 35.0
209.0 202.0
31.0 41.0
155.0 86.0
180.0 204.0
205.0 118.0
99.0 121.0
239.0 234.0
104.0 175.0
27.0 169.0
250.0 88.0
167.0 199.0
106.0 58.0
225.0 155.0
253.0 103.0
234.0 250.0
62.0 60.0
187.0 131.0
10.0 219.0
218.0 196.0
183.0 209.0
23.0 35.0
143.0 193.0
120.0 177.0
155.0 155.0
59.0 45.0
85.0 191.0
95.0 18.0
97.0 195.0
78.0 61.0
67.0 28.0
156.0 248.0
238.0 131.0
184.0 201.0
137.0 71.0
78.0 202.0
170.0 106.0
122.0 133.0
55.0 140.0
84.0 41.0
66.0 10.0
12.0 202.0
227.0 102.0
231.0 81.0
218.0 131.0
20.0 142.0
28.0 206.0
80.0 77.0
47.0 116.0
191.0 42.0
147.0 103.0
41.0 41.0
193.0 175.0
228.0 205.0
66.0 116.0
37.0 254.0
51.0 102.0
170.0 217.0
71.0 194.0
81.0 98.0
167.0 35.0
40.0 181.0
171.0 111.0
155.0 55.0
53.0 35.0
114.0 160.0
252.0 96.0
23.0 35.0
119.0 146.0
179.0 15.0
160.0 217.0
89.0 117.0
54.0 34.0
147.0 239.0
40.0 202.0
184.0 111.0
24.0 117.0
172.0 147.0
74.0 249.0
162.0 65.0
100.0 238.0
124.0 78.0
229.0 19.0
150.0 60.0
10.0 112.0
47.0 214.0
166.0 140.0
143.0 203.0
92.0 66.0
248.0 156.0
174.0 124.0
214.0 178.0
91.0 23.0
101.0 97.0
214.0 59.0
90.0 228.0
161.0 62.0
241.0 18.0
28.0 199.0
110.0 205.0
192.0 202.0
221.0 246.0
113.0 105.0
252.0 34.0
113.0 26.0
63.0 254.0
233.0 147.0
84.0 24.0
254.0 18.0
18.0 93.0
66.0 75.0
20.0 66.0
183.0 242.0
211.0 64.0
127.0 227.0
252.0 183.0
130.0 230.0
22.0 15.0
72.0 13.0
223.0 238.0
98.0 229.0
71.0 135.0
60.0 52.0
43.0 211.0
78.0 145.0
205.0 114.0
212.0 103.0
201.0 163.0
205.0 87.0
88.0 68.0
127.0 119.0
191.0 8.0
22.0 126.0
44.0 56.0
25.0 110.0
217.0 208.0
164.0 138.0
243.0 130.0
170.0 144.0
41.0 49.0
165.0 129.0
157.0 225.0
176.0 130.0
164.0 84.0
196.0 134.0
96.0 68.0
111.0 243.0
164.0 144.0
144.0 86.0
10.0 191.0
202.0 156.0
95.0 30.0
155.0 29.0
139.0 218.0
104.0 144.0
55.0 14.0
250.0 55.0
169.0 237.0
46.0 226.0
65.0 35.0
155.0 62.0
223.0 203.0
237.0 225.0
120.0 180.0
212.0 243.0
130.0 196.0
186.0 87.0
31.0 133.0
6.0 154.0
22.0 176.0
43.0 117.0
223.0 160.0
52.0 24.0
196.0 115.0
56.0 227.0
54.0 25.0
224.0 113.0
82.0 129.0
94.0 111.0
78.0 237.0
232.0 79.0
190.0 216.0
23.0 174.0
98.0 219.0
90.0 157.0
186.0 12.0
136.0 135.0
165.0 32.0
134.0 63.0
201.0 164.0
205.0 138.0
104.0 39.0
31.0 248.0
253.0 178.0
55.0 37.0
234.0 137.0
93.0 96.0
166.0 174.0
60.0 195.0
138.0 156.0
65.0 235.0
85.0 114.0
128.0 188.0
106.0 78.0
242.0 57.0
253.0 158.0
92.0 47.0
124.0 194.0
45.0 69.0
143.0 21.0
126.0 139.0
51.0 64.0
174.0 214.0
64.0 195.0
58.0 90.0
98.0 158.0
233.0 57.0
164.0 170.0
190.0 99.0
216.0 70.0
164.0 141.0
141.0 43.0
35.0 43.0
63.0 156.0
174.0 221.0
77.0 94.0
50.0 219.0
122.0 229.0
203.0 204.0
35.0 6.0
32.0 136.0
136.0 198.0
138.0 173.0
227.0 83.0
33.0 190.0
219.0 18.0
89.0 127.0
205.0 71.0
159.0 125.0
9.0 53.0
124.0 77.0
164.0 248.0
152.0 154.0
11.0 33.0
95.0 89.0
208.0 122.0
118.0 100.0
231.0 166.0
167.0 178.0
15.0 132.0
253.0 190.0
238.0 66.0
187.0 165.0
212.0 227.0
251.0 125.0
37.0 139.0
239.0 127.0
133.0 166.0
205.0 75.0
114.0 236.0
60.0 60.0
64.0 227.0
158.0 167.0
18.0 32.0
156.0 132.0
87.0 140.0
187.0 158.0
150.0 188.0
234.0 159.0
187.0 142.0
115.0 112.0
67.0 210.0
113.0 161.0
197.0 36.0
10.0 6.0
254.0 113.0
210.0 145.0
17.0 126.0
66.0 85.0
161.0 19.0
230.0 218.0
149.0 135.0
14.0 139.0
185.0 69.0
198.0 177.0
23.0 7.0
172.0 63.0
205.0 16.0
189.0 175.0
148.0 205.0
21.0 55.0
35.0 124.0
150.0 122.0
26.0 127.0
171.0 95.0
181.0 13.0
170.0 161.0
165.0 11.0
105.0 86.0
37.0 48.0
100.0 116.0
89.0 237.0
57.0 23.0
109.0 178.0
107.0 32.0
212.0 101.0
176.0 58.0
193.0 78.0
85.0 174.0
203.0 224.0
67.0 86.0
77.0 216.0
254.0 133.0
207.0 202.0
124.0 14.0
199.0 253.0
107.0 121.0
67.0 132.0
228.0 23.0
79.0 96.0
58.0 135.0
143.0 138.0
14.0 253.0
197.0 42.0
173.0 70.0
145.0 4.0
225.0 23.0
166.0 85.0
111.0 181.0
58.0 85.0
128.0 176.0
80.0 45.0
140.0 242.0
65.0 43.0
66.0 236.0
164.0 119.0
138.0 86.0
87.0 135.0
20.0 194.0
106.0 11.0
125.0 66.0
57.0 68.0
80.0 88.0
191.0 218.0
73.0 126.0
61.0 154.0
177.0 213.0
96.0 158.0
227.0 107.0
219.0 42.0
214.0 154.0
11.0 209.0
191.0 103.0
173.0 232.0
221.0 160.0
165.0 68.0
58.0 67.0
88.0 177.0
146.0 111.0
170.0 36.0
32.0 245.0
219.0 172.0
177.0 82.0
33.0 128.0
95.0 74.0
29.0 74.0
206.0 235.0
219.0 100.0
172.0 173.0
122.0 52.0
53.0 71.0
151.0 53.0
90.0 53.0
188.0 193.0
112.0 230.0
244.0 195.0
28.0 162.0
55.0 100.0
235.0 213.0
131.0 200.0
33.0 153.0
238.0 131.0
32.0 91.0
191.0 219.0
241.0 232.0
93.0 119.0
193.0 153.0
237.0 218.0
199.0 234.0
214.0 218.0
188.0 62.0
33.0 240.0
116.0 33.0
203.0 247.0
6.0 171.0
204.0 240.0
234.0 172.0
152.0 162.0
27.0 127.0
229.0 89.0
121.0 68.0
31.0 11.0
179.0 105.0
92.0 152.0
71.0 219.0
28.0 24.0
218.0 97.0
243.0 33.0
208.0 201.0
16.0 196.0
51.0 75.0
231.0 158.0
153.0 183.0
19.0 240.0
194.0 216.0
143.0 8.0
188.0 244.0
37.0 34.0
247.0 9.0
216.0 185.0
209.0 172.0
89.0 212.0
21.0 131.0
251.0 160.0
173.0 108.0
164.0 206.0
190.0 9.0
210.0 67.0
109.0 138.0
113.0 217.0
70.0 121.0
103.0 203.0
83.0 252.0
194.0 138.0
193.0 243.0
65.0 64.0
18.0 240.0
77.0 121.0
254.0 180.0
225.0 88.0
200.0 210.0
242.0 136.0
94.0 187.0
10.0 192.0
127.0 37.0
92.0 154.0
74.0 142.0
232.0 243.0
60.0 179.0
187.0 69.0
219.0 146.0
139.0 101.0
174.0 205.0
220.0 254.0
245.0 129.0
217.0 97.0
137.0 151.0
117.0 107.0
143.0 119.0
221.0 41.0
53.0 104.0
101.0 218.0
109.0 45.0
220.0 209.0
91.0 131.0
