1
1024 1 3.0 0.0 1000.0 3 160 240 100

6.5 13.5 29.3 58.5
13.0 27.0 58.5 117.0
19.5 40.5 87.8 175.5
26.0 54.0 117.0 234.0
39.0 81.0 175.5 351.0
52.0 108.0 234.0 468.0
58.5 121.5 263.3 526.5
65.0 135.0 292.5 585.0
78.0 162.0 351.0 702.0
0.0 180.0 390.0 780.0

2.0 5.0 8.0 11.0
5.0 8.0 11.0 14.0
9.0 12.0 15.0 18.0
11.0 14.0 17.0 20.0
15.0 18.0 21.0 24.0
18.0 21.0 24.0 27.0
20.0 23.0 26.0 29.0
25.0 28.0 31.0 34.0
29.0 32.0 35.0 38.0
0.0 34.0 37.0 40.0

51.0 77.0
112.0 141.0
156.0 157.0
166.0 3.0
44.0 169.0
131.0 147.0
132.0 31.0
17.0 81.0
130.0 100.0
135.0 19.0
59.0 225.0
56.0 110.0
70.0 227.0
146.0 239.0
185.0 84.0
161.0 127.0
89.0 186.0
228.0 202.0
195.0 38.0
74.0 85.0
20.0 176.0
187.0 55.0
199.0 49.0
162.0 190.0
51.0 230.0
43.0 193.0
157.0 121.0
13.0 211.0
226.0 112.0
154.0 37.0
102.0 242.0
233.0 128.0
46.0 207.0
105.0 205.0
34.0 127.0
84.0 241.0
68.0 40.0
238.0 224.0
125.0 166.0
75.0 132.0
116.0 36.0
215.0 134.0
94.0 156.0
137.0 76.0
229.0 155.0
214.0 130.0
138.0 240.0
7.0 61.0
229.0 22.0
152.0 99.0
33.0 143.0
194.0 6.0
22.0 181.0
56.0 191.0
48.0 95.0
154.0 86.0
15.0 96.0
195.0 38.0
26.0 65.0
48.0 11.0
24.0 24.0
116.0 11.0
19.0 179.0
205.0 151.0
49.0 133.0
199.0 119.0
104.0 196.0
172.0 125.0
28.0 243.0
105.0 191.0
245.0 174.0
222.0 237.0
217.0 68.0
244.0 215.0
86.0 188.0
189.0 114.0
50.0 72.0
145.0 200.0
41.0 235.0
23.0 203.0
122.0 83.0
89.0 193.0
68.0 205.0
160.0 216.0
154.0 16.0
137.0 73.0
241.0 27.0
121.0 178.0
73.0 105.0
189.0 5.0
241.0 128.0
177.0 189.0
89.0 1.0
177.0 163.0
166.0 83.0
230.0 20.0
122.0 115.0
32.0 110.0
2.0 63.0
25.0 183.0
235.0 92.0
51.0 211.0
151.0 226.0
74.0 86.0
169.0 20.0
27.0 190.0
142.0 168.0
154.0 159.0
119.0 23.0
31.0 224.0
130.0 51.0
22.0 65.0
131.0 89.0
212.0 187.0
90.0 46.0
210.0 133.0
232.0 34.0
240.0 170.0
42.0 213.0
26.0 126.0
172.0 198.0
25.0 157.0
222.0 186.0
138.0 229.0
168.0 28.0
75.0 230.0
41.0 42.0
123.0 124.0
243.0 144.0
132.0 175.0
229.0 233.0
86.0 39.0
74.0 37.0
195.0 119.0
26.0 205.0
2.0 123.0
188.0 11.0
72.0 65.0
52.0 64.0
129.0 53.0
159.0 248.0
72.0 214.0
229.0 193.0
134.0 224.0
162.0 113.0
217.0 181.0
127.0 169.0
53.0 150.0
19.0 95.0
103.0 247.0
116.0 113.0
207.0 219.0
109.0 233.0
32.0 9.0
192.0 108.0
203.0 147.0
19.0 166.0
35.0 61.0
103.0 44.0
137.0 41.0
56.0 188.0
167.0 78.0
157.0 23.0
141.0 164.0
249.0 164.0
203.0 176.0
78.0 207.0
127.0 43.0
217.0 201.0
93.0 182.0
39.0 211.0
120.0 51.0
26.0 188.0
78.0 171.0
247.0 196.0
48.0 72.0
159.0 83.0
61.0 169.0
205.0 12.0
115.0 131.0
225.0 74.0
133.0 124.0
28.0 25.0
130.0 122.0
34.0 233.0
120.0 38.0
182.0 12.0
173.0 246.0
160.0 49.0
17.0 121.0
24.0 230.0
214.0 40.0
120.0 198.0
201.0 102.0
25.0 55.0
71.0 126.0
37.0 196.0
38.0 69.0
40.0 43.0
70.0 46.0
175.0 41.0
7.0 210.0
3.0 67.0
40.0 65.0
209.0 233.0
221.0 82.0
179.0 120.0
20.0 67.0
107.0 33.0
221.0 35.0
90.0 195.0
44.0 160.0
6.0 104.0
164.0 167.0
242.0 86.0
135.0 131.0
200.0 142.0
27.0 172.0
28.0 7.0
134.0 111.0
116.0 133.0
216.0 233.0
189.0 143.0
235.0 80.0
158.0 102.0
186.0 49.0
192.0 8.0
103.0 91.0
36.0 240.0
213.0 159.0
170.0 240.0
204.0 85.0
212.0 27.0
185.0 153.0
28.0 209.0
209.0 168.0
83.0 219.0
33.0 173.0
112.0 51.0
119.0 233.0
32.0 99.0
191.0 62.0
45.0 21.0
209.0 45.0
215.0 80.0
199.0 43.0
120.0 22.0
191.0 170.0
213.0 69.0
70.0 49.0
122.0 201.0
206.0 114.0
171.0 199.0
63.0 86.0
193.0 227.0
19.0 62.0
61.0 60.0
217.0 241.0
134.0 121.0
59.0 72.0
167.0 42.0
39.0 231.0
249.0 37.0
154.0 116.0
202.0 194.0
204.0 93.0
128.0 86.0
107.0 91.0
155.0 184.0
156.0 155.0
215.0 103.0
227.0 159.0
250.0 25.0
230.0 172.0
72.0 225.0
196.0 65.0
152.0 158.0
166.0 220.0
177.0 148.0
141.0 38.0
31.0 39.0
146.0 11.0
162.0 196.0
37.0 160.0
120.0 102.0
225.0 229.0
96.0 76.0
75.0 77.0
132.0 209.0
33.0 17.0
195.0 190.0
105.0 175.0
170.0 231.0
124.0 248.0
86.0 137.0
46.0 97.0
1.0 121.0
94.0 195.0
246.0 15.0
117.0 224.0
67.0 112.0
94.0 231.0
247.0 166.0
40.0 1.0
116.0 158.0
116.0 184.0
169.0 228.0
65.0 222.0
61.0 5.0
169.0 215.0
75.0 120.0
205.0 166.0
216.0 247.0
233.0 108.0
152.0 88.0
62.0 188.0
15.0 18.0
104.0 76.0
168.0 187.0
98.0 157.0
92.0 169.0
11.0 236.0
89.0 69.0
2.0 109.0
108.0 74.0
124.0 95.0
10.0 209.0
5.0 242.0
188.0 180.0
90.0 205.0
9.0 186.0
34.0 120.0
97.0 185.0
211.0 87.0
54.0 157.0
69.0 229.0
27.0 200.0
141.0 59.0
79.0 130.0
92.0 239.0
136.0 49.0
229.0 97.0
126.0 180.0
230.0 111.0
183.0 54.0
135.0 95.0
152.0 221.0
245.0 171.0
167.0 199.0
89.0 153.0
142.0 210.0
225.0 23.0
75.0 37.0
173.0 25.0
147.0 170.0
107.0 175.0
116.0 222.0
243.0 84.0
128.0 134.0
161.0 14.0
75.0 35.0
131.0 201.0
224.0 157.0
57.0 237.0
152.0 35.0
232.0 149.0
67.0 18.0
137.0 130.0
170.0 207.0
117.0 153.0
35.0 215.0
24.0 60.0
15.0 229.0
45.0 232.0
44.0 161.0
186.0 58.0
198.0 238.0
238.0 183.0
27.0 181.0
85.0 119.0
149.0 219.0
53.0 97.0
212.0 195.0
30.0 89.0
133.0 142.0
181.0 30.0
69.0 213.0
121.0 24.0
150.0 214.0
236.0 201.0
72.0 8.0
143.0 133.0
197.0 140.0
111.0 92.0
127.0 109.0
45.0 194.0
29.0 242.0
240.0 80.0
58.0 220.0
132.0 56.0
22.0 91.0
121.0 216.0
15.0 201.0
81.0 103.0
35.0 245.0
238.0 39.0
189.0 236.0
175.0 73.0
131.0 244.0
6.0 41.0
200.0 54.0
112.0 74.0
39.0 226.0
104.0 158.0
36.0 94.0
26.0 209.0
232.0 40.0
91.0 166.0
174.0 224.0
91.0 152.0
237.0 224.0
152.0 107.0
246.0 141.0
81.0 71.0
70.0 243.0
127.0 117.0
137.0 90.0
13.0 22.0
154.0 85.0
182.0 30.0
132.0 9.0
4.0 174.0
99.0 119.0
247.0 140.0
240.0 239.0
198.0 7.0
226.0 57.0
101.0 235.0
74.0 164.0
169.0 95.0
204.0 185.0
232.0 44.0
146.0 166.0
138.0 114.0
177.0 192.0
88.0 200.0
233.0 10.0
164.0 178.0
1.0 19.0
98.0 117.0
148.0 39.0
158.0 152.0
226.0 63.0
90.0 140.0
81.0 57.0
106.0 52.0
187.0 135.0
232.0 98.0
103.0 21.0
134.0 157.0
91.0 41.0
115.0 138.0
234.0 158.0
18.0 219.0
209.0 160.0
106.0 212.0
176.0 161.0
35.0 132.0
67.0 139.0
101.0 88.0
109.0 47.0
20.0 197.0
243.0 91.0
41.0 21.0
151.0 93.0
10.0 99.0
160.0 162.0
85.0 198.0
135.0 198.0
86.0 229.0
238.0 97.0
40.0 86.0
47.0 51.0
57.0 216.0
37.0 176.0
197.0 60.0
31.0 246.0
102.0 54.0
18.0 147.0
182.0 187.0
55.0 192.0
238.0 197.0
35.0 35.0
204.0 29.0
145.0 217.0
3.0 239.0
200.0 191.0
76.0 113.0
31.0 232.0
217.0 61.0
234.0 222.0
127.0 166.0
105.0 72.0
206.0 76.0
177.0 159.0
134.0 11.0
53.0 154.0
105.0 177.0
96.0 3.0
161.0 241.0
34.0 65.0
119.0 40.0
154.0 19.0
149.0 44.0
45.0 212.0
121.0 130.0
164.0 145.0
169.0 55.0
76.0 159.0
203.0 59.0
11.0 155.0
188.0 118.0
205.0 14.0
63.0 150.0
66.0 190.0
228.0 67.0
234.0 12.0
101.0 99.0
210.0 42.0
53.0 168.0
6.0 153.0
93.0 100.0
97.0 50.0
242.0 86.0
24.0 20.0
80.0 59.0
35.0 3.0
44.0 5.0
248.0 163.0
83.0 27.0
101.0 159.0
117.0 29.0
188.0 169.0
33.0 226.0
127.0 13.0
45.0 230.0
182.0 31.0
26.0 30.0
168.0 189.0
249.0 236.0
220.0 213.0
44.0 51.0
92.0 74.0
165.0 206.0
194.0 18.0
5.0 182.0
149.0 80.0
75.0 101.0
206.0 146.0
18.0 230.0
167.0 148.0
196.0 94.0
46.0 54.0
231.0 24.0
226.0 129.0
183.0 17.0
225.0 5.0
121.0 100.0
202.0 156.0
131.0 204.0
186.0 181.0
138.0 115.0
49.0 144.0
240.0 125.0
63.0 221.0
33.0 94.0
197.0 35.0
243.0 155.0
121.0 74.0
42.0 146.0
186.0 162.0
227.0 139.0
242.0 38.0
12.0 18.0
165.0 115.0
234.0 98.0
95.0 107.0
115.0 118.0
132.0 226.0
242.0 221.0
104.0 249.0
24.0 128.0
40.0 50.0
186.0 5.0
89.0 250.0
167.0 82.0
134.0 224.0
108.0 176.0
217.0 237.0
186.0 32.0
163.0 65.0
85.0 14.0
125.0 14.0
243.0 189.0
75.0 48.0
53.0 205.0
90.0 81.0
15.0 143.0
74.0 20.0
148.0 96.0
139.0 215.0
36.0 57.0
174.0 54.0
194.0 227.0
194.0 230.0
244.0 200.0
112.0 28.0
216.0 22.0
162.0 51.0
104.0 194.0
248.0 96.0
90.0 2.0
57.0 226.0
203.0 105.0
87.0 141.0
217.0 155.0
67.0 238.0
159.0 245.0
33.0 112.0
100.0 82.0
162.0 9.0
7.0 68.0
10.0 98.0
178.0 47.0
127.0 211.0
158.0 34.0
72.0 32.0
65.0 58.0
161.0 14.0
63.0 60.0
129.0 135.0
57.0 98.0
133.0 138.0
220.0 187.0
161.0 240.0
37.0 135.0
156.0 96.0
129.0 91.0
42.0 107.0
142.0 36.0
79.0 244.0
91.0 55.0
113.0 108.0
88.0 8.0
34.0 11.0
200.0 38.0
109.0 171.0
2.0 195.0
157.0 199.0
184.0 204.0
81.0 81.0
164.0 52.0
116.0 206.0
192.0 45.0
182.0 37.0
7.0 121.0
63.0 70.0
172.0 217.0
191.0 82.0
18.0 85.0
131.0 183.0
199.0 225.0
151.0 25.0
161.0 229.0
121.0 83.0
148.0 60.0
245.0 234.0
191.0 177.0
230.0 161.0
59.0 189.0
42.0 187.0
244.0 31.0
213.0 197.0
100.0 5.0
227.0 130.0
66.0 39.0
87.0 62.0
228.0 121.0
193.0 244.0
19.0 168.0
25.0 245.0
190.0 125.0
131.0 179.0
228.0 205.0
41.0 54.0
226.0 181.0
226.0 83.0
2.0 10.0
105.0 131.0
107.0 92.0
95.0 9.0
143.0 48.0
65.0 156.0
136.0 208.0
92.0 64.0
40.0 71.0
235.0 97.0
223.0 43.0
98.0 183.0
140.0 89.0
44.0 162.0
174.0 243.0
178.0 146.0
208.0 229.0
109.0 44.0
63.0 7.0
225.0 225.0
216.0 133.0
109.0 116.0
60.0 112.0
221.0 69.0
14.0 11.0
84.0 172.0
94.0 144.0
235.0 217.0
145.0 209.0
43.0 113.0
219.0 72.0
39.0 104.0
170.0 197.0
236.0 183.0
70.0 46.0
203.0 195.0
155.0 74.0
243.0 150.0
23.0 19.0
72.0 109.0
167.0 229.0
228.0 38.0
190.0 104.0
214.0 120.0
166.0 33.0
248.0 48.0
116.0 7.0
242.0 155.0
176.0 182.0
245.0 38.0
71.0 185.0
125.0 158.0
89.0 68.0
77.0 185.0
36.0 86.0
111.0 210.0
1.0 55.0
240.0 210.0
34.0 118.0
140.0 15.0
187.0 32.0
131.0 37.0
159.0 192.0
120.0 134.0
98.0 118.0
241.0 7.0
197.0 249.0
195.0 95.0
4.0 151.0
155.0 35.0
200.0 109.0
125.0 243.0
157.0 72.0
220.0 69.0
140.0 54.0
156.0 217.0
99.0 95.0
21.0 237.0
31.0 239.0
4.0 176.0
243.0 25.0
29.0 54.0
121.0 70.0
80.0 140.0
97.0 107.0
58.0 59.0
57.0 183.0
75.0 84.0
8.0 26.0
142.0 20.0
116.0 127.0
40.0 155.0
53.0 193.0
212.0 66.0
158.0 143.0
74.0 127.0
204.0 168.0
214.0 130.0
159.0 157.0
9.0 241.0
126.0 131.0
5.0 81.0
193.0 120.0
199.0 31.0
16.0 243.0
203.0 162.0
10.0 55.0
60.0 29.0
66.0 39.0
63.0 107.0
62.0 196.0
213.0 213.0
210.0 224.0
51.0 84.0
119.0 105.0
126.0 81.0
14.0 250.0
205.0 53.0
89.0 110.0
113.0 215.0
82.0 42.0
181.0 196.0
167.0 225.0
74.0 229.0
115.0 9.0
95.0 31.0
207.0 154.0
107.0 201.0
232.0 195.0
51.0 76.0
158.0 12.0
92.0 235.0
194.0 227.0
208.0 213.0
220.0 135.0
160.0 17.0
144.0 151.0
32.0 96.0
80.0 111.0
134.0 248.0
244.0 50.0
100.0 2.0
107.0 144.0
95.0 64.0
81.0 74.0
80.0 244.0
127.0 141.0
184.0 90.0
221.0 236.0
7.0 9.0
160.0 137.0
15.0 231.0
36.0 116.0
243.0 16.0
236.0 184.0
81.0 93.0
165.0 99.0
237.0 100.0
172.0 84.0
26.0 144.0
9.0 7.0
209.0 114.0
179.0 87.0
151.0 4.0
115.0 16.0
140.0 4.0
184.0 177.0
36.0 226.0
81.0 222.0
184.0 209.0
226.0 77.0
156.0 202.0
107.0 242.0
134.0 230.0
63.0 97.0
104.0 67.0
64.0 206.0
68.0 18.0
115.0 188.0
59.0 224.0
215.0 42.0
42.0 47.0
116.0 102.0
113.0 113.0
200.0 153.0
208.0 190.0
89.0 1.0
93.0 109.0
170.0 132.0
243.0 34.0
43.0 170.0
244.0 159.0
188.0 116.0
197.0 7.0
240.0 192.0
150.0 48.0
32.0 185.0
142.0 181.0
181.0 209.0
23.0 160.0
9.0 156.0
4.0 147.0
169.0 154.0
227.0 105.0
177.0 151.0
189.0 62.0
78.0 75.0
172.0 105.0
72.0 77.0
147.0 12.0
211.0 167.0
189.0 240.0
99.0 131.0
223.0 62.0
112.0 158.0
28.0 200.0
172.0 205.0
197.0 111.0
213.0 142.0
91.0 154.0
21.0 75.0
121.0 179.0
189.0 26.0
25.0 117.0
5.0 240.0
81.0 13.0
140.0 170.0
65.0 192.0
73.0 37.0
15.0 121.0
243.0 136.0
231.0 53.0
2.0 167.0
204.0 113.0
225.0 139.0
19.0 57.0
24.0 239.0
66.0 234.0
53.0 100.0
207.0 100.0
224.0 229.0
129.0 201.0
198.0 158.0
146.0 91.0
87.0 204.0
53.0 227.0
119.0 23.0
172.0 183.0
64.0 214.0
78.0 104.0
66.0 49.0
0.0 115.0
31.0 198.0
27.0 221.0
105.0 145.0
236.0 58.0
21.0 55.0
234.0 139.0
212.0 150.0
129.0 82.0
103.0 235.0
23.0 103.0
90.0 53.0
186.0 118.0
26.0 239.0
116.0 118.0
55.0 176.0
26.0 44.0
17.0 144.0
88.0 196.0
139.0 199.0
97.0 18.0
90.0 33.0
8.0 181.0
20.0 148.0
139.0 181.0
7.0 201.0
120.0 240.0
171.0 232.0
248.0 109.0
8.0 19.0
208.0 180.0
74.0 133.0
194.0 139.0
186.0 69.0
16.0 187.0
160.0 148.0
96.0 186.0
130.0 193.0
83.0 133.0
71.0 44.0
84.0 189.0
221.0 56.0
142.0 59.0
134.0 247.0
79.0 48.0
189.0 127.0
189.0 230.0
165.0 7.0
62.0 188.0
73.0 179.0
106.0 113.0
238.0 149.0
208.0 117.0
197.0 194.0
209.0 168.0
27.0 37.0
6.0 109.0
45.0 48.0
99.0 77.0
117.0 134.0
246.0 129.0
152.0 100.0
191.0 29.0
135.0 26.0
243.0 135.0
145.0 57.0
43.0 192.0
103.0 35.0
180.0 125.0
54.0 240.0
112.0 240.0
115.0 48.0
182.0 58.0
13.0 138.0
60.0 70.0
222.0 193.0

55.0 82.0
117.0 146.0
161.0 161.0
170.0 9.0
50.0 174.0
136.0 153.0
138.0 36.0
22.0 86.0
134.0 106.0
139.0 24.0
65.0 229.0
60.0 115.0
74.0 233.0
151.0 245.0
189.0 89.0
167.0 132.0
94.0 192.0
233.0 206.0
201.0 42.0
80.0 90.0
26.0 182.0
192.0 61.0
204.0 54.0
166.0 196.0
55.0 235.0
47.0 197.0
163.0 126.0
18.0 216.0
231.0 116.0
159.0 43.0
107.0 246.0
239.0 132.0
51.0 212.0
110.0 211.0
38.0 132.0
89.0 246.0
73.0 46.0
243.0 229.0
130.0 170.0
80.0 136.0
121.0 41.0
220.0 139.0
99.0 161.0
141.0 82.0
234.0 160.0
220.0 136.0
143.0 245.0
13.0 67.0
233.0 27.0
156.0 103.0
38.0 148.0
199.0 10.0
28.0 186.0
60.0 196.0
53.0 100.0
158.0 92.0
19.0 101.0
200.0 43.0
30.0 71.0
53.0 17.0
30.0 28.0
120.0 15.0
23.0 184.0
210.0 155.0
54.0 138.0
204.0 123.0
109.0 201.0
177.0 129.0
33.0 247.0
109.0 196.0
250.0 179.0
226.0 241.0
223.0 73.0
249.0 220.0
90.0 192.0
194.0 118.0
55.0 76.0
149.0 204.0
47.0 239.0
29.0 209.0
126.0 87.0
95.0 197.0
73.0 211.0
164.0 220.0
158.0 20.0
142.0 77.0
247.0 32.0
127.0 183.0
77.0 110.0
195.0 11.0
246.0 133.0
182.0 194.0
95.0 7.0
183.0 169.0
170.0 89.0
235.0 25.0
127.0 120.0
37.0 114.0
6.0 69.0
31.0 188.0
239.0 96.0
55.0 216.0
155.0 230.0
79.0 92.0
175.0 24.0
31.0 195.0
148.0 172.0
159.0 164.0
124.0 28.0
37.0 228.0
134.0 56.0
27.0 71.0
136.0 94.0
217.0 192.0
94.0 52.0
214.0 137.0
238.0 40.0
245.0 174.0
48.0 218.0
32.0 130.0
178.0 202.0
31.0 162.0
227.0 191.0
142.0 234.0
174.0 32.0
80.0 234.0
46.0 48.0
128.0 130.0
247.0 149.0
136.0 179.0
233.0 239.0
90.0 44.0
80.0 42.0
200.0 124.0
32.0 211.0
6.0 128.0
192.0 16.0
78.0 70.0
57.0 70.0
135.0 58.0
164.0 253.0
78.0 220.0
235.0 197.0
139.0 228.0
167.0 119.0
222.0 186.0
132.0 174.0
58.0 155.0
24.0 99.0
108.0 252.0
121.0 118.0
212.0 223.0
115.0 238.0
38.0 13.0
197.0 113.0
208.0 152.0
25.0 171.0
39.0 67.0
107.0 50.0
142.0 47.0
60.0 193.0
173.0 83.0
162.0 27.0
146.0 168.0
253.0 169.0
208.0 181.0
83.0 212.0
131.0 47.0
222.0 207.0
99.0 188.0
44.0 217.0
126.0 56.0
31.0 194.0
82.0 177.0
252.0 200.0
53.0 77.0
163.0 88.0
67.0 174.0
210.0 16.0
121.0 136.0
229.0 78.0
138.0 130.0
33.0 30.0
135.0 126.0
39.0 239.0
125.0 43.0
187.0 16.0
178.0 250.0
165.0 53.0
23.0 126.0
29.0 236.0
218.0 46.0
125.0 203.0
206.0 107.0
29.0 60.0
75.0 132.0
42.0 201.0
43.0 73.0
44.0 47.0
74.0 50.0
180.0 45.0
13.0 215.0
8.0 71.0
45.0 70.0
213.0 237.0
227.0 86.0
184.0 125.0
25.0 73.0
113.0 38.0
225.0 40.0
95.0 200.0
50.0 165.0
12.0 110.0
170.0 171.0
247.0 91.0
140.0 135.0
205.0 147.0
32.0 177.0
33.0 13.0
139.0 115.0
121.0 138.0
220.0 238.0
193.0 147.0
239.0 85.0
163.0 108.0
192.0 53.0
197.0 13.0
107.0 96.0
40.0 245.0
219.0 165.0
175.0 244.0
209.0 90.0
217.0 31.0
191.0 157.0
33.0 213.0
215.0 173.0
88.0 223.0
38.0 179.0
117.0 55.0
123.0 237.0
37.0 104.0
195.0 68.0
50.0 26.0
213.0 51.0
221.0 84.0
203.0 49.0
125.0 26.0
195.0 175.0
218.0 73.0
75.0 55.0
127.0 207.0
210.0 118.0
176.0 204.0
68.0 91.0
197.0 232.0
24.0 67.0
66.0 66.0
222.0 246.0
139.0 125.0
65.0 76.0
172.0 46.0
44.0 236.0
255.0 42.0
160.0 120.0
206.0 200.0
208.0 98.0
132.0 90.0
113.0 96.0
160.0 189.0
162.0 161.0
221.0 108.0
233.0 163.0
256.0 29.0
235.0 177.0
76.0 230.0
200.0 71.0
157.0 163.0
172.0 226.0
182.0 154.0
146.0 44.0
36.0 44.0
151.0 17.0
166.0 201.0
42.0 164.0
124.0 108.0
231.0 233.0
101.0 80.0
81.0 81.0
137.0 214.0
39.0 22.0
200.0 196.0
110.0 180.0
175.0 236.0
129.0 254.0
92.0 142.0
52.0 102.0
6.0 125.0
100.0 200.0
250.0 21.0
121.0 229.0
72.0 118.0
98.0 235.0
251.0 171.0
45.0 5.0
122.0 163.0
121.0 188.0
174.0 233.0
70.0 227.0
65.0 11.0
175.0 220.0
79.0 126.0
211.0 170.0
221.0 252.0
238.0 113.0
157.0 93.0
67.0 193.0
20.0 23.0
109.0 82.0
173.0 192.0
104.0 163.0
97.0 174.0
15.0 241.0
93.0 75.0
7.0 114.0
113.0 80.0
129.0 100.0
16.0 214.0
11.0 247.0
192.0 185.0
95.0 210.0
14.0 190.0
40.0 126.0
102.0 190.0
216.0 91.0
59.0 161.0
73.0 233.0
31.0 204.0
145.0 65.0
85.0 135.0
97.0 245.0
142.0 53.0
235.0 101.0
131.0 186.0
235.0 117.0
188.0 59.0
140.0 100.0
156.0 227.0
250.0 175.0
173.0 203.0
95.0 158.0
148.0 216.0
229.0 28.0
79.0 42.0
178.0 31.0
153.0 175.0
112.0 179.0
121.0 226.0
247.0 90.0
133.0 139.0
165.0 19.0
80.0 40.0
136.0 205.0
229.0 162.0
62.0 242.0
158.0 40.0
237.0 154.0
73.0 22.0
141.0 135.0
175.0 211.0
123.0 159.0
40.0 219.0
28.0 64.0
19.0 234.0
50.0 238.0
49.0 166.0
191.0 63.0
203.0 242.0
243.0 189.0
31.0 187.0
91.0 124.0
155.0 224.0
57.0 101.0
216.0 201.0
36.0 94.0
137.0 147.0
186.0 35.0
74.0 217.0
126.0 28.0
154.0 219.0
240.0 206.0
77.0 14.0
148.0 138.0
201.0 145.0
117.0 96.0
132.0 114.0
51.0 199.0
34.0 246.0
244.0 85.0
63.0 226.0
136.0 61.0
28.0 97.0
127.0 221.0
20.0 206.0
87.0 109.0
39.0 250.0
242.0 44.0
195.0 240.0
179.0 79.0
135.0 249.0
11.0 45.0
205.0 60.0
116.0 79.0
43.0 232.0
110.0 164.0
41.0 99.0
32.0 214.0
237.0 44.0
97.0 170.0
179.0 229.0
96.0 156.0
242.0 229.0
158.0 111.0
251.0 147.0
86.0 76.0
75.0 249.0
132.0 121.0
141.0 96.0
18.0 28.0
159.0 89.0
188.0 36.0
136.0 14.0
8.0 180.0
103.0 124.0
251.0 145.0
246.0 244.0
203.0 12.0
232.0 62.0
105.0 240.0
78.0 168.0
174.0 100.0
209.0 189.0
236.0 48.0
150.0 172.0
143.0 119.0
181.0 196.0
93.0 204.0
239.0 15.0
169.0 182.0
6.0 23.0
102.0 122.0
154.0 44.0
163.0 156.0
230.0 68.0
94.0 145.0
86.0 61.0
111.0 57.0
192.0 139.0
237.0 104.0
107.0 27.0
140.0 162.0
96.0 45.0
120.0 142.0
238.0 163.0
22.0 223.0
214.0 165.0
111.0 217.0
182.0 166.0
39.0 137.0
71.0 143.0
107.0 94.0
114.0 53.0
25.0 202.0
247.0 96.0
45.0 26.0
156.0 97.0
16.0 104.0
165.0 166.0
90.0 202.0
140.0 203.0
92.0 235.0
243.0 101.0
45.0 90.0
52.0 56.0
62.0 220.0
43.0 181.0
202.0 65.0
36.0 252.0
107.0 58.0
23.0 152.0
187.0 192.0
60.0 198.0
243.0 202.0
39.0 39.0
210.0 34.0
150.0 221.0
7.0 244.0
204.0 197.0
81.0 119.0
35.0 237.0
222.0 66.0
239.0 227.0
132.0 172.0
109.0 78.0
212.0 81.0
181.0 164.0
139.0 15.0
57.0 159.0
109.0 183.0
101.0 9.0
166.0 246.0
39.0 71.0
123.0 44.0
158.0 24.0
153.0 49.0
51.0 216.0
127.0 136.0
169.0 151.0
174.0 60.0
82.0 163.0
207.0 64.0
17.0 161.0
193.0 123.0
210.0 19.0
67.0 155.0
71.0 195.0
232.0 72.0
239.0 16.0
106.0 103.0
215.0 48.0
57.0 173.0
12.0 159.0
99.0 106.0
102.0 55.0
246.0 91.0
29.0 24.0
85.0 63.0
40.0 8.0
49.0 11.0
252.0 169.0
88.0 32.0
107.0 165.0
122.0 34.0
192.0 173.0
38.0 230.0
132.0 18.0
51.0 234.0
187.0 37.0
30.0 34.0
173.0 195.0
255.0 241.0
225.0 217.0
49.0 55.0
98.0 80.0
171.0 212.0
199.0 24.0
10.0 187.0
155.0 86.0
80.0 106.0
211.0 150.0
22.0 234.0
172.0 152.0
201.0 99.0
51.0 59.0
236.0 30.0
232.0 134.0
188.0 23.0
230.0 10.0
125.0 105.0
206.0 161.0
136.0 208.0
192.0 185.0
143.0 119.0
54.0 149.0
244.0 130.0
68.0 226.0
37.0 99.0
202.0 40.0
247.0 160.0
126.0 80.0
46.0 151.0
191.0 167.0
232.0 143.0
247.0 43.0
17.0 23.0
170.0 121.0
238.0 102.0
100.0 112.0
119.0 124.0
137.0 231.0
246.0 226.0
109.0 255.0
29.0 134.0
46.0 54.0
192.0 10.0
95.0 255.0
172.0 87.0
140.0 229.0
113.0 181.0
223.0 241.0
192.0 36.0
168.0 70.0
90.0 19.0
130.0 19.0
248.0 194.0
81.0 53.0
59.0 211.0
96.0 86.0
20.0 149.0
79.0 25.0
152.0 102.0
143.0 220.0
42.0 62.0
179.0 58.0
198.0 231.0
199.0 236.0
248.0 206.0
116.0 34.0
222.0 26.0
167.0 57.0
109.0 199.0
253.0 101.0
95.0 7.0
61.0 232.0
208.0 110.0
92.0 146.0
221.0 160.0
71.0 243.0
164.0 249.0
38.0 117.0
105.0 87.0
168.0 13.0
13.0 72.0
16.0 102.0
184.0 53.0
131.0 217.0
163.0 38.0
77.0 37.0
70.0 63.0
167.0 18.0
67.0 65.0
133.0 140.0
62.0 104.0
138.0 142.0
226.0 191.0
165.0 245.0
42.0 140.0
160.0 102.0
134.0 95.0
48.0 112.0
146.0 42.0
85.0 249.0
96.0 61.0
118.0 112.0
93.0 13.0
39.0 16.0
205.0 43.0
114.0 177.0
7.0 200.0
161.0 205.0
189.0 209.0
87.0 87.0
169.0 58.0
121.0 212.0
197.0 51.0
186.0 42.0
12.0 126.0
69.0 75.0
176.0 221.0
196.0 86.0
24.0 89.0
135.0 187.0
205.0 229.0
157.0 30.0
166.0 233.0
126.0 88.0
153.0 64.0
250.0 239.0
197.0 183.0
235.0 166.0
63.0 194.0
47.0 192.0
250.0 36.0
217.0 202.0
104.0 11.0
232.0 135.0
72.0 44.0
92.0 66.0
233.0 126.0
197.0 250.0
25.0 172.0
31.0 250.0
194.0 129.0
135.0 184.0
232.0 210.0
46.0 59.0
230.0 186.0
231.0 89.0
7.0 15.0
110.0 135.0
112.0 97.0
100.0 13.0
147.0 53.0
69.0 162.0
140.0 212.0
97.0 69.0
45.0 76.0
240.0 101.0
229.0 48.0
102.0 189.0
146.0 93.0
49.0 167.0
180.0 247.0
183.0 150.0
213.0 234.0
114.0 49.0
69.0 12.0
229.0 230.0
222.0 139.0
114.0 120.0
65.0 116.0
226.0 74.0
19.0 16.0
90.0 176.0
99.0 148.0
240.0 222.0
150.0 214.0
48.0 118.0
224.0 78.0
45.0 109.0
174.0 203.0
241.0 189.0
76.0 52.0
209.0 200.0
159.0 79.0
247.0 155.0
28.0 24.0
76.0 114.0
173.0 235.0
234.0 42.0
195.0 108.0
219.0 124.0
171.0 38.0
254.0 52.0
121.0 12.0
247.0 161.0
181.0 186.0
250.0 43.0
76.0 189.0
131.0 164.0
94.0 72.0
81.0 190.0
41.0 92.0
115.0 214.0
5.0 60.0
245.0 215.0
40.0 123.0
144.0 20.0
192.0 36.0
135.0 43.0
163.0 197.0
125.0 140.0
103.0 124.0
246.0 12.0
202.0 255.0
200.0 101.0
9.0 156.0
159.0 41.0
206.0 113.0
130.0 248.0
162.0 76.0
225.0 74.0
144.0 59.0
160.0 222.0
103.0 100.0
26.0 242.0
36.0 244.0
8.0 181.0
249.0 29.0
35.0 59.0
126.0 75.0
86.0 144.0
102.0 112.0
63.0 65.0
62.0 189.0
80.0 88.0
14.0 31.0
148.0 26.0
121.0 131.0
44.0 160.0
58.0 197.0
216.0 71.0
163.0 148.0
80.0 132.0
209.0 172.0
219.0 134.0
165.0 162.0
14.0 247.0
132.0 136.0
11.0 85.0
198.0 125.0
204.0 36.0
20.0 249.0
208.0 167.0
15.0 60.0
65.0 33.0
71.0 44.0
69.0 112.0
67.0 201.0
218.0 218.0
216.0 229.0
56.0 88.0
124.0 111.0
131.0 87.0
19.0 255.0
209.0 58.0
94.0 115.0
118.0 220.0
88.0 46.0
186.0 201.0
172.0 230.0
79.0 235.0
121.0 14.0
101.0 35.0
211.0 158.0
111.0 206.0
238.0 200.0
55.0 81.0
164.0 18.0
97.0 240.0
200.0 233.0
213.0 217.0
224.0 140.0
164.0 22.0
149.0 156.0
37.0 101.0
85.0 116.0
140.0 252.0
249.0 56.0
106.0 8.0
112.0 149.0
99.0 70.0
86.0 79.0
85.0 250.0
133.0 146.0
189.0 95.0
226.0 241.0
13.0 14.0
165.0 141.0
20.0 236.0
42.0 120.0
248.0 21.0
241.0 189.0
86.0 98.0
170.0 103.0
243.0 105.0
176.0 89.0
30.0 148.0
14.0 11.0
214.0 119.0
185.0 92.0
157.0 9.0
120.0 20.0
145.0 9.0
188.0 181.0
42.0 232.0
87.0 226.0
189.0 215.0
231.0 82.0
160.0 207.0
112.0 248.0
140.0 236.0
69.0 101.0
110.0 73.0
69.0 211.0
73.0 24.0
119.0 193.0
65.0 228.0
219.0 46.0
46.0 52.0
120.0 108.0
117.0 118.0
205.0 158.0
212.0 194.0
93.0 7.0
97.0 114.0
175.0 138.0
248.0 39.0
47.0 176.0
248.0 164.0
194.0 122.0
203.0 12.0
244.0 197.0
155.0 53.0
38.0 191.0
147.0 185.0
187.0 213.0
28.0 166.0
14.0 160.0
9.0 152.0
174.0 159.0
231.0 109.0
182.0 157.0
193.0 66.0
83.0 80.0
177.0 110.0
77.0 82.0
152.0 16.0
216.0 171.0
194.0 245.0
104.0 136.0
227.0 66.0
118.0 163.0
32.0 205.0
178.0 210.0
203.0 116.0
217.0 146.0
96.0 159.0
25.0 81.0
125.0 184.0
194.0 30.0
30.0 121.0
10.0 246.0
87.0 17.0
145.0 175.0
70.0 197.0
78.0 43.0
19.0 126.0
248.0 141.0
236.0 58.0
6.0 172.0
210.0 117.0
230.0 144.0
24.0 62.0
28.0 244.0
71.0 239.0
59.0 104.0
213.0 105.0
229.0 234.0
134.0 206.0
203.0 164.0
152.0 95.0
91.0 208.0
59.0 232.0
124.0 29.0
178.0 188.0
69.0 219.0
84.0 109.0
70.0 54.0
4.0 120.0
36.0 202.0
32.0 227.0
110.0 151.0
240.0 63.0
26.0 59.0
238.0 144.0
217.0 155.0
134.0 87.0
107.0 240.0
28.0 108.0
95.0 58.0
192.0 123.0
30.0 244.0
121.0 123.0
61.0 180.0
31.0 48.0
22.0 148.0
94.0 201.0
145.0 204.0
101.0 23.0
95.0 38.0
13.0 185.0
24.0 152.0
143.0 187.0
13.0 205.0
124.0 246.0
177.0 236.0
253.0 114.0
12.0 24.0
213.0 185.0
79.0 139.0
199.0 144.0
192.0 74.0
21.0 191.0
165.0 153.0
101.0 190.0
135.0 198.0
87.0 138.0
76.0 49.0
89.0 194.0
226.0 61.0
147.0 64.0
139.0 252.0
84.0 54.0
194.0 133.0
193.0 235.0
171.0 11.0
67.0 193.0
78.0 183.0
112.0 118.0
242.0 154.0
212.0 121.0
203.0 199.0
214.0 173.0
31.0 43.0
11.0 113.0
50.0 53.0
104.0 82.0
123.0 139.0
252.0 135.0
157.0 106.0
195.0 35.0
140.0 31.0
249.0 141.0
149.0 62.0
47.0 197.0
108.0 40.0
184.0 130.0
58.0 244.0
116.0 245.0
121.0 52.0
188.0 64.0
18.0 143.0
64.0 75.0
227.0 198.0
