1
1024 1 3.0 0.0 1000.0 3 160 240 100

6.5 13.5 29.3 58.5
13.0 27.0 58.5 117.0
19.5 40.5 87.8 175.5
26.0 54.0 117.0 234.0
39.0 81.0 175.5 351.0
52.0 108.0 234.0 468.0
58.5 121.5 263.3 526.5
65.0 135.0 292.5 585.0
78.0 162.0 351.0 702.0
0.0 180.0 390.0 780.0

2.0 5.0 8.0 11.0
5.0 8.0 11.0 14.0
9.0 12.0 15.0 18.0
11.0 14.0 17.0 20.0
15.0 18.0 21.0 24.0
18.0 21.0 24.0 27.0
20.0 23.0 26.0 29.0
25.0 28.0 31.0 34.0
29.0 32.0 35.0 38.0
0.0 34.0 37.0 40.0

60.0 28.0
133.0 160.0
180.0 243.0
6.0 249.0
96.0 225.0
159.0 231.0
192.0 111.0
157.0 116.0
231.0 200.0
19.0 160.0
248.0 138.0
46.0 220.0
250.0 21.0
237.0 182.0
74.0 210.0
4.0 181.0
59.0 197.0
33.0 102.0
237.0 203.0
133.0 188.0
78.0 203.0
26.0 131.0
138.0 187.0
68.0 90.0
241.0 3.0
209.0 138.0
185.0 177.0
69.0 208.0
238.0 202.0
64.0 170.0
12.0 75.0
73.0 226.0
128.0 179.0
209.0 132.0
130.0 173.0
75.0 60.0
180.0 112.0
175.0 239.0
124.0 88.0
228.0 57.0
85.0 233.0
218.0 131.0
37.0 5.0
11.0 170.0
159.0 216.0
18.0 3.0
40.0 109.0
114.0 216.0
153.0 57.0
150.0 154.0
47.0 72.0
158.0 104.0
60.0 76.0
203.0 46.0
116.0 230.0
116.0 151.0
31.0 171.0
168.0 38.0
35.0 63.0
70.0 117.0
34.0 187.0
216.0 126.0
211.0 113.0
180.0 78.0
121.0 37.0
12.0 103.0
229.0 215.0
228.0 18.0
194.0 194.0
153.0 241.0
219.0 154.0
129.0 6.0
128.0 179.0
147.0 123.0
144.0 142.0
17.0 99.0
131.0 170.0
22.0 12.0
149.0 219.0
42.0 70.0
228.0 115.0
216.0 113.0
75.0 223.0
6.0 122.0
229.0 207.0
106.0 123.0
34.0 186.0
192.0 173.0
53.0 112.0
61.0 178.0
157.0 49.0
47.0 123.0
60.0 70.0
139.0 80.0
144.0 53.0
51.0 199.0
227.0 238.0
53.0 176.0
237.0 191.0
185.0 25.0
77.0 161.0
39.0 22.0
8.0 104.0
103.0 29.0
221.0 237.0
235.0 188.0
54.0 21.0
130.0 65.0
128.0 52.0
215.0 107.0
9.0 146.0
228.0 129.0
26.0 217.0
32.0 60.0
232.0 101.0
38.0 36.0
27.0 72.0
173.0 204.0
33.0 50.0
136.0 193.0
127.0 142.0
15.0 245.0
95.0 137.0
114.0 85.0
190.0 211.0
195.0 144.0
182.0 106.0
125.0 101.0
48.0 145.0
235.0 221.0
32.0 235.0
14.0 80.0
87.0 88.0
75.0 43.0
51.0 196.0
144.0 192.0
205.0 151.0
117.0 211.0
181.0 233.0
74.0 38.0
249.0 229.0
171.0 177.0
70.0 22.0
173.0 94.0
75.0 59.0
166.0 219.0
174.0 87.0
89.0 112.0
93.0 157.0
13.0 180.0
153.0 156.0
161.0 123.0
175.0 242.0
234.0 132.0
198.0 70.0
166.0 145.0
58.0 45.0
234.0 45.0
161.0 137.0
32.0 239.0
104.0 104.0
103.0 128.0
109.0 34.0
125.0 31.0
54.0 186.0
53.0 191.0
181.0 151.0
249.0 68.0
147.0 206.0
131.0 154.0
122.0 241.0
228.0 147.0
223.0 16.0
76.0 98.0
116.0 6.0
194.0 233.0
195.0 196.0
202.0 207.0
51.0 243.0
211.0 91.0
11.0 210.0
162.0 245.0
82.0 176.0
106.0 6.0
222.0 63.0
1.0 186.0
121.0 90.0
131.0 230.0
54.0 82.0
92.0 119.0
128.0 162.0
87.0 6.0
78.0 189.0
94.0 56.0
83.0 88.0
25.0 69.0
130.0 52.0
61.0 26.0
7.0 157.0
164.0 230.0
93.0 228.0
67.0 65.0
154.0 126.0
131.0 179.0
166.0 178.0
228.0 231.0
18.0 31.0
171.0 130.0
247.0 36.0
241.0 36.0
5.0 64.0
177.0 180.0
62.0 241.0
76.0 141.0
161.0 123.0
189.0 10.0
147.0 172.0
181.0 215.0
75.0 184.0
221.0 51.0
80.0 152.0
88.0 66.0
92.0 97.0
46.0 237.0
69.0 204.0
35.0 181.0
188.0 201.0
66.0 236.0
38.0 171.0
237.0 36.0
159.0 114.0
137.0 7.0
66.0 87.0
175.0 69.0
234.0 91.0
229.0 81.0
76.0 177.0
32.0 177.0
236.0 61.0
48.0 182.0
131.0 91.0
151.0 111.0
172.0 227.0
229.0 64.0
224.0 19.0
134.0 160.0
126.0 98.0
1.0 185.0
180.0 52.0
216.0 229.0
78.0 82.0
177.0 103.0
44.0 163.0
29.0 201.0
24.0 12.0
104.0 208.0
92.0 184.0
148.0 199.0
23.0 236.0
194.0 169.0
73.0 160.0
16.0 130.0
46.0 136.0
167.0 230.0
67.0 195.0
154.0 127.0
2.0 209.0
125.0 210.0
86.0 174.0
7.0 24.0
66.0 84.0
82.0 105.0
37.0 229.0
69.0 232.0
181.0 95.0
80.0 147.0
172.0 76.0
141.0 144.0
117.0 42.0
12.0 207.0
155.0 107.0
127.0 196.0
203.0 11.0
27.0 168.0
117.0 92.0
207.0 197.0
109.0 126.0
144.0 133.0
77.0 141.0
44.0 76.0
60.0 114.0
201.0 101.0
101.0 25.0
132.0 146.0
100.0 52.0
6.0 231.0
74.0 6.0
160.0 27.0
27.0 173.0
79.0 82.0
214.0 29.0
31.0 97.0
140.0 114.0
95.0 179.0
198.0 172.0
144.0 91.0
154.0 209.0
163.0 54.0
27.0 203.0
73.0 237.0
172.0 234.0
66.0 129.0
8.0 153.0
17.0 40.0
77.0 194.0
76.0 59.0
225.0 243.0
149.0 92.0
240.0 63.0
237.0 171.0
117.0 69.0
228.0 44.0
136.0 65.0
223.0 113.0
60.0 158.0
115.0 94.0
26.0 154.0
155.0 100.0
45.0 15.0
53.0 141.0
60.0 48.0
9.0 123.0
111.0 50.0
93.0 208.0
180.0 193.0
221.0 248.0
133.0 246.0
47.0 24.0
209.0 48.0
131.0 133.0
105.0 204.0
78.0 130.0
227.0 42.0
135.0 134.0
29.0 178.0
66.0 142.0
137.0 99.0
167.0 126.0
55.0 241.0
117.0 38.0
27.0 95.0
145.0 168.0
225.0 192.0
95.0 106.0
208.0 124.0
241.0 133.0
209.0 85.0
47.0 161.0
57.0 201.0
117.0 175.0
163.0 11.0
147.0 171.0
31.0 16.0
241.0 167.0
61.0 243.0
42.0 160.0
244.0 140.0
159.0 225.0
155.0 135.0
212.0 14.0
204.0 20.0
106.0 206.0
170.0 142.0
229.0 67.0
121.0 174.0
65.0 33.0
109.0 84.0
33.0 88.0
123.0 188.0
172.0 1.0
54.0 36.0
111.0 47.0
40.0 148.0
66.0 163.0
74.0 211.0
183.0 34.0
101.0 138.0
82.0 187.0
130.0 221.0
53.0 209.0
197.0 161.0
146.0 51.0
91.0 75.0
210.0 150.0
54.0 133.0
7.0 208.0
234.0 63.0
88.0 238.0
225.0 49.0
172.0 88.0
116.0 124.0
92.0 183.0
243.0 218.0
181.0 64.0
184.0 92.0
22.0 90.0
89.0 178.0
82.0 15.0
244.0 192.0
10.0 173.0
81.0 169.0
246.0 103.0
176.0 150.0
114.0 245.0
59.0 49.0
139.0 134.0
6.0 60.0
172.0 117.0
9.0 7.0
168.0 145.0
225.0 113.0
61.0 23.0
228.0 222.0
249.0 74.0
219.0 80.0
216.0 195.0
172.0 74.0
198.0 151.0
182.0 165.0
52.0 219.0
105.0 42.0
85.0 128.0
157.0 104.0
157.0 50.0
171.0 167.0
168.0 220.0
52.0 141.0
125.0 42.0
20.0 188.0
33.0 147.0
31.0 239.0
163.0 144.0
114.0 248.0
78.0 133.0
135.0 181.0
96.0 119.0
80.0 27.0
190.0 0.0
26.0 151.0
133.0 164.0
242.0 193.0
14.0 226.0
218.0 197.0
44.0 66.0
204.0 32.0
180.0 94.0
164.0 190.0
91.0 250.0
109.0 132.0
112.0 59.0
94.0 148.0
115.0 117.0
205.0 17.0
39.0 204.0
212.0 72.0
142.0 27.0
79.0 76.0
100.0 161.0
130.0 134.0
130.0 65.0
198.0 181.0
146.0 124.0
170.0 131.0
242.0 208.0
130.0 121.0
137.0 79.0
154.0 49.0
12.0 20.0
59.0 211.0
234.0 123.0
57.0 126.0
30.0 3.0
232.0 214.0
231.0 246.0
154.0 45.0
24.0 223.0
205.0 204.0
200.0 214.0
21.0 112.0
217.0 94.0
20.0 225.0
204.0 154.0
40.0 65.0
69.0 181.0
180.0 149.0
237.0 240.0
2.0 127.0
50.0 169.0
49.0 83.0
229.0 94.0
215.0 181.0
52.0 103.0
60.0 220.0
23.0 19.0
214.0 190.0
74.0 27.0
95.0 234.0
177.0 212.0
215.0 246.0
54.0 162.0
165.0 133.0
226.0 51.0
185.0 107.0
216.0 230.0
27.0 146.0
27.0 118.0
150.0 113.0
72.0 57.0
86.0 65.0
65.0 40.0
115.0 97.0
181.0 85.0
242.0 137.0
87.0 68.0
225.0 164.0
67.0 149.0
24.0 138.0
196.0 227.0
42.0 226.0
152.0 177.0
159.0 15.0
28.0 199.0
56.0 149.0
79.0 148.0
192.0 208.0
142.0 35.0
69.0 154.0
66.0 218.0
27.0 27.0
233.0 86.0
59.0 89.0
147.0 119.0
28.0 226.0
58.0 28.0
161.0 194.0
191.0 209.0
43.0 122.0
202.0 100.0
146.0 245.0
54.0 55.0
226.0 158.0
38.0 183.0
246.0 186.0
21.0 163.0
40.0 25.0
31.0 92.0
240.0 143.0
121.0 249.0
66.0 213.0
247.0 220.0
134.0 179.0
232.0 143.0
228.0 127.0
190.0 128.0
96.0 169.0
71.0 243.0
77.0 137.0
108.0 0.0
245.0 182.0
203.0 107.0
3.0 185.0
122.0 42.0
186.0 220.0
205.0 81.0
242.0 76.0
63.0 235.0
154.0 221.0
91.0 76.0
67.0 85.0
153.0 50.0
150.0 169.0
139.0 127.0
28.0 238.0
130.0 3.0
193.0 213.0
233.0 101.0
114.0 165.0
215.0 179.0
56.0 147.0
105.0 192.0
226.0 128.0
34.0 89.0
122.0 149.0
97.0 54.0
70.0 109.0
126.0 5.0
223.0 132.0
63.0 231.0
102.0 90.0
152.0 123.0
102.0 95.0
51.0 225.0
155.0 138.0
195.0 204.0
105.0 101.0
123.0 98.0
111.0 170.0
10.0 44.0
245.0 246.0
198.0 233.0
3.0 34.0
120.0 170.0
246.0 1.0
39.0 110.0
171.0 25.0
102.0 118.0
213.0 54.0
16.0 1.0
91.0 205.0
222.0 187.0
32.0 21.0
4.0 179.0
8.0 164.0
17.0 22.0
139.0 158.0
64.0 42.0
241.0 82.0
220.0 173.0
24.0 189.0
12.0 6.0
51.0 237.0
131.0 240.0
104.0 136.0
6.0 58.0
172.0 62.0
84.0 231.0
85.0 21.0
37.0 84.0
152.0 144.0
109.0 20.0
181.0 62.0
185.0 101.0
121.0 26.0
190.0 10.0
85.0 242.0
19.0 17.0
108.0 202.0
220.0 146.0
39.0 128.0
22.0 46.0
32.0 162.0
46.0 137.0
159.0 58.0
161.0 150.0
3.0 129.0
218.0 22.0
110.0 79.0
222.0 131.0
42.0 103.0
73.0 202.0
32.0 3.0
48.0 10.0
108.0 88.0
29.0 65.0
70.0 213.0
40.0 50.0
46.0 129.0
205.0 66.0
152.0 91.0
64.0 64.0
95.0 40.0
7.0 166.0
128.0 188.0
115.0 120.0
64.0 178.0
44.0 218.0
143.0 29.0
137.0 34.0
67.0 168.0
249.0 209.0
135.0 145.0
110.0 3.0
177.0 173.0
87.0 207.0
62.0 249.0
33.0 29.0
141.0 108.0
222.0 156.0
0.0 141.0
175.0 239.0
16.0 160.0
9.0 131.0
226.0 249.0
224.0 236.0
106.0 240.0
204.0 190.0
167.0 152.0
209.0 101.0
78.0 5.0
5.0 187.0
93.0 244.0
59.0 176.0
132.0 48.0
41.0 177.0
161.0 126.0
195.0 1.0
91.0 162.0
208.0 37.0
216.0 134.0
3.0 23.0
50.0 35.0
205.0 182.0
190.0 108.0
92.0 218.0
197.0 247.0
153.0 237.0
1.0 34.0
186.0 231.0
189.0 212.0
178.0 58.0
63.0 179.0
43.0 179.0
201.0 172.0
68.0 220.0
31.0 110.0
18.0 228.0
29.0 133.0
144.0 86.0
170.0 195.0
144.0 67.0
124.0 101.0
215.0 105.0
202.0 238.0
113.0 173.0
166.0 11.0
235.0 188.0
26.0 104.0
22.0 221.0
78.0 210.0
53.0 59.0
172.0 218.0
23.0 21.0
84.0 129.0
105.0 194.0
122.0 64.0
233.0 118.0
195.0 11.0
209.0 223.0
119.0 51.0
46.0 156.0
249.0 77.0
51.0 178.0
94.0 130.0
215.0 158.0
126.0 245.0
14.0 202.0
71.0 32.0
79.0 78.0
11.0 43.0
209.0 103.0
204.0 2.0
58.0 10.0
94.0 76.0
96.0 118.0
35.0 155.0
50.0 167.0
63.0 174.0
55.0 26.0
131.0 82.0
88.0 26.0
21.0 110.0
44.0 222.0
200.0 74.0
153.0 241.0
221.0 240.0
219.0 127.0
76.0 98.0
5.0 214.0
204.0 215.0
127.0 75.0
194.0 137.0
150.0 193.0
14.0 118.0
117.0 32.0
178.0 38.0
94.0 24.0
66.0 164.0
79.0 34.0
164.0 224.0
228.0 181.0
84.0 87.0
139.0 216.0
246.0 151.0
243.0 199.0
208.0 82.0
195.0 55.0
154.0 150.0
182.0 134.0
150.0 184.0
152.0 208.0
50.0 0.0
23.0 182.0
36.0 209.0
244.0 60.0
60.0 135.0
146.0 68.0
37.0 123.0
67.0 115.0
176.0 90.0
82.0 95.0
189.0 228.0
188.0 108.0
138.0 78.0
146.0 218.0
9.0 26.0
217.0 199.0
191.0 52.0
102.0 22.0
37.0 150.0
214.0 141.0
75.0 151.0
213.0 229.0
180.0 219.0
47.0 31.0
128.0 136.0
69.0 108.0
237.0 17.0
88.0 33.0
132.0 201.0
56.0 163.0
219.0 88.0
118.0 191.0
23.0 27.0
100.0 224.0
104.0 162.0
58.0 204.0
86.0 216.0
52.0 65.0
133.0 246.0
170.0 46.0
22.0 214.0
93.0 184.0
44.0 38.0
78.0 49.0
245.0 107.0
43.0 95.0
102.0 19.0
5.0 78.0
49.0 173.0
177.0 39.0
51.0 104.0
93.0 173.0
16.0 43.0
202.0 216.0
132.0 235.0
175.0 31.0
33.0 119.0
236.0 170.0
11.0 24.0
136.0 201.0
50.0 109.0
205.0 206.0
22.0 86.0
232.0 123.0
204.0 62.0
237.0 204.0
77.0 181.0
237.0 135.0
182.0 22.0
220.0 220.0
135.0 43.0
51.0 62.0
194.0 181.0
123.0 233.0
96.0 7.0
143.0 33.0
195.0 157.0
209.0 174.0
242.0 89.0
200.0 129.0
208.0 9.0
25.0 106.0
112.0 112.0
107.0 1.0
146.0 139.0
36.0 185.0
172.0 17.0
139.0 79.0
248.0 178.0
25.0 22.0
167.0 242.0
231.0 243.0
249.0 0.0
145.0 75.0
23.0 28.0
214.0 94.0
164.0 233.0
238.0 195.0
174.0 38.0
126.0 176.0
72.0 140.0
49.0 194.0
194.0 159.0
233.0 56.0
249.0 250.0
210.0 78.0
102.0 114.0
136.0 105.0
53.0 107.0
124.0 46.0
221.0 9.0
84.0 131.0
164.0 23.0
118.0 149.0
217.0 192.0
119.0 217.0
70.0 191.0
231.0 229.0
180.0 38.0
182.0 162.0
163.0 61.0
44.0 7.0
143.0 55.0
48.0 128.0
77.0 74.0
132.0 198.0
148.0 167.0
222.0 131.0
137.0 149.0
55.0 37.0
233.0 59.0
167.0 1.0
53.0 46.0
232.0 75.0
233.0 205.0
241.0 176.0
221.0 218.0
95.0 134.0
248.0 209.0
216.0 221.0
16.0 39.0
129.0 35.0
164.0 75.0
1.0 177.0
204.0 31.0
193.0 236.0
106.0 44.0
210.0 136.0
88.0 210.0
226.0 243.0
188.0 110.0
174.0 150.0
19.0 181.0
231.0 175.0
189.0 93.0
44.0 109.0
143.0 101.0
154.0 113.0
36.0 159.0
101.0 207.0
25.0 148.0
27.0 90.0
211.0 132.0
146.0 129.0
245.0 102.0
14.0 125.0
204.0 8.0
103.0 74.0
121.0 177.0
225.0 148.0
155.0 14.0
200.0 244.0
165.0 229.0
174.0 206.0
35.0 111.0
112.0 177.0
155.0 205.0
7.0 80.0
15.0 54.0
183.0 45.0
200.0 219.0
130.0 169.0
126.0 133.0
111.0 38.0
161.0 117.0
105.0 34.0
106.0 231.0
210.0 222.0
66.0 178.0
186.0 221.0
39.0 57.0
136.0 231.0
143.0 48.0
138.0 233.0
182.0 200.0
193.0 176.0
87.0 52.0
187.0 32.0
80.0 105.0
94.0 152.0
190.0 9.0
3.0 198.0
121.0 120.0
64.0 197.0
216.0 154.0
70.0 111.0
135.0 217.0
139.0 106.0
135.0 73.0
82.0 38.0
171.0 36.0
60.0 202.0
100.0 1.0
229.0 1.0
76.0 98.0
114.0 201.0
36.0 119.0
11.0 46.0
3.0 88.0
67.0 41.0
220.0 224.0
189.0 37.0
220.0 71.0
52.0 55.0

65.0 33.0
139.0 165.0
186.0 248.0
10.0 255.0
100.0 230.0
164.0 236.0
197.0 116.0
163.0 122.0
237.0 205.0
24.0 164.0
254.0 144.0
51.0 224.0
256.0 26.0
242.0 188.0
80.0 216.0
10.0 186.0
64.0 202.0
39.0 108.0
242.0 209.0
138.0 193.0
82.0 208.0
32.0 137.0
144.0 192.0
74.0 96.0
246.0 8.0
214.0 144.0
191.0 182.0
74.0 214.0
244.0 207.0
70.0 174.0
18.0 79.0
78.0 230.0
133.0 183.0
214.0 137.0
136.0 178.0
80.0 65.0
185.0 117.0
179.0 244.0
129.0 94.0
233.0 63.0
90.0 237.0
222.0 136.0
42.0 9.0
15.0 175.0
165.0 221.0
22.0 8.0
46.0 115.0
120.0 220.0
159.0 63.0
155.0 159.0
51.0 77.0
162.0 110.0
65.0 81.0
209.0 50.0
121.0 235.0
122.0 156.0
36.0 176.0
172.0 42.0
41.0 68.0
76.0 121.0
40.0 192.0
222.0 131.0
216.0 118.0
184.0 84.0
125.0 42.0
16.0 108.0
235.0 219.0
233.0 24.0
199.0 200.0
157.0 246.0
224.0 159.0
135.0 11.0
133.0 185.0
152.0 129.0
149.0 146.0
22.0 105.0
136.0 175.0
26.0 17.0
153.0 223.0
47.0 75.0
234.0 121.0
221.0 119.0
80.0 228.0
12.0 126.0
235.0 212.0
110.0 128.0
39.0 192.0
197.0 177.0
58.0 116.0
66.0 183.0
163.0 53.0
53.0 128.0
65.0 74.0
144.0 85.0
148.0 58.0
57.0 204.0
232.0 243.0
59.0 180.0
242.0 195.0
189.0 29.0
82.0 165.0
44.0 26.0
13.0 110.0
107.0 33.0
227.0 242.0
240.0 192.0
59.0 25.0
135.0 69.0
133.0 58.0
219.0 113.0
13.0 151.0
233.0 133.0
30.0 222.0
38.0 66.0
237.0 106.0
44.0 41.0
32.0 77.0
177.0 209.0
38.0 54.0
140.0 199.0
131.0 148.0
19.0 251.0
100.0 141.0
118.0 91.0
194.0 216.0
199.0 149.0
187.0 112.0
130.0 106.0
54.0 151.0
239.0 225.0
37.0 240.0
18.0 86.0
92.0 93.0
79.0 48.0
56.0 202.0
149.0 196.0
211.0 156.0
122.0 216.0
187.0 237.0
79.0 43.0
255.0 235.0
177.0 183.0
74.0 27.0
178.0 100.0
80.0 63.0
170.0 225.0
179.0 91.0
94.0 118.0
99.0 162.0
18.0 185.0
159.0 160.0
166.0 128.0
181.0 248.0
239.0 137.0
203.0 76.0
171.0 150.0
63.0 50.0
238.0 49.0
167.0 143.0
36.0 245.0
109.0 110.0
109.0 133.0
113.0 38.0
129.0 36.0
58.0 191.0
59.0 197.0
185.0 156.0
255.0 72.0
152.0 210.0
136.0 159.0
127.0 246.0
233.0 152.0
228.0 21.0
81.0 103.0
122.0 12.0
199.0 237.0
199.0 201.0
208.0 212.0
55.0 248.0
217.0 96.0
16.0 216.0
167.0 249.0
87.0 181.0
111.0 12.0
226.0 68.0
5.0 191.0
126.0 95.0
135.0 234.0
59.0 87.0
97.0 125.0
134.0 167.0
91.0 10.0
83.0 193.0
98.0 61.0
87.0 93.0
29.0 74.0
136.0 56.0
67.0 31.0
13.0 161.0
170.0 235.0
97.0 234.0
73.0 69.0
158.0 130.0
136.0 185.0
171.0 184.0
232.0 236.0
23.0 36.0
176.0 134.0
252.0 42.0
245.0 40.0
10.0 69.0
183.0 185.0
67.0 247.0
81.0 146.0
166.0 129.0
195.0 16.0
152.0 177.0
186.0 220.0
80.0 190.0
227.0 57.0
85.0 156.0
93.0 71.0
97.0 102.0
51.0 242.0
73.0 210.0
40.0 186.0
192.0 206.0
71.0 241.0
42.0 177.0
243.0 41.0
164.0 119.0
142.0 13.0
72.0 93.0
180.0 74.0
239.0 97.0
235.0 87.0
80.0 181.0
36.0 181.0
241.0 66.0
53.0 187.0
136.0 96.0
156.0 116.0
178.0 231.0
234.0 70.0
229.0 24.0
139.0 165.0
131.0 103.0
6.0 191.0
185.0 56.0
222.0 234.0
82.0 88.0
182.0 108.0
48.0 168.0
34.0 206.0
29.0 17.0
110.0 213.0
97.0 189.0
153.0 203.0
27.0 242.0
200.0 175.0
78.0 165.0
21.0 136.0
51.0 141.0
173.0 234.0
72.0 200.0
159.0 133.0
8.0 214.0
131.0 215.0
91.0 178.0
12.0 28.0
71.0 89.0
88.0 110.0
41.0 234.0
73.0 237.0
186.0 99.0
84.0 152.0
177.0 81.0
147.0 149.0
121.0 47.0
17.0 213.0
161.0 113.0
132.0 201.0
208.0 15.0
32.0 172.0
121.0 98.0
211.0 202.0
114.0 132.0
150.0 139.0
82.0 145.0
49.0 80.0
65.0 119.0
206.0 107.0
107.0 29.0
138.0 150.0
105.0 57.0
11.0 236.0
80.0 10.0
164.0 31.0
33.0 179.0
85.0 88.0
218.0 35.0
35.0 102.0
145.0 120.0
101.0 185.0
202.0 178.0
148.0 97.0
160.0 215.0
169.0 58.0
31.0 209.0
79.0 242.0
177.0 240.0
71.0 134.0
12.0 159.0
21.0 46.0
81.0 200.0
82.0 63.0
231.0 248.0
155.0 96.0
245.0 68.0
243.0 177.0
121.0 73.0
233.0 49.0
142.0 70.0
228.0 119.0
65.0 164.0
121.0 99.0
31.0 159.0
160.0 105.0
49.0 20.0
59.0 146.0
65.0 54.0
14.0 128.0
116.0 55.0
98.0 212.0
185.0 198.0
227.0 254.0
137.0 250.0
53.0 28.0
213.0 52.0
136.0 138.0
110.0 209.0
84.0 135.0
233.0 47.0
140.0 138.0
35.0 183.0
71.0 147.0
143.0 104.0
172.0 131.0
61.0 247.0
121.0 43.0
32.0 99.0
151.0 172.0
230.0 197.0
101.0 112.0
213.0 129.0
246.0 137.0
214.0 89.0
53.0 167.0
62.0 207.0
121.0 181.0
167.0 15.0
152.0 176.0
36.0 20.0
246.0 171.0
65.0 247.0
47.0 165.0
249.0 144.0
165.0 229.0
159.0 139.0
217.0 20.0
209.0 25.0
111.0 211.0
174.0 146.0
234.0 71.0
127.0 179.0
71.0 38.0
114.0 89.0
38.0 92.0
129.0 194.0
177.0 6.0
60.0 41.0
117.0 52.0
45.0 153.0
71.0 168.0
78.0 216.0
188.0 40.0
106.0 144.0
87.0 192.0
134.0 226.0
58.0 214.0
202.0 167.0
152.0 57.0
96.0 81.0
215.0 155.0
58.0 137.0
12.0 214.0
240.0 68.0
92.0 244.0
230.0 55.0
177.0 92.0
122.0 128.0
96.0 189.0
248.0 223.0
186.0 69.0
189.0 97.0
26.0 96.0
93.0 183.0
87.0 20.0
249.0 198.0
14.0 178.0
86.0 174.0
252.0 108.0
182.0 155.0
119.0 249.0
65.0 54.0
143.0 139.0
11.0 65.0
177.0 122.0
14.0 12.0
173.0 151.0
230.0 119.0
66.0 28.0
233.0 228.0
254.0 78.0
224.0 84.0
220.0 201.0
176.0 79.0
203.0 157.0
186.0 170.0
56.0 224.0
111.0 46.0
90.0 132.0
163.0 109.0
163.0 55.0
177.0 172.0
172.0 226.0
58.0 146.0
130.0 47.0
25.0 193.0
39.0 151.0
35.0 245.0
168.0 150.0
119.0 252.0
82.0 139.0
140.0 185.0
102.0 124.0
85.0 31.0
195.0 6.0
32.0 156.0
138.0 169.0
248.0 198.0
19.0 231.0
224.0 202.0
50.0 70.0
210.0 37.0
184.0 99.0
169.0 195.0
95.0 255.0
115.0 137.0
118.0 63.0
100.0 153.0
119.0 123.0
210.0 22.0
44.0 208.0
216.0 78.0
148.0 32.0
84.0 82.0
106.0 166.0
134.0 140.0
134.0 70.0
203.0 187.0
151.0 128.0
174.0 135.0
247.0 214.0
135.0 126.0
143.0 83.0
160.0 53.0
18.0 25.0
63.0 216.0
239.0 128.0
61.0 132.0
36.0 7.0
237.0 219.0
235.0 250.0
158.0 51.0
28.0 227.0
209.0 210.0
205.0 220.0
25.0 117.0
222.0 100.0
24.0 229.0
209.0 158.0
44.0 71.0
73.0 187.0
185.0 154.0
241.0 245.0
7.0 132.0
56.0 175.0
54.0 88.0
234.0 99.0
221.0 185.0
57.0 108.0
66.0 225.0
28.0 25.0
218.0 195.0
79.0 31.0
99.0 240.0
182.0 217.0
221.0 252.0
60.0 168.0
170.0 137.0
231.0 56.0
190.0 112.0
220.0 236.0
31.0 150.0
32.0 122.0
154.0 117.0
77.0 62.0
91.0 70.0
69.0 45.0
120.0 103.0
186.0 91.0
247.0 143.0
91.0 73.0
229.0 168.0
73.0 153.0
29.0 144.0
201.0 233.0
47.0 230.0
157.0 183.0
165.0 21.0
34.0 204.0
60.0 153.0
84.0 153.0
198.0 213.0
147.0 40.0
75.0 159.0
70.0 223.0
32.0 32.0
238.0 92.0
65.0 94.0
152.0 123.0
33.0 231.0
63.0 32.0
167.0 198.0
195.0 214.0
49.0 126.0
207.0 104.0
151.0 250.0
60.0 60.0
230.0 162.0
43.0 187.0
252.0 192.0
26.0 168.0
45.0 31.0
35.0 96.0
246.0 149.0
127.0 254.0
71.0 217.0
252.0 226.0
139.0 185.0
238.0 148.0
234.0 131.0
195.0 133.0
101.0 174.0
77.0 248.0
81.0 141.0
112.0 5.0
249.0 188.0
209.0 112.0
8.0 190.0
128.0 47.0
191.0 225.0
210.0 86.0
248.0 81.0
68.0 240.0
159.0 226.0
96.0 81.0
72.0 90.0
158.0 55.0
155.0 174.0
144.0 131.0
33.0 243.0
134.0 8.0
197.0 218.0
238.0 106.0
119.0 170.0
220.0 183.0
61.0 152.0
109.0 196.0
232.0 134.0
40.0 94.0
126.0 153.0
101.0 60.0
76.0 113.0
132.0 10.0
228.0 138.0
68.0 236.0
108.0 95.0
156.0 128.0
108.0 100.0
55.0 229.0
159.0 143.0
200.0 208.0
109.0 105.0
128.0 103.0
117.0 175.0
14.0 49.0
250.0 250.0
203.0 239.0
9.0 40.0
125.0 174.0
250.0 7.0
45.0 115.0
176.0 31.0
107.0 124.0
218.0 59.0
21.0 7.0
97.0 210.0
227.0 193.0
37.0 26.0
10.0 184.0
14.0 170.0
21.0 27.0
144.0 163.0
68.0 48.0
246.0 87.0
224.0 179.0
29.0 193.0
16.0 11.0
57.0 243.0
136.0 245.0
109.0 141.0
10.0 63.0
176.0 66.0
89.0 236.0
90.0 26.0
42.0 88.0
157.0 149.0
115.0 25.0
187.0 67.0
190.0 105.0
126.0 32.0
195.0 15.0
91.0 247.0
25.0 22.0
114.0 207.0
224.0 150.0
45.0 132.0
27.0 50.0
37.0 168.0
51.0 142.0
163.0 62.0
167.0 154.0
8.0 134.0
224.0 27.0
116.0 85.0
228.0 136.0
47.0 108.0
79.0 206.0
38.0 7.0
53.0 16.0
112.0 93.0
33.0 70.0
76.0 217.0
44.0 55.0
51.0 134.0
209.0 72.0
157.0 96.0
68.0 69.0
100.0 45.0
13.0 171.0
133.0 192.0
119.0 125.0
68.0 183.0
48.0 224.0
148.0 34.0
143.0 39.0
72.0 173.0
253.0 214.0
140.0 151.0
116.0 8.0
182.0 178.0
91.0 212.0
67.0 254.0
39.0 35.0
145.0 112.0
228.0 160.0
5.0 146.0
180.0 244.0
22.0 164.0
15.0 136.0
231.0 253.0
228.0 241.0
111.0 245.0
210.0 195.0
172.0 157.0
214.0 105.0
83.0 10.0
10.0 192.0
97.0 249.0
65.0 180.0
138.0 54.0
46.0 182.0
165.0 131.0
200.0 6.0
96.0 167.0
214.0 41.0
220.0 139.0
8.0 28.0
55.0 40.0
211.0 186.0
195.0 113.0
97.0 223.0
202.0 252.0
157.0 241.0
7.0 40.0
191.0 237.0
194.0 217.0
183.0 63.0
68.0 184.0
48.0 184.0
205.0 178.0
73.0 225.0
36.0 114.0
23.0 232.0
34.0 137.0
149.0 90.0
175.0 201.0
149.0 71.0
129.0 106.0
219.0 109.0
207.0 242.0
117.0 179.0
171.0 16.0
241.0 193.0
32.0 110.0
27.0 227.0
83.0 215.0
59.0 65.0
177.0 222.0
28.0 26.0
88.0 133.0
111.0 198.0
127.0 69.0
238.0 123.0
200.0 16.0
213.0 229.0
124.0 55.0
52.0 161.0
253.0 82.0
57.0 183.0
99.0 136.0
219.0 162.0
131.0 249.0
18.0 207.0
76.0 38.0
84.0 82.0
17.0 47.0
214.0 107.0
208.0 8.0
64.0 15.0
98.0 82.0
100.0 122.0
40.0 159.0
55.0 173.0
69.0 179.0
60.0 31.0
136.0 88.0
94.0 31.0
27.0 114.0
48.0 227.0
205.0 78.0
159.0 246.0
226.0 245.0
225.0 132.0
81.0 103.0
10.0 219.0
208.0 220.0
133.0 80.0
200.0 142.0
155.0 199.0
20.0 123.0
122.0 37.0
183.0 44.0
99.0 29.0
70.0 168.0
85.0 39.0
168.0 228.0
233.0 185.0
89.0 92.0
144.0 221.0
250.0 155.0
248.0 205.0
212.0 87.0
199.0 59.0
160.0 155.0
188.0 140.0
154.0 189.0
156.0 213.0
54.0 5.0
28.0 187.0
41.0 214.0
249.0 66.0
65.0 139.0
150.0 74.0
41.0 127.0
72.0 119.0
181.0 94.0
87.0 100.0
195.0 233.0
194.0 112.0
143.0 82.0
152.0 223.0
13.0 32.0
222.0 203.0
196.0 57.0
107.0 26.0
43.0 154.0
220.0 147.0
81.0 156.0
217.0 234.0
185.0 224.0
53.0 35.0
132.0 142.0
73.0 113.0
242.0 23.0
93.0 39.0
136.0 206.0
61.0 167.0
224.0 92.0
124.0 195.0
28.0 31.0
106.0 228.0
109.0 167.0
64.0 209.0
91.0 221.0
57.0 69.0
137.0 251.0
175.0 50.0
27.0 219.0
98.0 188.0
48.0 43.0
82.0 55.0
251.0 113.0
48.0 101.0
107.0 25.0
10.0 83.0
55.0 179.0
183.0 44.0
56.0 109.0
98.0 179.0
20.0 48.0
207.0 220.0
138.0 241.0
180.0 35.0
38.0 124.0
240.0 176.0
17.0 29.0
141.0 207.0
54.0 114.0
211.0 210.0
26.0 92.0
237.0 129.0
210.0 67.0
242.0 209.0
82.0 187.0
242.0 139.0
187.0 27.0
225.0 224.0
139.0 48.0
56.0 67.0
198.0 185.0
128.0 238.0
101.0 12.0
149.0 37.0
199.0 162.0
213.0 179.0
247.0 94.0
204.0 133.0
213.0 15.0
31.0 112.0
116.0 116.0
111.0 7.0
150.0 144.0
41.0 190.0
176.0 23.0
144.0 85.0
254.0 183.0
30.0 28.0
172.0 247.0
236.0 247.0
253.0 4.0
150.0 81.0
28.0 33.0
219.0 100.0
169.0 238.0
244.0 201.0
180.0 43.0
130.0 182.0
78.0 145.0
54.0 199.0
199.0 165.0
238.0 61.0
254.0 256.0
215.0 84.0
106.0 119.0
140.0 110.0
58.0 113.0
129.0 52.0
226.0 13.0
89.0 137.0
168.0 27.0
124.0 154.0
222.0 197.0
124.0 221.0
75.0 196.0
236.0 233.0
185.0 44.0
187.0 168.0
168.0 65.0
48.0 12.0
148.0 59.0
52.0 133.0
82.0 79.0
136.0 203.0
152.0 173.0
227.0 135.0
142.0 154.0
59.0 42.0
238.0 64.0
172.0 5.0
58.0 51.0
236.0 79.0
239.0 210.0
247.0 180.0
225.0 222.0
100.0 138.0
253.0 213.0
222.0 226.0
21.0 44.0
133.0 40.0
170.0 80.0
6.0 182.0
209.0 36.0
198.0 240.0
111.0 48.0
215.0 141.0
92.0 215.0
232.0 249.0
192.0 116.0
179.0 155.0
24.0 186.0
236.0 181.0
194.0 98.0
50.0 115.0
148.0 106.0
159.0 119.0
41.0 163.0
106.0 212.0
29.0 154.0
32.0 95.0
215.0 138.0
152.0 135.0
250.0 106.0
19.0 129.0
208.0 13.0
108.0 78.0
126.0 181.0
229.0 153.0
161.0 19.0
204.0 250.0
169.0 233.0
179.0 210.0
40.0 116.0
117.0 181.0
159.0 211.0
12.0 85.0
20.0 59.0
187.0 50.0
205.0 224.0
135.0 173.0
131.0 137.0
115.0 43.0
165.0 122.0
111.0 38.0
112.0 235.0
215.0 227.0
71.0 182.0
191.0 225.0
44.0 61.0
140.0 235.0
147.0 52.0
143.0 239.0
187.0 205.0
198.0 180.0
92.0 58.0
191.0 37.0
84.0 110.0
99.0 156.0
194.0 14.0
7.0 203.0
127.0 125.0
68.0 202.0
220.0 159.0
75.0 115.0
140.0 221.0
145.0 110.0
140.0 78.0
86.0 44.0
176.0 41.0
65.0 208.0
104.0 6.0
233.0 6.0
81.0 102.0
119.0 205.0
41.0 124.0
16.0 51.0
7.0 93.0
72.0 47.0
224.0 229.0
194.0 43.0
226.0 76.0
56.0 60.0
