1
1024 1 3.0 0.0 1000.0 3 160 240 100

6.5 13.5 29.3 58.5
13.0 27.0 58.5 117.0
19.5 40.5 87.8 175.5
26.0 54.0 117.0 234.0
39.0 81.0 175.5 351.0
52.0 108.0 234.0 468.0
58.5 121.5 263.3 526.5
65.0 135.0 292.5 585.0
78.0 162.0 351.0 702.0
0.0 180.0 390.0 780.0

2.0 5.0 8.0 11.0
5.0 8.0 11.0 14.0
9.0 12.0 15.0 18.0
11.0 14.0 17.0 20.0
15.0 18.0 21.0 24.0
18.0 21.0 24.0 27.0
20.0 23.0 26.0 29.0
25.0 28.0 31.0 34.0
29.0 32.0 35.0 38.0
0.0 34.0 37.0 40.0

15.0 15.0
240.0 102.0
243.0 78.0
155.0 220.0
14.0 247.0
155.0 80.0
244.0 112.0
4.0 234.0
132.0 199.0
25.0 245.0
88.0 249.0
226.0 132.0
224.0 177.0
246.0 159.0
4.0 239.0
118.0 146.0
200.0 250.0
158.0 84.0
123.0 27.0
115.0 86.0
163.0 23.0
241.0 80.0
214.0 190.0
56.0 182.0
161.0 165.0
94.0 242.0
110.0 202.0
22.0 144.0
183.0 55.0
50.0 233.0
177.0 122.0
141.0 59.0
17.0 173.0
71.0 205.0
212.0 94.0
221.0 1.0
91.0 114.0
28.0 10.0
149.0 36.0
92.0 237.0
189.0 104.0
8.0 53.0
180.0 131.0
32.0 151.0
151.0 133.0
20.0 185.0
185.0 7.0
149.0 249.0
183.0 82.0
209.0 240.0
94.0 229.0
102.0 138.0
165.0 233.0
229.0 107.0
34.0 223.0
18.0 95.0
68.0 13.0
130.0 198.0
175.0 4.0
6.0 98.0
108.0 123.0
139.0 205.0
105.0 99.0
119.0 203.0
20.0 151.0
216.0 246.0
153.0 23.0
154.0 130.0
71.0 70.0
1.0 56.0
246.0 192.0
158.0 199.0
178.0 219.0
37.0 64.0
203.0 141.0
16.0 220.0
29.0 172.0
134.0 15.0
80.0 184.0
1.0 239.0
57.0 91.0
2.0 230.0
185.0 128.0
152.0 232.0
160.0 206.0
39.0 156.0
157.0 174.0
114.0 158.0
32.0 44.0
124.0 66.0
206.0 127.0
60.0 209.0
234.0 26.0
72.0 30.0
170.0 39.0
70.0 173.0
128.0 64.0
98.0 54.0
239.0 165.0
90.0 238.0
56.0 30.0
183.0 231.0
232.0 100.0
110.0 159.0
125.0 220.0
204.0 59.0
56.0 227.0
160.0 126.0
236.0 191.0
216.0 26.0
211.0 102.0
25.0 229.0
227.0 98.0
3.0 110.0
224.0 145.0
42.0 141.0
4.0 147.0
20.0 47.0
136.0 15.0
97.0 132.0
37.0 50.0
113.0 7.0
162.0 48.0
213.0 63.0
99.0 102.0
126.0 49.0
158.0 131.0
97.0 208.0
107.0 2.0
37.0 226.0
11.0 127.0
9.0 50.0
220.0 47.0
232.0 223.0
80.0 244.0
105.0 163.0
35.0 76.0
57.0 145.0
68.0 207.0
99.0 63.0
33.0 33.0
7.0 82.0
192.0 121.0
140.0 148.0
135.0 27.0
193.0 82.0
31.0 137.0
20.0 105.0
247.0 17.0
200.0 149.0
176.0 55.0
94.0 158.0
170.0 239.0
217.0 142.0
56.0 240.0
24.0 28.0
250.0 13.0
65.0 212.0
68.0 216.0
242.0 239.0
140.0 35.0
239.0 128.0
130.0 77.0
237.0 139.0
55.0 57.0
103.0 145.0
37.0 73.0
54.0 9.0
137.0 48.0
99.0 15.0
249.0 20.0
129.0 137.0
64.0 240.0
106.0 36.0
221.0 125.0
74.0 239.0
16.0 159.0
70.0 240.0
168.0 142.0
52.0 92.0
140.0 42.0
24.0 129.0
130.0 195.0
109.0 4.0
120.0 239.0
134.0 46.0
208.0 169.0
86.0 7.0
243.0 244.0
138.0 83.0
111.0 36.0
238.0 136.0
75.0 216.0
57.0 144.0
124.0 237.0
194.0 176.0
128.0 136.0
48.0 33.0
125.0 1.0
118.0 247.0
144.0 192.0
35.0 191.0
39.0 224.0
202.0 111.0
109.0 52.0
224.0 225.0
83.0 27.0
122.0 63.0
144.0 127.0
150.0 72.0
192.0 133.0
75.0 38.0
127.0 207.0
115.0 208.0
0.0 173.0
24.0 67.0
178.0 93.0
141.0 0.0
242.0 48.0
22.0 189.0
142.0 103.0
80.0 90.0
210.0 234.0
2.0 210.0
174.0 75.0
232.0 180.0
140.0 140.0
147.0 176.0
77.0 242.0
120.0 100.0
141.0 155.0
209.0 183.0
240.0 101.0
26.0 27.0
61.0 248.0
177.0 161.0
80.0 159.0
181.0 227.0
152.0 14.0
142.0 244.0
84.0 172.0
216.0 209.0
153.0 14.0
246.0 101.0
101.0 9.0
16.0 155.0
190.0 67.0
93.0 120.0
241.0 11.0
96.0 244.0
90.0 86.0
240.0 45.0
21.0 223.0
110.0 21.0
1.0 106.0
145.0 214.0
117.0 123.0
149.0 156.0
193.0 126.0
205.0 3.0
109.0 222.0
167.0 235.0
155.0 124.0
240.0 122.0
92.0 166.0
189.0 207.0
118.0 143.0
72.0 119.0
25.0 199.0
160.0 106.0
138.0 51.0
56.0 223.0
190.0 138.0
65.0 178.0
95.0 123.0
192.0 163.0
149.0 206.0
195.0 37.0
2.0 44.0
201.0 67.0
55.0 122.0
183.0 220.0
238.0 235.0
179.0 83.0
214.0 59.0
185.0 29.0
81.0 99.0
213.0 89.0
247.0 99.0
84.0 15.0
169.0 92.0
74.0 118.0
6.0 58.0
87.0 0.0
14.0 216.0
126.0 127.0
93.0 65.0
92.0 248.0
193.0 77.0
61.0 227.0
124.0 7.0
203.0 164.0
88.0 130.0
98.0 8.0
108.0 222.0
15.0 148.0
54.0 228.0
9.0 76.0
56.0 65.0
42.0 225.0
138.0 110.0
106.0 188.0
221.0 221.0
169.0 81.0
231.0 195.0
63.0 93.0
61.0 141.0
246.0 128.0
10.0 62.0
191.0 219.0
73.0 223.0
206.0 217.0
68.0 244.0
54.0 79.0
119.0 116.0
76.0 133.0
89.0 198.0
32.0 11.0
112.0 22.0
9.0 248.0
202.0 91.0
226.0 138.0
194.0 119.0
213.0 191.0
138.0 19.0
69.0 170.0
22.0 230.0
148.0 182.0
60.0 35.0
14.0 166.0
55.0 117.0
120.0 137.0
199.0 110.0
193.0 144.0
193.0 21.0
148.0 183.0
165.0 159.0
144.0 151.0
164.0 71.0
220.0 195.0
59.0 245.0
6.0 178.0
19.0 196.0
74.0 240.0
11.0 95.0
42.0 39.0
122.0 152.0
127.0 48.0
23.0 55.0
127.0 90.0
249.0 52.0
168.0 136.0
239.0 96.0
57.0 163.0
182.0 17.0
203.0 214.0
7.0 14.0
79.0 98.0
159.0 68.0
63.0 237.0
137.0 178.0
244.0 228.0
73.0 151.0
166.0 243.0
187.0 229.0
224.0 220.0
26.0 151.0
45.0 90.0
198.0 68.0
211.0 116.0
132.0 25.0
19.0 220.0
213.0 49.0
19.0 231.0
175.0 196.0
140.0 83.0
238.0 216.0
28.0 1.0
9.0 54.0
32.0 81.0
239.0 233.0
78.0 185.0
80.0 212.0
2.0 172.0
80.0 123.0
201.0 23.0
172.0 132.0
47.0 246.0
7.0 184.0
57.0 245.0
34.0 0.0
127.0 164.0
52.0 227.0
206.0 32.0
234.0 220.0
90.0 62.0
3.0 239.0
87.0 82.0
129.0 158.0
113.0 70.0
38.0 106.0
82.0 134.0
85.0 2.0
41.0 54.0
168.0 28.0
33.0 83.0
45.0 133.0
247.0 11.0
105.0 236.0
96.0 62.0
98.0 98.0
131.0 246.0
179.0 146.0
55.0 118.0
158.0 100.0
148.0 196.0
185.0 73.0
212.0 99.0
132.0 95.0
231.0 41.0
31.0 129.0
242.0 130.0
205.0 144.0
223.0 208.0
65.0 184.0
125.0 67.0
109.0 136.0
223.0 163.0
196.0 3.0
45.0 24.0
15.0 6.0
184.0 100.0
202.0 203.0
110.0 132.0
151.0 77.0
171.0 162.0
83.0 138.0
38.0 129.0
51.0 145.0
132.0 61.0
90.0 93.0
178.0 168.0
27.0 197.0
62.0 231.0
63.0 168.0
229.0 218.0
16.0 110.0
198.0 134.0
190.0 217.0
52.0 179.0
162.0 235.0
99.0 88.0
65.0 223.0
187.0 90.0
16.0 223.0
2.0 7.0
181.0 232.0
199.0 47.0
217.0 223.0
72.0 166.0
219.0 223.0
239.0 218.0
46.0 78.0
171.0 113.0
14.0 36.0
178.0 75.0
217.0 144.0
28.0 122.0
77.0 234.0
215.0 207.0
27.0 102.0
171.0 36.0
35.0 30.0
48.0 110.0
4.0 148.0
10.0 149.0
135.0 139.0
21.0 62.0
162.0 174.0
195.0 237.0
164.0 198.0
91.0 214.0
248.0 78.0
107.0 113.0
177.0 117.0
11.0 24.0
106.0 62.0
130.0 94.0
146.0 240.0
95.0 155.0
21.0 64.0
66.0 240.0
169.0 190.0
184.0 214.0
191.0 171.0
66.0 247.0
101.0 24.0
205.0 209.0
178.0 174.0
217.0 122.0
233.0 76.0
181.0 94.0
223.0 101.0
133.0 9.0
154.0 102.0
77.0 28.0
61.0 134.0
211.0 39.0
164.0 114.0
104.0 234.0
85.0 19.0
142.0 92.0
109.0 29.0
104.0 61.0
10.0 100.0
72.0 83.0
25.0 240.0
145.0 148.0
150.0 96.0
42.0 145.0
201.0 8.0
199.0 47.0
181.0 5.0
56.0 104.0
48.0 33.0
24.0 190.0
19.0 3.0
190.0 96.0
148.0 85.0
139.0 68.0
189.0 211.0
77.0 216.0
96.0 73.0
243.0 8.0
57.0 220.0
180.0 72.0
28.0 167.0
231.0 158.0
51.0 225.0
197.0 113.0
192.0 110.0
154.0 70.0
249.0 163.0
241.0 116.0
205.0 91.0
28.0 240.0
200.0 224.0
172.0 198.0
105.0 44.0
84.0 246.0
117.0 109.0
187.0 229.0
80.0 18.0
116.0 103.0
56.0 153.0
68.0 28.0
4.0 221.0
27.0 201.0
204.0 205.0
191.0 212.0
145.0 130.0
212.0 216.0
166.0 122.0
186.0 68.0
174.0 37.0
148.0 107.0
109.0 18.0
115.0 85.0
106.0 145.0
69.0 83.0
148.0 127.0
47.0 10.0
37.0 110.0
96.0 159.0
97.0 166.0
152.0 57.0
64.0 138.0
203.0 176.0
205.0 74.0
192.0 149.0
247.0 13.0
137.0 164.0
15.0 244.0
34.0 60.0
11.0 188.0
175.0 172.0
198.0 125.0
50.0 81.0
87.0 62.0
89.0 184.0
20.0 78.0
51.0 102.0
138.0 66.0
188.0 5.0
30.0 97.0
105.0 206.0
185.0 180.0
78.0 241.0
125.0 32.0
132.0 179.0
206.0 11.0
247.0 232.0
97.0 181.0
140.0 43.0
43.0 60.0
107.0 93.0
50.0 132.0
237.0 243.0
228.0 44.0
129.0 208.0
48.0 220.0
33.0 113.0
121.0 153.0
175.0 67.0
140.0 246.0
66.0 245.0
214.0 115.0
171.0 76.0
108.0 50.0
123.0 134.0
243.0 204.0
229.0 199.0
96.0 90.0
78.0 230.0
229.0 46.0
114.0 71.0
215.0 150.0
131.0 19.0
60.0 118.0
158.0 199.0
18.0 29.0
67.0 250.0
15.0 50.0
14.0 132.0
217.0 116.0
153.0 200.0
75.0 121.0
114.0 218.0
6.0 205.0
64.0 86.0
172.0 53.0
212.0 81.0
134.0 182.0
203.0 6.0
233.0 248.0
137.0 182.0
82.0 218.0
36.0 37.0
154.0 82.0
121.0 109.0
233.0 66.0
81.0 105.0
73.0 133.0
97.0 189.0
164.0 126.0
160.0 16.0
76.0 217.0
70.0 83.0
161.0 119.0
48.0 10.0
194.0 116.0
200.0 214.0
115.0 6.0
150.0 216.0
87.0 104.0
217.0 157.0
145.0 45.0
60.0 145.0
26.0 167.0
47.0 133.0
92.0 72.0
154.0 77.0
50.0 28.0
17.0 201.0
2.0 178.0
70.0 229.0
176.0 110.0
20.0 56.0
218.0 113.0
211.0 79.0
38.0 53.0
11.0 37.0
216.0 74.0
142.0 214.0
74.0 173.0
215.0 222.0
56.0 239.0
14.0 87.0
143.0 223.0
167.0 245.0
69.0 164.0
124.0 43.0
191.0 94.0
203.0 205.0
158.0 191.0
250.0 13.0
96.0 72.0
45.0 28.0
92.0 217.0
135.0 217.0
63.0 36.0
87.0 189.0
162.0 214.0
234.0 40.0
197.0 204.0
16.0 133.0
76.0 124.0
117.0 173.0
131.0 76.0
139.0 48.0
218.0 243.0
126.0 161.0
68.0 176.0
47.0 97.0
147.0 237.0
197.0 232.0
143.0 240.0
234.0 245.0
210.0 146.0
189.0 24.0
200.0 202.0
49.0 47.0
147.0 19.0
112.0 98.0
119.0 119.0
107.0 35.0
54.0 38.0
129.0 94.0
82.0 163.0
33.0 61.0
90.0 18.0
197.0 178.0
125.0 32.0
166.0 241.0
47.0 152.0
234.0 130.0
131.0 187.0
87.0 102.0
163.0 135.0
182.0 216.0
114.0 10.0
122.0 85.0
41.0 23.0
82.0 216.0
187.0 31.0
157.0 0.0
62.0 225.0
59.0 227.0
78.0 88.0
180.0 83.0
166.0 236.0
60.0 117.0
71.0 37.0
143.0 10.0
115.0 244.0
4.0 12.0
9.0 165.0
40.0 6.0
127.0 236.0
192.0 184.0
206.0 141.0
62.0 172.0
242.0 219.0
116.0 218.0
180.0 172.0
215.0 147.0
58.0 200.0
39.0 81.0
48.0 201.0
18.0 242.0
206.0 24.0
217.0 221.0
232.0 53.0
159.0 157.0
186.0 222.0
149.0 70.0
85.0 132.0
235.0 177.0
194.0 222.0
214.0 70.0
75.0 58.0
204.0 191.0
64.0 61.0
82.0 112.0
140.0 109.0
158.0 192.0
200.0 219.0
23.0 240.0
102.0 103.0
69.0 113.0
115.0 198.0
234.0 25.0
247.0 81.0
106.0 121.0
223.0 229.0
59.0 200.0
217.0 186.0
170.0 20.0
230.0 213.0
237.0 211.0
77.0 92.0
2.0 95.0
28.0 53.0
35.0 43.0
175.0 122.0
5.0 74.0
192.0 215.0
162.0 193.0
192.0 173.0
149.0 32.0
222.0 173.0
73.0 181.0
230.0 82.0
85.0 150.0
151.0 93.0
41.0 208.0
93.0 42.0
85.0 186.0
137.0 148.0
131.0 96.0
102.0 207.0
198.0 38.0
171.0 73.0
192.0 127.0
100.0 113.0
236.0 18.0
29.0 90.0
241.0 162.0
2.0 20.0
216.0 222.0
80.0 92.0
122.0 170.0
27.0 76.0
141.0 116.0
91.0 184.0
57.0 21.0
224.0 161.0
228.0 208.0
140.0 232.0
223.0 199.0
182.0 35.0
235.0 189.0
23.0 33.0
218.0 29.0
41.0 183.0
229.0 169.0
25.0 220.0
50.0 66.0
174.0 205.0
199.0 117.0
173.0 62.0
25.0 9.0
177.0 154.0
123.0 157.0
115.0 234.0
147.0 20.0
32.0 176.0
116.0 67.0
229.0 233.0
175.0 69.0
75.0 82.0
40.0 123.0
101.0 25.0
191.0 185.0
138.0 240.0
194.0 166.0
237.0 73.0
67.0 233.0
243.0 141.0
212.0 247.0
149.0 107.0
201.0 96.0
225.0 29.0
49.0 247.0
169.0 17.0
156.0 134.0
153.0 219.0
166.0 87.0
135.0 249.0
55.0 47.0
182.0 214.0
57.0 147.0
61.0 60.0
136.0 17.0
203.0 22.0
226.0 36.0
180.0 37.0
69.0 2.0
175.0 17.0
7.0 70.0
213.0 222.0
173.0 58.0
249.0 247.0
79.0 93.0
13.0 247.0
148.0 69.0
81.0 41.0
77.0 17.0
196.0 80.0
208.0 245.0
187.0 59.0
152.0 197.0
131.0 28.0
233.0 37.0
231.0 150.0
117.0 25.0
179.0 105.0
65.0 67.0
111.0 139.0
54.0 120.0
35.0 150.0
77.0 224.0
222.0 180.0
247.0 220.0
66.0 69.0
132.0 25.0
23.0 39.0
79.0 179.0
16.0 67.0
72.0 142.0
32.0 192.0
13.0 176.0
190.0 10.0
94.0 195.0
114.0 101.0
23.0 6.0
15.0 31.0
148.0 213.0
207.0 54.0
115.0 100.0
77.0 9.0
234.0 109.0
96.0 189.0
57.0 126.0
36.0 38.0
220.0 65.0
106.0 75.0
185.0 65.0
19.0 33.0
48.0 198.0
110.0 233.0
175.0 112.0
131.0 66.0
219.0 123.0
205.0 209.0
140.0 65.0
210.0 87.0
167.0 48.0
190.0 87.0
192.0 35.0
187.0 138.0
161.0 24.0
223.0 63.0
84.0 132.0
194.0 183.0
95.0 217.0
33.0 197.0
61.0 239.0
32.0 197.0
51.0 92.0
51.0 229.0
39.0 5.0
128.0 115.0
11.0 115.0
97.0 81.0
1.0 173.0
105.0 37.0
84.0 121.0
247.0 165.0
220.0 128.0
100.0 51.0
131.0 196.0
246.0 127.0
190.0 37.0
183.0 52.0
162.0 226.0
99.0 152.0
141.0 198.0
24.0 187.0
129.0 213.0
217.0 198.0
14.0 240.0
173.0 45.0
232.0 4.0
237.0 51.0
16.0 29.0
79.0 216.0
132.0 39.0
145.0 49.0
135.0 173.0
220.0 103.0
174.0 10.0
75.0 132.0
238.0 232.0
227.0 101.0
14.0 42.0
156.0 62.0
122.0 36.0
120.0 27.0
9.0 37.0
48.0 213.0
158.0 201.0
32.0 169.0
10.0 32.0
12.0 39.0
134.0 244.0
52.0 83.0
169.0 223.0
176.0 106.0
186.0 166.0
49.0 15.0
143.0 12.0
82.0 56.0
182.0 123.0

21.0 21.0
245.0 106.0
248.0 83.0
160.0 226.0
19.0 252.0
160.0 85.0
248.0 116.0
9.0 240.0
136.0 205.0
31.0 250.0
93.0 253.0
230.0 137.0
228.0 181.0
252.0 165.0
9.0 244.0
123.0 152.0
206.0 255.0
163.0 88.0
129.0 33.0
119.0 91.0
169.0 29.0
245.0 85.0
219.0 195.0
61.0 186.0
165.0 169.0
99.0 247.0
115.0 208.0
27.0 148.0
187.0 59.0
56.0 237.0
182.0 126.0
145.0 63.0
22.0 178.0
75.0 210.0
217.0 98.0
225.0 6.0
96.0 118.0
34.0 14.0
153.0 40.0
96.0 242.0
195.0 109.0
13.0 58.0
186.0 135.0
36.0 156.0
157.0 138.0
25.0 190.0
190.0 13.0
153.0 254.0
187.0 87.0
215.0 245.0
100.0 235.0
107.0 142.0
169.0 238.0
234.0 113.0
39.0 227.0
23.0 101.0
74.0 17.0
136.0 203.0
179.0 8.0
11.0 103.0
112.0 128.0
145.0 210.0
110.0 103.0
125.0 208.0
24.0 156.0
220.0 251.0
157.0 28.0
159.0 136.0
75.0 75.0
5.0 62.0
252.0 197.0
163.0 205.0
183.0 224.0
43.0 70.0
209.0 146.0
22.0 225.0
34.0 176.0
139.0 20.0
85.0 190.0
6.0 245.0
61.0 96.0
6.0 235.0
189.0 134.0
156.0 236.0
164.0 212.0
44.0 160.0
163.0 178.0
118.0 164.0
38.0 49.0
130.0 71.0
210.0 133.0
65.0 215.0
239.0 32.0
77.0 35.0
174.0 44.0
76.0 178.0
133.0 69.0
103.0 60.0
244.0 170.0
95.0 243.0
62.0 36.0
188.0 236.0
237.0 104.0
115.0 163.0
129.0 224.0
210.0 64.0
61.0 232.0
164.0 130.0
241.0 196.0
221.0 31.0
216.0 106.0
30.0 234.0
231.0 103.0
8.0 115.0
229.0 151.0
47.0 147.0
8.0 151.0
25.0 53.0
142.0 19.0
103.0 137.0
43.0 55.0
118.0 11.0
167.0 52.0
219.0 69.0
105.0 108.0
130.0 53.0
164.0 136.0
103.0 212.0
112.0 8.0
42.0 230.0
16.0 133.0
13.0 55.0
226.0 51.0
236.0 227.0
84.0 249.0
110.0 167.0
39.0 82.0
63.0 150.0
73.0 213.0
105.0 69.0
38.0 38.0
12.0 86.0
197.0 127.0
145.0 153.0
139.0 32.0
198.0 88.0
37.0 142.0
26.0 111.0
253.0 22.0
205.0 154.0
181.0 61.0
100.0 163.0
176.0 244.0
223.0 147.0
60.0 245.0
29.0 32.0
255.0 17.0
70.0 218.0
74.0 221.0
247.0 243.0
146.0 40.0
243.0 134.0
135.0 81.0
242.0 143.0
60.0 61.0
108.0 150.0
42.0 78.0
59.0 15.0
143.0 52.0
103.0 21.0
254.0 26.0
134.0 142.0
69.0 245.0
111.0 41.0
226.0 130.0
80.0 243.0
20.0 164.0
74.0 246.0
172.0 148.0
58.0 97.0
145.0 47.0
29.0 133.0
136.0 199.0
113.0 10.0
125.0 244.0
139.0 51.0
213.0 174.0
91.0 13.0
248.0 248.0
143.0 87.0
116.0 40.0
242.0 141.0
80.0 220.0
62.0 148.0
128.0 242.0
199.0 181.0
133.0 142.0
52.0 38.0
130.0 7.0
124.0 253.0
150.0 196.0
40.0 196.0
44.0 229.0
207.0 116.0
114.0 58.0
230.0 229.0
88.0 31.0
127.0 67.0
148.0 132.0
155.0 77.0
197.0 137.0
80.0 43.0
132.0 213.0
120.0 214.0
5.0 178.0
28.0 73.0
182.0 98.0
147.0 6.0
246.0 53.0
26.0 194.0
146.0 108.0
86.0 96.0
215.0 239.0
7.0 216.0
178.0 80.0
238.0 185.0
145.0 145.0
153.0 180.0
83.0 247.0
125.0 105.0
145.0 160.0
215.0 189.0
244.0 107.0
30.0 33.0
67.0 253.0
181.0 166.0
86.0 164.0
186.0 232.0
157.0 20.0
147.0 250.0
88.0 177.0
220.0 214.0
157.0 19.0
251.0 106.0
107.0 15.0
21.0 161.0
196.0 72.0
97.0 124.0
246.0 15.0
101.0 249.0
95.0 90.0
245.0 51.0
26.0 228.0
115.0 25.0
7.0 111.0
149.0 218.0
122.0 128.0
153.0 161.0
198.0 131.0
210.0 8.0
114.0 227.0
172.0 239.0
159.0 129.0
244.0 128.0
97.0 171.0
194.0 211.0
122.0 147.0
77.0 124.0
31.0 204.0
166.0 112.0
143.0 56.0
60.0 227.0
196.0 143.0
70.0 183.0
100.0 128.0
197.0 167.0
154.0 211.0
200.0 42.0
8.0 49.0
205.0 72.0
61.0 128.0
188.0 226.0
242.0 240.0
184.0 87.0
219.0 64.0
191.0 35.0
86.0 105.0
218.0 94.0
251.0 104.0
89.0 19.0
174.0 97.0
79.0 124.0
12.0 63.0
92.0 6.0
18.0 220.0
132.0 133.0
99.0 71.0
98.0 253.0
199.0 83.0
65.0 232.0
128.0 11.0
209.0 168.0
92.0 134.0
103.0 14.0
114.0 226.0
20.0 153.0
58.0 232.0
14.0 82.0
60.0 70.0
47.0 229.0
144.0 114.0
112.0 194.0
226.0 227.0
174.0 86.0
237.0 199.0
68.0 99.0
67.0 147.0
250.0 133.0
15.0 67.0
196.0 223.0
79.0 229.0
211.0 222.0
73.0 249.0
58.0 84.0
123.0 120.0
81.0 138.0
95.0 203.0
36.0 16.0
117.0 26.0
15.0 253.0
207.0 95.0
232.0 143.0
199.0 125.0
218.0 195.0
143.0 24.0
75.0 175.0
27.0 236.0
154.0 187.0
66.0 39.0
18.0 170.0
59.0 121.0
125.0 143.0
204.0 114.0
199.0 149.0
197.0 27.0
152.0 189.0
171.0 163.0
150.0 156.0
170.0 76.0
225.0 201.0
64.0 249.0
10.0 184.0
24.0 201.0
79.0 245.0
16.0 99.0
47.0 43.0
126.0 158.0
133.0 52.0
28.0 61.0
133.0 95.0
254.0 57.0
173.0 141.0
244.0 101.0
63.0 169.0
187.0 22.0
208.0 220.0
11.0 20.0
84.0 104.0
165.0 73.0
69.0 243.0
143.0 183.0
249.0 234.0
77.0 155.0
170.0 249.0
192.0 234.0
229.0 226.0
32.0 156.0
50.0 94.0
203.0 74.0
217.0 121.0
137.0 30.0
23.0 225.0
217.0 53.0
23.0 236.0
179.0 201.0
146.0 87.0
243.0 220.0
34.0 7.0
13.0 60.0
38.0 87.0
245.0 237.0
84.0 190.0
85.0 217.0
7.0 177.0
86.0 129.0
206.0 29.0
178.0 137.0
51.0 251.0
13.0 190.0
62.0 250.0
40.0 5.0
133.0 169.0
57.0 232.0
211.0 37.0
240.0 225.0
94.0 67.0
7.0 244.0
92.0 87.0
134.0 164.0
118.0 76.0
42.0 110.0
86.0 140.0
90.0 8.0
46.0 58.0
173.0 34.0
38.0 87.0
49.0 139.0
252.0 17.0
110.0 242.0
101.0 66.0
104.0 104.0
137.0 251.0
184.0 150.0
60.0 123.0
162.0 105.0
152.0 200.0
191.0 78.0
217.0 104.0
136.0 101.0
237.0 46.0
35.0 134.0
247.0 134.0
211.0 148.0
229.0 213.0
71.0 190.0
130.0 72.0
114.0 141.0
228.0 167.0
201.0 8.0
51.0 30.0
19.0 10.0
189.0 105.0
208.0 207.0
114.0 137.0
156.0 82.0
177.0 167.0
88.0 142.0
43.0 134.0
56.0 149.0
138.0 65.0
95.0 99.0
183.0 174.0
33.0 203.0
66.0 235.0
69.0 173.0
235.0 223.0
22.0 116.0
204.0 139.0
195.0 222.0
57.0 184.0
168.0 241.0
104.0 93.0
69.0 227.0
191.0 96.0
20.0 229.0
7.0 12.0
185.0 238.0
205.0 51.0
222.0 227.0
76.0 171.0
225.0 227.0
244.0 222.0
50.0 82.0
175.0 119.0
19.0 42.0
184.0 80.0
223.0 148.0
32.0 128.0
82.0 238.0
219.0 212.0
31.0 106.0
176.0 41.0
40.0 35.0
54.0 116.0
9.0 152.0
16.0 154.0
141.0 144.0
26.0 67.0
167.0 179.0
199.0 243.0
169.0 203.0
96.0 218.0
252.0 83.0
113.0 119.0
183.0 122.0
15.0 29.0
112.0 67.0
135.0 99.0
151.0 245.0
100.0 161.0
26.0 69.0
70.0 245.0
174.0 194.0
188.0 220.0
196.0 175.0
71.0 252.0
107.0 28.0
211.0 215.0
183.0 180.0
222.0 127.0
237.0 82.0
187.0 98.0
228.0 106.0
138.0 13.0
160.0 106.0
81.0 34.0
66.0 139.0
217.0 45.0
170.0 120.0
108.0 238.0
90.0 24.0
147.0 96.0
113.0 35.0
109.0 66.0
15.0 104.0
76.0 89.0
30.0 246.0
151.0 153.0
154.0 101.0
47.0 150.0
206.0 12.0
203.0 52.0
185.0 11.0
62.0 108.0
52.0 37.0
29.0 195.0
25.0 7.0
195.0 101.0
153.0 91.0
144.0 73.0
195.0 217.0
82.0 221.0
101.0 77.0
249.0 13.0
62.0 224.0
185.0 76.0
34.0 172.0
237.0 163.0
56.0 230.0
203.0 118.0
196.0 114.0
160.0 74.0
254.0 167.0
245.0 120.0
210.0 96.0
34.0 244.0
204.0 229.0
177.0 203.0
110.0 50.0
89.0 250.0
122.0 113.0
191.0 233.0
85.0 23.0
122.0 109.0
62.0 157.0
72.0 33.0
9.0 226.0
33.0 207.0
209.0 210.0
197.0 217.0
150.0 136.0
217.0 220.0
170.0 127.0
191.0 74.0
179.0 42.0
152.0 112.0
113.0 23.0
120.0 90.0
112.0 151.0
74.0 89.0
152.0 131.0
52.0 16.0
42.0 115.0
101.0 164.0
102.0 171.0
157.0 61.0
68.0 143.0
208.0 181.0
210.0 80.0
198.0 153.0
252.0 18.0
141.0 169.0
21.0 249.0
39.0 66.0
16.0 194.0
181.0 177.0
203.0 130.0
54.0 87.0
93.0 66.0
95.0 190.0
24.0 83.0
55.0 107.0
142.0 72.0
193.0 9.0
35.0 102.0
110.0 212.0
190.0 184.0
82.0 247.0
130.0 38.0
137.0 185.0
211.0 16.0
252.0 237.0
103.0 186.0
144.0 48.0
48.0 66.0
112.0 97.0
54.0 136.0
241.0 248.0
232.0 49.0
133.0 213.0
53.0 224.0
37.0 119.0
126.0 158.0
180.0 72.0
144.0 251.0
71.0 249.0
220.0 120.0
177.0 81.0
113.0 55.0
128.0 140.0
249.0 208.0
234.0 203.0
102.0 96.0
84.0 235.0
233.0 51.0
120.0 76.0
220.0 155.0
136.0 25.0
66.0 124.0
164.0 203.0
22.0 34.0
71.0 254.0
20.0 56.0
20.0 136.0
221.0 120.0
157.0 205.0
81.0 127.0
118.0 222.0
10.0 211.0
68.0 91.0
178.0 59.0
217.0 85.0
138.0 188.0
208.0 10.0
237.0 253.0
143.0 186.0
87.0 223.0
41.0 43.0
159.0 86.0
126.0 114.0
238.0 71.0
87.0 110.0
79.0 138.0
102.0 193.0
168.0 132.0
164.0 21.0
82.0 221.0
74.0 89.0
167.0 124.0
53.0 14.0
199.0 121.0
205.0 218.0
119.0 10.0
156.0 222.0
91.0 109.0
223.0 163.0
150.0 51.0
66.0 151.0
31.0 173.0
52.0 139.0
98.0 78.0
159.0 81.0
54.0 33.0
22.0 205.0
7.0 182.0
76.0 235.0
182.0 114.0
26.0 62.0
222.0 117.0
216.0 83.0
42.0 58.0
16.0 43.0
221.0 78.0
148.0 219.0
79.0 179.0
219.0 228.0
60.0 245.0
19.0 93.0
148.0 228.0
172.0 249.0
75.0 169.0
129.0 49.0
195.0 99.0
207.0 210.0
163.0 196.0
255.0 17.0
102.0 77.0
50.0 33.0
96.0 222.0
139.0 223.0
69.0 41.0
92.0 195.0
166.0 219.0
238.0 45.0
201.0 210.0
20.0 139.0
80.0 129.0
122.0 179.0
137.0 82.0
143.0 53.0
222.0 248.0
131.0 166.0
73.0 181.0
52.0 102.0
151.0 242.0
202.0 236.0
149.0 246.0
240.0 250.0
215.0 151.0
194.0 30.0
205.0 208.0
53.0 53.0
151.0 24.0
118.0 102.0
124.0 123.0
112.0 39.0
59.0 43.0
134.0 99.0
87.0 168.0
38.0 66.0
95.0 23.0
202.0 183.0
130.0 37.0
170.0 246.0
52.0 157.0
240.0 136.0
137.0 192.0
91.0 108.0
168.0 140.0
187.0 221.0
120.0 14.0
128.0 91.0
46.0 28.0
87.0 221.0
193.0 36.0
161.0 4.0
68.0 230.0
64.0 232.0
83.0 94.0
186.0 88.0
172.0 241.0
65.0 123.0
75.0 42.0
149.0 16.0
121.0 248.0
8.0 18.0
13.0 170.0
45.0 11.0
132.0 241.0
197.0 188.0
210.0 146.0
68.0 177.0
247.0 224.0
122.0 223.0
184.0 177.0
220.0 152.0
63.0 205.0
43.0 85.0
52.0 206.0
23.0 247.0
210.0 30.0
223.0 226.0
236.0 59.0
165.0 162.0
192.0 227.0
154.0 74.0
90.0 136.0
240.0 182.0
199.0 227.0
220.0 75.0
80.0 62.0
210.0 196.0
69.0 65.0
87.0 117.0
146.0 114.0
163.0 197.0
204.0 225.0
27.0 246.0
108.0 107.0
75.0 119.0
120.0 203.0
240.0 31.0
251.0 87.0
111.0 126.0
227.0 233.0
64.0 206.0
221.0 192.0
175.0 24.0
234.0 217.0
241.0 216.0
82.0 97.0
6.0 101.0
34.0 57.0
40.0 48.0
180.0 127.0
10.0 79.0
196.0 220.0
167.0 199.0
197.0 179.0
154.0 37.0
228.0 177.0
79.0 185.0
235.0 86.0
91.0 155.0
157.0 99.0
46.0 214.0
99.0 47.0
90.0 190.0
142.0 154.0
136.0 100.0
108.0 213.0
203.0 44.0
177.0 78.0
197.0 132.0
104.0 117.0
242.0 23.0
35.0 94.0
246.0 167.0
6.0 24.0
220.0 227.0
84.0 97.0
128.0 175.0
31.0 81.0
147.0 121.0
97.0 188.0
62.0 26.0
228.0 166.0
233.0 214.0
144.0 237.0
228.0 204.0
188.0 40.0
240.0 195.0
29.0 39.0
222.0 35.0
47.0 187.0
234.0 174.0
30.0 224.0
54.0 71.0
178.0 210.0
203.0 122.0
177.0 67.0
30.0 14.0
182.0 159.0
129.0 163.0
120.0 239.0
153.0 25.0
37.0 181.0
121.0 73.0
235.0 239.0
179.0 74.0
80.0 87.0
45.0 128.0
106.0 31.0
196.0 191.0
144.0 245.0
199.0 171.0
243.0 78.0
72.0 239.0
248.0 147.0
216.0 253.0
154.0 112.0
205.0 101.0
230.0 35.0
54.0 252.0
173.0 23.0
161.0 138.0
158.0 225.0
170.0 92.0
140.0 254.0
59.0 51.0
187.0 220.0
61.0 152.0
65.0 65.0
142.0 23.0
208.0 26.0
230.0 40.0
185.0 42.0
74.0 8.0
180.0 23.0
13.0 74.0
218.0 227.0
178.0 62.0
254.0 251.0
84.0 97.0
19.0 251.0
153.0 73.0
86.0 47.0
82.0 23.0
202.0 85.0
212.0 250.0
192.0 64.0
157.0 202.0
136.0 33.0
237.0 42.0
236.0 155.0
122.0 29.0
183.0 109.0
69.0 72.0
116.0 143.0
58.0 125.0
39.0 154.0
81.0 229.0
227.0 186.0
253.0 226.0
70.0 74.0
137.0 30.0
29.0 44.0
85.0 185.0
20.0 72.0
77.0 147.0
38.0 196.0
18.0 181.0
195.0 15.0
99.0 199.0
119.0 105.0
28.0 11.0
21.0 37.0
152.0 218.0
213.0 58.0
119.0 105.0
83.0 15.0
238.0 113.0
102.0 193.0
63.0 132.0
42.0 43.0
224.0 69.0
111.0 81.0
190.0 70.0
25.0 38.0
53.0 202.0
116.0 238.0
181.0 117.0
135.0 70.0
224.0 127.0
211.0 214.0
145.0 70.0
216.0 92.0
172.0 53.0
195.0 92.0
198.0 40.0
192.0 144.0
167.0 28.0
229.0 68.0
89.0 137.0
200.0 189.0
99.0 222.0
38.0 202.0
67.0 245.0
37.0 202.0
57.0 97.0
56.0 235.0
44.0 10.0
132.0 120.0
15.0 120.0
103.0 87.0
7.0 178.0
110.0 42.0
89.0 127.0
251.0 170.0
226.0 133.0
105.0 56.0
137.0 200.0
250.0 131.0
195.0 43.0
187.0 56.0
167.0 231.0
105.0 156.0
146.0 202.0
28.0 191.0
135.0 219.0
222.0 204.0
20.0 244.0
177.0 50.0
237.0 10.0
243.0 56.0
21.0 34.0
84.0 220.0
138.0 45.0
150.0 54.0
139.0 178.0
225.0 107.0
179.0 15.0
81.0 137.0
243.0 237.0
232.0 105.0
18.0 47.0
162.0 68.0
126.0 41.0
126.0 31.0
14.0 41.0
54.0 218.0
163.0 206.0
37.0 175.0
16.0 37.0
16.0 43.0
140.0 250.0
56.0 88.0
174.0 229.0
180.0 112.0
191.0 171.0
54.0 19.0
148.0 16.0
86.0 62.0
186.0 128.0
