1
1024 1 3.0 0.0 1000.0 3 160 240 100

6.5 13.5 29.3 58.5
13.0 27.0 58.5 117.0
19.5 40.5 87.8 175.5
26.0 54.0 117.0 234.0
39.0 81.0 175.5 351.0
52.0 108.0 234.0 468.0
58.5 121.5 263.3 526.5
65.0 135.0 292.5 585.0
78.0 162.0 351.0 702.0
0.0 180.0 390.0 780.0

2.0 5.0 8.0 11.0
5.0 8.0 11.0 14.0
9.0 12.0 15.0 18.0
11.0 14.0 17.0 20.0
15.0 18.0 21.0 24.0
18.0 21.0 24.0 27.0
20.0 23.0 26.0 29.0
25.0 28.0 31.0 34.0
29.0 32.0 35.0 38.0
0.0 34.0 37.0 40.0

223.0 145.0
11.0 111.0
89.0 15.0
34.0 106.0
91.0 32.0
89.0 157.0
110.0 1.0
245.0 68.0
147.0 140.0
32.0 194.0
128.0 238.0
190.0 13.0
20.0 237.0
240.0 37.0
102.0 21.0
120.0 4.0
50.0 13.0
208.0 109.0
44.0 242.0
82.0 88.0
178.0 100.0
231.0 34.0
16.0 84.0
181.0 141.0
196.0 101.0
127.0 130.0
46.0 31.0
171.0 171.0
243.0 232.0
108.0 187.0
103.0 59.0
10.0 221.0
160.0 219.0
165.0 142.0
245.0 137.0
240.0 229.0
90.0 59.0
108.0 38.0
68.0 161.0
84.0 231.0
186.0 37.0
123.0 127.0
86.0 201.0
118.0 35.0
59.0 104.0
215.0 13.0
160.0 177.0
155.0 228.0
99.0 14.0
190.0 189.0
101.0 103.0
212.0 155.0
23.0 74.0
14.0 110.0
78.0 8.0
186.0 237.0
44.0 146.0
208.0 161.0
205.0 170.0
108.0 3.0
28.0 18.0
125.0 159.0
177.0 32.0
111.0 213.0
17.0 24.0
6.0 11.0
78.0 184.0
226.0 202.0
239.0 39.0
182.0 138.0
2.0 19.0
143.0 56.0
230.0 210.0
39.0 69.0
89.0 210.0
44.0 14.0
202.0 74.0
140.0 51.0
123.0 113.0
157.0 199.0
20.0 165.0
102.0 64.0
47.0 234.0
132.0 78.0
169.0 238.0
134.0 123.0
39.0 128.0
131.0 0.0
85.0 3.0
89.0 220.0
7.0 111.0
249.0 212.0
229.0 221.0
157.0 56.0
140.0 152.0
146.0 204.0
21.0 50.0
85.0 169.0
137.0 80.0
4.0 29.0
13.0 12.0
42.0 94.0
235.0 219.0
204.0 209.0
182.0 211.0
0.0 174.0
159.0 89.0
74.0 111.0
201.0 169.0
17.0 153.0
139.0 38.0
106.0 155.0
91.0 161.0
33.0 167.0
86.0 184.0
244.0 2.0
96.0 169.0
67.0 18.0
80.0 41.0
141.0 66.0
178.0 90.0
185.0 97.0
33.0 206.0
246.0 7.0
9.0 55.0
107.0 92.0
155.0 234.0
93.0 57.0
64.0 10.0
94.0 91.0
90.0 59.0
179.0 60.0
211.0 155.0
221.0 219.0
114.0 121.0
51.0 110.0
169.0 134.0
178.0 177.0
1.0 31.0
221.0 146.0
192.0 107.0
212.0 59.0
196.0 185.0
42.0 150.0
131.0 53.0
90.0 73.0
161.0 184.0
168.0 46.0
231.0 208.0
213.0 38.0
28.0 181.0
220.0 200.0
35.0 240.0
239.0 35.0
173.0 53.0
34.0 134.0
39.0 57.0
114.0 93.0
95.0 242.0
119.0 79.0
203.0 103.0
117.0 16.0
221.0 163.0
201.0 245.0
202.0 31.0
50.0 250.0
13.0 49.0
218.0 180.0
49.0 116.0
200.0 143.0
250.0 99.0
153.0 101.0
194.0 55.0
199.0 246.0
116.0 65.0
71.0 53.0
249.0 246.0
147.0 2.0
210.0 147.0
249.0 50.0
199.0 202.0
144.0 226.0
112.0 74.0
247.0 44.0
221.0 204.0
74.0 235.0
121.0 243.0
79.0 119.0
1.0 86.0
52.0 249.0
47.0 44.0
80.0 14.0
161.0 4.0
130.0 206.0
184.0 240.0
117.0 126.0
176.0 89.0
157.0 100.0
77.0 41.0
242.0 98.0
156.0 86.0
148.0 221.0
221.0 226.0
197.0 113.0
111.0 130.0
63.0 177.0
61.0 212.0
113.0 47.0
94.0 250.0
95.0 65.0
166.0 170.0
46.0 76.0
70.0 13.0
107.0 178.0
211.0 83.0
226.0 122.0
151.0 152.0
92.0 103.0
127.0 115.0
131.0 25.0
83.0 77.0
29.0 111.0
59.0 159.0
22.0 48.0
77.0 119.0
0.0 188.0
1.0 197.0
66.0 98.0
147.0 163.0
217.0 107.0
229.0 98.0
160.0 40.0
52.0 14.0
57.0 138.0
162.0 218.0
89.0 231.0
232.0 144.0
2.0 54.0
28.0 192.0
149.0 134.0
106.0 178.0
89.0 21.0
203.0 33.0
93.0 157.0
110.0 12.0
20.0 36.0
102.0 161.0
41.0 81.0
97.0 170.0
26.0 3.0
247.0 1.0
222.0 201.0
235.0 36.0
142.0 93.0
141.0 7.0
177.0 59.0
3.0 83.0
237.0 11.0
62.0 250.0
35.0 147.0
197.0 225.0
206.0 33.0
164.0 188.0
9.0 191.0
27.0 164.0
168.0 206.0
0.0 248.0
221.0 165.0
229.0 110.0
70.0 66.0
104.0 95.0
227.0 130.0
14.0 249.0
55.0 20.0
240.0 198.0
140.0 51.0
33.0 81.0
226.0 246.0
211.0 100.0
198.0 201.0
181.0 9.0
187.0 4.0
93.0 230.0
168.0 27.0
164.0 43.0
220.0 223.0
15.0 160.0
217.0 115.0
160.0 11.0
241.0 240.0
126.0 169.0
103.0 110.0
232.0 132.0
145.0 67.0
104.0 239.0
81.0 236.0
100.0 91.0
175.0 65.0
95.0 112.0
142.0 31.0
157.0 241.0
187.0 142.0
210.0 35.0
207.0 165.0
89.0 38.0
183.0 106.0
188.0 61.0
160.0 234.0
248.0 115.0
241.0 50.0
117.0 30.0
81.0 136.0
129.0 91.0
215.0 132.0
83.0 125.0
65.0 170.0
88.0 4.0
82.0 140.0
117.0 92.0
4.0 223.0
180.0 249.0
57.0 211.0
71.0 37.0
197.0 168.0
229.0 125.0
106.0 71.0
43.0 147.0
165.0 113.0
16.0 143.0
227.0 188.0
236.0 225.0
58.0 107.0
207.0 194.0
130.0 194.0
106.0 158.0
13.0 188.0
141.0 223.0
181.0 218.0
202.0 199.0
95.0 156.0
113.0 18.0
2.0 244.0
45.0 173.0
201.0 171.0
18.0 3.0
79.0 119.0
191.0 6.0
42.0 81.0
232.0 146.0
27.0 96.0
93.0 179.0
87.0 83.0
113.0 120.0
118.0 27.0
141.0 241.0
86.0 102.0
236.0 84.0
207.0 83.0
4.0 20.0
54.0 15.0
248.0 209.0
178.0 128.0
143.0 121.0
86.0 78.0
202.0 79.0
37.0 125.0
139.0 132.0
132.0 212.0
20.0 88.0
24.0 188.0
182.0 123.0
105.0 239.0
180.0 205.0
121.0 171.0
123.0 87.0
194.0 218.0
30.0 250.0
79.0 153.0
197.0 188.0
12.0 243.0
81.0 19.0
94.0 205.0
53.0 196.0
205.0 83.0
173.0 180.0
2.0 62.0
202.0 228.0
137.0 38.0
125.0 24.0
114.0 67.0
29.0 180.0
41.0 136.0
247.0 223.0
84.0 22.0
218.0 208.0
246.0 42.0
102.0 202.0
157.0 75.0
242.0 155.0
116.0 65.0
118.0 19.0
203.0 241.0
19.0 29.0
73.0 127.0
199.0 103.0
132.0 225.0
125.0 171.0
73.0 68.0
198.0 3.0
93.0 129.0
186.0 230.0
169.0 177.0
129.0 248.0
57.0 195.0
66.0 72.0
34.0 55.0
241.0 212.0
177.0 207.0
235.0 2.0
60.0 199.0
85.0 95.0
44.0 159.0
189.0 164.0
171.0 174.0
193.0 157.0
208.0 86.0
44.0 12.0
218.0 2.0
249.0 68.0
101.0 170.0
187.0 198.0
81.0 142.0
116.0 11.0
226.0 248.0
98.0 41.0
101.0 184.0
116.0 150.0
244.0 102.0
228.0 162.0
226.0 139.0
160.0 103.0
80.0 147.0
50.0 187.0
240.0 186.0
129.0 32.0
173.0 155.0
168.0 138.0
190.0 19.0
111.0 230.0
4.0 122.0
92.0 124.0
159.0 156.0
130.0 84.0
8.0 174.0
78.0 224.0
239.0 82.0
242.0 29.0
15.0 117.0
133.0 178.0
90.0 125.0
117.0 131.0
88.0 25.0
81.0 12.0
204.0 152.0
235.0 160.0
119.0 221.0
48.0 221.0
9.0 249.0
72.0 43.0
87.0 44.0
6.0 136.0
170.0 228.0
154.0 55.0
76.0 16.0
237.0 111.0
235.0 108.0
93.0 141.0
188.0 37.0
103.0 125.0
228.0 188.0
244.0 229.0
235.0 236.0
241.0 214.0
86.0 74.0
95.0 164.0
67.0 99.0
64.0 73.0
43.0 64.0
29.0 148.0
178.0 245.0
180.0 226.0
104.0 233.0
69.0 41.0
199.0 243.0
120.0 123.0
229.0 122.0
237.0 169.0
173.0 69.0
243.0 59.0
90.0 130.0
159.0 242.0
215.0 98.0
186.0 10.0
45.0 9.0
23.0 34.0
197.0 249.0
250.0 46.0
194.0 67.0
43.0 172.0
81.0 156.0
79.0 166.0
141.0 212.0
15.0 180.0
14.0 248.0
21.0 200.0
85.0 219.0
136.0 143.0
82.0 97.0
42.0 141.0
130.0 77.0
166.0 114.0
70.0 180.0
60.0 40.0
165.0 62.0
98.0 151.0
126.0 163.0
87.0 84.0
212.0 143.0
175.0 94.0
198.0 92.0
46.0 232.0
104.0 109.0
160.0 218.0
105.0 106.0
141.0 39.0
118.0 37.0
212.0 129.0
141.0 64.0
147.0 35.0
194.0 219.0
7.0 41.0
67.0 190.0
15.0 47.0
111.0 186.0
216.0 38.0
128.0 124.0
137.0 68.0
248.0 201.0
230.0 216.0
209.0 7.0
179.0 71.0
50.0 83.0
243.0 72.0
20.0 214.0
78.0 131.0
79.0 3.0
82.0 9.0
172.0 113.0
100.0 224.0
23.0 121.0
140.0 98.0
19.0 235.0
68.0 98.0
35.0 190.0
58.0 202.0
157.0 214.0
145.0 65.0
34.0 243.0
19.0 100.0
181.0 140.0
46.0 115.0
90.0 5.0
26.0 242.0
98.0 177.0
44.0 203.0
8.0 143.0
53.0 235.0
3.0 99.0
164.0 110.0
8.0 229.0
176.0 214.0
153.0 92.0
168.0 220.0
104.0 45.0
79.0 206.0
63.0 219.0
223.0 125.0
65.0 109.0
34.0 112.0
247.0 157.0
118.0 150.0
96.0 30.0
15.0 197.0
228.0 86.0
160.0 198.0
82.0 96.0
33.0 186.0
193.0 117.0
123.0 23.0
63.0 185.0
93.0 122.0
173.0 107.0
115.0 66.0
21.0 152.0
147.0 90.0
111.0 21.0
10.0 224.0
142.0 57.0
147.0 184.0
210.0 178.0
45.0 178.0
147.0 107.0
96.0 104.0
168.0 40.0
227.0 160.0
93.0 182.0
218.0 244.0
186.0 151.0
161.0 21.0
247.0 92.0
101.0 157.0
127.0 97.0
183.0 243.0
178.0 159.0
224.0 12.0
186.0 129.0
169.0 5.0
168.0 26.0
208.0 174.0
212.0 57.0
148.0 184.0
100.0 51.0
189.0 38.0
50.0 56.0
83.0 167.0
161.0 169.0
178.0 223.0
28.0 236.0
219.0 98.0
11.0 94.0
35.0 26.0
211.0 134.0
92.0 182.0
40.0 236.0
182.0 237.0
56.0 215.0
98.0 176.0
71.0 213.0
184.0 207.0
82.0 45.0
241.0 188.0
157.0 73.0
62.0 38.0
195.0 224.0
177.0 164.0
80.0 110.0
229.0 18.0
17.0 239.0
184.0 177.0
184.0 148.0
157.0 180.0
130.0 81.0
193.0 160.0
169.0 158.0
163.0 106.0
76.0 29.0
233.0 191.0
212.0 102.0
185.0 105.0
7.0 200.0
190.0 217.0
52.0 108.0
169.0 135.0
108.0 8.0
233.0 88.0
156.0 116.0
197.0 103.0
165.0 155.0
47.0 17.0
92.0 112.0
228.0 156.0
148.0 17.0
244.0 116.0
233.0 83.0
83.0 97.0
195.0 66.0
68.0 98.0
177.0 55.0
34.0 47.0
116.0 186.0
38.0 53.0
242.0 103.0
146.0 230.0
42.0 34.0
131.0 151.0
168.0 199.0
223.0 6.0
93.0 31.0
153.0 155.0
161.0 30.0
243.0 21.0
191.0 153.0
152.0 125.0
140.0 147.0
167.0 111.0
148.0 113.0
17.0 170.0
61.0 92.0
227.0 77.0
145.0 74.0
117.0 148.0
211.0 106.0
81.0 197.0
234.0 17.0
129.0 163.0
73.0 62.0
211.0 127.0
232.0 136.0
162.0 8.0
159.0 227.0
182.0 34.0
142.0 135.0
56.0 156.0
172.0 3.0
142.0 110.0
213.0 58.0
234.0 196.0
121.0 247.0
181.0 80.0
23.0 16.0
237.0 73.0
29.0 66.0
186.0 80.0
209.0 197.0
50.0 14.0
90.0 197.0
62.0 37.0
216.0 26.0
110.0 12.0
166.0 106.0
178.0 168.0
190.0 109.0
122.0 245.0
235.0 176.0
197.0 226.0
145.0 73.0
38.0 60.0
180.0 110.0
129.0 117.0
22.0 188.0
101.0 132.0
27.0 180.0
9.0 19.0
22.0 143.0
58.0 190.0
26.0 184.0
55.0 118.0
80.0 101.0
176.0 174.0
180.0 2.0
201.0 91.0
117.0 151.0
188.0 205.0
115.0 108.0
109.0 215.0
177.0 47.0
37.0 233.0
154.0 186.0
50.0 223.0
93.0 97.0
49.0 4.0
224.0 199.0
29.0 24.0
45.0 75.0
154.0 202.0
223.0 53.0
12.0 181.0
142.0 46.0
44.0 157.0
216.0 235.0
155.0 5.0
141.0 212.0
115.0 237.0
97.0 28.0
137.0 147.0
199.0 162.0
107.0 44.0
75.0 202.0
244.0 61.0
7.0 156.0
27.0 53.0
122.0 42.0
51.0 217.0
207.0 54.0
11.0 53.0
5.0 89.0
112.0 184.0
194.0 32.0
231.0 28.0
25.0 233.0
247.0 210.0
198.0 192.0
235.0 94.0
87.0 5.0
80.0 177.0
2.0 210.0
79.0 123.0
232.0 225.0
189.0 45.0
188.0 129.0
149.0 175.0
1.0 107.0
238.0 179.0
27.0 185.0
21.0 115.0
0.0 206.0
233.0 167.0
134.0 36.0
10.0 40.0
62.0 86.0
12.0 9.0
28.0 17.0
10.0 140.0
102.0 74.0
101.0 54.0
201.0 53.0
19.0 119.0
66.0 226.0
57.0 65.0
97.0 91.0
212.0 49.0
82.0 146.0
179.0 20.0
94.0 198.0
190.0 39.0
199.0 10.0
203.0 45.0
150.0 178.0
36.0 80.0
75.0 181.0
117.0 90.0
203.0 95.0
38.0 205.0
10.0 52.0
213.0 224.0
226.0 73.0
223.0 85.0
178.0 210.0
249.0 184.0
55.0 5.0
65.0 181.0
196.0 87.0
111.0 42.0
100.0 31.0
244.0 80.0
147.0 183.0
73.0 116.0
90.0 180.0
79.0 146.0
195.0 19.0
66.0 12.0
206.0 27.0
19.0 97.0
145.0 176.0
41.0 152.0
237.0 19.0
56.0 153.0
100.0 42.0
89.0 184.0
128.0 68.0
190.0 106.0
62.0 164.0
164.0 132.0
57.0 48.0
75.0 208.0
129.0 58.0
48.0 173.0
147.0 79.0
212.0 243.0
140.0 105.0
183.0 157.0
205.0 202.0
67.0 154.0
159.0 175.0
238.0 1.0
105.0 93.0
2.0 109.0
165.0 82.0
44.0 84.0
192.0 174.0
117.0 125.0
75.0 5.0
16.0 2.0
80.0 5.0
158.0 125.0
222.0 12.0
192.0 87.0
221.0 79.0
90.0 58.0
175.0 29.0
5.0 33.0
123.0 142.0
231.0 199.0
6.0 170.0
177.0 29.0
80.0 175.0
58.0 15.0
148.0 22.0
98.0 9.0
58.0 142.0
66.0 210.0
205.0 21.0
69.0 149.0
95.0 153.0
52.0 78.0
103.0 47.0
37.0 240.0
97.0 146.0
203.0 51.0
188.0 112.0
191.0 54.0
155.0 231.0
113.0 42.0
169.0 4.0
48.0 85.0
10.0 53.0
94.0 237.0
9.0 35.0
156.0 34.0
36.0 69.0
169.0 183.0
154.0 245.0
35.0 169.0
118.0 91.0
122.0 73.0
222.0 198.0
228.0 182.0
52.0 243.0
213.0 80.0
16.0 250.0
97.0 163.0
89.0 191.0
201.0 135.0
9.0 151.0
233.0 79.0
4.0 29.0
49.0 7.0
148.0 118.0
100.0 120.0
53.0 187.0
169.0 68.0
124.0 242.0
45.0 42.0
206.0 2.0
103.0 128.0
225.0 120.0
57.0 135.0
26.0 63.0
4.0 188.0
141.0 69.0
123.0 184.0
61.0 202.0
39.0 16.0
113.0 61.0
88.0 56.0
146.0 28.0
103.0 153.0
24.0 249.0
119.0 32.0
208.0 101.0
197.0 224.0
91.0 207.0
168.0 14.0
229.0 142.0
120.0 195.0
1.0 8.0
42.0 221.0
226.0 143.0
82.0 175.0
136.0 26.0
212.0 17.0
123.0 9.0
117.0 164.0
8.0 71.0
242.0 231.0
152.0 96.0
178.0 109.0
21.0 242.0
202.0 100.0
140.0 35.0
28.0 137.0
194.0 124.0
199.0 205.0
69.0 206.0
64.0 104.0
220.0 194.0
142.0 40.0
39.0 241.0
186.0 80.0
229.0 80.0
129.0 65.0
240.0 178.0
100.0 141.0
135.0 18.0
65.0 140.0
79.0 146.0
163.0 90.0
191.0 168.0
151.0 202.0
71.0 205.0
168.0 0.0
128.0 132.0
107.0 66.0
131.0 210.0
169.0 180.0
1.0 74.0
16.0 220.0
130.0 77.0
237.0 208.0
118.0 44.0
147.0 249.0
102.0 87.0
20.0 141.0
178.0 154.0

228.0 149.0
17.0 116.0
93.0 20.0
39.0 111.0
96.0 37.0
94.0 163.0
115.0 5.0
250.0 72.0
153.0 146.0
37.0 199.0
133.0 244.0
195.0 19.0
26.0 242.0
245.0 42.0
107.0 25.0
125.0 10.0
55.0 18.0
212.0 115.0
50.0 248.0
86.0 94.0
183.0 105.0
235.0 38.0
21.0 89.0
186.0 147.0
201.0 106.0
131.0 136.0
51.0 36.0
176.0 176.0
248.0 236.0
113.0 191.0
109.0 64.0
14.0 226.0
164.0 224.0
170.0 147.0
249.0 141.0
245.0 234.0
94.0 64.0
114.0 43.0
73.0 166.0
89.0 236.0
192.0 43.0
128.0 131.0
91.0 206.0
123.0 39.0
63.0 109.0
221.0 18.0
165.0 181.0
160.0 233.0
105.0 20.0
194.0 193.0
105.0 108.0
218.0 160.0
29.0 80.0
19.0 115.0
84.0 13.0
191.0 242.0
50.0 151.0
213.0 167.0
210.0 175.0
113.0 8.0
32.0 23.0
129.0 164.0
182.0 36.0
116.0 218.0
23.0 29.0
10.0 15.0
83.0 188.0
231.0 206.0
243.0 43.0
187.0 142.0
8.0 25.0
148.0 61.0
235.0 215.0
44.0 73.0
95.0 216.0
48.0 19.0
208.0 79.0
145.0 55.0
129.0 118.0
162.0 204.0
25.0 169.0
108.0 69.0
52.0 239.0
137.0 82.0
174.0 243.0
138.0 129.0
43.0 133.0
136.0 6.0
90.0 9.0
94.0 226.0
11.0 116.0
255.0 218.0
234.0 225.0
163.0 60.0
145.0 156.0
152.0 209.0
27.0 54.0
90.0 174.0
142.0 84.0
9.0 35.0
17.0 17.0
46.0 99.0
240.0 224.0
210.0 214.0
186.0 216.0
5.0 179.0
164.0 95.0
80.0 115.0
206.0 175.0
22.0 159.0
144.0 42.0
110.0 159.0
96.0 166.0
38.0 172.0
90.0 190.0
249.0 7.0
102.0 173.0
72.0 22.0
86.0 47.0
147.0 70.0
183.0 94.0
189.0 103.0
39.0 211.0
251.0 11.0
14.0 60.0
113.0 96.0
160.0 238.0
98.0 63.0
70.0 15.0
100.0 96.0
96.0 64.0
183.0 64.0
216.0 160.0
226.0 225.0
120.0 125.0
56.0 114.0
174.0 138.0
183.0 183.0
7.0 36.0
225.0 152.0
197.0 113.0
216.0 65.0
201.0 190.0
47.0 156.0
136.0 57.0
94.0 78.0
167.0 189.0
174.0 50.0
236.0 213.0
219.0 43.0
32.0 186.0
225.0 205.0
40.0 245.0
244.0 41.0
179.0 59.0
40.0 139.0
43.0 62.0
119.0 98.0
100.0 246.0
124.0 84.0
209.0 107.0
123.0 21.0
227.0 168.0
206.0 251.0
207.0 35.0
55.0 256.0
17.0 55.0
222.0 185.0
53.0 122.0
204.0 148.0
255.0 104.0
157.0 105.0
200.0 61.0
205.0 250.0
121.0 69.0
77.0 58.0
255.0 252.0
151.0 7.0
215.0 152.0
254.0 55.0
204.0 207.0
148.0 231.0
117.0 79.0
252.0 50.0
225.0 209.0
78.0 239.0
127.0 247.0
84.0 125.0
6.0 91.0
57.0 254.0
51.0 49.0
85.0 18.0
166.0 8.0
134.0 211.0
190.0 245.0
121.0 130.0
181.0 95.0
163.0 106.0
81.0 45.0
247.0 102.0
161.0 90.0
154.0 226.0
225.0 231.0
203.0 118.0
117.0 136.0
67.0 183.0
66.0 218.0
119.0 53.0
99.0 254.0
99.0 71.0
171.0 175.0
50.0 82.0
75.0 18.0
111.0 184.0
216.0 88.0
232.0 126.0
156.0 157.0
97.0 108.0
133.0 121.0
136.0 30.0
88.0 82.0
33.0 117.0
63.0 165.0
28.0 52.0
82.0 124.0
5.0 192.0
5.0 201.0
72.0 102.0
152.0 167.0
222.0 113.0
235.0 104.0
164.0 45.0
57.0 19.0
62.0 143.0
168.0 223.0
94.0 236.0
237.0 149.0
7.0 59.0
33.0 198.0
154.0 140.0
111.0 183.0
94.0 26.0
208.0 37.0
98.0 163.0
115.0 17.0
25.0 41.0
106.0 166.0
47.0 86.0
102.0 176.0
30.0 9.0
251.0 6.0
228.0 207.0
240.0 41.0
146.0 99.0
145.0 13.0
183.0 63.0
8.0 89.0
242.0 16.0
66.0 256.0
40.0 152.0
203.0 230.0
212.0 39.0
169.0 193.0
14.0 196.0
32.0 168.0
173.0 210.0
5.0 254.0
225.0 170.0
234.0 115.0
74.0 70.0
109.0 100.0
233.0 135.0
18.0 254.0
60.0 25.0
245.0 204.0
145.0 55.0
39.0 85.0
230.0 251.0
216.0 105.0
202.0 207.0
187.0 15.0
193.0 9.0
98.0 234.0
174.0 33.0
169.0 48.0
225.0 229.0
19.0 165.0
221.0 120.0
165.0 15.0
246.0 245.0
131.0 174.0
108.0 115.0
236.0 137.0
149.0 72.0
109.0 244.0
87.0 241.0
105.0 96.0
180.0 69.0
100.0 117.0
147.0 36.0
161.0 245.0
192.0 146.0
215.0 41.0
213.0 170.0
94.0 44.0
188.0 111.0
194.0 66.0
166.0 238.0
253.0 120.0
246.0 55.0
123.0 34.0
86.0 142.0
133.0 96.0
220.0 136.0
88.0 130.0
70.0 175.0
92.0 9.0
87.0 145.0
122.0 97.0
9.0 227.0
185.0 255.0
62.0 217.0
76.0 43.0
202.0 173.0
234.0 130.0
112.0 75.0
48.0 153.0
170.0 117.0
21.0 148.0
232.0 192.0
242.0 229.0
63.0 113.0
212.0 200.0
135.0 200.0
111.0 164.0
18.0 194.0
147.0 228.0
186.0 222.0
206.0 204.0
100.0 160.0
119.0 24.0
6.0 248.0
50.0 178.0
205.0 177.0
24.0 8.0
84.0 125.0
196.0 11.0
48.0 86.0
236.0 152.0
31.0 102.0
99.0 185.0
91.0 88.0
118.0 126.0
122.0 31.0
145.0 247.0
91.0 107.0
241.0 88.0
212.0 88.0
10.0 25.0
58.0 20.0
252.0 214.0
182.0 134.0
148.0 125.0
92.0 83.0
207.0 84.0
42.0 130.0
144.0 138.0
137.0 216.0
25.0 94.0
28.0 193.0
186.0 129.0
110.0 243.0
186.0 211.0
126.0 175.0
129.0 92.0
199.0 223.0
35.0 255.0
84.0 158.0
201.0 193.0
18.0 247.0
86.0 25.0
99.0 209.0
59.0 200.0
209.0 88.0
178.0 184.0
8.0 66.0
207.0 233.0
143.0 42.0
130.0 28.0
119.0 72.0
35.0 185.0
46.0 140.0
252.0 227.0
90.0 27.0
222.0 213.0
251.0 48.0
107.0 207.0
162.0 80.0
247.0 160.0
120.0 69.0
124.0 24.0
207.0 246.0
23.0 34.0
79.0 132.0
203.0 109.0
136.0 230.0
130.0 176.0
79.0 73.0
204.0 9.0
97.0 135.0
191.0 234.0
174.0 181.0
133.0 253.0
62.0 201.0
71.0 78.0
39.0 61.0
245.0 216.0
182.0 212.0
239.0 7.0
64.0 205.0
90.0 100.0
50.0 164.0
194.0 168.0
176.0 179.0
198.0 161.0
213.0 91.0
49.0 16.0
223.0 7.0
255.0 73.0
107.0 175.0
191.0 203.0
86.0 146.0
121.0 16.0
232.0 253.0
103.0 46.0
106.0 189.0
120.0 155.0
249.0 107.0
234.0 167.0
232.0 144.0
164.0 109.0
84.0 153.0
55.0 192.0
245.0 191.0
135.0 38.0
178.0 161.0
173.0 144.0
195.0 24.0
115.0 236.0
10.0 127.0
97.0 128.0
163.0 161.0
134.0 89.0
14.0 179.0
83.0 229.0
244.0 88.0
246.0 33.0
21.0 121.0
139.0 184.0
95.0 130.0
122.0 136.0
94.0 30.0
85.0 17.0
209.0 157.0
240.0 164.0
123.0 225.0
54.0 226.0
15.0 255.0
77.0 48.0
93.0 48.0
10.0 141.0
175.0 232.0
158.0 60.0
81.0 21.0
243.0 116.0
240.0 112.0
98.0 145.0
194.0 42.0
107.0 129.0
233.0 194.0
248.0 234.0
240.0 241.0
247.0 220.0
92.0 79.0
101.0 168.0
73.0 103.0
69.0 77.0
49.0 68.0
34.0 153.0
183.0 250.0
185.0 232.0
109.0 237.0
74.0 46.0
203.0 248.0
126.0 128.0
234.0 127.0
242.0 174.0
178.0 73.0
248.0 64.0
94.0 135.0
165.0 247.0
221.0 103.0
191.0 15.0
50.0 15.0
27.0 40.0
202.0 254.0
254.0 51.0
198.0 72.0
48.0 178.0
86.0 161.0
84.0 170.0
146.0 217.0
19.0 185.0
19.0 253.0
26.0 204.0
89.0 225.0
141.0 149.0
87.0 102.0
46.0 147.0
134.0 82.0
171.0 120.0
75.0 186.0
65.0 45.0
171.0 66.0
104.0 156.0
132.0 168.0
93.0 90.0
217.0 148.0
180.0 100.0
202.0 98.0
52.0 237.0
109.0 114.0
164.0 224.0
109.0 110.0
145.0 43.0
124.0 43.0
217.0 134.0
145.0 70.0
152.0 39.0
199.0 223.0
12.0 47.0
71.0 195.0
19.0 53.0
117.0 191.0
221.0 42.0
134.0 130.0
142.0 73.0
253.0 206.0
236.0 220.0
213.0 12.0
184.0 75.0
54.0 88.0
248.0 76.0
25.0 220.0
83.0 136.0
85.0 8.0
86.0 14.0
177.0 118.0
104.0 230.0
28.0 127.0
146.0 102.0
24.0 241.0
73.0 102.0
41.0 195.0
63.0 206.0
162.0 219.0
150.0 70.0
39.0 249.0
24.0 104.0
186.0 146.0
51.0 120.0
95.0 10.0
31.0 246.0
103.0 181.0
50.0 209.0
14.0 149.0
59.0 240.0
8.0 104.0
170.0 115.0
14.0 234.0
181.0 220.0
157.0 96.0
173.0 225.0
109.0 50.0
84.0 212.0
67.0 225.0
229.0 130.0
70.0 115.0
40.0 116.0
252.0 162.0
122.0 155.0
102.0 34.0
21.0 202.0
232.0 91.0
165.0 203.0
86.0 101.0
39.0 192.0
198.0 122.0
127.0 29.0
68.0 191.0
97.0 127.0
178.0 112.0
120.0 70.0
26.0 158.0
153.0 96.0
115.0 26.0
15.0 229.0
147.0 61.0
153.0 189.0
216.0 184.0
51.0 183.0
153.0 112.0
102.0 109.0
173.0 45.0
232.0 165.0
99.0 187.0
222.0 249.0
192.0 155.0
167.0 25.0
251.0 98.0
107.0 162.0
132.0 103.0
189.0 248.0
184.0 165.0
229.0 17.0
191.0 134.0
174.0 11.0
173.0 32.0
213.0 179.0
217.0 63.0
153.0 188.0
104.0 55.0
195.0 44.0
55.0 62.0
88.0 172.0
166.0 174.0
183.0 229.0
33.0 240.0
224.0 103.0
16.0 99.0
39.0 32.0
215.0 139.0
97.0 188.0
46.0 241.0
187.0 243.0
61.0 220.0
103.0 180.0
77.0 218.0
190.0 212.0
87.0 51.0
246.0 194.0
162.0 79.0
66.0 44.0
200.0 229.0
183.0 170.0
85.0 115.0
233.0 22.0
22.0 243.0
189.0 182.0
189.0 154.0
162.0 184.0
136.0 86.0
199.0 166.0
174.0 163.0
169.0 111.0
81.0 34.0
238.0 196.0
216.0 107.0
191.0 110.0
11.0 206.0
194.0 222.0
58.0 112.0
174.0 140.0
113.0 12.0
239.0 93.0
160.0 120.0
201.0 107.0
169.0 161.0
53.0 22.0
97.0 117.0
232.0 161.0
154.0 22.0
249.0 120.0
238.0 87.0
89.0 101.0
201.0 71.0
73.0 103.0
182.0 61.0
39.0 52.0
120.0 191.0
42.0 57.0
246.0 108.0
152.0 234.0
48.0 40.0
136.0 157.0
173.0 205.0
229.0 10.0
99.0 37.0
158.0 160.0
166.0 36.0
248.0 26.0
197.0 159.0
157.0 129.0
146.0 151.0
172.0 115.0
154.0 118.0
22.0 175.0
67.0 96.0
231.0 82.0
149.0 80.0
123.0 152.0
217.0 110.0
86.0 202.0
240.0 22.0
133.0 168.0
79.0 66.0
215.0 132.0
237.0 142.0
167.0 13.0
164.0 232.0
187.0 38.0
147.0 141.0
60.0 162.0
176.0 8.0
147.0 114.0
217.0 63.0
240.0 201.0
126.0 252.0
187.0 86.0
27.0 21.0
241.0 77.0
35.0 71.0
191.0 84.0
215.0 202.0
55.0 19.0
95.0 201.0
67.0 43.0
220.0 30.0
114.0 17.0
172.0 111.0
182.0 173.0
195.0 115.0
126.0 250.0
241.0 182.0
202.0 230.0
151.0 77.0
44.0 65.0
186.0 115.0
133.0 122.0
27.0 194.0
105.0 137.0
32.0 185.0
14.0 24.0
27.0 149.0
63.0 195.0
31.0 188.0
60.0 124.0
86.0 106.0
182.0 180.0
186.0 7.0
206.0 96.0
122.0 157.0
192.0 210.0
119.0 114.0
114.0 221.0
181.0 52.0
43.0 237.0
158.0 190.0
54.0 228.0
99.0 102.0
54.0 10.0
228.0 203.0
34.0 28.0
50.0 81.0
160.0 207.0
228.0 58.0
17.0 186.0
148.0 51.0
49.0 162.0
222.0 240.0
159.0 10.0
147.0 216.0
120.0 242.0
103.0 33.0
142.0 152.0
205.0 166.0
113.0 49.0
79.0 206.0
249.0 66.0
12.0 160.0
32.0 59.0
126.0 47.0
57.0 222.0
212.0 59.0
16.0 59.0
10.0 95.0
118.0 189.0
199.0 38.0
237.0 34.0
30.0 238.0
253.0 215.0
203.0 197.0
241.0 98.0
91.0 10.0
85.0 183.0
6.0 215.0
84.0 127.0
237.0 231.0
193.0 50.0
193.0 133.0
154.0 180.0
6.0 113.0
242.0 185.0
32.0 191.0
25.0 120.0
4.0 211.0
238.0 171.0
140.0 40.0
15.0 44.0
67.0 91.0
16.0 13.0
34.0 21.0
14.0 145.0
107.0 78.0
106.0 60.0
206.0 57.0
25.0 125.0
71.0 231.0
62.0 69.0
102.0 96.0
217.0 55.0
87.0 152.0
185.0 26.0
98.0 203.0
195.0 44.0
205.0 15.0
208.0 49.0
156.0 183.0
40.0 86.0
80.0 187.0
122.0 95.0
208.0 101.0
42.0 210.0
14.0 57.0
218.0 229.0
231.0 79.0
227.0 90.0
183.0 216.0
253.0 189.0
60.0 10.0
70.0 185.0
202.0 91.0
116.0 46.0
104.0 37.0
249.0 86.0
152.0 187.0
78.0 120.0
95.0 185.0
85.0 151.0
201.0 24.0
70.0 16.0
211.0 32.0
23.0 103.0
151.0 181.0
46.0 157.0
243.0 24.0
62.0 158.0
106.0 48.0
95.0 189.0
133.0 74.0
195.0 112.0
67.0 169.0
169.0 137.0
62.0 54.0
81.0 214.0
134.0 64.0
54.0 179.0
153.0 84.0
218.0 247.0
145.0 110.0
189.0 162.0
211.0 207.0
72.0 159.0
163.0 180.0
242.0 5.0
110.0 98.0
7.0 113.0
170.0 88.0
49.0 90.0
196.0 179.0
123.0 130.0
79.0 9.0
22.0 7.0
84.0 10.0
164.0 130.0
226.0 17.0
196.0 92.0
227.0 84.0
95.0 64.0
180.0 34.0
11.0 38.0
128.0 146.0
236.0 203.0
11.0 175.0
182.0 33.0
86.0 179.0
64.0 19.0
153.0 28.0
102.0 14.0
62.0 147.0
71.0 215.0
210.0 26.0
75.0 153.0
100.0 158.0
56.0 82.0
109.0 52.0
41.0 246.0
102.0 151.0
208.0 55.0
194.0 117.0
197.0 58.0
160.0 236.0
118.0 47.0
173.0 9.0
52.0 90.0
16.0 59.0
99.0 241.0
13.0 40.0
162.0 39.0
40.0 75.0
174.0 187.0
159.0 250.0
40.0 174.0
123.0 97.0
128.0 78.0
226.0 204.0
232.0 187.0
56.0 249.0
218.0 86.0
21.0 255.0
102.0 169.0
95.0 197.0
206.0 140.0
15.0 156.0
237.0 84.0
9.0 33.0
53.0 12.0
153.0 123.0
105.0 125.0
57.0 193.0
174.0 74.0
129.0 247.0
49.0 47.0
210.0 6.0
108.0 133.0
231.0 125.0
61.0 140.0
30.0 69.0
9.0 193.0
145.0 73.0
127.0 189.0
65.0 208.0
44.0 21.0
119.0 67.0
92.0 61.0
151.0 34.0
107.0 158.0
29.0 254.0
125.0 37.0
214.0 106.0
203.0 230.0
96.0 213.0
172.0 19.0
235.0 148.0
124.0 200.0
7.0 14.0
48.0 227.0
230.0 147.0
86.0 181.0
142.0 30.0
218.0 22.0
128.0 14.0
121.0 169.0
13.0 77.0
247.0 236.0
157.0 100.0
184.0 115.0
27.0 247.0
207.0 104.0
145.0 40.0
33.0 142.0
200.0 129.0
204.0 211.0
75.0 211.0
69.0 108.0
225.0 199.0
147.0 45.0
45.0 247.0
190.0 85.0
233.0 84.0
135.0 70.0
244.0 183.0
104.0 145.0
140.0 24.0
70.0 146.0
83.0 151.0
169.0 95.0
196.0 173.0
156.0 207.0
76.0 210.0
173.0 6.0
132.0 137.0
112.0 70.0
137.0 214.0
175.0 184.0
6.0 79.0
21.0 224.0
136.0 83.0
243.0 212.0
123.0 49.0
151.0 253.0
107.0 92.0
25.0 147.0
182.0 159.0
