1
1024 1 3.0 0.0 1000.0 3 160 240 100

6.5 13.5 29.3 58.5
13.0 27.0 58.5 117.0
19.5 40.5 87.8 175.5
26.0 54.0 117.0 234.0
39.0 81.0 175.5 351.0
52.0 108.0 234.0 468.0
58.5 121.5 263.3 526.5
65.0 135.0 292.5 585.0
78.0 162.0 351.0 702.0
0.0 180.0 390.0 780.0

2.0 5.0 8.0 11.0
5.0 8.0 11.0 14.0
9.0 12.0 15.0 18.0
11.0 14.0 17.0 20.0
15.0 18.0 21.0 24.0
18.0 21.0 24.0 27.0
20.0 23.0 26.0 29.0
25.0 28.0 31.0 34.0
29.0 32.0 35.0 38.0
0.0 34.0 37.0 40.0

184.0 220.0
189.0 170.0
181.0 40.0
204.0 188.0
57.0 202.0
96.0 129.0
41.0 1.0
97.0 188.0
126.0 134.0
5.0 157.0
171.0 93.0
233.0 235.0
72.0 244.0
190.0 182.0
92.0 107.0
221.0 7.0
248.0 194.0
178.0 188.0
221.0 70.0
247.0 247.0
76.0 103.0
198.0 62.0
117.0 192.0
83.0 102.0
48.0 75.0
157.0 90.0
145.0 122.0
181.0 177.0
217.0 91.0
9.0 227.0
204.0 137.0
225.0 188.0
58.0 155.0
142.0 28.0
125.0 146.0
14.0 72.0
61.0 55.0
170.0 103.0
117.0 127.0
55.0 190.0
196.0 132.0
232.0 225.0
151.0 117.0
237.0 2.0
107.0 156.0
196.0 218.0
133.0 143.0
219.0 73.0
183.0 214.0
130.0 248.0
13.0 217.0
140.0 52.0
106.0 209.0
170.0 143.0
192.0 0.0
49.0 240.0
23.0 112.0
160.0 112.0
107.0 45.0
158.0 122.0
200.0 87.0
180.0 249.0
116.0 206.0
61.0 241.0
45.0 105.0
104.0 185.0
61.0 123.0
30.0 40.0
119.0 190.0
47.0 22.0
131.0 129.0
23.0 40.0
10.0 155.0
88.0 168.0
160.0 225.0
23.0 241.0
195.0 218.0
131.0 197.0
210.0 233.0
84.0 103.0
23.0 100.0
45.0 125.0
99.0 14.0
213.0 7.0
180.0 16.0
192.0 195.0
219.0 117.0
210.0 41.0
19.0 145.0
230.0 87.0
36.0 241.0
86.0 17.0
137.0 229.0
63.0 134.0
139.0 127.0
194.0 68.0
52.0 174.0
53.0 212.0
216.0 12.0
192.0 214.0
136.0 13.0
140.0 142.0
85.0 20.0
215.0 22.0
148.0 123.0
220.0 7.0
149.0 108.0
125.0 229.0
16.0 66.0
181.0 239.0
151.0 199.0
223.0 202.0
226.0 166.0
195.0 116.0
110.0 126.0
47.0 123.0
208.0 221.0
170.0 32.0
56.0 7.0
122.0 7.0
76.0 206.0
212.0 171.0
194.0 181.0
46.0 188.0
120.0 98.0
239.0 215.0
115.0 82.0
31.0 149.0
150.0 195.0
112.0 197.0
188.0 165.0
36.0 62.0
89.0 68.0
160.0 141.0
7.0 27.0
93.0 173.0
170.0 247.0
232.0 94.0
4.0 76.0
234.0 154.0
136.0 36.0
138.0 200.0
123.0 143.0
108.0 40.0
41.0 77.0
115.0 166.0
171.0 152.0
194.0 137.0
47.0 28.0
183.0 12.0
212.0 222.0
219.0 21.0
84.0 249.0
29.0 225.0
148.0 77.0
153.0 247.0
2.0 97.0
28.0 184.0
96.0 152.0
171.0 158.0
78.0 233.0
43.0 0.0
192.0 240.0
191.0 149.0
27.0 37.0
117.0 124.0
198.0 90.0
122.0 33.0
112.0 30.0
179.0 112.0
38.0 59.0
200.0 113.0
5.0 164.0
158.0 173.0
130.0 191.0
23.0 103.0
6.0 107.0
109.0 110.0
149.0 123.0
176.0 6.0
1.0 155.0
235.0 49.0
94.0 153.0
59.0 93.0
38.0 140.0
183.0 67.0
23.0 140.0
55.0 89.0
141.0 204.0
232.0 99.0
99.0 73.0
149.0 206.0
237.0 80.0
4.0 248.0
60.0 203.0
133.0 137.0
70.0 235.0
69.0 121.0
235.0 116.0
18.0 145.0
238.0 19.0
73.0 77.0
247.0 108.0
31.0 114.0
207.0 181.0
5.0 240.0
11.0 249.0
69.0 193.0
200.0 132.0
247.0 178.0
156.0 2.0
233.0 159.0
69.0 80.0
1.0 102.0
10.0 33.0
76.0 112.0
33.0 166.0
7.0 221.0
248.0 75.0
180.0 144.0
158.0 220.0
141.0 129.0
102.0 230.0
189.0 98.0
195.0 8.0
40.0 86.0
244.0 77.0
182.0 36.0
162.0 113.0
122.0 88.0
219.0 222.0
247.0 56.0
40.0 52.0
129.0 84.0
59.0 145.0
140.0 70.0
209.0 20.0
56.0 220.0
195.0 245.0
156.0 178.0
242.0 133.0
115.0 245.0
47.0 186.0
77.0 247.0
198.0 40.0
80.0 183.0
168.0 180.0
83.0 94.0
21.0 30.0
162.0 168.0
60.0 81.0
240.0 127.0
182.0 19.0
29.0 54.0
45.0 160.0
205.0 77.0
185.0 22.0
90.0 179.0
65.0 196.0
4.0 200.0
64.0 11.0
181.0 154.0
26.0 243.0
27.0 64.0
238.0 8.0
17.0 60.0
80.0 212.0
99.0 59.0
113.0 59.0
47.0 170.0
196.0 138.0
12.0 241.0
42.0 197.0
68.0 78.0
169.0 5.0
141.0 143.0
32.0 36.0
243.0 103.0
174.0 4.0
16.0 185.0
53.0 103.0
139.0 93.0
249.0 104.0
229.0 36.0
99.0 48.0
158.0 20.0
80.0 54.0
47.0 79.0
107.0 102.0
237.0 211.0
210.0 199.0
108.0 83.0
113.0 151.0
196.0 124.0
57.0 226.0
78.0 224.0
29.0 61.0
112.0 13.0
99.0 220.0
137.0 65.0
154.0 127.0
75.0 133.0
117.0 161.0
176.0 130.0
50.0 15.0
225.0 90.0
114.0 222.0
74.0 193.0
159.0 78.0
186.0 223.0
36.0 4.0
190.0 158.0
34.0 171.0
9.0 141.0
164.0 86.0
175.0 155.0
56.0 80.0
23.0 32.0
71.0 2.0
8.0 228.0
22.0 212.0
201.0 135.0
238.0 34.0
101.0 234.0
214.0 144.0
170.0 228.0
237.0 182.0
121.0 91.0
89.0 175.0
242.0 35.0
85.0 202.0
142.0 232.0
203.0 1.0
97.0 142.0
147.0 75.0
2.0 161.0
5.0 132.0
225.0 86.0
217.0 31.0
250.0 213.0
116.0 189.0
26.0 206.0
158.0 16.0
43.0 164.0
222.0 189.0
169.0 159.0
209.0 212.0
136.0 52.0
210.0 208.0
106.0 210.0
95.0 246.0
65.0 91.0
162.0 43.0
99.0 170.0
72.0 205.0
181.0 50.0
97.0 236.0
149.0 122.0
16.0 87.0
127.0 223.0
70.0 108.0
190.0 45.0
189.0 61.0
156.0 114.0
13.0 156.0
182.0 215.0
61.0 166.0
157.0 213.0
189.0 200.0
222.0 14.0
56.0 61.0
8.0 242.0
136.0 151.0
55.0 11.0
99.0 216.0
144.0 232.0
229.0 29.0
100.0 205.0
92.0 165.0
204.0 77.0
223.0 102.0
124.0 35.0
190.0 181.0
138.0 174.0
169.0 16.0
187.0 57.0
8.0 27.0
145.0 25.0
60.0 59.0
231.0 135.0
118.0 130.0
69.0 184.0
105.0 159.0
193.0 46.0
242.0 70.0
133.0 173.0
223.0 16.0
8.0 109.0
225.0 248.0
123.0 233.0
171.0 222.0
137.0 218.0
203.0 123.0
161.0 40.0
147.0 7.0
238.0 151.0
62.0 122.0
183.0 20.0
17.0 231.0
110.0 38.0
79.0 121.0
4.0 119.0
21.0 2.0
30.0 103.0
108.0 101.0
83.0 176.0
103.0 33.0
112.0 55.0
206.0 120.0
132.0 248.0
226.0 130.0
60.0 23.0
43.0 217.0
172.0 38.0
50.0 169.0
193.0 123.0
5.0 122.0
181.0 33.0
103.0 204.0
115.0 69.0
88.0 162.0
194.0 232.0
62.0 60.0
157.0 185.0
222.0 210.0
239.0 91.0
26.0 62.0
211.0 187.0
154.0 86.0
230.0 63.0
153.0 1.0
86.0 129.0
241.0 3.0
191.0 98.0
35.0 224.0
13.0 118.0
62.0 205.0
195.0 234.0
189.0 225.0
166.0 192.0
198.0 165.0
127.0 158.0
35.0 104.0
79.0 216.0
65.0 213.0
160.0 105.0
243.0 23.0
85.0 189.0
172.0 232.0
67.0 225.0
61.0 39.0
153.0 76.0
188.0 23.0
230.0 36.0
15.0 177.0
238.0 46.0
174.0 1.0
245.0 99.0
95.0 133.0
34.0 231.0
129.0 54.0
229.0 27.0
56.0 213.0
244.0 150.0
205.0 229.0
205.0 219.0
208.0 157.0
246.0 152.0
226.0 91.0
208.0 177.0
67.0 203.0
30.0 13.0
133.0 147.0
210.0 38.0
4.0 20.0
28.0 69.0
231.0 203.0
11.0 206.0
248.0 146.0
221.0 241.0
117.0 33.0
214.0 191.0
136.0 41.0
133.0 100.0
150.0 226.0
151.0 40.0
219.0 144.0
102.0 74.0
108.0 103.0
149.0 240.0
122.0 44.0
193.0 194.0
142.0 57.0
1.0 202.0
248.0 157.0
132.0 233.0
156.0 212.0
18.0 223.0
239.0 13.0
139.0 135.0
239.0 9.0
46.0 24.0
43.0 57.0
27.0 84.0
28.0 111.0
57.0 20.0
218.0 55.0
196.0 112.0
116.0 231.0
203.0 167.0
107.0 6.0
154.0 107.0
144.0 30.0
205.0 31.0
1.0 178.0
175.0 97.0
186.0 191.0
195.0 202.0
158.0 134.0
236.0 189.0
71.0 61.0
143.0 163.0
73.0 135.0
92.0 37.0
247.0 219.0
243.0 10.0
104.0 41.0
124.0 216.0
80.0 110.0
133.0 132.0
90.0 78.0
88.0 113.0
199.0 112.0
70.0 236.0
87.0 108.0
124.0 239.0
18.0 161.0
187.0 82.0
83.0 20.0
171.0 52.0
67.0 59.0
214.0 64.0
90.0 114.0
144.0 197.0
239.0 98.0
29.0 6.0
216.0 115.0
12.0 12.0
97.0 114.0
161.0 45.0
103.0 176.0
147.0 202.0
102.0 98.0
137.0 238.0
109.0 4.0
62.0 24.0
149.0 249.0
30.0 248.0
100.0 242.0
176.0 140.0
24.0 78.0
88.0 7.0
229.0 211.0
223.0 242.0
168.0 204.0
80.0 214.0
85.0 155.0
178.0 79.0
108.0 206.0
215.0 49.0
80.0 113.0
87.0 18.0
207.0 160.0
25.0 230.0
195.0 23.0
153.0 249.0
69.0 233.0
81.0 35.0
222.0 219.0
236.0 28.0
17.0 219.0
162.0 161.0
116.0 153.0
107.0 69.0
232.0 124.0
13.0 58.0
90.0 10.0
106.0 214.0
200.0 198.0
60.0 94.0
68.0 51.0
72.0 6.0
89.0 14.0
201.0 190.0
133.0 93.0
160.0 41.0
170.0 239.0
65.0 49.0
88.0 229.0
189.0 228.0
171.0 216.0
101.0 93.0
7.0 167.0
127.0 66.0
182.0 223.0
118.0 250.0
146.0 78.0
100.0 85.0
231.0 50.0
166.0 197.0
95.0 51.0
49.0 63.0
171.0 4.0
126.0 204.0
51.0 55.0
153.0 140.0
237.0 230.0
123.0 187.0
70.0 24.0
150.0 220.0
154.0 206.0
160.0 102.0
189.0 179.0
175.0 19.0
180.0 63.0
73.0 59.0
39.0 233.0
2.0 144.0
191.0 75.0
204.0 24.0
64.0 88.0
48.0 75.0
198.0 216.0
151.0 234.0
238.0 154.0
23.0 176.0
165.0 151.0
224.0 210.0
146.0 166.0
106.0 109.0
4.0 35.0
246.0 230.0
45.0 123.0
16.0 25.0
120.0 248.0
43.0 146.0
49.0 225.0
94.0 158.0
136.0 189.0
36.0 160.0
50.0 178.0
42.0 204.0
164.0 1.0
31.0 205.0
1.0 2.0
178.0 93.0
11.0 116.0
89.0 25.0
194.0 209.0
87.0 44.0
179.0 220.0
113.0 110.0
143.0 222.0
37.0 29.0
47.0 41.0
13.0 86.0
216.0 178.0
53.0 5.0
102.0 60.0
79.0 202.0
128.0 216.0
249.0 55.0
97.0 45.0
188.0 34.0
167.0 146.0
60.0 58.0
12.0 3.0
218.0 23.0
45.0 109.0
0.0 11.0
191.0 208.0
45.0 237.0
228.0 113.0
55.0 128.0
32.0 151.0
2.0 215.0
142.0 65.0
104.0 94.0
99.0 57.0
164.0 36.0
102.0 174.0
236.0 99.0
44.0 85.0
96.0 222.0
122.0 100.0
82.0 19.0
197.0 82.0
183.0 112.0
206.0 231.0
46.0 132.0
214.0 32.0
168.0 69.0
249.0 200.0
58.0 237.0
149.0 56.0
21.0 164.0
189.0 28.0
217.0 45.0
81.0 98.0
20.0 189.0
11.0 11.0
212.0 229.0
159.0 177.0
161.0 146.0
250.0 234.0
134.0 3.0
211.0 62.0
28.0 70.0
102.0 80.0
54.0 99.0
21.0 18.0
249.0 71.0
27.0 105.0
10.0 28.0
159.0 230.0
148.0 214.0
215.0 171.0
0.0 240.0
244.0 40.0
1.0 123.0
44.0 192.0
128.0 64.0
247.0 111.0
226.0 160.0
146.0 133.0
19.0 53.0
234.0 165.0
177.0 88.0
222.0 126.0
131.0 105.0
150.0 140.0
130.0 62.0
211.0 88.0
87.0 238.0
38.0 168.0
113.0 90.0
205.0 206.0
147.0 142.0
53.0 229.0
190.0 89.0
226.0 175.0
210.0 139.0
155.0 124.0
73.0 145.0
242.0 52.0
203.0 165.0
109.0 120.0
202.0 131.0
49.0 112.0
249.0 159.0
152.0 171.0
150.0 24.0
138.0 73.0
220.0 231.0
221.0 57.0
242.0 74.0
184.0 70.0
70.0 231.0
101.0 90.0
247.0 182.0
14.0 246.0
59.0 96.0
129.0 12.0
44.0 125.0
200.0 101.0
247.0 105.0
71.0 187.0
105.0 243.0
132.0 203.0
136.0 156.0
58.0 239.0
194.0 216.0
211.0 146.0
80.0 200.0
188.0 246.0
151.0 60.0
30.0 139.0
95.0 202.0
190.0 120.0
129.0 209.0
166.0 83.0
180.0 9.0
6.0 43.0
162.0 71.0
218.0 25.0
46.0 239.0
182.0 92.0
204.0 164.0
203.0 109.0
107.0 79.0
185.0 170.0
231.0 231.0
195.0 142.0
117.0 113.0
13.0 124.0
72.0 179.0
72.0 169.0
83.0 45.0
244.0 172.0
55.0 1.0
15.0 162.0
65.0 208.0
129.0 14.0
124.0 27.0
107.0 206.0
6.0 226.0
113.0 2.0
30.0 148.0
181.0 62.0
200.0 199.0
161.0 246.0
238.0 123.0
25.0 220.0
34.0 44.0
5.0 28.0
161.0 112.0
85.0 84.0
125.0 118.0
200.0 154.0
102.0 39.0
25.0 141.0
226.0 239.0
99.0 111.0
36.0 180.0
28.0 16.0
33.0 238.0
137.0 161.0
87.0 88.0
211.0 12.0
1.0 161.0
37.0 245.0
106.0 230.0
34.0 31.0
72.0 10.0
66.0 69.0
188.0 223.0
66.0 237.0
156.0 118.0
227.0 4.0
37.0 28.0
245.0 92.0
21.0 75.0
243.0 165.0
30.0 241.0
250.0 143.0
197.0 36.0
220.0 57.0
116.0 95.0
113.0 171.0
24.0 75.0
118.0 144.0
179.0 56.0
197.0 100.0
231.0 183.0
138.0 243.0
223.0 134.0
162.0 19.0
143.0 40.0
172.0 87.0
26.0 34.0
43.0 206.0
176.0 206.0
171.0 208.0
118.0 21.0
67.0 18.0
218.0 73.0
69.0 5.0
224.0 134.0
94.0 35.0
29.0 232.0
134.0 109.0
35.0 103.0
32.0 74.0
45.0 112.0
119.0 199.0
190.0 119.0
128.0 197.0
193.0 25.0
90.0 120.0
92.0 65.0
244.0 93.0
111.0 241.0
56.0 179.0
176.0 80.0
244.0 209.0
128.0 213.0
28.0 14.0
16.0 107.0
131.0 2.0
147.0 78.0
126.0 140.0
140.0 13.0
31.0 182.0
49.0 73.0
114.0 50.0
172.0 185.0
187.0 92.0
236.0 211.0
239.0 13.0
192.0 218.0
48.0 66.0
202.0 130.0
245.0 170.0
166.0 60.0
110.0 175.0
243.0 205.0
185.0 69.0
97.0 8.0
115.0 210.0
192.0 71.0
170.0 13.0
249.0 162.0
244.0 45.0
49.0 172.0
157.0 87.0
87.0 227.0
170.0 238.0
127.0 214.0
175.0 245.0
42.0 22.0
99.0 11.0
103.0 147.0
93.0 87.0
242.0 88.0
183.0 227.0
75.0 48.0
75.0 189.0
70.0 6.0
165.0 235.0
33.0 35.0
76.0 124.0
181.0 63.0
139.0 212.0
82.0 82.0
24.0 35.0
107.0 121.0
55.0 135.0
73.0 113.0
49.0 147.0
64.0 94.0
80.0 240.0
2.0 2.0
137.0 92.0
91.0 126.0
202.0 106.0
50.0 98.0
91.0 162.0
157.0 116.0
205.0 244.0
146.0 152.0
167.0 123.0
87.0 212.0
118.0 44.0
180.0 29.0
7.0 220.0
211.0 137.0
43.0 231.0
231.0 65.0
7.0 229.0
81.0 240.0
217.0 186.0
189.0 208.0
229.0 208.0
155.0 132.0
182.0 22.0
155.0 62.0
245.0 48.0
67.0 42.0
205.0 20.0
230.0 205.0
30.0 208.0
95.0 9.0
56.0 71.0
76.0 166.0
33.0 19.0
218.0 41.0
26.0 243.0
124.0 176.0
50.0 162.0
132.0 120.0
58.0 81.0
53.0 75.0
22.0 211.0
96.0 168.0
121.0 45.0
160.0 244.0
137.0 109.0
239.0 103.0
198.0 188.0
7.0 197.0
107.0 204.0
196.0 112.0
6.0 200.0
208.0 192.0
247.0 224.0
205.0 20.0
91.0 214.0
238.0 1.0
233.0 47.0
37.0 115.0
154.0 217.0
142.0 213.0
159.0 179.0
133.0 72.0

190.0 226.0
194.0 175.0
186.0 46.0
209.0 193.0
62.0 208.0
101.0 134.0
46.0 5.0
102.0 194.0
132.0 139.0
11.0 163.0
176.0 99.0
238.0 240.0
77.0 250.0
195.0 187.0
97.0 111.0
227.0 11.0
253.0 199.0
183.0 192.0
225.0 74.0
251.0 251.0
81.0 107.0
203.0 67.0
122.0 197.0
88.0 108.0
54.0 79.0
162.0 95.0
150.0 126.0
185.0 181.0
223.0 96.0
13.0 232.0
209.0 143.0
231.0 192.0
64.0 160.0
147.0 33.0
130.0 152.0
19.0 77.0
65.0 60.0
175.0 108.0
121.0 132.0
59.0 195.0
200.0 137.0
237.0 231.0
156.0 123.0
242.0 7.0
113.0 160.0
200.0 224.0
138.0 147.0
224.0 79.0
188.0 220.0
134.0 252.0
17.0 222.0
145.0 58.0
110.0 214.0
176.0 148.0
196.0 5.0
53.0 245.0
29.0 118.0
166.0 117.0
111.0 49.0
164.0 128.0
205.0 92.0
185.0 253.0
121.0 210.0
67.0 246.0
49.0 109.0
109.0 189.0
67.0 128.0
36.0 44.0
123.0 194.0
53.0 27.0
135.0 134.0
28.0 44.0
15.0 159.0
93.0 173.0
165.0 230.0
28.0 246.0
200.0 224.0
135.0 201.0
215.0 238.0
89.0 108.0
28.0 104.0
51.0 129.0
103.0 20.0
217.0 11.0
184.0 22.0
196.0 199.0
224.0 122.0
216.0 46.0
24.0 151.0
234.0 91.0
41.0 246.0
91.0 21.0
143.0 234.0
68.0 140.0
145.0 131.0
199.0 73.0
57.0 179.0
58.0 216.0
220.0 16.0
197.0 219.0
141.0 18.0
145.0 146.0
90.0 26.0
220.0 28.0
152.0 129.0
225.0 12.0
154.0 112.0
130.0 235.0
22.0 71.0
185.0 244.0
157.0 203.0
227.0 207.0
231.0 171.0
200.0 120.0
115.0 131.0
51.0 128.0
213.0 227.0
174.0 38.0
61.0 11.0
128.0 12.0
82.0 211.0
217.0 176.0
199.0 186.0
52.0 192.0
126.0 103.0
245.0 220.0
120.0 87.0
36.0 155.0
155.0 199.0
118.0 201.0
194.0 170.0
41.0 67.0
94.0 72.0
166.0 146.0
12.0 32.0
98.0 177.0
175.0 252.0
237.0 100.0
10.0 80.0
239.0 159.0
140.0 41.0
144.0 205.0
128.0 148.0
112.0 45.0
47.0 82.0
120.0 172.0
177.0 158.0
200.0 141.0
52.0 33.0
188.0 16.0
217.0 228.0
223.0 25.0
90.0 255.0
34.0 230.0
152.0 82.0
158.0 252.0
8.0 102.0
32.0 188.0
100.0 156.0
177.0 164.0
83.0 237.0
47.0 4.0
197.0 245.0
195.0 153.0
31.0 42.0
121.0 130.0
203.0 95.0
126.0 38.0
118.0 35.0
183.0 117.0
42.0 63.0
205.0 118.0
10.0 170.0
163.0 178.0
135.0 197.0
27.0 108.0
10.0 112.0
113.0 115.0
155.0 129.0
182.0 11.0
6.0 160.0
240.0 55.0
99.0 159.0
64.0 98.0
43.0 144.0
187.0 71.0
27.0 145.0
61.0 95.0
145.0 210.0
236.0 103.0
104.0 78.0
155.0 210.0
242.0 85.0
9.0 254.0
65.0 208.0
139.0 141.0
76.0 240.0
74.0 125.0
240.0 122.0
24.0 151.0
244.0 24.0
78.0 83.0
253.0 113.0
35.0 120.0
212.0 186.0
9.0 244.0
15.0 254.0
75.0 197.0
205.0 137.0
253.0 184.0
161.0 7.0
238.0 164.0
73.0 85.0
6.0 108.0
15.0 37.0
82.0 117.0
38.0 172.0
13.0 227.0
252.0 81.0
184.0 148.0
163.0 224.0
146.0 133.0
107.0 235.0
195.0 102.0
200.0 12.0
45.0 91.0
249.0 82.0
187.0 41.0
166.0 117.0
128.0 94.0
223.0 227.0
251.0 60.0
46.0 57.0
134.0 89.0
64.0 150.0
146.0 75.0
215.0 25.0
61.0 226.0
200.0 251.0
162.0 184.0
247.0 138.0
120.0 251.0
52.0 191.0
82.0 253.0
203.0 46.0
85.0 189.0
174.0 184.0
87.0 99.0
25.0 35.0
168.0 174.0
65.0 86.0
244.0 132.0
186.0 24.0
34.0 60.0
50.0 164.0
209.0 83.0
191.0 26.0
96.0 183.0
69.0 201.0
9.0 204.0
70.0 15.0
186.0 160.0
31.0 249.0
33.0 70.0
242.0 13.0
22.0 64.0
84.0 217.0
103.0 63.0
119.0 64.0
51.0 175.0
201.0 143.0
17.0 246.0
48.0 202.0
72.0 84.0
173.0 11.0
146.0 148.0
37.0 40.0
248.0 108.0
179.0 9.0
21.0 191.0
58.0 108.0
144.0 97.0
254.0 109.0
234.0 40.0
104.0 53.0
163.0 25.0
86.0 58.0
52.0 85.0
112.0 108.0
243.0 216.0
215.0 203.0
113.0 89.0
117.0 156.0
200.0 129.0
63.0 231.0
83.0 230.0
33.0 67.0
117.0 18.0
105.0 225.0
142.0 71.0
160.0 132.0
80.0 138.0
123.0 166.0
181.0 135.0
54.0 20.0
230.0 95.0
119.0 228.0
79.0 197.0
163.0 83.0
191.0 229.0
40.0 9.0
196.0 164.0
40.0 175.0
13.0 145.0
168.0 91.0
181.0 161.0
61.0 85.0
29.0 37.0
76.0 7.0
13.0 233.0
27.0 217.0
206.0 140.0
243.0 38.0
106.0 240.0
219.0 149.0
175.0 233.0
241.0 187.0
125.0 95.0
93.0 181.0
247.0 40.0
91.0 207.0
147.0 238.0
209.0 7.0
103.0 147.0
153.0 80.0
7.0 165.0
9.0 137.0
229.0 90.0
221.0 37.0
256.0 217.0
122.0 194.0
31.0 210.0
163.0 21.0
49.0 168.0
228.0 193.0
174.0 164.0
214.0 218.0
142.0 57.0
216.0 213.0
111.0 214.0
100.0 251.0
70.0 96.0
167.0 47.0
104.0 175.0
76.0 210.0
187.0 55.0
102.0 241.0
154.0 126.0
20.0 92.0
132.0 227.0
75.0 113.0
196.0 50.0
194.0 66.0
161.0 119.0
18.0 161.0
188.0 221.0
66.0 170.0
162.0 218.0
193.0 204.0
227.0 20.0
61.0 65.0
14.0 247.0
140.0 156.0
60.0 16.0
104.0 220.0
149.0 237.0
234.0 33.0
105.0 210.0
96.0 170.0
210.0 82.0
228.0 107.0
129.0 39.0
196.0 186.0
142.0 178.0
174.0 20.0
191.0 61.0
13.0 33.0
150.0 31.0
65.0 64.0
235.0 140.0
124.0 136.0
75.0 189.0
109.0 164.0
198.0 50.0
246.0 74.0
137.0 178.0
229.0 20.0
14.0 114.0
231.0 252.0
128.0 239.0
176.0 227.0
141.0 224.0
207.0 129.0
167.0 45.0
152.0 12.0
244.0 155.0
67.0 128.0
188.0 25.0
22.0 236.0
115.0 44.0
85.0 125.0
9.0 123.0
26.0 7.0
34.0 108.0
113.0 106.0
87.0 180.0
108.0 38.0
116.0 61.0
210.0 125.0
137.0 253.0
232.0 134.0
64.0 28.0
49.0 221.0
177.0 44.0
54.0 173.0
197.0 129.0
10.0 127.0
185.0 38.0
109.0 210.0
120.0 74.0
93.0 166.0
198.0 238.0
68.0 66.0
163.0 190.0
227.0 216.0
244.0 96.0
32.0 68.0
216.0 191.0
160.0 90.0
235.0 68.0
157.0 7.0
92.0 133.0
245.0 8.0
195.0 103.0
40.0 228.0
19.0 124.0
67.0 210.0
199.0 239.0
195.0 231.0
172.0 197.0
204.0 171.0
132.0 164.0
40.0 108.0
84.0 221.0
69.0 219.0
166.0 109.0
249.0 29.0
89.0 194.0
177.0 236.0
72.0 229.0
66.0 43.0
158.0 80.0
193.0 28.0
235.0 40.0
19.0 183.0
243.0 51.0
179.0 7.0
251.0 104.0
101.0 137.0
40.0 237.0
135.0 59.0
233.0 31.0
60.0 218.0
248.0 155.0
209.0 234.0
209.0 224.0
212.0 162.0
252.0 157.0
230.0 96.0
213.0 181.0
72.0 208.0
34.0 18.0
139.0 153.0
214.0 42.0
9.0 26.0
33.0 74.0
235.0 208.0
16.0 210.0
254.0 152.0
226.0 246.0
123.0 38.0
218.0 196.0
142.0 47.0
138.0 105.0
156.0 232.0
156.0 45.0
224.0 148.0
106.0 78.0
113.0 108.0
153.0 245.0
128.0 49.0
198.0 199.0
146.0 62.0
6.0 206.0
253.0 162.0
138.0 238.0
160.0 217.0
22.0 229.0
243.0 19.0
144.0 140.0
245.0 14.0
51.0 29.0
49.0 63.0
33.0 89.0
32.0 117.0
62.0 24.0
223.0 60.0
201.0 116.0
120.0 236.0
208.0 171.0
112.0 12.0
159.0 112.0
150.0 34.0
209.0 36.0
6.0 184.0
180.0 102.0
190.0 195.0
200.0 206.0
164.0 139.0
242.0 193.0
76.0 66.0
148.0 168.0
78.0 140.0
97.0 41.0
251.0 225.0
248.0 15.0
109.0 46.0
129.0 220.0
85.0 116.0
137.0 138.0
95.0 83.0
92.0 118.0
203.0 116.0
76.0 241.0
92.0 113.0
129.0 245.0
24.0 166.0
191.0 88.0
88.0 24.0
176.0 58.0
71.0 63.0
219.0 69.0
95.0 119.0
149.0 201.0
245.0 104.0
34.0 10.0
220.0 121.0
17.0 17.0
102.0 119.0
165.0 49.0
107.0 181.0
152.0 207.0
108.0 102.0
142.0 243.0
113.0 9.0
67.0 29.0
154.0 254.0
36.0 252.0
104.0 248.0
182.0 145.0
29.0 83.0
93.0 12.0
234.0 216.0
229.0 247.0
173.0 209.0
85.0 219.0
89.0 160.0
182.0 84.0
112.0 212.0
220.0 54.0
85.0 119.0
92.0 22.0
211.0 164.0
30.0 236.0
200.0 27.0
157.0 253.0
74.0 238.0
85.0 39.0
227.0 224.0
241.0 34.0
22.0 225.0
166.0 166.0
120.0 158.0
113.0 74.0
237.0 129.0
18.0 63.0
94.0 16.0
112.0 219.0
204.0 203.0
65.0 99.0
73.0 55.0
78.0 11.0
93.0 20.0
205.0 195.0
137.0 97.0
165.0 46.0
174.0 244.0
70.0 54.0
93.0 234.0
194.0 233.0
176.0 220.0
107.0 99.0
12.0 171.0
133.0 71.0
187.0 228.0
124.0 255.0
152.0 83.0
105.0 91.0
236.0 56.0
171.0 203.0
100.0 56.0
53.0 68.0
177.0 8.0
131.0 210.0
57.0 60.0
158.0 145.0
242.0 234.0
129.0 193.0
76.0 29.0
155.0 225.0
158.0 211.0
165.0 108.0
194.0 183.0
181.0 23.0
185.0 68.0
79.0 64.0
44.0 237.0
8.0 149.0
196.0 79.0
209.0 30.0
69.0 93.0
52.0 81.0
203.0 222.0
157.0 239.0
244.0 158.0
28.0 181.0
171.0 155.0
229.0 214.0
152.0 171.0
112.0 114.0
8.0 40.0
250.0 234.0
49.0 127.0
21.0 30.0
125.0 253.0
48.0 150.0
55.0 229.0
99.0 164.0
141.0 195.0
42.0 164.0
56.0 183.0
46.0 210.0
168.0 5.0
37.0 211.0
5.0 7.0
182.0 99.0
16.0 122.0
94.0 30.0
199.0 213.0
92.0 50.0
183.0 225.0
118.0 115.0
147.0 228.0
42.0 35.0
53.0 45.0
17.0 90.0
221.0 184.0
59.0 10.0
108.0 66.0
84.0 207.0
132.0 220.0
255.0 60.0
101.0 50.0
192.0 39.0
172.0 150.0
66.0 64.0
16.0 8.0
222.0 27.0
50.0 114.0
5.0 15.0
195.0 213.0
50.0 242.0
234.0 118.0
60.0 133.0
37.0 156.0
7.0 220.0
147.0 70.0
109.0 98.0
105.0 61.0
168.0 41.0
108.0 180.0
242.0 103.0
49.0 90.0
100.0 228.0
128.0 104.0
88.0 23.0
203.0 87.0
188.0 117.0
210.0 236.0
52.0 136.0
220.0 36.0
173.0 75.0
255.0 205.0
62.0 242.0
154.0 61.0
26.0 170.0
194.0 33.0
223.0 49.0
86.0 102.0
25.0 194.0
16.0 17.0
217.0 234.0
165.0 182.0
166.0 150.0
255.0 239.0
140.0 9.0
216.0 68.0
34.0 75.0
107.0 86.0
58.0 104.0
26.0 24.0
255.0 75.0
32.0 111.0
16.0 33.0
163.0 234.0
153.0 220.0
220.0 177.0
5.0 245.0
249.0 45.0
5.0 128.0
49.0 197.0
132.0 69.0
251.0 116.0
232.0 165.0
152.0 138.0
23.0 58.0
238.0 171.0
182.0 92.0
227.0 131.0
135.0 109.0
154.0 146.0
135.0 66.0
217.0 93.0
92.0 244.0
42.0 174.0
117.0 95.0
211.0 212.0
152.0 147.0
58.0 235.0
195.0 93.0
232.0 181.0
214.0 144.0
160.0 129.0
79.0 149.0
248.0 57.0
208.0 170.0
113.0 125.0
207.0 136.0
55.0 117.0
254.0 165.0
157.0 177.0
156.0 29.0
142.0 78.0
224.0 235.0
226.0 63.0
247.0 78.0
188.0 74.0
76.0 235.0
106.0 94.0
251.0 187.0
18.0 251.0
65.0 101.0
134.0 16.0
49.0 129.0
204.0 106.0
251.0 110.0
77.0 193.0
109.0 248.0
138.0 209.0
140.0 160.0
63.0 245.0
199.0 220.0
217.0 152.0
86.0 205.0
193.0 250.0
157.0 64.0
34.0 144.0
99.0 207.0
195.0 124.0
134.0 215.0
170.0 88.0
185.0 13.0
12.0 49.0
167.0 76.0
222.0 31.0
51.0 244.0
186.0 97.0
210.0 168.0
208.0 114.0
112.0 84.0
191.0 175.0
237.0 236.0
200.0 147.0
121.0 119.0
17.0 130.0
77.0 184.0
77.0 174.0
88.0 50.0
249.0 177.0
60.0 6.0
20.0 167.0
69.0 214.0
135.0 18.0
128.0 31.0
113.0 210.0
12.0 230.0
118.0 6.0
35.0 152.0
187.0 67.0
206.0 204.0
167.0 252.0
244.0 128.0
31.0 226.0
39.0 50.0
11.0 33.0
166.0 116.0
89.0 90.0
130.0 124.0
206.0 160.0
108.0 45.0
29.0 147.0
231.0 245.0
105.0 116.0
41.0 186.0
33.0 21.0
38.0 242.0
143.0 167.0
92.0 93.0
215.0 18.0
7.0 167.0
43.0 250.0
111.0 234.0
40.0 35.0
77.0 15.0
71.0 73.0
193.0 228.0
70.0 243.0
161.0 122.0
231.0 9.0
42.0 34.0
249.0 97.0
27.0 80.0
248.0 169.0
35.0 246.0
254.0 149.0
201.0 41.0
224.0 62.0
122.0 101.0
118.0 175.0
29.0 80.0
122.0 149.0
185.0 61.0
203.0 105.0
236.0 189.0
144.0 249.0
229.0 140.0
166.0 25.0
148.0 45.0
177.0 92.0
31.0 40.0
48.0 211.0
182.0 210.0
175.0 214.0
123.0 26.0
72.0 23.0
222.0 78.0
74.0 11.0
228.0 139.0
99.0 39.0
35.0 238.0
140.0 114.0
40.0 108.0
36.0 79.0
49.0 116.0
123.0 204.0
195.0 124.0
134.0 202.0
197.0 30.0
96.0 124.0
96.0 71.0
249.0 99.0
116.0 246.0
60.0 184.0
181.0 86.0
249.0 214.0
133.0 218.0
34.0 18.0
20.0 112.0
136.0 6.0
152.0 83.0
131.0 144.0
146.0 19.0
36.0 187.0
53.0 79.0
119.0 55.0
176.0 190.0
193.0 98.0
240.0 215.0
245.0 19.0
197.0 224.0
53.0 71.0
207.0 134.0
251.0 174.0
171.0 64.0
114.0 181.0
248.0 209.0
190.0 73.0
102.0 12.0
121.0 215.0
197.0 76.0
175.0 17.0
254.0 166.0
249.0 51.0
53.0 176.0
163.0 93.0
92.0 232.0
176.0 243.0
132.0 220.0
180.0 250.0
47.0 27.0
104.0 16.0
109.0 151.0
98.0 91.0
248.0 92.0
188.0 232.0
80.0 53.0
80.0 193.0
76.0 11.0
170.0 240.0
38.0 39.0
81.0 129.0
185.0 68.0
144.0 217.0
88.0 87.0
28.0 40.0
112.0 125.0
60.0 140.0
78.0 119.0
54.0 152.0
69.0 98.0
86.0 245.0
8.0 8.0
142.0 97.0
96.0 132.0
207.0 111.0
54.0 103.0
95.0 166.0
163.0 120.0
211.0 249.0
152.0 157.0
172.0 129.0
91.0 217.0
123.0 48.0
184.0 35.0
11.0 224.0
217.0 141.0
47.0 236.0
236.0 69.0
11.0 233.0
86.0 245.0
221.0 191.0
193.0 214.0
235.0 213.0
160.0 136.0
188.0 27.0
160.0 67.0
251.0 54.0
71.0 46.0
210.0 25.0
234.0 210.0
35.0 213.0
100.0 14.0
61.0 76.0
81.0 170.0
38.0 25.0
224.0 46.0
31.0 248.0
129.0 180.0
55.0 167.0
137.0 125.0
62.0 85.0
58.0 81.0
27.0 215.0
101.0 172.0
126.0 49.0
164.0 250.0
143.0 114.0
245.0 108.0
204.0 192.0
11.0 203.0
112.0 209.0
201.0 117.0
11.0 204.0
212.0 197.0
252.0 229.0
211.0 25.0
95.0 219.0
243.0 6.0
239.0 53.0
42.0 120.0
160.0 221.0
146.0 219.0
164.0 185.0
138.0 78.0
