1
128 1 3.0 0.0 1000.0 3 160 240 100

6.5 13.5 29.3 58.5
13.0 27.0 58.5 117.0
19.5 40.5 87.8 175.5
26.0 54.0 117.0 234.0
39.0 81.0 175.5 351.0
52.0 108.0 234.0 468.0
58.5 121.5 263.3 526.5
65.0 135.0 292.5 585.0
78.0 162.0 351.0 702.0
0.0 180.0 390.0 780.0

2.0 5.0 8.0 11.0
5.0 8.0 11.0 14.0
9.0 12.0 15.0 18.0
11.0 14.0 17.0 20.0
15.0 18.0 21.0 24.0
18.0 21.0 24.0 27.0
20.0 23.0 26.0 29.0
25.0 28.0 31.0 34.0
29.0 32.0 35.0 38.0
0.0 34.0 37.0 40.0

6812.0 3672.0
3757.0 1617.0
3587.0 1104.0
8203.0 7507.0
1044.0 1068.0
2146.0 554.0
1890.0 6471.0
8464.0 1736.0
2107.0 8578.0
2584.0 9274.0
5030.0 4838.0
3262.0 206.0
9013.0 6640.0
106.0 2073.0
581.0 7980.0
968.0 6935.0
7497.0 8516.0
4903.0 2452.0
8640.0 6976.0
8839.0 7252.0
135.0 3416.0
8624.0 311.0
9615.0 1284.0
7623.0 6577.0
3063.0 2778.0
8522.0 3555.0
1121.0 3477.0
6505.0 6099.0
4297.0 4709.0
4463.0 9108.0
8977.0 4649.0
3414.0 383.0
8657.0 1603.0
3775.0 8348.0
7306.0 5482.0
5675.0 1879.0
4287.0 5910.0
8953.0 1954.0
2730.0 7976.0
6016.0 7357.0
5786.0 9077.0
3219.0 9165.0
7674.0 2846.0
8927.0 1241.0
8929.0 8646.0
8929.0 6455.0
7769.0 7580.0
2366.0 874.0
1999.0 8527.0
3833.0 624.0
8355.0 160.0
9825.0 8683.0
8716.0 7424.0
187.0 1297.0
5087.0 3458.0
7737.0 6269.0
7770.0 431.0
1715.0 7842.0
3643.0 5276.0
3242.0 5398.0
3951.0 8789.0
3426.0 5703.0
3532.0 9072.0
7305.0 923.0
5885.0 2810.0
9277.0 7143.0
1004.0 333.0
8181.0 604.0
5373.0 2966.0
2696.0 1402.0
6064.0 3622.0
231.0 6854.0
3324.0 4134.0
4946.0 9275.0
8585.0 5283.0
3097.0 5388.0
7299.0 8017.0
6348.0 7091.0
8521.0 6818.0
6223.0 5800.0
5648.0 8718.0
5357.0 5121.0
5226.0 3916.0
3723.0 9040.0
3254.0 6488.0
479.0 5392.0
873.0 6160.0
4614.0 6814.0
3880.0 4627.0
53.0 3914.0
2969.0 2385.0
3386.0 7893.0
4110.0 4561.0
4877.0 2324.0
984.0 6711.0
5933.0 6342.0
3897.0 4072.0
8683.0 3946.0
2067.0 232.0
5834.0 6659.0
8715.0 3703.0
1474.0 9260.0
873.0 3373.0
5980.0 823.0
8307.0 6314.0
698.0 5786.0
8492.0 3913.0
558.0 2269.0
7036.0 4817.0
5288.0 7388.0
5472.0 5663.0
2390.0 1766.0
839.0 3061.0
7545.0 7986.0
3951.0 2822.0
612.0 211.0
5784.0 4893.0
7874.0 4682.0
3886.0 4986.0
3716.0 3343.0
3224.0 6372.0
7372.0 5303.0
8388.0 7822.0
2936.0 3364.0
6557.0 6158.0
3269.0 5356.0
3153.0 4413.0
993.0 2478.0

6818.0 3677.0
3763.0 1622.0
3592.0 1108.0
8207.0 7513.0
1049.0 1073.0
2151.0 560.0
1895.0 6476.0
8469.0 1741.0
2112.0 8584.0
2589.0 9279.0
5035.0 4843.0
3268.0 210.0
9017.0 6645.0
110.0 2077.0
587.0 7985.0
973.0 6941.0
7503.0 8522.0
4908.0 2456.0
8644.0 6981.0
8843.0 7256.0
139.0 3421.0
8628.0 316.0
9620.0 1290.0
7629.0 6583.0
3067.0 2783.0
8527.0 3560.0
1126.0 3481.0
6509.0 6104.0
4302.0 4715.0
4468.0 9113.0
8982.0 4653.0
3420.0 387.0
8661.0 1609.0
3781.0 8353.0
7311.0 5487.0
5681.0 1884.0
4292.0 5916.0
8958.0 1959.0
2734.0 7981.0
6021.0 7361.0
5792.0 9082.0
3223.0 9171.0
7680.0 2852.0
8932.0 1246.0
8934.0 8650.0
8934.0 6459.0
7774.0 7585.0
2371.0 879.0
2005.0 8532.0
3837.0 629.0
8361.0 165.0
9831.0 8687.0
8722.0 7429.0
193.0 1303.0
5091.0 3462.0
7741.0 6273.0
7775.0 437.0
1720.0 7847.0
3648.0 5281.0
3246.0 5403.0
3956.0 8793.0
3430.0 5709.0
3536.0 9077.0
7310.0 928.0
5890.0 2815.0
9281.0 7148.0
1010.0 338.0
8187.0 609.0
5379.0 2971.0
2701.0 1407.0
6069.0 3628.0
237.0 6858.0
3330.0 4138.0
4952.0 9280.0
8591.0 5288.0
3101.0 5394.0
7305.0 8021.0
6353.0 7096.0
8525.0 6823.0
6229.0 5805.0
5654.0 8723.0
5362.0 5125.0
5231.0 3922.0
3728.0 9045.0
3260.0 6493.0
483.0 5396.0
878.0 6165.0
4618.0 6819.0
3884.0 4631.0
57.0 3919.0
2974.0 2389.0
3391.0 7898.0
4115.0 4566.0
4881.0 2328.0
989.0 6717.0
5938.0 6347.0
3901.0 4077.0
8689.0 3950.0
2072.0 238.0
5839.0 6664.0
8719.0 3709.0
1479.0 9266.0
879.0 3378.0
5984.0 829.0
8311.0 6320.0
704.0 5791.0
8497.0 3919.0
564.0 2274.0
7042.0 4822.0
5292.0 7392.0
5478.0 5668.0
2395.0 1770.0
843.0 3065.0
7550.0 7991.0
3956.0 2827.0
618.0 217.0
5789.0 4897.0
7879.0 4686.0
3891.0 4990.0
3722.0 3348.0
3229.0 6377.0
7376.0 5308.0
8394.0 7827.0
2941.0 3369.0
6562.0 6163.0
3274.0 5362.0
3159.0 4419.0
998.0 2483.0
