1
128 1 3.0 0.0 1000.0 3 160 240 100

6.5 13.5 29.3 58.5
13.0 27.0 58.5 117.0
19.5 40.5 87.8 175.5
26.0 54.0 117.0 234.0
39.0 81.0 175.5 351.0
52.0 108.0 234.0 468.0
58.5 121.5 263.3 526.5
65.0 135.0 292.5 585.0
78.0 162.0 351.0 702.0
0.0 180.0 390.0 780.0

2.0 5.0 8.0 11.0
5.0 8.0 11.0 14.0
9.0 12.0 15.0 18.0
11.0 14.0 17.0 20.0
15.0 18.0 21.0 24.0
18.0 21.0 24.0 27.0
20.0 23.0 26.0 29.0
25.0 28.0 31.0 34.0
29.0 32.0 35.0 38.0
0.0 34.0 37.0 40.0

1833.0 3591.0
5871.0 2321.0
6029.0 1760.0
2707.0 4602.0
5757.0 1277.0
8197.0 5352.0
214.0 6671.0
9731.0 1338.0
3862.0 8625.0
8944.0 3601.0
5543.0 900.0
8783.0 9384.0
3686.0 9694.0
9820.0 6666.0
9492.0 6413.0
8935.0 3534.0
2547.0 7319.0
6061.0 7113.0
5737.0 6052.0
7142.0 9284.0
8912.0 7476.0
3975.0 8918.0
3196.0 3857.0
4091.0 2849.0
362.0 6816.0
6349.0 317.0
4181.0 1060.0
402.0 8102.0
3168.0 8359.0
698.0 6079.0
6635.0 2734.0
8182.0 5424.0
8458.0 357.0
5367.0 4187.0
5486.0 111.0
2929.0 7470.0
9994.0 3316.0
8494.0 1931.0
8098.0 3566.0
788.0 6842.0
8548.0 186.0
4805.0 6424.0
8814.0 1258.0
6159.0 690.0
7874.0 4711.0
5285.0 4524.0
7618.0 8443.0
4657.0 7212.0
7292.0 2949.0
4679.0 7171.0
7883.0 2445.0
6420.0 9076.0
5866.0 2948.0
1857.0 3143.0
8229.0 8297.0
4778.0 8758.0
3184.0 7594.0
8029.0 7221.0
3481.0 37.0
5257.0 787.0
1743.0 5619.0
7806.0 7770.0
9726.0 2679.0
9953.0 5910.0
5933.0 5772.0
8120.0 8736.0
8476.0 9840.0
2247.0 2167.0
2623.0 9158.0
9987.0 1049.0
4926.0 2034.0
6872.0 7885.0
8350.0 4737.0
8133.0 8455.0
5322.0 630.0
332.0 1582.0
8106.0 2989.0
3459.0 2745.0
8423.0 2475.0
6678.0 3784.0
732.0 2745.0
3368.0 3410.0
6072.0 177.0
3630.0 5760.0
5907.0 6178.0
4934.0 6708.0
7857.0 3060.0
4049.0 171.0
7747.0 6959.0
5936.0 9137.0
4888.0 3771.0
7766.0 8628.0
9995.0 6581.0
8725.0 337.0
7664.0 5566.0
8761.0 1168.0
7820.0 3843.0
1961.0 390.0
3048.0 5246.0
2690.0 2647.0
1220.0 2498.0
5190.0 6545.0
5341.0 6767.0
9768.0 1039.0
5016.0 2068.0
1275.0 4353.0
6459.0 507.0
8000.0 2655.0
458.0 6820.0
1682.0 8216.0
207.0 3204.0
1769.0 9277.0
3425.0 7908.0
9614.0 6353.0
5664.0 3554.0
765.0 2200.0
4235.0 3680.0
5997.0 5173.0
4658.0 8469.0
4281.0 8196.0
4047.0 3144.0
3320.0 8074.0
8353.0 5009.0
5845.0 2382.0
2871.0 7605.0
2320.0 3640.0
7929.0 2970.0
3215.0 3015.0

1839.0 3596.0
5875.0 2326.0
6034.0 1764.0
2712.0 4608.0
5762.0 1281.0
8202.0 5357.0
219.0 6676.0
9736.0 1343.0
3868.0 8630.0
8950.0 3605.0
5547.0 904.0
8789.0 9390.0
3692.0 9699.0
9824.0 6672.0
9497.0 6418.0
8940.0 3538.0
2552.0 7324.0
6065.0 7118.0
5742.0 6058.0
7146.0 9289.0
8916.0 7480.0
3980.0 8924.0
3202.0 3862.0
4097.0 2853.0
366.0 6822.0
6355.0 321.0
4187.0 1065.0
407.0 8106.0
3172.0 8365.0
703.0 6085.0
6641.0 2740.0
8187.0 5430.0
8463.0 361.0
5372.0 4193.0
5491.0 115.0
2934.0 7475.0
10000.0 3321.0
8498.0 1937.0
8103.0 3572.0
794.0 6847.0
8553.0 191.0
4809.0 6429.0
8819.0 1262.0
6165.0 696.0
7879.0 4715.0
5290.0 4528.0
7623.0 8449.0
4662.0 7217.0
7296.0 2953.0
4685.0 7177.0
7887.0 2449.0
6425.0 9082.0
5870.0 2952.0
1862.0 3149.0
8234.0 8302.0
4783.0 8762.0
3189.0 7599.0
8034.0 7226.0
3485.0 42.0
5262.0 792.0
1748.0 5623.0
7811.0 7775.0
9731.0 2684.0
9957.0 5916.0
5939.0 5777.0
8125.0 8742.0
8481.0 9845.0
2252.0 2172.0
2629.0 9164.0
9992.0 1053.0
4932.0 2040.0
6877.0 7890.0
8356.0 4743.0
8138.0 8460.0
5327.0 635.0
338.0 1587.0
8110.0 2994.0
3464.0 2750.0
8428.0 2480.0
6684.0 3788.0
737.0 2749.0
3373.0 3414.0
6077.0 181.0
3634.0 5765.0
5913.0 6183.0
4939.0 6713.0
7861.0 3066.0
4053.0 175.0
7751.0 6964.0
5942.0 9142.0
4893.0 3776.0
7770.0 8634.0
10000.0 6587.0
8730.0 343.0
7669.0 5572.0
8766.0 1173.0
7825.0 3847.0
1967.0 395.0
3053.0 5252.0
2695.0 2652.0
1225.0 2502.0
5196.0 6550.0
5346.0 6771.0
9774.0 1043.0
5020.0 2072.0
1279.0 4358.0
6464.0 511.0
8005.0 2660.0
464.0 6825.0
1687.0 8220.0
211.0 3209.0
1773.0 9282.0
3429.0 7914.0
9619.0 6358.0
5669.0 3559.0
769.0 2205.0
4239.0 3685.0
6002.0 5178.0
4663.0 8474.0
4287.0 8202.0
4053.0 3148.0
3325.0 8079.0
8358.0 5014.0
5851.0 2386.0
2875.0 7611.0
2325.0 3645.0
7933.0 2975.0
3221.0 3021.0
