1
128 1 3.0 0.0 1000.0 3 160 240 100

6.5 13.5 29.3 58.5
13.0 27.0 58.5 117.0
19.5 40.5 87.8 175.5
26.0 54.0 117.0 234.0
39.0 81.0 175.5 351.0
52.0 108.0 234.0 468.0
58.5 121.5 263.3 526.5
65.0 135.0 292.5 585.0
78.0 162.0 351.0 702.0
0.0 180.0 390.0 780.0

2.0 5.0 8.0 11.0
5.0 8.0 11.0 14.0
9.0 12.0 15.0 18.0
11.0 14.0 17.0 20.0
15.0 18.0 21.0 24.0
18.0 21.0 24.0 27.0
20.0 23.0 26.0 29.0
25.0 28.0 31.0 34.0
29.0 32.0 35.0 38.0
0.0 34.0 37.0 40.0

5054.0 517.0
6735.0 4324.0
6567.0 2369.0
4969.0 7298.0
7576.0 5697.0
6970.0 3347.0
7680.0 9940.0
5707.0 7362.0
1904.0 6610.0
1914.0 7164.0
4035.0 9195.0
385.0 3408.0
6048.0 5481.0
5495.0 2082.0
5512.0 3292.0
9106.0 1847.0
5416.0 3113.0
6534.0 934.0
3310.0 3570.0
8720.0 837.0
9181.0 8256.0
1295.0 6512.0
3987.0 4870.0
3678.0 5318.0
3248.0 142.0
3887.0 9429.0
2613.0 6532.0
7229.0 8938.0
4828.0 9173.0
9513.0 5381.0
4.0 4037.0
7978.0 7909.0
3607.0 791.0
5576.0 6834.0
9082.0 6336.0
6789.0 1771.0
4524.0 7494.0
5634.0 4117.0
5317.0 3823.0
9036.0 6069.0
7142.0 4031.0
1207.0 935.0
6281.0 1982.0
7221.0 1945.0
6625.0 747.0
6435.0 9294.0
5298.0 5698.0
8924.0 7648.0
1319.0 107.0
590.0 8835.0
4204.0 9233.0
5117.0 6951.0
1933.0 1373.0
3432.0 5595.0
196.0 6855.0
3829.0 9487.0
7316.0 8445.0
8432.0 5165.0
1792.0 9148.0
4155.0 8002.0
1843.0 5878.0
8826.0 5276.0
8894.0 9975.0
5627.0 7508.0
9400.0 8046.0
1539.0 2794.0
1939.0 9105.0
7927.0 1371.0
8968.0 6485.0
3950.0 128.0
5173.0 5510.0
5956.0 9296.0
6815.0 390.0
8512.0 6050.0
9002.0 6323.0
5257.0 2231.0
279.0 5282.0
221.0 5937.0
6468.0 6457.0
2784.0 9191.0
8166.0 4835.0
1941.0 6422.0
8810.0 3893.0
8027.0 987.0
2737.0 872.0
2579.0 9454.0
5133.0 5630.0
9487.0 5876.0
8305.0 6519.0
3107.0 783.0
1177.0 9298.0
1498.0 2120.0
1429.0 7527.0
5442.0 7851.0
2192.0 5438.0
6414.0 2463.0
7714.0 6758.0
9175.0 2098.0
4908.0 5443.0
7131.0 5521.0
204.0 6833.0
1149.0 686.0
3609.0 164.0
4969.0 9084.0
4391.0 5947.0
2894.0 2635.0
5311.0 4178.0
7909.0 332.0
4806.0 1846.0
908.0 4369.0
9039.0 730.0
4174.0 7973.0
8234.0 8964.0
4794.0 9682.0
4207.0 2323.0
6164.0 1281.0
8509.0 3737.0
8245.0 9119.0
3095.0 1985.0
9745.0 1060.0
7927.0 3065.0
7882.0 3760.0
2437.0 195.0
3891.0 7520.0
251.0 948.0
4948.0 8433.0
9101.0 2471.0
5667.0 58.0

5058.0 522.0
6740.0 4329.0
6573.0 2373.0
4974.0 7303.0
7580.0 5701.0
6976.0 3352.0
7686.0 9946.0
5713.0 7366.0
1909.0 6614.0
1918.0 7168.0
4041.0 9201.0
391.0 3414.0
6054.0 5487.0
5501.0 2086.0
5517.0 3297.0
9112.0 1851.0
5421.0 3119.0
6539.0 939.0
3316.0 3574.0
8725.0 842.0
9185.0 8261.0
1299.0 6517.0
3991.0 4875.0
3682.0 5323.0
3253.0 148.0
3893.0 9434.0
2618.0 6537.0
7234.0 8943.0
4833.0 9178.0
9518.0 5387.0
9.0 4042.0
7984.0 7914.0
3612.0 796.0
5580.0 6839.0
9087.0 6341.0
6794.0 1776.0
4530.0 7499.0
5638.0 4122.0
5322.0 3828.0
9041.0 6073.0
7147.0 4036.0
1213.0 940.0
6286.0 1987.0
7226.0 1950.0
6631.0 752.0
6441.0 9299.0
5304.0 5703.0
8930.0 7653.0
1324.0 113.0
595.0 8840.0
4209.0 9238.0
5122.0 6955.0
1937.0 1378.0
3437.0 5600.0
201.0 6861.0
3835.0 9491.0
7320.0 8449.0
8437.0 5170.0
1797.0 9153.0
4159.0 8008.0
1848.0 5883.0
8831.0 5280.0
8900.0 9980.0
5631.0 7513.0
9406.0 8050.0
1545.0 2799.0
1944.0 9110.0
7933.0 1377.0
8974.0 6489.0
3954.0 134.0
5179.0 5514.0
5960.0 9300.0
6820.0 394.0
8518.0 6056.0
9007.0 6329.0
5263.0 2236.0
284.0 5288.0
225.0 5942.0
6472.0 6462.0
2789.0 9196.0
8171.0 4840.0
1947.0 6427.0
8816.0 3897.0
8031.0 992.0
2742.0 877.0
2584.0 9459.0
5139.0 5635.0
9492.0 5881.0
8309.0 6524.0
3112.0 789.0
1182.0 9304.0
1504.0 2125.0
1434.0 7532.0
5447.0 7856.0
2197.0 5443.0
6418.0 2468.0
7719.0 6762.0
9180.0 2103.0
4914.0 5448.0
7136.0 5526.0
209.0 6838.0
1154.0 691.0
3615.0 168.0
4974.0 9088.0
4397.0 5952.0
2899.0 2640.0
5316.0 4183.0
7913.0 338.0
4811.0 1850.0
914.0 4373.0
9045.0 734.0
4178.0 7978.0
8239.0 8969.0
4799.0 9687.0
4212.0 2328.0
6169.0 1287.0
8515.0 3742.0
8251.0 9124.0
3099.0 1991.0
9751.0 1066.0
7933.0 3069.0
7887.0 3766.0
2442.0 200.0
3896.0 7525.0
256.0 953.0
4952.0 8439.0
9107.0 2476.0
5672.0 64.0
