1
128 1 3.0 0.0 1000.0 3 160 240 100

6.5 13.5 29.3 58.5
13.0 27.0 58.5 117.0
19.5 40.5 87.8 175.5
26.0 54.0 117.0 234.0
39.0 81.0 175.5 351.0
52.0 108.0 234.0 468.0
58.5 121.5 263.3 526.5
65.0 135.0 292.5 585.0
78.0 162.0 351.0 702.0
0.0 180.0 390.0 780.0

2.0 5.0 8.0 11.0
5.0 8.0 11.0 14.0
9.0 12.0 15.0 18.0
11.0 14.0 17.0 20.0
15.0 18.0 21.0 24.0
18.0 21.0 24.0 27.0
20.0 23.0 26.0 29.0
25.0 28.0 31.0 34.0
29.0 32.0 35.0 38.0
0.0 34.0 37.0 40.0

7522.0 6552.0
6002.0 2537.0
8689.0 571.0
9516.0 587.0
9930.0 592.0
3585.0 7140.0
9855.0 7678.0
4919.0 6387.0
7252.0 6078.0
7710.0 7461.0
3101.0 3677.0
6095.0 2385.0
3665.0 9862.0
851.0 1618.0
6574.0 1814.0
3476.0 9445.0
4318.0 2668.0
3323.0 3920.0
2063.0 7555.0
5946.0 8604.0
9199.0 5961.0
3334.0 5809.0
6543.0 1417.0
9184.0 3591.0
3603.0 1976.0
4884.0 1208.0
2820.0 7452.0
4370.0 266.0
204.0 1917.0
8518.0 1297.0
4276.0 2403.0
2238.0 7970.0
7728.0 7316.0
9931.0 3691.0
8720.0 519.0
7478.0 7789.0
1224.0 9560.0
1420.0 1038.0
6332.0 9039.0
8495.0 2732.0
8940.0 2572.0
1195.0 4030.0
6722.0 9335.0
7513.0 4823.0
805.0 3671.0
5533.0 3824.0
74.0 8724.0
6039.0 4113.0
3497.0 7587.0
8795.0 8885.0
7407.0 7938.0
672.0 4592.0
7134.0 8636.0
6279.0 1238.0
4927.0 9263.0
4262.0 2032.0
8549.0 6072.0
4940.0 7134.0
7487.0 342.0
7431.0 8728.0
6174.0 7590.0
6951.0 7129.0
6143.0 8639.0
5429.0 169.0
1526.0 6002.0
1121.0 582.0
4816.0 1570.0
5363.0 8610.0
2294.0 4072.0
7162.0 9563.0
1054.0 7294.0
8754.0 8562.0
2023.0 2518.0
7811.0 7176.0
5897.0 1175.0
4465.0 9202.0
1409.0 6175.0
3796.0 5296.0
7839.0 2900.0
6969.0 8688.0
6184.0 3327.0
6664.0 6718.0
5896.0 9268.0
4976.0 5394.0
6612.0 3195.0
4450.0 6728.0
6777.0 7636.0
5403.0 1055.0
3584.0 6601.0
5208.0 9075.0
1148.0 5039.0
7703.0 833.0
6310.0 4783.0
3383.0 1372.0
4010.0 7964.0
3544.0 5288.0
6620.0 1381.0
4044.0 4897.0
4168.0 7790.0
6839.0 9268.0
4858.0 2591.0
9964.0 3817.0
7805.0 6901.0
9123.0 2716.0
2389.0 474.0
6547.0 8825.0
1161.0 452.0
5289.0 8383.0
5694.0 4431.0
9619.0 186.0
7308.0 8802.0
4675.0 1464.0
7078.0 5853.0
1056.0 5205.0
2032.0 5616.0
2493.0 6138.0
6973.0 917.0
7278.0 5102.0
3810.0 6625.0
6620.0 4036.0
2845.0 6562.0
5579.0 6305.0
2896.0 4056.0
4741.0 9605.0
9703.0 4619.0
3323.0 1153.0
4502.0 1716.0
6832.0 7405.0

7527.0 6557.0
6006.0 2543.0
8693.0 576.0
9522.0 592.0
9935.0 598.0
3591.0 7145.0
9860.0 7684.0
4924.0 6392.0
7258.0 6083.0
7714.0 7466.0
3106.0 3681.0
6101.0 2391.0
3671.0 9868.0
856.0 1623.0
6578.0 1820.0
3480.0 9450.0
4323.0 2673.0
3327.0 3925.0
2068.0 7560.0
5951.0 8609.0
9204.0 5966.0
3339.0 5814.0
6548.0 1423.0
9189.0 3596.0
3609.0 1982.0
4889.0 1213.0
2825.0 7458.0
4375.0 271.0
209.0 1923.0
8523.0 1302.0
4280.0 2409.0
2243.0 7975.0
7733.0 7321.0
9935.0 3697.0
8725.0 524.0
7482.0 7795.0
1229.0 9565.0
1425.0 1042.0
6336.0 9044.0
8500.0 2736.0
8946.0 2576.0
1200.0 4034.0
6728.0 9340.0
7518.0 4828.0
810.0 3676.0
5537.0 3828.0
79.0 8730.0
6044.0 4117.0
3503.0 7591.0
8801.0 8891.0
7412.0 7943.0
676.0 4597.0
7140.0 8642.0
6285.0 1242.0
4932.0 9268.0
4266.0 2037.0
8553.0 6076.0
4946.0 7140.0
7492.0 347.0
7435.0 8734.0
6178.0 7595.0
6957.0 7134.0
6147.0 8643.0
5435.0 173.0
1532.0 6008.0
1125.0 586.0
4821.0 1576.0
5368.0 8615.0
2298.0 4076.0
7167.0 9568.0
1059.0 7299.0
8758.0 8567.0
2028.0 2523.0
7816.0 7181.0
5901.0 1181.0
4470.0 9207.0
1414.0 6180.0
3801.0 5301.0
7844.0 2904.0
6974.0 8694.0
6190.0 3332.0
6668.0 6723.0
5900.0 9272.0
4980.0 5400.0
6617.0 3200.0
4455.0 6732.0
6783.0 7641.0
5407.0 1060.0
3589.0 6606.0
5213.0 9081.0
1152.0 5043.0
7708.0 839.0
6315.0 4789.0
3387.0 1377.0
4015.0 7969.0
3550.0 5293.0
6625.0 1387.0
4049.0 4901.0
4172.0 7796.0
6844.0 9272.0
4863.0 2595.0
9969.0 3823.0
7810.0 6905.0
9127.0 2720.0
2395.0 480.0
6553.0 8831.0
1166.0 457.0
5294.0 8389.0
5699.0 4436.0
9625.0 190.0
7314.0 8806.0
4680.0 1469.0
7083.0 5859.0
1062.0 5210.0
2038.0 5620.0
2498.0 6143.0
6979.0 921.0
7283.0 5107.0
3815.0 6630.0
6625.0 4041.0
2849.0 6568.0
5584.0 6310.0
2902.0 4060.0
4746.0 9611.0
9709.0 4624.0
3328.0 1158.0
4507.0 1720.0
6838.0 7410.0
