1
128 1 3.0 0.0 1000.0 3 160 240 100

6.5 13.5 29.3 58.5
13.0 27.0 58.5 117.0
19.5 40.5 87.8 175.5
26.0 54.0 117.0 234.0
39.0 81.0 175.5 351.0
52.0 108.0 234.0 468.0
58.5 121.5 263.3 526.5
65.0 135.0 292.5 585.0
78.0 162.0 351.0 702.0
0.0 180.0 390.0 780.0

2.0 5.0 8.0 11.0
5.0 8.0 11.0 14.0
9.0 12.0 15.0 18.0
11.0 14.0 17.0 20.0
15.0 18.0 21.0 24.0
18.0 21.0 24.0 27.0
20.0 23.0 26.0 29.0
25.0 28.0 31.0 34.0
29.0 32.0 35.0 38.0
0.0 34.0 37.0 40.0

5859.0 8226.0
6661.0 5940.0
4567.0 8338.0
8637.0 4852.0
9205.0 5674.0
5246.0 3907.0
3631.0 3614.0
7805.0 4136.0
1448.0 1983.0
6069.0 378.0
171.0 3083.0
1592.0 3558.0
3963.0 2648.0
2823.0 8070.0
6872.0 6716.0
5084.0 6504.0
966.0 7885.0
1099.0 6426.0
6303.0 6928.0
246.0 6446.0
2125.0 8250.0
7181.0 1307.0
1209.0 157.0
3016.0 8208.0
1781.0 3420.0
4697.0 9098.0
3905.0 4103.0
762.0 6159.0
9770.0 9140.0
4127.0 222.0
9774.0 5630.0
5082.0 4311.0
8842.0 7333.0
147.0 7078.0
9864.0 4336.0
4958.0 3330.0
3690.0 4374.0
1845.0 1383.0
7587.0 6779.0
5267.0 9471.0
6569.0 2528.0
770.0 5935.0
4522.0 6379.0
5630.0 416.0
4528.0 9554.0
1843.0 5787.0
315.0 3970.0
4630.0 3033.0
3235.0 1468.0
2119.0 3834.0
1687.0 4032.0
4369.0 8043.0
2408.0 3477.0
2396.0 5819.0
5534.0 1570.0
378.0 6611.0
7850.0 4072.0
6681.0 9748.0
1142.0 4671.0
1888.0 3839.0
5074.0 7287.0
4499.0 4721.0
6487.0 7719.0
7438.0 4181.0
9547.0 8120.0
1067.0 4175.0
3654.0 271.0
846.0 3771.0
8521.0 6123.0
308.0 8547.0
8343.0 6606.0
2527.0 4664.0
9470.0 2151.0
5718.0 2345.0
8487.0 930.0
1163.0 5988.0
133.0 3274.0
4093.0 633.0
6961.0 3247.0
726.0 7018.0
5152.0 862.0
7095.0 9938.0
3406.0 899.0
7849.0 7154.0
4315.0 6823.0
5682.0 8557.0
142.0 759.0
4554.0 7824.0
7404.0 3012.0
2379.0 1295.0
7192.0 7103.0
1325.0 1289.0
632.0 8803.0
6408.0 3600.0
1399.0 133.0
5538.0 1375.0
9700.0 1820.0
6668.0 129.0
4651.0 170.0
241.0 1106.0
4439.0 6844.0
7560.0 2712.0
6207.0 2513.0
8284.0 2262.0
62.0 7867.0
2676.0 2742.0
4121.0 7954.0
6803.0 1845.0
17.0 8326.0
1326.0 2974.0
770.0 3968.0
7053.0 463.0
5440.0 4492.0
2927.0 3735.0
7483.0 1559.0
4595.0 7620.0
6210.0 7026.0
4241.0 8559.0
3275.0 2772.0
4832.0 8932.0
8604.0 5698.0
4456.0 4221.0
2673.0 3870.0
8899.0 246.0
4557.0 2272.0
3136.0 198.0
7657.0 9174.0
4903.0 3684.0

5865.0 8231.0
6666.0 5944.0
4572.0 8342.0
8643.0 4857.0
9209.0 5679.0
5250.0 3911.0
3635.0 3618.0
7811.0 4141.0
1454.0 1988.0
6074.0 384.0
176.0 3088.0
1597.0 3564.0
3969.0 2652.0
2828.0 8076.0
6878.0 6721.0
5089.0 6509.0
971.0 7891.0
1103.0 6430.0
6309.0 6932.0
251.0 6451.0
2130.0 8255.0
7185.0 1312.0
1213.0 162.0
3021.0 8212.0
1786.0 3425.0
4703.0 9102.0
3910.0 4109.0
767.0 6164.0
9775.0 9144.0
4133.0 227.0
9779.0 5635.0
5086.0 4316.0
8848.0 7337.0
151.0 7083.0
9870.0 4341.0
4963.0 3335.0
3696.0 4379.0
1851.0 1387.0
7592.0 6784.0
5272.0 9477.0
6573.0 2534.0
776.0 5939.0
4527.0 6384.0
5635.0 421.0
4533.0 9559.0
1848.0 5792.0
319.0 3974.0
4636.0 3038.0
3240.0 1474.0
2123.0 3840.0
1692.0 4038.0
4374.0 8048.0
2413.0 3481.0
2401.0 5824.0
5538.0 1574.0
383.0 6615.0
7855.0 4076.0
6685.0 9752.0
1147.0 4676.0
1894.0 3845.0
5079.0 7292.0
4504.0 4725.0
6492.0 7724.0
7442.0 4186.0
9553.0 8126.0
1072.0 4181.0
3660.0 275.0
852.0 3776.0
8526.0 6128.0
312.0 8552.0
8349.0 6611.0
2532.0 4668.0
9474.0 2156.0
5723.0 2351.0
8492.0 935.0
1168.0 5993.0
137.0 3279.0
4099.0 639.0
6966.0 3252.0
730.0 7022.0
5157.0 868.0
7100.0 9943.0
3411.0 904.0
7854.0 7159.0
4320.0 6827.0
5686.0 8563.0
148.0 765.0
4558.0 7829.0
7409.0 3017.0
2384.0 1300.0
7197.0 7109.0
1329.0 1294.0
637.0 8809.0
6412.0 3605.0
1405.0 137.0
5543.0 1379.0
9705.0 1825.0
6674.0 135.0
4657.0 175.0
246.0 1111.0
4445.0 6850.0
7565.0 2716.0
6213.0 2517.0
8290.0 2267.0
66.0 7872.0
2681.0 2748.0
4126.0 7959.0
6808.0 1851.0
22.0 8331.0
1331.0 2979.0
775.0 3973.0
7059.0 467.0
5444.0 4498.0
2931.0 3741.0
7488.0 1563.0
4600.0 7625.0
6216.0 7030.0
4245.0 8564.0
3280.0 2778.0
4836.0 8938.0
8609.0 5704.0
4460.0 4225.0
2678.0 3875.0
8904.0 252.0
4563.0 2278.0
3142.0 203.0
7662.0 9180.0
4909.0 3689.0
