1
128 1 3.0 0.0 1000.0 3 160 240 100

6.5 13.5 29.3 58.5
13.0 27.0 58.5 117.0
19.5 40.5 87.8 175.5
26.0 54.0 117.0 234.0
39.0 81.0 175.5 351.0
52.0 108.0 234.0 468.0
58.5 121.5 263.3 526.5
65.0 135.0 292.5 585.0
78.0 162.0 351.0 702.0
0.0 180.0 390.0 780.0

2.0 5.0 8.0 11.0
5.0 8.0 11.0 14.0
9.0 12.0 15.0 18.0
11.0 14.0 17.0 20.0
15.0 18.0 21.0 24.0
18.0 21.0 24.0 27.0
20.0 23.0 26.0 29.0
25.0 28.0 31.0 34.0
29.0 32.0 35.0 38.0
0.0 34.0 37.0 40.0

3905.0 4899.0
5345.0 7415.0
3182.0 1035.0
5279.0 3248.0
942.0 7646.0
5951.0 2756.0
2575.0 785.0
825.0 5417.0
5292.0 8704.0
5255.0 5876.0
4431.0 3472.0
754.0 559.0
5846.0 5021.0
8482.0 6900.0
6288.0 8600.0
5122.0 7394.0
6195.0 9119.0
6810.0 3218.0
1806.0 8346.0
9285.0 4638.0
6002.0 3457.0
4912.0 7926.0
9812.0 7883.0
9756.0 1026.0
8967.0 7967.0
6359.0 2678.0
2444.0 1371.0
400.0 2246.0
2398.0 5747.0
1874.0 9957.0
7397.0 8609.0
3993.0 9793.0
3385.0 1923.0
5433.0 9756.0
9272.0 7353.0
4123.0 6730.0
6575.0 673.0
3221.0 5674.0
5024.0 6296.0
2448.0 5367.0
8542.0 5414.0
442.0 5430.0
8515.0 3714.0
6301.0 1857.0
3769.0 7156.0
972.0 781.0
9165.0 6778.0
1653.0 2696.0
7225.0 6018.0
4874.0 1867.0
9708.0 6521.0
6421.0 8152.0
8544.0 908.0
8758.0 962.0
8045.0 3483.0
9132.0 7593.0
2806.0 2366.0
3993.0 640.0
8204.0 9007.0
7935.0 1739.0
2923.0 3578.0
7774.0 1354.0
5399.0 7208.0
4970.0 6826.0
8622.0 4542.0
2034.0 3435.0
187.0 2599.0
1082.0 5677.0
7029.0 4408.0
5218.0 8498.0
6734.0 8391.0
5891.0 702.0
9861.0 6981.0
1899.0 5268.0
176.0 444.0
8211.0 3795.0
2213.0 4380.0
5249.0 4812.0
8086.0 1892.0
1823.0 8160.0
7950.0 3874.0
7361.0 197.0
1040.0 3430.0
1600.0 7036.0
6696.0 2867.0
2424.0 5548.0
7284.0 4263.0
4978.0 4353.0
7433.0 7064.0
7752.0 9534.0
6505.0 8718.0
3784.0 2289.0
3696.0 6784.0
7653.0 8257.0
7704.0 3526.0
1416.0 743.0
5365.0 6450.0
5167.0 2560.0
6166.0 762.0
371.0 3730.0
2069.0 2236.0
6641.0 4751.0
4536.0 1451.0
5125.0 7681.0
3186.0 2883.0
4161.0 9736.0
2995.0 4838.0
5369.0 6660.0
9442.0 8673.0
838.0 5568.0
3537.0 8324.0
4588.0 9500.0
1116.0 3573.0
3942.0 8414.0
3349.0 3065.0
9004.0 3842.0
7846.0 5537.0
887.0 6931.0
2293.0 231.0
1858.0 2102.0
5033.0 9980.0
3071.0 1056.0
9486.0 2936.0
8049.0 4339.0
1852.0 1411.0
2567.0 215.0
3983.0 8827.0
4128.0 3047.0

3909.0 4904.0
5350.0 7420.0
3187.0 1041.0
5283.0 3252.0
947.0 7650.0
5957.0 2761.0
2580.0 790.0
831.0 5422.0
5297.0 8710.0
5261.0 5881.0
4436.0 3478.0
759.0 564.0
5851.0 5026.0
8487.0 6905.0
6294.0 8606.0
5126.0 7398.0
6200.0 9125.0
6815.0 3224.0
1812.0 8351.0
9291.0 4642.0
6006.0 3461.0
4918.0 7932.0
9817.0 7889.0
9761.0 1031.0
8971.0 7972.0
6364.0 2683.0
2450.0 1377.0
405.0 2250.0
2403.0 5752.0
1879.0 9962.0
7402.0 8614.0
3998.0 9798.0
3390.0 1928.0
5438.0 9762.0
9278.0 7357.0
4129.0 6735.0
6579.0 678.0
3227.0 5678.0
5030.0 6300.0
2454.0 5371.0
8547.0 5419.0
447.0 5435.0
8521.0 3719.0
6306.0 1862.0
3775.0 7161.0
976.0 787.0
9169.0 6782.0
1657.0 2700.0
7231.0 6023.0
4880.0 1873.0
9712.0 6526.0
6425.0 8157.0
8549.0 914.0
8762.0 968.0
8049.0 3487.0
9137.0 7598.0
2811.0 2371.0
3998.0 645.0
8209.0 9013.0
7940.0 1745.0
2928.0 3583.0
7779.0 1360.0
5403.0 7213.0
4975.0 6830.0
8627.0 4548.0
2038.0 3441.0
191.0 2604.0
1087.0 5683.0
7034.0 4412.0
5223.0 8502.0
6740.0 8397.0
5895.0 708.0
9866.0 6986.0
1904.0 5273.0
181.0 449.0
8216.0 3800.0
2218.0 4384.0
5253.0 4817.0
8090.0 1896.0
1828.0 8166.0
7956.0 3880.0
7365.0 201.0
1045.0 3435.0
1605.0 7042.0
6701.0 2871.0
2430.0 5553.0
7290.0 4267.0
4982.0 4359.0
7439.0 7069.0
7756.0 9538.0
6510.0 8724.0
3790.0 2294.0
3701.0 6789.0
7657.0 8262.0
7709.0 3531.0
1420.0 748.0
5369.0 6454.0
5172.0 2565.0
6171.0 766.0
377.0 3735.0
2074.0 2240.0
6646.0 4756.0
4540.0 1455.0
5130.0 7687.0
3191.0 2888.0
4167.0 9742.0
3000.0 4843.0
5374.0 6665.0
9446.0 8678.0
843.0 5573.0
3542.0 8329.0
4594.0 9505.0
1120.0 3579.0
3947.0 8419.0
3354.0 3069.0
9008.0 3847.0
7851.0 5541.0
893.0 6936.0
2299.0 236.0
1863.0 2107.0
5038.0 9984.0
3076.0 1060.0
9492.0 2941.0
8054.0 4344.0
1856.0 1416.0
2572.0 220.0
3987.0 8833.0
4133.0 3052.0
