1
128 1 3.0 0.0 1000.0 3 160 240 100

6.5 13.5 29.3 58.5
13.0 27.0 58.5 117.0
19.5 40.5 87.8 175.5
26.0 54.0 117.0 234.0
39.0 81.0 175.5 351.0
52.0 108.0 234.0 468.0
58.5 121.5 263.3 526.5
65.0 135.0 292.5 585.0
78.0 162.0 351.0 702.0
0.0 180.0 390.0 780.0

2.0 5.0 8.0 11.0
5.0 8.0 11.0 14.0
9.0 12.0 15.0 18.0
11.0 14.0 17.0 20.0
15.0 18.0 21.0 24.0
18.0 21.0 24.0 27.0
20.0 23.0 26.0 29.0
25.0 28.0 31.0 34.0
29.0 32.0 35.0 38.0
0.0 34.0 37.0 40.0

4177.0 5462.0
6530.0 8269.0
4373.0 3140.0
8717.0 3187.0
1108.0 5167.0
9669.0 8202.0
2358.0 6216.0
4944.0 4448.0
9290.0 1354.0
884.0 5973.0
3238.0 7388.0
795.0 7329.0
1249.0 9129.0
2849.0 6271.0
2136.0 1585.0
2876.0 3791.0
7426.0 1520.0
7711.0 6216.0
4137.0 4389.0
7250.0 6584.0
8792.0 5100.0
5893.0 5048.0
4578.0 3605.0
6531.0 512.0
6073.0 8766.0
2737.0 8235.0
8447.0 6504.0
7339.0 630.0
563.0 684.0
8014.0 986.0
3875.0 7725.0
3104.0 2334.0
1553.0 8404.0
3274.0 6189.0
4739.0 2841.0
7219.0 8385.0
5351.0 7129.0
2050.0 1752.0
7356.0 2593.0
1546.0 7829.0
908.0 1156.0
7920.0 2369.0
6289.0 2782.0
5276.0 1845.0
7045.0 3479.0
5410.0 690.0
4248.0 4831.0
9133.0 1500.0
6282.0 8551.0
8758.0 2914.0
1091.0 2007.0
9942.0 2420.0
268.0 3222.0
3524.0 3787.0
6935.0 6310.0
537.0 1374.0
1809.0 827.0
6053.0 6022.0
4361.0 1022.0
24.0 9774.0
8508.0 3447.0
5789.0 9130.0
4722.0 3924.0
9400.0 9086.0
2994.0 7331.0
5444.0 2663.0
3553.0 6179.0
7518.0 3161.0
4760.0 6484.0
4015.0 8874.0
87.0 1870.0
2405.0 2471.0
8601.0 9418.0
7651.0 9791.0
5863.0 3210.0
2936.0 5267.0
4654.0 4064.0
3376.0 3703.0
7446.0 6416.0
5851.0 647.0
5036.0 5854.0
661.0 6061.0
8242.0 3244.0
3131.0 8541.0
2092.0 3963.0
5851.0 9793.0
4414.0 3185.0
4721.0 1606.0
3234.0 715.0
4436.0 35.0
9906.0 1336.0
1610.0 4039.0
7386.0 9156.0
6180.0 8274.0
5560.0 6922.0
4257.0 2301.0
8039.0 3787.0
8102.0 903.0
7344.0 7494.0
1369.0 2759.0
7888.0 9466.0
302.0 7195.0
8670.0 3777.0
4033.0 1236.0
94.0 3468.0
9649.0 1688.0
1829.0 200.0
202.0 9480.0
1127.0 5715.0
6309.0 5984.0
3507.0 6074.0
4525.0 3549.0
224.0 2166.0
8133.0 4965.0
9427.0 2442.0
8534.0 9100.0
443.0 6373.0
7891.0 2416.0
3069.0 9591.0
6184.0 8605.0
6318.0 4200.0
8364.0 1070.0
3509.0 231.0
9738.0 5471.0
3122.0 6709.0
281.0 2067.0
7349.0 3332.0
1010.0 81.0

4182.0 5467.0
6536.0 8274.0
4377.0 3146.0
8722.0 3193.0
1114.0 5173.0
9673.0 8207.0
2362.0 6222.0
4949.0 4453.0
9294.0 1359.0
889.0 5977.0
3244.0 7392.0
800.0 7334.0
1255.0 9134.0
2855.0 6276.0
2142.0 1589.0
2881.0 3797.0
7432.0 1525.0
7716.0 6220.0
4143.0 4394.0
7255.0 6590.0
8798.0 5106.0
5898.0 5053.0
4582.0 3609.0
6536.0 518.0
6078.0 8771.0
2742.0 8239.0
8453.0 6509.0
7345.0 636.0
568.0 689.0
8020.0 992.0
3881.0 7730.0
3109.0 2340.0
1558.0 8409.0
3278.0 6194.0
4743.0 2845.0
7223.0 8390.0
5356.0 7133.0
2056.0 1758.0
7362.0 2597.0
1551.0 7834.0
913.0 1162.0
7926.0 2375.0
6294.0 2788.0
5280.0 1850.0
7049.0 3485.0
5415.0 696.0
4252.0 4835.0
9138.0 1504.0
6286.0 8556.0
8763.0 2918.0
1097.0 2012.0
9946.0 2425.0
273.0 3226.0
3529.0 3792.0
6940.0 6316.0
543.0 1379.0
1813.0 833.0
6059.0 6027.0
4366.0 1026.0
30.0 9779.0
8513.0 3451.0
5793.0 9135.0
4727.0 3928.0
9406.0 9091.0
3000.0 7337.0
5450.0 2668.0
3557.0 6185.0
7524.0 3166.0
4766.0 6489.0
4020.0 8878.0
92.0 1875.0
2409.0 2476.0
8605.0 9423.0
7656.0 9796.0
5868.0 3216.0
2940.0 5273.0
4660.0 4070.0
3380.0 3709.0
7451.0 6420.0
5855.0 652.0
5040.0 5859.0
667.0 6066.0
8248.0 3249.0
3135.0 8546.0
2096.0 3969.0
5857.0 9798.0
4420.0 3190.0
4726.0 1612.0
3239.0 720.0
4442.0 41.0
9911.0 1340.0
1615.0 4044.0
7391.0 9162.0
6185.0 8279.0
5565.0 6927.0
4261.0 2306.0
8044.0 3792.0
8107.0 908.0
7349.0 7499.0
1373.0 2764.0
7892.0 9470.0
308.0 7199.0
8676.0 3781.0
4038.0 1241.0
99.0 3474.0
9655.0 1692.0
1835.0 205.0
207.0 9484.0
1131.0 5721.0
6314.0 5988.0
3512.0 6079.0
4530.0 3555.0
229.0 2171.0
8139.0 4970.0
9432.0 2447.0
8539.0 9106.0
449.0 6378.0
7896.0 2422.0
3074.0 9595.0
6189.0 8610.0
6323.0 4205.0
8370.0 1076.0
3513.0 236.0
9744.0 5475.0
3127.0 6713.0
285.0 2071.0
7353.0 3337.0
1015.0 86.0
