1
128 1 3.0 0.0 1000.0 3 160 240 100

6.5 13.5 29.3 58.5
13.0 27.0 58.5 117.0
19.5 40.5 87.8 175.5
26.0 54.0 117.0 234.0
39.0 81.0 175.5 351.0
52.0 108.0 234.0 468.0
58.5 121.5 263.3 526.5
65.0 135.0 292.5 585.0
78.0 162.0 351.0 702.0
0.0 180.0 390.0 780.0

2.0 5.0 8.0 11.0
5.0 8.0 11.0 14.0
9.0 12.0 15.0 18.0
11.0 14.0 17.0 20.0
15.0 18.0 21.0 24.0
18.0 21.0 24.0 27.0
20.0 23.0 26.0 29.0
25.0 28.0 31.0 34.0
29.0 32.0 35.0 38.0
0.0 34.0 37.0 40.0

1971.0 7094.0
8461.0 3338.0
2508.0 2348.0
9762.0 1852.0
4169.0 4828.0
1713.0 9734.0
8157.0 8109.0
5809.0 7438.0
2390.0 8071.0
8439.0 1770.0
8398.0 6043.0
4485.0 2771.0
1794.0 1869.0
7653.0 715.0
8244.0 7889.0
680.0 5441.0
9341.0 7301.0
1105.0 2746.0
5305.0 2890.0
749.0 5059.0
3913.0 4592.0
9579.0 6143.0
7584.0 6871.0
7114.0 2023.0
3027.0 9396.0
7044.0 2893.0
367.0 6977.0
3216.0 3209.0
1160.0 7248.0
7659.0 9706.0
7223.0 7076.0
3813.0 9566.0
4671.0 1163.0
620.0 3450.0
102.0 8826.0
5642.0 638.0
8321.0 7422.0
7874.0 5994.0
3532.0 3409.0
3418.0 985.0
8403.0 4503.0
9669.0 3474.0
7923.0 8922.0
6196.0 3530.0
7465.0 184.0
2965.0 4962.0
6967.0 8439.0
9080.0 4816.0
5643.0 1813.0
7696.0 5558.0
4146.0 3735.0
5282.0 7172.0
3586.0 4734.0
5880.0 8892.0
3331.0 9670.0
3537.0 2804.0
1989.0 3886.0
8579.0 4041.0
8498.0 4247.0
5865.0 4790.0
2730.0 3557.0
5720.0 1858.0
7530.0 9319.0
685.0 9994.0
6598.0 312.0
3758.0 5721.0
5130.0 6977.0
6288.0 8891.0
2635.0 4073.0
6192.0 1688.0
9835.0 6588.0
9647.0 7312.0
4071.0 2377.0
1937.0 3071.0
125.0 7507.0
5597.0 5096.0
5864.0 2785.0
6546.0 4424.0
4642.0 2444.0
1349.0 6660.0
8842.0 8465.0
1281.0 9946.0
1506.0 6506.0
1366.0 8482.0
5441.0 1932.0
5035.0 1292.0
1731.0 6892.0
7588.0 8499.0
2057.0 1957.0
4111.0 9804.0
1749.0 8259.0
12.0 2417.0
2983.0 8637.0
4850.0 8156.0
27.0 8750.0
2612.0 1939.0
963.0 1632.0
4104.0 6409.0
2793.0 1686.0
9625.0 9901.0
9337.0 6561.0
2575.0 7487.0
3858.0 7924.0
7182.0 7328.0
792.0 4569.0
5989.0 7055.0
3544.0 3873.0
5286.0 7401.0
7715.0 49.0
9134.0 2825.0
1714.0 185.0
5153.0 1337.0
9144.0 1542.0
7743.0 8267.0
9894.0 6096.0
6890.0 1189.0
9327.0 784.0
3233.0 5739.0
7511.0 4445.0
2541.0 4550.0
2873.0 4928.0
5290.0 4025.0
7221.0 2345.0
9469.0 6183.0
1517.0 6933.0
7312.0 5295.0
4346.0 2529.0
9099.0 1552.0

1976.0 7098.0
8466.0 3344.0
2514.0 2352.0
9768.0 1858.0
4175.0 4833.0
1717.0 9739.0
8161.0 8114.0
5813.0 7442.0
2395.0 8076.0
8444.0 1776.0
8404.0 6049.0
4490.0 2775.0
1799.0 1875.0
7658.0 720.0
8249.0 7895.0
685.0 5447.0
9346.0 7307.0
1111.0 2751.0
5310.0 2895.0
755.0 5063.0
3918.0 4597.0
9585.0 6147.0
7589.0 6876.0
7120.0 2028.0
3033.0 9400.0
7048.0 2898.0
372.0 6982.0
3221.0 3213.0
1165.0 7254.0
7663.0 9712.0
7228.0 7081.0
3817.0 9571.0
4676.0 1167.0
624.0 3455.0
107.0 8831.0
5648.0 643.0
8325.0 7426.0
7879.0 5998.0
3537.0 3415.0
3423.0 989.0
8408.0 4509.0
9674.0 3479.0
7928.0 8927.0
6202.0 3535.0
7471.0 190.0
2971.0 4967.0
6973.0 8444.0
9085.0 4821.0
5649.0 1818.0
7700.0 5562.0
4152.0 3741.0
5287.0 7178.0
3590.0 4739.0
5886.0 8896.0
3336.0 9674.0
3542.0 2808.0
1993.0 3891.0
8585.0 4047.0
8503.0 4252.0
5869.0 4794.0
2735.0 3562.0
5725.0 1863.0
7535.0 9325.0
689.0 9999.0
6603.0 317.0
3762.0 5726.0
5135.0 6981.0
6293.0 8895.0
2640.0 4079.0
6198.0 1693.0
9840.0 6593.0
9652.0 7317.0
4076.0 2381.0
1942.0 3076.0
130.0 7512.0
5602.0 5101.0
5869.0 2790.0
6552.0 4429.0
4648.0 2449.0
1354.0 6665.0
8846.0 8469.0
1286.0 9951.0
1511.0 6510.0
1371.0 8486.0
5445.0 1938.0
5040.0 1296.0
1737.0 6896.0
7594.0 8504.0
2063.0 1961.0
4116.0 9810.0
1753.0 8263.0
17.0 2422.0
2988.0 8642.0
4855.0 8161.0
33.0 8756.0
2618.0 1944.0
967.0 1637.0
4108.0 6414.0
2797.0 1690.0
9629.0 9907.0
9341.0 6566.0
2580.0 7491.0
3862.0 7929.0
7186.0 7332.0
798.0 4574.0
5994.0 7061.0
3550.0 3877.0
5292.0 7405.0
7719.0 54.0
9140.0 2829.0
1719.0 191.0
5157.0 1342.0
9150.0 1546.0
7749.0 8272.0
9900.0 6102.0
6895.0 1193.0
9331.0 788.0
3238.0 5743.0
7516.0 4451.0
2546.0 4555.0
2878.0 4934.0
5295.0 4029.0
7227.0 2350.0
9475.0 6188.0
1522.0 6938.0
7317.0 5301.0
4351.0 2535.0
9105.0 1557.0
