1
128 1 3.0 0.0 1000.0 3 160 240 100

6.5 13.5 29.3 58.5
13.0 27.0 58.5 117.0
19.5 40.5 87.8 175.5
26.0 54.0 117.0 234.0
39.0 81.0 175.5 351.0
52.0 108.0 234.0 468.0
58.5 121.5 263.3 526.5
65.0 135.0 292.5 585.0
78.0 162.0 351.0 702.0
0.0 180.0 390.0 780.0

2.0 5.0 8.0 11.0
5.0 8.0 11.0 14.0
9.0 12.0 15.0 18.0
11.0 14.0 17.0 20.0
15.0 18.0 21.0 24.0
18.0 21.0 24.0 27.0
20.0 23.0 26.0 29.0
25.0 28.0 31.0 34.0
29.0 32.0 35.0 38.0
0.0 34.0 37.0 40.0

4148.0 3738.0
2985.0 9476.0
6292.0 6551.0
8981.0 686.0
8169.0 4910.0
6236.0 8244.0
1821.0 6025.0
44.0 6000.0
1270.0 5229.0
1112.0 1632.0
3050.0 568.0
9046.0 1227.0
2812.0 9810.0
5059.0 6476.0
9923.0 875.0
7068.0 6698.0
4477.0 9142.0
2842.0 430.0
3623.0 7620.0
9365.0 3797.0
6633.0 8460.0
9088.0 5408.0
617.0 6778.0
6211.0 9981.0
1304.0 274.0
8691.0 5440.0
5800.0 616.0
4104.0 714.0
6740.0 5068.0
61.0 3938.0
9742.0 9343.0
2315.0 3321.0
8588.0 5154.0
6232.0 5376.0
5034.0 8431.0
9798.0 7751.0
2670.0 6704.0
8812.0 6393.0
6742.0 6595.0
7441.0 9256.0
4354.0 4932.0
9794.0 1299.0
1953.0 9435.0
679.0 7981.0
9531.0 7453.0
6213.0 7000.0
3431.0 3750.0
7447.0 476.0
2197.0 790.0
2657.0 2338.0
2368.0 7511.0
6496.0 8110.0
3630.0 5064.0
6628.0 6843.0
5245.0 494.0
1053.0 7411.0
8172.0 1833.0
1753.0 3899.0
9785.0 588.0
2837.0 7313.0
613.0 102.0
3853.0 3328.0
5011.0 756.0
1421.0 8319.0
175.0 5496.0
4857.0 8381.0
412.0 1664.0
3952.0 8579.0
6097.0 7597.0
9570.0 2149.0
9199.0 4981.0
221.0 1877.0
9826.0 442.0
292.0 8385.0
673.0 2329.0
8077.0 2542.0
8805.0 1193.0
4290.0 1743.0
6686.0 4911.0
4206.0 2263.0
6861.0 1961.0
9120.0 2429.0
7212.0 8793.0
5251.0 3824.0
6201.0 9802.0
801.0 262.0
13.0 857.0
4287.0 6749.0
6007.0 9873.0
9843.0 3161.0
9408.0 411.0
7645.0 9868.0
2627.0 6753.0
119.0 5029.0
9147.0 1472.0
7097.0 5786.0
6376.0 8928.0
5598.0 8071.0
4382.0 706.0
2378.0 2279.0
9933.0 1441.0
9927.0 4505.0
7742.0 6033.0
9073.0 5593.0
3343.0 1704.0
3857.0 2706.0
4508.0 898.0
6845.0 663.0
616.0 3478.0
5532.0 2750.0
1894.0 9209.0
3022.0 3245.0
2934.0 4010.0
8621.0 6380.0
7421.0 5929.0
6533.0 8961.0
3453.0 9343.0
3305.0 6384.0
1404.0 8343.0
7194.0 4261.0
8712.0 2784.0
5118.0 388.0
8529.0 2984.0
5350.0 4291.0
1636.0 1536.0
6632.0 4057.0
3539.0 3222.0
6859.0 2690.0

4152.0 3743.0
2990.0 9481.0
6298.0 6557.0
8987.0 692.0
8174.0 4915.0
6240.0 8249.0
1827.0 6030.0
49.0 6006.0
1275.0 5233.0
1117.0 1637.0
3055.0 573.0
9052.0 1231.0
2817.0 9815.0
5064.0 6481.0
9928.0 879.0
7074.0 6703.0
4481.0 9147.0
2847.0 435.0
3627.0 7624.0
9370.0 3802.0
6638.0 8466.0
9093.0 5412.0
621.0 6783.0
6216.0 9987.0
1308.0 280.0
8695.0 5446.0
5804.0 621.0
4109.0 719.0
6745.0 5072.0
66.0 3943.0
9746.0 9348.0
2320.0 3325.0
8593.0 5159.0
6237.0 5382.0
5039.0 8437.0
9803.0 7756.0
2676.0 6709.0
8818.0 6397.0
6747.0 6600.0
7445.0 9261.0
4359.0 4937.0
9798.0 1304.0
1958.0 9441.0
683.0 7985.0
9536.0 7458.0
6218.0 7005.0
3437.0 3755.0
7452.0 481.0
2201.0 794.0
2661.0 2343.0
2373.0 7516.0
6502.0 8114.0
3636.0 5069.0
6633.0 6848.0
5251.0 499.0
1059.0 7415.0
8178.0 1839.0
1759.0 3903.0
9790.0 592.0
2841.0 7319.0
618.0 107.0
3858.0 3333.0
5016.0 760.0
1426.0 8324.0
180.0 5501.0
4862.0 8387.0
416.0 1670.0
3958.0 8585.0
6102.0 7602.0
9575.0 2154.0
9204.0 4987.0
225.0 1881.0
9832.0 447.0
297.0 8390.0
678.0 2333.0
8082.0 2547.0
8810.0 1198.0
4294.0 1748.0
6690.0 4916.0
4210.0 2267.0
6866.0 1966.0
9125.0 2434.0
7217.0 8799.0
5256.0 3830.0
6205.0 9807.0
806.0 267.0
17.0 861.0
4292.0 6755.0
6011.0 9878.0
9849.0 3167.0
9414.0 415.0
7650.0 9874.0
2632.0 6758.0
125.0 5035.0
9152.0 1477.0
7102.0 5791.0
6380.0 8932.0
5604.0 8075.0
4387.0 711.0
2382.0 2284.0
9939.0 1445.0
9931.0 4510.0
7747.0 6039.0
9079.0 5599.0
3348.0 1708.0
3862.0 2710.0
4513.0 902.0
6851.0 669.0
622.0 3483.0
5538.0 2754.0
1899.0 9215.0
3027.0 3250.0
2939.0 4016.0
8627.0 6384.0
7427.0 5935.0
6539.0 8967.0
3458.0 9349.0
3309.0 6388.0
1409.0 8347.0
7200.0 4265.0
8718.0 2790.0
5123.0 393.0
8534.0 2988.0
5355.0 4296.0
1642.0 1542.0
6638.0 4062.0
3543.0 3228.0
6864.0 2696.0
