1
128 1 3.0 0.0 1000.0 3 160 240 100

6.5 13.5 29.3 58.5
13.0 27.0 58.5 117.0
19.5 40.5 87.8 175.5
26.0 54.0 117.0 234.0
39.0 81.0 175.5 351.0
52.0 108.0 234.0 468.0
58.5 121.5 263.3 526.5
65.0 135.0 292.5 585.0
78.0 162.0 351.0 702.0
0.0 180.0 390.0 780.0

2.0 5.0 8.0 11.0
5.0 8.0 11.0 14.0
9.0 12.0 15.0 18.0
11.0 14.0 17.0 20.0
15.0 18.0 21.0 24.0
18.0 21.0 24.0 27.0
20.0 23.0 26.0 29.0
25.0 28.0 31.0 34.0
29.0 32.0 35.0 38.0
0.0 34.0 37.0 40.0

9876.0 3857.0
7022.0 7657.0
1688.0 3971.0
7338.0 3633.0
2217.0 1962.0
5724.0 5845.0
8174.0 2570.0
8944.0 8294.0
6103.0 4942.0
3958.0 3116.0
3647.0 5149.0
5900.0 6846.0
4399.0 8625.0
2778.0 6791.0
8246.0 3524.0
59.0 9733.0
1614.0 8460.0
816.0 7697.0
4550.0 608.0
9581.0 8007.0
4020.0 2642.0
585.0 7354.0
5374.0 9492.0
3538.0 2105.0
6368.0 8387.0
2625.0 9583.0
663.0 8177.0
6863.0 7534.0
216.0 6383.0
2507.0 1523.0
8485.0 4984.0
651.0 2470.0
8844.0 8395.0
5689.0 9064.0
5136.0 9618.0
2818.0 2274.0
3780.0 3047.0
5219.0 1691.0
9332.0 4898.0
4105.0 5920.0
7927.0 4751.0
7290.0 1750.0
5514.0 4156.0
4435.0 9337.0
288.0 817.0
9653.0 3116.0
1251.0 9292.0
4622.0 669.0
7295.0 1716.0
7876.0 4286.0
3742.0 4501.0
8436.0 2439.0
5738.0 9510.0
4452.0 883.0
424.0 659.0
9.0 5640.0
2299.0 9449.0
5767.0 2565.0
8679.0 5376.0
1604.0 733.0
4683.0 9726.0
1912.0 9368.0
9641.0 3707.0
6728.0 555.0
9353.0 4405.0
4348.0 2438.0
1107.0 4540.0
3600.0 152.0
867.0 4501.0
6429.0 4201.0
4552.0 7630.0
3971.0 8518.0
7815.0 2236.0
1766.0 2929.0
1238.0 6314.0
2290.0 7248.0
358.0 3452.0
5451.0 6730.0
2434.0 883.0
232.0 1109.0
4372.0 3190.0
3129.0 1948.0
8728.0 7610.0
1565.0 5524.0
7187.0 9433.0
2921.0 980.0
3449.0 8461.0
2378.0 5967.0
9930.0 14.0
5202.0 4503.0
5184.0 6450.0
1661.0 4277.0
1475.0 7684.0
5225.0 3120.0
4401.0 1673.0
7224.0 6880.0
8989.0 8352.0
3605.0 3414.0
9173.0 2997.0
1986.0 9933.0
77.0 7480.0
9641.0 3423.0
5000.0 416.0
5600.0 6373.0
1537.0 9648.0
2509.0 2524.0
3736.0 3075.0
6439.0 9887.0
9710.0 6282.0
5284.0 732.0
6618.0 7951.0
8929.0 794.0
7431.0 6543.0
6836.0 2414.0
6392.0 4202.0
1234.0 8840.0
2589.0 6386.0
6556.0 9419.0
3549.0 8179.0
8295.0 7906.0
3280.0 777.0
6953.0 8615.0
1653.0 4107.0
5220.0 7636.0
4565.0 4077.0
9088.0 8851.0
6774.0 5417.0
6021.0 6971.0

9881.0 3861.0
7026.0 7662.0
1692.0 3975.0
7344.0 3639.0
2223.0 1966.0
5730.0 5849.0
8179.0 2575.0
8949.0 8298.0
6107.0 4947.0
3963.0 3121.0
3652.0 5154.0
5905.0 6851.0
4405.0 8630.0
2782.0 6795.0
8251.0 3529.0
65.0 9739.0
1620.0 8465.0
821.0 7703.0
4556.0 612.0
9587.0 8012.0
4025.0 2647.0
590.0 7359.0
5379.0 9497.0
3544.0 2111.0
6372.0 8392.0
2630.0 9589.0
667.0 8182.0
6869.0 7540.0
221.0 6387.0
2512.0 1529.0
8490.0 4988.0
656.0 2475.0
8849.0 8400.0
5693.0 9069.0
5141.0 9624.0
2822.0 2280.0
3785.0 3053.0
5223.0 1696.0
9337.0 4903.0
4110.0 5926.0
7932.0 4756.0
7295.0 1755.0
5518.0 4162.0
4439.0 9343.0
293.0 822.0
9657.0 3121.0
1257.0 9297.0
4627.0 675.0
7299.0 1722.0
7880.0 4291.0
3746.0 4506.0
8440.0 2445.0
5742.0 9516.0
4458.0 888.0
429.0 665.0
13.0 5644.0
2304.0 9453.0
5773.0 2569.0
8684.0 5381.0
1610.0 737.0
4688.0 9730.0
1918.0 9372.0
9646.0 3711.0
6733.0 561.0
9358.0 4410.0
4354.0 2443.0
1113.0 4545.0
3605.0 158.0
873.0 4506.0
6433.0 4205.0
4557.0 7636.0
3976.0 8522.0
7819.0 2241.0
1772.0 2935.0
1244.0 6319.0
2295.0 7252.0
363.0 3457.0
5457.0 6735.0
2438.0 888.0
236.0 1114.0
4376.0 3196.0
3134.0 1954.0
8733.0 7615.0
1571.0 5529.0
7192.0 9439.0
2926.0 984.0
3455.0 8466.0
2383.0 5972.0
9935.0 18.0
5207.0 4508.0
5189.0 6454.0
1665.0 4282.0
1480.0 7688.0
5231.0 3126.0
4405.0 1677.0
7229.0 6885.0
8994.0 8358.0
3609.0 3418.0
9179.0 3002.0
1992.0 9939.0
83.0 7486.0
9646.0 3428.0
5004.0 422.0
5605.0 6378.0
1542.0 9654.0
2514.0 2529.0
3740.0 3081.0
6444.0 9892.0
9715.0 6288.0
5289.0 738.0
6622.0 7957.0
8935.0 799.0
7435.0 6547.0
6840.0 2418.0
6397.0 4207.0
1239.0 8844.0
2595.0 6392.0
6562.0 9424.0
3554.0 8184.0
8301.0 7911.0
3286.0 782.0
6957.0 8620.0
1657.0 4112.0
5226.0 7640.0
4570.0 4082.0
9093.0 8856.0
6779.0 5422.0
6026.0 6976.0
