1
128 1 3.0 0.0 1000.0 3 160 240 100

6.5 13.5 29.3 58.5
13.0 27.0 58.5 117.0
19.5 40.5 87.8 175.5
26.0 54.0 117.0 234.0
39.0 81.0 175.5 351.0
52.0 108.0 234.0 468.0
58.5 121.5 263.3 526.5
65.0 135.0 292.5 585.0
78.0 162.0 351.0 702.0
0.0 180.0 390.0 780.0

2.0 5.0 8.0 11.0
5.0 8.0 11.0 14.0
9.0 12.0 15.0 18.0
11.0 14.0 17.0 20.0
15.0 18.0 21.0 24.0
18.0 21.0 24.0 27.0
20.0 23.0 26.0 29.0
25.0 28.0 31.0 34.0
29.0 32.0 35.0 38.0
0.0 34.0 37.0 40.0

4466.0 4401.0
5604.0 5211.0
1770.0 8146.0
2798.0 8523.0
4712.0 5696.0
5418.0 8598.0
7715.0 7301.0
902.0 4706.0
303.0 3435.0
7405.0 1729.0
1997.0 8759.0
1659.0 4125.0
3304.0 8510.0
6054.0 2491.0
4686.0 8296.0
8113.0 4965.0
7946.0 787.0
8012.0 8187.0
6934.0 5256.0
2323.0 5052.0
6987.0 8467.0
4633.0 8972.0
5021.0 7877.0
6212.0 6881.0
4685.0 623.0
2383.0 5710.0
3499.0 4284.0
2771.0 9549.0
1371.0 7890.0
6087.0 7240.0
2439.0 4140.0
2609.0 2606.0
4615.0 6333.0
35.0 2061.0
3777.0 5961.0
859.0 6819.0
2003.0 9464.0
1940.0 9427.0
1766.0 5101.0
9434.0 6853.0
513.0 3436.0
4740.0 4857.0
2526.0 7395.0
9635.0 861.0
7493.0 389.0
1260.0 5061.0
7696.0 3467.0
112.0 1991.0
8235.0 4975.0
6721.0 7278.0
7190.0 8710.0
5169.0 6808.0
5157.0 9031.0
4103.0 8029.0
6049.0 3914.0
8433.0 5627.0
3587.0 9425.0
7353.0 6284.0
403.0 1576.0
6865.0 9764.0
9145.0 4067.0
7459.0 6042.0
7528.0 2860.0
126.0 698.0
1724.0 1083.0
6357.0 3326.0
5006.0 230.0
293.0 6147.0
1080.0 6144.0
3703.0 2593.0
3987.0 742.0
6931.0 8058.0
9021.0 2977.0
1496.0 7557.0
1553.0 5003.0
2507.0 7516.0
3192.0 2022.0
1541.0 1424.0
7183.0 6792.0
3168.0 1562.0
7469.0 2265.0
777.0 1548.0
8319.0 8345.0
9864.0 6922.0
3950.0 1228.0
9453.0 3490.0
38.0 6309.0
4816.0 5660.0
1552.0 8130.0
7146.0 9501.0
3815.0 3351.0
8352.0 7736.0
6202.0 5205.0
1647.0 6416.0
400.0 439.0
1079.0 5482.0
7637.0 2188.0
5683.0 7958.0
1791.0 4785.0
6411.0 4991.0
7803.0 8964.0
6502.0 6465.0
7303.0 8448.0
8459.0 9423.0
5855.0 1382.0
3302.0 9019.0
8752.0 2607.0
253.0 9220.0
4757.0 5232.0
7516.0 3000.0
9725.0 2495.0
7333.0 4238.0
4489.0 3386.0
948.0 6050.0
3964.0 7998.0
1683.0 2793.0
6847.0 1104.0
6756.0 5447.0
7847.0 4914.0
1020.0 2621.0
6855.0 4504.0
8293.0 1899.0
1967.0 1885.0
8428.0 8753.0
5770.0 7194.0
798.0 2754.0
6818.0 7982.0
7356.0 3301.0

4472.0 4406.0
5609.0 5216.0
1775.0 8151.0
2803.0 8528.0
4716.0 5701.0
5422.0 8602.0
7719.0 7306.0
906.0 4711.0
308.0 3439.0
7410.0 1734.0
2001.0 8764.0
1664.0 4129.0
3310.0 8516.0
6059.0 2495.0
4691.0 8301.0
8117.0 4969.0
7951.0 791.0
8017.0 8192.0
6938.0 5261.0
2328.0 5057.0
6992.0 8473.0
4639.0 8977.0
5025.0 7883.0
6218.0 6886.0
4690.0 628.0
2389.0 5714.0
3503.0 4288.0
2775.0 9554.0
1376.0 7895.0
6092.0 7244.0
2443.0 4146.0
2615.0 2612.0
4621.0 6338.0
40.0 2065.0
3783.0 5967.0
864.0 6823.0
2008.0 9469.0
1945.0 9432.0
1771.0 5106.0
9438.0 6859.0
519.0 3441.0
4744.0 4862.0
2531.0 7401.0
9640.0 865.0
7499.0 395.0
1265.0 5066.0
7702.0 3472.0
117.0 1996.0
8239.0 4980.0
6725.0 7283.0
7195.0 8715.0
5174.0 6812.0
5163.0 9037.0
4109.0 8035.0
6053.0 3918.0
8438.0 5633.0
3591.0 9429.0
7357.0 6290.0
408.0 1582.0
6869.0 9770.0
9150.0 4073.0
7463.0 6047.0
7533.0 2865.0
132.0 702.0
1730.0 1088.0
6361.0 3331.0
5010.0 236.0
299.0 6153.0
1084.0 6149.0
3708.0 2598.0
3992.0 747.0
6935.0 8062.0
9026.0 2981.0
1501.0 7563.0
1559.0 5007.0
2513.0 7522.0
3197.0 2027.0
1546.0 1430.0
7188.0 6797.0
3173.0 1567.0
7474.0 2270.0
783.0 1553.0
8323.0 8349.0
9869.0 6927.0
3955.0 1233.0
9457.0 3495.0
43.0 6314.0
4822.0 5666.0
1556.0 8135.0
7152.0 9506.0
3821.0 3357.0
8356.0 7742.0
6207.0 5209.0
1651.0 6421.0
404.0 445.0
1085.0 5486.0
7641.0 2192.0
5688.0 7964.0
1796.0 4789.0
6417.0 4996.0
7807.0 8969.0
6508.0 6469.0
7308.0 8454.0
8463.0 9428.0
5861.0 1387.0
3306.0 9025.0
8756.0 2611.0
258.0 9226.0
4763.0 5238.0
7521.0 3006.0
9730.0 2500.0
7337.0 4242.0
4494.0 3392.0
953.0 6055.0
3968.0 8003.0
1688.0 2798.0
6853.0 1110.0
6761.0 5452.0
7852.0 4920.0
1025.0 2627.0
6860.0 4508.0
8298.0 1903.0
1973.0 1890.0
8433.0 8759.0
5775.0 7199.0
804.0 2758.0
6822.0 7986.0
7361.0 3306.0
