1
128 1 3.0 0.0 1000.0 3 160 240 100

6.5 13.5 29.3 58.5
13.0 27.0 58.5 117.0
19.5 40.5 87.8 175.5
26.0 54.0 117.0 234.0
39.0 81.0 175.5 351.0
52.0 108.0 234.0 468.0
58.5 121.5 263.3 526.5
65.0 135.0 292.5 585.0
78.0 162.0 351.0 702.0
0.0 180.0 390.0 780.0

2.0 5.0 8.0 11.0
5.0 8.0 11.0 14.0
9.0 12.0 15.0 18.0
11.0 14.0 17.0 20.0
15.0 18.0 21.0 24.0
18.0 21.0 24.0 27.0
20.0 23.0 26.0 29.0
25.0 28.0 31.0 34.0
29.0 32.0 35.0 38.0
0.0 34.0 37.0 40.0

2720.0 6204.0
8111.0 8817.0
9756.0 3633.0
2957.0 2743.0
1034.0 445.0
8706.0 288.0
9596.0 1806.0
6622.0 8556.0
2106.0 22.0
7796.0 8704.0
3674.0 292.0
8429.0 9194.0
3761.0 3898.0
9333.0 6657.0
5075.0 9798.0
2830.0 6595.0
9875.0 8110.0
2692.0 8634.0
602.0 1456.0
5306.0 3574.0
4238.0 2639.0
2716.0 1952.0
2324.0 9648.0
711.0 6341.0
1030.0 1441.0
7620.0 2121.0
8218.0 500.0
1980.0 3942.0
6885.0 640.0
9741.0 7606.0
6917.0 1027.0
4176.0 9603.0
9566.0 9897.0
4145.0 9010.0
1556.0 3956.0
8901.0 9000.0
8240.0 1923.0
79.0 7673.0
7722.0 3206.0
4047.0 438.0
351.0 5177.0
278.0 8681.0
508.0 5034.0
3905.0 1937.0
98.0 4712.0
3126.0 3292.0
5661.0 9840.0
4625.0 247.0
3514.0 6195.0
2665.0 5771.0
9841.0 9649.0
28.0 6761.0
5144.0 8084.0
1457.0 9647.0
4971.0 6238.0
2767.0 5357.0
1329.0 6976.0
1294.0 8379.0
1701.0 4947.0
5838.0 7141.0
5086.0 1116.0
6768.0 5434.0
6962.0 9139.0
9453.0 7112.0
7597.0 7065.0
6684.0 8785.0
627.0 331.0
8250.0 7742.0
1292.0 4541.0
8328.0 4819.0
6275.0 8989.0
3864.0 4460.0
9536.0 4419.0
9588.0 6660.0
1056.0 984.0
7849.0 8064.0
7922.0 4893.0
3922.0 1905.0
9650.0 4715.0
9948.0 9038.0
2160.0 811.0
3185.0 4778.0
7338.0 3895.0
6717.0 8783.0
7568.0 1162.0
3300.0 7693.0
7174.0 1000.0
5498.0 2766.0
5169.0 9734.0
7783.0 7232.0
6244.0 6386.0
8750.0 583.0
9384.0 3939.0
4125.0 9543.0
6050.0 8062.0
3721.0 7930.0
2330.0 6793.0
8013.0 143.0
1973.0 7137.0
2484.0 5498.0
9720.0 7071.0
419.0 3142.0
6853.0 3924.0
7311.0 9771.0
3363.0 2614.0
2526.0 4877.0
3664.0 9711.0
6413.0 749.0
5263.0 1811.0
3513.0 6963.0
2290.0 9193.0
5021.0 1574.0
8326.0 8238.0
6190.0 3754.0
5408.0 8577.0
6818.0 5082.0
8664.0 3465.0
5488.0 9227.0
8462.0 4335.0
735.0 2255.0
4500.0 3024.0
4791.0 8265.0
8752.0 7639.0
8082.0 7604.0
6679.0 545.0
5131.0 7370.0
8617.0 9448.0
5043.0 6448.0

2725.0 6208.0
8115.0 8822.0
9760.0 3638.0
2962.0 2748.0
1039.0 451.0
8710.0 294.0
9600.0 1811.0
6626.0 8561.0
2111.0 27.0
7801.0 8709.0
3680.0 298.0
8435.0 9198.0
3767.0 3904.0
9338.0 6661.0
5079.0 9802.0
2834.0 6600.0
9879.0 8115.0
2697.0 8639.0
607.0 1461.0
5311.0 3579.0
4243.0 2645.0
2722.0 1958.0
2330.0 9654.0
716.0 6347.0
1035.0 1447.0
7625.0 2125.0
8223.0 504.0
1984.0 3947.0
6890.0 645.0
9745.0 7612.0
6921.0 1032.0
4182.0 9609.0
9570.0 9901.0
4150.0 9015.0
1561.0 3962.0
8906.0 9006.0
8245.0 1927.0
85.0 7678.0
7727.0 3211.0
4052.0 443.0
355.0 5183.0
283.0 8686.0
513.0 5038.0
3909.0 1942.0
103.0 4717.0
3130.0 3297.0
5666.0 9845.0
4630.0 252.0
3519.0 6201.0
2670.0 5775.0
9846.0 9653.0
32.0 6766.0
5148.0 8088.0
1463.0 9651.0
4976.0 6243.0
2772.0 5362.0
1334.0 6980.0
1299.0 8384.0
1706.0 4953.0
5842.0 7146.0
5090.0 1122.0
6773.0 5439.0
6967.0 9145.0
9458.0 7117.0
7602.0 7070.0
6688.0 8790.0
633.0 336.0
8255.0 7747.0
1296.0 4546.0
8334.0 4824.0
6281.0 8995.0
3869.0 4465.0
9540.0 4424.0
9593.0 6665.0
1061.0 988.0
7854.0 8070.0
7928.0 4898.0
3928.0 1909.0
9655.0 4720.0
9953.0 9043.0
2165.0 815.0
3191.0 4783.0
7343.0 3900.0
6722.0 8788.0
7572.0 1167.0
3304.0 7698.0
7179.0 1006.0
5502.0 2770.0
5173.0 9738.0
7788.0 7236.0
6249.0 6391.0
8754.0 588.0
9388.0 3943.0
4129.0 9548.0
6055.0 8067.0
3726.0 7934.0
2334.0 6798.0
8019.0 148.0
1978.0 7141.0
2489.0 5503.0
9725.0 7076.0
424.0 3147.0
6857.0 3929.0
7315.0 9777.0
3368.0 2619.0
2531.0 4883.0
3669.0 9716.0
6419.0 754.0
5267.0 1815.0
3517.0 6969.0
2296.0 9197.0
5025.0 1580.0
8332.0 8243.0
6196.0 3759.0
5412.0 8583.0
6824.0 5088.0
8669.0 3469.0
5494.0 9232.0
8468.0 4339.0
740.0 2260.0
4504.0 3029.0
4797.0 8270.0
8758.0 7645.0
8087.0 7609.0
6683.0 549.0
5137.0 7375.0
8622.0 9453.0
5048.0 6453.0
