1
128 1 3.0 0.0 1000.0 3 160 240 100

6.5 13.5 29.3 58.5
13.0 27.0 58.5 117.0
19.5 40.5 87.8 175.5
26.0 54.0 117.0 234.0
39.0 81.0 175.5 351.0
52.0 108.0 234.0 468.0
58.5 121.5 263.3 526.5
65.0 135.0 292.5 585.0
78.0 162.0 351.0 702.0
0.0 180.0 390.0 780.0

2.0 5.0 8.0 11.0
5.0 8.0 11.0 14.0
9.0 12.0 15.0 18.0
11.0 14.0 17.0 20.0
15.0 18.0 21.0 24.0
18.0 21.0 24.0 27.0
20.0 23.0 26.0 29.0
25.0 28.0 31.0 34.0
29.0 32.0 35.0 38.0
0.0 34.0 37.0 40.0

6383.0 6364.0
804.0 1418.0
5360.0 9571.0
670.0 3619.0
2012.0 2310.0
6019.0 5779.0
6943.0 793.0
4976.0 1167.0
7227.0 9658.0
5278.0 6416.0
1974.0 5642.0
4041.0 6451.0
6478.0 6208.0
9264.0 4534.0
6856.0 4065.0
6210.0 9643.0
9593.0 1082.0
4346.0 5912.0
2916.0 7561.0
2996.0 1353.0
9393.0 5346.0
6377.0 5602.0
1695.0 5752.0
1177.0 8896.0
5911.0 5785.0
2344.0 7029.0
9345.0 8624.0
5247.0 9485.0
2211.0 6856.0
4871.0 510.0
5123.0 9428.0
5218.0 5322.0
6815.0 5795.0
4571.0 6189.0
8991.0 3249.0
4780.0 5622.0
7722.0 5891.0
5254.0 6378.0
3314.0 6237.0
4800.0 534.0
3037.0 2925.0
6985.0 2323.0
3662.0 503.0
7186.0 1991.0
3192.0 9773.0
1987.0 376.0
3714.0 9675.0
4090.0 6458.0
9784.0 4171.0
8406.0 2583.0
9259.0 126.0
7477.0 4609.0
5994.0 4646.0
6921.0 6689.0
6305.0 2859.0
4029.0 2912.0
3628.0 9611.0
5207.0 553.0
8283.0 1059.0
413.0 2124.0
1745.0 4624.0
5251.0 5981.0
7359.0 8307.0
3899.0 7704.0
1891.0 2809.0
8517.0 6968.0
4843.0 2465.0
3321.0 7145.0
4939.0 3444.0
3963.0 7358.0
5700.0 212.0
5402.0 9210.0
4523.0 3712.0
3913.0 2920.0
2168.0 7259.0
1418.0 90.0
2083.0 8614.0
2777.0 2830.0
1467.0 9216.0
9227.0 1469.0
8497.0 4051.0
3621.0 5576.0
2619.0 8131.0
5634.0 5515.0
7332.0 8065.0
7597.0 4272.0
7366.0 9689.0
4125.0 1768.0
4683.0 5245.0
1212.0 6388.0
192.0 6073.0
2935.0 959.0
622.0 9300.0
6459.0 2892.0
2440.0 9498.0
8481.0 729.0
7242.0 8795.0
8797.0 1808.0
5536.0 1400.0
9142.0 8276.0
8308.0 1046.0
7978.0 1188.0
8317.0 2291.0
4386.0 4900.0
5506.0 9189.0
6730.0 6497.0
3455.0 7282.0
4257.0 7477.0
6295.0 7404.0
2292.0 7415.0
7983.0 2266.0
4207.0 1839.0
8362.0 9304.0
5799.0 9045.0
2925.0 5765.0
282.0 3067.0
5675.0 4497.0
4516.0 2546.0
7028.0 1446.0
9663.0 7705.0
1141.0 8300.0
1928.0 174.0
9596.0 6295.0
1546.0 2881.0
861.0 9625.0
681.0 9736.0
7419.0 9459.0
3395.0 7345.0

6389.0 6368.0
810.0 1424.0
5364.0 9576.0
675.0 3625.0
2016.0 2315.0
6024.0 5784.0
6947.0 799.0
4981.0 1173.0
7233.0 9662.0
5283.0 6421.0
1980.0 5646.0
4047.0 6455.0
6483.0 6213.0
9269.0 4538.0
6862.0 4070.0
6215.0 9648.0
9598.0 1088.0
4350.0 5917.0
2921.0 7565.0
3000.0 1358.0
9397.0 5351.0
6382.0 5606.0
1700.0 5757.0
1182.0 8901.0
5915.0 5791.0
2349.0 7035.0
9349.0 8628.0
5253.0 9491.0
2215.0 6861.0
4876.0 516.0
5129.0 9433.0
5223.0 5327.0
6821.0 5801.0
4576.0 6194.0
8996.0 3253.0
4784.0 5627.0
7727.0 5897.0
5258.0 6383.0
3319.0 6241.0
4805.0 540.0
3041.0 2930.0
6991.0 2327.0
3667.0 508.0
7192.0 1995.0
3197.0 9777.0
1992.0 381.0
3719.0 9679.0
4096.0 6463.0
9789.0 4175.0
8410.0 2589.0
9264.0 131.0
7483.0 4615.0
5999.0 4651.0
6927.0 6694.0
6310.0 2863.0
4034.0 2917.0
3633.0 9616.0
5211.0 559.0
8287.0 1065.0
418.0 2129.0
1750.0 4628.0
5257.0 5987.0
7363.0 8312.0
3904.0 7708.0
1897.0 2814.0
8523.0 6972.0
4849.0 2470.0
3326.0 7149.0
4944.0 3450.0
3967.0 7364.0
5705.0 217.0
5407.0 9215.0
4527.0 3717.0
3919.0 2926.0
2173.0 7263.0
1424.0 95.0
2088.0 8619.0
2781.0 2835.0
1472.0 9220.0
9231.0 1474.0
8503.0 4055.0
3625.0 5581.0
2624.0 8136.0
5639.0 5519.0
7336.0 8069.0
7602.0 4277.0
7370.0 9694.0
4131.0 1773.0
4688.0 5251.0
1216.0 6394.0
198.0 6078.0
2940.0 965.0
626.0 9306.0
6464.0 2897.0
2445.0 9502.0
8486.0 733.0
7247.0 8799.0
8803.0 1814.0
5542.0 1405.0
9147.0 8280.0
8313.0 1052.0
7983.0 1194.0
8321.0 2296.0
4392.0 4906.0
5510.0 9193.0
6735.0 6502.0
3460.0 7287.0
4261.0 7482.0
6301.0 7409.0
2297.0 7419.0
7989.0 2270.0
4211.0 1845.0
8367.0 9308.0
5805.0 9050.0
2930.0 5769.0
288.0 3072.0
5680.0 4503.0
4521.0 2551.0
7033.0 1451.0
9668.0 7710.0
1145.0 8306.0
1933.0 180.0
9602.0 6299.0
1552.0 2886.0
867.0 9629.0
686.0 9741.0
7424.0 9463.0
3399.0 7350.0
