1
128 1 3.0 0.0 1000.0 3 160 240 100

6.5 13.5 29.3 58.5
13.0 27.0 58.5 117.0
19.5 40.5 87.8 175.5
26.0 54.0 117.0 234.0
39.0 81.0 175.5 351.0
52.0 108.0 234.0 468.0
58.5 121.5 263.3 526.5
65.0 135.0 292.5 585.0
78.0 162.0 351.0 702.0
0.0 180.0 390.0 780.0

2.0 5.0 8.0 11.0
5.0 8.0 11.0 14.0
9.0 12.0 15.0 18.0
11.0 14.0 17.0 20.0
15.0 18.0 21.0 24.0
18.0 21.0 24.0 27.0
20.0 23.0 26.0 29.0
25.0 28.0 31.0 34.0
29.0 32.0 35.0 38.0
0.0 34.0 37.0 40.0

7207.0 9111.0
4982.0 3021.0
1086.0 5755.0
8006.0 6306.0
8380.0 1713.0
2033.0 850.0
8737.0 6078.0
6708.0 5603.0
4921.0 379.0
696.0 8097.0
2665.0 3431.0
3257.0 8052.0
4121.0 6131.0
2536.0 1094.0
6790.0 7149.0
3746.0 4805.0
2374.0 3015.0
2906.0 1831.0
2434.0 8563.0
4287.0 7279.0
300.0 6214.0
2249.0 137.0
1116.0 5077.0
614.0 919.0
4462.0 3336.0
5250.0 293.0
6443.0 9911.0
8032.0 5890.0
684.0 3858.0
2834.0 7044.0
112.0 2496.0
6723.0 9674.0
3978.0 1732.0
2022.0 6037.0
7001.0 4550.0
7396.0 6587.0
64.0 6166.0
8637.0 3660.0
4374.0 6801.0
2298.0 9207.0
3497.0 5559.0
7860.0 1311.0
182.0 1389.0
6570.0 6714.0
7394.0 9602.0
7640.0 9067.0
5461.0 4921.0
4954.0 5151.0
9760.0 4546.0
9952.0 3775.0
5842.0 7198.0
8857.0 4591.0
1423.0 6634.0
4909.0 6552.0
7151.0 599.0
8763.0 8225.0
558.0 8693.0
2727.0 4707.0
121.0 5135.0
6994.0 8356.0
8830.0 4893.0
8537.0 3066.0
9200.0 4164.0
5830.0 4318.0
4119.0 8672.0
5055.0 9723.0
459.0 5770.0
5972.0 7298.0
4861.0 8817.0
8096.0 1191.0
3607.0 4807.0
364.0 7080.0
988.0 8724.0
9946.0 1984.0
3102.0 609.0
8362.0 5700.0
6462.0 3804.0
5581.0 3599.0
3368.0 5358.0
5252.0 3011.0
8419.0 2066.0
6742.0 7915.0
3112.0 8122.0
2132.0 9172.0
7913.0 2860.0
8857.0 16.0
3740.0 9558.0
1128.0 9042.0
7254.0 8785.0
5819.0 5411.0
6879.0 2269.0
976.0 3493.0
8963.0 5755.0
7610.0 6686.0
5998.0 1838.0
7947.0 2633.0
1309.0 6241.0
5783.0 4556.0
7129.0 3520.0
7129.0 5947.0
5467.0 666.0
1791.0 8335.0
3695.0 9593.0
9058.0 4352.0
9261.0 1970.0
3167.0 830.0
434.0 2387.0
6697.0 9160.0
2519.0 8334.0
2563.0 2630.0
1426.0 7958.0
7776.0 2967.0
9028.0 9078.0
4628.0 828.0
7222.0 5445.0
7472.0 7441.0
87.0 8710.0
5751.0 7144.0
6079.0 7080.0
6452.0 3035.0
4662.0 4148.0
1644.0 469.0
4287.0 3861.0
9259.0 5615.0
1147.0 106.0
7786.0 8820.0
605.0 1898.0
8050.0 4988.0

7212.0 9115.0
4987.0 3027.0
1091.0 5761.0
8011.0 6312.0
8384.0 1719.0
2038.0 856.0
8742.0 6082.0
6713.0 5608.0
4926.0 384.0
701.0 8101.0
2671.0 3436.0
3262.0 8057.0
4126.0 6136.0
2541.0 1099.0
6795.0 7154.0
3751.0 4811.0
2380.0 3020.0
2911.0 1836.0
2440.0 8568.0
4292.0 7284.0
304.0 6219.0
2254.0 142.0
1122.0 5082.0
619.0 925.0
4467.0 3341.0
5256.0 297.0
6448.0 9916.0
8037.0 5895.0
690.0 3863.0
2839.0 7049.0
117.0 2501.0
6728.0 9680.0
3984.0 1738.0
2027.0 6043.0
7006.0 4555.0
7402.0 6592.0
70.0 6170.0
8641.0 3664.0
4379.0 6805.0
2303.0 9211.0
3502.0 5565.0
7865.0 1316.0
186.0 1395.0
6575.0 6718.0
7398.0 9606.0
7644.0 9072.0
5466.0 4927.0
4959.0 5155.0
9766.0 4552.0
9957.0 3779.0
5847.0 7203.0
8862.0 4597.0
1429.0 6638.0
4914.0 6557.0
7156.0 605.0
8767.0 8231.0
562.0 8697.0
2731.0 4713.0
125.0 5139.0
7000.0 8361.0
8834.0 4898.0
8542.0 3071.0
9206.0 4169.0
5834.0 4324.0
4124.0 8677.0
5060.0 9729.0
464.0 5775.0
5977.0 7302.0
4866.0 8821.0
8101.0 1197.0
3612.0 4813.0
368.0 7085.0
994.0 8728.0
9951.0 1988.0
3106.0 614.0
8367.0 5706.0
6467.0 3810.0
5587.0 3605.0
3373.0 5362.0
5257.0 3016.0
8424.0 2071.0
6747.0 7919.0
3118.0 8126.0
2137.0 9177.0
7917.0 2864.0
8862.0 22.0
3746.0 9563.0
1134.0 9046.0
7259.0 8790.0
5824.0 5416.0
6885.0 2275.0
982.0 3499.0
8968.0 5760.0
7615.0 6691.0
6004.0 1844.0
7952.0 2638.0
1313.0 6245.0
5787.0 4562.0
7134.0 3526.0
7134.0 5952.0
5472.0 672.0
1796.0 8340.0
3701.0 9599.0
9063.0 4357.0
9265.0 1975.0
3172.0 836.0
440.0 2391.0
6701.0 9164.0
2524.0 8339.0
2567.0 2635.0
1430.0 7964.0
7782.0 2971.0
9032.0 9083.0
4634.0 834.0
7226.0 5450.0
7477.0 7445.0
91.0 8716.0
5756.0 7149.0
6084.0 7086.0
6456.0 3041.0
4666.0 4153.0
1649.0 475.0
4291.0 3866.0
9263.0 5621.0
1152.0 111.0
7792.0 8825.0
610.0 1902.0
8055.0 4993.0
