1
128 1 3.0 0.0 1000.0 3 160 240 100

6.5 13.5 29.3 58.5
13.0 27.0 58.5 117.0
19.5 40.5 87.8 175.5
26.0 54.0 117.0 234.0
39.0 81.0 175.5 351.0
52.0 108.0 234.0 468.0
58.5 121.5 263.3 526.5
65.0 135.0 292.5 585.0
78.0 162.0 351.0 702.0
0.0 180.0 390.0 780.0

2.0 5.0 8.0 11.0
5.0 8.0 11.0 14.0
9.0 12.0 15.0 18.0
11.0 14.0 17.0 20.0
15.0 18.0 21.0 24.0
18.0 21.0 24.0 27.0
20.0 23.0 26.0 29.0
25.0 28.0 31.0 34.0
29.0 32.0 35.0 38.0
0.0 34.0 37.0 40.0

1156.0 6497.0
7002.0 8720.0
6021.0 2522.0
8441.0 8283.0
3407.0 223.0
4359.0 8403.0
9289.0 8357.0
8371.0 3703.0
9553.0 8051.0
6051.0 1274.0
8377.0 1798.0
7517.0 918.0
5192.0 7390.0
1742.0 508.0
2127.0 7754.0
5748.0 8676.0
6378.0 176.0
4359.0 9565.0
4381.0 888.0
8671.0 6865.0
7236.0 3490.0
3892.0 6873.0
9272.0 2191.0
9740.0 2782.0
4181.0 3339.0
9041.0 4942.0
5624.0 1219.0
2702.0 4321.0
1739.0 6600.0
1722.0 8875.0
5444.0 8998.0
9402.0 5075.0
4970.0 6136.0
9421.0 9302.0
1522.0 6589.0
7939.0 6347.0
3490.0 4064.0
397.0 4730.0
9128.0 4323.0
6169.0 1081.0
2098.0 8197.0
6739.0 8298.0
6817.0 6693.0
5564.0 4706.0
3001.0 6646.0
278.0 3957.0
1330.0 7916.0
422.0 7887.0
4645.0 5585.0
6342.0 7055.0
1596.0 3153.0
7429.0 6201.0
2143.0 5183.0
371.0 4341.0
6840.0 400.0
568.0 1722.0
4306.0 8696.0
2381.0 8382.0
3792.0 8037.0
6385.0 1516.0
2278.0 9731.0
4275.0 1394.0
7991.0 3047.0
4606.0 8055.0
4771.0 2661.0
5014.0 3487.0
4200.0 4892.0
9100.0 6546.0
4899.0 1219.0
8628.0 321.0
916.0 56.0
4202.0 4173.0
3617.0 245.0
95.0 5186.0
3985.0 2260.0
1382.0 6246.0
4760.0 5599.0
4054.0 480.0
4313.0 3325.0
1263.0 4276.0
6685.0 7246.0
1380.0 3619.0
4689.0 9712.0
6002.0 958.0
5512.0 493.0
8610.0 2346.0
699.0 9725.0
7006.0 7063.0
4970.0 399.0
5216.0 4462.0
747.0 6369.0
3015.0 5256.0
7839.0 4347.0
3735.0 6973.0
175.0 882.0
3529.0 5816.0
4003.0 7775.0
7745.0 9641.0
4488.0 1927.0
2585.0 9281.0
93.0 8080.0
2698.0 7960.0
6680.0 5446.0
7890.0 995.0
5740.0 1679.0
4598.0 540.0
3655.0 184.0
304.0 2581.0
1425.0 9235.0
1541.0 5909.0
6758.0 3870.0
8673.0 5319.0
2938.0 4053.0
3092.0 3723.0
1405.0 5067.0
5015.0 445.0
7426.0 8629.0
2530.0 5394.0
811.0 5684.0
5061.0 1358.0
6051.0 4376.0
6928.0 9136.0
8824.0 9154.0
9138.0 2745.0
8254.0 9503.0
101.0 4416.0
6862.0 9270.0
8413.0 1619.0

1161.0 6502.0
7008.0 8724.0
6026.0 2527.0
8447.0 8289.0
3411.0 228.0
4364.0 8408.0
9294.0 8363.0
8377.0 3707.0
9558.0 8056.0
6057.0 1278.0
8382.0 1803.0
7523.0 923.0
5197.0 7395.0
1747.0 513.0
2131.0 7760.0
5753.0 8680.0
6384.0 181.0
4363.0 9569.0
4385.0 893.0
8675.0 6871.0
7241.0 3495.0
3897.0 6878.0
9278.0 2196.0
9746.0 2787.0
4187.0 3344.0
9046.0 4946.0
5629.0 1224.0
2706.0 4327.0
1744.0 6604.0
1726.0 8880.0
5448.0 9004.0
9408.0 5080.0
4974.0 6141.0
9425.0 9308.0
1527.0 6594.0
7945.0 6351.0
3496.0 4068.0
402.0 4736.0
9134.0 4327.0
6173.0 1085.0
2102.0 8202.0
6744.0 8303.0
6822.0 6698.0
5568.0 4711.0
3005.0 6650.0
282.0 3963.0
1334.0 7921.0
427.0 7892.0
4650.0 5590.0
6347.0 7059.0
1602.0 3157.0
7433.0 6205.0
2147.0 5188.0
376.0 4345.0
6845.0 405.0
573.0 1728.0
4311.0 8702.0
2386.0 8388.0
3798.0 8042.0
6391.0 1521.0
2284.0 9735.0
4279.0 1399.0
7996.0 3053.0
4611.0 8061.0
4775.0 2667.0
5019.0 3492.0
4205.0 4897.0
9105.0 6551.0
4905.0 1225.0
8633.0 326.0
920.0 60.0
4208.0 4177.0
3622.0 251.0
99.0 5191.0
3991.0 2266.0
1387.0 6250.0
4765.0 5605.0
4060.0 485.0
4318.0 3329.0
1268.0 4282.0
6690.0 7250.0
1385.0 3624.0
4693.0 9716.0
6006.0 964.0
5517.0 498.0
8614.0 2351.0
704.0 9730.0
7010.0 7069.0
4974.0 403.0
5220.0 4467.0
753.0 6373.0
3019.0 5261.0
7845.0 4352.0
3741.0 6979.0
180.0 887.0
3535.0 5821.0
4008.0 7780.0
7750.0 9646.0
4494.0 1932.0
2590.0 9286.0
98.0 8085.0
2704.0 7965.0
6684.0 5450.0
7894.0 1001.0
5744.0 1683.0
4604.0 545.0
3660.0 189.0
309.0 2587.0
1430.0 9241.0
1547.0 5913.0
6763.0 3876.0
8678.0 5323.0
2943.0 4057.0
3097.0 3728.0
1411.0 5071.0
5020.0 450.0
7431.0 8633.0
2536.0 5399.0
816.0 5689.0
5065.0 1362.0
6056.0 4382.0
6932.0 9142.0
8830.0 9159.0
9143.0 2750.0
8259.0 9508.0
107.0 4421.0
6868.0 9274.0
8417.0 1624.0
