1
128 1 3.0 0.0 1000.0 3 160 240 100

6.5 13.5 29.3 58.5
13.0 27.0 58.5 117.0
19.5 40.5 87.8 175.5
26.0 54.0 117.0 234.0
39.0 81.0 175.5 351.0
52.0 108.0 234.0 468.0
58.5 121.5 263.3 526.5
65.0 135.0 292.5 585.0
78.0 162.0 351.0 702.0
0.0 180.0 390.0 780.0

2.0 5.0 8.0 11.0
5.0 8.0 11.0 14.0
9.0 12.0 15.0 18.0
11.0 14.0 17.0 20.0
15.0 18.0 21.0 24.0
18.0 21.0 24.0 27.0
20.0 23.0 26.0 29.0
25.0 28.0 31.0 34.0
29.0 32.0 35.0 38.0
0.0 34.0 37.0 40.0

5723.0 7637.0
7712.0 5710.0
9797.0 4414.0
6694.0 365.0
2319.0 848.0
4156.0 5932.0
270.0 4416.0
213.0 7719.0
9174.0 6775.0
8046.0 5758.0
808.0 3027.0
4574.0 4070.0
7002.0 3424.0
350.0 2549.0
1419.0 8480.0
1841.0 3675.0
3758.0 971.0
1772.0 8785.0
3269.0 786.0
5670.0 1140.0
1006.0 1134.0
5305.0 5499.0
2733.0 7051.0
2160.0 6439.0
6888.0 9705.0
6627.0 138.0
4533.0 2471.0
1055.0 6855.0
692.0 7244.0
7357.0 3828.0
8991.0 1982.0
2296.0 824.0
4028.0 2938.0
6156.0 3056.0
8370.0 7577.0
2925.0 8705.0
3600.0 6631.0
2685.0 767.0
7329.0 6292.0
9345.0 5455.0
582.0 4005.0
9409.0 1877.0
2473.0 3843.0
9921.0 224.0
1591.0 9938.0
6259.0 8193.0
6001.0 8944.0
2947.0 7861.0
6273.0 5017.0
3139.0 7756.0
8467.0 3274.0
4950.0 7333.0
6475.0 221.0
5289.0 3591.0
5634.0 2118.0
4358.0 2061.0
2033.0 4764.0
6497.0 6877.0
4426.0 669.0
5511.0 7171.0
8151.0 2103.0
5168.0 9521.0
2994.0 988.0
8024.0 8654.0
9387.0 9113.0
8233.0 1162.0
9872.0 4644.0
6512.0 9442.0
5238.0 3421.0
7925.0 5575.0
7242.0 5996.0
5650.0 7402.0
2333.0 3909.0
6390.0 1492.0
3294.0 1160.0
5598.0 242.0
8213.0 9377.0
3167.0 2843.0
8695.0 7627.0
2772.0 2325.0
1733.0 375.0
503.0 3408.0
2153.0 9548.0
968.0 8406.0
5043.0 9192.0
1530.0 878.0
85.0 3687.0
7834.0 9281.0
2194.0 3015.0
6293.0 5337.0
5392.0 1032.0
1701.0 4344.0
9322.0 5250.0
624.0 7155.0
321.0 9076.0
3756.0 6063.0
1455.0 9.0
2872.0 9295.0
8447.0 9757.0
576.0 1373.0
904.0 4755.0
3482.0 9036.0
744.0 8065.0
2007.0 4977.0
2269.0 6120.0
2431.0 4105.0
759.0 6312.0
9396.0 9563.0
9038.0 3877.0
9506.0 8231.0
3893.0 9068.0
9179.0 7937.0
6790.0 8088.0
2443.0 1106.0
5778.0 3758.0
6810.0 2069.0
8004.0 4403.0
7913.0 7764.0
4759.0 1923.0
6057.0 4052.0
3459.0 2535.0
359.0 2372.0
3476.0 6151.0
8633.0 3973.0
5247.0 2889.0
3686.0 1435.0
4549.0 7664.0
9192.0 9709.0

5728.0 7643.0
7717.0 5716.0
9801.0 4418.0
6700.0 371.0
2324.0 852.0
4160.0 5937.0
274.0 4421.0
219.0 7723.0
9178.0 6780.0
8051.0 5764.0
813.0 3033.0
4579.0 4074.0
7007.0 3429.0
355.0 2553.0
1425.0 8485.0
1846.0 3680.0
3763.0 977.0
1777.0 8789.0
3275.0 791.0
5676.0 1146.0
1011.0 1138.0
5310.0 5505.0
2738.0 7055.0
2165.0 6443.0
6893.0 9710.0
6631.0 143.0
4539.0 2475.0
1060.0 6859.0
698.0 7249.0
7362.0 3832.0
8995.0 1988.0
2301.0 828.0
4033.0 2942.0
6162.0 3061.0
8374.0 7583.0
2930.0 8709.0
3606.0 6636.0
2690.0 771.0
7334.0 6298.0
9350.0 5460.0
588.0 4011.0
9414.0 1883.0
2478.0 3848.0
9927.0 229.0
1596.0 9944.0
6263.0 8197.0
6005.0 8948.0
2952.0 7866.0
6278.0 5022.0
3144.0 7760.0
8471.0 3279.0
4955.0 7338.0
6479.0 226.0
5294.0 3597.0
5638.0 2123.0
4364.0 2066.0
2037.0 4770.0
6501.0 6881.0
4431.0 674.0
5516.0 7175.0
8156.0 2107.0
5172.0 9525.0
2998.0 992.0
8030.0 8659.0
9392.0 9119.0
8237.0 1166.0
9876.0 4649.0
6518.0 9447.0
5244.0 3427.0
7930.0 5579.0
7248.0 6002.0
5655.0 7408.0
2337.0 3914.0
6395.0 1496.0
3299.0 1164.0
5603.0 247.0
8217.0 9383.0
3173.0 2849.0
8701.0 7632.0
2776.0 2331.0
1738.0 380.0
509.0 3413.0
2157.0 9554.0
973.0 8411.0
5047.0 9198.0
1536.0 882.0
90.0 3692.0
7839.0 9287.0
2198.0 3019.0
6298.0 5341.0
5397.0 1037.0
1707.0 4349.0
9327.0 5255.0
629.0 7160.0
326.0 9080.0
3761.0 6068.0
1460.0 14.0
2877.0 9299.0
8452.0 9763.0
581.0 1378.0
909.0 4760.0
3487.0 9040.0
750.0 8070.0
2012.0 4981.0
2274.0 6126.0
2436.0 4110.0
764.0 6317.0
9401.0 9568.0
9043.0 3881.0
9510.0 8235.0
3898.0 9072.0
9184.0 7942.0
6796.0 8093.0
2448.0 1111.0
5783.0 3763.0
6815.0 2074.0
8009.0 4407.0
7917.0 7768.0
4764.0 1927.0
6062.0 4058.0
3463.0 2539.0
364.0 2376.0
3481.0 6157.0
8638.0 3978.0
5252.0 2893.0
3691.0 1439.0
4555.0 7669.0
9196.0 9714.0
