1
128 1 3.0 0.0 1000.0 3 160 240 100

6.5 13.5 29.3 58.5
13.0 27.0 58.5 117.0
19.5 40.5 87.8 175.5
26.0 54.0 117.0 234.0
39.0 81.0 175.5 351.0
52.0 108.0 234.0 468.0
58.5 121.5 263.3 526.5
65.0 135.0 292.5 585.0
78.0 162.0 351.0 702.0
0.0 180.0 390.0 780.0

2.0 5.0 8.0 11.0
5.0 8.0 11.0 14.0
9.0 12.0 15.0 18.0
11.0 14.0 17.0 20.0
15.0 18.0 21.0 24.0
18.0 21.0 24.0 27.0
20.0 23.0 26.0 29.0
25.0 28.0 31.0 34.0
29.0 32.0 35.0 38.0
0.0 34.0 37.0 40.0

4584.0 9055.0
2218.0 9402.0
5000.0 2261.0
1180.0 3342.0
6471.0 7725.0
6439.0 1833.0
4505.0 956.0
1814.0 1433.0
3313.0 7566.0
7714.0 2077.0
7743.0 5507.0
1025.0 4326.0
1295.0 9746.0
4229.0 9206.0
2125.0 342.0
6904.0 2893.0
1462.0 7414.0
5278.0 961.0
1343.0 8967.0
8003.0 9406.0
1085.0 61.0
8807.0 2198.0
4410.0 4290.0
9186.0 7561.0
1628.0 1057.0
6815.0 7736.0
3806.0 4614.0
7825.0 9417.0
8322.0 3347.0
3612.0 4629.0
7727.0 285.0
5359.0 4240.0
6333.0 8306.0
1914.0 8849.0
1428.0 6014.0
9196.0 4276.0
8542.0 2771.0
1804.0 1379.0
2677.0 3855.0
9970.0 2423.0
9914.0 9222.0
7540.0 8727.0
6304.0 1850.0
9145.0 6824.0
3476.0 4139.0
7209.0 2847.0
2853.0 3343.0
1981.0 7379.0
2901.0 9517.0
240.0 5484.0
6337.0 1948.0
840.0 9159.0
6681.0 2547.0
7765.0 1918.0
6096.0 7188.0
3849.0 7745.0
8912.0 8458.0
832.0 9138.0
7751.0 5800.0
3915.0 1476.0
1675.0 1530.0
1471.0 3421.0
8262.0 3696.0
3091.0 5610.0
4026.0 9262.0
1609.0 2325.0
95.0 3594.0
7291.0 3405.0
2574.0 4713.0
4836.0 6099.0
9477.0 3314.0
6361.0 9105.0
8677.0 2001.0
6030.0 3508.0
3762.0 9735.0
4497.0 7850.0
7225.0 9965.0
3822.0 7065.0
2896.0 3413.0
6020.0 7490.0
2034.0 8999.0
923.0 2690.0
9987.0 8873.0
1496.0 7324.0
2840.0 6042.0
7295.0 8769.0
5967.0 5554.0
9211.0 8742.0
8888.0 2735.0
1178.0 9634.0
3366.0 4427.0
7001.0 2789.0
4134.0 1743.0
2970.0 8458.0
4185.0 5271.0
9427.0 9642.0
9036.0 6241.0
6948.0 4565.0
6864.0 9613.0
5304.0 4995.0
3957.0 7560.0
5859.0 143.0
7360.0 4339.0
585.0 8366.0
9163.0 6005.0
3342.0 1391.0
9321.0 963.0
1593.0 8313.0
6428.0 9827.0
9219.0 9058.0
8366.0 5559.0
3602.0 9568.0
7233.0 7370.0
2626.0 3414.0
5464.0 4360.0
9778.0 7079.0
2573.0 7370.0
7999.0 8624.0
4412.0 23.0
5461.0 1973.0
9367.0 2432.0
8917.0 1541.0
8419.0 3554.0
2810.0 4428.0
8459.0 658.0
4786.0 9913.0
792.0 6897.0
788.0 8462.0

4589.0 9061.0
2223.0 9408.0
5005.0 2266.0
1185.0 3346.0
6476.0 7730.0
6444.0 1838.0
4510.0 961.0
1818.0 1439.0
3319.0 7572.0
7718.0 2082.0
7748.0 5511.0
1031.0 4330.0
1301.0 9751.0
4235.0 9211.0
2130.0 346.0
6909.0 2898.0
1468.0 7420.0
5282.0 966.0
1348.0 8971.0
8009.0 9411.0
1091.0 65.0
8813.0 2204.0
4415.0 4295.0
9190.0 7567.0
1633.0 1063.0
6819.0 7741.0
3812.0 4619.0
7829.0 9421.0
8326.0 3352.0
3618.0 4635.0
7732.0 291.0
5364.0 4246.0
6339.0 8312.0
1919.0 8853.0
1433.0 6019.0
9201.0 4282.0
8546.0 2776.0
1810.0 1384.0
2682.0 3861.0
9976.0 2428.0
9918.0 9228.0
7545.0 8733.0
6308.0 1854.0
9150.0 6830.0
3481.0 4144.0
7213.0 2852.0
2858.0 3348.0
1986.0 7383.0
2907.0 9521.0
245.0 5490.0
6343.0 1953.0
846.0 9164.0
6686.0 2552.0
7770.0 1922.0
6102.0 7193.0
3853.0 7751.0
8917.0 8463.0
838.0 9143.0
7755.0 5805.0
3920.0 1481.0
1680.0 1536.0
1475.0 3426.0
8266.0 3701.0
3095.0 5616.0
4032.0 9268.0
1614.0 2329.0
101.0 3599.0
7296.0 3409.0
2578.0 4718.0
4840.0 6104.0
9482.0 3319.0
6366.0 9110.0
8682.0 2005.0
6036.0 3513.0
3767.0 9739.0
4502.0 7855.0
7230.0 9970.0
3827.0 7069.0
2901.0 3418.0
6026.0 7495.0
2039.0 9003.0
928.0 2696.0
9991.0 8878.0
1501.0 7329.0
2846.0 6047.0
7300.0 8774.0
5973.0 5560.0
9217.0 8748.0
8893.0 2739.0
1183.0 9638.0
3371.0 4432.0
7005.0 2794.0
4139.0 1747.0
2976.0 8463.0
4190.0 5276.0
9432.0 9647.0
9040.0 6246.0
6954.0 4569.0
6868.0 9619.0
5308.0 5000.0
3962.0 7565.0
5863.0 149.0
7366.0 4344.0
590.0 8371.0
9167.0 6009.0
3348.0 1396.0
9327.0 969.0
1598.0 8318.0
6432.0 9831.0
9224.0 9062.0
8372.0 5563.0
3606.0 9573.0
7237.0 7376.0
2631.0 3418.0
5470.0 4365.0
9784.0 7084.0
2577.0 7376.0
8005.0 8628.0
4417.0 27.0
5466.0 1979.0
9372.0 2437.0
8923.0 1547.0
8424.0 3560.0
2814.0 4433.0
8465.0 663.0
4790.0 9917.0
797.0 6902.0
794.0 8467.0
