1
128 1 3.0 0.0 1000.0 3 160 240 100

6.5 13.5 29.3 58.5
13.0 27.0 58.5 117.0
19.5 40.5 87.8 175.5
26.0 54.0 117.0 234.0
39.0 81.0 175.5 351.0
52.0 108.0 234.0 468.0
58.5 121.5 263.3 526.5
65.0 135.0 292.5 585.0
78.0 162.0 351.0 702.0
0.0 180.0 390.0 780.0

2.0 5.0 8.0 11.0
5.0 8.0 11.0 14.0
9.0 12.0 15.0 18.0
11.0 14.0 17.0 20.0
15.0 18.0 21.0 24.0
18.0 21.0 24.0 27.0
20.0 23.0 26.0 29.0
25.0 28.0 31.0 34.0
29.0 32.0 35.0 38.0
0.0 34.0 37.0 40.0

692.0 72.0
935.0 9610.0
7580.0 5966.0
6953.0 2160.0
5774.0 9284.0
9185.0 5359.0
3007.0 6200.0
2766.0 3626.0
40.0 7355.0
93.0 5631.0
3415.0 6236.0
7784.0 3922.0
6791.0 2475.0
5364.0 9653.0
2770.0 1063.0
8835.0 4649.0
9630.0 953.0
4807.0 5532.0
9885.0 9014.0
3334.0 7137.0
73.0 7836.0
139.0 4938.0
3706.0 8343.0
1382.0 8721.0
1769.0 694.0
6632.0 2215.0
7713.0 9464.0
8220.0 5928.0
6325.0 1558.0
7618.0 2894.0
8415.0 7855.0
2030.0 9574.0
5721.0 2041.0
6840.0 6628.0
2945.0 2624.0
2090.0 6784.0
6341.0 6601.0
3658.0 9539.0
763.0 5741.0
2282.0 4913.0
9593.0 8989.0
6110.0 977.0
4455.0 6933.0
4944.0 2396.0
4139.0 6844.0
6815.0 9696.0
4638.0 9241.0
88.0 1500.0
4722.0 9466.0
6735.0 4441.0
3960.0 249.0
4953.0 7996.0
2596.0 3739.0
1787.0 3952.0
5210.0 3967.0
8922.0 2744.0
2558.0 3233.0
7309.0 1381.0
8524.0 8384.0
8785.0 193.0
1582.0 5458.0
5367.0 8122.0
2693.0 3683.0
9354.0 8790.0
4050.0 2287.0
9931.0 2057.0
5574.0 6121.0
4428.0 8313.0
8593.0 8545.0
4886.0 5214.0
8602.0 2575.0
3116.0 9105.0
1526.0 3758.0
9902.0 5839.0
404.0 746.0
6507.0 8235.0
1890.0 2066.0
9160.0 9887.0
4514.0 33.0
9685.0 7565.0
3087.0 5309.0
7919.0 6920.0
6188.0 8069.0
4111.0 8732.0
6130.0 4260.0
1942.0 5421.0
3328.0 7920.0
5344.0 47.0
9482.0 3041.0
4773.0 2528.0
6492.0 950.0
1115.0 304.0
503.0 1687.0
7864.0 3172.0
3024.0 350.0
4762.0 4511.0
3499.0 1888.0
8550.0 3640.0
275.0 327.0
9001.0 6521.0
9366.0 883.0
886.0 4541.0
2925.0 5964.0
5063.0 3594.0
1847.0 8523.0
4323.0 8196.0
9411.0 8738.0
2178.0 7858.0
5378.0 2504.0
5245.0 5435.0
2454.0 2705.0
2401.0 9694.0
9543.0 6752.0
6353.0 6810.0
8688.0 6349.0
5809.0 8031.0
5132.0 7983.0
8901.0 3227.0
2394.0 5093.0
1029.0 2558.0
6794.0 5419.0
2785.0 983.0
8325.0 9478.0
6131.0 2841.0
7296.0 8676.0
9482.0 6224.0
8649.0 4001.0
4870.0 9371.0

698.0 78.0
940.0 9616.0
7584.0 5971.0
6958.0 2165.0
5780.0 9289.0
9190.0 5364.0
3011.0 6205.0
2771.0 3631.0
45.0 7360.0
99.0 5637.0
3419.0 6241.0
7789.0 3927.0
6795.0 2480.0
5369.0 9658.0
2775.0 1068.0
8841.0 4654.0
9634.0 958.0
4812.0 5536.0
9889.0 9019.0
3339.0 7143.0
78.0 7842.0
144.0 4943.0
3711.0 8348.0
1387.0 8725.0
1775.0 698.0
6636.0 2220.0
7718.0 9469.0
8226.0 5933.0
6331.0 1564.0
7623.0 2900.0
8421.0 7859.0
2035.0 9578.0
5725.0 2047.0
6845.0 6634.0
2950.0 2629.0
2095.0 6790.0
6346.0 6606.0
3664.0 9543.0
768.0 5747.0
2288.0 4918.0
9599.0 8993.0
6116.0 982.0
4461.0 6939.0
4948.0 2400.0
4145.0 6849.0
6820.0 9701.0
4642.0 9246.0
93.0 1505.0
4727.0 9470.0
6740.0 4447.0
3964.0 254.0
4957.0 8002.0
2602.0 3744.0
1791.0 3957.0
5215.0 3972.0
8927.0 2749.0
2562.0 3238.0
7315.0 1386.0
8529.0 8389.0
8790.0 199.0
1588.0 5463.0
5371.0 8127.0
2698.0 3688.0
9359.0 8795.0
4055.0 2292.0
9935.0 2062.0
5580.0 6126.0
4432.0 8317.0
8598.0 8549.0
4892.0 5220.0
8607.0 2581.0
3121.0 9109.0
1530.0 3763.0
9907.0 5845.0
409.0 752.0
6512.0 8240.0
1895.0 2071.0
9166.0 9892.0
4519.0 38.0
9690.0 7570.0
3093.0 5314.0
7924.0 6924.0
6194.0 8074.0
4116.0 8737.0
6135.0 4265.0
1948.0 5425.0
3332.0 7926.0
5349.0 53.0
9486.0 3047.0
4778.0 2534.0
6498.0 955.0
1120.0 308.0
508.0 1692.0
7869.0 3177.0
3030.0 356.0
4767.0 4515.0
3503.0 1894.0
8555.0 3646.0
281.0 332.0
9006.0 6525.0
9370.0 889.0
892.0 4547.0
2930.0 5969.0
5069.0 3599.0
1851.0 8528.0
4328.0 8201.0
9415.0 8742.0
2183.0 7863.0
5383.0 2510.0
5250.0 5441.0
2458.0 2711.0
2405.0 9699.0
9549.0 6757.0
6358.0 6815.0
8694.0 6353.0
5814.0 8037.0
5138.0 7989.0
8906.0 3231.0
2399.0 5099.0
1035.0 2562.0
6798.0 5424.0
2791.0 989.0
8329.0 9484.0
6136.0 2845.0
7300.0 8681.0
9487.0 6229.0
8654.0 4006.0
4875.0 9375.0
