1
128 1 3.0 0.0 1000.0 3 160 240 100

6.5 13.5 29.3 58.5
13.0 27.0 58.5 117.0
19.5 40.5 87.8 175.5
26.0 54.0 117.0 234.0
39.0 81.0 175.5 351.0
52.0 108.0 234.0 468.0
58.5 121.5 263.3 526.5
65.0 135.0 292.5 585.0
78.0 162.0 351.0 702.0
0.0 180.0 390.0 780.0

2.0 5.0 8.0 11.0
5.0 8.0 11.0 14.0
9.0 12.0 15.0 18.0
11.0 14.0 17.0 20.0
15.0 18.0 21.0 24.0
18.0 21.0 24.0 27.0
20.0 23.0 26.0 29.0
25.0 28.0 31.0 34.0
29.0 32.0 35.0 38.0
0.0 34.0 37.0 40.0

6525.0 734.0
8213.0 3730.0
1677.0 3283.0
480.0 6865.0
5715.0 4110.0
7410.0 3709.0
3019.0 1726.0
6782.0 7927.0
1753.0 7703.0
9728.0 5893.0
2911.0 5406.0
5229.0 7920.0
437.0 6140.0
8840.0 7084.0
4342.0 3722.0
8803.0 7897.0
1230.0 927.0
5208.0 9531.0
9140.0 3803.0
379.0 838.0
6131.0 2320.0
1130.0 6875.0
4513.0 8335.0
6076.0 9176.0
5142.0 4352.0
3642.0 4495.0
8695.0 9046.0
8957.0 9232.0
3338.0 8034.0
272.0 9288.0
694.0 866.0
8086.0 7564.0
4541.0 7713.0
2639.0 3838.0
9136.0 1736.0
7927.0 4234.0
6593.0 5595.0
2915.0 25.0
5218.0 3096.0
3104.0 7986.0
3229.0 9435.0
8125.0 7028.0
4758.0 6027.0
3508.0 8337.0
7560.0 8389.0
7312.0 8749.0
4347.0 8061.0
4756.0 9584.0
2144.0 2031.0
6541.0 5659.0
6604.0 5655.0
9001.0 1727.0
671.0 7532.0
6766.0 6043.0
9531.0 7327.0
1096.0 3302.0
6241.0 5.0
9540.0 1669.0
4971.0 2460.0
5106.0 1128.0
1253.0 1015.0
5580.0 2872.0
1169.0 766.0
6178.0 1974.0
3882.0 250.0
1185.0 8047.0
4426.0 7415.0
2751.0 1134.0
6170.0 5359.0
7502.0 2554.0
4869.0 8831.0
4132.0 2916.0
8715.0 4951.0
7646.0 2049.0
1308.0 4147.0
8409.0 8051.0
6955.0 9762.0
6671.0 5213.0
207.0 7331.0
5730.0 3008.0
4064.0 6983.0
9395.0 910.0
3745.0 4967.0
1921.0 6232.0
5443.0 2752.0
1069.0 4747.0
1987.0 4708.0
7463.0 6286.0
9812.0 7813.0
5907.0 57.0
4156.0 9390.0
6820.0 6916.0
1908.0 1334.0
8463.0 8291.0
4001.0 1810.0
3113.0 4026.0
1782.0 7898.0
2855.0 3825.0
4270.0 5167.0
3153.0 9566.0
5698.0 2644.0
4855.0 8180.0
5287.0 4169.0
7821.0 7337.0
3630.0 9589.0
1809.0 8662.0
2627.0 1804.0
2801.0 5707.0
8369.0 8098.0
5429.0 6408.0
8893.0 6773.0
4664.0 2245.0
1221.0 2530.0
2428.0 8850.0
4595.0 6591.0
7305.0 5265.0
9318.0 41.0
8000.0 1595.0
3132.0 1346.0
3727.0 7284.0
9519.0 1555.0
7166.0 4715.0
4873.0 3128.0
8184.0 5400.0
3922.0 898.0
8957.0 8451.0
5344.0 6119.0
3670.0 3578.0

6530.0 739.0
8217.0 3734.0
1682.0 3289.0
486.0 6869.0
5720.0 4115.0
7414.0 3715.0
3025.0 1730.0
6788.0 7931.0
1758.0 7709.0
9733.0 5897.0
2915.0 5410.0
5233.0 7924.0
442.0 6145.0
8845.0 7090.0
4347.0 3728.0
8808.0 7902.0
1236.0 932.0
5212.0 9536.0
9144.0 3809.0
383.0 843.0
6136.0 2326.0
1135.0 6880.0
4518.0 8341.0
6081.0 9180.0
5147.0 4356.0
3646.0 4501.0
8700.0 9050.0
8962.0 9236.0
3343.0 8038.0
277.0 9294.0
699.0 871.0
8092.0 7569.0
4546.0 7718.0
2644.0 3844.0
9141.0 1741.0
7932.0 4239.0
6599.0 5600.0
2920.0 30.0
5224.0 3101.0
3109.0 7991.0
3234.0 9440.0
8130.0 7034.0
4763.0 6032.0
3514.0 8342.0
7564.0 8395.0
7318.0 8754.0
4353.0 8065.0
4761.0 9588.0
2149.0 2035.0
6547.0 5664.0
6610.0 5661.0
9007.0 1732.0
675.0 7538.0
6772.0 6047.0
9535.0 7332.0
1101.0 3307.0
6246.0 11.0
9546.0 1674.0
4977.0 2464.0
5110.0 1133.0
1258.0 1019.0
5584.0 2876.0
1173.0 772.0
6183.0 1980.0
3887.0 256.0
1190.0 8052.0
4432.0 7419.0
2757.0 1139.0
6175.0 5364.0
7508.0 2559.0
4874.0 8836.0
4136.0 2920.0
8720.0 4956.0
7650.0 2054.0
1312.0 4151.0
8414.0 8056.0
6959.0 9766.0
6676.0 5219.0
211.0 7336.0
5735.0 3013.0
4069.0 6989.0
9401.0 915.0
3750.0 4971.0
1926.0 6237.0
5449.0 2757.0
1074.0 4751.0
1993.0 4714.0
7467.0 6290.0
9817.0 7818.0
5913.0 61.0
4161.0 9395.0
6826.0 6921.0
1912.0 1339.0
8468.0 8296.0
4006.0 1815.0
3119.0 4030.0
1787.0 7904.0
2861.0 3830.0
4275.0 5173.0
3158.0 9572.0
5702.0 2649.0
4859.0 8184.0
5293.0 4174.0
7825.0 7342.0
3635.0 9593.0
1814.0 8667.0
2633.0 1810.0
2806.0 5713.0
8373.0 8103.0
5435.0 6413.0
8898.0 6778.0
4670.0 2251.0
1225.0 2535.0
2434.0 8855.0
4600.0 6595.0
7310.0 5270.0
9324.0 46.0
8005.0 1601.0
3137.0 1350.0
3732.0 7288.0
9523.0 1560.0
7170.0 4721.0
4878.0 3132.0
8189.0 5406.0
3928.0 903.0
8962.0 8456.0
5350.0 6124.0
3675.0 3583.0
