1
128 1 3.0 0.0 1000.0 3 160 240 100

6.5 13.5 29.3 58.5
13.0 27.0 58.5 117.0
19.5 40.5 87.8 175.5
26.0 54.0 117.0 234.0
39.0 81.0 175.5 351.0
52.0 108.0 234.0 468.0
58.5 121.5 263.3 526.5
65.0 135.0 292.5 585.0
78.0 162.0 351.0 702.0
0.0 180.0 390.0 780.0

2.0 5.0 8.0 11.0
5.0 8.0 11.0 14.0
9.0 12.0 15.0 18.0
11.0 14.0 17.0 20.0
15.0 18.0 21.0 24.0
18.0 21.0 24.0 27.0
20.0 23.0 26.0 29.0
25.0 28.0 31.0 34.0
29.0 32.0 35.0 38.0
0.0 34.0 37.0 40.0

5850.0 9837.0
2943.0 3646.0
1498.0 3137.0
1855.0 2417.0
2375.0 9697.0
7137.0 7794.0
1696.0 8591.0
1936.0 9298.0
9067.0 9350.0
7250.0 5482.0
8938.0 9163.0
7087.0 4878.0
2642.0 12.0
356.0 7057.0
5924.0 6708.0
2642.0 6024.0
6382.0 9322.0
3531.0 669.0
7720.0 5974.0
7664.0 9512.0
254.0 4456.0
151.0 9459.0
9548.0 3682.0
9549.0 797.0
7630.0 8413.0
4040.0 3164.0
3679.0 3265.0
8977.0 9702.0
3605.0 4456.0
6478.0 9139.0
434.0 270.0
212.0 8016.0
9920.0 3727.0
1052.0 7784.0
8279.0 3422.0
1759.0 4009.0
1487.0 1018.0
1359.0 7394.0
8026.0 6362.0
2372.0 8862.0
9514.0 3712.0
6568.0 3416.0
6130.0 5038.0
7407.0 7.0
6231.0 8884.0
9825.0 7131.0
2100.0 5764.0
536.0 6388.0
6219.0 3565.0
4512.0 8732.0
4994.0 8944.0
5803.0 625.0
9338.0 3178.0
3363.0 9837.0
4030.0 3463.0
5043.0 3106.0
263.0 3126.0
5423.0 399.0
8293.0 6732.0
5638.0 2981.0
9613.0 8557.0
5866.0 5040.0
544.0 5411.0
3640.0 1077.0
1687.0 7283.0
3658.0 3796.0
126.0 1783.0
7234.0 9723.0
3803.0 865.0
2078.0 2272.0
9984.0 798.0
5555.0 4494.0
2229.0 8869.0
7086.0 6222.0
2771.0 2787.0
7864.0 2863.0
9730.0 1277.0
8543.0 5531.0
1068.0 6826.0
8064.0 4774.0
9704.0 4067.0
9286.0 2615.0
6698.0 9776.0
9578.0 121.0
1926.0 2955.0
7050.0 243.0
4147.0 5983.0
5570.0 8147.0
4893.0 305.0
4245.0 3759.0
3080.0 2642.0
9524.0 3757.0
9768.0 196.0
583.0 2730.0
4967.0 5823.0
1170.0 5740.0
927.0 6660.0
3555.0 7000.0
8801.0 2168.0
2767.0 1911.0
8110.0 82.0
1766.0 2165.0
926.0 1239.0
730.0 6164.0
5170.0 6758.0
6110.0 9457.0
3964.0 3549.0
7616.0 2441.0
425.0 6631.0
3810.0 5043.0
9838.0 9237.0
9456.0 610.0
3608.0 4174.0
301.0 3739.0
1906.0 2422.0
3444.0 9264.0
4429.0 7449.0
3964.0 2138.0
1188.0 6213.0
968.0 427.0
7727.0 330.0
8718.0 6151.0
1703.0 3387.0
1009.0 1186.0
228.0 2878.0
9458.0 7967.0
9897.0 7728.0
8871.0 7217.0

5855.0 9842.0
2949.0 3650.0
1504.0 3141.0
1860.0 2422.0
2381.0 9701.0
7142.0 7800.0
1700.0 8595.0
1940.0 9303.0
9071.0 9355.0
7255.0 5487.0
8944.0 9168.0
7092.0 4883.0
2647.0 17.0
362.0 7061.0
5930.0 6712.0
2647.0 6029.0
6387.0 9327.0
3536.0 674.0
7725.0 5980.0
7669.0 9516.0
260.0 4462.0
157.0 9464.0
9553.0 3688.0
9554.0 802.0
7636.0 8418.0
4045.0 3168.0
3683.0 3269.0
8983.0 9708.0
3611.0 4460.0
6483.0 9144.0
439.0 274.0
217.0 8021.0
9925.0 3732.0
1057.0 7788.0
8284.0 3427.0
1764.0 4014.0
1492.0 1024.0
1365.0 7399.0
8031.0 6366.0
2377.0 8866.0
9518.0 3717.0
6573.0 3421.0
6135.0 5043.0
7412.0 12.0
6237.0 8889.0
9830.0 7136.0
2105.0 5769.0
541.0 6393.0
6224.0 3569.0
4517.0 8738.0
5000.0 8949.0
5807.0 631.0
9343.0 3183.0
3368.0 9841.0
4035.0 3468.0
5047.0 3112.0
267.0 3132.0
5427.0 403.0
8299.0 6738.0
5643.0 2986.0
9619.0 8562.0
5871.0 5044.0
548.0 5415.0
3645.0 1081.0
1692.0 7289.0
3664.0 3801.0
130.0 1787.0
7239.0 9728.0
3807.0 870.0
2084.0 2277.0
9989.0 803.0
5560.0 4499.0
2234.0 8873.0
7091.0 6228.0
2777.0 2793.0
7869.0 2869.0
9735.0 1282.0
8548.0 5537.0
1073.0 6831.0
8069.0 4778.0
9708.0 4073.0
9292.0 2620.0
6704.0 9781.0
9583.0 126.0
1931.0 2959.0
7054.0 249.0
4152.0 5988.0
5575.0 8152.0
4898.0 311.0
4251.0 3764.0
3086.0 2648.0
9529.0 3763.0
9773.0 200.0
588.0 2735.0
4972.0 5827.0
1174.0 5746.0
932.0 6666.0
3561.0 7005.0
8806.0 2174.0
2772.0 1916.0
8116.0 88.0
1772.0 2171.0
932.0 1244.0
735.0 6168.0
5175.0 6763.0
6114.0 9461.0
3969.0 3553.0
7621.0 2447.0
430.0 6637.0
3815.0 5048.0
9843.0 9242.0
9460.0 616.0
3614.0 4180.0
306.0 3743.0
1910.0 2427.0
3449.0 9269.0
4434.0 7454.0
3969.0 2143.0
1192.0 6218.0
974.0 432.0
7731.0 334.0
8724.0 6156.0
1708.0 3392.0
1014.0 1190.0
233.0 2883.0
9463.0 7971.0
9902.0 7732.0
8876.0 7223.0
