1
128 1 3.0 0.0 1000.0 3 160 240 100

6.5 13.5 29.3 58.5
13.0 27.0 58.5 117.0
19.5 40.5 87.8 175.5
26.0 54.0 117.0 234.0
39.0 81.0 175.5 351.0
52.0 108.0 234.0 468.0
58.5 121.5 263.3 526.5
65.0 135.0 292.5 585.0
78.0 162.0 351.0 702.0
0.0 180.0 390.0 780.0

2.0 5.0 8.0 11.0
5.0 8.0 11.0 14.0
9.0 12.0 15.0 18.0
11.0 14.0 17.0 20.0
15.0 18.0 21.0 24.0
18.0 21.0 24.0 27.0
20.0 23.0 26.0 29.0
25.0 28.0 31.0 34.0
29.0 32.0 35.0 38.0
0.0 34.0 37.0 40.0

2607.0 64.0
3389.0 829.0
9940.0 4699.0
1486.0 5272.0
9277.0 9172.0
9307.0 6375.0
6815.0 4139.0
6330.0 1137.0
9092.0 9370.0
3036.0 164.0
9222.0 7161.0
2592.0 3574.0
4202.0 3177.0
6767.0 4524.0
5214.0 5703.0
9232.0 2559.0
5343.0 6785.0
1905.0 1529.0
1603.0 1229.0
2528.0 9294.0
711.0 1935.0
4111.0 8939.0
504.0 2555.0
9425.0 3732.0
1424.0 939.0
6207.0 552.0
4979.0 9342.0
1233.0 9008.0
8597.0 9887.0
3928.0 5978.0
8786.0 6243.0
2682.0 7795.0
7014.0 5000.0
9523.0 4813.0
5225.0 2723.0
1327.0 5563.0
400.0 7154.0
8214.0 244.0
85.0 3541.0
2305.0 5762.0
3295.0 9573.0
2500.0 7054.0
3701.0 4895.0
3440.0 1913.0
4535.0 3679.0
9318.0 9050.0
7102.0 1231.0
5704.0 1614.0
7330.0 8107.0
5050.0 899.0
7266.0 7716.0
4030.0 7462.0
937.0 5886.0
3390.0 9382.0
6478.0 3374.0
3469.0 9885.0
8953.0 4786.0
1050.0 9060.0
784.0 9894.0
5709.0 6894.0
9188.0 5824.0
6330.0 7356.0
2553.0 1088.0
939.0 5747.0
154.0 4938.0
5533.0 4052.0
2135.0 8024.0
63.0 1520.0
9153.0 2822.0
2232.0 191.0
3624.0 4820.0
2275.0 7604.0
6960.0 7929.0
4390.0 1408.0
9724.0 102.0
2974.0 3107.0
4118.0 7634.0
4333.0 662.0
709.0 9124.0
7036.0 2176.0
3822.0 2566.0
6567.0 5390.0
2494.0 1558.0
2442.0 224.0
6421.0 9097.0
8459.0 4070.0
8802.0 9938.0
9247.0 2086.0
501.0 5000.0
8759.0 7202.0
2432.0 3780.0
8909.0 7073.0
5589.0 3272.0
8977.0 7700.0
634.0 4355.0
8971.0 5951.0
1448.0 9120.0
2611.0 5702.0
9579.0 5136.0
8082.0 4831.0
8974.0 5105.0
7233.0 2788.0
2935.0 2901.0
6387.0 969.0
7697.0 9460.0
4414.0 618.0
9543.0 4504.0
6252.0 5487.0
4883.0 2567.0
2511.0 8980.0
5193.0 4311.0
8354.0 8004.0
1240.0 6596.0
7301.0 8257.0
3506.0 7295.0
8117.0 8180.0
8219.0 3313.0
5469.0 1299.0
912.0 2803.0
7492.0 9178.0
1921.0 5046.0
5945.0 9721.0
734.0 3977.0
7106.0 8036.0
8608.0 3825.0
4093.0 9603.0
1372.0 7852.0
3746.0 7956.0

2611.0 68.0
3394.0 833.0
9946.0 4703.0
1490.0 5276.0
9282.0 9176.0
9311.0 6380.0
6821.0 4144.0
6335.0 1142.0
9096.0 9375.0
3041.0 170.0
9227.0 7166.0
2597.0 3578.0
4206.0 3183.0
6772.0 4528.0
5219.0 5708.0
9237.0 2564.0
5348.0 6790.0
1910.0 1534.0
1608.0 1234.0
2532.0 9299.0
716.0 1939.0
4117.0 8943.0
509.0 2559.0
9430.0 3738.0
1430.0 945.0
6213.0 556.0
4983.0 9347.0
1239.0 9014.0
8603.0 9893.0
3933.0 5984.0
8792.0 6247.0
2687.0 7800.0
7019.0 5005.0
9528.0 4817.0
5230.0 2728.0
1332.0 5569.0
405.0 7159.0
8219.0 249.0
89.0 3547.0
2310.0 5766.0
3300.0 9579.0
2505.0 7059.0
3707.0 4901.0
3445.0 1917.0
4540.0 3683.0
9323.0 9055.0
7107.0 1237.0
5710.0 1619.0
7335.0 8111.0
5056.0 905.0
7271.0 7720.0
4035.0 7466.0
943.0 5891.0
3396.0 9387.0
6484.0 3378.0
3473.0 9890.0
8958.0 4791.0
1056.0 9066.0
789.0 9899.0
5715.0 6899.0
9194.0 5829.0
6335.0 7361.0
2559.0 1093.0
944.0 5752.0
159.0 4943.0
5539.0 4056.0
2141.0 8028.0
67.0 1524.0
9158.0 2828.0
2237.0 195.0
3630.0 4825.0
2280.0 7609.0
6966.0 7934.0
4394.0 1414.0
9730.0 107.0
2979.0 3112.0
4122.0 7639.0
4338.0 667.0
714.0 9130.0
7042.0 2180.0
3827.0 2571.0
6572.0 5394.0
2498.0 1563.0
2447.0 228.0
6427.0 9102.0
8463.0 4076.0
8807.0 9943.0
9252.0 2092.0
506.0 5004.0
8765.0 7207.0
2437.0 3785.0
8914.0 7077.0
5593.0 3277.0
8982.0 7705.0
639.0 4360.0
8976.0 5955.0
1453.0 9125.0
2615.0 5706.0
9585.0 5141.0
8086.0 4837.0
8979.0 5110.0
7238.0 2793.0
2939.0 2906.0
6392.0 973.0
7703.0 9466.0
4419.0 623.0
9547.0 4509.0
6258.0 5492.0
4887.0 2572.0
2516.0 8985.0
5198.0 4316.0
8359.0 8009.0
1246.0 6601.0
7307.0 8262.0
3512.0 7299.0
8122.0 8184.0
8225.0 3318.0
5473.0 1304.0
918.0 2807.0
7498.0 9183.0
1927.0 5052.0
5949.0 9725.0
738.0 3983.0
7111.0 8041.0
8612.0 3830.0
4097.0 9607.0
1377.0 7858.0
3751.0 7960.0
