1
128 1 3.0 0.0 1000.0 3 160 240 100

6.5 13.5 29.3 58.5
13.0 27.0 58.5 117.0
19.5 40.5 87.8 175.5
26.0 54.0 117.0 234.0
39.0 81.0 175.5 351.0
52.0 108.0 234.0 468.0
58.5 121.5 263.3 526.5
65.0 135.0 292.5 585.0
78.0 162.0 351.0 702.0
0.0 180.0 390.0 780.0

2.0 5.0 8.0 11.0
5.0 8.0 11.0 14.0
9.0 12.0 15.0 18.0
11.0 14.0 17.0 20.0
15.0 18.0 21.0 24.0
18.0 21.0 24.0 27.0
20.0 23.0 26.0 29.0
25.0 28.0 31.0 34.0
29.0 32.0 35.0 38.0
0.0 34.0 37.0 40.0

9233.0 447.0
5385.0 4999.0
4717.0 1193.0
5507.0 3634.0
5824.0 3454.0
8254.0 3609.0
7151.0 5694.0
5922.0 8660.0
9928.0 722.0
3944.0 4546.0
1806.0 2348.0
9874.0 1945.0
5219.0 6965.0
4108.0 4473.0
6243.0 1047.0
5488.0 4024.0
8363.0 8026.0
7454.0 8185.0
8061.0 536.0
2923.0 6924.0
1638.0 6492.0
8538.0 8304.0
5191.0 9988.0
1469.0 5432.0
2149.0 481.0
4418.0 9378.0
5292.0 6246.0
7000.0 5286.0
2654.0 581.0
4157.0 1404.0
9245.0 1723.0
4778.0 3270.0
8981.0 9968.0
6176.0 7757.0
3754.0 7968.0
2605.0 4234.0
9054.0 2673.0
8458.0 2539.0
8044.0 9902.0
9332.0 19.0
8521.0 5025.0
6606.0 2338.0
9661.0 5712.0
3714.0 5300.0
7974.0 5253.0
4753.0 7402.0
4375.0 7404.0
8621.0 5344.0
6786.0 6249.0
4319.0 7231.0
5188.0 7038.0
5600.0 681.0
8533.0 6503.0
5625.0 5577.0
5433.0 3604.0
4785.0 3684.0
3032.0 4195.0
7357.0 9859.0
988.0 5582.0
5160.0 2076.0
9968.0 9453.0
8875.0 0.0
6579.0 4152.0
180.0 4335.0
9136.0 9778.0
388.0 1666.0
1197.0 2078.0
3732.0 2027.0
2270.0 3627.0
5966.0 8926.0
7603.0 3248.0
1457.0 4042.0
1484.0 7170.0
4410.0 1329.0
948.0 7885.0
2419.0 7754.0
9315.0 9197.0
2975.0 387.0
1481.0 8417.0
6128.0 2085.0
5356.0 9204.0
8940.0 477.0
6375.0 1013.0
9912.0 7493.0
4504.0 3632.0
4035.0 9157.0
5636.0 7785.0
1643.0 7867.0
1805.0 5275.0
6716.0 1896.0
7129.0 4648.0
2813.0 9337.0
8895.0 850.0
7289.0 6215.0
5697.0 9853.0
6961.0 1002.0
7051.0 1735.0
893.0 248.0
1384.0 8176.0
8455.0 2569.0
1837.0 2865.0
3329.0 709.0
1761.0 5775.0
6620.0 3905.0
4357.0 4799.0
4741.0 5281.0
3348.0 711.0
226.0 1505.0
4106.0 3942.0
6151.0 4416.0
7148.0 4131.0
7314.0 6875.0
8420.0 5942.0
3842.0 7544.0
3271.0 7118.0
5390.0 1828.0
3539.0 7243.0
6596.0 8707.0
9667.0 8203.0
6958.0 5689.0
2254.0 9804.0
785.0 6597.0
9958.0 6540.0
5410.0 9427.0
3171.0 3981.0
8304.0 4011.0
5371.0 5750.0
6268.0 1685.0

9239.0 451.0
5390.0 5004.0
4722.0 1197.0
5513.0 3638.0
5829.0 3459.0
8259.0 3614.0
7156.0 5700.0
5927.0 8665.0
9933.0 728.0
3948.0 4552.0
1812.0 2352.0
9878.0 1951.0
5223.0 6970.0
4113.0 4477.0
6249.0 1052.0
5492.0 4030.0
8368.0 8032.0
7460.0 8191.0
8067.0 542.0
2929.0 6929.0
1643.0 6497.0
8542.0 8309.0
5196.0 9994.0
1475.0 5436.0
2153.0 486.0
4422.0 9384.0
5297.0 6252.0
7006.0 5291.0
2659.0 586.0
4162.0 1410.0
9249.0 1727.0
4783.0 3275.0
8986.0 9973.0
6180.0 7762.0
3759.0 7974.0
2610.0 4240.0
9060.0 2677.0
8463.0 2543.0
8049.0 9907.0
9338.0 25.0
8526.0 5030.0
6612.0 2344.0
9666.0 5717.0
3719.0 5306.0
7980.0 5259.0
4759.0 7408.0
4380.0 7409.0
8626.0 5349.0
6791.0 6253.0
4324.0 7235.0
5193.0 7043.0
5605.0 685.0
8539.0 6508.0
5630.0 5582.0
5437.0 3610.0
4791.0 3688.0
3037.0 4200.0
7362.0 9865.0
993.0 5588.0
5165.0 2080.0
9974.0 9458.0
8880.0 6.0
6584.0 4157.0
184.0 4339.0
9141.0 9783.0
393.0 1671.0
1202.0 2082.0
3737.0 2032.0
2276.0 3632.0
5970.0 8932.0
7609.0 3252.0
1462.0 4047.0
1489.0 7176.0
4416.0 1334.0
954.0 7890.0
2425.0 7759.0
9319.0 9202.0
2980.0 391.0
1486.0 8422.0
6133.0 2091.0
5360.0 9209.0
8945.0 481.0
6380.0 1019.0
9916.0 7497.0
4508.0 3637.0
4041.0 9163.0
5641.0 7791.0
1648.0 7872.0
1810.0 5280.0
6722.0 1900.0
7135.0 4654.0
2818.0 9341.0
8900.0 855.0
7294.0 6219.0
5701.0 9858.0
6966.0 1007.0
7055.0 1739.0
898.0 253.0
1390.0 8180.0
8459.0 2575.0
1842.0 2870.0
3334.0 715.0
1766.0 5781.0
6625.0 3910.0
4362.0 4805.0
4746.0 5286.0
3353.0 715.0
232.0 1510.0
4110.0 3946.0
6156.0 4420.0
7153.0 4137.0
7319.0 6879.0
8424.0 5946.0
3846.0 7549.0
3277.0 7122.0
5396.0 1833.0
3543.0 7248.0
6600.0 8712.0
9672.0 8207.0
6962.0 5693.0
2259.0 9809.0
791.0 6603.0
9963.0 6545.0
5416.0 9432.0
3175.0 3986.0
8310.0 4017.0
5376.0 5756.0
6274.0 1690.0
