1
128 1 3.0 0.0 1000.0 3 160 240 100

6.5 13.5 29.3 58.5
13.0 27.0 58.5 117.0
19.5 40.5 87.8 175.5
26.0 54.0 117.0 234.0
39.0 81.0 175.5 351.0
52.0 108.0 234.0 468.0
58.5 121.5 263.3 526.5
65.0 135.0 292.5 585.0
78.0 162.0 351.0 702.0
0.0 180.0 390.0 780.0

2.0 5.0 8.0 11.0
5.0 8.0 11.0 14.0
9.0 12.0 15.0 18.0
11.0 14.0 17.0 20.0
15.0 18.0 21.0 24.0
18.0 21.0 24.0 27.0
20.0 23.0 26.0 29.0
25.0 28.0 31.0 34.0
29.0 32.0 35.0 38.0
0.0 34.0 37.0 40.0

8383.0 8806.0
2844.0 3816.0
8977.0 1622.0
3276.0 1507.0
3241.0 7514.0
2736.0 5627.0
8504.0 8929.0
1597.0 7346.0
5555.0 9530.0
6535.0 3225.0
9247.0 6978.0
6595.0 503.0
180.0 3153.0
3474.0 9992.0
9384.0 2781.0
9195.0 8806.0
401.0 3949.0
6838.0 7650.0
5697.0 6475.0
2480.0 9901.0
6803.0 6625.0
9019.0 2198.0
114.0 9140.0
5043.0 8778.0
2741.0 56.0
4408.0 4272.0
5354.0 6293.0
4686.0 2204.0
1408.0 487.0
5154.0 8906.0
4677.0 2042.0
7478.0 5077.0
9510.0 7886.0
4766.0 9722.0
725.0 8895.0
7153.0 3687.0
2539.0 473.0
4568.0 2522.0
8477.0 8253.0
9872.0 896.0
6646.0 2409.0
8006.0 3298.0
7300.0 6546.0
9328.0 8233.0
2120.0 9644.0
7804.0 5661.0
7098.0 2045.0
7205.0 9894.0
3467.0 8938.0
982.0 2674.0
3569.0 7340.0
3989.0 3671.0
1089.0 5038.0
6706.0 8110.0
7561.0 2470.0
5133.0 3780.0
9565.0 1024.0
2013.0 2116.0
3527.0 3730.0
7566.0 615.0
7535.0 6819.0
367.0 6292.0
2087.0 3135.0
1563.0 2407.0
4184.0 859.0
8078.0 3192.0
1685.0 3548.0
2962.0 3803.0
7329.0 9931.0
3572.0 5226.0
4354.0 4477.0
727.0 6356.0
8107.0 2175.0
4509.0 7987.0
578.0 3531.0
4877.0 5930.0
7262.0 8245.0
7754.0 2989.0
8260.0 8542.0
9751.0 2023.0
8041.0 5644.0
7197.0 4816.0
781.0 5351.0
7632.0 3992.0
680.0 1211.0
4432.0 7687.0
9180.0 6257.0
7727.0 9210.0
3502.0 6781.0
7280.0 6435.0
3411.0 4133.0
5487.0 8120.0
5614.0 3007.0
1165.0 6906.0
7727.0 7205.0
7289.0 1213.0
6200.0 6343.0
8345.0 757.0
5141.0 9489.0
5465.0 2918.0
5422.0 4193.0
9994.0 9685.0
6011.0 1902.0
8682.0 7405.0
1921.0 3227.0
6128.0 4060.0
5709.0 9034.0
2676.0 1303.0
1918.0 5856.0
8395.0 974.0
6401.0 6575.0
6335.0 8330.0
4916.0 9874.0
704.0 6705.0
7927.0 4420.0
8137.0 841.0
1009.0 6265.0
2720.0 8597.0
2781.0 430.0
7935.0 3286.0
4783.0 168.0
1191.0 1347.0
193.0 9857.0
9097.0 2586.0
829.0 18.0
4149.0 2716.0
4314.0 5435.0
5997.0 417.0

8389.0 8812.0
2849.0 3821.0
8983.0 1626.0
3282.0 1511.0
3245.0 7519.0
2741.0 5632.0
8509.0 8934.0
1602.0 7352.0
5560.0 9535.0
6540.0 3229.0
9253.0 6983.0
6600.0 508.0
185.0 3158.0
3480.0 9998.0
9389.0 2785.0
9200.0 8811.0
406.0 3954.0
6842.0 7655.0
5702.0 6479.0
2485.0 9906.0
6809.0 6629.0
9025.0 2203.0
118.0 9145.0
5049.0 8784.0
2745.0 61.0
4412.0 4278.0
5358.0 6297.0
4692.0 2209.0
1413.0 491.0
5159.0 8912.0
4682.0 2048.0
7484.0 5081.0
9515.0 7890.0
4770.0 9726.0
729.0 8901.0
7157.0 3693.0
2545.0 477.0
4574.0 2527.0
8482.0 8258.0
9878.0 901.0
6651.0 2413.0
8011.0 3303.0
7306.0 6551.0
9333.0 8238.0
2125.0 9648.0
7809.0 5665.0
7104.0 2050.0
7211.0 9900.0
3472.0 8943.0
987.0 2680.0
3575.0 7345.0
3994.0 3675.0
1095.0 5042.0
6710.0 8116.0
7566.0 2475.0
5138.0 3785.0
9571.0 1029.0
2017.0 2121.0
3533.0 3736.0
7570.0 621.0
7540.0 6823.0
372.0 6297.0
2092.0 3140.0
1567.0 2413.0
4190.0 864.0
8084.0 3198.0
1690.0 3553.0
2968.0 3807.0
7334.0 9936.0
3576.0 5230.0
4358.0 4481.0
733.0 6361.0
8112.0 2181.0
4515.0 7992.0
583.0 3536.0
4881.0 5935.0
7268.0 8251.0
7758.0 2995.0
8265.0 8548.0
9756.0 2028.0
8045.0 5649.0
7202.0 4820.0
785.0 5356.0
7638.0 3996.0
686.0 1217.0
4437.0 7691.0
9186.0 6262.0
7731.0 9215.0
3508.0 6786.0
7284.0 6440.0
3416.0 4139.0
5491.0 8125.0
5619.0 3012.0
1171.0 6912.0
7732.0 7209.0
7293.0 1218.0
6205.0 6347.0
8351.0 762.0
5147.0 9494.0
5469.0 2922.0
5427.0 4198.0
9998.0 9691.0
6015.0 1907.0
8686.0 7410.0
1925.0 3231.0
6134.0 4066.0
5714.0 9038.0
2682.0 1308.0
1922.0 5861.0
8400.0 978.0
6406.0 6581.0
6339.0 8335.0
4921.0 9879.0
708.0 6710.0
7932.0 4426.0
8141.0 847.0
1014.0 6270.0
2724.0 8602.0
2786.0 436.0
7939.0 3292.0
4787.0 172.0
1196.0 1353.0
197.0 9862.0
9103.0 2592.0
834.0 23.0
4153.0 2721.0
4319.0 5441.0
6003.0 422.0
