1
128 1 3.0 0.0 1000.0 3 160 240 100

6.5 13.5 29.3 58.5
13.0 27.0 58.5 117.0
19.5 40.5 87.8 175.5
26.0 54.0 117.0 234.0
39.0 81.0 175.5 351.0
52.0 108.0 234.0 468.0
58.5 121.5 263.3 526.5
65.0 135.0 292.5 585.0
78.0 162.0 351.0 702.0
0.0 180.0 390.0 780.0

2.0 5.0 8.0 11.0
5.0 8.0 11.0 14.0
9.0 12.0 15.0 18.0
11.0 14.0 17.0 20.0
15.0 18.0 21.0 24.0
18.0 21.0 24.0 27.0
20.0 23.0 26.0 29.0
25.0 28.0 31.0 34.0
29.0 32.0 35.0 38.0
0.0 34.0 37.0 40.0

6570.0 4582.0
2368.0 1724.0
5775.0 3423.0
8772.0 1737.0
1866.0 5068.0
6154.0 1773.0
4818.0 1287.0
2829.0 4352.0
1670.0 4938.0
9291.0 5151.0
4163.0 1040.0
6304.0 1574.0
7456.0 5265.0
7215.0 8924.0
1832.0 852.0
7668.0 6417.0
1824.0 7399.0
8356.0 7753.0
9644.0 7519.0
8998.0 3474.0
2370.0 9836.0
4194.0 4838.0
4762.0 9292.0
4326.0 1435.0
2156.0 8251.0
7160.0 7268.0
333.0 4366.0
8338.0 2530.0
1777.0 3693.0
1384.0 796.0
241.0 30.0
430.0 3873.0
8035.0 3946.0
1300.0 9013.0
2947.0 7491.0
9114.0 5732.0
4212.0 3052.0
3104.0 1952.0
9446.0 7345.0
1769.0 1703.0
6949.0 4000.0
4061.0 9094.0
313.0 734.0
4753.0 5804.0
4718.0 9579.0
4658.0 1794.0
6859.0 1146.0
8860.0 1485.0
2902.0 6393.0
8621.0 120.0
1382.0 1892.0
5133.0 7541.0
475.0 7043.0
5772.0 9105.0
1526.0 4245.0
6024.0 5957.0
3286.0 5470.0
2744.0 9414.0
3736.0 1240.0
6911.0 6648.0
8939.0 465.0
6546.0 7427.0
817.0 2138.0
2959.0 4125.0
8278.0 2341.0
5979.0 9730.0
8596.0 2559.0
6343.0 1075.0
8474.0 7769.0
5902.0 7027.0
6684.0 5275.0
8810.0 3847.0
2715.0 7781.0
9355.0 2462.0
8337.0 6664.0
4606.0 4861.0
1490.0 3932.0
2528.0 9356.0
4424.0 3837.0
8742.0 6923.0
486.0 7631.0
7582.0 3358.0
6491.0 7423.0
5622.0 4465.0
74.0 7634.0
8328.0 4013.0
3935.0 5015.0
3013.0 6683.0
1410.0 700.0
3746.0 735.0
264.0 289.0
6378.0 7608.0
4126.0 412.0
4368.0 8207.0
3479.0 2779.0
8547.0 8074.0
628.0 9163.0
6504.0 6187.0
5540.0 3320.0
9751.0 4611.0
1995.0 8304.0
9324.0 8725.0
5942.0 157.0
3002.0 249.0
481.0 1460.0
9787.0 7804.0
4393.0 710.0
9826.0 2231.0
3614.0 6004.0
428.0 6387.0
7589.0 4012.0
1348.0 1652.0
4901.0 7702.0
4992.0 5880.0
5097.0 8808.0
9724.0 9999.0
6132.0 3513.0
6918.0 3013.0
9330.0 2314.0
4935.0 7612.0
6289.0 7564.0
5681.0 1128.0
4636.0 4648.0
1919.0 9059.0
2052.0 5283.0
5981.0 888.0
476.0 3917.0
3067.0 424.0

6574.0 4588.0
2373.0 1730.0
5779.0 3428.0
8777.0 1743.0
1871.0 5074.0
6158.0 1778.0
4822.0 1292.0
2835.0 4357.0
1675.0 4944.0
9296.0 5157.0
4167.0 1044.0
6309.0 1579.0
7462.0 5270.0
7221.0 8929.0
1836.0 857.0
7673.0 6422.0
1828.0 7403.0
8362.0 7758.0
9650.0 7525.0
9003.0 3480.0
2376.0 9841.0
4199.0 4844.0
4768.0 9297.0
4331.0 1440.0
2162.0 8255.0
7165.0 7273.0
339.0 4370.0
8343.0 2534.0
1781.0 3698.0
1389.0 800.0
246.0 36.0
436.0 3878.0
8040.0 3951.0
1304.0 9017.0
2953.0 7496.0
9119.0 5736.0
4217.0 3056.0
3110.0 1957.0
9452.0 7351.0
1775.0 1709.0
6954.0 4006.0
4066.0 9099.0
318.0 738.0
4757.0 5809.0
4723.0 9584.0
4664.0 1800.0
6864.0 1150.0
8864.0 1491.0
2907.0 6398.0
8626.0 125.0
1388.0 1898.0
5138.0 7546.0
480.0 7048.0
5776.0 9110.0
1531.0 4249.0
6028.0 5963.0
3291.0 5475.0
2750.0 9418.0
3741.0 1244.0
6917.0 6653.0
8943.0 469.0
6552.0 7432.0
822.0 2142.0
2965.0 4129.0
8283.0 2346.0
5985.0 9734.0
8600.0 2563.0
6347.0 1079.0
8479.0 7774.0
5908.0 7031.0
6690.0 5280.0
8815.0 3852.0
2720.0 7786.0
9361.0 2468.0
8341.0 6669.0
4611.0 4867.0
1495.0 3936.0
2533.0 9360.0
4428.0 3841.0
8748.0 6928.0
491.0 7636.0
7588.0 3364.0
6496.0 7427.0
5627.0 4469.0
80.0 7638.0
8333.0 4017.0
3941.0 5020.0
3017.0 6687.0
1414.0 705.0
3751.0 740.0
269.0 294.0
6383.0 7613.0
4132.0 417.0
4373.0 8212.0
3484.0 2783.0
8552.0 8079.0
632.0 9168.0
6509.0 6192.0
5544.0 3324.0
9756.0 4615.0
2000.0 8308.0
9330.0 8729.0
5946.0 162.0
3008.0 253.0
485.0 1466.0
9793.0 7808.0
4399.0 714.0
9832.0 2235.0
3620.0 6008.0
433.0 6391.0
7595.0 4017.0
1354.0 1657.0
4905.0 7708.0
4996.0 5884.0
5103.0 8812.0
9729.0 10004.0
6137.0 3518.0
6923.0 3019.0
9336.0 2320.0
4940.0 7617.0
6293.0 7570.0
5687.0 1133.0
4641.0 4653.0
1923.0 9064.0
2057.0 5289.0
5985.0 893.0
481.0 3922.0
3072.0 428.0
