1
128 1 3.0 0.0 1000.0 3 160 240 100

6.5 13.5 29.3 58.5
13.0 27.0 58.5 117.0
19.5 40.5 87.8 175.5
26.0 54.0 117.0 234.0
39.0 81.0 175.5 351.0
52.0 108.0 234.0 468.0
58.5 121.5 263.3 526.5
65.0 135.0 292.5 585.0
78.0 162.0 351.0 702.0
0.0 180.0 390.0 780.0

2.0 5.0 8.0 11.0
5.0 8.0 11.0 14.0
9.0 12.0 15.0 18.0
11.0 14.0 17.0 20.0
15.0 18.0 21.0 24.0
18.0 21.0 24.0 27.0
20.0 23.0 26.0 29.0
25.0 28.0 31.0 34.0
29.0 32.0 35.0 38.0
0.0 34.0 37.0 40.0

5774.0 5052.0
2225.0 9780.0
7717.0 1262.0
5516.0 9124.0
800.0 6422.0
6374.0 4.0
9420.0 6542.0
9308.0 7096.0
4527.0 4017.0
199.0 2766.0
6297.0 7792.0
681.0 5989.0
392.0 3468.0
9246.0 1375.0
9705.0 4309.0
2245.0 534.0
6017.0 6635.0
427.0 495.0
8480.0 5587.0
9211.0 6423.0
8326.0 9718.0
3322.0 8337.0
1736.0 5402.0
8987.0 4082.0
5264.0 4542.0
9327.0 3262.0
750.0 1540.0
1132.0 9362.0
9116.0 8008.0
3662.0 9802.0
4969.0 6209.0
2660.0 6131.0
6432.0 4694.0
5219.0 9092.0
7100.0 2103.0
3690.0 5796.0
9550.0 7636.0
9269.0 8714.0
2312.0 9131.0
8456.0 8728.0
4719.0 2264.0
8021.0 6959.0
6540.0 6816.0
6666.0 2604.0
1828.0 8506.0
4028.0 6503.0
8882.0 7353.0
205.0 2667.0
736.0 6050.0
1449.0 2494.0
3108.0 4330.0
204.0 8894.0
9198.0 7781.0
157.0 55.0
3265.0 2120.0
9446.0 5079.0
7398.0 6369.0
7709.0 6202.0
8382.0 931.0
5132.0 4838.0
4085.0 9033.0
4153.0 1171.0
1280.0 2518.0
6998.0 9514.0
9304.0 5459.0
4701.0 4170.0
6484.0 1569.0
5782.0 3012.0
8733.0 3891.0
5241.0 8530.0
2233.0 7742.0
7038.0 8534.0
4622.0 380.0
5712.0 1284.0
1595.0 3380.0
5314.0 2236.0
8333.0 6197.0
6319.0 2152.0
7680.0 1877.0
3667.0 8797.0
9477.0 8415.0
1613.0 6941.0
7962.0 1716.0
3540.0 3905.0
6663.0 8650.0
7407.0 364.0
2689.0 1170.0
9986.0 8649.0
4834.0 4969.0
5559.0 3262.0
2409.0 8664.0
7243.0 835.0
4220.0 1961.0
1593.0 9257.0
9592.0 3805.0
9665.0 8208.0
5880.0 3971.0
183.0 5802.0
9348.0 4075.0
2999.0 8595.0
8855.0 6500.0
3481.0 4656.0
4255.0 2184.0
1019.0 1954.0
3915.0 771.0
7297.0 6767.0
8284.0 9092.0
2504.0 9348.0
8911.0 6450.0
138.0 6576.0
4829.0 7694.0
3579.0 3818.0
730.0 7545.0
87.0 725.0
3831.0 2169.0
392.0 8188.0
8850.0 6455.0
4542.0 6189.0
3014.0 7989.0
7162.0 4767.0
5496.0 1193.0
7807.0 2818.0
8215.0 7601.0
4558.0 1977.0
7397.0 769.0
1528.0 5288.0
7819.0 6763.0
3447.0 2892.0

5779.0 5057.0
2231.0 9784.0
7722.0 1267.0
5520.0 9129.0
805.0 6427.0
6380.0 8.0
9424.0 6547.0
9313.0 7101.0
4532.0 4022.0
204.0 2772.0
6302.0 7797.0
685.0 5994.0
396.0 3473.0
9251.0 1380.0
9709.0 4313.0
2250.0 538.0
6023.0 6640.0
432.0 500.0
8484.0 5592.0
9216.0 6429.0
8332.0 9723.0
3327.0 8343.0
1742.0 5407.0
8991.0 4086.0
5268.0 4547.0
9331.0 3266.0
755.0 1546.0
1137.0 9367.0
9121.0 8013.0
3666.0 9808.0
4974.0 6215.0
2664.0 6135.0
6436.0 4699.0
5223.0 9098.0
7104.0 2108.0
3696.0 5801.0
9555.0 7641.0
9273.0 8719.0
2316.0 9136.0
8461.0 8732.0
4724.0 2269.0
8025.0 6964.0
6544.0 6821.0
6671.0 2610.0
1833.0 8510.0
4033.0 6509.0
8887.0 7357.0
211.0 2671.0
741.0 6056.0
1453.0 2498.0
3113.0 4336.0
210.0 8898.0
9204.0 7786.0
163.0 60.0
3271.0 2126.0
9451.0 5083.0
7404.0 6374.0
7715.0 6208.0
8388.0 935.0
5136.0 4843.0
4090.0 9038.0
4158.0 1176.0
1286.0 2522.0
7002.0 9519.0
9308.0 5464.0
4705.0 4176.0
6490.0 1574.0
5787.0 3017.0
8738.0 3896.0
5246.0 8535.0
2238.0 7746.0
7044.0 8540.0
4628.0 384.0
5717.0 1288.0
1600.0 3385.0
5320.0 2240.0
8339.0 6202.0
6325.0 2156.0
7684.0 1882.0
3671.0 8801.0
9481.0 8419.0
1618.0 6946.0
7966.0 1721.0
3545.0 3911.0
6668.0 8655.0
7412.0 369.0
2694.0 1174.0
9992.0 8654.0
4840.0 4974.0
5564.0 3267.0
2414.0 8669.0
7248.0 839.0
4226.0 1967.0
1599.0 9263.0
9596.0 3810.0
9670.0 8213.0
5884.0 3976.0
187.0 5808.0
9353.0 4081.0
3004.0 8599.0
8860.0 6504.0
3486.0 4660.0
4261.0 2189.0
1023.0 1959.0
3920.0 777.0
7301.0 6772.0
8290.0 9097.0
2509.0 9352.0
8916.0 6456.0
143.0 6581.0
4833.0 7699.0
3584.0 3824.0
735.0 7550.0
93.0 730.0
3837.0 2174.0
397.0 8193.0
8856.0 6460.0
4546.0 6194.0
3018.0 7995.0
7167.0 4772.0
5500.0 1198.0
7812.0 2823.0
8220.0 7606.0
4562.0 1982.0
7403.0 774.0
1534.0 5293.0
7824.0 6768.0
3452.0 2897.0
