1
128 1 3.0 0.0 1000.0 3 160 240 100

6.5 13.5 29.3 58.5
13.0 27.0 58.5 117.0
19.5 40.5 87.8 175.5
26.0 54.0 117.0 234.0
39.0 81.0 175.5 351.0
52.0 108.0 234.0 468.0
58.5 121.5 263.3 526.5
65.0 135.0 292.5 585.0
78.0 162.0 351.0 702.0
0.0 180.0 390.0 780.0

2.0 5.0 8.0 11.0
5.0 8.0 11.0 14.0
9.0 12.0 15.0 18.0
11.0 14.0 17.0 20.0
15.0 18.0 21.0 24.0
18.0 21.0 24.0 27.0
20.0 23.0 26.0 29.0
25.0 28.0 31.0 34.0
29.0 32.0 35.0 38.0
0.0 34.0 37.0 40.0

5665.0 7811.0
730.0 5073.0
7261.0 6425.0
3137.0 7457.0
3241.0 7698.0
5477.0 4518.0
281.0 1089.0
2408.0 32.0
1794.0 5296.0
3720.0 3610.0
7130.0 3382.0
3989.0 3335.0
1853.0 5346.0
6454.0 5993.0
1016.0 9087.0
4293.0 7155.0
9840.0 3261.0
4935.0 5801.0
8715.0 8005.0
5605.0 751.0
1938.0 1988.0
736.0 8594.0
2106.0 6786.0
4431.0 5370.0
4562.0 2044.0
3640.0 6714.0
8826.0 7410.0
197.0 3690.0
6423.0 9709.0
2402.0 4056.0
7006.0 6346.0
9304.0 1163.0
7208.0 8392.0
3344.0 5244.0
9126.0 9367.0
9533.0 4285.0
7851.0 8148.0
1816.0 4236.0
9964.0 7031.0
9800.0 771.0
7406.0 8371.0
1499.0 7327.0
3641.0 5827.0
265.0 6650.0
1524.0 8644.0
6568.0 5577.0
4783.0 9984.0
7790.0 5271.0
7538.0 2758.0
1698.0 1650.0
8767.0 8946.0
1751.0 3222.0
1132.0 888.0
4926.0 6065.0
6081.0 5506.0
5199.0 8168.0
9634.0 4945.0
8368.0 7866.0
5780.0 9611.0
6375.0 3596.0
6889.0 2075.0
1780.0 4698.0
3048.0 2825.0
5575.0 5483.0
4752.0 1340.0
3975.0 7307.0
5851.0 8463.0
2370.0 5867.0
6168.0 8550.0
7092.0 3446.0
5708.0 2378.0
8168.0 8342.0
4865.0 4267.0
8713.0 6198.0
7548.0 9425.0
9141.0 463.0
6637.0 9965.0
6839.0 1714.0
3679.0 581.0
4494.0 8061.0
7243.0 7365.0
2707.0 1365.0
6852.0 5729.0
5087.0 6485.0
1893.0 5923.0
6466.0 3305.0
7431.0 7110.0
7414.0 3737.0
1342.0 3490.0
706.0 8452.0
9663.0 8436.0
7923.0 546.0
9593.0 5131.0
6829.0 5883.0
2048.0 4670.0
2703.0 2334.0
8185.0 5114.0
9285.0 2637.0
6813.0 7466.0
7504.0 8109.0
2098.0 7053.0
2644.0 2938.0
3485.0 1276.0
3124.0 1270.0
2248.0 7227.0
6538.0 1834.0
1571.0 5121.0
1142.0 7322.0
9596.0 6054.0
3434.0 8244.0
7331.0 5025.0
4998.0 3508.0
5845.0 2735.0
4277.0 2420.0
9659.0 2113.0
1435.0 5357.0
5747.0 8058.0
6974.0 2827.0
64.0 1373.0
7279.0 5141.0
6012.0 365.0
2731.0 7435.0
1755.0 6085.0
6585.0 7251.0
5812.0 9691.0
5244.0 4424.0
2819.0 2909.0
3123.0 5483.0

5669.0 7815.0
734.0 5079.0
7266.0 6430.0
3142.0 7463.0
3245.0 7703.0
5481.0 4522.0
286.0 1094.0
2414.0 38.0
1799.0 5302.0
3724.0 3615.0
7134.0 3387.0
3995.0 3339.0
1859.0 5350.0
6459.0 5999.0
1020.0 9092.0
4298.0 7161.0
9846.0 3266.0
4939.0 5806.0
8720.0 8011.0
5611.0 756.0
1942.0 1993.0
740.0 8598.0
2110.0 6791.0
4435.0 5376.0
4568.0 2050.0
3645.0 6719.0
8830.0 7414.0
201.0 3696.0
6429.0 9714.0
2407.0 4061.0
7010.0 6350.0
9309.0 1168.0
7212.0 8397.0
3349.0 5249.0
9131.0 9372.0
9537.0 4291.0
7856.0 8154.0
1820.0 4241.0
9969.0 7037.0
9805.0 776.0
7411.0 8376.0
1504.0 7333.0
3647.0 5832.0
271.0 6655.0
1530.0 8650.0
6573.0 5581.0
4787.0 9989.0
7795.0 5277.0
7543.0 2762.0
1703.0 1655.0
8772.0 8952.0
1755.0 3227.0
1137.0 892.0
4930.0 6070.0
6085.0 5510.0
5204.0 8173.0
9638.0 4950.0
8372.0 7871.0
5786.0 9617.0
6380.0 3601.0
6893.0 2080.0
1786.0 4702.0
3054.0 2831.0
5581.0 5489.0
4756.0 1346.0
3980.0 7312.0
5856.0 8469.0
2376.0 5873.0
6173.0 8555.0
7098.0 3451.0
5713.0 2384.0
8174.0 8348.0
4870.0 4273.0
8718.0 6204.0
7553.0 9430.0
9146.0 467.0
6642.0 9970.0
6845.0 1719.0
3685.0 586.0
4499.0 8066.0
7247.0 7371.0
2713.0 1369.0
6857.0 5734.0
5093.0 6490.0
1898.0 5928.0
6471.0 3310.0
7436.0 7114.0
7419.0 3741.0
1347.0 3495.0
712.0 8456.0
9668.0 8442.0
7928.0 550.0
9599.0 5136.0
6835.0 5887.0
2053.0 4675.0
2708.0 2338.0
8190.0 5119.0
9289.0 2641.0
6818.0 7471.0
7508.0 8114.0
2104.0 7057.0
2649.0 2942.0
3490.0 1281.0
3130.0 1275.0
2253.0 7232.0
6543.0 1840.0
1576.0 5125.0
1148.0 7327.0
9601.0 6058.0
3439.0 8249.0
7337.0 5030.0
5003.0 3513.0
5850.0 2740.0
4283.0 2424.0
9663.0 2119.0
1441.0 5362.0
5753.0 8063.0
6979.0 2832.0
69.0 1378.0
7283.0 5147.0
6018.0 370.0
2736.0 7440.0
1760.0 6090.0
6590.0 7256.0
5818.0 9696.0
5249.0 4429.0
2825.0 2914.0
3129.0 5487.0
