1
128 1 3.0 0.0 1000.0 3 160 240 100

6.5 13.5 29.3 58.5
13.0 27.0 58.5 117.0
19.5 40.5 87.8 175.5
26.0 54.0 117.0 234.0
39.0 81.0 175.5 351.0
52.0 108.0 234.0 468.0
58.5 121.5 263.3 526.5
65.0 135.0 292.5 585.0
78.0 162.0 351.0 702.0
0.0 180.0 390.0 780.0

2.0 5.0 8.0 11.0
5.0 8.0 11.0 14.0
9.0 12.0 15.0 18.0
11.0 14.0 17.0 20.0
15.0 18.0 21.0 24.0
18.0 21.0 24.0 27.0
20.0 23.0 26.0 29.0
25.0 28.0 31.0 34.0
29.0 32.0 35.0 38.0
0.0 34.0 37.0 40.0

154.0 1.0
115.0 133.0
170.0 213.0
70.0 12.0
231.0 42.0
15.0 23.0
66.0 80.0
19.0 215.0
143.0 24.0
98.0 243.0
158.0 9.0
196.0 219.0
153.0 68.0
149.0 241.0
116.0 65.0
21.0 207.0
230.0 244.0
22.0 87.0
19.0 111.0
12.0 170.0
178.0 167.0
186.0 61.0
202.0 87.0
69.0 70.0
238.0 234.0
29.0 164.0
141.0 235.0
79.0 226.0
39.0 124.0
42.0 174.0
8.0 158.0
218.0 70.0
36.0 192.0
19.0 127.0
13.0 80.0
72.0 135.0
38.0 130.0
135.0 91.0
162.0 189.0
205.0 156.0
227.0 21.0
33.0 124.0
55.0 179.0
51.0 148.0
17.0 153.0
50.0 16.0
100.0 126.0
248.0 108.0
149.0 236.0
196.0 213.0
12.0 65.0
49.0 189.0
137.0 121.0
20.0 37.0
236.0 148.0
171.0 242.0
187.0 175.0
231.0 76.0
152.0 2.0
222.0 93.0
224.0 162.0
210.0 128.0
198.0 175.0
76.0 175.0
146.0 23.0
22.0 59.0
34.0 24.0
59.0 155.0
174.0 165.0
71.0 215.0
121.0 194.0
93.0 158.0
192.0 152.0
3.0 10.0
88.0 40.0
153.0 241.0
174.0 149.0
5.0 51.0
14.0 140.0
178.0 217.0
102.0 22.0
101.0 196.0
4.0 249.0
43.0 215.0
230.0 193.0
91.0 157.0
175.0 96.0
236.0 110.0
75.0 143.0
244.0 19.0
186.0 120.0
106.0 172.0
14.0 180.0
125.0 73.0
180.0 52.0
49.0 93.0
108.0 100.0
183.0 50.0
18.0 184.0
24.0 236.0
21.0 108.0
220.0 175.0
177.0 229.0
15.0 2.0
183.0 142.0
123.0 126.0
190.0 134.0
55.0 178.0
35.0 204.0
222.0 51.0
249.0 213.0
209.0 146.0
20.0 84.0
169.0 6.0
95.0 246.0
118.0 82.0
163.0 109.0
187.0 189.0
83.0 151.0
246.0 10.0
136.0 19.0
88.0 97.0
25.0 106.0
195.0 90.0
176.0 124.0
169.0 232.0
207.0 13.0
214.0 25.0

159.0 7.0
119.0 138.0
176.0 218.0
74.0 17.0
235.0 47.0
19.0 28.0
72.0 86.0
24.0 219.0
148.0 29.0
102.0 248.0
163.0 13.0
200.0 225.0
159.0 73.0
154.0 245.0
121.0 69.0
26.0 211.0
236.0 250.0
28.0 93.0
23.0 116.0
16.0 174.0
183.0 172.0
191.0 66.0
207.0 92.0
74.0 76.0
242.0 238.0
34.0 170.0
146.0 240.0
85.0 231.0
44.0 128.0
48.0 179.0
13.0 163.0
222.0 75.0
40.0 196.0
25.0 133.0
17.0 85.0
78.0 140.0
43.0 135.0
139.0 95.0
167.0 195.0
211.0 161.0
233.0 26.0
38.0 128.0
61.0 183.0
55.0 152.0
22.0 158.0
56.0 21.0
106.0 130.0
252.0 114.0
154.0 242.0
201.0 217.0
17.0 70.0
54.0 194.0
141.0 127.0
26.0 41.0
241.0 154.0
176.0 246.0
192.0 181.0
237.0 80.0
156.0 7.0
227.0 99.0
229.0 166.0
215.0 132.0
202.0 179.0
82.0 180.0
151.0 28.0
28.0 64.0
39.0 28.0
65.0 159.0
178.0 170.0
75.0 220.0
127.0 200.0
98.0 162.0
197.0 157.0
8.0 15.0
92.0 44.0
158.0 246.0
179.0 154.0
10.0 56.0
20.0 144.0
184.0 222.0
107.0 27.0
107.0 200.0
9.0 255.0
48.0 219.0
235.0 197.0
96.0 161.0
179.0 100.0
240.0 115.0
80.0 147.0
249.0 25.0
190.0 124.0
110.0 176.0
19.0 185.0
130.0 79.0
185.0 58.0
54.0 98.0
112.0 105.0
188.0 54.0
23.0 189.0
30.0 241.0
27.0 112.0
226.0 180.0
182.0 234.0
21.0 6.0
188.0 148.0
128.0 132.0
195.0 139.0
60.0 182.0
40.0 210.0
226.0 56.0
255.0 217.0
214.0 150.0
25.0 90.0
175.0 10.0
99.0 250.0
122.0 87.0
168.0 114.0
192.0 195.0
88.0 156.0
251.0 15.0
141.0 24.0
93.0 102.0
30.0 111.0
199.0 95.0
182.0 129.0
173.0 236.0
213.0 18.0
219.0 31.0
