1
128 1 3.0 0.0 1000.0 3 160 240 100

6.5 13.5 29.3 58.5
13.0 27.0 58.5 117.0
19.5 40.5 87.8 175.5
26.0 54.0 117.0 234.0
39.0 81.0 175.5 351.0
52.0 108.0 234.0 468.0
58.5 121.5 263.3 526.5
65.0 135.0 292.5 585.0
78.0 162.0 351.0 702.0
0.0 180.0 390.0 780.0

2.0 5.0 8.0 11.0
5.0 8.0 11.0 14.0
9.0 12.0 15.0 18.0
11.0 14.0 17.0 20.0
15.0 18.0 21.0 24.0
18.0 21.0 24.0 27.0
20.0 23.0 26.0 29.0
25.0 28.0 31.0 34.0
29.0 32.0 35.0 38.0
0.0 34.0 37.0 40.0

57.0 7.0
14.0 43.0
123.0 50.0
74.0 72.0
233.0 205.0
118.0 130.0
71.0 182.0
101.0 133.0
73.0 48.0
32.0 149.0
173.0 220.0
89.0 43.0
177.0 87.0
212.0 37.0
111.0 101.0
64.0 57.0
226.0 236.0
83.0 46.0
153.0 30.0
111.0 238.0
227.0 230.0
210.0 199.0
130.0 131.0
35.0 244.0
240.0 247.0
226.0 180.0
196.0 51.0
89.0 93.0
210.0 27.0
141.0 12.0
5.0 144.0
154.0 42.0
23.0 145.0
168.0 165.0
180.0 104.0
229.0 199.0
166.0 44.0
175.0 207.0
197.0 182.0
132.0 249.0
111.0 216.0
149.0 130.0
54.0 108.0
11.0 162.0
60.0 140.0
43.0 225.0
115.0 85.0
56.0 11.0
160.0 123.0
134.0 125.0
232.0 247.0
31.0 30.0
72.0 148.0
10.0 154.0
39.0 190.0
5.0 24.0
18.0 117.0
73.0 92.0
40.0 204.0
147.0 25.0
184.0 117.0
167.0 237.0
100.0 93.0
230.0 50.0
94.0 63.0
222.0 150.0
239.0 195.0
190.0 97.0
91.0 125.0
30.0 182.0
81.0 223.0
147.0 2.0
46.0 29.0
26.0 190.0
100.0 77.0
237.0 32.0
167.0 141.0
207.0 39.0
25.0 220.0
143.0 84.0
35.0 183.0
62.0 34.0
43.0 15.0
200.0 127.0
248.0 214.0
125.0 145.0
157.0 141.0
192.0 247.0
35.0 11.0
51.0 157.0
95.0 209.0
222.0 179.0
227.0 211.0
65.0 119.0
121.0 213.0
34.0 205.0
207.0 92.0
176.0 215.0
152.0 182.0
141.0 29.0
208.0 129.0
20.0 182.0
24.0 160.0
170.0 19.0
90.0 182.0
216.0 150.0
59.0 142.0
9.0 179.0
226.0 210.0
104.0 33.0
45.0 88.0
165.0 237.0
100.0 118.0
241.0 90.0
1.0 141.0
183.0 212.0
29.0 127.0
32.0 36.0
113.0 177.0
17.0 99.0
91.0 32.0
120.0 75.0
207.0 56.0
221.0 31.0
172.0 226.0
158.0 227.0
136.0 200.0
85.0 58.0

61.0 12.0
18.0 47.0
128.0 55.0
79.0 77.0
239.0 210.0
123.0 135.0
75.0 186.0
106.0 137.0
78.0 52.0
38.0 154.0
177.0 224.0
93.0 48.0
183.0 91.0
218.0 41.0
115.0 107.0
68.0 62.0
230.0 242.0
88.0 50.0
158.0 35.0
116.0 242.0
232.0 234.0
215.0 205.0
136.0 135.0
39.0 248.0
244.0 252.0
231.0 186.0
201.0 57.0
94.0 98.0
215.0 32.0
147.0 16.0
9.0 148.0
160.0 48.0
28.0 150.0
173.0 171.0
184.0 108.0
233.0 204.0
170.0 48.0
180.0 212.0
202.0 188.0
137.0 254.0
115.0 220.0
154.0 134.0
58.0 113.0
16.0 167.0
65.0 144.0
48.0 229.0
119.0 91.0
61.0 17.0
165.0 128.0
140.0 131.0
237.0 253.0
36.0 35.0
78.0 153.0
14.0 159.0
44.0 195.0
10.0 30.0
24.0 122.0
78.0 98.0
45.0 209.0
152.0 30.0
190.0 122.0
172.0 243.0
105.0 98.0
236.0 54.0
98.0 68.0
226.0 155.0
245.0 200.0
196.0 103.0
97.0 130.0
36.0 187.0
86.0 227.0
152.0 6.0
52.0 34.0
32.0 195.0
105.0 82.0
241.0 37.0
172.0 145.0
212.0 44.0
31.0 225.0
149.0 88.0
41.0 189.0
66.0 38.0
48.0 21.0
204.0 133.0
252.0 218.0
130.0 149.0
161.0 145.0
198.0 251.0
40.0 17.0
57.0 161.0
100.0 215.0
228.0 184.0
231.0 216.0
70.0 125.0
126.0 219.0
39.0 210.0
211.0 97.0
181.0 220.0
156.0 187.0
147.0 34.0
213.0 133.0
25.0 188.0
28.0 165.0
175.0 25.0
95.0 186.0
220.0 155.0
64.0 148.0
13.0 184.0
230.0 214.0
108.0 37.0
49.0 93.0
170.0 242.0
105.0 122.0
246.0 96.0
6.0 146.0
188.0 216.0
33.0 132.0
37.0 40.0
118.0 182.0
22.0 105.0
96.0 38.0
126.0 79.0
212.0 61.0
225.0 37.0
177.0 231.0
163.0 231.0
141.0 206.0
89.0 64.0
