1
128 1 3.0 0.0 1000.0 3 160 240 100

6.5 13.5 29.3 58.5
13.0 27.0 58.5 117.0
19.5 40.5 87.8 175.5
26.0 54.0 117.0 234.0
39.0 81.0 175.5 351.0
52.0 108.0 234.0 468.0
58.5 121.5 263.3 526.5
65.0 135.0 292.5 585.0
78.0 162.0 351.0 702.0
0.0 180.0 390.0 780.0

2.0 5.0 8.0 11.0
5.0 8.0 11.0 14.0
9.0 12.0 15.0 18.0
11.0 14.0 17.0 20.0
15.0 18.0 21.0 24.0
18.0 21.0 24.0 27.0
20.0 23.0 26.0 29.0
25.0 28.0 31.0 34.0
29.0 32.0 35.0 38.0
0.0 34.0 37.0 40.0

163.0 205.0
179.0 155.0
180.0 118.0
227.0 140.0
210.0 5.0
234.0 74.0
59.0 135.0
153.0 38.0
140.0 53.0
10.0 249.0
211.0 247.0
91.0 211.0
165.0 115.0
58.0 229.0
248.0 109.0
117.0 137.0
112.0 164.0
210.0 188.0
203.0 166.0
227.0 85.0
18.0 192.0
92.0 224.0
101.0 147.0
88.0 243.0
199.0 165.0
146.0 91.0
59.0 11.0
109.0 77.0
172.0 243.0
37.0 226.0
63.0 225.0
217.0 55.0
60.0 144.0
64.0 194.0
26.0 241.0
191.0 103.0
93.0 23.0
216.0 187.0
19.0 58.0
207.0 174.0
88.0 240.0
221.0 194.0
32.0 236.0
189.0 47.0
34.0 151.0
244.0 217.0
160.0 236.0
119.0 246.0
153.0 37.0
82.0 161.0
72.0 218.0
161.0 182.0
63.0 47.0
1.0 25.0
148.0 169.0
234.0 167.0
170.0 37.0
76.0 7.0
160.0 230.0
157.0 155.0
159.0 173.0
171.0 170.0
107.0 104.0
237.0 99.0
220.0 176.0
170.0 17.0
102.0 173.0
182.0 39.0
117.0 88.0
97.0 128.0
165.0 187.0
209.0 54.0
243.0 169.0
247.0 202.0
65.0 164.0
219.0 195.0
19.0 73.0
193.0 167.0
67.0 109.0
180.0 33.0
31.0 157.0
58.0 197.0
227.0 200.0
65.0 191.0
12.0 59.0
171.0 38.0
97.0 44.0
249.0 233.0
50.0 170.0
225.0 244.0
223.0 139.0
226.0 44.0
156.0 120.0
79.0 227.0
59.0 166.0
14.0 66.0
55.0 156.0
61.0 215.0
165.0 237.0
137.0 19.0
78.0 35.0
157.0 19.0
78.0 218.0
59.0 238.0
37.0 65.0
208.0 214.0
219.0 7.0
177.0 237.0
193.0 153.0
246.0 125.0
210.0 147.0
18.0 141.0
216.0 3.0
80.0 233.0
245.0 132.0
8.0 99.0
232.0 76.0
21.0 125.0
110.0 53.0
184.0 60.0
110.0 193.0
118.0 124.0
4.0 192.0
226.0 28.0
91.0 154.0
22.0 214.0
21.0 198.0
193.0 189.0

169.0 210.0
185.0 160.0
185.0 124.0
232.0 146.0
214.0 10.0
239.0 78.0
63.0 140.0
159.0 43.0
146.0 58.0
14.0 254.0
217.0 251.0
96.0 217.0
171.0 121.0
62.0 233.0
252.0 114.0
121.0 141.0
117.0 169.0
216.0 193.0
208.0 171.0
232.0 90.0
22.0 197.0
97.0 230.0
106.0 152.0
93.0 248.0
204.0 171.0
150.0 96.0
63.0 15.0
114.0 82.0
177.0 249.0
43.0 231.0
67.0 231.0
223.0 61.0
64.0 149.0
68.0 199.0
30.0 246.0
197.0 108.0
98.0 29.0
222.0 192.0
25.0 62.0
211.0 178.0
92.0 245.0
226.0 199.0
37.0 241.0
194.0 51.0
38.0 156.0
250.0 223.0
164.0 242.0
123.0 252.0
159.0 42.0
87.0 166.0
77.0 224.0
166.0 186.0
69.0 52.0
6.0 31.0
152.0 173.0
239.0 171.0
176.0 43.0
82.0 13.0
164.0 235.0
162.0 160.0
164.0 178.0
177.0 174.0
112.0 109.0
242.0 104.0
226.0 181.0
174.0 21.0
108.0 177.0
188.0 44.0
123.0 92.0
102.0 133.0
170.0 192.0
214.0 59.0
248.0 174.0
252.0 208.0
71.0 169.0
225.0 201.0
24.0 79.0
198.0 173.0
72.0 114.0
185.0 38.0
36.0 162.0
62.0 202.0
232.0 205.0
71.0 196.0
16.0 64.0
176.0 43.0
102.0 49.0
254.0 237.0
54.0 175.0
231.0 248.0
229.0 144.0
231.0 49.0
162.0 125.0
85.0 232.0
65.0 171.0
19.0 72.0
61.0 162.0
65.0 220.0
171.0 242.0
141.0 23.0
82.0 39.0
162.0 23.0
82.0 222.0
64.0 243.0
43.0 70.0
213.0 220.0
224.0 11.0
182.0 243.0
199.0 159.0
251.0 129.0
216.0 152.0
23.0 145.0
221.0 8.0
85.0 239.0
249.0 138.0
12.0 104.0
237.0 80.0
27.0 130.0
116.0 57.0
190.0 65.0
114.0 197.0
122.0 129.0
9.0 198.0
232.0 34.0
96.0 159.0
26.0 220.0
25.0 203.0
198.0 194.0
