1
128 1 3.0 0.0 1000.0 3 160 240 100

6.5 13.5 29.3 58.5
13.0 27.0 58.5 117.0
19.5 40.5 87.8 175.5
26.0 54.0 117.0 234.0
39.0 81.0 175.5 351.0
52.0 108.0 234.0 468.0
58.5 121.5 263.3 526.5
65.0 135.0 292.5 585.0
78.0 162.0 351.0 702.0
0.0 180.0 390.0 780.0

2.0 5.0 8.0 11.0
5.0 8.0 11.0 14.0
9.0 12.0 15.0 18.0
11.0 14.0 17.0 20.0
15.0 18.0 21.0 24.0
18.0 21.0 24.0 27.0
20.0 23.0 26.0 29.0
25.0 28.0 31.0 34.0
29.0 32.0 35.0 38.0
0.0 34.0 37.0 40.0

118.0 92.0
206.0 215.0
58.0 91.0
75.0 175.0
166.0 22.0
187.0 187.0
96.0 38.0
40.0 186.0
62.0 117.0
197.0 232.0
236.0 64.0
36.0 166.0
249.0 148.0
236.0 187.0
189.0 213.0
133.0 219.0
249.0 152.0
153.0 235.0
10.0 211.0
93.0 48.0
170.0 154.0
67.0 117.0
67.0 112.0
26.0 232.0
174.0 27.0
40.0 20.0
54.0 153.0
118.0 249.0
62.0 121.0
144.0 5.0
171.0 186.0
61.0 97.0
80.0 26.0
30.0 117.0
93.0 68.0
48.0 164.0
77.0 116.0
135.0 29.0
97.0 118.0
215.0 199.0
147.0 217.0
143.0 130.0
240.0 47.0
159.0 19.0
112.0 59.0
83.0 137.0
196.0 201.0
149.0 82.0
245.0 106.0
186.0 149.0
131.0 12.0
155.0 40.0
85.0 160.0
125.0 238.0
2.0 37.0
81.0 153.0
240.0 101.0
14.0 218.0
134.0 190.0
63.0 192.0
32.0 155.0
39.0 208.0
218.0 54.0
215.0 198.0
127.0 36.0
100.0 121.0
106.0 157.0
197.0 229.0
13.0 122.0
88.0 199.0
6.0 67.0
230.0 217.0
210.0 10.0
168.0 224.0
231.0 194.0
180.0 56.0
79.0 94.0
193.0 22.0
103.0 173.0
90.0 61.0
110.0 35.0
137.0 141.0
155.0 198.0
31.0 150.0
59.0 243.0
151.0 82.0
241.0 192.0
156.0 143.0
71.0 5.0
133.0 196.0
192.0 167.0
64.0 48.0
146.0 126.0
182.0 132.0
132.0 182.0
121.0 201.0
90.0 216.0
57.0 211.0
88.0 236.0
98.0 148.0
61.0 239.0
25.0 89.0
13.0 7.0
1.0 132.0
102.0 207.0
215.0 104.0
100.0 32.0
231.0 69.0
17.0 138.0
106.0 160.0
9.0 224.0
185.0 132.0
232.0 158.0
21.0 43.0
138.0 92.0
178.0 73.0
3.0 119.0
13.0 29.0
54.0 33.0
62.0 153.0
106.0 107.0
248.0 169.0
217.0 91.0
167.0 57.0
127.0 218.0
35.0 116.0
122.0 33.0
190.0 172.0

123.0 96.0
211.0 219.0
62.0 96.0
80.0 180.0
171.0 28.0
192.0 191.0
101.0 42.0
44.0 191.0
68.0 121.0
201.0 237.0
240.0 68.0
41.0 170.0
253.0 153.0
242.0 191.0
193.0 217.0
137.0 223.0
253.0 157.0
157.0 239.0
16.0 217.0
97.0 54.0
175.0 159.0
71.0 122.0
71.0 117.0
32.0 238.0
178.0 32.0
45.0 25.0
60.0 157.0
123.0 253.0
68.0 126.0
149.0 11.0
176.0 191.0
66.0 101.0
85.0 31.0
35.0 121.0
98.0 72.0
52.0 169.0
82.0 121.0
140.0 34.0
102.0 124.0
220.0 204.0
153.0 221.0
148.0 134.0
246.0 51.0
164.0 25.0
117.0 65.0
89.0 143.0
201.0 207.0
154.0 87.0
249.0 112.0
191.0 155.0
136.0 17.0
159.0 45.0
91.0 164.0
130.0 243.0
7.0 43.0
86.0 158.0
246.0 106.0
20.0 223.0
139.0 195.0
69.0 197.0
36.0 159.0
45.0 212.0
224.0 59.0
221.0 203.0
131.0 41.0
104.0 125.0
111.0 161.0
203.0 234.0
19.0 126.0
93.0 205.0
11.0 73.0
234.0 222.0
214.0 16.0
174.0 229.0
236.0 200.0
185.0 61.0
85.0 98.0
198.0 28.0
109.0 179.0
94.0 65.0
115.0 40.0
141.0 146.0
159.0 203.0
36.0 155.0
65.0 249.0
156.0 88.0
247.0 198.0
161.0 148.0
76.0 11.0
138.0 200.0
197.0 171.0
69.0 54.0
152.0 131.0
188.0 137.0
137.0 186.0
127.0 206.0
94.0 222.0
62.0 216.0
92.0 241.0
103.0 153.0
65.0 245.0
30.0 93.0
18.0 11.0
7.0 138.0
107.0 212.0
219.0 109.0
104.0 38.0
235.0 73.0
23.0 143.0
110.0 164.0
15.0 229.0
191.0 137.0
236.0 163.0
25.0 48.0
143.0 97.0
183.0 77.0
8.0 124.0
18.0 33.0
59.0 38.0
68.0 157.0
112.0 112.0
254.0 174.0
222.0 97.0
171.0 62.0
131.0 222.0
39.0 121.0
127.0 38.0
195.0 178.0
