1
128 1 3.0 0.0 1000.0 3 160 240 100

6.5 13.5 29.3 58.5
13.0 27.0 58.5 117.0
19.5 40.5 87.8 175.5
26.0 54.0 117.0 234.0
39.0 81.0 175.5 351.0
52.0 108.0 234.0 468.0
58.5 121.5 263.3 526.5
65.0 135.0 292.5 585.0
78.0 162.0 351.0 702.0
0.0 180.0 390.0 780.0

2.0 5.0 8.0 11.0
5.0 8.0 11.0 14.0
9.0 12.0 15.0 18.0
11.0 14.0 17.0 20.0
15.0 18.0 21.0 24.0
18.0 21.0 24.0 27.0
20.0 23.0 26.0 29.0
25.0 28.0 31.0 34.0
29.0 32.0 35.0 38.0
0.0 34.0 37.0 40.0

190.0 206.0
139.0 103.0
169.0 85.0
60.0 70.0
0.0 27.0
194.0 62.0
35.0 47.0
130.0 44.0
167.0 175.0
217.0 210.0
59.0 195.0
210.0 187.0
112.0 133.0
35.0 23.0
50.0 96.0
42.0 94.0
28.0 97.0
216.0 95.0
6.0 96.0
105.0 128.0
191.0 6.0
48.0 164.0
146.0 33.0
90.0 26.0
250.0 216.0
39.0 58.0
237.0 156.0
189.0 222.0
118.0 189.0
31.0 191.0
88.0 112.0
87.0 40.0
97.0 76.0
91.0 230.0
73.0 153.0
15.0 119.0
90.0 62.0
26.0 59.0
84.0 162.0
15.0 199.0
60.0 108.0
158.0 170.0
9.0 131.0
12.0 146.0
80.0 208.0
237.0 96.0
138.0 229.0
86.0 79.0
109.0 35.0
106.0 23.0
103.0 62.0
74.0 238.0
127.0 103.0
6.0 194.0
228.0 21.0
105.0 216.0
248.0 79.0
136.0 241.0
181.0 79.0
213.0 167.0
175.0 101.0
99.0 61.0
33.0 169.0
149.0 132.0
148.0 244.0
106.0 117.0
104.0 15.0
10.0 97.0
231.0 249.0
62.0 35.0
236.0 46.0
65.0 161.0
83.0 147.0
165.0 128.0
93.0 7.0
150.0 192.0
83.0 149.0
134.0 211.0
134.0 156.0
19.0 91.0
177.0 174.0
198.0 98.0
123.0 162.0
0.0 42.0
83.0 147.0
220.0 134.0
55.0 81.0
116.0 123.0
221.0 189.0
81.0 166.0
123.0 38.0
11.0 151.0
242.0 72.0
189.0 46.0
97.0 238.0
82.0 136.0
44.0 64.0
7.0 70.0
247.0 182.0
178.0 229.0
131.0 46.0
214.0 205.0
175.0 206.0
1.0 17.0
206.0 13.0
116.0 244.0
197.0 235.0
67.0 63.0
108.0 101.0
198.0 9.0
127.0 107.0
126.0 55.0
241.0 245.0
188.0 224.0
116.0 101.0
146.0 186.0
92.0 113.0
244.0 188.0
141.0 55.0
243.0 148.0
229.0 175.0
158.0 121.0
45.0 171.0
187.0 112.0
161.0 45.0
193.0 56.0
236.0 167.0
100.0 67.0

195.0 211.0
144.0 108.0
175.0 89.0
64.0 76.0
5.0 33.0
198.0 67.0
40.0 52.0
135.0 49.0
171.0 180.0
222.0 214.0
65.0 200.0
215.0 192.0
117.0 139.0
40.0 29.0
54.0 100.0
47.0 99.0
33.0 102.0
222.0 100.0
12.0 100.0
110.0 132.0
196.0 11.0
53.0 168.0
151.0 37.0
96.0 31.0
254.0 221.0
43.0 64.0
242.0 160.0
194.0 227.0
123.0 193.0
36.0 196.0
92.0 117.0
91.0 46.0
101.0 81.0
96.0 236.0
79.0 157.0
21.0 125.0
95.0 67.0
31.0 64.0
88.0 166.0
20.0 203.0
65.0 113.0
163.0 175.0
15.0 137.0
17.0 152.0
86.0 214.0
242.0 100.0
144.0 234.0
91.0 83.0
114.0 40.0
111.0 27.0
108.0 67.0
79.0 244.0
131.0 109.0
11.0 199.0
234.0 26.0
111.0 221.0
252.0 85.0
140.0 247.0
186.0 84.0
219.0 171.0
181.0 105.0
104.0 66.0
38.0 174.0
153.0 137.0
153.0 249.0
111.0 122.0
108.0 20.0
16.0 103.0
236.0 255.0
67.0 41.0
241.0 52.0
71.0 165.0
88.0 153.0
171.0 133.0
97.0 12.0
155.0 196.0
88.0 155.0
139.0 217.0
140.0 160.0
24.0 96.0
183.0 179.0
203.0 103.0
127.0 166.0
6.0 47.0
88.0 151.0
225.0 139.0
60.0 86.0
122.0 127.0
226.0 193.0
86.0 171.0
128.0 43.0
16.0 157.0
246.0 77.0
193.0 51.0
103.0 243.0
87.0 142.0
49.0 70.0
13.0 75.0
252.0 187.0
182.0 233.0
136.0 50.0
218.0 209.0
180.0 211.0
7.0 22.0
211.0 18.0
121.0 249.0
201.0 240.0
73.0 68.0
113.0 106.0
202.0 13.0
132.0 113.0
131.0 60.0
246.0 250.0
193.0 230.0
121.0 107.0
152.0 191.0
97.0 118.0
249.0 193.0
146.0 59.0
248.0 154.0
234.0 180.0
163.0 125.0
51.0 175.0
191.0 116.0
166.0 49.0
197.0 61.0
242.0 173.0
105.0 71.0
