1
128 1 3.0 0.0 1000.0 3 160 240 100

6.5 13.5 29.3 58.5
13.0 27.0 58.5 117.0
19.5 40.5 87.8 175.5
26.0 54.0 117.0 234.0
39.0 81.0 175.5 351.0
52.0 108.0 234.0 468.0
58.5 121.5 263.3 526.5
65.0 135.0 292.5 585.0
78.0 162.0 351.0 702.0
0.0 180.0 390.0 780.0

2.0 5.0 8.0 11.0
5.0 8.0 11.0 14.0
9.0 12.0 15.0 18.0
11.0 14.0 17.0 20.0
15.0 18.0 21.0 24.0
18.0 21.0 24.0 27.0
20.0 23.0 26.0 29.0
25.0 28.0 31.0 34.0
29.0 32.0 35.0 38.0
0.0 34.0 37.0 40.0

209.0 178.0
155.0 234.0
30.0 171.0
117.0 110.0
22.0 147.0
171.0 161.0
171.0 71.0
210.0 159.0
111.0 246.0
4.0 114.0
72.0 110.0
198.0 157.0
62.0 30.0
156.0 217.0
162.0 203.0
61.0 108.0
105.0 38.0
213.0 207.0
115.0 3.0
47.0 219.0
56.0 198.0
202.0 80.0
16.0 242.0
22.0 120.0
225.0 131.0
208.0 164.0
61.0 19.0
131.0 67.0
187.0 208.0
123.0 237.0
171.0 171.0
167.0 12.0
27.0 14.0
153.0 74.0
146.0 96.0
4.0 148.0
183.0 65.0
214.0 31.0
239.0 160.0
226.0 77.0
28.0 175.0
77.0 65.0
11.0 47.0
85.0 199.0
38.0 88.0
162.0 38.0
113.0 204.0
142.0 227.0
205.0 249.0
72.0 209.0
95.0 224.0
243.0 171.0
41.0 94.0
28.0 8.0
142.0 70.0
183.0 197.0
61.0 233.0
50.0 246.0
91.0 247.0
194.0 213.0
123.0 143.0
32.0 115.0
116.0 55.0
128.0 66.0
244.0 12.0
67.0 114.0
208.0 46.0
214.0 226.0
13.0 92.0
159.0 22.0
60.0 61.0
6.0 83.0
241.0 197.0
200.0 47.0
3.0 216.0
161.0 220.0
204.0 217.0
68.0 13.0
96.0 228.0
153.0 61.0
124.0 24.0
248.0 233.0
19.0 182.0
65.0 240.0
239.0 144.0
73.0 174.0
115.0 135.0
77.0 87.0
116.0 69.0
238.0 38.0
238.0 175.0
22.0 102.0
51.0 92.0
182.0 153.0
8.0 53.0
140.0 32.0
212.0 23.0
244.0 31.0
103.0 28.0
156.0 192.0
122.0 183.0
195.0 221.0
221.0 27.0
48.0 138.0
124.0 31.0
25.0 91.0
86.0 27.0
145.0 80.0
201.0 60.0
124.0 150.0
107.0 2.0
160.0 157.0
21.0 89.0
214.0 56.0
88.0 79.0
57.0 191.0
85.0 66.0
166.0 152.0
100.0 27.0
102.0 58.0
102.0 13.0
80.0 199.0
139.0 189.0
246.0 41.0
215.0 243.0
242.0 133.0
203.0 10.0
197.0 44.0

215.0 183.0
160.0 238.0
35.0 177.0
122.0 114.0
26.0 152.0
175.0 166.0
176.0 77.0
216.0 164.0
115.0 250.0
9.0 119.0
78.0 115.0
202.0 162.0
67.0 35.0
161.0 221.0
168.0 209.0
66.0 113.0
109.0 42.0
217.0 211.0
119.0 8.0
51.0 224.0
60.0 204.0
206.0 85.0
21.0 248.0
27.0 126.0
230.0 136.0
213.0 169.0
66.0 24.0
137.0 71.0
191.0 213.0
128.0 242.0
176.0 176.0
172.0 17.0
32.0 19.0
159.0 79.0
151.0 102.0
9.0 153.0
188.0 71.0
218.0 35.0
244.0 165.0
232.0 82.0
33.0 181.0
82.0 70.0
17.0 52.0
89.0 204.0
43.0 93.0
166.0 43.0
119.0 210.0
148.0 231.0
209.0 254.0
77.0 213.0
101.0 229.0
247.0 176.0
45.0 98.0
32.0 13.0
148.0 75.0
188.0 202.0
66.0 237.0
55.0 250.0
97.0 252.0
198.0 218.0
129.0 149.0
36.0 119.0
120.0 60.0
132.0 72.0
250.0 18.0
71.0 119.0
212.0 50.0
219.0 231.0
18.0 97.0
165.0 27.0
65.0 65.0
10.0 89.0
247.0 201.0
205.0 51.0
8.0 222.0
167.0 224.0
209.0 222.0
72.0 17.0
101.0 234.0
157.0 66.0
130.0 28.0
254.0 238.0
25.0 188.0
71.0 246.0
244.0 149.0
79.0 179.0
121.0 141.0
82.0 93.0
120.0 74.0
242.0 42.0
243.0 180.0
27.0 108.0
56.0 96.0
187.0 158.0
13.0 58.0
145.0 37.0
217.0 27.0
250.0 36.0
108.0 32.0
161.0 197.0
128.0 188.0
200.0 226.0
226.0 31.0
53.0 144.0
128.0 36.0
30.0 96.0
91.0 32.0
150.0 86.0
206.0 64.0
128.0 155.0
113.0 7.0
166.0 162.0
26.0 95.0
219.0 62.0
93.0 83.0
61.0 196.0
90.0 70.0
170.0 157.0
104.0 32.0
107.0 64.0
108.0 18.0
86.0 204.0
143.0 193.0
250.0 45.0
220.0 249.0
247.0 137.0
208.0 15.0
202.0 49.0
