1
128 1 3.0 0.0 1000.0 3 160 240 100

6.5 13.5 29.3 58.5
13.0 27.0 58.5 117.0
19.5 40.5 87.8 175.5
26.0 54.0 117.0 234.0
39.0 81.0 175.5 351.0
52.0 108.0 234.0 468.0
58.5 121.5 263.3 526.5
65.0 135.0 292.5 585.0
78.0 162.0 351.0 702.0
0.0 180.0 390.0 780.0

2.0 5.0 8.0 11.0
5.0 8.0 11.0 14.0
9.0 12.0 15.0 18.0
11.0 14.0 17.0 20.0
15.0 18.0 21.0 24.0
18.0 21.0 24.0 27.0
20.0 23.0 26.0 29.0
25.0 28.0 31.0 34.0
29.0 32.0 35.0 38.0
0.0 34.0 37.0 40.0

119.0 175.0
117.0 69.0
182.0 150.0
21.0 121.0
138.0 61.0
7.0 129.0
92.0 128.0
187.0 131.0
244.0 2.0
244.0 26.0
100.0 151.0
1.0 112.0
50.0 129.0
226.0 46.0
182.0 70.0
58.0 94.0
1.0 42.0
14.0 88.0
35.0 243.0
84.0 100.0
129.0 36.0
2.0 128.0
44.0 190.0
88.0 170.0
21.0 206.0
94.0 104.0
51.0 194.0
101.0 135.0
157.0 81.0
17.0 97.0
30.0 231.0
93.0 242.0
213.0 135.0
141.0 186.0
52.0 113.0
230.0 16.0
221.0 80.0
188.0 101.0
174.0 194.0
57.0 238.0
207.0 38.0
189.0 51.0
105.0 52.0
21.0 150.0
180.0 237.0
87.0 93.0
51.0 225.0
179.0 27.0
101.0 95.0
91.0 183.0
85.0 173.0
231.0 229.0
199.0 72.0
165.0 18.0
198.0 59.0
248.0 120.0
23.0 165.0
29.0 53.0
126.0 229.0
222.0 214.0
89.0 166.0
40.0 67.0
101.0 36.0
66.0 192.0
8.0 67.0
85.0 150.0
138.0 101.0
175.0 138.0
218.0 223.0
103.0 241.0
239.0 169.0
196.0 159.0
187.0 166.0
122.0 82.0
134.0 155.0
110.0 213.0
228.0 181.0
176.0 230.0
194.0 30.0
14.0 73.0
33.0 22.0
232.0 230.0
124.0 156.0
225.0 6.0
65.0 150.0
246.0 98.0
78.0 199.0
77.0 76.0
176.0 106.0
241.0 218.0
64.0 249.0
43.0 176.0
77.0 156.0
250.0 41.0
11.0 21.0
53.0 170.0
32.0 74.0
34.0 204.0
126.0 0.0
127.0 24.0
164.0 195.0
175.0 199.0
171.0 181.0
214.0 44.0
232.0 105.0
183.0 216.0
23.0 248.0
95.0 101.0
6.0 103.0
229.0 31.0
155.0 90.0
239.0 218.0
132.0 52.0
146.0 68.0
153.0 21.0
217.0 136.0
86.0 243.0
60.0 9.0
149.0 77.0
84.0 250.0
118.0 156.0
25.0 77.0
48.0 18.0
57.0 20.0
38.0 239.0
52.0 116.0
163.0 157.0
160.0 2.0

124.0 180.0
122.0 75.0
187.0 156.0
27.0 125.0
143.0 65.0
12.0 134.0
97.0 133.0
191.0 136.0
249.0 8.0
250.0 31.0
106.0 157.0
7.0 117.0
55.0 134.0
231.0 51.0
188.0 74.0
64.0 99.0
5.0 46.0
19.0 94.0
40.0 248.0
90.0 106.0
134.0 40.0
7.0 133.0
48.0 195.0
92.0 175.0
27.0 212.0
100.0 108.0
56.0 200.0
105.0 139.0
162.0 86.0
22.0 102.0
35.0 237.0
98.0 246.0
218.0 140.0
147.0 192.0
57.0 118.0
234.0 21.0
226.0 86.0
193.0 106.0
180.0 199.0
63.0 242.0
212.0 43.0
194.0 55.0
110.0 56.0
26.0 155.0
185.0 242.0
92.0 97.0
56.0 230.0
184.0 31.0
105.0 100.0
97.0 187.0
90.0 178.0
235.0 234.0
204.0 76.0
170.0 24.0
202.0 64.0
254.0 125.0
28.0 170.0
35.0 58.0
131.0 235.0
227.0 220.0
94.0 171.0
45.0 72.0
105.0 40.0
72.0 198.0
13.0 72.0
90.0 155.0
142.0 106.0
179.0 143.0
223.0 228.0
108.0 246.0
244.0 174.0
202.0 164.0
192.0 172.0
126.0 88.0
140.0 159.0
116.0 218.0
234.0 186.0
180.0 234.0
198.0 35.0
18.0 78.0
38.0 28.0
237.0 236.0
128.0 161.0
230.0 12.0
70.0 155.0
251.0 103.0
84.0 204.0
83.0 80.0
182.0 112.0
245.0 223.0
68.0 254.0
48.0 180.0
82.0 160.0
255.0 47.0
16.0 26.0
59.0 175.0
37.0 79.0
39.0 209.0
132.0 6.0
133.0 30.0
169.0 200.0
180.0 204.0
175.0 185.0
219.0 50.0
236.0 111.0
187.0 222.0
28.0 253.0
100.0 106.0
11.0 108.0
235.0 36.0
160.0 96.0
244.0 223.0
137.0 56.0
152.0 73.0
157.0 25.0
221.0 140.0
90.0 248.0
65.0 13.0
153.0 82.0
89.0 254.0
124.0 162.0
30.0 83.0
53.0 23.0
62.0 25.0
42.0 244.0
57.0 121.0
168.0 163.0
165.0 6.0
