1
128 1 3.0 0.0 1000.0 3 160 240 100

6.5 13.5 29.3 58.5
13.0 27.0 58.5 117.0
19.5 40.5 87.8 175.5
26.0 54.0 117.0 234.0
39.0 81.0 175.5 351.0
52.0 108.0 234.0 468.0
58.5 121.5 263.3 526.5
65.0 135.0 292.5 585.0
78.0 162.0 351.0 702.0
0.0 180.0 390.0 780.0

2.0 5.0 8.0 11.0
5.0 8.0 11.0 14.0
9.0 12.0 15.0 18.0
11.0 14.0 17.0 20.0
15.0 18.0 21.0 24.0
18.0 21.0 24.0 27.0
20.0 23.0 26.0 29.0
25.0 28.0 31.0 34.0
29.0 32.0 35.0 38.0
0.0 34.0 37.0 40.0

93.0 117.0
181.0 63.0
213.0 10.0
220.0 68.0
74.0 3.0
35.0 194.0
158.0 101.0
223.0 167.0
104.0 194.0
69.0 134.0
11.0 14.0
183.0 235.0
63.0 153.0
61.0 30.0
63.0 237.0
210.0 151.0
67.0 163.0
31.0 107.0
88.0 96.0
237.0 233.0
185.0 13.0
133.0 99.0
30.0 126.0
144.0 233.0
136.0 80.0
51.0 100.0
236.0 144.0
205.0 75.0
88.0 170.0
31.0 217.0
103.0 147.0
238.0 206.0
181.0 11.0
168.0 142.0
15.0 168.0
65.0 172.0
157.0 2.0
83.0 26.0
194.0 212.0
179.0 65.0
220.0 115.0
102.0 23.0
89.0 145.0
225.0 197.0
235.0 52.0
75.0 128.0
186.0 158.0
180.0 144.0
175.0 51.0
201.0 200.0
106.0 192.0
107.0 11.0
152.0 206.0
234.0 18.0
112.0 189.0
100.0 74.0
185.0 183.0
203.0 20.0
163.0 42.0
51.0 145.0
70.0 192.0
12.0 89.0
132.0 138.0
121.0 52.0
226.0 114.0
52.0 3.0
62.0 86.0
21.0 105.0
141.0 132.0
192.0 197.0
87.0 41.0
245.0 169.0
52.0 17.0
34.0 185.0
145.0 223.0
129.0 227.0
222.0 166.0
49.0 37.0
105.0 19.0
95.0 52.0
196.0 42.0
221.0 30.0
183.0 35.0
225.0 108.0
162.0 129.0
78.0 86.0
24.0 230.0
32.0 72.0
33.0 24.0
228.0 150.0
76.0 5.0
43.0 85.0
141.0 50.0
32.0 100.0
125.0 122.0
89.0 112.0
151.0 11.0
36.0 89.0
124.0 68.0
161.0 42.0
80.0 207.0
30.0 183.0
183.0 12.0
211.0 144.0
44.0 102.0
125.0 167.0
103.0 207.0
28.0 14.0
108.0 245.0
211.0 160.0
72.0 220.0
58.0 125.0
110.0 97.0
168.0 139.0
155.0 124.0
47.0 118.0
94.0 110.0
219.0 22.0
191.0 12.0
126.0 201.0
213.0 212.0
38.0 167.0
243.0 217.0
226.0 34.0
241.0 43.0
240.0 174.0
197.0 115.0
176.0 224.0

97.0 123.0
186.0 68.0
217.0 15.0
225.0 72.0
79.0 8.0
39.0 199.0
162.0 107.0
227.0 173.0
108.0 200.0
74.0 140.0
16.0 19.0
189.0 241.0
69.0 158.0
66.0 35.0
69.0 243.0
215.0 156.0
73.0 167.0
35.0 111.0
94.0 101.0
243.0 238.0
190.0 18.0
137.0 103.0
35.0 132.0
148.0 238.0
140.0 85.0
56.0 105.0
241.0 150.0
211.0 80.0
93.0 176.0
37.0 222.0
108.0 153.0
242.0 210.0
187.0 16.0
174.0 147.0
20.0 173.0
71.0 177.0
162.0 8.0
87.0 30.0
198.0 217.0
184.0 70.0
225.0 120.0
108.0 27.0
94.0 150.0
231.0 202.0
239.0 57.0
79.0 133.0
191.0 163.0
185.0 149.0
180.0 56.0
206.0 205.0
111.0 197.0
111.0 17.0
158.0 212.0
239.0 23.0
117.0 194.0
106.0 79.0
190.0 188.0
208.0 24.0
168.0 46.0
55.0 150.0
74.0 197.0
17.0 94.0
137.0 143.0
125.0 57.0
231.0 119.0
57.0 9.0
67.0 92.0
25.0 110.0
146.0 137.0
198.0 202.0
91.0 47.0
250.0 173.0
56.0 23.0
40.0 190.0
151.0 227.0
135.0 231.0
227.0 172.0
54.0 43.0
111.0 23.0
100.0 57.0
201.0 46.0
226.0 35.0
187.0 40.0
230.0 114.0
168.0 133.0
84.0 92.0
28.0 235.0
36.0 77.0
38.0 29.0
234.0 156.0
82.0 10.0
48.0 90.0
147.0 55.0
36.0 105.0
131.0 127.0
95.0 117.0
157.0 16.0
40.0 94.0
128.0 73.0
166.0 47.0
84.0 211.0
35.0 187.0
188.0 16.0
216.0 150.0
50.0 107.0
131.0 171.0
108.0 211.0
34.0 18.0
113.0 249.0
216.0 165.0
78.0 226.0
62.0 130.0
115.0 101.0
172.0 143.0
159.0 129.0
52.0 124.0
100.0 115.0
224.0 28.0
196.0 17.0
131.0 206.0
219.0 217.0
42.0 173.0
247.0 223.0
231.0 40.0
246.0 47.0
245.0 178.0
202.0 119.0
181.0 229.0
