1
128 1 3.0 0.0 1000.0 3 160 240 100

6.5 13.5 29.3 58.5
13.0 27.0 58.5 117.0
19.5 40.5 87.8 175.5
26.0 54.0 117.0 234.0
39.0 81.0 175.5 351.0
52.0 108.0 234.0 468.0
58.5 121.5 263.3 526.5
65.0 135.0 292.5 585.0
78.0 162.0 351.0 702.0
0.0 180.0 390.0 780.0

2.0 5.0 8.0 11.0
5.0 8.0 11.0 14.0
9.0 12.0 15.0 18.0
11.0 14.0 17.0 20.0
15.0 18.0 21.0 24.0
18.0 21.0 24.0 27.0
20.0 23.0 26.0 29.0
25.0 28.0 31.0 34.0
29.0 32.0 35.0 38.0
0.0 34.0 37.0 40.0

232.0 122.0
92.0 88.0
211.0 131.0
94.0 157.0
175.0 83.0
76.0 125.0
47.0 86.0
82.0 107.0
196.0 247.0
149.0 153.0
189.0 82.0
210.0 92.0
236.0 123.0
38.0 108.0
170.0 64.0
132.0 172.0
156.0 72.0
232.0 241.0
92.0 8.0
248.0 238.0
20.0 55.0
177.0 109.0
137.0 101.0
135.0 71.0
102.0 31.0
238.0 243.0
104.0 126.0
62.0 143.0
249.0 111.0
45.0 111.0
124.0 173.0
197.0 27.0
216.0 109.0
91.0 3.0
156.0 59.0
136.0 41.0
109.0 108.0
221.0 217.0
149.0 76.0
124.0 2.0
54.0 171.0
126.0 163.0
3.0 190.0
109.0 218.0
219.0 64.0
220.0 22.0
180.0 71.0
226.0 87.0
56.0 122.0
32.0 71.0
119.0 79.0
116.0 184.0
162.0 133.0
221.0 59.0
57.0 75.0
184.0 209.0
100.0 113.0
113.0 5.0
147.0 191.0
181.0 163.0
82.0 96.0
108.0 46.0
231.0 173.0
231.0 149.0
131.0 68.0
108.0 204.0
166.0 187.0
180.0 139.0
87.0 168.0
69.0 204.0
53.0 192.0
143.0 122.0
99.0 26.0
71.0 213.0
18.0 29.0
117.0 218.0
217.0 123.0
13.0 130.0
143.0 82.0
47.0 168.0
208.0 38.0
72.0 45.0
202.0 146.0
206.0 51.0
231.0 217.0
45.0 244.0
54.0 121.0
33.0 112.0
231.0 130.0
199.0 148.0
75.0 162.0
24.0 76.0
196.0 191.0
7.0 33.0
11.0 164.0
90.0 75.0
131.0 81.0
135.0 191.0
116.0 188.0
218.0 59.0
144.0 72.0
76.0 121.0
207.0 227.0
94.0 62.0
3.0 9.0
33.0 159.0
10.0 174.0
32.0 213.0
46.0 44.0
186.0 143.0
165.0 115.0
115.0 98.0
72.0 23.0
221.0 12.0
33.0 78.0
142.0 115.0
85.0 131.0
244.0 189.0
155.0 119.0
34.0 186.0
7.0 186.0
201.0 155.0
9.0 94.0
54.0 201.0
7.0 191.0
180.0 52.0
182.0 31.0
224.0 78.0

236.0 127.0
97.0 93.0
217.0 136.0
100.0 162.0
181.0 89.0
81.0 129.0
53.0 90.0
87.0 111.0
201.0 251.0
154.0 159.0
195.0 87.0
216.0 96.0
240.0 128.0
44.0 113.0
176.0 70.0
137.0 176.0
161.0 77.0
238.0 245.0
96.0 13.0
253.0 242.0
25.0 59.0
182.0 113.0
142.0 105.0
141.0 76.0
107.0 36.0
242.0 248.0
108.0 131.0
67.0 147.0
254.0 117.0
51.0 116.0
128.0 178.0
201.0 33.0
222.0 115.0
95.0 7.0
161.0 64.0
140.0 46.0
114.0 112.0
227.0 222.0
154.0 81.0
128.0 7.0
59.0 176.0
131.0 169.0
7.0 194.0
114.0 223.0
224.0 69.0
226.0 26.0
186.0 76.0
230.0 92.0
60.0 127.0
38.0 76.0
123.0 85.0
121.0 190.0
167.0 138.0
227.0 63.0
61.0 79.0
188.0 214.0
105.0 118.0
117.0 9.0
153.0 196.0
186.0 168.0
87.0 102.0
113.0 51.0
236.0 178.0
236.0 153.0
137.0 72.0
112.0 209.0
172.0 193.0
185.0 144.0
91.0 173.0
75.0 209.0
58.0 197.0
148.0 128.0
105.0 30.0
76.0 218.0
24.0 35.0
122.0 223.0
222.0 127.0
18.0 135.0
148.0 87.0
51.0 173.0
212.0 43.0
78.0 50.0
207.0 150.0
212.0 56.0
235.0 222.0
49.0 248.0
59.0 126.0
38.0 117.0
236.0 134.0
205.0 154.0
79.0 166.0
29.0 81.0
201.0 195.0
11.0 38.0
16.0 169.0
94.0 79.0
137.0 86.0
140.0 195.0
121.0 193.0
223.0 64.0
148.0 76.0
81.0 127.0
212.0 231.0
99.0 66.0
7.0 15.0
39.0 165.0
15.0 178.0
37.0 219.0
51.0 48.0
191.0 148.0
169.0 121.0
119.0 104.0
77.0 29.0
226.0 17.0
38.0 83.0
147.0 119.0
90.0 135.0
248.0 194.0
159.0 124.0
39.0 192.0
12.0 191.0
206.0 159.0
13.0 98.0
58.0 206.0
12.0 196.0
185.0 56.0
186.0 36.0
229.0 82.0
