1
128 1 3.0 0.0 1000.0 3 160 240 100

6.5 13.5 29.3 58.5
13.0 27.0 58.5 117.0
19.5 40.5 87.8 175.5
26.0 54.0 117.0 234.0
39.0 81.0 175.5 351.0
52.0 108.0 234.0 468.0
58.5 121.5 263.3 526.5
65.0 135.0 292.5 585.0
78.0 162.0 351.0 702.0
0.0 180.0 390.0 780.0

2.0 5.0 8.0 11.0
5.0 8.0 11.0 14.0
9.0 12.0 15.0 18.0
11.0 14.0 17.0 20.0
15.0 18.0 21.0 24.0
18.0 21.0 24.0 27.0
20.0 23.0 26.0 29.0
25.0 28.0 31.0 34.0
29.0 32.0 35.0 38.0
0.0 34.0 37.0 40.0

45.0 39.0
227.0 223.0
75.0 191.0
66.0 57.0
26.0 222.0
42.0 43.0
34.0 213.0
38.0 100.0
180.0 192.0
183.0 174.0
9.0 218.0
41.0 35.0
41.0 231.0
161.0 121.0
139.0 233.0
122.0 48.0
160.0 221.0
32.0 203.0
120.0 74.0
246.0 175.0
167.0 169.0
132.0 81.0
239.0 61.0
23.0 142.0
57.0 135.0
70.0 205.0
203.0 180.0
245.0 196.0
84.0 170.0
98.0 57.0
124.0 81.0
128.0 45.0
132.0 149.0
0.0 67.0
55.0 25.0
116.0 37.0
187.0 114.0
106.0 83.0
180.0 164.0
147.0 193.0
34.0 22.0
66.0 6.0
52.0 20.0
221.0 228.0
60.0 243.0
17.0 226.0
245.0 49.0
179.0 185.0
39.0 211.0
245.0 234.0
40.0 159.0
44.0 54.0
6.0 91.0
239.0 23.0
36.0 47.0
68.0 245.0
122.0 80.0
5.0 174.0
40.0 5.0
89.0 53.0
138.0 234.0
9.0 231.0
132.0 44.0
92.0 232.0
78.0 177.0
130.0 248.0
11.0 227.0
90.0 54.0
40.0 90.0
1.0 145.0
18.0 78.0
199.0 226.0
209.0 74.0
100.0 220.0
183.0 202.0
37.0 46.0
234.0 45.0
236.0 224.0
200.0 224.0
67.0 167.0
77.0 14.0
35.0 102.0
191.0 188.0
13.0 99.0
212.0 131.0
62.0 30.0
123.0 38.0
219.0 65.0
63.0 127.0
206.0 132.0
35.0 45.0
87.0 101.0
28.0 19.0
191.0 233.0
158.0 71.0
201.0 12.0
247.0 207.0
104.0 51.0
93.0 32.0
31.0 59.0
208.0 83.0
52.0 171.0
145.0 191.0
78.0 16.0
92.0 44.0
75.0 202.0
199.0 157.0
93.0 205.0
215.0 9.0
204.0 230.0
10.0 213.0
239.0 144.0
196.0 83.0
13.0 188.0
35.0 95.0
79.0 179.0
233.0 237.0
66.0 35.0
180.0 104.0
9.0 227.0
103.0 129.0
118.0 93.0
84.0 168.0
7.0 6.0
12.0 197.0
202.0 199.0
71.0 237.0
86.0 124.0

50.0 44.0
232.0 227.0
80.0 195.0
72.0 61.0
32.0 226.0
48.0 48.0
39.0 218.0
42.0 105.0
186.0 197.0
188.0 179.0
15.0 224.0
46.0 41.0
46.0 236.0
167.0 126.0
144.0 237.0
127.0 54.0
165.0 227.0
37.0 209.0
125.0 78.0
252.0 180.0
173.0 173.0
136.0 87.0
244.0 66.0
27.0 148.0
61.0 141.0
75.0 210.0
209.0 186.0
250.0 201.0
88.0 174.0
103.0 63.0
130.0 87.0
133.0 50.0
137.0 154.0
6.0 73.0
61.0 31.0
121.0 42.0
193.0 120.0
110.0 89.0
185.0 169.0
153.0 198.0
39.0 28.0
72.0 12.0
56.0 25.0
226.0 233.0
64.0 247.0
22.0 231.0
251.0 55.0
184.0 190.0
44.0 216.0
250.0 239.0
46.0 163.0
49.0 60.0
10.0 97.0
244.0 28.0
40.0 53.0
74.0 249.0
127.0 86.0
10.0 180.0
45.0 9.0
95.0 57.0
143.0 240.0
13.0 236.0
137.0 50.0
97.0 237.0
83.0 182.0
135.0 254.0
15.0 232.0
95.0 59.0
44.0 95.0
5.0 150.0
24.0 83.0
205.0 230.0
214.0 78.0
106.0 226.0
187.0 206.0
42.0 50.0
238.0 50.0
242.0 230.0
205.0 228.0
71.0 172.0
82.0 19.0
41.0 106.0
196.0 193.0
17.0 104.0
217.0 136.0
67.0 36.0
128.0 42.0
224.0 71.0
69.0 133.0
211.0 136.0
41.0 49.0
91.0 106.0
32.0 23.0
196.0 237.0
164.0 75.0
206.0 16.0
252.0 212.0
109.0 57.0
98.0 36.0
35.0 63.0
214.0 88.0
57.0 176.0
151.0 196.0
82.0 21.0
98.0 50.0
79.0 206.0
203.0 163.0
97.0 211.0
220.0 13.0
208.0 235.0
16.0 219.0
244.0 150.0
200.0 88.0
18.0 192.0
41.0 100.0
84.0 184.0
238.0 242.0
72.0 39.0
186.0 110.0
14.0 231.0
107.0 134.0
124.0 98.0
89.0 172.0
11.0 11.0
16.0 203.0
206.0 204.0
76.0 241.0
91.0 128.0
