1
128 1 3.0 0.0 1000.0 3 160 240 100

6.5 13.5 29.3 58.5
13.0 27.0 58.5 117.0
19.5 40.5 87.8 175.5
26.0 54.0 117.0 234.0
39.0 81.0 175.5 351.0
52.0 108.0 234.0 468.0
58.5 121.5 263.3 526.5
65.0 135.0 292.5 585.0
78.0 162.0 351.0 702.0
0.0 180.0 390.0 780.0

2.0 5.0 8.0 11.0
5.0 8.0 11.0 14.0
9.0 12.0 15.0 18.0
11.0 14.0 17.0 20.0
15.0 18.0 21.0 24.0
18.0 21.0 24.0 27.0
20.0 23.0 26.0 29.0
25.0 28.0 31.0 34.0
29.0 32.0 35.0 38.0
0.0 34.0 37.0 40.0

236.0 223.0
24.0 61.0
1.0 73.0
68.0 60.0
136.0 14.0
229.0 239.0
93.0 11.0
196.0 123.0
189.0 56.0
34.0 147.0
217.0 164.0
66.0 206.0
245.0 49.0
47.0 176.0
206.0 92.0
27.0 43.0
206.0 231.0
103.0 56.0
35.0 4.0
76.0 156.0
179.0 249.0
95.0 227.0
193.0 66.0
176.0 50.0
107.0 177.0
56.0 129.0
105.0 158.0
140.0 136.0
12.0 51.0
129.0 38.0
218.0 215.0
214.0 12.0
198.0 41.0
43.0 82.0
120.0 18.0
229.0 235.0
79.0 146.0
225.0 46.0
84.0 67.0
205.0 203.0
210.0 26.0
169.0 104.0
145.0 158.0
18.0 15.0
195.0 101.0
193.0 103.0
94.0 35.0
18.0 202.0
50.0 43.0
195.0 10.0
11.0 2.0
221.0 185.0
187.0 36.0
56.0 169.0
217.0 111.0
188.0 95.0
113.0 173.0
40.0 217.0
11.0 51.0
239.0 86.0
238.0 125.0
86.0 61.0
78.0 125.0
99.0 243.0
158.0 194.0
104.0 22.0
177.0 172.0
124.0 243.0
41.0 145.0
158.0 23.0
5.0 73.0
225.0 112.0
244.0 167.0
153.0 207.0
96.0 208.0
101.0 226.0
23.0 104.0
163.0 97.0
135.0 247.0
186.0 168.0
232.0 87.0
12.0 185.0
62.0 138.0
152.0 72.0
120.0 167.0
238.0 65.0
90.0 182.0
117.0 79.0
99.0 100.0
73.0 234.0
20.0 58.0
169.0 24.0
127.0 150.0
50.0 202.0
209.0 172.0
93.0 237.0
59.0 23.0
119.0 19.0
89.0 223.0
162.0 78.0
103.0 81.0
151.0 93.0
96.0 86.0
127.0 83.0
5.0 186.0
200.0 196.0
137.0 153.0
32.0 96.0
86.0 67.0
144.0 3.0
230.0 6.0
220.0 6.0
5.0 80.0
89.0 66.0
172.0 41.0
162.0 230.0
129.0 226.0
156.0 75.0
136.0 174.0
234.0 43.0
120.0 73.0
28.0 50.0
45.0 243.0
61.0 157.0
142.0 181.0
129.0 77.0
122.0 2.0
65.0 149.0

241.0 227.0
30.0 65.0
6.0 78.0
74.0 65.0
142.0 18.0
234.0 244.0
98.0 15.0
201.0 129.0
194.0 61.0
39.0 151.0
222.0 169.0
72.0 210.0
250.0 53.0
52.0 181.0
211.0 98.0
32.0 49.0
211.0 235.0
109.0 61.0
40.0 8.0
81.0 161.0
183.0 254.0
101.0 233.0
198.0 71.0
181.0 55.0
112.0 182.0
62.0 134.0
111.0 163.0
145.0 141.0
16.0 55.0
135.0 43.0
222.0 220.0
219.0 16.0
204.0 46.0
48.0 86.0
126.0 23.0
233.0 241.0
84.0 151.0
229.0 51.0
88.0 71.0
210.0 209.0
214.0 31.0
174.0 110.0
151.0 164.0
23.0 20.0
201.0 106.0
198.0 108.0
99.0 40.0
23.0 206.0
55.0 48.0
201.0 16.0
15.0 7.0
226.0 190.0
192.0 42.0
61.0 173.0
223.0 115.0
194.0 100.0
118.0 178.0
44.0 222.0
17.0 57.0
244.0 91.0
244.0 130.0
90.0 67.0
83.0 130.0
103.0 249.0
163.0 199.0
109.0 27.0
182.0 177.0
128.0 248.0
46.0 149.0
164.0 28.0
10.0 78.0
231.0 117.0
249.0 172.0
157.0 212.0
100.0 213.0
106.0 231.0
27.0 109.0
168.0 102.0
140.0 251.0
191.0 173.0
238.0 92.0
16.0 190.0
68.0 144.0
157.0 77.0
125.0 171.0
244.0 71.0
95.0 188.0
122.0 84.0
103.0 105.0
78.0 239.0
25.0 62.0
175.0 28.0
132.0 156.0
55.0 208.0
214.0 177.0
99.0 241.0
63.0 29.0
123.0 25.0
95.0 229.0
168.0 83.0
109.0 85.0
155.0 98.0
101.0 92.0
132.0 88.0
11.0 190.0
205.0 200.0
143.0 158.0
37.0 100.0
92.0 72.0
149.0 9.0
235.0 10.0
225.0 11.0
10.0 85.0
93.0 71.0
177.0 45.0
167.0 234.0
134.0 230.0
162.0 79.0
140.0 179.0
239.0 48.0
125.0 78.0
33.0 55.0
50.0 247.0
66.0 162.0
146.0 187.0
135.0 81.0
127.0 6.0
70.0 153.0
