1
128 1 3.0 0.0 1000.0 3 160 240 100

6.5 13.5 29.3 58.5
13.0 27.0 58.5 117.0
19.5 40.5 87.8 175.5
26.0 54.0 117.0 234.0
39.0 81.0 175.5 351.0
52.0 108.0 234.0 468.0
58.5 121.5 263.3 526.5
65.0 135.0 292.5 585.0
78.0 162.0 351.0 702.0
0.0 180.0 390.0 780.0

2.0 5.0 8.0 11.0
5.0 8.0 11.0 14.0
9.0 12.0 15.0 18.0
11.0 14.0 17.0 20.0
15.0 18.0 21.0 24.0
18.0 21.0 24.0 27.0
20.0 23.0 26.0 29.0
25.0 28.0 31.0 34.0
29.0 32.0 35.0 38.0
0.0 34.0 37.0 40.0

58.0 101.0
133.0 104.0
166.0 123.0
137.0 57.0
242.0 135.0
102.0 2.0
50.0 38.0
223.0 86.0
133.0 197.0
4.0 89.0
138.0 69.0
193.0 208.0
2.0 199.0
192.0 250.0
126.0 205.0
96.0 105.0
202.0 114.0
54.0 202.0
177.0 38.0
230.0 159.0
164.0 200.0
180.0 205.0
140.0 157.0
52.0 239.0
125.0 106.0
45.0 193.0
63.0 3.0
159.0 216.0
207.0 1.0
63.0 209.0
124.0 56.0
209.0 95.0
227.0 95.0
167.0 8.0
96.0 213.0
175.0 124.0
103.0 169.0
9.0 213.0
232.0 13.0
34.0 18.0
243.0 8.0
174.0 138.0
184.0 48.0
34.0 172.0
33.0 92.0
29.0 163.0
95.0 219.0
152.0 226.0
59.0 181.0
78.0 28.0
225.0 185.0
133.0 122.0
171.0 167.0
201.0 182.0
244.0 146.0
211.0 19.0
33.0 67.0
156.0 46.0
66.0 80.0
166.0 194.0
25.0 37.0
209.0 80.0
95.0 55.0
64.0 49.0
116.0 17.0
23.0 19.0
17.0 3.0
80.0 114.0
98.0 154.0
192.0 161.0
248.0 67.0
8.0 146.0
40.0 112.0
13.0 75.0
180.0 150.0
100.0 227.0
103.0 146.0
164.0 107.0
91.0 51.0
94.0 213.0
71.0 71.0
125.0 58.0
89.0 50.0
67.0 172.0
247.0 247.0
238.0 163.0
229.0 71.0
238.0 181.0
68.0 205.0
31.0 240.0
163.0 52.0
85.0 114.0
74.0 43.0
165.0 140.0
213.0 144.0
159.0 28.0
109.0 204.0
148.0 113.0
224.0 112.0
230.0 48.0
120.0 32.0
184.0 232.0
91.0 65.0
114.0 105.0
183.0 214.0
21.0 230.0
73.0 145.0
80.0 160.0
135.0 238.0
192.0 142.0
17.0 39.0
205.0 37.0
183.0 245.0
14.0 115.0
132.0 197.0
44.0 247.0
112.0 146.0
214.0 20.0
169.0 132.0
0.0 168.0
225.0 131.0
74.0 234.0
148.0 169.0
16.0 210.0
133.0 195.0
198.0 218.0
241.0 29.0
209.0 89.0

64.0 106.0
138.0 109.0
172.0 128.0
142.0 62.0
247.0 141.0
106.0 6.0
55.0 44.0
227.0 91.0
137.0 203.0
8.0 95.0
143.0 75.0
197.0 214.0
8.0 205.0
197.0 255.0
130.0 210.0
101.0 110.0
207.0 118.0
58.0 207.0
181.0 44.0
235.0 164.0
169.0 205.0
184.0 210.0
144.0 162.0
57.0 244.0
130.0 111.0
51.0 198.0
68.0 7.0
164.0 220.0
213.0 5.0
68.0 213.0
129.0 61.0
213.0 100.0
233.0 100.0
172.0 14.0
100.0 218.0
179.0 129.0
107.0 173.0
14.0 218.0
236.0 18.0
40.0 23.0
248.0 12.0
179.0 144.0
188.0 53.0
40.0 177.0
38.0 96.0
33.0 168.0
101.0 224.0
156.0 231.0
64.0 187.0
84.0 33.0
229.0 190.0
138.0 128.0
176.0 172.0
207.0 187.0
249.0 152.0
216.0 24.0
37.0 72.0
161.0 50.0
70.0 85.0
172.0 198.0
30.0 42.0
213.0 86.0
100.0 60.0
70.0 54.0
121.0 22.0
28.0 25.0
21.0 8.0
85.0 120.0
103.0 160.0
197.0 166.0
254.0 73.0
13.0 151.0
45.0 118.0
17.0 79.0
185.0 156.0
104.0 232.0
108.0 151.0
170.0 111.0
95.0 56.0
99.0 218.0
76.0 75.0
130.0 63.0
95.0 54.0
71.0 177.0
252.0 252.0
242.0 169.0
233.0 75.0
243.0 187.0
73.0 210.0
36.0 245.0
168.0 57.0
90.0 118.0
79.0 48.0
169.0 146.0
218.0 149.0
163.0 33.0
114.0 209.0
152.0 118.0
229.0 117.0
236.0 52.0
125.0 38.0
189.0 237.0
97.0 71.0
119.0 111.0
188.0 219.0
26.0 236.0
77.0 150.0
85.0 165.0
139.0 243.0
198.0 146.0
23.0 43.0
210.0 42.0
188.0 250.0
19.0 121.0
136.0 203.0
49.0 253.0
117.0 151.0
220.0 24.0
174.0 138.0
5.0 173.0
231.0 137.0
78.0 239.0
153.0 174.0
22.0 215.0
139.0 201.0
203.0 222.0
246.0 35.0
214.0 94.0
