1
128 1 3.0 0.0 1000.0 3 160 240 100

6.5 13.5 29.3 58.5
13.0 27.0 58.5 117.0
19.5 40.5 87.8 175.5
26.0 54.0 117.0 234.0
39.0 81.0 175.5 351.0
52.0 108.0 234.0 468.0
58.5 121.5 263.3 526.5
65.0 135.0 292.5 585.0
78.0 162.0 351.0 702.0
0.0 180.0 390.0 780.0

2.0 5.0 8.0 11.0
5.0 8.0 11.0 14.0
9.0 12.0 15.0 18.0
11.0 14.0 17.0 20.0
15.0 18.0 21.0 24.0
18.0 21.0 24.0 27.0
20.0 23.0 26.0 29.0
25.0 28.0 31.0 34.0
29.0 32.0 35.0 38.0
0.0 34.0 37.0 40.0

181.0 130.0
220.0 15.0
143.0 133.0
64.0 152.0
22.0 122.0
175.0 142.0
134.0 219.0
29.0 60.0
57.0 7.0
157.0 161.0
158.0 38.0
131.0 133.0
174.0 164.0
213.0 212.0
217.0 19.0
65.0 10.0
120.0 63.0
226.0 7.0
108.0 140.0
123.0 189.0
98.0 79.0
182.0 131.0
234.0 173.0
204.0 161.0
81.0 192.0
188.0 21.0
213.0 129.0
130.0 19.0
242.0 215.0
129.0 242.0
150.0 37.0
172.0 178.0
100.0 153.0
86.0 190.0
198.0 173.0
136.0 85.0
25.0 79.0
130.0 80.0
31.0 116.0
152.0 33.0
221.0 161.0
133.0 123.0
119.0 19.0
35.0 218.0
57.0 195.0
208.0 241.0
151.0 195.0
87.0 148.0
129.0 37.0
158.0 205.0
11.0 164.0
225.0 46.0
172.0 45.0
59.0 78.0
163.0 35.0
53.0 103.0
204.0 170.0
107.0 70.0
82.0 79.0
3.0 227.0
17.0 58.0
89.0 202.0
88.0 140.0
180.0 148.0
152.0 45.0
121.0 133.0
237.0 0.0
22.0 4.0
216.0 171.0
17.0 45.0
108.0 71.0
155.0 42.0
191.0 79.0
165.0 188.0
151.0 37.0
74.0 58.0
82.0 193.0
41.0 237.0
178.0 86.0
19.0 188.0
52.0 21.0
226.0 63.0
163.0 85.0
168.0 191.0
153.0 242.0
62.0 50.0
196.0 89.0
36.0 91.0
40.0 169.0
68.0 95.0
228.0 55.0
183.0 55.0
34.0 238.0
228.0 144.0
239.0 134.0
126.0 128.0
163.0 139.0
56.0 161.0
184.0 166.0
76.0 207.0
55.0 208.0
28.0 136.0
112.0 4.0
106.0 124.0
63.0 212.0
36.0 24.0
76.0 45.0
159.0 215.0
236.0 156.0
215.0 226.0
203.0 90.0
241.0 249.0
23.0 225.0
34.0 243.0
55.0 149.0
185.0 90.0
75.0 247.0
25.0 135.0
159.0 93.0
118.0 222.0
28.0 43.0
10.0 142.0
74.0 240.0
243.0 12.0
136.0 50.0
222.0 112.0
120.0 34.0
71.0 76.0

186.0 134.0
226.0 20.0
148.0 137.0
70.0 156.0
28.0 127.0
181.0 148.0
138.0 223.0
35.0 66.0
62.0 12.0
162.0 166.0
163.0 42.0
136.0 138.0
180.0 169.0
219.0 217.0
221.0 23.0
71.0 16.0
125.0 68.0
231.0 13.0
114.0 144.0
128.0 195.0
102.0 84.0
188.0 136.0
238.0 179.0
209.0 166.0
86.0 197.0
192.0 26.0
219.0 134.0
135.0 25.0
246.0 220.0
134.0 247.0
154.0 42.0
177.0 184.0
104.0 158.0
91.0 195.0
204.0 177.0
140.0 90.0
30.0 84.0
134.0 85.0
36.0 121.0
157.0 38.0
226.0 167.0
139.0 129.0
124.0 23.0
40.0 224.0
61.0 200.0
213.0 246.0
156.0 201.0
93.0 153.0
135.0 42.0
163.0 210.0
17.0 169.0
230.0 52.0
177.0 51.0
64.0 83.0
168.0 39.0
58.0 108.0
210.0 176.0
113.0 75.0
87.0 84.0
8.0 233.0
22.0 63.0
93.0 207.0
93.0 145.0
185.0 153.0
158.0 50.0
125.0 139.0
243.0 6.0
27.0 9.0
221.0 176.0
22.0 49.0
112.0 76.0
160.0 47.0
197.0 84.0
170.0 193.0
157.0 42.0
79.0 62.0
87.0 198.0
46.0 242.0
183.0 91.0
24.0 192.0
58.0 27.0
231.0 68.0
167.0 91.0
173.0 197.0
159.0 247.0
67.0 55.0
201.0 94.0
42.0 97.0
44.0 174.0
72.0 99.0
233.0 61.0
188.0 59.0
39.0 244.0
234.0 150.0
245.0 140.0
132.0 133.0
169.0 145.0
61.0 165.0
189.0 172.0
81.0 212.0
61.0 213.0
32.0 142.0
116.0 9.0
110.0 130.0
69.0 217.0
41.0 30.0
81.0 49.0
163.0 220.0
241.0 161.0
219.0 231.0
207.0 96.0
246.0 255.0
28.0 230.0
40.0 248.0
60.0 154.0
190.0 95.0
80.0 253.0
30.0 140.0
163.0 99.0
124.0 227.0
33.0 48.0
15.0 147.0
79.0 245.0
249.0 16.0
141.0 54.0
227.0 117.0
125.0 39.0
76.0 82.0
