1
128 1 3.0 0.0 1000.0 3 160 240 100

6.5 13.5 29.3 58.5
13.0 27.0 58.5 117.0
19.5 40.5 87.8 175.5
26.0 54.0 117.0 234.0
39.0 81.0 175.5 351.0
52.0 108.0 234.0 468.0
58.5 121.5 263.3 526.5
65.0 135.0 292.5 585.0
78.0 162.0 351.0 702.0
0.0 180.0 390.0 780.0

2.0 5.0 8.0 11.0
5.0 8.0 11.0 14.0
9.0 12.0 15.0 18.0
11.0 14.0 17.0 20.0
15.0 18.0 21.0 24.0
18.0 21.0 24.0 27.0
20.0 23.0 26.0 29.0
25.0 28.0 31.0 34.0
29.0 32.0 35.0 38.0
0.0 34.0 37.0 40.0

223.0 134.0
35.0 158.0
168.0 96.0
243.0 21.0
198.0 13.0
150.0 228.0
149.0 56.0
167.0 223.0
189.0 69.0
73.0 128.0
112.0 176.0
83.0 153.0
65.0 82.0
199.0 238.0
65.0 149.0
4.0 52.0
242.0 163.0
91.0 10.0
27.0 236.0
152.0 65.0
91.0 129.0
52.0 86.0
155.0 76.0
26.0 171.0
67.0 17.0
213.0 93.0
166.0 191.0
34.0 114.0
199.0 122.0
248.0 226.0
172.0 80.0
78.0 183.0
52.0 169.0
105.0 12.0
50.0 5.0
208.0 236.0
42.0 4.0
114.0 121.0
232.0 119.0
219.0 72.0
230.0 180.0
109.0 92.0
36.0 40.0
75.0 58.0
220.0 57.0
180.0 120.0
161.0 4.0
27.0 92.0
29.0 40.0
188.0 4.0
218.0 227.0
47.0 74.0
65.0 92.0
156.0 148.0
179.0 93.0
219.0 222.0
82.0 127.0
183.0 237.0
121.0 44.0
191.0 130.0
232.0 186.0
223.0 206.0
126.0 54.0
78.0 187.0
106.0 234.0
138.0 134.0
226.0 54.0
190.0 225.0
109.0 244.0
130.0 188.0
13.0 186.0
196.0 35.0
87.0 156.0
178.0 236.0
40.0 12.0
122.0 117.0
32.0 115.0
114.0 9.0
132.0 54.0
31.0 32.0
33.0 92.0
207.0 188.0
243.0 31.0
41.0 4.0
68.0 27.0
125.0 39.0
225.0 187.0
22.0 117.0
32.0 109.0
165.0 216.0
138.0 59.0
128.0 9.0
110.0 78.0
111.0 115.0
223.0 88.0
19.0 169.0
133.0 164.0
100.0 153.0
169.0 172.0
152.0 224.0
34.0 46.0
127.0 94.0
39.0 56.0
27.0 86.0
30.0 197.0
50.0 43.0
246.0 175.0
243.0 79.0
164.0 6.0
243.0 242.0
180.0 71.0
10.0 183.0
62.0 27.0
240.0 41.0
141.0 23.0
228.0 10.0
58.0 13.0
26.0 163.0
170.0 244.0
10.0 141.0
29.0 69.0
85.0 142.0
186.0 45.0
31.0 199.0
100.0 96.0
75.0 59.0
29.0 71.0
73.0 29.0

228.0 139.0
39.0 162.0
173.0 101.0
247.0 26.0
203.0 19.0
154.0 233.0
154.0 62.0
173.0 228.0
194.0 74.0
79.0 133.0
118.0 182.0
88.0 159.0
69.0 86.0
203.0 243.0
71.0 153.0
8.0 57.0
248.0 168.0
95.0 14.0
32.0 240.0
156.0 70.0
96.0 133.0
57.0 92.0
160.0 81.0
31.0 175.0
73.0 23.0
218.0 98.0
172.0 197.0
39.0 118.0
204.0 127.0
254.0 232.0
177.0 85.0
83.0 189.0
56.0 174.0
110.0 18.0
55.0 11.0
212.0 242.0
46.0 10.0
118.0 126.0
237.0 125.0
223.0 77.0
234.0 185.0
115.0 96.0
41.0 45.0
81.0 63.0
224.0 61.0
186.0 124.0
166.0 9.0
31.0 96.0
35.0 45.0
194.0 9.0
223.0 232.0
52.0 80.0
70.0 97.0
161.0 154.0
183.0 97.0
224.0 226.0
87.0 132.0
188.0 242.0
127.0 49.0
196.0 136.0
236.0 191.0
228.0 212.0
131.0 59.0
82.0 192.0
111.0 240.0
143.0 138.0
230.0 59.0
196.0 230.0
114.0 249.0
135.0 193.0
18.0 191.0
202.0 40.0
92.0 161.0
184.0 242.0
44.0 17.0
127.0 122.0
38.0 120.0
119.0 14.0
138.0 60.0
37.0 38.0
39.0 96.0
212.0 193.0
249.0 35.0
45.0 8.0
73.0 31.0
131.0 44.0
229.0 191.0
27.0 123.0
36.0 113.0
171.0 222.0
142.0 64.0
132.0 13.0
115.0 83.0
117.0 119.0
229.0 93.0
23.0 174.0
137.0 169.0
104.0 157.0
173.0 177.0
157.0 228.0
39.0 51.0
132.0 100.0
44.0 60.0
32.0 90.0
35.0 201.0
55.0 47.0
252.0 180.0
248.0 84.0
168.0 10.0
248.0 247.0
185.0 75.0
16.0 188.0
66.0 32.0
245.0 46.0
145.0 29.0
233.0 15.0
63.0 19.0
32.0 169.0
175.0 248.0
16.0 147.0
34.0 74.0
90.0 146.0
191.0 49.0
36.0 203.0
105.0 101.0
80.0 64.0
35.0 75.0
79.0 34.0
