1
128 1 3.0 0.0 1000.0 3 160 240 100

6.5 13.5 29.3 58.5
13.0 27.0 58.5 117.0
19.5 40.5 87.8 175.5
26.0 54.0 117.0 234.0
39.0 81.0 175.5 351.0
52.0 108.0 234.0 468.0
58.5 121.5 263.3 526.5
65.0 135.0 292.5 585.0
78.0 162.0 351.0 702.0
0.0 180.0 390.0 780.0

2.0 5.0 8.0 11.0
5.0 8.0 11.0 14.0
9.0 12.0 15.0 18.0
11.0 14.0 17.0 20.0
15.0 18.0 21.0 24.0
18.0 21.0 24.0 27.0
20.0 23.0 26.0 29.0
25.0 28.0 31.0 34.0
29.0 32.0 35.0 38.0
0.0 34.0 37.0 40.0

191.0 141.0
224.0 75.0
128.0 232.0
13.0 89.0
188.0 238.0
58.0 175.0
201.0 148.0
173.0 100.0
73.0 127.0
241.0 30.0
202.0 35.0
81.0 54.0
201.0 28.0
241.0 55.0
42.0 55.0
102.0 65.0
40.0 165.0
240.0 17.0
173.0 81.0
81.0 146.0
14.0 72.0
151.0 95.0
163.0 190.0
95.0 86.0
75.0 54.0
137.0 103.0
46.0 109.0
25.0 60.0
126.0 156.0
20.0 22.0
98.0 240.0
79.0 101.0
172.0 25.0
193.0 192.0
146.0 144.0
129.0 59.0
73.0 37.0
172.0 65.0
45.0 99.0
1.0 167.0
24.0 72.0
151.0 118.0
194.0 109.0
84.0 94.0
142.0 51.0
193.0 79.0
220.0 5.0
132.0 107.0
22.0 112.0
180.0 57.0
197.0 233.0
144.0 222.0
156.0 57.0
149.0 238.0
33.0 237.0
184.0 210.0
69.0 190.0
132.0 242.0
151.0 33.0
26.0 94.0
68.0 171.0
133.0 35.0
74.0 124.0
242.0 2.0
206.0 9.0
115.0 5.0
62.0 108.0
117.0 7.0
115.0 79.0
114.0 98.0
156.0 122.0
4.0 77.0
48.0 18.0
123.0 115.0
17.0 238.0
4.0 11.0
39.0 154.0
99.0 66.0
176.0 190.0
88.0 235.0
33.0 61.0
235.0 191.0
79.0 53.0
52.0 85.0
119.0 140.0
113.0 31.0
40.0 248.0
149.0 195.0
240.0 90.0
120.0 171.0
241.0 11.0
60.0 126.0
12.0 143.0
239.0 35.0
143.0 179.0
56.0 105.0
10.0 192.0
110.0 96.0
189.0 190.0
221.0 245.0
163.0 190.0
216.0 141.0
171.0 155.0
139.0 129.0
132.0 179.0
81.0 206.0
134.0 141.0
140.0 129.0
23.0 100.0
105.0 57.0
205.0 23.0
243.0 85.0
98.0 233.0
150.0 99.0
199.0 54.0
177.0 216.0
77.0 162.0
18.0 77.0
150.0 249.0
91.0 151.0
165.0 125.0
181.0 202.0
125.0 237.0
92.0 181.0
194.0 133.0
154.0 80.0
212.0 182.0
221.0 136.0

196.0 146.0
229.0 81.0
132.0 237.0
19.0 94.0
193.0 243.0
63.0 179.0
205.0 153.0
178.0 105.0
79.0 132.0
245.0 34.0
208.0 41.0
86.0 60.0
206.0 32.0
246.0 60.0
46.0 61.0
107.0 71.0
46.0 170.0
246.0 22.0
177.0 87.0
87.0 150.0
18.0 77.0
157.0 100.0
168.0 195.0
99.0 92.0
80.0 59.0
142.0 108.0
51.0 114.0
30.0 65.0
131.0 161.0
26.0 27.0
103.0 246.0
83.0 106.0
176.0 30.0
197.0 198.0
150.0 150.0
134.0 65.0
79.0 41.0
176.0 69.0
50.0 104.0
5.0 171.0
29.0 78.0
157.0 123.0
198.0 115.0
89.0 99.0
147.0 57.0
199.0 84.0
224.0 11.0
137.0 112.0
28.0 117.0
185.0 61.0
203.0 238.0
149.0 228.0
162.0 62.0
153.0 244.0
38.0 243.0
190.0 215.0
73.0 196.0
138.0 246.0
157.0 39.0
31.0 100.0
74.0 176.0
139.0 40.0
80.0 129.0
248.0 8.0
210.0 15.0
120.0 9.0
67.0 113.0
121.0 13.0
120.0 85.0
119.0 104.0
160.0 126.0
10.0 81.0
53.0 23.0
128.0 120.0
22.0 243.0
9.0 15.0
45.0 160.0
104.0 71.0
180.0 195.0
92.0 240.0
37.0 67.0
241.0 197.0
85.0 58.0
56.0 90.0
124.0 146.0
117.0 36.0
44.0 252.0
154.0 200.0
245.0 96.0
126.0 177.0
246.0 16.0
65.0 131.0
17.0 147.0
244.0 40.0
148.0 184.0
61.0 110.0
16.0 196.0
114.0 101.0
195.0 194.0
226.0 251.0
169.0 194.0
220.0 147.0
176.0 160.0
145.0 135.0
137.0 184.0
86.0 210.0
139.0 146.0
146.0 134.0
28.0 105.0
109.0 62.0
210.0 28.0
247.0 90.0
102.0 237.0
155.0 104.0
205.0 59.0
182.0 221.0
83.0 167.0
24.0 83.0
155.0 253.0
95.0 155.0
169.0 130.0
186.0 207.0
129.0 242.0
97.0 187.0
199.0 139.0
160.0 84.0
218.0 187.0
226.0 141.0
