1
128 1 3.0 0.0 1000.0 3 160 240 100

6.5 13.5 29.3 58.5
13.0 27.0 58.5 117.0
19.5 40.5 87.8 175.5
26.0 54.0 117.0 234.0
39.0 81.0 175.5 351.0
52.0 108.0 234.0 468.0
58.5 121.5 263.3 526.5
65.0 135.0 292.5 585.0
78.0 162.0 351.0 702.0
0.0 180.0 390.0 780.0

2.0 5.0 8.0 11.0
5.0 8.0 11.0 14.0
9.0 12.0 15.0 18.0
11.0 14.0 17.0 20.0
15.0 18.0 21.0 24.0
18.0 21.0 24.0 27.0
20.0 23.0 26.0 29.0
25.0 28.0 31.0 34.0
29.0 32.0 35.0 38.0
0.0 34.0 37.0 40.0

137.0 79.0
181.0 95.0
156.0 175.0
223.0 138.0
210.0 94.0
200.0 243.0
14.0 73.0
177.0 244.0
174.0 132.0
155.0 121.0
225.0 13.0
88.0 211.0
30.0 238.0
140.0 81.0
168.0 146.0
56.0 194.0
229.0 42.0
123.0 42.0
244.0 182.0
211.0 230.0
54.0 105.0
245.0 85.0
232.0 165.0
245.0 144.0
217.0 150.0
121.0 206.0
169.0 202.0
21.0 194.0
63.0 71.0
28.0 126.0
160.0 22.0
121.0 72.0
6.0 72.0
99.0 19.0
214.0 234.0
220.0 143.0
60.0 78.0
157.0 43.0
9.0 169.0
150.0 47.0
104.0 41.0
52.0 39.0
183.0 176.0
49.0 28.0
245.0 2.0
130.0 30.0
51.0 246.0
187.0 129.0
160.0 56.0
219.0 140.0
107.0 86.0
132.0 125.0
43.0 79.0
241.0 68.0
190.0 32.0
96.0 63.0
25.0 94.0
89.0 226.0
197.0 156.0
118.0 34.0
201.0 158.0
129.0 182.0
200.0 207.0
178.0 59.0
130.0 138.0
222.0 21.0
113.0 5.0
146.0 215.0
192.0 3.0
121.0 5.0
21.0 169.0
166.0 111.0
170.0 12.0
132.0 159.0
43.0 35.0
118.0 110.0
185.0 163.0
154.0 151.0
120.0 174.0
27.0 149.0
108.0 35.0
233.0 98.0
87.0 93.0
36.0 61.0
76.0 153.0
246.0 163.0
162.0 32.0
83.0 239.0
235.0 232.0
96.0 86.0
220.0 202.0
147.0 49.0
84.0 202.0
40.0 4.0
244.0 115.0
188.0 100.0
47.0 110.0
22.0 198.0
50.0 104.0
159.0 244.0
153.0 55.0
151.0 134.0
193.0 183.0
220.0 191.0
182.0 246.0
172.0 181.0
151.0 108.0
11.0 113.0
176.0 96.0
84.0 127.0
177.0 15.0
138.0 96.0
169.0 189.0
12.0 111.0
200.0 14.0
213.0 96.0
24.0 29.0
211.0 115.0
124.0 111.0
101.0 235.0
245.0 171.0
77.0 116.0
185.0 86.0
238.0 96.0
141.0 122.0
55.0 43.0
209.0 198.0
142.0 126.0

141.0 85.0
187.0 100.0
161.0 179.0
229.0 143.0
214.0 99.0
205.0 248.0
18.0 78.0
181.0 248.0
179.0 136.0
160.0 125.0
231.0 18.0
94.0 217.0
35.0 243.0
145.0 85.0
173.0 151.0
61.0 200.0
234.0 47.0
128.0 47.0
249.0 187.0
217.0 236.0
59.0 109.0
250.0 90.0
236.0 170.0
249.0 149.0
221.0 156.0
126.0 211.0
175.0 207.0
25.0 200.0
68.0 76.0
32.0 132.0
165.0 28.0
126.0 77.0
11.0 77.0
103.0 23.0
220.0 239.0
226.0 147.0
64.0 84.0
162.0 48.0
13.0 174.0
154.0 52.0
108.0 45.0
58.0 44.0
188.0 181.0
55.0 34.0
250.0 7.0
135.0 35.0
56.0 252.0
191.0 133.0
166.0 62.0
223.0 145.0
111.0 91.0
136.0 130.0
48.0 84.0
246.0 73.0
194.0 36.0
102.0 68.0
29.0 100.0
94.0 231.0
202.0 160.0
123.0 39.0
206.0 163.0
134.0 187.0
204.0 212.0
183.0 63.0
135.0 142.0
226.0 26.0
118.0 10.0
151.0 220.0
197.0 8.0
125.0 10.0
26.0 175.0
171.0 117.0
174.0 18.0
137.0 165.0
49.0 39.0
123.0 115.0
189.0 168.0
158.0 156.0
124.0 179.0
32.0 153.0
113.0 41.0
238.0 103.0
92.0 98.0
40.0 65.0
81.0 159.0
251.0 168.0
167.0 36.0
88.0 245.0
240.0 236.0
100.0 92.0
224.0 206.0
152.0 55.0
89.0 207.0
45.0 10.0
249.0 120.0
193.0 106.0
52.0 116.0
26.0 203.0
55.0 110.0
164.0 250.0
157.0 60.0
156.0 139.0
197.0 187.0
225.0 196.0
186.0 251.0
177.0 186.0
156.0 112.0
15.0 118.0
182.0 100.0
90.0 133.0
182.0 21.0
144.0 101.0
175.0 193.0
17.0 116.0
206.0 18.0
217.0 101.0
29.0 35.0
215.0 119.0
130.0 116.0
106.0 239.0
249.0 176.0
81.0 120.0
190.0 91.0
244.0 101.0
147.0 126.0
59.0 49.0
214.0 203.0
148.0 131.0
