1
128 1 3.0 0.0 1000.0 3 160 240 100

6.5 13.5 29.3 58.5
13.0 27.0 58.5 117.0
19.5 40.5 87.8 175.5
26.0 54.0 117.0 234.0
39.0 81.0 175.5 351.0
52.0 108.0 234.0 468.0
58.5 121.5 263.3 526.5
65.0 135.0 292.5 585.0
78.0 162.0 351.0 702.0
0.0 180.0 390.0 780.0

2.0 5.0 8.0 11.0
5.0 8.0 11.0 14.0
9.0 12.0 15.0 18.0
11.0 14.0 17.0 20.0
15.0 18.0 21.0 24.0
18.0 21.0 24.0 27.0
20.0 23.0 26.0 29.0
25.0 28.0 31.0 34.0
29.0 32.0 35.0 38.0
0.0 34.0 37.0 40.0

108.0 144.0
175.0 103.0
48.0 192.0
39.0 136.0
166.0 32.0
242.0 28.0
95.0 232.0
67.0 199.0
110.0 248.0
175.0 212.0
69.0 45.0
60.0 206.0
24.0 163.0
42.0 55.0
134.0 60.0
202.0 127.0
44.0 142.0
202.0 69.0
216.0 183.0
15.0 118.0
13.0 162.0
137.0 239.0
137.0 107.0
178.0 207.0
114.0 84.0
34.0 68.0
32.0 68.0
157.0 220.0
108.0 184.0
2.0 166.0
180.0 191.0
42.0 66.0
45.0 80.0
53.0 9.0
134.0 23.0
198.0 4.0
79.0 171.0
212.0 247.0
6.0 163.0
116.0 24.0
15.0 224.0
132.0 191.0
45.0 83.0
84.0 214.0
203.0 220.0
107.0 88.0
137.0 36.0
55.0 233.0
161.0 98.0
75.0 75.0
82.0 164.0
85.0 25.0
52.0 14.0
21.0 183.0
47.0 185.0
216.0 135.0
139.0 238.0
129.0 4.0
58.0 39.0
186.0 23.0
87.0 71.0
70.0 168.0
147.0 106.0
82.0 227.0
0.0 155.0
53.0 234.0
53.0 133.0
57.0 13.0
58.0 44.0
3.0 133.0
77.0 239.0
9.0 144.0
127.0 175.0
3.0 32.0
237.0 123.0
68.0 122.0
230.0 97.0
117.0 248.0
74.0 102.0
32.0 50.0
236.0 93.0
224.0 83.0
15.0 105.0
131.0 226.0
161.0 80.0
234.0 207.0
136.0 240.0
228.0 96.0
188.0 131.0
62.0 214.0
226.0 74.0
98.0 191.0
47.0 32.0
239.0 227.0
11.0 235.0
149.0 183.0
115.0 216.0
31.0 175.0
166.0 217.0
220.0 165.0
128.0 229.0
185.0 114.0
245.0 25.0
65.0 48.0
109.0 69.0
198.0 233.0
156.0 11.0
172.0 194.0
158.0 59.0
204.0 139.0
39.0 46.0
16.0 152.0
217.0 102.0
131.0 85.0
193.0 145.0
139.0 143.0
185.0 204.0
235.0 229.0
170.0 172.0
181.0 139.0
11.0 138.0
150.0 76.0
147.0 246.0
216.0 189.0
145.0 130.0
63.0 217.0
230.0 230.0
59.0 101.0

114.0 148.0
179.0 108.0
52.0 198.0
45.0 141.0
172.0 36.0
246.0 33.0
100.0 237.0
72.0 203.0
115.0 253.0
179.0 217.0
74.0 50.0
66.0 211.0
29.0 168.0
47.0 59.0
140.0 64.0
207.0 133.0
49.0 147.0
206.0 74.0
220.0 187.0
20.0 124.0
18.0 168.0
142.0 243.0
142.0 112.0
182.0 212.0
119.0 89.0
39.0 73.0
37.0 72.0
162.0 225.0
113.0 189.0
7.0 171.0
186.0 196.0
48.0 71.0
51.0 85.0
59.0 14.0
139.0 28.0
203.0 9.0
85.0 176.0
217.0 253.0
11.0 168.0
121.0 29.0
20.0 228.0
137.0 196.0
49.0 89.0
90.0 219.0
207.0 224.0
113.0 93.0
141.0 41.0
61.0 238.0
166.0 102.0
80.0 79.0
87.0 169.0
90.0 31.0
56.0 20.0
26.0 188.0
52.0 190.0
222.0 139.0
144.0 243.0
134.0 8.0
63.0 45.0
191.0 27.0
93.0 76.0
76.0 173.0
153.0 110.0
86.0 233.0
6.0 159.0
57.0 238.0
58.0 137.0
63.0 17.0
62.0 50.0
8.0 138.0
81.0 244.0
15.0 149.0
132.0 180.0
9.0 36.0
242.0 129.0
73.0 127.0
234.0 101.0
123.0 253.0
79.0 107.0
37.0 54.0
240.0 98.0
229.0 89.0
20.0 110.0
136.0 231.0
166.0 86.0
239.0 211.0
142.0 245.0
234.0 100.0
192.0 136.0
68.0 219.0
231.0 79.0
104.0 196.0
51.0 36.0
244.0 232.0
16.0 239.0
155.0 187.0
120.0 221.0
37.0 181.0
171.0 222.0
225.0 170.0
132.0 234.0
190.0 118.0
251.0 31.0
71.0 53.0
113.0 73.0
203.0 238.0
160.0 17.0
177.0 199.0
163.0 63.0
209.0 145.0
44.0 50.0
21.0 156.0
221.0 106.0
136.0 89.0
198.0 150.0
144.0 148.0
190.0 209.0
240.0 233.0
174.0 177.0
186.0 145.0
16.0 142.0
156.0 81.0
153.0 251.0
222.0 193.0
150.0 134.0
68.0 222.0
235.0 236.0
63.0 106.0
