1
128 1 3.0 0.0 1000.0 3 160 240 100

6.5 13.5 29.3 58.5
13.0 27.0 58.5 117.0
19.5 40.5 87.8 175.5
26.0 54.0 117.0 234.0
39.0 81.0 175.5 351.0
52.0 108.0 234.0 468.0
58.5 121.5 263.3 526.5
65.0 135.0 292.5 585.0
78.0 162.0 351.0 702.0
0.0 180.0 390.0 780.0

2.0 5.0 8.0 11.0
5.0 8.0 11.0 14.0
9.0 12.0 15.0 18.0
11.0 14.0 17.0 20.0
15.0 18.0 21.0 24.0
18.0 21.0 24.0 27.0
20.0 23.0 26.0 29.0
25.0 28.0 31.0 34.0
29.0 32.0 35.0 38.0
0.0 34.0 37.0 40.0

146.0 133.0
8.0 81.0
195.0 105.0
246.0 232.0
31.0 152.0
70.0 114.0
68.0 155.0
97.0 45.0
90.0 29.0
124.0 28.0
247.0 38.0
198.0 192.0
96.0 183.0
110.0 84.0
73.0 247.0
197.0 190.0
54.0 145.0
152.0 103.0
239.0 39.0
128.0 98.0
171.0 250.0
190.0 147.0
233.0 46.0
29.0 20.0
54.0 211.0
128.0 122.0
68.0 101.0
148.0 89.0
4.0 220.0
120.0 177.0
182.0 140.0
81.0 68.0
43.0 182.0
105.0 32.0
121.0 52.0
245.0 176.0
45.0 221.0
230.0 94.0
142.0 121.0
33.0 35.0
91.0 76.0
37.0 9.0
103.0 159.0
53.0 97.0
174.0 14.0
26.0 246.0
24.0 225.0
58.0 181.0
141.0 131.0
229.0 117.0
177.0 47.0
194.0 248.0
226.0 174.0
172.0 91.0
106.0 22.0
197.0 33.0
70.0 7.0
90.0 27.0
170.0 174.0
168.0 166.0
87.0 84.0
29.0 208.0
17.0 183.0
32.0 150.0
62.0 72.0
206.0 50.0
85.0 127.0
76.0 77.0
99.0 241.0
4.0 103.0
30.0 46.0
181.0 203.0
48.0 236.0
223.0 234.0
183.0 219.0
131.0 9.0
33.0 128.0
217.0 95.0
177.0 8.0
105.0 122.0
208.0 99.0
41.0 26.0
120.0 165.0
5.0 219.0
116.0 144.0
227.0 248.0
168.0 216.0
221.0 47.0
28.0 169.0
74.0 235.0
155.0 49.0
221.0 174.0
127.0 99.0
70.0 127.0
125.0 81.0
86.0 99.0
181.0 134.0
70.0 72.0
163.0 126.0
117.0 103.0
55.0 19.0
113.0 112.0
132.0 99.0
137.0 207.0
212.0 203.0
243.0 244.0
212.0 168.0
118.0 110.0
63.0 19.0
217.0 27.0
92.0 237.0
247.0 3.0
40.0 4.0
220.0 113.0
208.0 135.0
74.0 96.0
26.0 233.0
214.0 76.0
150.0 130.0
92.0 27.0
16.0 48.0
47.0 164.0
96.0 152.0
157.0 244.0
121.0 56.0
196.0 98.0
177.0 91.0
82.0 247.0

151.0 137.0
14.0 85.0
200.0 110.0
251.0 237.0
36.0 157.0
75.0 118.0
73.0 159.0
102.0 51.0
96.0 33.0
128.0 33.0
252.0 43.0
202.0 197.0
100.0 187.0
116.0 88.0
78.0 251.0
201.0 195.0
60.0 150.0
157.0 108.0
244.0 43.0
134.0 103.0
176.0 256.0
196.0 153.0
237.0 51.0
34.0 26.0
58.0 217.0
133.0 126.0
73.0 107.0
152.0 94.0
9.0 225.0
124.0 183.0
187.0 144.0
86.0 72.0
47.0 188.0
111.0 38.0
126.0 56.0
249.0 181.0
50.0 227.0
235.0 100.0
147.0 126.0
39.0 41.0
95.0 82.0
43.0 14.0
108.0 163.0
59.0 102.0
178.0 20.0
32.0 250.0
29.0 229.0
63.0 186.0
147.0 136.0
234.0 123.0
181.0 53.0
200.0 252.0
230.0 178.0
177.0 95.0
110.0 27.0
203.0 38.0
74.0 13.0
94.0 32.0
176.0 179.0
174.0 171.0
91.0 88.0
34.0 213.0
22.0 187.0
38.0 155.0
66.0 78.0
211.0 55.0
91.0 131.0
81.0 82.0
104.0 246.0
9.0 108.0
36.0 52.0
186.0 207.0
52.0 241.0
229.0 239.0
187.0 225.0
137.0 14.0
38.0 132.0
222.0 99.0
183.0 14.0
109.0 126.0
213.0 104.0
45.0 32.0
125.0 170.0
10.0 223.0
122.0 149.0
233.0 253.0
173.0 222.0
226.0 52.0
33.0 174.0
80.0 240.0
160.0 54.0
225.0 179.0
133.0 104.0
76.0 132.0
129.0 87.0
91.0 104.0
187.0 139.0
76.0 77.0
167.0 130.0
122.0 108.0
61.0 24.0
119.0 117.0
136.0 104.0
142.0 211.0
217.0 207.0
247.0 249.0
218.0 172.0
124.0 115.0
68.0 24.0
222.0 32.0
96.0 241.0
251.0 8.0
46.0 10.0
225.0 117.0
213.0 141.0
79.0 101.0
32.0 237.0
218.0 80.0
154.0 136.0
97.0 31.0
22.0 54.0
52.0 169.0
102.0 157.0
161.0 249.0
126.0 60.0
201.0 103.0
182.0 96.0
88.0 253.0
