1
128 1 3.0 0.0 1000.0 3 160 240 100

6.5 13.5 29.3 58.5
13.0 27.0 58.5 117.0
19.5 40.5 87.8 175.5
26.0 54.0 117.0 234.0
39.0 81.0 175.5 351.0
52.0 108.0 234.0 468.0
58.5 121.5 263.3 526.5
65.0 135.0 292.5 585.0
78.0 162.0 351.0 702.0
0.0 180.0 390.0 780.0

2.0 5.0 8.0 11.0
5.0 8.0 11.0 14.0
9.0 12.0 15.0 18.0
11.0 14.0 17.0 20.0
15.0 18.0 21.0 24.0
18.0 21.0 24.0 27.0
20.0 23.0 26.0 29.0
25.0 28.0 31.0 34.0
29.0 32.0 35.0 38.0
0.0 34.0 37.0 40.0

228.0 223.0
102.0 131.0
224.0 134.0
152.0 97.0
22.0 9.0
16.0 133.0
32.0 44.0
49.0 17.0
166.0 145.0
105.0 177.0
244.0 106.0
85.0 60.0
67.0 232.0
18.0 220.0
48.0 248.0
87.0 14.0
54.0 132.0
40.0 70.0
205.0 93.0
5.0 31.0
166.0 220.0
46.0 127.0
59.0 130.0
94.0 191.0
154.0 25.0
208.0 51.0
77.0 108.0
183.0 49.0
94.0 143.0
90.0 223.0
60.0 242.0
127.0 45.0
229.0 28.0
250.0 129.0
141.0 134.0
87.0 152.0
153.0 68.0
225.0 53.0
200.0 22.0
5.0 125.0
236.0 38.0
30.0 173.0
66.0 226.0
152.0 244.0
140.0 76.0
29.0 223.0
140.0 184.0
117.0 169.0
71.0 52.0
80.0 70.0
50.0 179.0
120.0 17.0
128.0 196.0
53.0 86.0
228.0 160.0
30.0 67.0
134.0 129.0
109.0 200.0
22.0 4.0
186.0 185.0
64.0 147.0
117.0 243.0
230.0 115.0
180.0 122.0
206.0 162.0
72.0 216.0
163.0 223.0
208.0 38.0
171.0 145.0
157.0 110.0
132.0 15.0
108.0 137.0
133.0 221.0
54.0 141.0
226.0 220.0
234.0 48.0
169.0 25.0
144.0 43.0
245.0 17.0
14.0 50.0
78.0 202.0
215.0 25.0
185.0 158.0
87.0 48.0
55.0 171.0
55.0 31.0
129.0 160.0
131.0 146.0
86.0 36.0
49.0 169.0
184.0 208.0
14.0 217.0
200.0 8.0
167.0 195.0
78.0 131.0
147.0 72.0
203.0 222.0
205.0 157.0
53.0 90.0
145.0 127.0
3.0 66.0
159.0 104.0
166.0 86.0
202.0 167.0
173.0 159.0
116.0 201.0
138.0 178.0
19.0 107.0
110.0 91.0
21.0 153.0
109.0 32.0
193.0 105.0
178.0 51.0
202.0 49.0
191.0 164.0
168.0 166.0
197.0 232.0
37.0 0.0
183.0 27.0
140.0 101.0
161.0 117.0
121.0 208.0
73.0 38.0
21.0 230.0
62.0 35.0
71.0 72.0
212.0 192.0
116.0 181.0

233.0 227.0
106.0 136.0
228.0 139.0
156.0 101.0
27.0 13.0
22.0 138.0
37.0 50.0
54.0 23.0
172.0 150.0
109.0 181.0
249.0 111.0
91.0 65.0
72.0 237.0
23.0 225.0
53.0 254.0
92.0 19.0
60.0 136.0
45.0 75.0
210.0 98.0
9.0 36.0
170.0 225.0
50.0 133.0
65.0 135.0
99.0 197.0
159.0 29.0
214.0 56.0
83.0 113.0
187.0 53.0
98.0 148.0
95.0 227.0
65.0 247.0
132.0 50.0
234.0 33.0
255.0 134.0
145.0 139.0
93.0 158.0
159.0 74.0
230.0 59.0
205.0 27.0
11.0 131.0
241.0 44.0
35.0 178.0
71.0 231.0
157.0 248.0
144.0 81.0
33.0 229.0
144.0 189.0
123.0 175.0
77.0 57.0
84.0 74.0
55.0 184.0
125.0 23.0
134.0 201.0
58.0 92.0
234.0 164.0
36.0 72.0
138.0 134.0
113.0 205.0
27.0 9.0
191.0 190.0
68.0 152.0
121.0 247.0
235.0 119.0
184.0 128.0
210.0 166.0
78.0 221.0
168.0 228.0
213.0 43.0
177.0 151.0
163.0 116.0
136.0 20.0
113.0 142.0
139.0 227.0
59.0 146.0
231.0 225.0
238.0 54.0
174.0 29.0
150.0 49.0
249.0 22.0
19.0 56.0
83.0 206.0
219.0 31.0
191.0 164.0
91.0 54.0
59.0 176.0
60.0 37.0
134.0 164.0
137.0 152.0
90.0 40.0
54.0 173.0
189.0 212.0
19.0 222.0
204.0 13.0
172.0 199.0
82.0 136.0
152.0 76.0
207.0 227.0
211.0 162.0
58.0 95.0
150.0 132.0
7.0 71.0
164.0 109.0
172.0 92.0
207.0 171.0
179.0 165.0
121.0 205.0
143.0 182.0
23.0 112.0
114.0 96.0
26.0 158.0
114.0 38.0
198.0 110.0
184.0 55.0
208.0 54.0
197.0 169.0
172.0 172.0
202.0 237.0
41.0 5.0
189.0 31.0
145.0 106.0
165.0 122.0
126.0 214.0
78.0 44.0
25.0 236.0
68.0 41.0
76.0 77.0
217.0 197.0
121.0 187.0
