1
128 1 3.0 0.0 1000.0 3 160 240 100

6.5 13.5 29.3 58.5
13.0 27.0 58.5 117.0
19.5 40.5 87.8 175.5
26.0 54.0 117.0 234.0
39.0 81.0 175.5 351.0
52.0 108.0 234.0 468.0
58.5 121.5 263.3 526.5
65.0 135.0 292.5 585.0
78.0 162.0 351.0 702.0
0.0 180.0 390.0 780.0

2.0 5.0 8.0 11.0
5.0 8.0 11.0 14.0
9.0 12.0 15.0 18.0
11.0 14.0 17.0 20.0
15.0 18.0 21.0 24.0
18.0 21.0 24.0 27.0
20.0 23.0 26.0 29.0
25.0 28.0 31.0 34.0
29.0 32.0 35.0 38.0
0.0 34.0 37.0 40.0

227.0 235.0
111.0 52.0
36.0 160.0
8.0 235.0
29.0 41.0
153.0 98.0
201.0 122.0
220.0 57.0
4.0 146.0
74.0 145.0
17.0 53.0
182.0 237.0
243.0 60.0
10.0 193.0
139.0 211.0
39.0 34.0
45.0 41.0
105.0 93.0
6.0 76.0
95.0 119.0
38.0 185.0
51.0 145.0
181.0 123.0
100.0 243.0
36.0 166.0
145.0 96.0
246.0 50.0
98.0 120.0
243.0 233.0
223.0 205.0
100.0 82.0
234.0 186.0
181.0 109.0
109.0 222.0
53.0 242.0
123.0 86.0
229.0 146.0
194.0 162.0
85.0 179.0
170.0 21.0
134.0 133.0
23.0 9.0
141.0 224.0
209.0 84.0
124.0 110.0
21.0 214.0
99.0 8.0
89.0 203.0
3.0 80.0
218.0 118.0
16.0 39.0
84.0 73.0
93.0 239.0
123.0 166.0
53.0 113.0
244.0 192.0
161.0 86.0
88.0 56.0
178.0 175.0
70.0 141.0
187.0 68.0
72.0 174.0
41.0 3.0
138.0 218.0
122.0 101.0
158.0 210.0
136.0 112.0
39.0 57.0
243.0 112.0
198.0 67.0
133.0 218.0
18.0 113.0
230.0 231.0
224.0 193.0
240.0 172.0
187.0 128.0
108.0 233.0
244.0 218.0
240.0 216.0
177.0 206.0
155.0 139.0
41.0 1.0
65.0 189.0
122.0 128.0
170.0 71.0
105.0 237.0
33.0 72.0
76.0 23.0
212.0 6.0
84.0 233.0
124.0 232.0
14.0 29.0
199.0 42.0
107.0 226.0
178.0 239.0
20.0 58.0
229.0 58.0
122.0 130.0
124.0 151.0
53.0 55.0
6.0 142.0
116.0 85.0
132.0 115.0
152.0 105.0
242.0 155.0
94.0 165.0
51.0 180.0
222.0 41.0
162.0 69.0
195.0 148.0
8.0 185.0
7.0 148.0
239.0 189.0
61.0 203.0
58.0 102.0
139.0 110.0
28.0 150.0
91.0 120.0
238.0 213.0
132.0 66.0
228.0 48.0
209.0 224.0
170.0 229.0
199.0 153.0
100.0 91.0
13.0 75.0
68.0 5.0
12.0 153.0

232.0 240.0
116.0 58.0
42.0 165.0
14.0 239.0
34.0 46.0
158.0 102.0
207.0 128.0
225.0 62.0
10.0 151.0
79.0 151.0
22.0 58.0
188.0 243.0
248.0 65.0
15.0 198.0
144.0 216.0
43.0 39.0
51.0 47.0
111.0 98.0
10.0 82.0
99.0 124.0
43.0 190.0
57.0 150.0
187.0 127.0
105.0 248.0
41.0 170.0
150.0 102.0
250.0 55.0
103.0 125.0
248.0 238.0
228.0 209.0
104.0 88.0
239.0 191.0
185.0 113.0
114.0 227.0
58.0 248.0
128.0 91.0
235.0 151.0
200.0 168.0
90.0 184.0
174.0 26.0
138.0 139.0
28.0 13.0
146.0 230.0
215.0 90.0
130.0 115.0
26.0 219.0
104.0 12.0
94.0 208.0
8.0 84.0
223.0 123.0
21.0 44.0
90.0 77.0
97.0 244.0
128.0 172.0
58.0 118.0
249.0 197.0
166.0 91.0
94.0 61.0
184.0 180.0
75.0 146.0
192.0 74.0
78.0 179.0
45.0 7.0
142.0 224.0
127.0 106.0
162.0 214.0
142.0 118.0
44.0 62.0
249.0 117.0
203.0 72.0
138.0 222.0
24.0 118.0
235.0 236.0
228.0 197.0
244.0 177.0
192.0 134.0
114.0 237.0
248.0 223.0
244.0 221.0
183.0 211.0
159.0 143.0
45.0 6.0
70.0 194.0
126.0 133.0
175.0 77.0
109.0 242.0
39.0 78.0
81.0 28.0
218.0 11.0
89.0 238.0
129.0 238.0
19.0 33.0
204.0 47.0
111.0 230.0
184.0 244.0
25.0 64.0
233.0 62.0
126.0 134.0
130.0 157.0
58.0 60.0
11.0 146.0
120.0 90.0
138.0 120.0
158.0 110.0
246.0 161.0
98.0 169.0
55.0 185.0
227.0 47.0
167.0 75.0
200.0 154.0
12.0 191.0
12.0 153.0
243.0 194.0
65.0 208.0
63.0 106.0
143.0 115.0
33.0 155.0
96.0 125.0
244.0 218.0
137.0 72.0
233.0 52.0
214.0 229.0
175.0 235.0
204.0 158.0
105.0 96.0
17.0 79.0
73.0 11.0
16.0 158.0
