1
128 1 3.0 0.0 1000.0 3 160 240 100

6.5 13.5 29.3 58.5
13.0 27.0 58.5 117.0
19.5 40.5 87.8 175.5
26.0 54.0 117.0 234.0
39.0 81.0 175.5 351.0
52.0 108.0 234.0 468.0
58.5 121.5 263.3 526.5
65.0 135.0 292.5 585.0
78.0 162.0 351.0 702.0
0.0 180.0 390.0 780.0

2.0 5.0 8.0 11.0
5.0 8.0 11.0 14.0
9.0 12.0 15.0 18.0
11.0 14.0 17.0 20.0
15.0 18.0 21.0 24.0
18.0 21.0 24.0 27.0
20.0 23.0 26.0 29.0
25.0 28.0 31.0 34.0
29.0 32.0 35.0 38.0
0.0 34.0 37.0 40.0

64.0 106.0
19.0 207.0
44.0 240.0
134.0 120.0
158.0 67.0
125.0 42.0
79.0 13.0
245.0 132.0
71.0 131.0
120.0 67.0
32.0 124.0
99.0 157.0
49.0 135.0
212.0 9.0
47.0 126.0
128.0 96.0
228.0 243.0
62.0 173.0
17.0 153.0
155.0 19.0
75.0 96.0
146.0 85.0
238.0 8.0
241.0 132.0
48.0 116.0
118.0 72.0
115.0 200.0
98.0 235.0
115.0 68.0
57.0 125.0
22.0 65.0
208.0 34.0
2.0 19.0
232.0 192.0
210.0 92.0
2.0 196.0
33.0 56.0
239.0 24.0
129.0 76.0
245.0 8.0
211.0 158.0
155.0 183.0
33.0 221.0
238.0 22.0
143.0 67.0
71.0 102.0
10.0 82.0
217.0 67.0
193.0 73.0
137.0 77.0
46.0 203.0
70.0 234.0
244.0 43.0
239.0 38.0
7.0 85.0
5.0 236.0
178.0 107.0
185.0 12.0
156.0 112.0
41.0 240.0
216.0 105.0
28.0 122.0
92.0 53.0
186.0 69.0
232.0 175.0
138.0 12.0
222.0 19.0
197.0 134.0
170.0 110.0
173.0 73.0
158.0 247.0
26.0 228.0
193.0 105.0
45.0 85.0
139.0 95.0
100.0 59.0
173.0 21.0
25.0 165.0
134.0 105.0
33.0 131.0
175.0 40.0
111.0 130.0
223.0 31.0
171.0 130.0
26.0 89.0
23.0 165.0
153.0 188.0
76.0 150.0
128.0 151.0
209.0 159.0
173.0 11.0
86.0 171.0
110.0 97.0
239.0 88.0
42.0 190.0
66.0 135.0
216.0 158.0
198.0 79.0
76.0 9.0
238.0 14.0
41.0 164.0
226.0 9.0
111.0 15.0
197.0 240.0
249.0 174.0
54.0 40.0
247.0 139.0
9.0 111.0
140.0 122.0
184.0 192.0
21.0 154.0
249.0 69.0
192.0 104.0
69.0 93.0
110.0 73.0
109.0 205.0
214.0 188.0
186.0 28.0
202.0 140.0
209.0 129.0
218.0 106.0
109.0 158.0
157.0 18.0
223.0 73.0
150.0 217.0
220.0 39.0
86.0 55.0
201.0 102.0

69.0 111.0
24.0 212.0
49.0 244.0
138.0 125.0
164.0 72.0
131.0 47.0
85.0 19.0
251.0 137.0
77.0 136.0
126.0 73.0
37.0 128.0
104.0 162.0
55.0 141.0
218.0 14.0
51.0 130.0
133.0 101.0
233.0 249.0
66.0 177.0
23.0 158.0
160.0 25.0
80.0 102.0
151.0 91.0
243.0 13.0
246.0 137.0
53.0 121.0
123.0 77.0
120.0 205.0
103.0 240.0
119.0 72.0
63.0 130.0
28.0 70.0
213.0 39.0
7.0 24.0
237.0 198.0
216.0 97.0
7.0 202.0
37.0 62.0
244.0 29.0
134.0 80.0
250.0 12.0
216.0 164.0
160.0 188.0
38.0 225.0
242.0 27.0
149.0 72.0
76.0 107.0
14.0 88.0
222.0 72.0
199.0 78.0
141.0 82.0
52.0 208.0
76.0 239.0
249.0 47.0
245.0 42.0
13.0 90.0
9.0 241.0
183.0 112.0
190.0 16.0
162.0 117.0
47.0 246.0
221.0 111.0
34.0 127.0
96.0 58.0
191.0 74.0
236.0 179.0
143.0 16.0
227.0 24.0
202.0 138.0
176.0 115.0
178.0 78.0
163.0 253.0
31.0 232.0
198.0 111.0
51.0 90.0
143.0 100.0
105.0 65.0
178.0 27.0
31.0 170.0
140.0 110.0
38.0 136.0
181.0 45.0
116.0 136.0
229.0 37.0
176.0 135.0
32.0 94.0
29.0 171.0
158.0 193.0
81.0 155.0
134.0 157.0
214.0 164.0
178.0 15.0
92.0 177.0
116.0 102.0
245.0 94.0
47.0 195.0
71.0 140.0
220.0 163.0
203.0 85.0
80.0 14.0
243.0 18.0
46.0 168.0
231.0 13.0
115.0 21.0
203.0 245.0
254.0 180.0
58.0 45.0
252.0 143.0
15.0 117.0
144.0 127.0
188.0 196.0
26.0 159.0
254.0 74.0
196.0 109.0
74.0 99.0
115.0 78.0
113.0 210.0
218.0 193.0
191.0 32.0
206.0 146.0
213.0 133.0
223.0 112.0
114.0 163.0
161.0 23.0
228.0 77.0
154.0 221.0
225.0 44.0
92.0 60.0
206.0 107.0
