1
128 1 3.0 0.0 1000.0 3 160 240 100

6.5 13.5 29.3 58.5
13.0 27.0 58.5 117.0
19.5 40.5 87.8 175.5
26.0 54.0 117.0 234.0
39.0 81.0 175.5 351.0
52.0 108.0 234.0 468.0
58.5 121.5 263.3 526.5
65.0 135.0 292.5 585.0
78.0 162.0 351.0 702.0
0.0 180.0 390.0 780.0

2.0 5.0 8.0 11.0
5.0 8.0 11.0 14.0
9.0 12.0 15.0 18.0
11.0 14.0 17.0 20.0
15.0 18.0 21.0 24.0
18.0 21.0 24.0 27.0
20.0 23.0 26.0 29.0
25.0 28.0 31.0 34.0
29.0 32.0 35.0 38.0
0.0 34.0 37.0 40.0

191.0 116.0
92.0 228.0
21.0 129.0
107.0 191.0
34.0 248.0
170.0 127.0
116.0 29.0
240.0 6.0
159.0 190.0
29.0 44.0
224.0 210.0
84.0 19.0
190.0 191.0
225.0 130.0
15.0 59.0
233.0 21.0
24.0 9.0
237.0 139.0
218.0 162.0
77.0 184.0
137.0 190.0
205.0 198.0
158.0 18.0
32.0 158.0
128.0 240.0
168.0 11.0
84.0 204.0
71.0 146.0
107.0 67.0
189.0 97.0
154.0 120.0
223.0 102.0
68.0 64.0
241.0 210.0
220.0 186.0
126.0 151.0
110.0 203.0
221.0 57.0
19.0 125.0
34.0 127.0
137.0 25.0
228.0 181.0
162.0 189.0
148.0 94.0
158.0 151.0
224.0 153.0
35.0 226.0
137.0 230.0
72.0 172.0
200.0 176.0
233.0 193.0
230.0 193.0
45.0 71.0
229.0 242.0
175.0 250.0
16.0 96.0
121.0 25.0
29.0 218.0
241.0 58.0
46.0 225.0
187.0 227.0
159.0 215.0
87.0 160.0
150.0 108.0
161.0 102.0
217.0 145.0
245.0 61.0
63.0 76.0
33.0 37.0
185.0 63.0
138.0 138.0
2.0 181.0
141.0 5.0
21.0 195.0
135.0 5.0
66.0 102.0
34.0 200.0
141.0 2.0
26.0 209.0
76.0 156.0
82.0 73.0
156.0 173.0
24.0 128.0
244.0 53.0
172.0 123.0
246.0 165.0
202.0 197.0
33.0 2.0
139.0 92.0
45.0 166.0
199.0 90.0
89.0 60.0
53.0 166.0
150.0 104.0
106.0 231.0
122.0 86.0
224.0 74.0
149.0 81.0
136.0 8.0
104.0 183.0
69.0 201.0
28.0 103.0
211.0 68.0
171.0 2.0
198.0 93.0
90.0 237.0
83.0 63.0
82.0 24.0
111.0 228.0
2.0 58.0
134.0 229.0
144.0 215.0
116.0 184.0
107.0 27.0
196.0 165.0
188.0 151.0
104.0 62.0
113.0 162.0
58.0 195.0
7.0 17.0
47.0 62.0
53.0 135.0
245.0 182.0
108.0 82.0
102.0 71.0
111.0 163.0
220.0 170.0
159.0 42.0

196.0 122.0
96.0 234.0
26.0 134.0
112.0 196.0
39.0 253.0
175.0 132.0
121.0 34.0
245.0 12.0
163.0 195.0
35.0 49.0
228.0 214.0
90.0 25.0
195.0 196.0
230.0 136.0
20.0 63.0
239.0 27.0
29.0 14.0
243.0 143.0
223.0 167.0
83.0 188.0
142.0 196.0
211.0 202.0
164.0 23.0
36.0 163.0
132.0 244.0
173.0 15.0
89.0 209.0
77.0 151.0
112.0 71.0
195.0 101.0
160.0 125.0
228.0 108.0
72.0 70.0
246.0 215.0
226.0 190.0
132.0 157.0
115.0 209.0
225.0 63.0
24.0 130.0
38.0 132.0
141.0 30.0
233.0 185.0
167.0 193.0
153.0 99.0
163.0 156.0
228.0 157.0
41.0 230.0
142.0 235.0
77.0 177.0
206.0 181.0
237.0 197.0
236.0 198.0
50.0 77.0
234.0 248.0
179.0 256.0
20.0 101.0
126.0 30.0
33.0 223.0
246.0 63.0
52.0 230.0
192.0 231.0
164.0 221.0
92.0 165.0
156.0 112.0
166.0 107.0
222.0 150.0
250.0 66.0
68.0 81.0
38.0 43.0
190.0 68.0
143.0 144.0
6.0 186.0
146.0 10.0
26.0 201.0
141.0 11.0
72.0 107.0
40.0 206.0
146.0 6.0
32.0 215.0
81.0 161.0
88.0 78.0
162.0 178.0
29.0 133.0
249.0 58.0
176.0 128.0
250.0 169.0
206.0 202.0
38.0 7.0
145.0 97.0
50.0 170.0
203.0 95.0
94.0 64.0
57.0 172.0
155.0 109.0
111.0 235.0
128.0 90.0
229.0 79.0
155.0 86.0
142.0 13.0
108.0 189.0
74.0 206.0
33.0 107.0
216.0 73.0
177.0 6.0
202.0 98.0
95.0 242.0
89.0 67.0
86.0 29.0
115.0 233.0
8.0 63.0
140.0 234.0
149.0 219.0
122.0 189.0
112.0 31.0
202.0 170.0
194.0 156.0
109.0 68.0
118.0 166.0
64.0 199.0
13.0 23.0
52.0 67.0
57.0 141.0
250.0 187.0
113.0 88.0
107.0 75.0
116.0 168.0
225.0 175.0
164.0 47.0
