1
128 1 3.0 0.0 1000.0 3 160 240 100

6.5 13.5 29.3 58.5
13.0 27.0 58.5 117.0
19.5 40.5 87.8 175.5
26.0 54.0 117.0 234.0
39.0 81.0 175.5 351.0
52.0 108.0 234.0 468.0
58.5 121.5 263.3 526.5
65.0 135.0 292.5 585.0
78.0 162.0 351.0 702.0
0.0 180.0 390.0 780.0

2.0 5.0 8.0 11.0
5.0 8.0 11.0 14.0
9.0 12.0 15.0 18.0
11.0 14.0 17.0 20.0
15.0 18.0 21.0 24.0
18.0 21.0 24.0 27.0
20.0 23.0 26.0 29.0
25.0 28.0 31.0 34.0
29.0 32.0 35.0 38.0
0.0 34.0 37.0 40.0

241.0 181.0
32.0 93.0
77.0 136.0
170.0 158.0
170.0 9.0
166.0 13.0
187.0 75.0
9.0 172.0
90.0 177.0
1.0 66.0
229.0 114.0
55.0 176.0
249.0 110.0
170.0 31.0
159.0 174.0
212.0 171.0
4.0 30.0
207.0 22.0
102.0 55.0
173.0 162.0
168.0 16.0
59.0 45.0
168.0 181.0
178.0 41.0
80.0 212.0
112.0 228.0
58.0 46.0
77.0 189.0
27.0 46.0
95.0 92.0
88.0 242.0
108.0 207.0
146.0 92.0
244.0 6.0
248.0 187.0
238.0 118.0
178.0 204.0
105.0 177.0
177.0 183.0
194.0 186.0
196.0 28.0
83.0 76.0
184.0 185.0
77.0 216.0
194.0 48.0
142.0 152.0
178.0 139.0
166.0 223.0
141.0 10.0
250.0 220.0
137.0 30.0
43.0 75.0
153.0 121.0
213.0 154.0
249.0 7.0
168.0 4.0
125.0 133.0
20.0 245.0
86.0 215.0
19.0 100.0
231.0 198.0
67.0 111.0
196.0 202.0
184.0 167.0
144.0 114.0
143.0 26.0
235.0 32.0
25.0 60.0
108.0 88.0
48.0 52.0
15.0 231.0
31.0 138.0
241.0 136.0
223.0 93.0
89.0 178.0
249.0 197.0
188.0 9.0
9.0 239.0
7.0 81.0
162.0 19.0
1.0 247.0
168.0 45.0
102.0 163.0
130.0 150.0
127.0 16.0
38.0 100.0
200.0 162.0
38.0 46.0
115.0 71.0
195.0 20.0
120.0 48.0
7.0 195.0
182.0 247.0
250.0 239.0
81.0 67.0
54.0 108.0
6.0 85.0
153.0 226.0
156.0 231.0
78.0 39.0
116.0 229.0
134.0 245.0
143.0 149.0
32.0 73.0
18.0 210.0
151.0 41.0
214.0 52.0
178.0 187.0
165.0 249.0
222.0 73.0
247.0 153.0
28.0 186.0
162.0 206.0
12.0 168.0
180.0 208.0
113.0 111.0
69.0 34.0
63.0 229.0
43.0 161.0
197.0 20.0
182.0 140.0
23.0 107.0
26.0 235.0
59.0 241.0
170.0 247.0
15.0 27.0
206.0 109.0
224.0 246.0

247.0 186.0
36.0 97.0
82.0 141.0
175.0 162.0
174.0 14.0
172.0 19.0
191.0 81.0
14.0 177.0
95.0 181.0
6.0 70.0
234.0 118.0
60.0 182.0
253.0 115.0
174.0 37.0
165.0 179.0
218.0 177.0
9.0 34.0
211.0 28.0
108.0 60.0
179.0 166.0
172.0 22.0
65.0 51.0
172.0 185.0
183.0 45.0
85.0 216.0
117.0 233.0
64.0 51.0
82.0 194.0
32.0 51.0
101.0 96.0
92.0 247.0
112.0 212.0
151.0 98.0
248.0 10.0
253.0 192.0
243.0 123.0
183.0 208.0
110.0 182.0
183.0 188.0
200.0 191.0
202.0 34.0
88.0 82.0
189.0 189.0
82.0 220.0
198.0 52.0
147.0 157.0
183.0 144.0
171.0 228.0
146.0 14.0
255.0 226.0
142.0 35.0
47.0 81.0
158.0 126.0
218.0 159.0
254.0 11.0
174.0 9.0
130.0 139.0
24.0 249.0
92.0 221.0
25.0 106.0
237.0 203.0
72.0 116.0
202.0 207.0
189.0 172.0
149.0 119.0
149.0 30.0
239.0 37.0
29.0 66.0
113.0 92.0
53.0 56.0
19.0 236.0
37.0 143.0
245.0 141.0
228.0 98.0
94.0 182.0
253.0 203.0
194.0 13.0
14.0 244.0
12.0 86.0
167.0 25.0
5.0 253.0
173.0 50.0
107.0 169.0
135.0 155.0
132.0 21.0
42.0 104.0
205.0 167.0
43.0 51.0
121.0 76.0
201.0 25.0
126.0 54.0
13.0 199.0
187.0 252.0
256.0 244.0
86.0 72.0
59.0 112.0
12.0 89.0
158.0 231.0
161.0 237.0
83.0 44.0
120.0 234.0
140.0 249.0
147.0 153.0
37.0 78.0
23.0 216.0
156.0 45.0
219.0 58.0
182.0 192.0
171.0 253.0
227.0 79.0
252.0 157.0
34.0 191.0
166.0 211.0
17.0 174.0
185.0 212.0
118.0 116.0
75.0 38.0
68.0 233.0
48.0 165.0
202.0 24.0
187.0 146.0
27.0 112.0
31.0 240.0
65.0 245.0
175.0 253.0
20.0 31.0
210.0 114.0
230.0 251.0
